,Mycobacterium_hominissuis,Mycobacterium_colombiense,Mycobacteroides_massiliense,Mycobacterium_yongonense,Mycobacterium_chimaera,Mycobacterium_dioxanotrophicus,Mycobacterium_intracellulare,Mycobacterium_marseillense,Mycobacterium_shinshuense,Mycobacterium_shigaense,Mycobacteroides_abscessus,Mycobacterium_leprae,Mycobacterium_pseudoshottsii,Mycobacteroides_bolletii,Mycolicibacterium_neoaurum,Mycobacterium_marinum,Mycobacterium_paragordonae,Mycobacterium_avium,Mycolicibacterium_smegmatis,Mycobacteroides_chelonae,Mycolicibacterium_vaccae,Mycobacteroides_immunogenum,Mycolicibacterium_phlei,Mycobacteroides_saopaulense,Mycobacterium_lepromatosis,Mycolicibacterium_fortuitum,Mycolicibacterium_diernhoferi,Mycolicibacterium_pallens,Mycobacterium_shottsii,Mycolicibacter_heraklionensis,Mycolicibacterium_holsaticum,Mycobacterium_malmoense,Mycolicibacterium_senegalense,Mycolicibacterium_farcinogenes,Mycobacterium_ulcerans,Mycobacterium_spongiae,Mycolicibacterium_phocaicum,Mycolicibacterium_crocinum,Mycolicibacterium_goodii,Mycolicibacillus_parakoreensis,Mycobacterium_kansasii,Mycobacterium_ostraviense,Mycolicibacterium_rufum,Mycobacterium_kubicae,Mycolicibacterium_mengxianglii,Mycolicibacterium_baixiangningiae,Mycobacterium_heckeshornense,Mycolicibacterium_boenickei,Mycobacterium_gordonae,Mycobacterium_paraintracellulare,Mycobacterium_lentiflavum,Mycolicibacter_virginiensis,Mycolicibacterium_thermoresistibile,Mycolicibacter_terrae,Mycobacterium_basiliense,Mycolicibacterium_hassiacum,Mycolicibacterium_aurum,Mycolicibacterium_chitae,Mycolicibacterium_vanbaalenii,Mycolicibacterium_aubagnense,Mycolicibacterium_chubuense,Mycobacterium_liflandii,Mycolicibacterium_rhodesiae,Mycolicibacter_sinensis,Mycolicibacterium_gilvum,Mycobacterium_haemophilum,Mycobacterium_paraterrae,Mycolicibacterium_brumae,Mycolicibacterium_monacense,Mycobacterium_xenopi,Mycolicibacterium_parafortuitum,Mycolicibacterium_pulveris,Mycolicibacterium_tokaiense,Mycolicibacterium_moriokaense,Mycolicibacterium_aichiense,Mycobacterium_novum,Mycolicibacterium_duvalii,Mycolicibacterium_fallax,Mycolicibacterium_alvei,Mycobacterium_simiae,Mycobacterium_noviomagense,Mycobacterium_paraseoulense,Mycolicibacterium_litorale,Mycobacterium_stomatepiae,Mycolicibacterium_sediminis,Mycolicibacter_minnesotensis,Mycobacterium_mantenii,Mycolicibacterium_celeriflavum,Mycolicibacterium_arabiense,Mycolicibacillus_koreensis,Mycolicibacterium_anyangense,Mycolicibacterium_sarraceniae,Mycolicibacterium_helvum,Mycolicibacterium_insubricum,Mycolicibacterium_mageritense,Mycobacterium_seoulense,Mycobacterium_lacus,Mycobacterium_cookii,Mycolicibacterium_doricum,Mycolicibacterium_poriferae,Mycobacterium_branderi,Mycolicibacterium_gadium,Mycobacterium_saskatchewanense,Mycolicibacterium_psychrotolerans,Mycolicibacter_hiberniae,Mycolicibacterium_madagascariense,Mycolicibacterium_confluentis,Mycobacterium_shinjukuense,Mycobacterium_conspicuum,Mycobacterium_florentinum,Mycobacterium_parmense,Mycobacterium_heidelbergense,Mycobacterium_grossiae,Mycobacteroides_salmoniphilum,Mycolicibacterium_mucogenicum,Mycobacterium_vicinigordonae,Mycolicibacterium_nivoides,Mycolicibacterium_rutilum,Mycolicibacterium_fluoranthenivorans,Mycobacterium_senriense,Mycolicibacterium_septicum,Mycobacterium_riyadhense,Mycobacterium_frederiksbergense,Mycolicibacter_arupensis,Mycolicibacterium_hodleri,Mycolicibacterium_cosmeticum,Mycobacterium_helveticum,Mycolicibacter_kumamotonensis,Mycolicibacterium_agri,Mycolicibacterium_murale,Mycolicibacter_senuensis,Mycobacterium_botniense,Mycolicibacter_algericus,Mycobacterium_bourgelatii,Mycolicibacterium_hippocampi,Mycobacterium_timonense,Mycobacteroides_franklinii,Mycolicibacterium_peregrinum,Mycolicibacterium_xanthum,Mycolicibacterium_lutetiense,Mycolicibacter_acidiphilus,Mycolicibacterium_iranicum,Mycolicibacterium_sphagni,Mycolicibacterium_vinylchloridicum,Mycobacterium_kyogaense,Mycobacterium_montefiorense,Mycobacterium_persicum,Mycobacterium_celatum,Mycolicibacterium_elephantis,Mycolicibacterium_stellerae,Mycobacterium_tilburgii,Mycobacterium_parascrofulaceum,Mycobacterium_terramassiliense,Mycobacterium_rhizamassiliense,Mycobacterium_numidiamassiliense,Mycobacterium_ahvazicum,Mycobacterium_innocens,Mycobacterium_attenuatum,Mycolicibacterium_setense,Mycobacterium_shimoidei,Mycobacterium_szulgai,Mycobacterium_interjectum,Mycobacterium_palustre,Mycobacterium_bohemicum,Mycolicibacillus_trivialis,Mycobacterium_sherrisii,Mycobacterium_intermedium,Mycobacterium_bouchedurhonense,Mycolicibacterium_pyrenivorans,Mycobacterium_manitobense,Mycolicibacterium_novocastrense,Mycolicibacterium_llatzerense,Mycolicibacterium_flavescens,Mycolicibacterium_komossense,Mycobacterium_paraffinicum,Mycobacterium_hackensackense,Mycolicibacterium_brisbanense,Mycolicibacterium_canariasense,Mycobacterium_angelicum,Mycolicibacterium_wolinskyi,Mycobacterium_paraense,Mycolicibacterium_houstonense,Mycolicibacterium_bacteremicum,Mycolicibacterium_neworleansense,Mycolicibacterium_porcinum,Mycolicibacter_longobardus,Mycobacterium_yunnanensis,Mycobacterium_alsense,Mycolicibacterium_lacusdiani,Mycobacterium_asiaticum,Mycolicibacterium_aromaticivorans,Mycobacterium_genavense,Mycolicibacterium_tusciae,Mycolicibacter_icosiumassiliensis,Mycobacterium_europaeum,Mycobacterium_triplex,Mycolicibacterium_malmesburyense,Mycolicibacterium_komanii,Mycolicibacterium_chlorophenolicum,Mycobacterium_syngnathidarum,Mycobacterium_talmoniae,Mycobacterium_neumannii,Mycobacterium_lehmannii,Mycobacterium_neglectum,Mycobacterium_palauense,Mycolicibacter_engbaekii,Mycolicibacter_nonchromogenicus,Mycobacterium_arosiense,Mycobacterium_scrofulaceum,Mycobacterium_gastri,Mycobacterium_aquaticum,Mycobacterium_decipiens,Mycolicibacterium_vulneris,Mycolicibacterium_acetamidolyticum
0,0,511,1432,513,476,1253,459,519,895,862,1420,1245,896,1433,1326,885,877,37,1221,1439,1272,1449,1234,1439,1251,1246,1322,1213,902,1137,1322,779,1222,1221,890,1112,1301,1291,1199,1227,910,941,1249,868,1373,1369,1388,1323,886,465,888,1188,1319,1188,901,1267,1345,1210,1278,1325,1204,890,1426,1174,1324,862,1193,1221,1393,1400,1315,1320,1292,1335,1269,1141,1277,1240,1378,852,1331,620,1376,883,1376,1241,583,1350,1311,1223,1223,1326,1305,1181,1213,615,858,1146,1433,1238,1174,1427,826,1222,1155,1341,1262,1006,767,877,769,747,1238,1494,1310,939,1316,1209,1293,563,1315,893,1299,1209,1415,1267,838,1128,1364,1294,1160,1446,1163,946,1295,499,1506,1306,1212,1319,1225,1337,1265,1234,1267,918,922,1199,1264,1386,919,621,763,907,872,889,902,921,1312,1179,869,780,762,793,1195,821,945,14,1268,1273,1324,1320,1319,1366,705,1291,1215,1290,874,1170,736,1261,1285,1277,1256,1136,1339,802,1313,890,1279,857,1428,1177,659,819,1297,1318,1219,1262,1049,1356,1338,1431,1204,1175,1167,539,635,910,1236,942,561,1244
1,511,0,1442,533,482,1255,455,490,898,861,1435,1309,896,1445,1333,889,895,519,1244,1459,1298,1484,1267,1437,1328,1256,1354,1230,907,1199,1362,834,1229,1230,893,1182,1325,1305,1238,1314,960,997,1260,880,1403,1406,1483,1317,916,454,871,1258,1405,1248,952,1339,1357,1253,1257,1338,1221,893,1435,1212,1322,951,1188,1264,1418,1495,1343,1401,1322,1366,1302,1188,1286,1296,1369,872,1420,594,1370,833,1388,1283,423,1380,1316,1320,1238,1356,1328,1241,1231,581,947,1173,1456,1268,1277,1456,797,1242,1189,1357,1321,1113,753,870,773,783,1260,1522,1328,963,1314,1255,1315,328,1307,967,1324,1263,1402,1277,875,1196,1397,1320,1215,1544,1199,950,1312,456,1521,1294,1262,1303,1246,1367,1297,1265,1287,912,957,1307,1351,1410,945,638,780,857,867,851,956,985,1292,1260,893,792,799,811,1296,855,975,511,1285,1273,1349,1339,1360,1386,642,1310,1226,1296,905,1218,741,1256,1300,1261,1237,1198,1348,843,1323,921,1305,855,1428,1240,646,816,1329,1337,1238,1259,1120,1369,1361,1425,1248,1231,1216,355,623,947,1242,1000,232,1250
2,1432,1442,0,1465,1493,1293,1479,1456,1543,1461,78,1921,1538,124,1340,1534,1464,1440,1314,436,1400,434,1406,315,1951,1232,1286,1298,1545,1412,1573,1557,1244,1243,1533,1745,1223,1405,1335,1556,1616,1625,1377,1459,1402,1505,1924,1279,1477,1477,1473,1418,1608,1506,1584,1541,1424,1362,1363,1266,1363,1533,1546,1484,1406,1610,1562,1374,1514,1929,1352,1623,1348,1460,1320,1485,1453,1372,1338,1472,1895,1493,1482,1431,1453,1498,1477,1600,1438,1541,1337,1416,1364,1296,1290,1486,1617,1537,1589,1392,1675,1575,1492,1377,1427,1450,1349,1667,1499,1447,1521,1484,1375,602,1252,1501,1276,1415,1308,1475,1279,1598,1290,1451,1479,1289,1531,1457,1550,1345,1470,1884,1469,1502,1484,1461,480,1267,1367,1338,1465,1448,1354,1296,1361,1480,1616,1700,1586,1550,1512,1465,1486,1447,1479,1430,1625,1608,1290,1672,1515,1493,1481,1525,1485,1453,1489,1435,1439,1425,1551,1282,1503,1461,1499,1304,1304,1306,1537,1290,1478,1245,1321,1299,1265,1421,1435,1540,1442,1467,1374,1447,1510,1408,1491,1414,1535,1525,1350,1294,1392,1537,1521,1537,1377,1428,1392,1474,1475,1603,1271,1614,1469,1233
3,513,533,1465,0,232,1278,237,451,922,894,1455,1275,921,1472,1369,918,916,521,1276,1500,1328,1513,1277,1462,1284,1300,1370,1233,937,1186,1353,807,1269,1276,917,1116,1347,1308,1265,1308,976,956,1273,859,1415,1419,1456,1362,933,236,913,1239,1375,1232,942,1307,1369,1278,1283,1373,1235,917,1456,1212,1351,889,1221,1259,1442,1465,1355,1367,1337,1340,1283,1189,1305,1305,1411,880,1394,586,1400,879,1416,1284,565,1387,1350,1318,1274,1367,1339,1260,1245,565,927,1222,1469,1251,1236,1440,822,1251,1207,1368,1293,1084,790,899,809,784,1276,1550,1346,975,1355,1255,1357,580,1343,908,1359,1270,1440,1308,818,1176,1400,1336,1203,1531,1199,964,1335,423,1543,1337,1252,1348,1245,1381,1312,1266,1300,946,939,1256,1326,1419,965,444,751,896,930,894,958,970,1341,1252,900,769,782,839,1283,846,961,514,1311,1308,1318,1366,1366,1399,581,1354,1254,1334,907,1231,735,1297,1346,1308,1284,1184,1390,802,1359,918,1282,895,1470,1237,646,862,1316,1350,1254,1307,1107,1372,1344,1475,1242,1219,1231,585,505,925,1269,967,548,1299
4,476,482,1493,232,0,1306,80,326,928,885,1480,1286,928,1495,1373,922,917,484,1294,1508,1344,1517,1310,1481,1300,1298,1407,1265,939,1202,1371,804,1276,1281,924,1150,1370,1341,1290,1317,981,970,1292,893,1428,1436,1490,1382,929,85,898,1249,1408,1248,953,1328,1400,1283,1298,1403,1256,924,1476,1234,1385,911,1248,1293,1445,1501,1384,1398,1353,1383,1301,1206,1316,1333,1430,874,1431,617,1409,875,1436,1291,518,1409,1364,1321,1286,1383,1364,1277,1273,599,949,1218,1477,1273,1253,1476,832,1279,1227,1393,1323,1114,798,900,828,772,1299,1576,1372,984,1377,1293,1367,540,1363,934,1385,1268,1474,1316,825,1187,1428,1360,1219,1555,1216,1002,1356,296,1565,1353,1280,1375,1278,1403,1326,1308,1313,938,944,1292,1356,1441,947,624,790,898,917,887,957,951,1364,1276,899,815,815,842,1307,840,1001,477,1331,1333,1371,1387,1389,1424,650,1366,1285,1338,901,1253,761,1302,1356,1322,1303,1193,1419,816,1377,936,1316,886,1499,1246,658,845,1333,1375,1261,1305,1121,1393,1390,1501,1256,1242,1228,521,609,938,1300,993,469,1296
5,1253,1255,1293,1278,1306,0,1292,1294,1305,1294,1292,1736,1307,1315,884,1298,1264,1256,721,1281,939,1293,925,1287,1719,645,846,859,1315,1184,1184,1383,630,630,1302,1562,886,961,722,1277,1459,1474,919,1220,1039,1109,1661,677,1296,1288,1321,1193,1234,1249,1389,1266,1014,970,894,869,890,1302,1150,1220,933,1397,1250,1001,1095,1662,918,1230,926,1055,940,1232,996,1037,775,1257,1627,1306,1066,1261,1098,1259,1303,1208,1040,1279,896,1020,975,1000,549,1296,1418,1280,1163,965,1421,1177,1306,945,1236,1119,957,1517,1300,1272,1277,1290,896,1356,866,1321,673,1056,862,1297,668,1380,855,1213,1158,828,1363,1205,1227,912,1208,1599,1220,1272,1047,1274,1347,661,917,769,1204,969,1011,953,921,1293,1456,1439,1202,1283,1319,1265,1289,1272,1285,1241,1462,1420,683,1441,1320,1307,1289,1352,1221,1270,1298,1252,1010,1015,1162,906,1149,1145,1310,859,286,843,1330,611,1248,637,851,657,658,1186,1085,1347,1049,1249,956,1265,1155,1192,1303,1228,1152,1124,940,698,1152,1146,1105,1157,995,1213,1170,1295,1281,1454,216,1403,1301,634
6,459,455,1479,237,80,1292,0,310,916,875,1466,1279,916,1482,1364,911,897,469,1281,1495,1317,1505,1291,1470,1293,1283,1390,1253,926,1211,1361,787,1267,1273,912,1168,1355,1329,1269,1304,971,989,1282,873,1414,1415,1478,1373,909,31,882,1258,1392,1257,946,1314,1385,1272,1278,1386,1239,912,1457,1239,1369,893,1229,1275,1428,1487,1366,1391,1338,1362,1293,1214,1298,1317,1418,853,1413,637,1393,864,1425,1302,547,1389,1350,1314,1274,1368,1352,1267,1255,613,933,1206,1464,1268,1237,1459,816,1260,1239,1374,1333,1096,782,877,811,763,1282,1560,1353,960,1371,1266,1353,528,1356,921,1362,1280,1457,1307,844,1197,1410,1339,1223,1541,1223,975,1336,282,1548,1342,1261,1368,1290,1388,1307,1288,1303,924,957,1279,1347,1432,935,636,770,881,906,878,950,978,1353,1258,880,801,802,825,1291,823,982,462,1312,1318,1350,1377,1363,1424,668,1352,1270,1330,888,1243,753,1292,1341,1312,1291,1206,1396,830,1362,913,1307,871,1478,1257,677,832,1320,1356,1252,1299,1105,1376,1373,1476,1247,1251,1233,511,630,957,1281,977,494,1284
7,519,490,1456,451,326,1294,310,0,917,895,1444,1299,918,1454,1363,912,894,528,1275,1471,1311,1478,1280,1442,1326,1287,1391,1259,926,1219,1359,807,1257,1256,913,1156,1371,1342,1270,1307,1000,1011,1283,870,1392,1394,1501,1344,908,311,884,1254,1413,1259,979,1332,1383,1248,1280,1391,1222,913,1448,1224,1363,917,1219,1262,1396,1506,1362,1385,1348,1367,1288,1194,1283,1307,1392,899,1434,681,1364,868,1388,1304,588,1381,1317,1320,1273,1354,1356,1240,1259,673,960,1205,1430,1249,1269,1443,859,1251,1229,1367,1325,1114,819,894,834,784,1274,1532,1360,959,1346,1263,1340,527,1337,937,1358,1274,1435,1308,848,1211,1426,1346,1214,1543,1219,976,1333,197,1521,1324,1264,1331,1276,1380,1288,1289,1294,910,986,1290,1365,1431,959,684,810,860,893,871,980,997,1344,1287,891,818,845,849,1294,862,989,522,1305,1308,1353,1370,1365,1393,698,1338,1280,1321,897,1250,770,1299,1335,1293,1275,1203,1382,862,1333,921,1295,875,1434,1249,716,835,1326,1350,1238,1287,1117,1384,1378,1460,1262,1250,1235,551,675,986,1280,994,535,1281
8,895,898,1543,922,928,1305,916,917,0,985,1539,1302,39,1538,1400,83,945,900,1308,1569,1382,1582,1367,1537,1319,1336,1396,1273,107,1253,1413,952,1309,1309,32,1111,1415,1376,1290,1381,951,984,1314,937,1412,1463,1535,1365,977,915,1012,1291,1470,1315,800,1411,1443,1331,1341,1420,1279,32,1523,1285,1414,956,1317,1338,1461,1533,1397,1449,1360,1436,1325,1300,1344,1356,1393,1009,1491,932,1422,1000,1469,1338,954,1466,1453,1373,1293,1392,1362,1310,1274,905,939,1261,1493,1349,1368,1512,1012,1314,1296,1443,1386,1064,956,982,980,929,1332,1601,1416,983,1360,1325,1353,907,1350,959,1383,1301,1507,1338,1029,1276,1486,1371,1308,1553,1287,985,1373,917,1585,1360,1318,1388,1328,1420,1384,1342,1363,1038,955,1344,1415,1484,1068,934,952,992,976,1019,966,923,1355,1357,930,966,969,1008,1372,1008,1033,899,1370,1354,1474,1444,1427,1441,955,1355,1329,1356,935,1287,962,1336,1368,1363,1352,1236,1446,1005,1445,947,1328,1021,1531,1281,977,987,1435,1435,1318,1336,1213,1469,1441,1525,1293,1269,1268,949,922,944,1294,965,924,1334
9,862,861,1461,894,885,1294,875,895,985,0,1452,1408,987,1452,1370,970,918,867,1257,1473,1299,1463,1271,1466,1418,1267,1377,1206,986,1245,1359,921,1266,1268,980,1310,1289,1312,1258,1358,1106,1119,1247,960,1371,1392,1560,1332,953,875,705,1281,1412,1319,1053,1384,1397,1256,1247,1306,1234,980,1423,1311,1378,1065,1231,1238,1420,1557,1323,1369,1319,1336,1240,1323,1272,1307,1355,732,1508,886,1393,655,1401,1310,876,1370,1381,1315,1238,1329,1262,1222,1274,875,1060,1201,1439,1250,1303,1423,920,1282,1272,1333,1277,1228,812,704,835,822,1258,1499,1284,926,1325,1261,1344,891,1312,1057,1360,1285,1397,1292,876,1262,1415,1318,1296,1552,1289,1016,1301,875,1499,1296,1244,1340,1308,1360,1293,1234,1313,780,1116,1326,1354,1395,785,819,864,565,675,673,1109,1088,1304,1347,914,891,862,927,1303,752,1006,863,1327,1277,1385,1316,1319,1427,876,1339,1268,1323,934,1275,859,1274,1337,1324,1304,1269,1368,958,1377,916,1266,665,1444,1273,860,645,1326,1331,1242,1284,1165,1379,1365,1442,1253,1261,1256,902,883,1098,1276,1120,885,1259
10,1420,1435,78,1455,1480,1292,1466,1444,1539,1452,0,1918,1534,99,1336,1530,1454,1430,1314,415,1392,422,1396,303,1945,1228,1278,1291,1541,1406,1561,1551,1230,1230,1529,1742,1221,1396,1334,1549,1612,1624,1365,1442,1398,1505,1921,1277,1466,1464,1467,1399,1603,1492,1573,1530,1417,1354,1365,1258,1356,1529,1537,1472,1402,1611,1552,1364,1509,1936,1346,1616,1334,1450,1316,1473,1443,1371,1332,1458,1886,1486,1484,1428,1448,1483,1471,1598,1440,1533,1325,1406,1357,1296,1288,1478,1609,1518,1579,1389,1668,1570,1488,1366,1419,1450,1339,1665,1493,1442,1515,1481,1368,587,1245,1493,1274,1409,1301,1465,1273,1587,1290,1444,1471,1288,1521,1440,1545,1333,1460,1880,1455,1495,1481,1447,468,1265,1359,1332,1451,1440,1342,1289,1356,1474,1612,1692,1579,1543,1503,1455,1487,1437,1467,1418,1622,1607,1279,1664,1503,1489,1473,1519,1473,1447,1484,1423,1437,1411,1553,1280,1495,1458,1495,1301,1304,1300,1528,1284,1472,1245,1310,1293,1263,1413,1430,1536,1449,1453,1369,1437,1512,1393,1480,1414,1532,1521,1345,1289,1384,1528,1526,1530,1367,1423,1383,1468,1465,1599,1278,1607,1462,1229
11,1245,1309,1921,1275,1286,1736,1279,1299,1302,1408,1918,0,1306,1923,1797,1291,1380,1242,1717,1923,1765,1935,1742,1929,560,1716,1796,1718,1311,1689,1812,1202,1721,1712,1301,1342,1848,1796,1714,1749,1337,1339,1701,1370,1794,1844,1833,1753,1362,1285,1438,1720,1833,1722,1278,1791,1793,1743,1740,1848,1719,1301,1901,1698,1799,795,1694,1724,1848,1820,1777,1831,1782,1830,1743,1673,1742,1726,1811,1402,1783,1303,1830,1434,1875,1756,1326,1857,1815,1738,1734,1822,1785,1724,1720,1304,1215,1673,1886,1722,1686,1922,1390,1710,1711,1840,1787,1383,1314,1409,1305,1206,1751,1966,1846,1434,1752,1728,1785,1283,1743,1237,1797,1752,1907,1739,1339,1708,1859,1792,1702,1810,1688,1392,1761,1284,1976,1753,1753,1759,1718,1789,1756,1722,1728,1475,1338,1685,1776,1891,1426,1328,1282,1428,1329,1436,1329,1344,1752,1650,1340,1294,1286,1383,1746,1378,1398,1246,1733,1757,1821,1836,1802,1797,1334,1789,1710,1766,1350,1681,1332,1724,1789,1715,1707,1651,1856,1329,1800,1399,1762,1430,1915,1731,1356,1409,1799,1796,1704,1747,1557,1823,1820,1920,1712,1724,1720,1339,1306,1320,1724,1215,1326,1717
12,896,896,1538,921,928,1307,916,918,39,987,1534,1306,0,1533,1400,84,946,901,1310,1564,1386,1578,1368,1535,1324,1337,1402,1273,108,1260,1413,950,1310,1310,27,1109,1415,1376,1294,1382,947,980,1320,936,1415,1462,1537,1369,977,915,1011,1297,1473,1315,803,1416,1446,1330,1345,1421,1280,27,1526,1285,1419,957,1323,1340,1463,1537,1401,1450,1362,1441,1324,1300,1348,1362,1398,1012,1494,931,1423,1001,1473,1342,957,1469,1456,1372,1295,1394,1363,1314,1279,905,942,1265,1497,1351,1364,1514,1012,1320,1301,1448,1385,1065,952,982,979,925,1331,1600,1417,988,1364,1329,1355,905,1352,959,1386,1307,1509,1340,1028,1276,1485,1373,1309,1555,1287,987,1376,918,1582,1362,1319,1390,1331,1424,1387,1341,1366,1038,955,1345,1417,1491,1071,935,952,994,977,1020,960,924,1356,1357,929,965,966,1009,1370,1012,1033,900,1370,1357,1478,1445,1431,1441,953,1357,1332,1359,935,1290,959,1338,1368,1365,1354,1240,1449,1004,1447,950,1326,1017,1534,1287,976,988,1438,1437,1324,1338,1215,1472,1444,1528,1294,1272,1274,951,924,941,1296,965,924,1335
13,1433,1445,124,1472,1495,1315,1482,1454,1538,1452,99,1923,1533,0,1342,1531,1470,1443,1326,434,1409,430,1419,310,1951,1256,1297,1313,1542,1422,1590,1560,1255,1256,1528,1747,1244,1422,1355,1570,1627,1633,1390,1459,1412,1524,1932,1302,1487,1480,1480,1411,1614,1500,1589,1553,1435,1372,1381,1282,1379,1528,1554,1494,1421,1623,1563,1378,1521,1932,1356,1627,1352,1482,1344,1494,1457,1386,1347,1467,1898,1488,1500,1438,1469,1496,1475,1626,1454,1549,1355,1418,1368,1304,1308,1486,1620,1539,1592,1409,1690,1593,1489,1394,1430,1466,1356,1680,1501,1450,1522,1490,1385,599,1266,1498,1300,1428,1325,1478,1297,1595,1311,1451,1482,1308,1541,1454,1569,1349,1480,1889,1473,1509,1497,1459,479,1280,1378,1351,1461,1457,1355,1312,1361,1480,1633,1711,1603,1558,1505,1462,1491,1445,1473,1425,1631,1615,1313,1675,1518,1501,1481,1529,1493,1446,1494,1436,1458,1424,1570,1300,1519,1474,1509,1322,1327,1322,1542,1303,1477,1271,1329,1315,1287,1421,1449,1548,1457,1462,1388,1443,1527,1405,1489,1416,1538,1539,1368,1312,1402,1549,1540,1554,1376,1427,1399,1476,1477,1614,1298,1612,1475,1253
14,1326,1333,1340,1369,1373,884,1364,1363,1400,1370,1336,1797,1400,1342,0,1398,1327,1329,890,1289,893,1298,997,1307,1813,906,568,944,1417,1286,1252,1471,893,889,1398,1644,911,1026,939,1351,1507,1507,962,1327,1030,1109,1772,931,1379,1359,1396,1279,1361,1327,1484,1313,961,1035,909,957,980,1398,1186,1345,896,1488,1326,1109,1142,1723,896,1280,931,1137,940,1346,1017,1125,990,1368,1674,1394,1097,1359,1061,1343,1365,1257,1020,1348,891,1021,962,1052,882,1375,1486,1364,1213,1052,1457,1239,1394,937,1318,1123,1029,1568,1376,1371,1372,1388,993,1338,886,1416,925,1102,752,1376,932,1498,568,1312,1150,656,1425,1334,1295,911,1328,1678,1336,1384,1055,1350,1337,887,1044,965,1251,963,1002,950,877,1387,1503,1545,1295,1324,1417,1353,1380,1375,1398,1333,1511,1488,908,1492,1413,1381,1395,1444,1333,1358,1402,1325,1050,1050,1212,935,1187,1078,1394,756,894,681,1413,946,1349,907,366,916,921,1303,1090,1435,1044,1348,957,1385,1202,1299,1406,1337,1221,1153,920,924,1254,1231,1207,1216,1067,1308,1283,1381,1390,1500,873,1495,1352,902
15,885,889,1534,918,922,1298,911,912,83,970,1530,1291,84,1531,1398,0,942,890,1298,1565,1378,1568,1358,1529,1309,1330,1392,1273,31,1258,1409,946,1304,1305,77,1107,1407,1377,1282,1379,946,979,1313,930,1411,1464,1532,1364,970,908,996,1293,1468,1317,802,1406,1431,1319,1336,1412,1277,77,1514,1291,1407,946,1315,1333,1459,1533,1389,1455,1353,1435,1321,1303,1343,1359,1395,1001,1505,934,1415,996,1462,1335,951,1471,1454,1373,1288,1380,1346,1305,1272,907,934,1259,1489,1342,1355,1503,1014,1318,1299,1441,1382,1062,945,970,976,929,1332,1594,1412,977,1359,1324,1352,910,1347,951,1379,1301,1502,1332,1021,1274,1483,1364,1304,1547,1289,987,1363,911,1576,1355,1317,1388,1331,1420,1374,1327,1356,1026,956,1338,1415,1482,1057,935,943,980,962,1016,960,912,1350,1348,927,960,957,998,1365,1002,1035,889,1359,1357,1474,1438,1427,1429,957,1354,1325,1352,936,1284,954,1330,1366,1357,1350,1243,1439,999,1442,944,1321,1012,1517,1282,976,974,1425,1434,1313,1333,1214,1468,1444,1513,1294,1275,1269,947,921,939,1290,955,923,1327
16,877,895,1464,916,917,1264,897,894,945,918,1454,1380,946,1470,1327,942,0,880,1266,1460,1271,1471,1291,1439,1398,1262,1341,1220,962,1271,1346,953,1254,1252,940,1199,1313,1301,1259,1344,1024,1065,1219,876,1354,1383,1506,1313,364,893,951,1307,1414,1326,967,1348,1338,1261,1251,1338,1201,940,1434,1290,1335,1003,1199,1258,1402,1514,1321,1367,1297,1325,1238,1277,1287,1296,1343,921,1425,931,1394,929,1390,1349,934,1367,1319,1345,1241,1332,1280,1168,1261,906,995,1162,1420,1290,1317,1440,902,1243,1256,1337,1297,1129,824,936,902,918,1282,1507,1311,660,1307,1264,1295,917,1295,966,1321,1318,1413,1259,999,1282,1399,1294,1296,1540,1281,783,1288,897,1514,1302,1269,1321,1352,1333,1274,1208,1265,972,1033,1328,1381,1387,973,947,911,931,907,930,1033,1005,1297,1307,767,910,940,971,1309,877,796,880,1305,1306,1350,1311,1329,1352,933,1295,1231,1291,779,1231,917,1271,1310,1275,1259,1271,1371,977,1331,565,1261,938,1437,1288,940,917,1351,1330,1231,1275,1150,1375,1365,1440,1272,1285,1307,921,931,1031,1246,1015,929,1259
17,37,519,1440,521,484,1256,469,528,900,867,1430,1242,901,1443,1329,890,880,0,1224,1450,1273,1460,1241,1448,1256,1249,1326,1220,906,1143,1320,778,1225,1221,893,1118,1313,1300,1206,1237,911,945,1247,872,1371,1371,1395,1325,888,473,899,1192,1323,1196,906,1274,1351,1211,1284,1333,1201,893,1431,1178,1328,864,1196,1220,1401,1405,1325,1327,1293,1337,1269,1146,1273,1238,1380,857,1339,629,1379,888,1372,1246,588,1354,1310,1235,1230,1322,1311,1180,1217,623,854,1150,1440,1244,1179,1442,828,1223,1163,1341,1264,1017,761,886,772,747,1234,1500,1322,946,1318,1218,1300,574,1317,898,1307,1213,1417,1264,836,1136,1366,1295,1167,1449,1171,940,1299,507,1515,1307,1212,1316,1228,1343,1270,1239,1270,921,923,1203,1270,1392,929,628,766,913,874,896,901,925,1314,1181,880,786,763,793,1203,829,943,31,1272,1276,1329,1323,1321,1368,708,1297,1220,1287,878,1174,738,1264,1285,1280,1255,1139,1342,799,1308,891,1279,862,1430,1187,662,830,1300,1320,1220,1263,1054,1355,1341,1430,1204,1180,1177,546,640,912,1241,943,571,1244
18,1221,1244,1314,1276,1294,721,1281,1275,1308,1257,1314,1717,1310,1326,890,1298,1266,1224,0,1299,900,1290,856,1290,1727,710,900,928,1311,1149,1183,1351,692,684,1304,1514,912,989,269,1279,1446,1474,881,1250,1011,1033,1647,712,1290,1276,1301,1176,1143,1222,1388,1179,989,963,893,919,891,1304,1157,1183,909,1401,1268,989,1018,1637,838,1177,952,990,950,1203,885,1047,811,1277,1603,1308,1002,1254,1077,1211,1298,1168,1032,1278,894,1025,990,988,667,1293,1393,1266,1110,895,1388,1180,1285,879,1230,1059,935,1504,1316,1250,1274,1271,921,1346,918,1337,705,1009,928,1280,709,1393,902,1199,1134,895,1326,1198,1168,932,1204,1559,1190,1244,986,1279,1340,696,939,813,1175,961,1021,951,906,1311,1446,1417,1145,1222,1319,1266,1284,1300,1291,1248,1449,1429,725,1381,1345,1296,1262,1391,1223,1256,1283,1222,969,975,1145,961,1105,1101,1315,924,739,917,1343,630,1233,690,909,691,693,1144,1064,1301,1024,1252,966,1276,1176,1167,1319,1233,1119,1066,878,736,1159,1132,1115,1163,959,1182,1126,1286,1277,1445,713,1406,1266,713
19,1439,1459,436,1500,1508,1281,1495,1471,1569,1473,415,1923,1564,434,1289,1565,1460,1450,1299,0,1350,386,1359,338,1948,1238,1248,1286,1576,1412,1585,1584,1230,1232,1561,1774,1185,1388,1302,1574,1636,1648,1357,1472,1354,1492,1942,1251,1489,1491,1484,1415,1612,1525,1613,1545,1380,1350,1358,1210,1367,1561,1517,1511,1371,1638,1565,1367,1498,1953,1350,1627,1330,1463,1332,1511,1440,1398,1321,1484,1902,1523,1483,1436,1455,1489,1497,1626,1417,1556,1310,1385,1345,1321,1284,1514,1647,1521,1565,1400,1683,1559,1517,1382,1427,1438,1322,1685,1504,1453,1546,1509,1354,418,1209,1505,1245,1408,1264,1488,1248,1622,1241,1446,1422,1243,1551,1468,1560,1323,1485,1891,1489,1485,1475,1473,384,1251,1389,1307,1481,1397,1329,1297,1341,1484,1644,1715,1592,1572,1515,1480,1506,1428,1474,1424,1645,1642,1273,1683,1532,1513,1510,1553,1505,1474,1487,1442,1433,1434,1557,1231,1485,1400,1542,1270,1303,1263,1556,1290,1491,1250,1273,1262,1243,1460,1412,1568,1424,1478,1373,1460,1499,1400,1508,1437,1559,1536,1337,1282,1435,1546,1530,1536,1407,1431,1375,1474,1484,1634,1263,1637,1492,1237
20,1272,1298,1400,1328,1344,939,1317,1311,1382,1299,1392,1765,1386,1409,893,1378,1271,1273,900,1350,0,1386,937,1354,1774,907,961,914,1394,1265,1111,1417,893,892,1375,1599,1107,986,900,1353,1516,1530,720,1299,968,1024,1708,933,1306,1319,1289,1283,1267,1276,1438,1197,711,962,489,1104,696,1375,1020,1292,615,1450,1283,996,1027,1673,617,1191,979,1020,895,1299,754,1028,974,1261,1625,1357,1048,1264,1083,1310,1337,1104,1042,1336,892,980,934,977,896,1340,1442,1278,1119,811,1404,1167,1353,742,1292,1091,958,1550,1311,1270,1288,1322,947,1410,1077,1328,925,997,925,1341,922,1429,920,1264,1159,948,1368,1291,1184,967,1265,1648,1286,1297,840,1312,1430,914,829,968,1266,701,980,937,746,1291,1509,1457,1175,1241,1317,1327,1300,1298,1312,1244,1513,1457,920,1443,1363,1315,1308,1363,1312,1287,1310,1269,863,1000,1063,1105,1058,1092,1359,919,925,965,1353,911,1274,910,922,941,948,1264,1116,1379,1059,1274,917,1280,1066,1282,1352,1247,1062,1023,704,937,1253,1076,1062,1061,1002,1263,1257,1329,1334,1505,919,1487,1332,908
21,1449,1484,434,1513,1517,1293,1505,1478,1582,1463,422,1935,1578,430,1298,1568,1471,1460,1290,386,1386,0,1379,407,1948,1238,1236,1321,1578,1412,1574,1583,1254,1255,1573,1765,1198,1411,1311,1561,1641,1661,1369,1486,1358,1486,1940,1256,1506,1498,1487,1420,1616,1540,1623,1556,1398,1358,1348,1225,1375,1573,1525,1523,1380,1625,1560,1379,1501,1962,1313,1620,1322,1466,1338,1522,1447,1381,1302,1499,1914,1528,1464,1453,1446,1514,1507,1626,1411,1552,1330,1392,1367,1306,1292,1523,1645,1538,1575,1373,1690,1559,1514,1381,1442,1425,1312,1696,1515,1472,1537,1520,1348,476,1209,1509,1252,1431,1264,1511,1255,1607,1253,1453,1438,1237,1561,1494,1565,1316,1509,1891,1504,1510,1467,1487,303,1240,1397,1305,1482,1410,1332,1310,1367,1513,1648,1724,1606,1580,1534,1498,1514,1459,1482,1445,1656,1634,1269,1686,1558,1532,1509,1554,1504,1488,1507,1452,1429,1426,1585,1238,1523,1382,1545,1258,1300,1269,1563,1305,1490,1264,1282,1260,1224,1484,1415,1564,1411,1484,1373,1482,1496,1402,1520,1456,1554,1556,1343,1298,1430,1563,1555,1538,1404,1434,1398,1488,1492,1632,1272,1643,1505,1229
22,1234,1267,1406,1277,1310,925,1291,1280,1367,1271,1396,1742,1368,1419,997,1358,1291,1241,856,1359,937,1379,0,1371,1740,966,1026,894,1373,1205,1002,1375,922,919,1361,1551,1054,1014,872,1282,1437,1462,900,1244,1105,1081,1624,995,1305,1288,1298,1241,1142,1222,1417,928,1006,994,915,1070,836,1361,1092,1233,976,1431,1219,1003,1061,1607,946,956,1047,924,964,1233,878,1085,1051,1260,1566,1315,1024,1274,1178,1293,1336,1003,1139,1293,895,1021,979,1017,894,1304,1394,1292,1130,903,1341,1117,1282,924,1264,1129,974,1468,1296,1276,1294,1296,1026,1407,1034,1325,985,859,1022,1299,968,1393,1014,1258,1223,950,1321,1232,1051,1037,1222,1527,1229,1267,1020,1284,1416,974,893,1047,1172,989,974,990,953,1326,1439,1386,951,1210,1295,1278,1276,1318,1307,1246,1429,1431,972,1361,1336,1279,1258,1371,1237,1244,1295,1234,996,1015,947,1087,936,1168,1332,1016,926,982,1335,932,1226,956,975,962,940,1204,1215,1327,1152,1265,992,1267,1115,1241,1318,1243,923,872,900,966,1153,924,916,1119,995,1220,1212,1290,1298,1435,897,1445,1308,963
23,1439,1437,315,1462,1481,1287,1470,1442,1537,1466,303,1929,1535,310,1307,1529,1439,1448,1290,338,1354,407,1371,0,1960,1222,1270,1278,1542,1400,1566,1553,1223,1222,1528,1766,1211,1372,1316,1556,1638,1649,1340,1469,1367,1469,1922,1261,1465,1466,1457,1409,1586,1498,1593,1519,1377,1336,1356,1254,1333,1528,1496,1475,1382,1618,1561,1348,1473,1933,1343,1610,1333,1438,1316,1478,1432,1369,1323,1458,1892,1481,1461,1427,1438,1480,1463,1599,1409,1534,1309,1380,1344,1272,1277,1474,1647,1509,1558,1374,1662,1554,1479,1346,1419,1420,1329,1688,1487,1436,1524,1497,1344,526,1234,1486,1256,1398,1309,1468,1260,1598,1270,1451,1451,1252,1537,1446,1534,1329,1463,1871,1462,1481,1473,1441,416,1244,1371,1321,1461,1415,1322,1266,1325,1470,1656,1705,1571,1537,1494,1472,1493,1435,1475,1413,1651,1637,1276,1660,1505,1494,1491,1519,1480,1446,1484,1443,1429,1428,1531,1268,1466,1407,1514,1306,1288,1292,1529,1273,1480,1236,1294,1271,1248,1429,1414,1545,1414,1458,1353,1438,1486,1387,1489,1406,1530,1514,1321,1261,1405,1525,1504,1529,1372,1420,1373,1470,1476,1625,1261,1632,1470,1224
24,1251,1328,1951,1284,1300,1719,1293,1326,1319,1418,1945,560,1324,1951,1813,1309,1398,1256,1727,1948,1774,1948,1740,1960,0,1705,1793,1713,1328,1707,1825,1219,1696,1690,1317,1355,1834,1791,1714,1745,1339,1352,1710,1362,1797,1845,1834,1746,1378,1298,1458,1736,1839,1740,1300,1792,1801,1747,1754,1825,1706,1317,1899,1681,1807,814,1696,1731,1851,1836,1776,1829,1800,1827,1752,1668,1754,1740,1810,1420,1801,1310,1822,1441,1864,1774,1339,1860,1797,1727,1732,1816,1787,1732,1710,1316,1225,1670,1884,1744,1708,1907,1386,1720,1726,1841,1784,1396,1333,1417,1312,1218,1766,1986,1828,1432,1743,1729,1793,1302,1746,1277,1805,1758,1914,1753,1321,1710,1865,1802,1709,1818,1687,1393,1764,1302,1995,1739,1752,1766,1720,1784,1757,1727,1733,1483,1353,1713,1779,1901,1430,1314,1298,1438,1339,1450,1338,1343,1757,1668,1353,1311,1302,1395,1741,1399,1383,1252,1727,1771,1824,1810,1809,1810,1346,1796,1709,1777,1365,1680,1336,1710,1791,1703,1695,1670,1864,1349,1789,1396,1764,1441,1916,1749,1346,1414,1796,1816,1709,1737,1559,1842,1836,1920,1719,1744,1733,1345,1295,1343,1720,1236,1341,1707
25,1246,1256,1232,1300,1298,645,1283,1287,1336,1267,1228,1716,1337,1256,906,1330,1262,1249,710,1238,907,1238,966,1222,1705,0,874,874,1346,1158,1216,1392,255,251,1327,1570,866,942,719,1280,1471,1484,891,1245,1003,1044,1672,393,1282,1279,1288,1191,1257,1254,1385,1253,956,975,900,895,865,1327,1146,1204,929,1420,1261,992,1042,1682,878,1234,923,1048,887,1208,937,1038,574,1230,1637,1311,1021,1236,1064,1239,1299,1195,1045,1274,874,987,941,929,646,1299,1415,1259,1137,941,1437,1187,1315,908,1211,1067,965,1516,1321,1234,1264,1300,947,1284,866,1313,389,1016,900,1289,398,1432,883,1205,1123,859,1336,1217,1229,909,1201,1631,1215,1298,1020,1285,1296,353,945,566,1187,934,951,894,904,1280,1465,1456,1185,1280,1298,1279,1290,1271,1277,1208,1471,1437,440,1463,1344,1315,1297,1379,1237,1253,1328,1248,989,1001,1171,897,1102,1097,1322,895,664,857,1335,577,1265,212,907,357,334,1172,1057,1357,1045,1254,900,1272,1152,1169,1317,1228,1156,1109,881,356,1192,1163,1130,1149,1015,1183,1168,1295,1295,1455,645,1419,1279,36
26,1322,1354,1286,1370,1407,846,1390,1391,1396,1377,1278,1796,1402,1297,568,1392,1341,1326,900,1248,961,1236,1026,1270,1793,874,0,905,1408,1255,1300,1453,887,888,1394,1644,915,1003,927,1358,1497,1518,950,1348,1018,1134,1739,878,1359,1389,1362,1249,1347,1291,1483,1326,933,1053,926,913,981,1394,1191,1316,924,1488,1304,1097,1157,1709,938,1310,904,1121,917,1317,1008,1117,932,1368,1664,1390,1123,1325,1061,1311,1374,1333,1052,1337,897,1012,940,1033,906,1371,1463,1333,1216,1060,1491,1253,1392,955,1280,1114,991,1553,1381,1340,1394,1366,985,1303,898,1387,871,1085,668,1373,868,1496,498,1274,1125,687,1415,1294,1294,905,1314,1665,1311,1388,1053,1369,1294,876,1072,895,1219,1011,1004,939,911,1374,1491,1542,1303,1302,1415,1340,1380,1352,1377,1313,1501,1474,892,1488,1406,1386,1385,1444,1342,1358,1409,1324,1028,1058,1261,942,1202,1071,1410,677,878,704,1421,934,1354,914,560,891,902,1262,1053,1439,1062,1344,938,1367,1184,1250,1394,1328,1209,1170,915,927,1257,1230,1232,1199,1066,1258,1233,1396,1364,1483,852,1502,1362,880
27,1213,1230,1298,1233,1265,859,1253,1259,1273,1206,1291,1718,1273,1313,944,1273,1220,1220,928,1286,914,1321,894,1278,1713,874,905,0,1288,1195,1118,1333,861,857,1268,1548,1002,222,928,1324,1419,1421,885,1203,1023,1071,1619,936,1261,1251,1230,1208,1268,1226,1380,1214,949,987,879,1041,803,1268,1038,1230,907,1377,1188,970,1097,1601,904,1179,904,937,417,1232,939,969,973,1219,1505,1259,1052,1199,1103,1268,1252,1104,1094,1267,652,622,562,906,846,1247,1350,1178,1162,918,1309,1072,1242,893,1239,1086,877,1500,1269,1191,1259,1253,951,1347,1001,1222,928,919,906,1275,918,1363,912,1240,1157,862,1311,1215,1109,893,1221,1515,1228,1259,993,1252,1363,916,942,970,1205,959,575,503,899,1249,1410,1356,1168,1128,1276,1227,1218,1217,1226,1180,1403,1403,929,1372,1286,1224,1259,1317,1233,1224,1269,1214,989,982,1094,1030,1010,1029,1263,901,870,887,1287,914,1171,893,886,902,907,1200,1117,1308,1091,1218,475,1239,1046,1198,1261,1186,1057,997,828,902,1151,1084,1063,1052,902,1206,1194,1272,1257,1405,855,1372,1260,876
28,902,907,1545,937,939,1315,926,926,107,986,1541,1311,108,1542,1417,31,962,906,1311,1576,1394,1578,1373,1542,1328,1346,1408,1288,0,1274,1425,966,1318,1317,101,1128,1422,1392,1295,1398,968,1001,1326,949,1429,1482,1543,1382,988,923,1012,1308,1480,1332,820,1418,1446,1333,1351,1425,1293,101,1525,1309,1423,968,1332,1346,1474,1548,1404,1471,1365,1451,1337,1320,1357,1376,1415,1021,1519,954,1430,1012,1481,1352,973,1489,1471,1393,1301,1393,1358,1321,1284,927,951,1277,1504,1357,1372,1518,1030,1334,1315,1455,1399,1079,966,983,990,949,1350,1607,1426,994,1377,1339,1366,927,1365,972,1392,1315,1515,1350,1036,1289,1498,1376,1320,1561,1305,1008,1377,925,1588,1374,1333,1406,1346,1435,1386,1341,1371,1044,976,1354,1431,1494,1077,952,962,994,975,1034,982,934,1367,1368,945,979,977,1014,1384,1022,1055,905,1374,1373,1490,1455,1441,1447,978,1368,1340,1370,957,1299,973,1346,1380,1375,1367,1260,1453,1017,1459,968,1336,1030,1534,1299,994,992,1438,1449,1327,1351,1229,1482,1457,1526,1308,1290,1284,966,937,959,1309,974,941,1343
29,1137,1199,1412,1186,1202,1184,1211,1219,1253,1245,1406,1689,1260,1422,1286,1258,1271,1143,1149,1412,1265,1412,1205,1400,1707,1158,1255,1195,1274,0,1400,1274,1147,1149,1252,1494,1241,1267,1169,1181,1375,1362,1207,1284,1257,1363,1621,1248,1269,1205,1308,311,1389,581,1331,1406,1319,1199,1227,1271,1205,1252,1423,542,1261,1378,1239,1159,1371,1627,1240,1354,1201,1348,1216,563,1246,1120,1297,1270,1575,1201,1346,1279,1319,445,1213,1381,1301,1123,1189,1293,1244,1109,1161,1207,1375,1212,1435,1230,1359,1449,1282,1227,411,1328,1197,1430,1218,1290,1277,1217,1196,1469,1246,1284,1242,1263,1210,1225,1240,1368,1212,401,1362,1227,1263,530,1421,1204,552,1592,557,1261,1299,1203,1470,1209,1182,1233,703,1293,1263,1254,1245,1349,1360,1381,1355,1477,1319,1206,1231,1273,1283,1261,1394,1347,1222,1371,1314,1256,1271,1296,1130,1274,1301,1142,1280,1231,1398,1285,1375,1285,1235,1212,1189,1254,1335,1151,1242,1169,1227,1233,1206,479,1292,1233,1312,1262,1231,1289,1443,294,1225,1263,1347,1356,1215,1197,1052,1385,1373,1470,1121,397,334,1217,1179,1344,1163,1343,1216,1159
30,1322,1362,1573,1353,1371,1184,1361,1359,1413,1359,1561,1812,1413,1590,1252,1409,1346,1320,1183,1585,1111,1574,1002,1566,1825,1216,1300,1118,1425,1400,0,1422,1193,1193,1405,1608,1327,1212,1202,1396,1472,1501,1064,1345,1315,1088,1547,1259,1371,1359,1358,1427,1205,1366,1441,1184,1198,1194,1089,1364,1007,1405,1038,1368,1180,1500,1296,1213,1099,1558,1164,680,1277,969,1172,1380,1051,1248,1276,1350,1499,1356,1060,1341,1336,1461,1371,947,1334,1389,1172,1234,1241,1198,1128,1355,1436,1309,1153,1055,1315,1003,1386,1067,1421,1263,1263,1522,1341,1352,1362,1354,1167,1622,1321,1366,1253,998,1269,1383,1230,1462,1244,1441,1344,1203,1411,1350,1049,1269,1374,1640,1361,1355,1092,1358,1629,1240,1059,1303,1338,1207,1203,1183,1105,1407,1485,1348,649,1070,1421,1341,1330,1385,1358,1313,1474,1487,1230,1363,1409,1337,1339,1389,1358,1352,1374,1323,1116,1132,895,1370,1051,1338,1374,1258,1182,1219,1384,1151,1313,1195,1235,1255,1239,1365,1354,1366,1336,1340,1173,1327,1019,1419,1373,1310,902,881,1079,1220,1244,839,824,1038,1145,1393,1403,1389,1356,1481,1167,1497,1399,1215
31,779,834,1557,807,804,1383,787,807,952,921,1551,1202,950,1560,1471,946,953,778,1351,1584,1417,1583,1375,1553,1219,1392,1453,1333,966,1274,1422,0,1374,1372,947,1080,1443,1413,1335,1362,893,947,1335,929,1501,1486,1434,1459,974,792,959,1321,1457,1315,882,1399,1458,1353,1362,1449,1318,947,1547,1283,1441,844,1284,1337,1511,1444,1429,1436,1421,1441,1377,1269,1382,1374,1487,943,1403,797,1477,945,1462,1368,892,1452,1431,1366,1339,1444,1405,1331,1354,804,821,1226,1536,1335,1300,1550,864,1326,1274,1448,1407,984,802,948,826,563,1336,1638,1447,987,1456,1322,1436,839,1451,829,1442,1341,1534,1387,847,1276,1470,1430,1290,1530,1285,967,1390,792,1618,1440,1324,1435,1303,1436,1383,1335,1395,999,924,1309,1381,1469,997,806,706,941,898,958,904,929,1442,1246,867,727,698,853,1349,893,975,782,1340,1379,1440,1439,1413,1438,833,1437,1337,1408,877,1320,718,1395,1438,1399,1394,1257,1460,694,1434,980,1377,948,1533,1315,846,905,1402,1406,1349,1403,1152,1468,1461,1539,1291,1309,1300,884,781,915,1356,898,860,1387
32,1222,1229,1244,1269,1276,630,1267,1257,1309,1266,1230,1721,1310,1255,893,1304,1254,1225,692,1230,893,1254,922,1223,1696,255,887,861,1318,1147,1193,1374,0,31,1303,1552,868,929,694,1263,1456,1473,890,1224,1016,1063,1653,411,1299,1263,1285,1168,1237,1234,1365,1206,955,960,881,903,843,1303,1127,1208,918,1407,1256,946,1050,1642,862,1191,900,1031,855,1209,920,1018,584,1240,1606,1296,1015,1239,1051,1232,1285,1173,1027,1256,875,965,910,924,605,1287,1409,1239,1147,934,1410,1180,1293,910,1178,1059,944,1500,1295,1228,1234,1283,891,1303,875,1306,405,1014,895,1271,417,1399,887,1190,1114,872,1337,1200,1218,890,1176,1591,1206,1270,1003,1258,1302,399,909,584,1172,932,919,878,917,1282,1440,1422,1150,1263,1306,1241,1267,1263,1277,1213,1445,1427,425,1435,1324,1278,1270,1360,1213,1252,1289,1221,982,973,1147,908,1109,1106,1305,891,652,868,1329,583,1221,299,886,380,307,1171,1052,1331,1026,1223,880,1263,1159,1139,1292,1215,1125,1098,875,265,1159,1146,1110,1152,994,1151,1155,1272,1258,1444,633,1401,1270,249
