Mycobacterium_decipiens,Mycobacterium_heidelbergense,Mycobacterium_lacus,Mycobacterium_palustre,Mycobacterium_interjectum,Mycobacterium_terramassiliense,Mycobacterium_malmoense,Mycobacterium_haemophilum,Mycobacterium_paraense,Mycobacterium_bohemicum,Mycobacterium_simulans,Mycobacterium_shinjukuense,Mycobacterium_parascrofulaceum,Mycobacterium_riyadhense,Mycobacterium_yongonense,Mycobacterium_europaeum,Mycobacterium_basiliense,Mycobacterium_scrofulaceum,Mycobacterium_conspicuum,Mycobacterium_nebraskense,Mycobacterium_alsense,Mycobacterium_paraffinicum,Mycobacterium_parmense,Mycobacterium_hominissuis,Mycobacterium_bouchedurhonense,Mycobacterium_avium,Mycobacterium_colombiense,Mycobacterium_seoulense,Mycobacterium_ulcerans,Mycobacterium_kansasii,Mycobacterium_innocens,Mycobacterium_shinshuense,Mycobacterium_shimoidei,Mycobacterium_liflandii,Mycobacterium_paraseoulense,Mycobacterium_angelicum,Mycobacterium_pseudoshottsii,Mycobacterium_paraintracellulare,Mycobacterium_intracellulare,Mycobacterium_timonense,Mycobacterium_chimaera,Mycobacterium_helveticum,Mycobacterium_marinum,Mycobacterium_marseillense,Mycobacterium_pseudokansasii,Mycobacterium_fragae,Mycobacterium_numidiamassiliense,Mycobacterium_kubicae,Mycobacterium_shottsii,Mycobacterium_noviomagense,Mycolicibacterium_vulneris,Mycobacterium_mantenii,Mycobacterium_attenuatum,Mycobacterium_szulgai,Mycobacterium_senriense,Mycobacterium_xenopi,Mycobacterium_ostraviense,Mycobacterium_arosiense,Mycobacterium_genavense,Mycobacterium_gastri,Mycobacterium_intermedium,Mycobacterium_spongiae,Mycobacterium_simiae,Mycobacterium_shigaense,Mycobacterium_rhizamassiliense,Mycobacterium_bourgelatii,Mycobacterium_ahvazicum,Mycobacterium_paragordonae,Mycobacterium_florentinum,Mycobacterium_stomatepiae,Mycobacterium_sherrisii,Mycobacterium_asiaticum,Mycobacterium_persicum,Mycobacterium_heckeshornense,Mycobacterium_talmoniae,Mycobacterium_triplex,Mycobacterium_vicinigordonae,Mycobacterium_branderi,Mycobacterium_celatum,Mycobacterium_kyorinense,Mycobacterium_lentiflavum,Mycobacterium_gordonae,Mycolicibacterium_xanthum,Mycobacterium_cookii,Mycobacterium_saskatchewanense,Mycobacterium_tilburgii,Mycolicibacter_kumamotonensis,Mycolicibacterium_doricum,Mycolicibacter_algericus,Mycobacterium_palauense,Mycolicibacter_heraklionensis,Mycobacterium_montefiorense,Mycobacterium_aquaticum,Mycolicibacter_longobardus,Mycobacterium_novum,Mycolicibacter_terrae,Mycobacterium_manitobense,Mycolicibacter_sinensis,Mycolicibacterium_poriferae,Mycolicibacter_acidiphilus,Mycolicibacillus_parakoreensis,Mycolicibacterium_agri,Mycolicibacterium_elephantis,Mycolicibacterium_hippocampi,Mycolicibacillus_koreensis,Mycolicibacterium_fallax,Mycolicibacter_engbaekii,Mycolicibacterium_rufum,Mycobacterium_neumannii,Mycobacterium_lehmannii,Mycolicibacterium_austroafricanum,Mycolicibacterium_porcinum,Mycolicibacterium_rutilum,Mycobacterium_dioxanotrophicus,Mycolicibacterium_brisbanense,Mycolicibacterium_pyrenivorans,Mycolicibacterium_crocinum,Mycolicibacterium_vanbaalenii,Mycolicibacterium_litorale,Mycolicibacterium_pallens,Mycolicibacter_arupensis,Mycobacterium_paraterrae,Mycolicibacterium_celeriflavum,Mycolicibacter_nonchromogenicus,Mycolicibacter_senuensis,Mycobacterium_botniense,Mycolicibacterium_senegalense,Mycolicibacterium_duvalii,Mycobacterium_syngnathidarum,Mycolicibacterium_mageritense,Mycolicibacterium_baixiangningiae,Mycolicibacterium_novocastrense,Mycolicibacterium_iranicum,Mycolicibacterium_houstonense,Mycolicibacterium_goodii,Mycolicibacterium_farcinogenes,Mycolicibacterium_malmesburyense,Mycolicibacillus_trivialis,Mycolicibacterium_phlei,Mycolicibacterium_conceptionense,Mycolicibacterium_brumae,Mycolicibacter_virginiensis,Mycolicibacterium_flavescens,Mycolicibacterium_insubricum,Mycolicibacterium_confluentis,Mycolicibacterium_anyangense,Mycolicibacterium_acetamidolyticum,Mycolicibacterium_hassiacum,Mycolicibacterium_chitae,Mycolicibacterium_aichiense,Mycobacterium_barrassiae,Mycolicibacterium_chlorophenolicum,Mycolicibacterium_neworleansense,Mycolicibacterium_pulveris,Mycolicibacterium_fortuitum,Mycolicibacter_hiberniae,Mycolicibacterium_psychrotolerans,Mycolicibacterium_moriokaense,Mycolicibacterium_wolinskyi,Mycolicibacterium_vaccae,Mycolicibacterium_parafortuitum,Mycolicibacterium_komanii,Mycolicibacterium_rhodesiae,Mycolicibacterium_peregrinum,Mycobacterium_leprae,Mycolicibacter_icosiumassiliensis,Mycolicibacterium_smegmatis,Mycolicibacterium_monacense,Mycolicibacterium_holsaticum,Mycolicibacterium_gadium,Mycolicibacterium_helvum,Mycolicibacterium_septicum,Mycolicibacterium_aromaticivorans,Mycolicibacter_minnesotensis,Mycolicibacterium_obuense,Mycolicibacterium_vinylchloridicum,Mycolicibacterium_chubuense,Mycobacterium_kyogaense,Mycolicibacterium_stellerae,Mycolicibacterium_nivoides,Mycolicibacterium_tusciae,Mycolicibacterium_boenickei,Mycolicibacterium_alvei,Mycobacterium_hackensackense,Mycolicibacterium_gilvum,Mycolicibacterium_setense,Mycobacterium_lepromatosis,Mycolicibacterium_lutetiense,Mycolicibacterium_cosmeticum,Mycobacterium_uberis,Mycolicibacterium_sphagni,Mycolicibacterium_fluoranthenivorans,Mycobacterium_grossiae,Mycolicibacterium_canariasense,Mycolicibacterium_thermoresistibile,Mycobacterium_neglectum,Mycobacterium_frederiksbergense,Mycolicibacterium_sarraceniae,Mycolicibacterium_murale,Mycolicibacterium_tokaiense,Mycolicibacterium_bacteremicum,Mycolicibacterium_diernhoferi,Mycolicibacterium_aurum,Mycolicibacterium_aubagnense,Mycobacteroides_abscessus,Mycolicibacterium_neoaurum,Mycolicibacterium_madagascariense,Mycolicibacterium_mucogenicum,Mycolicibacterium_komossense,Mycobacteroides_immunogenum,Mycolicibacterium_phocaicum,Mycobacteroides_saopaulense,Mycobacteroides_massiliense,Mycobacteroides_bolletii,Mycobacteroides_chelonae,Mycolicibacterium_hodleri,Mycobacteroides_franklinii,Mycolicibacterium_lacusdiani,Mycobacterium_yunnanensis,Mycolicibacterium_mengxianglii,Mycolicibacterium_llatzerense,Mycolicibacterium_arabiense,Mycolicibacterium_sediminis,Mycobacteroides_salmoniphilum
0,350,307,347,353,361,384,368,380,424,348,367,383,340,385,383,360,382,367,367,412,378,376,375,375,374,394,385,389,391,381,390,431,390,384,378,391,394,394,400,410,401,391,406,413,401,369,377,395,396,424,399,415,391,387,446,435,396,395,411,418,398,422,414,427,429,430,410,420,425,407,441,436,433,438,426,446,441,456,441,442,411,528,463,437,443,501,526,518,498,513,432,494,500,504,508,516,523,519,524,527,490,511,517,521,542,520,517,502,487,504,481,495,516,483,518,481,507,511,476,531,494,500,518,535,484,515,505,514,509,521,474,509,538,527,515,508,503,506,520,529,518,566,520,549,500,514,499,526,488,510,516,497,516,518,511,529,521,497,547,519,512,524,528,452,524,530,521,507,517,494,534,502,549,548,480,519,547,491,533,525,535,534,551,553,537,474,519,527,478,493,558,577,537,524,529,541,520,564,565,537,553,548,579,591,547,562,572,541,585,575,597,597,600,601,597,617,569,592,569,560,577,597,597
350,0,265,232,241,232,240,320,224,346,289,351,301,299,301,313,357,290,301,293,294,314,287,278,278,276,288,309,374,336,328,377,380,375,310,326,378,283,281,290,299,364,381,299,354,358,318,326,383,346,316,331,371,354,320,385,403,304,332,367,364,427,356,351,358,374,365,355,355,367,328,375,374,379,371,340,375,386,412,405,379,368,456,440,343,387,464,479,456,405,468,388,433,457,444,476,465,466,439,469,457,432,449,455,460,454,480,447,449,453,440,434,447,453,416,446,418,442,459,418,490,443,454,474,471,432,454,444,463,448,442,436,429,479,453,452,461,443,442,457,438,486,501,442,464,440,453,460,420,428,448,434,436,461,457,477,452,459,430,473,455,461,459,463,439,500,453,472,460,455,448,477,451,510,485,421,436,481,448,477,474,479,474,481,489,481,453,463,464,463,424,481,488,482,463,480,468,469,486,485,476,476,478,521,527,493,507,522,483,523,518,531,526,534,539,548,560,495,527,512,496,503,528,558
307,265,0,279,289,274,310,337,294,377,251,321,334,278,334,352,348,326,332,314,340,341,325,303,303,302,337,341,349,335,323,350,382,350,346,316,351,334,334,339,353,369,350,351,351,348,322,337,352,341,356,338,368,340,337,369,374,339,359,344,372,388,381,353,369,381,381,357,384,385,352,386,374,368,398,370,395,391,415,400,385,372,486,441,384,403,499,487,495,448,497,391,473,484,474,505,482,497,480,494,473,438,439,465,466,479,499,480,470,462,459,458,457,501,458,474,438,464,478,440,511,478,474,502,499,435,486,488,499,478,477,444,461,505,476,483,468,466,453,487,482,508,527,478,490,449,479,476,470,443,464,472,463,448,483,492,481,471,469,510,481,480,486,504,418,508,490,491,463,486,467,502,466,530,507,430,479,503,473,506,493,507,510,510,512,514,434,504,486,444,449,512,540,508,476,496,497,477,508,505,508,490,505,541,559,514,518,544,491,548,537,562,562,566,560,555,581,516,538,547,513,524,557,578
347,232,279,0,236,224,272,328,231,306,282,337,238,286,238,281,354,250,259,257,259,284,260,240,240,238,264,276,354,343,327,355,343,355,279,299,356,261,258,278,276,328,355,285,350,314,269,278,357,288,277,286,336,319,269,346,370,280,300,340,316,437,296,299,295,332,313,297,308,305,262,317,372,334,324,297,340,325,350,349,329,316,387,392,284,313,439,416,437,361,429,338,387,438,422,451,407,445,391,436,401,347,377,399,403,405,445,398,399,394,373,368,384,407,376,400,357,381,395,364,452,392,376,446,452,406,391,400,417,394,380,377,388,420,385,394,387,381,369,395,397,452,440,392,415,385,390,395,385,366,366,395,387,380,394,434,406,383,371,408,394,393,403,417,428,466,398,400,394,386,392,423,389,480,427,358,382,424,395,429,408,431,427,436,439,422,441,421,410,452,374,442,439,420,406,415,422,407,441,440,430,433,434,462,477,442,432,456,407,472,463,496,481,483,492,470,525,432,461,464,437,435,471,503
353,241,289,236,0,96,301,361,124,338,318,353,259,318,261,305,365,277,298,297,279,301,286,269,269,272,289,304,375,341,336,376,351,376,307,329,377,296,294,300,312,359,376,310,344,329,310,317,378,317,319,311,360,358,304,374,379,303,327,350,349,435,345,339,335,372,348,324,342,345,321,371,372,369,361,332,379,368,375,370,368,343,430,397,287,378,490,461,482,396,466,380,421,473,469,497,450,489,425,468,451,384,412,440,449,439,485,413,437,433,415,412,411,449,407,427,393,420,445,396,503,443,422,480,484,432,439,439,457,416,439,414,408,472,438,441,427,426,419,442,419,487,479,422,442,415,450,441,423,412,416,418,438,421,454,474,433,437,411,445,428,437,457,460,454,504,451,453,421,434,415,460,431,523,460,393,427,460,412,469,455,471,468,469,474,468,478,456,438,462,397,474,482,460,455,462,460,440,452,451,458,470,461,504,514,468,471,502,461,499,501,513,515,521,520,510,547,481,510,497,482,492,500,530
361,232,274,224,96,0,291,346,105,329,302,344,258,315,258,305,355,273,294,285,271,296,290,267,267,267,291,299,375,334,326,376,348,376,300,331,377,279,278,295,300,359,375,302,348,326,313,323,377,312,314,312,354,352,296,369,370,297,330,335,349,428,334,330,334,368,353,334,346,351,316,354,366,353,356,331,380,365,381,372,372,344,433,404,285,373,473,457,471,397,455,382,414,462,454,476,455,477,430,461,460,383,417,437,453,446,470,427,434,426,427,411,429,440,399,432,402,432,442,405,494,446,421,476,469,420,440,441,456,427,431,407,418,468,440,440,432,435,421,440,427,482,475,418,446,421,443,437,418,416,427,427,433,422,446,463,439,442,411,450,447,443,464,455,442,502,446,458,434,435,431,464,435,514,473,405,424,472,422,470,462,472,469,475,489,464,467,455,434,471,417,478,486,460,451,465,465,457,466,467,473,469,473,502,516,477,487,495,464,497,495,524,512,521,519,521,549,479,516,499,476,488,511,537
384,240,310,272,301,291,0,347,284,369,325,391,324,335,323,342,389,325,329,330,314,350,330,308,308,305,318,340,413,359,361,414,406,414,346,354,415,306,305,312,326,372,412,326,369,395,340,360,414,388,337,348,390,375,343,418,422,337,386,389,392,461,373,367,377,400,393,386,381,385,343,396,396,423,402,368,416,422,441,438,398,395,484,446,384,394,503,516,502,446,488,415,469,499,492,518,508,508,486,495,495,462,474,492,492,501,502,480,488,486,459,478,463,495,450,478,447,459,501,458,501,475,485,501,510,503,495,502,511,486,487,474,474,514,480,493,496,469,475,495,484,510,516,479,520,468,490,494,485,461,476,481,481,480,494,490,487,484,465,513,489,494,484,515,445,521,487,503,487,510,471,525,477,530,527,448,476,520,480,532,503,534,519,525,527,519,464,505,503,449,462,527,534,513,494,512,520,500,531,529,522,529,512,548,568,523,534,551,508,550,552,558,569,576,572,569,582,552,556,565,525,547,568,579
368,320,337,328,361,346,347,0,371,418,351,369,368,342,368,371,395,362,359,357,408,387,344,347,347,348,384,384,404,412,402,405,448,405,386,360,406,373,368,372,387,392,404,376,409,429,359,397,406,416,400,398,422,382,377,458,437,381,398,417,418,479,390,404,411,446,430,398,407,417,381,421,443,444,447,410,442,449,469,456,428,406,513,491,412,420,542,531,531,490,526,446,492,530,515,536,521,537,503,531,514,496,499,507,504,502,539,517,504,500,490,481,507,514,479,493,478,495,508,473,545,532,502,542,539,508,505,526,512,513,510,479,493,530,517,500,503,491,497,502,500,551,560,503,532,487,505,506,502,471,490,503,489,508,511,521,522,505,489,521,507,513,503,517,280,548,523,517,507,501,484,527,488,569,545,476,506,544,509,527,517,529,528,530,551,535,309,518,513,328,479,533,569,534,515,533,525,517,547,548,528,545,535,575,590,532,559,571,524,570,567,587,586,601,593,600,605,557,597,573,556,566,593,605
380,224,294,231,124,105,284,371,0,336,325,367,254,332,255,298,366,272,309,284,257,293,282,267,267,267,276,295,385,327,314,386,354,386,292,353,386,271,270,275,288,369,384,287,337,333,330,332,386,314,298,316,365,374,304,382,385,296,341,349,368,437,362,340,339,389,359,345,358,360,329,347,360,363,348,343,392,368,371,372,376,357,430,408,304,389,475,457,482,399,465,380,410,464,461,477,447,486,422,455,454,390,411,436,450,441,482,418,427,418,417,400,415,432,392,419,386,418,435,389,496,452,419,477,482,435,428,436,449,422,432,400,403,463,428,429,425,432,414,433,423,479,469,411,438,397,437,441,400,408,420,423,414,425,441,480,435,436,400,438,433,441,450,448,478,502,433,459,430,431,420,451,419,519,456,392,413,458,411,456,451,460,457,462,473,457,493,447,430,476,404,467,474,451,441,457,455,442,449,448,457,459,459,513,507,468,474,505,461,490,504,515,509,510,513,509,549,465,501,482,485,474,502,525
424,346,377,306,338,329,369,418,336,0,383,421,318,394,322,333,399,315,341,325,387,338,302,301,301,299,333,323,401,392,381,401,429,402,331,392,403,316,313,318,331,376,401,331,403,397,372,390,403,392,360,349,407,412,347,445,423,328,371,399,383,510,373,356,363,374,391,380,379,385,386,360,419,442,433,376,372,389,412,391,409,390,466,455,374,402,487,489,489,447,483,405,455,487,506,507,490,494,471,486,444,447,471,476,455,473,492,445,473,464,439,467,464,481,464,465,426,442,468,430,505,469,461,493,497,479,461,464,469,454,459,479,439,487,483,460,471,445,457,465,453,505,507,459,486,446,459,479,460,431,461,449,470,476,463,507,461,473,468,469,461,474,476,476,515,504,495,469,472,479,450,486,451,521,483,445,449,483,467,491,489,493,480,503,497,487,527,503,472,529,463,503,516,484,496,496,495,474,504,506,484,494,493,542,526,495,502,527,518,519,532,531,527,532,536,542,566,560,540,529,543,551,541,557
348,289,251,282,318,302,325,351,325,383,0,360,346,246,348,357,360,337,354,354,363,352,342,332,332,333,345,355,367,374,362,366,423,368,366,326,369,349,347,351,362,386,368,370,382,395,336,337,370,383,380,351,382,356,354,433,411,356,376,386,375,412,379,370,373,390,397,372,380,387,360,392,413,430,428,382,398,439,453,453,398,380,482,449,382,398,530,497,519,466,501,409,462,509,500,537,504,528,483,507,500,458,471,479,495,499,522,491,479,473,471,462,476,485,451,482,444,472,487,453,530,486,474,518,528,483,494,488,492,472,481,457,468,511,494,492,486,492,479,500,492,526,534,482,504,463,490,509,488,455,463,478,465,467,494,523,495,480,469,506,473,487,491,506,454,541,495,505,474,492,479,502,473,556,513,448,471,514,486,507,509,509,507,526,519,508,479,493,498,471,460,526,539,511,498,504,505,491,519,522,518,522,512,545,563,533,524,543,495,550,544,561,567,569,566,555,581,526,546,547,527,539,568,581
367,351,321,337,353,344,391,369,367,421,360,0,382,357,384,398,387,380,383,385,389,406,383,360,360,364,398,398,411,361,366,411,403,412,406,383,415,394,392,402,408,416,417,396,374,401,409,383,419,383,419,405,367,402,405,414,411,403,422,379,432,445,420,437,452,456,451,401,440,450,397,437,403,401,426,439,439,430,448,431,474,416,529,479,448,452,535,526,523,505,520,467,522,515,511,544,514,531,524,521,507,460,487,526,509,509,536,528,503,507,519,508,507,546,504,528,503,522,522,499,548,517,514,524,545,474,525,514,530,523,520,493,519,542,537,526,509,499,490,532,517,535,559,510,552,508,517,484,526,503,506,522,521,489,523,537,533,528,508,552,536,524,527,549,472,541,551,521,488,522,532,549,529,569,552,495,507,547,516,552,541,554,547,560,560,553,486,532,542,481,520,563,586,545,522,552,548,553,568,570,548,546,557,588,587,553,570,578,551,577,579,589,588,596,587,608,618,570,590,569,563,577,593,602
383,301,334,238,259,258,324,368,254,318,346,382,0,335,8,175,373,95,263,173,291,150,270,211,211,215,229,169,367,354,343,368,388,368,169,320,369,206,203,220,192,278,372,233,341,371,328,304,376,339,217,203,343,341,233,392,348,245,320,327,342,438,314,307,302,363,326,322,313,317,289,333,355,380,368,306,351,371,379,385,347,336,426,433,301,347,445,460,434,419,438,338,417,437,420,457,433,439,426,440,435,394,419,443,446,439,439,421,436,418,422,407,422,437,402,433,387,426,433,389,469,417,423,462,441,467,435,448,454,423,435,400,432,454,446,437,430,418,408,437,416,460,485,415,426,418,433,425,431,408,410,426,425,426,437,431,431,414,411,456,439,441,436,452,470,468,449,463,434,424,425,453,416,488,459,379,418,456,422,460,455,464,470,473,471,452,484,448,434,479,404,478,488,452,444,458,442,433,472,473,447,445,458,492,488,451,477,477,446,492,480,496,493,496,510,502,531,486,514,514,465,488,504,511
340,299,278,286,318,315,335,342,332,394,246,357,335,0,335,350,369,330,324,346,373,368,351,335,335,336,361,358,360,384,382,361,422,361,365,298,361,355,349,365,366,383,365,367,393,397,356,327,367,360,387,372,387,315,358,430,425,379,378,389,382,432,390,371,389,391,406,350,387,397,359,366,424,412,411,376,382,435,444,433,402,356,488,455,383,420,526,495,517,460,506,404,461,520,502,538,476,524,480,493,495,437,472,473,491,488,525,480,465,471,467,452,468,480,440,479,438,470,481,434,531,477,478,517,530,470,473,475,482,478,474,457,464,503,473,475,483,468,453,481,479,521,527,457,497,450,482,472,487,446,467,470,465,467,488,519,480,481,454,490,463,489,498,493,451,536,489,499,466,479,468,497,470,546,501,432,453,499,479,493,495,495,494,513,518,508,482,487,479,462,455,514,523,494,499,515,498,482,512,511,489,514,508,538,540,523,514,536,499,535,531,547,549,549,560,549,577,515,542,534,510,520,562,573
385,301,334,238,261,258,323,368,255,322,348,384,8,335,0,175,373,97,265,177,291,154,274,214,214,218,231,171,369,356,345,370,388,370,170,320,371,204,201,219,190,279,374,230,345,373,330,305,378,341,219,205,345,341,235,395,350,247,320,329,346,440,316,308,304,367,328,324,316,319,293,335,356,383,370,308,352,375,381,387,349,339,426,435,303,349,446,460,435,420,440,339,416,439,421,460,435,440,427,441,438,394,419,443,447,441,441,424,435,418,425,408,424,434,401,433,387,429,433,389,471,419,426,465,444,468,436,451,455,424,435,399,433,457,445,438,429,420,409,438,420,462,489,419,428,419,436,426,433,408,414,425,428,426,440,434,430,416,410,458,440,442,438,453,470,470,450,463,436,428,427,456,416,490,459,383,419,456,421,463,457,467,473,474,472,453,483,449,433,478,406,479,488,453,445,460,445,433,475,476,452,448,457,491,486,458,475,478,449,490,481,494,491,494,508,501,530,488,512,512,466,490,505,511
383,313,352,281,305,305,342,371,298,333,357,398,175,350,175,0,373,181,281,225,317,192,274,221,221,222,232,119,381,376,369,382,402,382,127,317,383,219,217,227,203,296,384,245,357,377,328,342,388,362,216,209,343,346,235,415,375,244,329,349,384,451,333,328,342,397,342,320,343,338,311,326,388,409,371,322,348,399,410,411,364,333,457,432,295,368,449,482,459,427,446,357,421,459,442,469,464,466,459,447,462,441,454,466,467,462,455,447,449,448,444,414,449,440,402,461,410,446,458,413,470,429,443,464,460,474,445,459,451,439,450,428,454,471,448,444,455,424,424,445,440,479,505,425,457,427,445,458,449,424,454,452,424,472,447,443,465,468,415,469,462,461,461,454,475,480,458,476,460,464,435,463,435,500,479,409,433,476,448,465,476,467,458,490,507,444,491,448,449,488,410,494,498,470,474,490,457,446,493,495,455,461,496,507,513,477,506,497,470,501,498,508,520,517,517,521,543,506,531,513,485,511,525,528
360,357,348,354,365,355,389,395,366,399,360,387,373,369,373,373,0,372,378,367,411,370,387,373,373,374,379,375,368,386,385,367,455,369,384,367,370,380,377,395,393,407,375,403,403,424,391,372,377,414,404,408,401,400,379,460,421,389,411,405,394,460,421,400,421,422,425,400,413,422,401,419,422,463,438,419,433,460,477,468,425,406,519,482,417,452,536,529,539,496,509,439,504,513,522,529,520,547,520,525,520,503,510,517,520,520,522,510,505,511,482,487,513,530,499,498,486,489,511,490,531,481,500,509,542,521,503,517,522,510,489,493,511,530,508,506,512,489,504,508,511,528,551,514,535,504,502,527,506,498,521,513,480,523,505,517,519,526,487,537,526,510,527,516,484,533,521,513,511,516,506,523,511,551,551,493,494,548,526,519,537,521,541,545,550,522,508,515,543,525,501,550,582,549,534,547,530,526,553,553,531,550,545,577,567,542,577,570,531,570,571,572,576,577,577,613,609,547,606,566,543,552,597,600
382,290,326,250,277,273,325,362,272,315,337,380,95,330,97,181,372,0,272,175,300,156,271,229,229,232,243,172,371,379,369,372,393,372,169,327,373,225,226,236,210,302,374,252,357,362,316,316,378,346,227,220,356,346,248,397,372,259,338,352,334,434,329,327,333,353,341,319,328,334,306,347,376,393,383,327,361,381,395,389,356,336,442,437,323,364,443,452,431,414,426,352,412,428,415,455,424,438,427,428,454,412,430,441,450,434,436,432,449,427,429,406,424,432,397,434,393,430,427,397,462,431,444,446,439,467,433,442,446,421,439,407,437,462,434,432,440,424,415,433,407,446,502,429,425,422,437,436,428,404,431,426,421,443,441,435,440,434,407,461,448,453,443,445,458,455,441,447,449,445,418,451,415,475,475,396,432,471,438,457,475,459,466,475,481,448,473,453,437,470,404,477,485,461,466,477,456,444,464,465,454,452,468,498,491,476,478,490,451,482,492,494,494,498,502,511,527,489,515,503,481,494,508,519
367,301,332,259,298,294,329,359,309,341,354,383,263,324,265,281,378,272,0,254,340,287,269,244,244,237,247,273,371,365,359,372,397,372,280,290,371,264,261,276,282,315,373,289,373,358,316,330,375,358,274,274,364,318,267,396,407,265,326,368,332,448,339,311,329,350,335,283,321,334,300,313,391,403,381,310,337,372,388,380,351,296,419,435,322,367,459,452,459,405,445,361,449,451,441,474,457,463,446,477,447,403,429,442,439,437,479,428,437,441,407,423,423,468,432,423,390,407,437,397,473,420,432,474,470,462,442,437,457,447,423,423,426,483,450,439,439,413,419,438,438,485,485,423,442,403,454,431,436,410,421,415,446,441,458,464,436,427,420,459,440,437,437,471,473,491,467,457,434,431,427,467,425,505,450,396,418,447,435,474,437,476,474,473,463,460,494,458,436,489,404,479,478,460,469,464,455,426,455,460,445,462,451,517,516,458,479,516,454,495,509,517,521,523,520,522,536,471,504,511,495,486,502,530
367,293,314,257,297,285,330,357,284,325,354,385,173,346,177,225,367,175,254,0,337,167,282,221,221,224,237,213,380,369,356,380,385,381,215,322,382,224,226,232,244,327,381,235,378,367,307,324,385,348,257,260,373,344,237,401,407,258,330,369,342,458,319,321,320,362,332,333,327,328,302,350,408,392,374,316,361,372,397,386,335,353,443,436,311,357,466,464,463,430,461,336,428,458,442,480,449,463,443,464,453,419,442,456,451,456,472,422,445,437,429,421,429,455,410,423,380,435,446,386,494,422,445,465,466,461,448,453,462,441,431,419,436,470,449,448,438,433,415,446,445,480,486,435,462,398,440,446,426,398,425,413,425,447,444,466,434,433,427,462,457,454,442,457,472,482,449,463,458,431,408,461,414,506,470,388,417,466,429,466,459,468,479,474,485,468,479,470,439,480,374,478,494,456,462,470,462,420,468,470,457,457,469,497,496,462,485,485,461,479,483,496,497,503,496,517,532,485,519,508,466,494,512,514
412,294,340,259,279,271,314,408,257,387,363,389,291,373,291,317,411,300,340,337,0,335,336,322,322,321,351,330,429,385,377,429,381,430,327,374,431,321,319,323,306,359,432,340,366,366,352,352,434,354,342,348,377,397,368,399,412,362,362,381,393,466,382,376,378,409,394,389,389,398,357,401,396,385,375,365,418,375,390,393,408,405,459,437,359,407,469,490,476,412,462,406,451,478,461,492,470,481,451,459,456,408,423,465,464,468,469,455,439,440,446,439,429,477,433,459,432,452,463,439,483,452,426,487,486,430,461,460,476,463,450,422,447,487,462,460,435,432,445,463,448,492,504,457,453,445,462,464,459,448,437,449,460,439,466,456,458,448,435,476,462,449,476,488,508,502,462,481,438,458,464,485,456,512,496,429,441,490,439,490,473,492,495,502,497,485,526,480,476,504,446,507,503,493,481,490,483,484,488,488,489,502,495,549,548,501,504,534,466,531,536,551,550,554,553,543,579,502,529,525,523,513,529,562
378,314,341,284,301,296,350,387,293,338,352,406,150,368,154,192,370,156,287,167,335,0,288,248,248,249,246,174,398,363,355,399,406,399,166,336,400,245,245,253,235,304,399,267,364,393,336,324,403,364,253,243,361,364,257,420,372,257,343,335,359,435,332,336,331,373,344,332,338,345,316,351,373,414,385,342,366,394,411,398,357,342,455,455,329,367,461,471,460,444,444,357,429,443,440,479,454,460,450,465,466,433,455,474,478,459,451,437,453,447,435,425,441,451,422,446,398,440,448,404,473,426,459,452,456,474,455,452,460,447,447,432,443,474,464,454,445,438,430,454,456,469,496,458,455,439,450,453,463,416,440,428,436,453,453,449,443,448,427,474,457,459,452,464,479,466,464,476,459,456,425,473,431,493,469,390,424,467,446,471,481,473,487,488,493,469,505,473,443,504,408,495,508,464,475,480,465,438,483,482,474,475,476,521,520,476,496,507,470,505,508,519,519,528,528,537,553,511,538,520,492,523,536,538
376,287,325,260,286,290,330,344,282,302,342,383,270,351,274,274,387,271,269,282,336,288,0,262,262,265,279,272,378,370,371,379,401,379,273,344,380,287,285,283,303,342,376,299,383,364,297,335,380,353,308,293,383,364,276,420,413,276,338,397,350,468,340,314,332,373,360,321,341,360,327,355,416,397,400,344,363,391,402,396,377,348,437,404,340,364,467,460,453,417,462,388,425,443,441,473,446,464,435,463,435,416,436,452,427,459,465,439,444,442,419,397,442,452,418,451,417,422,448,422,486,404,440,468,470,466,430,443,440,438,441,426,415,450,436,426,449,406,438,429,427,485,505,432,446,438,428,462,420,418,441,423,410,449,429,451,440,451,394,445,437,454,454,442,443,486,444,451,460,450,436,447,437,507,469,421,423,465,436,454,465,456,447,487,482,447,461,434,459,459,421,489,466,473,468,469,475,455,467,468,465,478,464,501,531,473,476,503,466,514,504,538,533,537,537,526,562,475,520,501,482,482,507,558
375,278,303,240,269,267,308,347,267,301,332,360,211,335,214,221,373,229,244,221,322,248,262,0,0,16,190,224,370,343,326,371,351,371,216,296,372,171,169,193,189,314,371,201,350,325,302,322,375,310,210,212,343,311,205,361,369,186,308,342,355,454,311,297,313,373,331,309,312,325,281,333,367,351,335,300,343,325,349,345,336,320,407,402,301,333,430,447,439,402,429,337,409,437,421,451,429,444,421,463,394,393,402,436,397,415,437,414,437,430,409,390,418,435,395,427,380,414,428,385,458,408,413,450,444,428,408,426,428,424,411,417,415,440,417,407,428,387,392,410,400,454,476,385,437,391,410,412,403,398,413,400,405,417,414,429,416,425,387,431,417,433,428,439,460,461,421,439,426,426,415,442,418,479,438,386,402,434,428,442,440,444,453,445,474,437,470,444,429,465,381,450,473,442,436,448,434,420,458,458,438,449,459,482,478,452,472,471,450,464,466,484,485,485,474,504,517,465,491,486,449,468,495,492
375,278,303,240,269,267,308,347,267,301,332,360,211,335,214,221,373,229,244,221,322,248,262,0,0,16,190,224,370,343,326,371,351,371,216,296,372,171,169,193,189,314,371,201,350,325,302,322,375,310,210,212,343,311,205,361,369,186,308,342,355,454,311,297,313,373,331,309,312,325,281,333,367,351,335,300,343,325,349,345,336,320,407,402,301,333,430,447,439,402,429,337,409,437,421,451,429,444,421,463,394,393,402,436,397,415,437,414,437,430,409,390,418,435,395,427,380,414,428,385,458,408,413,450,444,428,408,426,428,424,411,417,415,440,417,407,428,387,392,410,400,454,476,385,437,391,410,412,403,398,413,400,405,417,414,429,416,425,387,431,417,433,428,439,460,461,421,439,426,426,415,442,418,479,438,386,402,434,428,442,440,444,453,445,474,437,470,444,429,465,381,450,473,442,436,448,434,420,458,458,438,449,459,482,478,452,472,471,450,464,466,484,485,485,474,504,517,465,491,486,449,468,495,492
374,276,302,238,272,267,305,348,267,299,333,364,215,336,218,222,374,232,237,224,321,249,265,16,16,0,195,227,368,342,325,369,353,369,221,298,370,175,173,195,193,315,369,205,349,326,302,322,373,314,215,215,342,317,210,362,369,188,309,341,351,457,313,299,315,367,335,308,316,328,285,331,366,354,334,303,339,325,348,346,340,320,408,403,302,339,431,450,439,401,427,338,409,435,421,451,429,444,423,462,397,391,404,438,399,407,437,414,437,433,411,387,419,433,395,429,385,416,428,388,455,409,416,451,444,431,408,425,427,424,411,418,415,440,418,405,430,387,396,408,395,450,474,379,434,391,408,414,399,397,413,401,405,420,412,431,417,425,385,432,422,433,430,437,456,461,420,441,423,432,418,440,418,477,439,388,400,433,428,440,441,442,451,446,472,436,471,438,428,464,384,451,467,441,436,448,432,415,451,451,438,448,460,485,484,454,471,474,447,469,469,488,489,491,478,503,521,458,488,484,450,469,491,493
394,288,337,264,289,291,318,384,276,333,345,398,229,361,231,232,379,243,247,237,351,246,279,190,190,195,0,224,367,346,336,368,400,368,219,296,369,161,163,153,184,317,368,175,363,358,287,318,372,363,91,154,368,317,127,409,400,161,298,362,354,475,292,292,286,364,294,310,283,279,270,336,375,403,368,275,349,389,418,409,301,330,454,417,301,316,464,468,455,419,457,307,415,461,439,480,438,461,455,470,444,412,444,446,444,456,460,440,434,437,404,405,425,445,406,439,393,410,435,401,484,410,434,467,472,490,426,445,439,430,425,421,439,453,446,425,443,434,414,425,439,485,478,417,463,405,428,443,419,424,432,422,416,454,432,442,446,441,421,449,454,439,437,451,486,485,443,444,452,441,430,460,437,505,471,395,423,465,432,465,453,467,467,463,476,442,501,447,431,486,400,468,484,447,466,460,455,429,474,474,448,466,464,493,492,452,484,485,450,489,485,490,496,499,505,508,534,478,497,507,473,481,508,511
385,309,341,276,304,299,340,384,295,323,355,398,169,358,171,119,375,172,273,213,330,174,272,224,224,227,224,0,373,362,351,374,401,374,53,318,375,225,223,237,215,289,376,252,348,371,332,325,380,345,218,212,339,348,229,405,368,247,320,340,357,450,323,321,325,369,324,312,312,320,295,334,372,401,382,305,360,403,416,410,336,338,462,429,292,347,452,483,467,430,451,338,427,448,448,476,462,470,469,468,464,440,458,463,474,462,458,446,451,450,441,424,435,450,407,449,405,445,458,408,477,427,453,450,464,477,450,466,469,439,448,435,460,471,468,450,459,433,424,449,443,468,503,438,453,411,446,458,448,421,452,444,437,467,449,444,461,458,416,472,463,461,462,463,472,470,470,477,466,462,432,479,434,495,485,405,442,481,435,474,482,475,483,489,503,467,495,463,436,490,406,494,490,465,478,486,458,440,481,482,466,462,482,505,516,478,496,497,466,497,505,503,520,519,512,521,544,503,525,519,482,504,523,522
389,374,349,354,375,375,413,404,385,401,367,411,367,360,369,381,368,371,371,380,429,398,378,370,370,368,367,373,0,411,409,5,467,1,382,350,6,361,362,382,384,414,18,378,423,436,372,353,22,419,379,367,402,375,360,465,453,378,374,420,386,488,376,355,354,367,393,374,362,364,379,366,439,455,447,364,368,426,441,430,393,391,471,470,399,401,501,484,490,419,471,396,432,476,509,513,466,493,461,491,477,446,468,451,483,460,474,442,469,453,429,454,441,453,457,459,424,439,451,408,480,504,462,479,508,492,442,442,456,439,451,472,453,469,448,441,482,466,456,445,462,491,491,447,481,431,444,481,456,427,448,446,461,476,447,497,456,465,453,468,457,464,467,459,497,489,454,465,457,454,446,452,431,508,473,461,429,472,457,460,484,464,463,474,486,468,524,487,459,513,472,476,504,475,504,472,472,455,483,478,463,481,476,503,529,476,499,504,482,522,503,522,528,526,527,534,543,533,529,508,526,540,532,540
391,336,335,343,341,334,359,412,327,392,374,361,354,384,356,376,386,379,365,369,385,363,370,343,343,342,346,362,411,0,73,412,417,412,367,359,413,351,350,363,368,399,414,371,155,401,395,387,416,377,377,383,252,390,376,435,204,353,407,192,414,466,401,402,427,425,428,381,419,440,391,409,162,432,416,421,399,418,435,421,457,399,529,471,396,432,527,525,530,480,524,449,503,505,514,548,525,534,521,528,489,465,490,521,500,505,516,502,480,491,514,492,492,532,487,516,481,518,514,480,534,483,505,532,538,487,518,523,529,526,509,475,503,541,544,516,496,488,475,517,511,522,544,487,545,481,519,494,515,487,485,491,516,496,520,508,505,487,495,551,517,509,514,543,501,543,543,531,494,505,502,546,498,554,527,475,488,525,489,552,521,554,552,553,555,544,501,538,514,516,478,553,574,535,509,533,523,507,550,547,536,533,533,563,577,521,556,551,525,564,554,576,576,582,584,593,600,558,588,577,531,565,596,587
381,328,323,327,336,326,361,402,314,381,362,366,343,382,345,369,385,369,359,356,377,355,371,326,326,325,336,351,409,73,0,410,406,410,357,356,411,332,331,345,347,390,412,358,149,391,384,381,414,377,365,374,254,382,363,431,194,346,398,186,414,445,393,391,420,424,422,376,414,432,381,401,160,428,404,412,395,406,426,408,447,390,521,468,389,423,526,525,531,477,523,437,492,502,514,540,519,535,510,522,477,456,473,507,489,497,519,497,478,487,503,484,486,521,480,506,473,509,508,469,535,481,500,531,533,482,507,520,524,514,500,469,499,538,535,506,493,486,471,507,500,523,538,483,536,472,512,488,496,475,472,487,510,476,515,510,503,483,486,545,509,502,498,537,493,542,536,526,487,494,497,538,487,559,527,469,482,525,477,544,508,546,544,550,550,538,502,533,512,508,464,551,561,528,503,516,516,497,540,539,529,531,522,565,568,517,554,540,523,560,545,574,565,572,573,586,597,551,582,574,527,558,593,583
390,377,350,355,376,376,414,405,386,401,366,411,368,361,370,382,367,372,372,380,429,399,379,371,371,369,368,374,5,412,410,0,466,6,383,351,7,361,362,382,384,414,19,378,424,437,373,353,23,419,380,365,400,376,361,468,454,379,375,421,387,487,377,354,353,367,394,375,361,365,380,365,438,458,448,365,368,427,442,431,394,392,472,471,400,402,502,483,493,420,469,397,433,475,512,514,465,496,462,491,477,445,469,449,484,461,474,442,469,453,430,455,441,454,458,459,425,440,451,409,478,503,462,478,509,492,443,443,456,438,451,472,454,470,449,442,481,467,456,446,463,491,493,446,482,430,445,482,457,428,449,446,462,479,448,496,455,466,454,469,456,464,467,460,498,488,455,464,458,455,445,453,432,508,473,462,429,472,456,461,485,465,462,474,485,468,524,487,459,514,469,476,504,474,504,473,470,453,481,476,462,480,477,504,530,474,498,504,483,523,504,523,529,527,528,534,544,532,530,507,527,539,530,539
431,380,382,343,351,348,406,448,354,429,423,403,388,422,388,402,455,393,397,385,381,406,401,351,351,353,400,401,467,417,406,466,0,468,404,437,469,404,398,409,414,430,470,422,436,291,413,411,474,325,420,419,428,460,405,348,441,413,444,428,445,514,447,426,436,460,463,418,461,464,419,453,450,343,387,453,470,326,343,350,476,437,458,398,426,464,497,501,492,458,491,477,479,482,479,505,476,494,467,498,463,396,437,477,466,459,487,470,446,458,485,449,457,506,461,482,447,485,474,450,508,442,447,488,495,425,473,464,478,491,465,440,486,499,472,474,467,431,441,475,450,495,502,476,488,452,477,463,472,465,457,477,482,421,481,492,483,469,453,502,491,451,482,487,540,504,464,490,451,474,478,496,486,533,503,446,486,498,465,498,490,500,498,516,534,500,554,491,498,541,459,524,532,504,474,500,497,488,511,516,502,511,519,545,552,512,514,538,503,539,534,546,557,557,542,550,583,522,541,549,517,528,534,556
390,375,350,355,376,376,414,405,386,402,368,412,368,361,370,382,369,372,372,381,430,399,379,371,371,369,368,374,1,412,410,6,468,0,383,351,7,362,363,383,385,415,19,379,424,437,373,354,23,420,380,368,403,376,361,466,454,379,375,421,387,489,377,356,355,368,394,375,363,365,380,367,440,456,448,365,369,427,442,431,394,392,472,471,400,402,502,485,491,420,472,397,433,477,510,514,467,494,462,492,478,447,469,452,484,461,475,443,470,454,430,455,442,454,458,460,425,440,452,409,481,505,463,480,509,493,443,443,457,440,452,473,454,470,449,442,483,467,457,446,463,492,492,448,482,432,445,482,457,428,449,447,462,477,448,498,457,466,454,469,458,465,468,460,498,490,455,466,458,455,447,453,432,509,474,462,430,473,458,461,485,465,464,475,487,469,525,488,460,514,473,477,505,476,505,473,473,456,484,479,464,482,477,504,530,477,500,505,483,523,504,523,529,527,528,535,544,534,530,509,527,541,533,541
384,310,346,279,307,300,346,386,292,331,366,406,169,365,170,127,384,169,280,215,327,166,273,216,216,221,219,53,382,367,357,383,404,383,0,327,384,226,224,233,212,297,385,248,350,381,326,333,389,361,206,206,342,352,222,411,369,243,319,344,361,449,330,321,322,375,319,322,317,322,303,337,380,404,391,308,365,400,420,413,336,341,464,435,293,349,447,486,461,432,446,335,428,444,442,465,464,464,462,465,463,441,458,464,475,466,458,446,456,454,431,419,441,454,412,461,402,435,456,407,471,427,459,450,466,470,451,466,464,442,452,439,455,473,468,450,463,435,425,450,444,468,506,437,462,417,448,455,468,422,454,444,439,469,451,443,463,465,421,476,465,462,458,465,474,471,467,474,466,463,431,476,432,493,477,403,440,475,437,475,482,477,472,486,505,467,492,466,435,488,402,489,489,469,481,492,457,431,481,483,471,468,486,511,516,480,499,506,467,500,511,508,521,519,514,527,539,504,530,528,489,506,529,521
378,326,316,299,329,331,354,360,353,392,326,383,320,298,320,317,367,327,290,322,374,336,344,296,296,298,296,318,350,359,356,351,437,351,327,0,352,304,300,310,322,364,353,317,365,382,303,307,356,383,318,305,364,119,296,438,399,315,326,370,355,468,334,327,322,364,331,267,321,329,307,303,389,437,391,317,322,399,416,410,330,297,449,435,320,352,506,465,506,431,501,339,415,498,491,532,446,514,440,500,485,426,448,436,496,466,526,433,425,436,402,399,432,443,400,424,387,404,440,386,523,435,438,506,513,471,427,428,439,425,437,421,435,451,437,423,428,441,408,428,461,518,484,424,462,407,420,462,443,406,418,426,418,443,424,509,443,422,417,452,438,432,433,448,455,523,451,453,440,443,427,445,427,552,447,386,397,446,456,458,451,459,453,467,473,446,485,449,433,469,400,468,500,447,464,460,439,437,484,485,434,452,463,482,508,444,490,482,437,500,479,503,513,516,509,516,534,489,514,504,460,496,521,529
391,378,351,356,377,377,415,406,386,403,369,415,369,361,371,383,370,373,371,382,431,400,380,372,372,370,369,375,6,413,411,7,469,7,384,352,0,363,364,384,386,416,20,380,425,438,374,355,24,421,381,369,404,377,362,469,455,380,376,422,388,488,378,357,356,369,395,376,364,366,381,368,441,459,449,366,370,427,442,431,395,391,473,471,401,403,503,486,494,421,473,398,434,478,513,515,468,497,463,493,478,448,470,453,484,462,476,444,471,455,431,456,443,455,459,460,426,441,453,410,482,506,464,481,510,492,444,444,458,441,450,474,455,471,450,443,484,467,458,447,464,493,495,449,483,433,446,483,458,429,450,448,463,480,449,499,458,467,455,470,459,466,469,461,499,491,456,467,459,454,448,454,433,510,475,463,430,474,459,462,486,466,465,475,488,468,526,489,460,517,474,477,505,476,506,474,474,457,485,480,463,483,478,505,531,476,501,506,484,524,505,524,530,528,529,536,545,534,531,509,528,541,533,542
394,283,334,261,296,279,306,373,271,316,349,394,206,355,204,219,380,225,264,224,321,245,287,171,171,175,161,225,361,351,332,361,404,362,226,304,363,0,13,80,39,307,364,96,349,366,307,322,366,361,170,190,352,325,189,409,383,172,308,359,370,487,303,295,298,386,316,310,304,308,279,336,374,397,368,287,342,370,399,388,321,323,438,426,303,327,464,462,466,429,457,320,432,461,451,488,450,473,441,484,441,413,441,448,447,458,468,435,443,450,425,418,440,452,423,443,407,429,438,408,480,431,431,460,467,476,435,450,448,438,437,434,444,453,453,436,437,429,422,439,440,479,491,428,473,417,423,438,422,417,427,426,427,448,426,461,448,436,423,460,458,454,443,462,480,487,455,453,448,446,437,470,439,503,468,402,420,463,436,478,467,480,479,478,491,468,495,467,436,489,404,481,496,451,464,469,454,439,481,480,452,471,473,505,500,455,489,482,475,481,488,501,508,508,501,523,534,494,520,510,474,492,510,520
