snp-dists 0.8.2,test1,Mycobacterium_lacus,Mycobacterium_decipiens,Mycobacterium_shinjukuense,Mycobacterium_terramassiliense,Mycobacterium_malmoense,Mycobacterium_paraense,Mycobacterium_bohemicum,Mycobacterium_riyadhense,Mycobacterium_innocens,Mycobacterium_parmense,Mycobacterium_scrofulaceum,Mycobacterium_shimoidei,Mycobacterium_parascrofulaceum,Mycobacterium_palustre,Mycobacterium_fragae,Mycobacterium_ostraviense,Mycobacterium_seoulense,Mycobacterium_attenuatum,Mycobacterium_talmoniae,Mycobacterium_simulans,Mycobacterium_kyorinense,Mycobacterium_paraseoulense,Mycobacterium_avium,Mycobacterium_persicum,Mycolicibacterium_vulneris,Mycobacterium_alsense,Mycobacterium_gastri,Mycobacterium_marseillense,Mycobacterium_helveticum,Mycobacterium_europaeum,Mycobacterium_timonense,Mycobacterium_yongonense,Mycobacterium_hominissuis,Mycobacterium_interjectum,Mycobacterium_kansasii,Mycobacterium_bouchedurhonense,Mycobacterium_celatum,Mycobacterium_sherrisii,Mycobacterium_saskatchewanense,Mycobacterium_heidelbergense,Mycobacterium_pseudokansasii,Mycobacterium_triplex,Mycobacterium_haemophilum,Mycobacterium_mantenii,Mycobacterium_chimaera,Mycobacterium_genavense,Mycobacterium_branderi,Mycobacterium_paraffinicum,Mycobacterium_intracellulare,Mycobacterium_paraintracellulare,Mycobacterium_simiae,Mycobacterium_ulcerans,Mycobacterium_pseudoshottsii,Mycobacterium_liflandii,Mycobacterium_senriense,Mycobacterium_lentiflavum,Mycobacterium_colombiense,Mycobacterium_gordonae,Mycobacterium_marinum,Mycobacterium_shinshuense,Mycobacterium_basiliense,Mycobacterium_kubicae,Mycobacterium_arosiense,Mycobacterium_shottsii,Mycobacterium_paragordonae,Mycobacterium_intermedium,Mycobacterium_angelicum,Mycobacterium_ahvazicum,Mycobacterium_rhizamassiliense,Mycobacterium_asiaticum,Mycolicibacter_longobardus,Mycobacterium_bourgelatii,Mycobacterium_florentinum,Mycobacterium_numidiamassiliense,Mycobacterium_szulgai,Mycobacterium_stomatepiae,Mycobacterium_conspicuum,Mycobacterium_montefiorense,Mycolicibacter_kumamotonensis,Mycobacterium_noviomagense,Mycobacterium_spongiae,Mycolicibacter_sinensis,Mycobacterium_novum,Mycolicibacter_acidiphilus,Mycolicibacter_algericus,Mycolicibacter_senuensis,Mycobacterium_xenopi,Mycolicibacillus_trivialis,Mycobacterium_vicinigordonae,Mycobacterium_shigaense,Mycolicibacter_terrae,Mycobacterium_tilburgii,Mycolicibacterium_hassiacum,Mycobacterium_palauense,Mycolicibacterium_cosmeticum,Mycobacterium_botniense,Mycolicibacterium_thermoresistibile,Mycolicibacterium_xanthum,Mycolicibacterium_insubricum,Mycobacterium_heckeshornense,Mycolicibacter_icosiumassiliensis,Mycolicibacterium_canariasense,Mycolicibacterium_elephantis,Mycobacterium_grossiae,Mycolicibacterium_fallax,Mycobacterium_cookii,Mycolicibacter_heraklionensis,Mycolicibacterium_novocastrense,Mycolicibacterium_chlorophenolicum,Mycolicibacterium_komanii,Mycolicibacterium_agri,Mycobacterium_lehmannii,Mycolicibacterium_litorale,Mycolicibacterium_brumae,Mycolicibacillus_koreensis,Mycolicibacterium_chitae,Mycolicibacterium_goodii,Mycolicibacterium_farcinogenes,Mycolicibacterium_smegmatis,Mycobacteroides_bolletii,Mycobacterium_neumannii,Mycolicibacillus_parakoreensis,Mycolicibacterium_chubuense,Mycolicibacterium_anyangense,Mycolicibacter_minnesotensis,Mycolicibacterium_flavescens,Mycolicibacterium_mageritense,Mycolicibacterium_phlei,Mycolicibacter_hiberniae,Mycolicibacterium_houstonense,Mycolicibacterium_duvalii,Mycolicibacterium_bacteremicum,Mycobacteroides_massiliense,Mycolicibacterium_celeriflavum,Mycolicibacterium_pulveris,Mycolicibacterium_neworleansense,Mycobacterium_hackensackense,Mycobacteroides_abscessus,Mycolicibacter_virginiensis,Mycolicibacterium_senegalense,Mycolicibacterium_doricum,Mycolicibacterium_malmesburyense,Mycobacterium_barrassiae,Mycolicibacterium_rutilum,Mycobacterium_paraterrae,Mycolicibacterium_brisbanense,Mycobacterium_kyogaense,Mycolicibacterium_poriferae,Mycolicibacterium_tokaiense,Mycolicibacterium_fluoranthenivorans,Mycolicibacterium_fortuitum,Mycolicibacterium_monacense,Mycolicibacterium_holsaticum,Mycolicibacterium_setense,Mycolicibacterium_acetamidolyticum,Mycobacterium_dioxanotrophicus,Mycolicibacterium_psychrotolerans,Mycolicibacter_nonchromogenicus,Mycolicibacterium_wolinskyi,Mycolicibacterium_rufum,Mycolicibacterium_murale,Mycolicibacterium_neoaurum,Mycolicibacterium_phocaicum,Mycolicibacterium_diernhoferi,Mycolicibacter_engbaekii,Mycolicibacterium_boenickei,Mycolicibacterium_llatzerense,Mycolicibacterium_nivoides,Mycobacterium_syngnathidarum,Mycolicibacterium_gilvum,Mycolicibacterium_mucogenicum,Mycolicibacterium_septicum,Mycolicibacterium_porcinum,Mycolicibacterium_peregrinum,Mycolicibacterium_vaccae,Mycobacterium_uberis,Mycolicibacter_arupensis,Mycolicibacterium_lutetiense,Mycobacterium_aquaticum,Mycolicibacterium_confluentis,Mycobacteroides_saopaulense,Mycolicibacterium_obuense,Mycolicibacterium_aubagnense,Mycolicibacterium_austroafricanum,Mycobacterium_frederiksbergense,Mycolicibacterium_pyrenivorans,Mycolicibacterium_alvei,Mycolicibacterium_tusciae,Mycobacterium_manitobense,Mycolicibacterium_vanbaalenii,Mycolicibacterium_crocinum,Mycolicibacterium_stellerae,Mycobacterium_yunnanensis,Mycolicibacterium_hippocampi,Mycolicibacterium_arabiense,Mycobacteroides_chelonae,Mycolicibacterium_baixiangningiae,Mycolicibacterium_vinylchloridicum,Mycolicibacterium_madagascariense,Mycolicibacterium_iranicum,Mycolicibacterium_moriokaense,Mycobacterium_neglectum,Mycolicibacterium_gadium,Mycolicibacterium_aromaticivorans,Mycolicibacterium_mengxianglii,Mycolicibacterium_pallens,Mycolicibacterium_helvum,Mycolicibacterium_aurum,Mycolicibacterium_lacusdiani,Mycolicibacterium_hodleri,Mycolicibacterium_sediminis,Mycolicibacterium_aichiense,Mycobacterium_leprae,Mycolicibacterium_rhodesiae,Mycobacteroides_immunogenum,Mycolicibacterium_komossense,Mycolicibacterium_sarraceniae,Mycobacteroides_franklinii,Mycobacterium_lepromatosis,Mycobacteroides_salmoniphilum,Mycolicibacterium_parafortuitum,Mycolicibacterium_sphagni
test1,0,202,208,213,177,185,173,193,203,209,172,176,215,172,182,220,199,173,196,170,186,205,176,171,196,170,182,200,175,179,185,176,179,173,183,198,171,199,173,182,176,203,179,203,178,180,176,198,186,182,179,177,171,173,171,170,169,165,188,174,173,180,172,168,175,181,191,184,164,159,195,167,178,176,165,189,176,186,186,176,216,224,176,177,158,182,170,228,201,192,187,183,190,192,160,114,210,191,136,141,227,149,117,177,127,143,171,150,173,141,179,195,171,143,131,192,143,126,115,113,169,180,209,151,141,157,160,122,145,154,113,166,125,169,183,188,82,114,169,158,117,171,189,171,168,176,127,138,150,139,117,111,155,178,82,110,108,143,156,117,149,140,128,131,122,160,79,110,78,126,151,129,78,86,83,144,264,161,77,116,138,174,136,106,133,121,123,93,163,125,132,163,177,149,142,135,157,152,158,150,141,176,161,156,164,136,169,164,149,132,150,126,161,260,164,153,150,147,145,263,158,142,157
Mycobacterium_lacus,202,0,130,132,132,122,142,137,113,104,142,130,122,129,127,108,122,128,116,131,118,112,126,131,116,146,142,119,148,139,140,143,143,135,135,122,136,110,149,133,123,119,138,125,131,145,131,100,132,146,145,147,151,153,151,143,133,139,162,153,154,134,150,152,154,147,158,148,142,148,161,149,160,148,141,144,145,137,152,157,148,177,163,162,170,162,166,163,168,176,149,172,169,169,171,181,171,183,168,179,159,185,192,163,170,182,159,181,169,175,171,183,168,189,160,182,183,189,169,184,187,176,182,174,183,198,176,194,204,195,183,181,191,190,181,171,179,199,190,194,172,195,171,181,175,191,190,189,177,188,199,176,193,174,186,177,188,175,199,177,179,189,194,202,198,192,181,196,182,187,186,204,191,188,187,185,201,194,189,192,209,206,193,196,182,205,180,201,198,185,182,201,188,192,187,196,213,197,198,194,186,192,202,200,203,202,206,218,205,195,218,196,207,201,203,227,202,219,230,205,235,209,223
Mycobacterium_decipiens,208,130,0,144,121,112,123,127,136,138,129,117,132,122,124,145,140,117,139,121,110,141,116,134,141,128,123,142,126,135,125,131,133,136,124,137,137,136,143,131,126,136,128,117,140,135,131,144,124,136,135,145,146,147,146,134,133,134,146,148,148,138,136,146,149,141,128,132,135,143,151,148,139,141,148,139,142,149,147,158,162,153,155,154,156,156,155,176,164,165,161,159,161,187,156,174,168,175,163,166,165,167,180,157,167,164,156,170,165,178,166,183,165,174,151,180,171,183,168,179,177,169,182,171,172,183,170,181,196,193,172,179,184,176,171,159,176,185,176,176,172,186,169,171,170,176,179,178,173,187,186,169,182,169,182,170,175,172,186,170,181,188,191,185,193,180,190,190,189,184,185,184,192,184,184,190,190,182,194,181,199,190,183,187,186,192,186,196,195,183,184,183,176,187,183,188,197,190,186,180,186,181,200,186,190,200,188,198,199,191,206,188,187,195,186,219,195,203,221,198,227,206,208
Mycobacterium_shinjukuense,213,132,144,0,147,142,154,158,140,116,165,150,118,151,149,133,120,150,130,147,151,138,148,154,126,168,162,122,166,144,158,167,169,152,157,122,153,135,173,158,151,129,155,159,166,172,158,134,159,170,171,179,164,166,164,163,164,170,175,166,167,171,170,171,167,164,172,175,166,180,176,168,181,169,176,166,166,163,169,174,163,188,172,173,168,180,170,175,188,172,186,178,183,190,187,183,171,177,194,185,168,184,190,177,177,189,183,180,183,192,195,167,189,194,184,171,189,195,192,196,199,194,180,191,190,187,198,198,217,190,196,198,194,201,205,187,188,195,201,193,193,200,199,202,194,221,204,204,190,194,193,194,193,195,193,195,195,192,194,190,195,194,197,197,197,187,192,204,193,202,206,200,202,197,194,191,240,193,204,200,218,211,209,198,200,196,197,208,217,201,199,219,202,208,195,203,212,208,215,210,203,210,221,216,221,222,222,222,208,204,215,199,218,228,226,227,218,234,228,243,232,214,233
Mycobacterium_terramassiliense,177,132,121,147,0,78,70,52,130,122,72,68,121,79,92,130,126,44,130,99,102,111,46,88,127,88,96,129,87,76,74,85,87,89,56,131,91,123,97,49,83,124,89,116,83,87,85,124,67,90,89,93,107,109,107,84,89,84,102,109,110,97,105,104,110,97,118,101,92,101,111,103,115,100,99,94,97,99,111,106,152,161,114,113,117,115,116,154,148,110,105,122,113,158,131,152,162,146,121,116,143,119,161,132,146,130,107,111,146,121,153,169,151,145,123,146,142,164,132,156,148,155,154,123,142,128,133,145,173,132,135,131,163,149,151,143,151,163,149,128,134,165,153,145,133,135,144,129,142,151,166,128,154,147,162,128,145,123,131,132,128,152,169,163,168,138,157,170,158,142,149,165,163,157,157,160,194,134,166,152,168,148,133,163,148,174,148,167,158,147,148,150,147,153,153,161,177,150,151,157,151,155,154,148,153,172,155,169,174,163,182,171,156,194,154,189,180,180,191,197,203,180,175
Mycobacterium_malmoense,185,122,112,142,78,0,83,87,119,123,76,80,121,83,78,130,128,78,116,111,89,117,79,98,121,92,89,126,87,95,84,91,90,100,83,118,101,130,102,83,63,133,101,103,93,90,96,134,78,93,94,103,92,93,92,89,91,94,104,94,95,89,91,109,95,93,109,98,91,104,111,118,115,100,102,93,101,92,113,126,150,160,124,123,127,126,132,155,157,124,108,132,121,170,138,153,173,154,129,129,147,133,159,133,142,135,99,131,145,135,150,167,148,151,127,159,145,167,140,158,151,153,165,127,155,141,142,162,182,138,150,144,163,152,152,145,162,162,152,143,142,162,150,144,141,141,153,139,149,159,163,142,160,147,168,141,151,131,153,144,139,158,169,164,162,147,168,169,169,154,158,167,172,166,165,165,187,148,173,158,174,159,145,162,158,171,156,174,171,151,158,165,145,162,156,162,182,163,162,172,161,159,174,164,160,183,163,179,179,166,187,161,167,187,162,198,182,184,200,193,205,174,180
Mycobacterium_paraense,173,142,123,154,70,83,0,86,138,140,65,67,128,59,88,138,135,77,141,113,108,124,73,85,134,86,81,137,81,105,74,82,87,87,69,138,88,126,102,81,80,143,102,123,94,85,101,134,68,90,85,93,107,108,107,89,103,88,104,109,110,104,98,96,110,102,108,101,104,104,111,122,103,116,103,113,112,109,122,132,160,163,137,138,122,140,136,172,162,115,118,141,113,165,139,138,172,153,123,107,162,124,147,137,131,126,110,120,127,121,137,155,136,141,114,157,145,148,123,143,154,139,166,114,136,130,131,131,164,134,128,138,154,153,140,132,144,154,153,133,125,156,134,137,119,141,133,119,146,142,154,131,146,140,154,132,138,123,140,133,126,142,161,155,157,138,148,163,149,137,152,158,151,148,148,156,193,137,157,146,160,157,125,156,147,165,141,151,154,133,148,147,146,141,153,144,177,144,143,151,158,148,157,144,140,158,148,158,158,146,179,160,147,198,149,188,177,171,189,202,203,172,168
Mycobacterium_bohemicum,193,137,127,158,52,87,86,0,134,137,83,80,128,85,99,132,137,52,139,112,106,116,59,101,136,97,101,134,97,66,88,93,96,103,77,140,104,130,114,59,90,142,90,129,84,96,89,124,75,97,94,105,108,110,108,94,93,88,111,110,111,101,108,107,109,112,124,112,103,107,119,121,118,104,111,101,101,102,120,121,161,174,128,127,125,128,130,158,158,129,118,137,124,160,137,167,174,150,127,131,152,131,174,138,158,145,119,132,137,134,147,170,148,142,127,159,143,175,149,166,151,147,162,132,155,146,141,158,183,150,156,142,175,154,148,135,169,179,154,147,150,162,145,150,139,153,158,145,149,162,180,148,154,146,172,149,164,136,153,146,140,165,183,177,184,155,172,191,173,160,163,181,178,173,172,166,197,154,182,171,182,156,146,178,159,186,155,180,159,147,157,168,152,157,167,178,184,162,167,165,168,161,158,161,168,182,175,181,180,182,180,176,172,196,160,197,188,191,198,206,207,184,199
Mycobacterium_riyadhense,203,113,136,140,130,119,138,134,0,128,144,137,133,136,138,121,130,136,117,140,84,129,133,141,140,139,138,133,143,129,142,144,152,143,140,137,144,118,148,139,134,143,130,129,147,149,126,122,142,154,154,147,149,151,149,140,133,143,155,150,151,141,140,152,151,148,143,141,137,148,158,163,146,132,140,144,134,141,143,174,150,167,171,170,180,172,174,157,192,174,158,173,161,174,173,177,178,187,181,181,157,178,190,170,170,179,145,179,168,179,172,169,170,171,174,197,179,186,182,180,181,177,205,176,191,185,174,196,201,192,185,198,193,184,179,179,175,191,184,185,184,188,180,181,173,187,194,188,179,207,193,178,184,183,190,177,183,184,192,177,190,208,200,188,204,187,181,195,182,199,185,191,187,176,178,191,200,188,198,189,214,188,189,194,189,202,185,196,206,191,189,203,186,188,196,196,199,201,211,193,190,189,211,203,210,217,204,219,203,195,213,192,205,202,201,217,206,223,217,205,231,210,225
Mycobacterium_innocens,209,104,138,116,122,123,140,137,128,0,144,134,107,122,117,111,65,128,102,132,133,110,123,135,78,156,147,70,143,133,136,148,151,137,133,62,138,101,140,133,136,64,141,147,153,150,138,96,134,154,153,143,153,154,153,151,146,154,158,155,156,148,151,152,156,155,152,154,140,153,158,152,165,144,151,150,149,155,152,153,143,179,171,170,156,166,168,157,174,162,164,155,160,164,174,190,157,168,170,175,143,171,193,161,178,188,162,169,168,179,175,169,171,190,175,184,184,197,177,191,186,174,181,172,183,172,169,187,198,175,184,175,197,187,176,165,193,194,187,178,180,192,176,186,172,186,191,190,178,196,194,180,193,166,193,180,193,176,184,179,184,196,198,193,194,178,192,197,194,190,188,195,203,202,203,184,208,174,202,191,195,196,192,195,180,198,177,209,198,187,181,191,180,206,190,200,197,187,187,188,190,190,209,195,188,213,192,201,200,200,205,200,194,211,205,216,199,209,218,223,223,206,200
Mycobacterium_parmense,172,142,129,165,72,76,65,83,144,144,0,61,131,68,80,143,145,73,146,110,109,125,76,80,136,76,76,140,76,93,64,75,77,82,79,141,83,137,105,71,82,150,100,121,87,75,98,135,67,78,77,100,99,100,99,82,97,72,107,101,102,99,90,89,100,103,116,90,105,107,116,114,106,111,109,103,103,101,118,122,163,165,130,131,122,127,132,175,155,124,118,135,125,165,136,144,177,152,118,118,167,134,154,135,132,131,106,132,130,122,135,160,138,138,120,155,140,145,128,140,153,141,159,117,151,142,134,141,165,144,139,135,155,154,132,142,153,153,154,143,130,154,128,140,126,138,141,122,145,152,155,139,141,139,160,138,144,127,152,139,129,154,160,160,157,153,156,172,157,141,143,164,158,156,155,158,199,153,164,149,168,159,127,160,150,166,146,165,162,141,150,162,141,148,155,147,181,151,151,153,152,150,154,153,153,173,163,169,162,151,175,160,162,197,154,195,179,180,197,194,213,169,178
Mycobacterium_scrofulaceum,176,130,117,150,68,80,67,80,137,134,61,0,135,56,86,146,133,71,136,107,99,121,69,75,136,82,78,127,70,102,21,74,81,75,76,134,77,132,106,74,78,141,96,108,93,80,93,133,65,82,81,99,93,95,93,70,95,76,98,95,96,93,83,89,94,92,108,100,97,100,107,107,109,109,105,107,103,107,115,119,165,160,123,122,127,123,125,173,154,111,117,136,118,152,138,146,178,145,120,119,161,124,155,141,138,135,109,122,124,121,136,154,133,138,120,157,143,156,126,153,152,137,166,117,141,130,139,138,168,134,135,132,160,153,132,138,156,158,153,134,127,156,128,141,126,134,140,129,148,149,160,135,146,140,161,136,142,127,141,136,132,151,161,162,161,138,159,169,160,141,142,166,163,158,157,155,190,134,159,147,167,155,133,159,146,169,145,169,161,142,147,158,146,150,150,156,171,156,151,160,153,155,163,154,148,170,161,168,165,158,182,165,157,196,153,184,177,179,186,195,194,171,174
Mycobacterium_shimoidei,215,122,132,118,121,121,128,128,133,107,131,135,0,125,122,78,105,118,105,114,130,79,115,141,110,146,129,103,151,132,138,143,143,140,139,111,141,91,146,130,126,100,130,138,130,142,132,88,119,144,144,138,145,146,145,144,137,137,153,145,148,134,133,152,145,145,124,149,141,157,154,138,129,144,146,136,136,138,154,153,125,175,157,158,155,163,157,149,168,151,157,158,151,161,159,172,153,165,166,165,147,170,176,161,160,179,154,168,169,168,171,156,172,172,160,172,171,169,164,168,175,178,170,163,169,173,165,175,195,178,173,175,184,176,179,172,176,182,176,183,168,191,186,176,165,181,178,165,168,172,181,165,182,163,185,166,177,168,179,162,170,171,188,182,188,184,183,191,184,179,171,185,189,183,182,184,205,185,197,181,198,183,170,190,177,189,180,193,193,178,177,185,176,183,180,182,199,182,181,187,181,178,194,189,190,197,184,190,185,186,207,190,185,200,197,215,198,204,219,211,225,195,202
Mycobacterium_parascrofulaceum,172,129,122,151,79,83,59,85,136,122,68,56,125,0,83,126,125,79,141,111,107,116,76,85,126,95,90,127,83,102,68,86,89,87,90,128,88,125,102,84,82,137,94,119,92,92,91,125,49,90,89,101,107,108,107,90,93,91,106,109,110,94,98,98,108,98,110,101,95,97,114,125,104,107,99,112,101,107,113,128,162,172,135,135,128,135,132,166,155,113,117,137,119,155,146,147,166,144,119,120,157,128,153,145,135,140,112,129,126,126,138,153,132,140,124,161,142,154,122,151,159,136,166,114,147,134,128,137,167,141,132,132,155,160,143,137,154,147,160,136,122,161,132,143,121,142,138,131,147,148,149,133,151,138,159,133,135,130,145,133,132,149,158,161,157,140,156,166,157,140,149,162,160,161,161,156,201,145,168,141,160,161,133,155,153,163,142,166,165,137,155,161,144,141,157,154,169,146,152,152,161,158,165,149,149,169,165,171,163,159,172,162,160,201,156,186,170,170,184,200,195,177,169
Mycobacterium_palustre,182,127,124,149,92,78,88,99,138,117,80,86,122,83,0,130,131,95,127,111,103,117,97,83,130,98,81,128,96,107,95,97,96,84,97,123,85,128,101,104,82,137,110,110,108,97,105,119,99,99,98,106,110,111,110,99,109,93,116,112,113,106,87,104,113,112,121,111,110,113,123,122,123,117,114,104,113,109,125,128,153,161,136,137,133,138,135,165,158,131,128,142,127,159,135,160,153,157,125,132,148,147,167,137,141,144,124,143,135,135,141,157,142,146,133,166,153,162,142,155,167,150,163,121,161,153,136,155,171,154,149,153,173,166,149,140,163,173,166,160,143,169,136,148,132,146,152,143,142,161,173,142,154,148,174,141,159,140,161,139,141,161,178,167,179,166,173,177,174,158,156,171,175,171,170,161,186,157,178,163,178,168,145,175,163,181,150,180,172,142,164,164,150,158,169,171,193,161,163,170,158,158,179,160,162,177,167,182,180,176,194,174,172,179,166,205,186,195,207,190,213,180,189
Mycobacterium_fragae,220,108,145,133,130,130,138,132,121,111,143,146,78,126,130,0,111,127,118,126,134,87,124,136,117,147,143,121,153,133,150,146,142,135,142,122,136,79,144,136,130,109,126,139,128,144,127,72,129,144,144,142,155,156,155,147,132,141,160,155,156,139,142,146,156,155,146,153,136,161,152,152,145,138,150,150,136,137,149,154,107,181,163,162,158,165,165,135,174,160,141,163,157,166,167,184,152,165,178,180,143,175,191,165,165,187,148,179,163,180,166,158,166,174,180,181,184,188,179,184,190,168,180,168,184,185,163,191,204,188,191,190,187,191,175,165,189,194,191,185,183,196,176,173,162,184,199,182,172,190,194,181,186,167,197,182,192,179,187,178,181,185,199,194,198,184,193,206,195,197,178,195,203,198,195,193,213,190,209,199,201,200,186,199,186,202,184,209,192,186,186,189,186,191,188,190,204,183,189,194,188,179,193,191,194,213,194,205,198,195,211,196,193,209,199,219,214,219,222,212,226,211,208
Mycobacterium_ostraviense,199,122,140,120,126,128,135,137,130,65,145,133,105,125,131,111,0,134,83,130,140,112,129,144,57,155,145,44,149,135,136,154,160,144,129,50,145,106,137,131,131,48,133,143,149,160,142,101,142,161,160,140,156,157,156,150,152,157,148,158,159,137,145,157,157,146,140,155,142,155,149,151,154,154,151,149,150,152,160,153,144,190,172,171,155,168,170,164,178,162,158,157,156,167,175,179,153,163,173,165,149,163,188,168,175,179,166,166,166,178,173,169,171,181,163,181,168,186,170,183,177,174,180,170,176,164,166,176,203,172,173,181,184,178,177,171,181,186,178,174,174,187,174,187,169,183,184,185,178,178,186,169,188,167,188,169,181,180,176,168,187,177,185,183,186,175,187,189,188,182,184,183,194,190,189,179,209,168,189,182,197,187,187,180,181,187,177,204,203,187,182,188,188,193,188,188,187,189,189,184,185,187,207,191,190,208,193,199,189,189,202,191,189,212,204,203,197,207,201,216,206,197,199
Mycobacterium_seoulense,173,128,117,150,44,78,77,52,136,128,73,71,118,79,95,127,134,0,135,103,108,110,21,89,126,84,94,128,90,82,77,86,86,89,52,129,90,122,100,35,81,132,85,122,73,83,78,121,60,91,90,96,103,105,103,84,87,78,112,105,106,95,106,97,106,106,117,96,93,105,119,103,114,102,104,90,99,89,106,115,144,165,126,125,114,119,121,158,155,118,113,125,113,156,132,155,166,152,116,116,150,119,160,134,133,130,108,116,139,122,147,167,146,141,117,151,143,157,132,150,141,149,162,129,142,131,134,145,172,140,139,139,158,142,147,129,152,159,142,130,134,161,136,139,134,143,149,131,141,154,160,133,154,142,155,134,143,124,140,130,128,155,164,159,169,141,156,174,157,141,154,163,160,159,156,160,193,137,171,150,163,145,133,162,152,170,146,160,156,140,150,153,140,152,154,158,175,148,155,158,158,152,152,144,148,167,156,169,171,162,183,161,154,191,145,194,179,177,196,195,204,177,178
Mycobacterium_attenuatum,196,116,139,130,130,116,141,139,117,102,146,136,105,141,127,118,83,135,0,119,120,101,132,150,87,145,133,84,141,135,140,144,148,150,140,81,151,103,132,136,122,83,133,126,143,147,131,103,149,151,150,132,137,138,137,138,135,145,135,137,140,128,129,147,138,126,144,136,133,140,147,142,151,144,136,126,143,138,148,149,141,175,159,158,153,159,162,151,174,149,149,157,153,180,168,173,167,181,170,173,144,161,181,166,160,176,146,166,165,165,166,167,167,172,160,184,169,181,170,173,168,172,180,167,177,161,170,179,212,169,174,173,186,171,172,177,169,179,171,171,174,180,174,174,168,166,178,170,164,173,180,164,173,172,174,163,181,173,176,162,177,175,193,185,194,173,172,187,173,179,177,187,180,180,178,167,197,169,181,183,199,184,178,181,176,190,179,192,196,177,174,183,179,178,180,184,192,186,187,188,183,176,198,192,192,190,188,190,184,186,201,185,184,201,196,209,201,202,212,210,212,183,198
Mycobacterium_talmoniae,170,131,121,147,99,111,113,112,140,132,110,107,114,111,111,126,130,103,119,0,108,120,100,116,117,115,101,123,115,114,115,121,120,113,120,125,115,110,116,111,111,127,109,112,115,121,112,114,119,123,122,116,112,115,112,114,115,115,122,114,115,116,104,120,115,120,120,132,108,119,126,96,111,126,117,128,116,118,122,113,145,154,103,104,111,109,105,153,128,135,135,111,130,153,123,139,143,148,121,131,143,130,138,133,129,133,123,132,138,135,145,159,136,143,117,133,131,137,122,140,146,142,135,135,138,140,137,128,150,143,128,136,141,147,147,147,134,147,147,141,124,161,149,147,139,141,130,141,133,140,149,122,151,143,140,123,129,143,150,128,137,140,149,160,153,145,140,156,141,140,135,159,149,142,140,147,186,147,156,138,162,150,145,161,135,150,143,150,151,141,138,153,143,156,142,149,172,155,147,156,139,155,159,147,158,161,159,170,156,152,181,161,154,184,145,186,171,175,187,183,194,169,178
Mycobacterium_simulans,186,118,110,151,102,89,108,106,84,133,109,99,130,107,103,134,140,108,120,108,0,135,106,105,138,107,94,134,107,112,103,109,113,109,108,136,110,126,112,109,92,147,99,93,106,112,94,133,109,118,117,110,113,115,113,109,99,109,116,115,115,104,107,116,116,110,123,107,106,108,118,131,119,105,107,107,103,100,108,141,152,140,138,137,149,137,141,166,171,134,122,145,127,165,145,146,170,160,133,147,153,140,159,136,140,149,116,141,140,138,142,164,140,144,134,181,153,163,143,150,167,145,186,129,150,152,144,161,173,158,149,154,163,170,147,137,157,171,170,151,145,158,145,151,141,145,154,147,139,171,171,143,151,150,167,144,153,140,156,149,148,172,167,166,170,161,166,169,167,162,141,170,167,160,158,158,179,155,166,160,186,176,148,167,156,179,156,177,174,156,157,171,157,154,164,172,176,171,175,168,157,159,176,170,169,179,169,181,173,173,189,169,169,176,174,196,175,190,196,179,198,173,193
Mycobacterium_kyorinense,205,112,141,138,111,117,124,116,129,110,125,121,79,116,117,87,112,110,101,120,135,0,109,134,116,128,119,112,133,131,125,132,128,135,124,117,136,71,122,117,119,112,118,134,122,128,119,65,115,131,130,119,124,126,124,128,121,126,134,126,127,123,127,139,127,131,132,135,127,141,134,123,127,136,128,126,128,118,137,133,130,178,143,142,144,145,143,135,164,140,137,148,142,164,157,175,150,171,157,164,134,158,178,166,164,172,144,157,159,154,167,158,164,161,162,168,174,175,154,166,161,165,170,157,173,164,151,163,201,169,160,160,191,166,164,171,170,179,166,167,158,179,168,162,149,153,167,159,169,177,180,153,166,151,176,152,165,154,168,151,158,175,197,187,194,169,175,190,176,172,175,186,184,179,178,175,206,176,195,168,190,179,164,188,178,194,178,193,177,166,178,174,174,190,177,186,198,173,174,190,188,169,182,170,178,198,178,183,187,190,213,194,178,203,181,215,200,204,220,215,221,197,190
Mycobacterium_paraseoulense,176,126,116,148,46,79,73,59,133,123,76,69,115,76,97,124,129,21,132,100,106,109,0,92,132,89,97,127,89,82,75,87,89,92,49,126,93,118,100,40,85,127,86,123,76,87,81,122,63,92,91,90,105,106,105,89,91,81,112,107,108,97,105,97,108,108,117,98,96,101,120,102,116,103,105,94,100,93,113,108,148,164,122,121,112,117,118,158,151,111,116,116,109,156,130,159,164,147,119,118,145,120,166,138,134,136,110,116,138,123,145,165,144,142,121,146,141,160,131,157,143,149,161,125,143,126,135,144,170,141,136,139,161,144,145,131,154,157,144,127,133,165,139,139,131,142,146,129,142,156,158,134,156,141,159,135,142,125,136,134,128,157,169,161,170,136,160,175,159,142,152,165,162,159,158,161,197,132,171,149,165,144,131,164,154,170,146,162,161,146,154,153,141,157,155,159,173,149,152,162,159,151,153,147,150,172,156,170,165,161,186,166,154,197,153,192,179,179,194,200,203,177,171
Mycobacterium_avium,171,131,134,154,88,98,85,101,141,135,80,75,141,85,83,136,144,89,150,116,105,134,92,0,126,61,95,139,69,114,81,70,70,6,100,141,7,128,106,96,96,146,103,119,86,73,103,131,86,71,70,108,93,95,93,69,95,57,110,95,96,92,89,67,94,106,118,92,98,114,116,118,116,111,105,107,105,110,112,122,152,166,131,130,135,134,125,167,150,122,124,130,118,159,133,146,171,144,125,121,155,128,154,139,138,138,110,127,121,123,135,158,122,139,124,168,138,147,132,152,154,128,170,120,140,140,129,140,153,141,143,137,149,153,132,139,156,158,153,139,136,149,124,150,120,146,145,137,146,149,159,137,144,148,165,136,144,125,140,135,127,151,159,159,158,146,164,167,165,143,143,159,167,161,163,148,196,141,162,149,161,157,135,158,145,164,140,170,158,137,145,157,145,151,153,157,173,151,158,156,143,158,162,161,150,171,160,165,162,161,177,162,154,202,157,187,175,181,189,203,198,172,178
Mycobacterium_persicum,196,116,141,126,127,121,134,136,140,78,136,136,110,126,130,117,57,126,87,117,138,116,132,126,0,142,129,52,137,135,140,142,145,126,137,54,127,103,137,130,132,64,136,141,135,146,138,98,133,146,145,137,138,140,138,137,140,140,151,140,141,133,140,139,139,140,140,149,138,148,148,145,145,149,138,145,150,144,148,146,141,185,162,162,149,161,160,155,168,153,153,151,147,168,170,171,159,172,157,158,149,158,178,163,168,173,159,164,159,168,172,167,164,183,153,176,166,171,169,174,174,167,172,161,169,165,160,173,196,171,179,175,182,173,173,169,174,184,173,171,173,185,171,185,164,179,185,171,169,173,183,170,184,169,182,170,184,170,176,168,175,170,188,189,183,177,177,189,178,182,179,189,187,183,183,174,206,167,185,183,191,186,177,182,171,188,170,190,190,174,171,187,178,191,178,180,190,185,181,176,180,190,199,191,186,196,192,194,189,184,203,185,185,205,192,199,193,201,203,212,208,199,202
Mycolicibacterium_vulneris,170,146,128,168,88,92,86,97,139,156,76,82,146,95,98,147,155,84,145,115,107,128,89,61,142,0,92,149,44,116,89,48,54,61,101,152,61,135,110,91,87,162,97,124,72,52,97,137,83,55,54,107,90,92,90,47,94,28,104,92,93,103,85,50,91,103,108,93,97,104,109,116,105,104,99,100,102,106,108,127,166,175,126,125,130,125,123,175,159,131,113,133,124,160,135,146,182,162,117,116,164,125,147,142,130,133,103,121,132,116,143,174,139,128,117,166,134,143,127,139,142,144,175,120,138,132,135,138,161,138,134,130,155,143,141,140,145,149,143,133,129,142,134,149,130,141,139,124,140,149,150,127,137,151,145,126,139,115,137,135,121,149,162,159,155,141,146,166,147,136,146,157,152,149,149,150,203,138,157,144,171,143,129,155,142,159,146,160,158,135,143,151,153,143,153,150,166,147,149,155,150,165,162,155,148,162,153,156,161,154,171,150,153,199,148,188,177,171,190,201,198,171,171
Mycobacterium_alsense,182,142,123,162,96,89,81,101,138,147,76,78,129,90,81,143,145,94,133,101,94,119,97,95,129,92,0,138,88,117,91,95,97,98,102,136,99,125,103,98,82,152,93,113,92,96,86,129,89,100,99,92,111,113,111,96,96,92,107,113,114,113,94,98,114,107,113,97,102,105,112,117,104,109,102,111,95,93,110,126,147,154,128,127,125,133,129,162,147,121,123,138,111,157,118,139,164,156,110,118,155,130,146,134,140,129,109,130,126,128,127,159,132,128,111,154,142,150,130,142,150,136,163,117,137,138,128,141,164,148,136,131,161,151,128,137,155,163,151,136,132,156,131,141,121,132,137,132,131,145,163,135,146,147,164,136,139,130,143,136,128,146,167,160,163,147,160,167,161,150,139,164,162,159,154,160,190,140,164,144,167,154,135,160,153,174,154,167,162,142,154,149,147,150,159,160,183,151,150,153,149,153,171,154,141,177,152,161,167,165,179,169,145,190,155,193,178,173,195,193,206,174,177
Mycobacterium_gastri,200,119,142,122,129,126,137,134,133,70,140,127,103,127,128,121,44,128,84,123,134,112,127,139,52,149,138,0,145,129,132,149,152,140,131,47,141,111,139,129,131,55,138,143,140,151,140,106,137,153,152,138,141,143,141,142,148,145,150,143,144,141,141,151,142,139,138,153,144,147,150,144,152,154,141,148,152,150,153,162,152,181,168,167,158,163,165,169,178,160,163,159,155,161,175,179,163,174,168,164,154,169,186,164,171,183,165,168,171,173,181,165,177,181,160,185,176,181,164,176,179,180,180,172,177,169,174,178,208,176,175,186,192,178,179,173,178,190,178,179,166,187,183,188,175,181,180,180,177,184,189,165,184,171,185,165,178,180,179,166,187,180,194,190,188,180,181,198,182,181,178,193,187,183,184,181,209,170,189,176,196,188,182,186,183,193,185,196,203,183,184,192,180,190,185,188,191,191,187,182,191,188,202,195,188,198,197,198,194,191,205,188,184,208,201,208,200,210,210,215,215,199,205
Mycobacterium_marseillense,175,148,126,166,87,87,81,97,143,143,76,70,151,83,96,153,149,90,141,115,107,133,89,69,137,44,88,145,0,112,79,16,28,69,101,144,70,134,113,93,89,152,98,119,89,31,100,138,77,29,28,108,94,95,94,62,93,45,101,96,97,106,82,63,95,101,116,98,92,95,116,120,111,103,105,108,106,111,113,130,169,171,131,130,128,129,127,172,162,123,114,133,128,160,138,151,182,166,120,116,165,127,153,146,132,131,114,126,129,111,139,168,134,131,115,168,141,149,131,145,149,137,173,111,145,132,138,143,157,136,137,124,158,148,131,140,152,150,148,135,131,149,131,147,123,132,143,121,139,154,152,137,141,148,153,136,145,120,144,140,123,154,167,158,162,142,155,170,156,143,152,154,157,156,154,157,203,142,162,147,164,151,127,157,147,165,144,163,162,145,148,159,151,146,152,151,173,152,154,158,155,159,170,157,147,164,160,164,159,156,180,162,155,201,151,186,175,174,186,208,199,171,170
Mycobacterium_helveticum,179,139,135,144,76,95,105,66,129,133,93,102,132,102,107,133,135,82,135,114,112,131,82,114,135,116,117,129,112,0,108,111,117,116,97,133,117,136,121,84,107,142,111,123,105,117,106,131,104,118,117,124,124,126,124,108,111,113,121,127,128,119,128,125,126,120,137,129,119,120,125,129,132,112,118,120,124,118,129,141,154,178,135,134,144,136,137,160,170,136,128,145,138,164,140,160,171,161,141,149,156,147,171,146,152,157,129,150,149,149,162,164,157,163,140,162,156,170,160,160,161,160,170,146,168,154,153,169,182,158,167,156,170,160,160,155,164,163,160,159,162,178,154,162,158,167,174,157,150,173,166,159,166,153,170,158,171,150,164,158,150,175,178,165,172,165,166,180,167,170,158,167,171,167,168,154,198,161,176,177,186,167,162,168,160,176,153,180,174,163,160,179,163,165,163,172,177,173,179,160,164,167,172,173,177,187,184,193,175,176,179,179,185,196,177,194,194,204,192,201,206,185,206
Mycobacterium_europaeum,185,140,125,158,74,84,74,88,142,136,64,21,138,68,95,150,136,77,140,115,103,125,75,81,140,89,91,132,79,108,0,83,91,82,80,138,84,135,113,79,92,146,107,116,100,88,103,142,71,90,89,107,101,103,101,76,107,82,109,103,104,98,91,97,102,102,113,106,107,113,116,113,116,118,117,112,115,114,123,127,169,169,127,126,135,127,130,176,163,124,120,141,127,161,143,156,184,148,130,133,165,132,163,146,150,146,115,130,138,131,150,165,144,149,133,168,152,166,138,163,156,148,174,126,146,140,150,149,180,141,145,145,163,157,144,143,165,167,157,142,139,166,142,153,137,146,150,140,155,160,168,146,157,148,169,145,153,138,149,145,143,162,167,170,168,147,168,179,169,151,150,174,172,167,166,162,198,145,168,158,178,160,146,167,151,175,148,177,173,153,151,159,156,159,155,164,178,166,152,167,160,163,170,164,151,180,162,169,172,166,191,170,160,204,164,193,186,182,194,202,201,175,176
Mycobacterium_timonense,176,143,131,167,85,91,82,93,144,148,75,74,143,86,97,146,154,86,144,121,109,132,87,70,142,48,95,149,16,111,83,0,24,70,105,149,71,136,115,87,86,149,91,123,83,25,94,133,70,25,22,106,96,97,96,64,89,40,100,98,99,101,82,68,97,102,113,93,95,97,119,122,107,104,108,101,102,107,115,126,165,176,131,130,131,134,131,178,163,122,114,132,130,159,140,151,184,168,120,119,165,129,153,148,131,131,116,127,130,112,142,172,133,132,115,172,143,150,135,146,150,137,179,108,142,135,138,143,158,136,139,126,157,149,136,142,153,149,149,137,134,150,134,150,122,134,145,120,139,153,151,137,141,143,154,136,146,118,145,141,126,153,166,157,161,141,156,170,157,145,151,155,158,157,155,155,206,144,163,151,163,151,126,156,147,165,144,164,169,142,148,157,153,146,155,154,174,152,154,160,155,159,169,163,146,169,158,164,164,158,183,161,155,202,156,191,182,176,191,210,203,172,170
Mycobacterium_yongonense,179,143,133,169,87,90,87,96,152,151,77,81,143,89,96,142,160,86,148,120,113,128,89,70,145,54,97,152,28,117,91,24,0,70,105,151,71,133,115,93,84,153,102,125,88,11,102,132,71,9,10,108,96,97,96,73,93,47,109,98,99,107,90,70,99,108,121,102,95,101,121,122,115,108,110,106,106,103,114,122,162,174,132,131,131,132,129,172,160,129,117,131,134,158,138,158,181,162,122,127,166,131,157,140,130,138,116,129,128,120,142,170,133,138,118,167,142,151,133,148,147,139,176,116,149,137,138,146,161,145,141,131,166,148,137,137,156,158,148,140,133,156,136,148,127,136,145,125,144,156,160,137,143,148,158,138,149,123,147,140,126,156,174,162,171,144,160,176,161,147,151,158,161,162,158,158,208,149,165,152,166,153,131,167,146,174,146,166,168,146,147,158,151,146,156,159,180,153,158,163,155,160,168,162,149,169,162,168,164,163,186,164,156,200,159,196,187,182,198,209,208,171,179
Mycobacterium_hominissuis,173,135,136,152,89,100,87,103,143,137,82,75,140,87,84,135,144,89,150,113,109,135,92,6,126,61,98,140,69,116,82,70,70,0,100,141,3,127,108,96,96,145,101,121,90,73,104,130,88,71,70,110,93,95,93,69,96,57,112,95,96,94,89,67,94,108,120,94,99,114,116,120,118,109,107,107,105,110,113,120,150,167,131,130,135,132,123,166,147,120,124,128,121,159,136,150,173,144,127,121,157,126,158,138,140,138,110,125,121,125,137,158,124,139,126,165,136,145,134,152,156,130,167,122,139,138,129,142,153,141,145,141,150,155,133,139,158,158,155,137,138,149,126,151,120,146,145,137,145,149,159,139,144,149,167,138,144,127,138,134,129,151,162,156,160,144,166,170,167,145,145,156,169,163,165,150,198,139,164,149,164,159,137,158,145,162,142,172,161,137,145,159,144,150,152,159,175,153,161,158,141,159,166,158,153,174,162,166,162,161,178,164,157,204,156,189,176,182,191,204,200,172,179
Mycobacterium_interjectum,183,135,124,157,56,83,69,77,140,133,79,76,139,90,97,142,129,52,140,120,108,124,49,100,137,101,102,131,101,97,80,105,105,100,0,132,101,128,114,57,90,138,105,127,105,102,99,134,79,106,103,109,112,113,112,96,105,102,117,114,115,114,117,116,115,110,130,118,104,107,124,117,129,112,111,105,116,105,122,124,163,164,134,133,130,131,128,160,161,129,124,132,131,169,151,161,175,154,141,127,151,135,172,152,151,147,119,130,157,138,160,173,162,156,133,163,159,171,144,162,157,167,170,136,156,145,149,155,181,154,150,158,174,154,161,148,165,170,154,146,146,172,151,152,148,151,160,143,160,168,172,146,164,163,170,146,157,137,151,145,143,168,178,175,177,156,170,184,171,158,164,179,171,169,167,173,198,151,173,166,181,160,145,175,163,179,157,172,176,159,163,170,158,163,163,165,187,164,161,176,164,165,170,157,159,178,170,185,178,166,205,178,167,202,172,199,187,192,202,204,214,182,189
Mycobacterium_kansasii,198,122,137,122,131,118,138,140,137,62,141,134,111,128,123,122,50,129,81,125,136,117,126,141,54,152,136,47,144,133,138,149,151,141,132,0,142,108,138,128,130,58,134,141,147,150,131,102,138,154,153,134,144,145,144,148,140,149,149,146,147,144,142,148,147,143,146,153,133,144,146,151,152,143,144,145,148,148,152,152,142,174,165,164,151,160,165,158,177,156,155,153,152,173,173,178,158,178,165,168,141,164,183,166,168,178,158,163,165,170,175,164,170,180,159,181,178,183,173,178,187,173,175,169,182,165,171,184,201,178,181,181,188,186,175,170,182,186,186,173,175,182,173,180,168,178,183,180,175,179,185,174,183,165,185,174,184,181,179,172,187,177,192,185,187,180,183,193,184,188,178,188,187,188,186,179,211,165,180,183,193,191,185,182,179,186,177,195,197,185,182,192,175,189,185,185,188,193,191,178,179,184,202,188,186,203,195,200,196,186,198,190,189,211,199,209,192,208,210,219,216,194,204
Mycobacterium_bouchedurhonense,171,136,137,153,91,101,88,104,144,138,83,77,141,88,85,136,145,90,151,115,110,136,93,7,127,61,99,141,70,117,84,71,71,3,101,142,0,128,109,97,97,144,102,122,90,74,105,131,89,72,71,111,94,96,94,69,97,57,113,96,97,95,91,65,95,109,120,94,100,113,118,120,118,110,106,107,106,111,114,121,151,168,132,131,136,133,124,168,149,121,125,129,122,159,136,148,174,145,127,122,159,127,156,140,140,139,109,126,122,125,138,158,125,139,124,167,136,145,132,152,156,131,169,122,139,139,130,142,153,140,143,141,148,155,135,140,158,156,155,138,136,149,127,153,121,145,145,135,145,147,157,137,144,151,165,136,142,127,139,132,129,149,160,154,158,145,164,168,165,143,143,154,167,161,163,148,197,140,162,147,162,159,135,156,143,160,142,170,162,135,145,157,146,148,153,157,173,151,161,158,139,161,168,158,151,172,160,164,162,159,176,162,157,204,158,187,174,180,189,202,198,170,177
Mycobacterium_celatum,199,110,136,135,123,130,126,130,118,101,137,132,91,125,128,79,106,122,103,110,126,71,118,128,103,135,125,111,134,136,135,136,133,127,128,108,128,0,130,127,126,107,123,135,135,129,122,50,130,136,133,125,142,143,142,132,128,134,149,144,145,134,135,130,145,149,142,148,122,141,148,139,137,137,133,143,136,132,138,139,120,177,149,148,138,153,153,127,163,152,140,141,145,154,158,166,149,166,157,155,124,155,170,164,155,171,143,150,151,153,156,153,149,158,155,172,162,166,156,163,173,159,170,151,170,162,148,169,183,169,167,169,174,171,162,164,168,174,171,163,160,184,158,163,146,166,174,159,156,168,175,159,178,163,171,160,172,155,167,157,159,166,186,170,181,164,169,180,170,177,163,171,177,168,171,170,205,166,179,175,184,176,163,176,162,185,167,184,175,168,162,170,168,169,174,170,187,175,174,181,167,168,191,180,176,188,177,180,178,176,201,182,177,207,183,201,184,199,205,215,215,191,191
