snp-dists 0.8.2,test1,Mycobacterium_decipiens,Mycobacterium_heidelbergense,Mycobacterium_lacus,Mycobacterium_palustre,Mycobacterium_interjectum,Mycobacterium_terramassiliense,Mycobacterium_malmoense,Mycobacterium_haemophilum,Mycobacterium_paraense,Mycobacterium_bohemicum,Mycobacterium_simulans,Mycobacterium_shinjukuense,Mycobacterium_parascrofulaceum,Mycobacterium_riyadhense,Mycobacterium_yongonense,Mycobacterium_europaeum,Mycobacterium_basiliense,Mycobacterium_scrofulaceum,Mycobacterium_conspicuum,Mycobacterium_nebraskense,Mycobacterium_alsense,Mycobacterium_paraffinicum,Mycobacterium_parmense,Mycobacterium_hominissuis,Mycobacterium_bouchedurhonense,Mycobacterium_avium,Mycobacterium_colombiense,Mycobacterium_seoulense,Mycobacterium_ulcerans,Mycobacterium_kansasii,Mycobacterium_innocens,Mycobacterium_shinshuense,Mycobacterium_shimoidei,Mycobacterium_liflandii,Mycobacterium_paraseoulense,Mycobacterium_angelicum,Mycobacterium_pseudoshottsii,Mycobacterium_paraintracellulare,Mycobacterium_intracellulare,Mycobacterium_timonense,Mycobacterium_chimaera,Mycobacterium_helveticum,Mycobacterium_marinum,Mycobacterium_marseillense,Mycobacterium_pseudokansasii,Mycobacterium_fragae,Mycobacterium_numidiamassiliense,Mycobacterium_kubicae,Mycobacterium_shottsii,Mycobacterium_noviomagense,Mycolicibacterium_vulneris,Mycobacterium_mantenii,Mycobacterium_attenuatum,Mycobacterium_szulgai,Mycobacterium_senriense,Mycobacterium_xenopi,Mycobacterium_ostraviense,Mycobacterium_arosiense,Mycobacterium_genavense,Mycobacterium_gastri,Mycobacterium_intermedium,Mycobacterium_spongiae,Mycobacterium_simiae,Mycobacterium_shigaense,Mycobacterium_rhizamassiliense,Mycobacterium_bourgelatii,Mycobacterium_ahvazicum,Mycobacterium_paragordonae,Mycobacterium_florentinum,Mycobacterium_stomatepiae,Mycobacterium_sherrisii,Mycobacterium_asiaticum,Mycobacterium_persicum,Mycobacterium_heckeshornense,Mycobacterium_talmoniae,Mycobacterium_triplex,Mycobacterium_vicinigordonae,Mycobacterium_branderi,Mycobacterium_celatum,Mycobacterium_kyorinense,Mycobacterium_lentiflavum,Mycobacterium_gordonae,Mycolicibacterium_xanthum,Mycobacterium_cookii,Mycobacterium_saskatchewanense,Mycobacterium_tilburgii,Mycolicibacter_kumamotonensis,Mycolicibacterium_doricum,Mycolicibacter_algericus,Mycobacterium_palauense,Mycolicibacter_heraklionensis,Mycobacterium_montefiorense,Mycobacterium_aquaticum,Mycolicibacter_longobardus,Mycobacterium_novum,Mycolicibacter_terrae,Mycobacterium_manitobense,Mycolicibacter_sinensis,Mycolicibacterium_poriferae,Mycolicibacter_acidiphilus,Mycolicibacillus_parakoreensis,Mycolicibacterium_agri,Mycolicibacterium_elephantis,Mycolicibacterium_hippocampi,Mycolicibacillus_koreensis,Mycolicibacterium_fallax,Mycolicibacter_engbaekii,Mycolicibacterium_rufum,Mycobacterium_neumannii,Mycobacterium_lehmannii,Mycolicibacterium_austroafricanum,Mycolicibacterium_porcinum,Mycolicibacterium_rutilum,Mycobacterium_dioxanotrophicus,Mycolicibacterium_brisbanense,Mycolicibacterium_pyrenivorans,Mycolicibacterium_crocinum,Mycolicibacterium_vanbaalenii,Mycolicibacterium_litorale,Mycolicibacterium_pallens,Mycolicibacter_arupensis,Mycobacterium_paraterrae,Mycolicibacterium_celeriflavum,Mycolicibacter_nonchromogenicus,Mycolicibacter_senuensis,Mycobacterium_botniense,Mycolicibacterium_senegalense,Mycolicibacterium_duvalii,Mycobacterium_syngnathidarum,Mycolicibacterium_mageritense,Mycolicibacterium_baixiangningiae,Mycolicibacterium_novocastrense,Mycolicibacterium_iranicum,Mycolicibacterium_houstonense,Mycolicibacterium_goodii,Mycolicibacterium_farcinogenes,Mycolicibacterium_malmesburyense,Mycolicibacillus_trivialis,Mycolicibacterium_phlei,Mycolicibacterium_conceptionense,Mycolicibacterium_brumae,Mycolicibacter_virginiensis,Mycolicibacterium_flavescens,Mycolicibacterium_insubricum,Mycolicibacterium_confluentis,Mycolicibacterium_anyangense,Mycolicibacterium_acetamidolyticum,Mycolicibacterium_hassiacum,Mycolicibacterium_chitae,Mycolicibacterium_aichiense,Mycobacterium_barrassiae,Mycolicibacterium_chlorophenolicum,Mycolicibacterium_neworleansense,Mycolicibacterium_pulveris,Mycolicibacterium_fortuitum,Mycolicibacter_hiberniae,Mycolicibacterium_psychrotolerans,Mycolicibacterium_moriokaense,Mycolicibacterium_wolinskyi,Mycolicibacterium_vaccae,Mycolicibacterium_parafortuitum,Mycolicibacterium_komanii,Mycolicibacterium_rhodesiae,Mycolicibacterium_peregrinum,Mycobacterium_leprae,Mycolicibacter_icosiumassiliensis,Mycolicibacterium_smegmatis,Mycolicibacterium_monacense,Mycolicibacterium_holsaticum,Mycolicibacterium_gadium,Mycolicibacterium_helvum,Mycolicibacterium_septicum,Mycolicibacterium_aromaticivorans,Mycolicibacter_minnesotensis,Mycolicibacterium_obuense,Mycolicibacterium_vinylchloridicum,Mycolicibacterium_chubuense,Mycobacterium_kyogaense,Mycolicibacterium_stellerae,Mycolicibacterium_nivoides,Mycolicibacterium_tusciae,Mycolicibacterium_boenickei,Mycolicibacterium_alvei,Mycobacterium_hackensackense,Mycolicibacterium_gilvum,Mycolicibacterium_setense,Mycobacterium_lepromatosis,Mycolicibacterium_lutetiense,Mycolicibacterium_cosmeticum,Mycobacterium_uberis,Mycolicibacterium_sphagni,Mycolicibacterium_fluoranthenivorans,Mycobacterium_grossiae,Mycolicibacterium_canariasense,Mycolicibacterium_thermoresistibile,Mycobacterium_neglectum,Mycobacterium_frederiksbergense,Mycolicibacterium_sarraceniae,Mycolicibacterium_murale,Mycolicibacterium_tokaiense,Mycolicibacterium_bacteremicum,Mycolicibacterium_diernhoferi,Mycolicibacterium_aurum,Mycolicibacterium_aubagnense,Mycobacteroides_abscessus,Mycolicibacterium_neoaurum,Mycolicibacterium_madagascariense,Mycolicibacterium_mucogenicum,Mycolicibacterium_komossense,Mycobacteroides_immunogenum,Mycolicibacterium_phocaicum,Mycobacteroides_saopaulense,Mycobacteroides_massiliense,Mycobacteroides_bolletii,Mycobacteroides_chelonae,Mycolicibacterium_hodleri,Mycobacteroides_franklinii,Mycolicibacterium_lacusdiani,Mycobacterium_yunnanensis,Mycolicibacterium_mengxianglii,Mycolicibacterium_llatzerense,Mycolicibacterium_arabiense,Mycolicibacterium_sediminis,Mycobacteroides_salmoniphilum
test1,0,459,377,436,367,409,408,425,436,384,396,427,484,366,434,367,376,455,372,390,377,412,377,378,354,354,352,365,385,413,464,453,414,418,414,384,383,415,376,372,378,372,408,411,385,462,386,397,382,416,426,370,384,462,413,383,473,474,373,391,473,417,534,386,405,371,418,386,386,382,393,389,394,480,451,399,377,421,396,414,404,421,404,302,390,386,406,422,334,416,330,423,368,228,414,419,422,330,424,327,405,437,353,374,350,447,337,421,288,343,331,284,162,313,223,233,325,295,290,316,291,426,376,360,410,434,489,179,331,203,240,319,334,300,182,260,178,338,400,321,178,305,424,339,353,304,318,169,356,339,312,342,282,171,384,173,435,290,349,204,304,314,326,360,174,544,426,264,325,381,355,331,158,325,440,312,316,308,311,377,169,359,173,217,325,329,196,546,200,307,538,320,322,346,322,393,367,314,341,321,323,314,318,319,362,387,324,383,366,371,385,354,380,384,394,391,400,402,351,394,361,355,359,387,406
Mycobacterium_decipiens,459,0,319,297,320,326,334,344,350,341,353,323,361,344,327,346,344,343,352,340,337,348,339,361,348,348,347,358,346,359,364,354,360,395,360,345,347,361,358,358,364,359,347,361,370,371,359,342,350,365,366,373,360,385,359,363,416,393,362,338,381,385,375,365,363,376,378,373,353,363,365,368,366,394,401,375,369,395,383,398,383,385,354,427,410,347,386,428,451,436,425,437,372,435,430,440,432,435,441,445,442,475,426,447,456,469,458,444,445,427,412,443,440,420,448,442,455,415,446,463,410,449,434,425,442,459,429,459,457,458,454,464,417,452,461,468,459,433,451,440,464,445,442,449,442,479,434,458,435,469,431,442,447,459,452,462,450,460,451,456,477,458,437,463,469,444,448,471,471,443,444,437,475,445,467,476,432,450,475,427,474,455,476,475,486,471,478,466,478,457,461,445,493,509,466,466,459,477,454,491,492,473,489,484,515,509,483,495,499,491,503,502,515,515,518,519,527,520,516,525,508,505,521,524,515
Mycobacterium_heidelbergense,377,319,0,244,190,199,190,223,297,194,256,253,326,247,275,247,259,321,245,259,248,239,260,257,236,236,234,261,255,329,314,306,332,329,330,256,284,333,256,254,263,257,295,336,272,317,301,276,288,338,301,274,277,322,311,281,340,342,265,260,318,316,385,284,285,292,308,293,283,283,292,274,285,337,332,295,268,309,313,339,332,307,296,341,372,238,315,368,388,363,317,381,313,360,376,369,377,370,373,351,376,390,352,371,378,393,356,393,361,361,365,364,379,359,371,361,369,336,366,383,336,397,368,366,387,384,362,384,370,393,379,371,366,358,388,380,382,373,376,363,387,340,399,371,350,380,358,383,382,350,355,366,351,384,383,387,405,369,375,375,388,379,373,384,390,414,413,380,396,382,368,375,404,378,417,399,357,353,395,368,404,390,406,401,401,392,408,428,408,379,429,360,401,405,396,388,396,391,387,397,396,399,399,395,436,430,416,427,434,418,426,430,434,429,437,442,465,448,427,447,435,426,432,437,461
Mycobacterium_lacus,436,297,244,0,258,268,253,280,321,261,308,236,317,301,275,301,319,333,302,311,290,282,308,316,282,282,281,307,308,325,310,298,326,352,326,313,295,327,304,304,309,308,321,326,321,311,312,301,320,328,317,311,305,340,318,319,345,334,311,308,316,345,367,330,308,324,336,330,306,333,331,319,317,334,342,341,319,350,339,363,348,334,321,391,394,300,352,420,418,419,381,427,337,420,420,416,423,407,421,412,418,427,380,381,410,420,401,429,414,401,393,404,423,388,439,423,417,378,409,424,380,435,424,405,432,429,386,436,434,449,429,426,393,410,434,423,433,399,420,393,437,404,438,416,406,426,389,429,418,419,392,402,409,431,390,433,437,418,407,434,446,426,411,431,451,412,438,437,435,405,419,416,449,415,454,441,388,416,437,415,453,429,454,457,451,436,461,428,469,422,429,407,453,478,443,422,432,439,417,441,438,450,432,443,477,483,456,457,477,447,472,470,486,486,490,484,491,490,469,477,492,464,474,492,502
Mycobacterium_palustre,367,320,190,258,0,206,194,221,295,189,228,252,316,196,268,196,239,322,217,229,224,206,242,242,210,210,208,225,234,321,301,285,322,304,322,237,275,323,222,219,239,222,271,322,246,293,275,257,258,324,255,223,244,291,294,242,313,313,243,264,295,298,399,260,263,259,296,277,267,272,272,244,269,315,299,276,261,304,282,307,306,293,286,303,354,221,277,351,356,352,313,350,305,345,365,355,360,343,360,334,355,364,296,329,351,366,340,366,349,339,334,333,344,324,356,352,352,307,341,350,314,367,353,316,367,373,366,352,355,378,355,341,335,350,360,343,355,327,344,318,356,332,373,338,333,360,335,351,347,343,325,315,345,366,332,355,376,356,329,347,359,354,333,358,375,405,387,356,355,346,335,351,381,348,395,378,326,332,375,344,387,354,389,385,393,378,380,418,397,361,420,342,399,398,371,369,361,375,357,384,383,383,386,387,419,411,395,381,410,384,406,417,430,415,417,426,416,444,406,410,419,409,406,414,437
Mycobacterium_interjectum,409,326,199,268,206,0,96,250,328,112,260,282,332,217,294,219,263,333,244,268,264,228,259,268,239,239,242,250,262,342,299,294,343,320,343,265,287,344,257,255,261,258,302,343,271,287,300,284,279,345,300,265,269,315,315,277,357,322,266,271,305,313,397,289,285,281,318,292,294,286,286,283,323,315,350,305,276,325,315,322,317,312,313,344,341,224,322,402,395,397,338,387,321,377,400,402,406,378,404,366,389,404,335,357,388,402,372,406,358,377,373,373,386,351,396,381,373,344,378,394,347,418,384,362,401,405,382,392,388,410,370,391,372,368,404,394,394,367,379,368,395,352,408,377,361,387,366,403,386,381,372,363,366,409,366,407,410,381,382,385,394,386,377,393,416,431,425,407,400,366,376,375,416,391,438,405,362,375,405,363,425,400,427,424,423,411,424,455,430,387,430,366,428,421,408,396,407,413,391,406,405,411,423,412,441,443,421,419,436,418,428,435,442,444,450,449,455,461,435,458,457,434,443,438,459
Mycobacterium_terramassiliense,408,334,190,253,194,96,0,240,313,93,251,266,323,216,291,216,263,323,240,264,252,219,254,272,237,237,237,252,257,342,292,284,343,317,343,258,289,344,240,239,256,246,302,342,263,291,297,287,285,344,295,260,270,309,309,269,352,313,260,274,290,313,390,278,276,280,314,297,304,290,292,278,306,309,334,300,275,326,312,328,319,316,314,347,348,222,317,385,391,386,339,376,323,370,389,387,385,383,392,371,382,413,334,362,385,406,379,391,372,374,366,385,385,369,387,373,378,353,390,391,356,409,387,361,397,390,370,393,390,409,381,383,365,378,400,396,393,372,388,370,393,360,403,373,357,391,372,396,382,376,376,374,375,404,367,399,399,387,387,385,399,405,383,400,411,419,423,402,405,379,377,391,420,395,429,418,374,372,417,373,426,407,428,425,429,426,420,444,429,383,439,386,432,425,408,392,410,418,408,420,421,426,422,424,439,445,430,435,429,421,426,429,453,441,450,448,466,463,433,464,459,428,439,449,466
Mycobacterium_malmoense,425,344,223,280,221,250,240,0,307,245,270,280,357,261,302,260,279,344,271,278,276,263,287,291,257,257,254,282,277,359,328,330,360,346,360,283,303,361,270,269,276,275,296,358,290,323,329,289,313,360,334,286,285,332,323,295,364,352,289,305,331,335,412,292,292,302,325,312,305,300,301,280,297,350,367,323,287,341,340,359,356,317,314,361,381,270,313,398,419,400,361,392,331,388,409,408,410,403,406,390,393,419,376,388,409,416,395,406,386,391,389,376,415,366,405,387,393,359,376,419,370,399,403,388,405,414,424,417,420,433,409,408,395,395,415,399,415,399,393,387,417,378,414,377,379,428,380,412,408,406,382,386,390,421,394,416,409,396,392,402,421,406,397,401,434,409,425,406,419,401,415,392,444,398,428,433,378,385,426,394,451,411,453,438,438,423,438,428,442,411,416,392,440,444,420,410,420,434,412,436,434,436,443,422,456,462,437,445,456,436,444,457,452,463,470,466,477,461,477,467,482,448,469,474,473
Mycobacterium_haemophilum,436,350,297,321,295,328,313,307,0,326,341,320,357,323,323,323,326,372,326,326,321,336,342,323,314,314,315,342,339,368,379,369,369,406,369,341,323,370,331,326,330,330,332,368,334,361,381,326,364,370,380,343,353,386,344,347,422,389,341,335,381,379,450,327,347,354,389,367,335,344,351,336,340,395,406,378,347,385,385,405,392,365,343,406,432,316,357,451,450,443,411,444,380,427,454,445,442,434,449,423,443,456,426,429,440,446,412,457,439,423,419,423,434,426,440,432,424,406,428,442,401,457,466,421,460,457,447,443,460,450,452,447,416,430,447,452,438,422,433,425,440,410,469,437,419,456,415,443,436,439,408,416,428,445,438,449,454,447,429,442,445,440,432,436,452,268,466,458,449,437,422,421,462,425,481,467,422,431,466,439,462,441,464,463,459,463,470,297,471,437,307,425,462,495,457,449,457,455,445,468,469,458,475,461,499,502,462,486,492,468,482,488,499,498,513,505,524,502,498,524,506,495,504,514,517
Mycobacterium_paraense,384,341,194,261,189,112,93,245,326,0,246,277,334,200,296,201,244,322,227,267,239,218,239,252,225,225,225,249,241,340,297,284,341,311,341,238,299,341,244,243,248,246,300,339,260,292,292,292,282,341,285,256,262,308,319,265,353,316,257,273,292,320,387,294,274,273,323,291,303,290,289,279,287,315,332,282,275,326,303,306,307,308,315,332,340,229,321,379,379,389,329,378,309,354,383,386,378,363,393,351,368,395,329,344,372,391,362,395,351,355,346,363,362,343,367,354,353,325,364,372,328,403,381,347,390,395,373,369,373,390,364,372,346,351,383,372,370,353,373,351,374,344,392,355,338,371,336,378,374,346,356,355,359,373,358,382,408,371,369,362,375,379,369,374,392,443,415,377,394,363,361,368,395,367,426,389,349,349,391,350,400,384,404,401,404,398,401,458,409,367,432,361,409,401,387,370,390,396,381,391,390,398,400,398,438,424,409,410,427,406,407,426,432,426,427,430,442,451,407,437,430,425,413,428,442
Mycobacterium_bohemicum,396,353,256,308,228,260,251,270,341,246,0,299,356,234,322,238,249,341,240,269,250,272,254,242,229,229,227,252,239,350,306,295,350,348,351,247,302,352,235,232,237,235,281,350,250,302,310,294,306,352,317,264,265,318,321,278,370,322,249,293,310,311,428,295,284,291,314,313,272,301,304,296,264,318,365,319,298,300,310,333,312,331,282,344,371,233,324,391,393,396,355,396,324,375,406,401,408,388,401,376,393,371,362,386,394,382,368,405,352,377,368,357,375,368,392,372,381,339,360,387,343,412,364,365,406,410,403,384,383,392,378,381,371,361,389,403,383,375,372,370,388,348,418,369,360,395,359,382,394,382,353,372,359,381,391,386,405,371,382,376,378,379,378,394,396,448,417,415,386,387,385,372,406,373,428,390,346,359,390,382,411,398,413,400,417,394,407,460,411,381,453,364,417,427,392,413,405,410,387,410,412,399,409,404,451,437,410,414,433,417,430,438,442,438,443,447,451,462,456,452,447,437,450,449,468
Mycobacterium_simulans,427,323,253,236,252,282,266,280,320,277,299,0,341,298,234,300,309,330,298,318,315,296,304,318,296,296,297,300,307,328,334,322,327,378,329,318,294,330,304,302,306,302,323,329,325,327,346,304,309,331,344,320,303,339,323,321,394,356,313,316,343,337,376,319,314,317,334,337,312,320,324,318,314,358,389,360,322,342,376,390,390,338,320,376,391,289,338,436,417,428,390,416,346,399,430,427,440,418,437,404,416,443,389,401,413,438,412,437,416,398,392,407,417,396,413,406,413,375,408,422,384,439,423,393,433,443,423,434,423,432,413,419,394,408,430,431,432,405,435,408,440,405,441,411,401,428,394,430,440,425,395,389,406,423,397,434,453,423,404,424,433,409,406,424,443,433,456,432,438,404,413,419,439,413,465,438,397,399,439,417,444,433,446,444,458,434,445,458,448,425,441,409,458,468,437,435,428,438,422,442,445,451,455,441,472,478,466,451,467,442,465,468,476,482,484,481,479,481,470,473,482,469,480,490,496
Mycobacterium_shinjukuense,484,361,326,317,316,332,323,357,357,334,356,341,0,349,350,351,365,376,356,362,361,330,373,374,339,339,343,368,365,387,340,345,387,373,388,373,358,391,364,362,372,363,368,393,366,338,365,388,362,395,359,374,372,343,376,387,390,375,375,371,355,405,428,369,392,407,411,400,350,389,396,364,368,367,375,369,388,394,378,396,379,423,365,434,432,364,401,456,457,447,438,450,413,469,451,453,462,439,455,456,445,461,402,429,471,463,431,466,462,434,438,464,473,438,484,469,471,443,467,468,439,472,463,445,454,475,425,475,460,480,474,469,442,468,471,484,476,440,453,430,482,439,465,448,438,488,448,467,426,475,452,444,459,489,431,473,482,470,464,473,488,481,455,472,496,470,471,498,465,430,455,481,496,478,493,486,453,444,481,458,499,477,501,494,501,484,500,484,497,478,470,478,504,524,480,468,488,490,493,501,503,490,488,495,524,511,495,509,511,507,501,512,513,512,520,511,544,527,523,529,514,514,527,525,526
Mycobacterium_parascrofulaceum,366,344,247,301,196,217,216,261,323,200,234,298,349,0,299,8,175,329,86,245,152,241,150,246,193,193,197,202,169,322,312,301,323,343,323,169,284,324,179,176,193,180,263,327,206,314,320,286,260,331,300,205,203,328,304,218,353,321,220,266,312,294,418,260,259,254,297,272,268,259,260,253,261,328,339,302,252,303,310,318,324,293,282,312,365,214,293,375,372,367,333,377,281,345,382,371,384,339,372,339,373,368,329,354,369,379,342,378,348,360,342,348,353,346,356,348,357,320,352,360,322,402,354,347,401,380,397,366,375,385,355,365,342,362,364,374,368,354,351,341,368,319,399,367,336,371,351,364,360,361,338,341,356,374,361,368,385,361,343,357,373,365,365,374,380,435,407,377,388,369,350,355,381,346,421,386,330,348,383,357,388,384,392,398,395,376,380,449,394,363,435,355,400,411,380,373,387,377,366,386,387,382,380,381,409,405,386,397,403,399,409,406,413,410,413,427,419,433,424,434,440,409,423,424,428
Mycobacterium_riyadhense,434,327,275,275,268,294,291,302,323,296,322,234,350,299,0,299,314,351,303,300,319,318,332,339,311,311,312,328,322,333,356,354,334,389,334,329,278,334,322,316,332,318,332,338,334,350,360,336,311,340,333,339,336,356,294,337,403,382,348,330,358,356,408,342,327,345,347,358,302,339,346,329,300,381,383,355,328,338,384,393,382,354,308,394,409,302,372,444,427,438,396,433,353,410,453,441,453,402,445,413,414,450,380,414,419,446,413,452,417,396,402,415,419,400,420,407,422,381,418,428,377,452,426,409,444,457,422,425,422,434,431,424,406,416,434,422,427,414,423,394,433,404,448,416,388,433,393,434,415,436,398,405,410,435,409,440,461,420,417,421,429,411,420,443,442,442,463,438,444,408,412,420,446,422,467,438,393,393,436,422,442,431,444,443,457,445,457,473,454,418,444,416,458,464,432,448,451,443,425,447,446,434,459,449,477,467,468,453,472,458,462,467,474,476,476,487,485,489,471,481,481,464,473,496,500
Mycobacterium_yongonense,367,346,247,301,196,219,216,260,323,201,238,300,351,8,299,0,175,329,88,247,156,241,154,250,196,196,200,204,171,324,314,303,325,343,325,170,284,326,177,174,192,178,264,329,203,318,322,288,261,333,302,207,205,330,304,220,356,323,222,266,314,298,420,262,260,256,301,274,270,262,262,257,263,329,342,304,254,304,314,320,326,295,285,312,367,216,295,376,372,368,334,379,282,344,384,372,387,341,373,340,374,371,329,354,369,380,344,380,351,359,342,351,354,348,353,347,357,320,355,360,322,404,356,350,404,383,398,367,378,386,356,365,341,363,367,373,369,353,353,342,369,323,401,371,340,373,352,367,361,363,338,345,355,377,361,371,388,360,345,356,375,366,366,376,381,435,409,378,388,371,354,357,384,346,423,386,334,349,383,356,391,386,395,401,396,377,381,448,395,362,434,357,401,411,381,374,389,380,366,389,390,387,383,380,408,403,393,395,404,402,407,407,411,408,411,425,418,432,426,432,438,410,425,425,428
Mycobacterium_europaeum,376,344,259,319,239,263,263,279,326,244,249,309,365,175,314,175,0,329,172,263,204,267,192,250,203,203,204,205,119,336,334,327,337,357,337,127,281,338,192,190,200,191,281,339,218,330,326,286,298,343,323,204,209,328,309,220,376,348,219,275,334,336,431,279,280,294,331,288,266,289,281,275,254,361,368,305,268,300,338,349,350,310,279,343,364,208,314,379,394,392,341,385,300,349,404,393,396,370,399,372,380,395,376,389,392,400,365,394,374,373,372,370,360,373,359,348,385,343,372,385,346,403,366,367,403,399,404,376,386,382,371,380,370,384,381,376,375,379,357,357,376,343,418,387,346,402,360,376,393,379,354,385,382,373,407,378,397,395,397,361,386,388,385,399,382,440,419,386,401,395,390,365,391,365,433,406,360,363,403,383,393,405,395,386,412,412,372,456,394,378,444,361,416,421,398,403,419,392,379,407,409,390,396,419,424,430,412,426,423,423,418,424,425,437,434,434,438,445,444,451,439,429,446,446,445
Mycobacterium_basiliense,455,343,321,333,322,333,323,344,372,322,341,330,376,329,351,329,329,0,337,346,332,340,326,367,341,341,342,338,331,333,354,353,332,414,334,340,331,335,339,336,354,337,352,340,362,356,377,359,340,342,379,348,364,366,363,350,425,376,350,349,370,366,432,359,344,365,376,363,338,351,357,357,339,375,426,370,357,377,397,414,405,363,344,413,430,322,390,456,449,462,420,438,374,440,448,463,446,434,470,441,448,463,434,441,451,463,431,451,433,425,431,416,441,433,457,453,432,415,423,446,419,454,422,420,438,471,461,442,452,461,450,427,431,449,448,444,445,432,432,433,447,422,457,429,431,460,433,441,458,444,436,448,439,437,454,444,461,445,451,441,462,460,430,461,452,473,462,457,446,442,438,444,459,449,474,474,440,420,471,457,455,462,457,477,475,463,458,497,469,468,505,448,480,509,473,471,472,461,455,475,475,462,481,472,502,496,473,505,492,476,499,493,501,505,506,506,538,523,489,534,500,483,491,519,529
Mycobacterium_scrofulaceum,372,352,245,302,217,244,240,271,326,227,240,298,356,86,303,88,172,337,0,245,145,259,147,256,202,202,205,207,163,335,334,324,336,357,336,160,282,337,189,190,200,189,278,338,216,327,320,283,275,342,316,206,211,338,300,224,367,342,225,275,334,295,423,266,270,276,296,278,256,265,268,261,266,346,361,314,264,304,317,331,325,293,273,337,378,227,301,382,373,373,337,374,286,349,382,375,391,339,380,349,370,396,344,362,376,392,346,384,356,370,348,364,361,345,360,352,367,323,365,363,327,404,365,365,394,387,406,373,378,386,362,378,346,376,381,371,372,361,366,345,373,319,394,381,347,379,352,377,368,367,343,359,353,379,375,381,398,367,360,362,387,383,374,378,382,432,403,378,381,381,368,357,388,354,417,399,344,359,395,370,394,401,396,403,406,395,385,447,408,363,435,352,408,417,386,396,403,388,374,387,388,386,384,396,424,405,408,407,413,413,396,415,408,408,412,416,437,426,436,444,438,422,438,437,433
Mycobacterium_conspicuum,390,340,259,311,229,268,264,278,326,267,269,318,362,245,300,247,263,346,245,0,245,273,269,257,238,238,231,232,255,338,335,329,339,364,339,262,266,338,249,246,261,252,282,340,274,328,319,286,298,342,331,244,256,331,293,264,369,362,252,284,335,296,410,297,275,293,296,293,241,279,289,276,253,346,374,327,268,301,323,339,331,309,254,315,379,253,325,371,374,374,329,366,316,387,378,374,383,373,378,369,392,392,348,374,378,384,350,400,365,371,375,343,379,357,397,388,357,333,343,374,340,388,369,366,395,391,404,383,374,398,389,363,375,366,403,388,380,373,358,362,379,351,406,377,354,369,346,395,376,376,350,362,355,405,386,399,400,376,366,376,386,376,371,385,409,450,412,405,392,379,367,367,405,365,420,387,357,358,384,380,412,376,414,412,405,378,398,471,414,375,457,365,411,407,398,410,403,400,369,379,384,390,407,384,444,443,403,409,452,401,422,445,444,448,450,447,449,448,415,434,447,449,427,428,457
Mycobacterium_nebraskense,377,337,248,290,224,264,252,276,321,239,250,315,361,152,319,156,204,332,145,245,0,266,146,267,212,212,215,219,192,344,336,323,344,349,345,194,295,346,206,208,214,211,291,345,217,330,325,274,289,349,318,224,239,337,316,231,371,359,242,285,333,303,417,274,282,281,305,287,288,282,280,275,287,360,360,317,271,322,320,345,334,290,308,336,377,233,312,375,383,375,351,379,288,363,382,372,386,362,375,363,376,395,361,384,389,393,366,390,356,376,368,362,374,360,381,363,354,320,368,380,326,406,368,376,383,384,400,386,387,400,380,368,368,373,387,384,386,369,375,355,384,355,398,375,363,386,338,378,388,363,335,363,350,381,389,382,399,371,369,380,386,390,385,387,392,446,400,384,395,400,364,345,396,351,418,404,346,354,400,371,401,395,403,414,403,397,403,453,423,375,445,332,407,420,391,400,406,404,360,389,391,399,399,399,421,420,404,412,418,405,403,416,420,421,427,420,441,441,426,446,441,417,432,436,438
Mycobacterium_alsense,412,348,239,282,206,228,219,263,336,218,272,296,330,241,318,241,267,340,259,273,266,0,286,283,258,258,257,300,281,358,329,321,358,319,359,277,314,360,269,267,272,269,297,361,289,325,310,309,297,363,309,306,300,324,336,305,354,347,299,290,328,339,424,310,303,305,337,322,326,317,322,302,320,355,338,302,293,343,311,326,329,336,342,354,378,263,335,379,407,390,344,381,330,386,403,393,399,380,394,373,389,396,341,352,395,405,381,388,380,362,363,381,392,352,403,386,388,362,387,395,369,394,389,349,405,405,369,398,393,413,401,385,363,387,403,402,397,358,373,377,400,361,410,385,376,409,375,399,392,399,387,366,377,415,368,403,395,386,375,388,402,397,372,399,423,446,420,402,412,367,382,403,420,395,425,421,377,369,415,371,425,400,427,430,433,411,420,465,433,402,444,394,438,426,418,405,417,416,414,415,415,422,435,423,466,457,434,434,448,423,440,450,460,459,463,462,470,473,438,459,458,455,446,451,471
Mycobacterium_paraffinicum,377,339,260,308,242,259,254,287,342,239,254,304,373,150,332,154,192,326,147,269,146,286,0,264,230,230,231,219,174,353,321,313,354,361,354,166,300,355,218,218,226,223,289,354,240,337,342,294,280,358,325,241,243,346,327,242,381,345,232,289,320,311,415,278,288,283,307,290,278,284,288,280,279,346,373,319,288,318,333,350,337,303,288,341,387,242,313,391,383,393,358,383,300,357,388,391,406,360,393,363,398,399,368,390,400,411,362,390,364,377,371,361,371,365,370,368,370,331,366,375,337,406,363,383,391,395,404,386,379,391,379,377,374,373,384,392,385,369,371,363,385,359,408,378,379,400,372,381,388,393,346,371,358,385,388,384,403,373,377,373,391,383,383,390,392,444,405,392,401,394,382,355,401,361,426,396,341,354,394,381,399,410,401,415,410,398,397,470,419,372,460,359,417,431,392,404,409,400,371,397,396,409,410,399,438,437,411,416,433,423,422,434,436,436,445,445,454,455,449,458,446,436,458,457,455
Mycobacterium_parmense,378,361,257,316,242,268,272,291,323,252,242,318,374,246,339,250,250,367,256,257,267,283,264,0,250,250,253,258,248,357,340,341,358,380,358,249,314,359,266,264,262,267,303,355,278,338,337,279,309,359,338,272,269,350,333,267,405,368,257,290,364,326,442,292,272,290,331,312,273,293,309,297,289,371,380,346,296,321,342,353,347,329,300,345,360,259,316,391,394,380,353,395,337,375,382,386,394,374,391,370,390,392,361,381,400,384,384,398,376,378,376,367,365,376,393,386,397,360,370,397,365,413,353,374,401,403,420,383,392,393,392,393,378,367,382,386,379,383,363,381,382,352,418,397,363,385,381,381,407,372,370,382,363,381,394,382,399,380,390,362,384,385,388,402,392,432,419,394,398,405,386,388,397,389,434,406,382,363,402,381,404,404,406,397,431,409,397,450,402,398,439,382,433,407,411,413,408,420,398,403,404,410,423,405,440,458,418,418,439,425,441,440,465,460,464,464,465,474,431,462,449,436,435,445,485
Mycobacterium_hominissuis,354,348,236,282,210,239,237,257,314,225,229,296,339,193,311,196,203,341,202,238,212,258,230,250,0,0,16,175,206,337,313,296,338,324,338,198,272,339,156,154,178,159,281,338,186,305,292,272,290,342,289,180,194,310,286,202,340,324,173,266,309,319,416,269,261,277,319,289,267,270,280,257,273,322,328,281,258,307,280,304,300,294,278,304,346,226,291,342,370,354,326,350,292,348,364,354,360,346,359,345,378,343,340,348,373,346,328,358,351,373,366,345,347,354,365,352,362,323,350,366,328,373,357,349,371,365,374,350,365,370,367,352,371,355,361,356,349,364,336,337,352,313,375,370,316,365,334,352,358,344,338,356,340,365,363,356,365,356,366,344,358,353,369,377,378,437,382,360,375,372,364,355,381,358,394,375,347,342,371,375,381,381,383,392,377,389,376,447,401,368,433,342,382,402,380,377,389,379,363,383,383,383,394,392,409,405,397,403,407,397,391,402,411,412,412,401,432,429,409,422,423,403,409,423,419
Mycobacterium_bouchedurhonense,354,348,236,282,210,239,237,257,314,225,229,296,339,193,311,196,203,341,202,238,212,258,230,250,0,0,16,175,206,337,313,296,338,324,338,198,272,339,156,154,178,159,281,338,186,305,292,272,290,342,289,180,194,310,286,202,340,324,173,266,309,319,416,269,261,277,319,289,267,270,280,257,273,322,328,281,258,307,280,304,300,294,278,304,346,226,291,342,370,354,326,350,292,348,364,354,360,346,359,345,378,343,340,348,373,346,328,358,351,373,366,345,347,354,365,352,362,323,350,366,328,373,357,349,371,365,374,350,365,370,367,352,371,355,361,356,349,364,336,337,352,313,375,370,316,365,334,352,358,344,338,356,340,365,363,356,365,356,366,344,358,353,369,377,378,437,382,360,375,372,364,355,381,358,394,375,347,342,371,375,381,381,383,392,377,389,376,447,401,368,433,342,382,402,380,377,389,379,363,383,383,383,394,392,409,405,397,403,407,397,391,402,411,412,412,401,432,429,409,422,423,403,409,423,419
Mycobacterium_avium,352,347,234,281,208,242,237,254,315,225,227,297,343,197,312,200,204,342,205,231,215,257,231,253,16,16,0,180,209,335,312,295,336,326,336,203,274,337,160,158,180,163,282,336,190,304,293,272,290,340,293,185,197,309,292,207,341,324,175,267,308,315,419,271,263,279,313,293,266,274,283,261,271,321,331,280,261,303,280,303,301,298,278,305,347,227,297,343,373,354,325,348,293,348,362,354,360,346,359,347,377,346,338,350,375,348,320,358,351,373,369,347,344,355,363,352,364,328,352,366,331,370,358,352,372,365,377,350,364,369,367,352,372,355,361,357,347,366,336,341,350,308,371,368,310,362,334,350,360,340,337,356,341,365,366,354,367,357,366,342,359,358,369,379,376,433,382,359,377,369,370,358,379,358,392,376,349,340,370,375,379,382,381,390,378,387,375,448,395,367,432,345,383,396,379,377,389,377,358,376,376,383,393,393,412,411,399,402,410,394,396,405,415,416,418,405,431,433,402,419,421,404,410,419,420
Mycobacterium_colombiense,365,358,261,307,225,250,252,282,342,249,252,300,368,202,328,204,205,338,207,232,219,300,219,258,175,175,180,0,197,325,331,321,326,358,326,192,263,327,161,163,153,169,275,326,175,333,310,248,277,330,327,76,127,326,283,115,373,346,149,247,320,309,428,241,247,241,301,243,259,232,225,237,267,345,365,307,224,304,331,360,351,250,279,341,352,217,265,371,381,365,334,373,253,344,383,367,384,345,371,369,380,380,348,380,373,380,360,376,368,359,362,331,352,350,365,353,364,327,337,363,335,394,350,359,383,388,423,358,373,371,363,356,364,370,364,375,357,368,370,348,357,343,401,361,339,381,339,360,379,350,355,364,353,366,390,364,373,377,371,368,367,381,364,376,380,454,401,372,370,388,368,361,389,368,415,399,347,354,393,368,394,383,396,396,386,382,371,469,394,361,445,352,391,404,376,398,390,391,363,389,389,384,402,388,411,410,388,405,412,388,407,412,408,414,417,423,426,437,413,418,434,418,413,424,429
Mycobacterium_seoulense,385,346,255,308,234,262,257,277,339,241,239,307,365,169,322,171,119,331,163,255,192,281,174,248,206,206,209,197,0,328,320,309,329,356,329,53,282,330,198,196,210,203,274,331,225,321,320,290,281,335,306,206,212,324,311,214,366,341,222,266,325,309,430,269,273,277,303,270,258,258,263,259,262,345,360,316,251,312,342,355,349,282,284,348,361,205,293,382,395,400,344,390,281,355,393,399,403,368,403,382,401,397,375,393,389,407,365,397,373,375,374,367,370,359,369,353,373,338,371,385,341,410,364,377,389,403,407,381,393,400,371,378,377,390,381,396,381,383,366,357,380,346,407,385,359,398,344,377,393,378,351,383,374,386,402,380,398,391,387,362,389,389,385,400,391,437,409,398,402,401,388,362,407,364,428,412,356,372,408,370,402,411,403,411,411,408,395,460,409,365,446,357,416,413,393,407,415,393,373,395,396,401,397,405,422,433,413,416,423,419,414,431,420,437,436,429,438,446,441,445,445,426,439,444,439
Mycobacterium_ulcerans,413,359,329,325,321,342,342,359,368,340,350,328,387,322,333,324,336,333,335,338,344,358,353,357,337,337,335,325,328,0,366,364,5,425,1,337,305,6,319,320,340,327,354,18,336,363,388,339,312,22,383,322,322,354,329,330,429,393,338,347,372,347,447,349,334,333,346,366,311,335,334,334,321,379,417,378,337,347,398,413,402,366,328,400,411,303,374,440,439,438,376,425,366,403,430,439,455,415,441,417,433,455,412,434,420,461,406,428,400,424,408,398,407,396,415,410,420,388,408,421,372,428,438,417,433,462,467,416,412,430,414,424,409,420,422,419,415,437,438,420,419,408,445,404,399,441,395,418,447,429,400,404,407,417,442,421,430,417,425,406,428,426,419,436,430,471,443,425,433,423,411,419,423,404,456,431,407,390,430,423,431,444,435,434,439,434,439,498,440,419,478,418,441,466,434,470,432,432,419,440,435,423,441,438,463,475,436,462,461,426,468,460,468,474,472,473,494,474,474,486,477,465,484,489,486
Mycobacterium_kansasii,464,364,314,310,301,299,292,328,379,297,306,334,340,312,356,314,334,354,334,335,336,329,321,340,313,313,312,331,320,366,0,73,367,366,367,325,325,368,336,335,348,338,342,369,356,140,344,353,351,371,332,347,341,225,355,349,390,165,326,347,165,366,428,341,348,373,359,368,321,359,377,349,331,147,385,358,361,345,363,380,366,397,339,413,403,303,372,431,435,437,392,437,386,429,424,439,449,429,441,432,435,422,404,429,445,433,406,429,433,408,419,438,436,420,449,431,438,418,442,439,417,441,426,433,445,451,417,447,448,458,456,437,421,431,449,470,445,424,421,412,446,412,435,430,412,460,418,448,433,443,415,420,425,463,435,449,436,439,420,439,466,441,437,456,469,478,456,469,454,433,435,430,472,426,461,458,430,422,456,428,478,454,480,478,473,458,470,478,482,447,484,433,473,491,467,442,466,462,444,462,459,475,472,460,478,498,460,474,481,460,485,484,497,497,503,505,508,506,490,506,501,479,494,508,508
Mycobacterium_innocens,453,354,306,298,285,294,284,330,369,284,295,322,345,301,354,303,327,353,324,329,323,321,313,341,296,296,295,321,309,364,73,0,365,355,365,315,322,366,317,316,330,317,333,367,343,134,334,342,345,369,332,335,332,227,347,336,386,155,319,338,159,366,407,333,337,366,358,362,316,354,369,339,323,145,381,346,352,341,351,371,353,387,330,405,400,296,363,430,435,438,389,436,374,418,421,439,441,423,442,421,429,410,395,412,431,422,398,432,428,406,415,427,428,414,438,424,428,410,433,433,406,442,424,428,444,446,412,436,445,453,444,428,415,427,446,461,435,421,419,408,436,401,436,424,408,451,409,441,427,424,403,407,421,457,415,444,438,437,416,430,460,433,430,440,463,470,455,462,449,426,424,425,464,415,466,458,424,416,456,416,470,441,472,470,470,453,464,479,477,445,476,419,471,478,460,436,449,455,434,452,451,468,470,449,480,489,456,472,470,458,481,475,495,486,493,494,501,503,483,500,498,475,487,505,504
Mycobacterium_shinshuense,414,360,332,326,322,343,343,360,369,341,350,327,387,323,334,325,337,332,336,339,344,358,354,358,338,338,336,326,329,5,367,365,0,424,6,338,306,7,319,320,340,327,354,19,336,364,389,340,312,23,383,323,320,352,330,331,432,394,339,348,373,348,446,350,333,332,346,367,312,334,335,335,320,378,420,379,338,347,399,414,403,367,329,401,412,304,375,441,438,441,377,423,367,404,429,442,456,414,444,418,433,455,411,435,418,462,407,428,400,424,408,399,408,396,416,411,420,389,409,421,373,426,437,417,432,463,467,417,413,430,413,424,409,421,423,420,416,436,439,420,420,409,445,406,398,442,394,419,448,430,401,405,407,418,445,422,429,416,426,407,429,425,419,436,431,472,442,426,432,424,412,418,424,405,456,431,408,390,430,422,432,445,436,433,439,433,439,498,440,419,479,415,441,466,433,470,433,430,417,438,433,422,440,439,464,476,434,461,461,427,469,461,469,475,473,474,494,475,473,487,476,466,483,487,485
Mycobacterium_shimoidei,418,395,329,352,304,320,317,346,406,311,348,378,373,343,389,343,357,414,357,364,349,319,361,380,324,324,326,358,356,425,366,355,424,0,426,359,388,427,362,356,367,357,370,428,380,370,273,382,368,432,307,363,374,374,410,375,330,375,373,383,374,404,467,386,365,375,401,402,361,400,400,376,378,384,323,326,392,409,272,289,296,415,380,362,349,336,403,400,423,398,386,403,413,417,400,403,405,394,400,398,414,413,333,370,411,416,377,399,399,375,387,425,405,385,435,417,417,381,425,411,384,414,390,376,400,407,374,415,401,420,434,407,387,431,420,417,416,396,381,378,417,368,407,389,400,422,386,419,395,419,408,393,410,442,354,423,419,416,403,410,433,431,380,417,425,508,416,409,427,384,404,421,434,429,439,432,398,419,427,402,436,424,438,436,451,453,438,522,447,429,500,411,459,456,434,410,434,435,422,440,445,440,449,452,467,470,450,450,457,453,457,453,464,475,475,460,483,486,461,477,484,454,464,459,474
Mycobacterium_liflandii,414,360,330,326,322,343,343,360,369,341,351,329,388,323,334,325,337,334,336,339,345,359,354,358,338,338,336,326,329,1,367,365,6,426,0,338,306,7,320,321,341,328,355,19,337,364,389,340,313,23,384,323,323,355,330,331,430,394,339,348,373,348,448,350,335,334,347,367,312,336,335,335,322,380,418,379,338,348,399,414,403,367,329,401,412,304,375,441,440,439,377,426,367,404,431,440,456,416,442,418,434,456,413,435,421,462,407,429,401,425,409,399,408,397,416,411,421,389,409,422,373,429,439,418,434,463,468,417,413,431,415,425,410,421,423,420,416,438,439,421,420,409,446,405,400,442,396,419,448,430,401,405,408,418,443,422,431,418,426,407,429,427,420,437,431,472,444,426,434,424,412,420,424,405,457,432,408,391,431,424,432,445,436,435,440,435,440,499,441,420,479,419,442,467,435,471,433,433,420,441,436,424,442,439,464,476,437,463,462,427,469,461,469,475,473,474,495,475,475,487,478,466,485,490,487
Mycobacterium_paraseoulense,384,345,256,313,237,265,258,283,341,238,247,318,373,169,329,170,127,340,160,262,194,277,166,249,198,198,203,192,53,337,325,315,338,359,338,0,291,339,199,197,206,200,282,340,221,323,330,284,289,344,322,194,206,327,315,207,372,342,218,265,329,313,429,276,273,274,309,265,268,263,265,267,265,353,363,325,254,317,339,359,352,282,287,350,367,206,295,377,398,394,346,385,278,356,389,393,392,370,397,375,398,396,376,393,390,408,369,397,373,380,378,357,365,365,373,358,385,335,361,383,340,404,364,383,389,405,400,382,393,395,374,382,381,385,383,396,381,387,368,358,381,347,407,388,358,407,350,379,390,398,352,385,374,388,404,382,397,393,394,367,393,391,386,396,393,439,410,395,399,401,389,361,404,362,426,404,354,370,402,372,403,411,405,400,408,410,395,457,412,364,444,353,411,412,397,410,421,392,364,395,397,406,403,409,428,433,415,419,432,420,417,437,425,438,436,431,444,441,442,450,454,433,441,450,438
