,sp,start,end,len
0,Mycobacterium_shinjukuense,1,3,2
1,Mycobacterium_shinjukuense,82,83,1
2,Mycobacterium_shinjukuense,186,187,1
3,Mycobacterium_shinjukuense,235,237,2
4,Mycobacterium_shinjukuense,238,240,2
5,Mycobacterium_shinjukuense,250,251,1
6,Mycobacterium_shinjukuense,295,296,1
7,Mycobacterium_shinjukuense,359,360,1
8,Mycobacterium_shinjukuense,373,374,1
9,Mycobacterium_shinjukuense,401,402,1
10,Mycobacterium_shinjukuense,416,417,1
11,Mycobacterium_shinjukuense,451,452,1
12,Mycobacterium_shinjukuense,472,574,102
13,Mycobacterium_shinjukuense,753,755,2
14,Mycobacterium_shinjukuense,757,771,14
15,Mycobacterium_shinjukuense,789,790,1
16,Mycobacterium_shinjukuense,839,840,1
17,Mycobacterium_shinjukuense,896,897,1
18,Mycobacterium_shinjukuense,1010,1011,1
19,Mycobacterium_shinjukuense,1068,1069,1
20,Mycobacterium_shinjukuense,1168,1169,1
21,Mycobacterium_shinjukuense,1185,1186,1
22,Mycobacterium_shinjukuense,1187,1188,1
23,Mycobacterium_shinjukuense,1190,1192,2
24,Mycobacterium_shinjukuense,1211,1212,1
25,Mycobacterium_shinjukuense,1237,1238,1
26,Mycobacterium_shinjukuense,1398,1399,1
27,Mycobacterium_shinjukuense,1430,1459,29
28,Mycobacterium_shinjukuense,1491,1492,1
29,Mycobacterium_shinjukuense,1515,1516,1
30,Mycobacterium_shinjukuense,1707,1708,1
31,Mycobacterium_shinjukuense,1748,1749,1
32,Mycobacterium_shinjukuense,1751,1752,1
33,Mycobacterium_shinjukuense,1756,1761,5
34,Mycobacterium_shinjukuense,1773,1775,2
35,Mycobacterium_shinjukuense,1776,1777,1
36,Mycobacterium_shinjukuense,1784,1785,1
37,Mycobacterium_shinjukuense,1789,1791,2
38,Mycobacterium_shinjukuense,1802,1803,1
39,Mycobacterium_shinjukuense,1918,1919,1
40,Mycobacterium_shinjukuense,1954,1955,1
41,Mycobacterium_shinjukuense,1993,1994,1
42,Mycobacterium_shinjukuense,2132,2133,1
43,Mycobacterium_shinjukuense,2136,2137,1
44,Mycobacterium_shinjukuense,2138,2139,1
45,Mycobacterium_shinjukuense,2143,2147,4
46,Mycobacterium_shinjukuense,2150,2152,2
47,Mycobacterium_shinjukuense,2162,2163,1
48,Mycobacterium_shinjukuense,2285,2294,9
49,Mycobacterium_shinjukuense,2296,2297,1
50,Mycobacterium_shinjukuense,2299,2305,6
51,Mycobacterium_shinjukuense,2309,2315,6
52,Mycobacterium_shinjukuense,2316,2325,9
53,Mycobacterium_shinjukuense,2379,2380,1
54,Mycobacterium_shinjukuense,2664,2665,1
55,Mycobacterium_shinjukuense,2723,2850,127
56,Mycobacterium_shinjukuense,3376,3377,1
57,Mycobacterium_shinjukuense,3378,3379,1
58,Mycobacterium_shinjukuense,3433,3434,1
59,Mycobacterium_lacus,1,3,2
60,Mycobacterium_lacus,82,83,1
61,Mycobacterium_lacus,186,187,1
62,Mycobacterium_lacus,235,237,2
63,Mycobacterium_lacus,238,240,2
64,Mycobacterium_lacus,250,251,1
65,Mycobacterium_lacus,295,296,1
66,Mycobacterium_lacus,359,360,1
67,Mycobacterium_lacus,373,374,1
68,Mycobacterium_lacus,401,402,1
69,Mycobacterium_lacus,416,417,1
70,Mycobacterium_lacus,451,452,1
71,Mycobacterium_lacus,471,574,103
72,Mycobacterium_lacus,753,755,2
73,Mycobacterium_lacus,789,790,1
74,Mycobacterium_lacus,839,840,1
75,Mycobacterium_lacus,883,892,9
76,Mycobacterium_lacus,896,897,1
77,Mycobacterium_lacus,901,902,1
78,Mycobacterium_lacus,1010,1011,1
79,Mycobacterium_lacus,1068,1069,1
80,Mycobacterium_lacus,1168,1169,1
81,Mycobacterium_lacus,1185,1186,1
82,Mycobacterium_lacus,1187,1188,1
83,Mycobacterium_lacus,1190,1192,2
84,Mycobacterium_lacus,1211,1212,1
85,Mycobacterium_lacus,1237,1238,1
86,Mycobacterium_lacus,1398,1399,1
87,Mycobacterium_lacus,1430,1436,6
88,Mycobacterium_lacus,1438,1439,1
89,Mycobacterium_lacus,1445,1446,1
90,Mycobacterium_lacus,1448,1459,11
91,Mycobacterium_lacus,1491,1492,1
92,Mycobacterium_lacus,1515,1516,1
93,Mycobacterium_lacus,1707,1708,1
94,Mycobacterium_lacus,1748,1749,1
95,Mycobacterium_lacus,1751,1752,1
96,Mycobacterium_lacus,1756,1761,5
97,Mycobacterium_lacus,1773,1775,2
98,Mycobacterium_lacus,1776,1777,1
99,Mycobacterium_lacus,1784,1785,1
100,Mycobacterium_lacus,1789,1791,2
101,Mycobacterium_lacus,1802,1803,1
102,Mycobacterium_lacus,1918,1919,1
103,Mycobacterium_lacus,1954,1955,1
104,Mycobacterium_lacus,1993,1994,1
105,Mycobacterium_lacus,2132,2133,1
106,Mycobacterium_lacus,2136,2137,1
107,Mycobacterium_lacus,2138,2139,1
108,Mycobacterium_lacus,2143,2147,4
109,Mycobacterium_lacus,2150,2152,2
110,Mycobacterium_lacus,2162,2163,1
111,Mycobacterium_lacus,2285,2294,9
112,Mycobacterium_lacus,2296,2297,1
113,Mycobacterium_lacus,2299,2305,6
114,Mycobacterium_lacus,2309,2315,6
115,Mycobacterium_lacus,2316,2325,9
116,Mycobacterium_lacus,2379,2380,1
117,Mycobacterium_lacus,2664,2665,1
118,Mycobacterium_lacus,2723,2850,127
119,Mycobacterium_lacus,3376,3377,1
120,Mycobacterium_lacus,3378,3379,1
121,Mycobacterium_lacus,3433,3434,1
122,Mycobacterium_spongiae,1,3,2
123,Mycobacterium_spongiae,82,83,1
124,Mycobacterium_spongiae,186,187,1
125,Mycobacterium_spongiae,235,237,2
126,Mycobacterium_spongiae,238,240,2
127,Mycobacterium_spongiae,250,251,1
128,Mycobacterium_spongiae,295,296,1
129,Mycobacterium_spongiae,359,360,1
130,Mycobacterium_spongiae,373,374,1
131,Mycobacterium_spongiae,401,402,1
132,Mycobacterium_spongiae,416,417,1
133,Mycobacterium_spongiae,451,452,1
134,Mycobacterium_spongiae,471,574,103
135,Mycobacterium_spongiae,753,755,2
136,Mycobacterium_spongiae,757,771,14
137,Mycobacterium_spongiae,789,790,1
138,Mycobacterium_spongiae,839,840,1
139,Mycobacterium_spongiae,883,891,8
140,Mycobacterium_spongiae,896,897,1
141,Mycobacterium_spongiae,1010,1011,1
142,Mycobacterium_spongiae,1068,1069,1
143,Mycobacterium_spongiae,1168,1169,1
144,Mycobacterium_spongiae,1185,1186,1
145,Mycobacterium_spongiae,1187,1188,1
146,Mycobacterium_spongiae,1190,1192,2
147,Mycobacterium_spongiae,1211,1212,1
148,Mycobacterium_spongiae,1237,1238,1
149,Mycobacterium_spongiae,1398,1399,1
150,Mycobacterium_spongiae,1430,1436,6
151,Mycobacterium_spongiae,1438,1439,1
152,Mycobacterium_spongiae,1445,1446,1
153,Mycobacterium_spongiae,1448,1459,11
154,Mycobacterium_spongiae,1491,1492,1
155,Mycobacterium_spongiae,1515,1516,1
156,Mycobacterium_spongiae,1707,1708,1
157,Mycobacterium_spongiae,1748,1749,1
158,Mycobacterium_spongiae,1751,1752,1
159,Mycobacterium_spongiae,1756,1761,5
160,Mycobacterium_spongiae,1773,1775,2
161,Mycobacterium_spongiae,1776,1777,1
162,Mycobacterium_spongiae,1784,1785,1
163,Mycobacterium_spongiae,1789,1791,2
164,Mycobacterium_spongiae,1802,1803,1
165,Mycobacterium_spongiae,1918,1919,1
166,Mycobacterium_spongiae,1954,1955,1
167,Mycobacterium_spongiae,1993,1994,1
168,Mycobacterium_spongiae,2132,2133,1
169,Mycobacterium_spongiae,2136,2137,1
170,Mycobacterium_spongiae,2138,2139,1
171,Mycobacterium_spongiae,2143,2147,4
172,Mycobacterium_spongiae,2150,2152,2
173,Mycobacterium_spongiae,2162,2163,1
174,Mycobacterium_spongiae,2285,2294,9
175,Mycobacterium_spongiae,2296,2297,1
176,Mycobacterium_spongiae,2299,2305,6
177,Mycobacterium_spongiae,2309,2315,6
178,Mycobacterium_spongiae,2316,2325,9
179,Mycobacterium_spongiae,2379,2380,1
180,Mycobacterium_spongiae,2664,2665,1
181,Mycobacterium_spongiae,2723,2850,127
182,Mycobacterium_spongiae,3376,3377,1
183,Mycobacterium_spongiae,3378,3379,1
184,Mycobacterium_spongiae,3433,3434,1
185,Mycobacterium_decipiens,1,3,2
186,Mycobacterium_decipiens,82,83,1
187,Mycobacterium_decipiens,186,187,1
188,Mycobacterium_decipiens,235,237,2
189,Mycobacterium_decipiens,238,240,2
190,Mycobacterium_decipiens,250,251,1
191,Mycobacterium_decipiens,295,296,1
192,Mycobacterium_decipiens,359,360,1
193,Mycobacterium_decipiens,373,374,1
194,Mycobacterium_decipiens,401,402,1
195,Mycobacterium_decipiens,416,417,1
196,Mycobacterium_decipiens,451,452,1
197,Mycobacterium_decipiens,471,574,103
198,Mycobacterium_decipiens,753,755,2
199,Mycobacterium_decipiens,757,771,14
200,Mycobacterium_decipiens,789,790,1
201,Mycobacterium_decipiens,839,840,1
202,Mycobacterium_decipiens,883,891,8
203,Mycobacterium_decipiens,896,897,1
204,Mycobacterium_decipiens,1010,1011,1
205,Mycobacterium_decipiens,1068,1069,1
206,Mycobacterium_decipiens,1168,1169,1
207,Mycobacterium_decipiens,1185,1186,1
208,Mycobacterium_decipiens,1187,1188,1
209,Mycobacterium_decipiens,1190,1192,2
210,Mycobacterium_decipiens,1211,1212,1
211,Mycobacterium_decipiens,1237,1238,1
212,Mycobacterium_decipiens,1398,1399,1
213,Mycobacterium_decipiens,1430,1436,6
214,Mycobacterium_decipiens,1438,1439,1
215,Mycobacterium_decipiens,1445,1459,14
216,Mycobacterium_decipiens,1491,1492,1
217,Mycobacterium_decipiens,1515,1516,1
218,Mycobacterium_decipiens,1707,1708,1
219,Mycobacterium_decipiens,1748,1749,1
220,Mycobacterium_decipiens,1751,1752,1
221,Mycobacterium_decipiens,1756,1761,5
222,Mycobacterium_decipiens,1773,1775,2
223,Mycobacterium_decipiens,1776,1777,1
224,Mycobacterium_decipiens,1784,1785,1
225,Mycobacterium_decipiens,1789,1791,2
226,Mycobacterium_decipiens,1802,1803,1
227,Mycobacterium_decipiens,1918,1919,1
228,Mycobacterium_decipiens,1954,1955,1
229,Mycobacterium_decipiens,1993,1994,1
230,Mycobacterium_decipiens,2132,2133,1
231,Mycobacterium_decipiens,2136,2137,1
232,Mycobacterium_decipiens,2138,2139,1
233,Mycobacterium_decipiens,2143,2147,4
234,Mycobacterium_decipiens,2150,2152,2
235,Mycobacterium_decipiens,2162,2163,1
236,Mycobacterium_decipiens,2285,2294,9
237,Mycobacterium_decipiens,2296,2297,1
238,Mycobacterium_decipiens,2299,2305,6
239,Mycobacterium_decipiens,2309,2315,6
240,Mycobacterium_decipiens,2316,2325,9
241,Mycobacterium_decipiens,2379,2380,1
242,Mycobacterium_decipiens,2664,2665,1
243,Mycobacterium_decipiens,2723,2850,127
244,Mycobacterium_decipiens,3376,3377,1
245,Mycobacterium_decipiens,3378,3379,1
246,Mycobacterium_decipiens,3433,3434,1
247,Mycobacterium_kansasii,1,3,2
248,Mycobacterium_kansasii,82,83,1
249,Mycobacterium_kansasii,186,187,1
250,Mycobacterium_kansasii,235,237,2
251,Mycobacterium_kansasii,238,240,2
252,Mycobacterium_kansasii,250,251,1
253,Mycobacterium_kansasii,295,296,1
254,Mycobacterium_kansasii,359,360,1
255,Mycobacterium_kansasii,373,374,1
256,Mycobacterium_kansasii,401,402,1
257,Mycobacterium_kansasii,416,417,1
258,Mycobacterium_kansasii,451,452,1
259,Mycobacterium_kansasii,471,574,103
260,Mycobacterium_kansasii,753,755,2
261,Mycobacterium_kansasii,757,771,14
262,Mycobacterium_kansasii,789,790,1
263,Mycobacterium_kansasii,839,840,1
264,Mycobacterium_kansasii,883,891,8
265,Mycobacterium_kansasii,896,897,1
266,Mycobacterium_kansasii,1010,1011,1
267,Mycobacterium_kansasii,1068,1069,1
268,Mycobacterium_kansasii,1168,1169,1
269,Mycobacterium_kansasii,1185,1186,1
270,Mycobacterium_kansasii,1187,1188,1
271,Mycobacterium_kansasii,1190,1192,2
272,Mycobacterium_kansasii,1211,1212,1
273,Mycobacterium_kansasii,1237,1238,1
274,Mycobacterium_kansasii,1398,1399,1
275,Mycobacterium_kansasii,1430,1459,29
276,Mycobacterium_kansasii,1491,1492,1
277,Mycobacterium_kansasii,1515,1516,1
278,Mycobacterium_kansasii,1707,1708,1
279,Mycobacterium_kansasii,1748,1749,1
280,Mycobacterium_kansasii,1751,1752,1
281,Mycobacterium_kansasii,1756,1761,5
282,Mycobacterium_kansasii,1773,1775,2
283,Mycobacterium_kansasii,1776,1777,1
284,Mycobacterium_kansasii,1784,1785,1
285,Mycobacterium_kansasii,1789,1791,2
286,Mycobacterium_kansasii,1802,1803,1
287,Mycobacterium_kansasii,1918,1919,1
288,Mycobacterium_kansasii,1954,1955,1
289,Mycobacterium_kansasii,1993,1994,1
290,Mycobacterium_kansasii,2132,2133,1
291,Mycobacterium_kansasii,2136,2137,1
292,Mycobacterium_kansasii,2138,2139,1
293,Mycobacterium_kansasii,2143,2147,4
294,Mycobacterium_kansasii,2150,2152,2
295,Mycobacterium_kansasii,2162,2163,1
296,Mycobacterium_kansasii,2285,2294,9
297,Mycobacterium_kansasii,2296,2297,1
298,Mycobacterium_kansasii,2299,2305,6
299,Mycobacterium_kansasii,2309,2315,6
300,Mycobacterium_kansasii,2316,2325,9
301,Mycobacterium_kansasii,2379,2380,1
302,Mycobacterium_kansasii,2664,2665,1
303,Mycobacterium_kansasii,2723,2850,127
304,Mycobacterium_kansasii,3376,3377,1
305,Mycobacterium_kansasii,3378,3379,1
306,Mycobacterium_kansasii,3433,3434,1
307,Mycobacterium_attenuatum,1,3,2
308,Mycobacterium_attenuatum,82,83,1
309,Mycobacterium_attenuatum,186,187,1
310,Mycobacterium_attenuatum,235,237,2
311,Mycobacterium_attenuatum,238,240,2
312,Mycobacterium_attenuatum,250,251,1
313,Mycobacterium_attenuatum,295,296,1
314,Mycobacterium_attenuatum,359,360,1
315,Mycobacterium_attenuatum,373,374,1
316,Mycobacterium_attenuatum,401,402,1
317,Mycobacterium_attenuatum,416,417,1
318,Mycobacterium_attenuatum,451,452,1
319,Mycobacterium_attenuatum,471,574,103
320,Mycobacterium_attenuatum,753,755,2
321,Mycobacterium_attenuatum,763,766,3
322,Mycobacterium_attenuatum,789,790,1
323,Mycobacterium_attenuatum,839,840,1
324,Mycobacterium_attenuatum,883,891,8
325,Mycobacterium_attenuatum,896,897,1
326,Mycobacterium_attenuatum,1010,1011,1
327,Mycobacterium_attenuatum,1068,1069,1
328,Mycobacterium_attenuatum,1168,1169,1
329,Mycobacterium_attenuatum,1185,1186,1
330,Mycobacterium_attenuatum,1187,1188,1
331,Mycobacterium_attenuatum,1190,1192,2
332,Mycobacterium_attenuatum,1211,1212,1
333,Mycobacterium_attenuatum,1237,1238,1
334,Mycobacterium_attenuatum,1398,1399,1
335,Mycobacterium_attenuatum,1430,1459,29
336,Mycobacterium_attenuatum,1491,1492,1
337,Mycobacterium_attenuatum,1515,1516,1
338,Mycobacterium_attenuatum,1707,1708,1
339,Mycobacterium_attenuatum,1748,1749,1
340,Mycobacterium_attenuatum,1751,1752,1
341,Mycobacterium_attenuatum,1756,1761,5
342,Mycobacterium_attenuatum,1773,1775,2
343,Mycobacterium_attenuatum,1776,1777,1
344,Mycobacterium_attenuatum,1784,1785,1
345,Mycobacterium_attenuatum,1789,1791,2
346,Mycobacterium_attenuatum,1802,1803,1
347,Mycobacterium_attenuatum,1918,1919,1
348,Mycobacterium_attenuatum,1954,1955,1
349,Mycobacterium_attenuatum,1993,1994,1
350,Mycobacterium_attenuatum,2132,2133,1
351,Mycobacterium_attenuatum,2136,2137,1
352,Mycobacterium_attenuatum,2138,2139,1
353,Mycobacterium_attenuatum,2143,2147,4
354,Mycobacterium_attenuatum,2150,2152,2
355,Mycobacterium_attenuatum,2162,2163,1
356,Mycobacterium_attenuatum,2285,2294,9
357,Mycobacterium_attenuatum,2296,2297,1
358,Mycobacterium_attenuatum,2299,2305,6
359,Mycobacterium_attenuatum,2309,2315,6
360,Mycobacterium_attenuatum,2316,2325,9
361,Mycobacterium_attenuatum,2379,2380,1
362,Mycobacterium_attenuatum,2664,2665,1
363,Mycobacterium_attenuatum,2723,2850,127
364,Mycobacterium_attenuatum,3376,3377,1
365,Mycobacterium_attenuatum,3378,3379,1
366,Mycobacterium_attenuatum,3433,3434,1
367,Mycobacterium_persicum,1,3,2
368,Mycobacterium_persicum,82,83,1
369,Mycobacterium_persicum,186,187,1
370,Mycobacterium_persicum,235,237,2
371,Mycobacterium_persicum,238,240,2
372,Mycobacterium_persicum,250,251,1
373,Mycobacterium_persicum,295,296,1
374,Mycobacterium_persicum,359,360,1
375,Mycobacterium_persicum,373,374,1
376,Mycobacterium_persicum,401,402,1
377,Mycobacterium_persicum,416,417,1
378,Mycobacterium_persicum,451,452,1
379,Mycobacterium_persicum,471,574,103
380,Mycobacterium_persicum,753,755,2
381,Mycobacterium_persicum,757,771,14
382,Mycobacterium_persicum,789,790,1
383,Mycobacterium_persicum,839,840,1
384,Mycobacterium_persicum,883,891,8
385,Mycobacterium_persicum,896,897,1
386,Mycobacterium_persicum,1010,1011,1
387,Mycobacterium_persicum,1068,1069,1
388,Mycobacterium_persicum,1168,1169,1
389,Mycobacterium_persicum,1185,1186,1
390,Mycobacterium_persicum,1187,1188,1
391,Mycobacterium_persicum,1190,1192,2
392,Mycobacterium_persicum,1211,1212,1
393,Mycobacterium_persicum,1237,1238,1
394,Mycobacterium_persicum,1398,1399,1
395,Mycobacterium_persicum,1430,1459,29
396,Mycobacterium_persicum,1491,1492,1
397,Mycobacterium_persicum,1515,1516,1
398,Mycobacterium_persicum,1707,1708,1
399,Mycobacterium_persicum,1748,1749,1
400,Mycobacterium_persicum,1751,1752,1
401,Mycobacterium_persicum,1756,1761,5
402,Mycobacterium_persicum,1773,1775,2
403,Mycobacterium_persicum,1776,1777,1
404,Mycobacterium_persicum,1784,1785,1
405,Mycobacterium_persicum,1789,1791,2
406,Mycobacterium_persicum,1802,1803,1
407,Mycobacterium_persicum,1916,1917,1
408,Mycobacterium_persicum,1918,1919,1
409,Mycobacterium_persicum,1954,1955,1
410,Mycobacterium_persicum,1993,1994,1
411,Mycobacterium_persicum,2132,2133,1
412,Mycobacterium_persicum,2136,2137,1
413,Mycobacterium_persicum,2138,2139,1
414,Mycobacterium_persicum,2143,2147,4
415,Mycobacterium_persicum,2150,2152,2
416,Mycobacterium_persicum,2162,2163,1
417,Mycobacterium_persicum,2285,2294,9
418,Mycobacterium_persicum,2296,2305,9
419,Mycobacterium_persicum,2309,2315,6
420,Mycobacterium_persicum,2316,2325,9
421,Mycobacterium_persicum,2379,2380,1
422,Mycobacterium_persicum,2664,2665,1
423,Mycobacterium_persicum,2723,2850,127
424,Mycobacterium_persicum,3376,3377,1
425,Mycobacterium_persicum,3378,3379,1
426,Mycobacterium_persicum,3433,3434,1
427,Mycobacterium_haemophilum,1,3,2
428,Mycobacterium_haemophilum,82,83,1
429,Mycobacterium_haemophilum,186,187,1
430,Mycobacterium_haemophilum,235,237,2
431,Mycobacterium_haemophilum,238,240,2
432,Mycobacterium_haemophilum,250,251,1
433,Mycobacterium_haemophilum,295,296,1
434,Mycobacterium_haemophilum,359,360,1
435,Mycobacterium_haemophilum,373,374,1
436,Mycobacterium_haemophilum,401,402,1
437,Mycobacterium_haemophilum,416,417,1
438,Mycobacterium_haemophilum,451,452,1
439,Mycobacterium_haemophilum,471,574,103
440,Mycobacterium_haemophilum,753,755,2
441,Mycobacterium_haemophilum,757,771,14
442,Mycobacterium_haemophilum,789,790,1
443,Mycobacterium_haemophilum,839,840,1
444,Mycobacterium_haemophilum,883,891,8
445,Mycobacterium_haemophilum,896,897,1
446,Mycobacterium_haemophilum,1010,1011,1
447,Mycobacterium_haemophilum,1068,1069,1
448,Mycobacterium_haemophilum,1168,1169,1
449,Mycobacterium_haemophilum,1185,1186,1
450,Mycobacterium_haemophilum,1187,1188,1
451,Mycobacterium_haemophilum,1190,1192,2
452,Mycobacterium_haemophilum,1211,1212,1
453,Mycobacterium_haemophilum,1237,1238,1
454,Mycobacterium_haemophilum,1398,1399,1
455,Mycobacterium_haemophilum,1430,1436,6
456,Mycobacterium_haemophilum,1438,1439,1
457,Mycobacterium_haemophilum,1445,1446,1
458,Mycobacterium_haemophilum,1448,1459,11
459,Mycobacterium_haemophilum,1491,1492,1
460,Mycobacterium_haemophilum,1515,1516,1
461,Mycobacterium_haemophilum,1707,1708,1
462,Mycobacterium_haemophilum,1748,1749,1
463,Mycobacterium_haemophilum,1751,1752,1
464,Mycobacterium_haemophilum,1756,1761,5
465,Mycobacterium_haemophilum,1773,1775,2
466,Mycobacterium_haemophilum,1776,1777,1
467,Mycobacterium_haemophilum,1784,1785,1
468,Mycobacterium_haemophilum,1789,1791,2
469,Mycobacterium_haemophilum,1802,1803,1
470,Mycobacterium_haemophilum,1918,1919,1
471,Mycobacterium_haemophilum,1954,1955,1
472,Mycobacterium_haemophilum,1993,1994,1
473,Mycobacterium_haemophilum,2132,2133,1
474,Mycobacterium_haemophilum,2136,2137,1
475,Mycobacterium_haemophilum,2138,2139,1
476,Mycobacterium_haemophilum,2143,2147,4
477,Mycobacterium_haemophilum,2150,2152,2
478,Mycobacterium_haemophilum,2162,2163,1
479,Mycobacterium_haemophilum,2285,2294,9
480,Mycobacterium_haemophilum,2296,2297,1
481,Mycobacterium_haemophilum,2299,2305,6
482,Mycobacterium_haemophilum,2309,2315,6
483,Mycobacterium_haemophilum,2316,2325,9
484,Mycobacterium_haemophilum,2379,2380,1
485,Mycobacterium_haemophilum,2664,2665,1
486,Mycobacterium_haemophilum,2723,2850,127
487,Mycobacterium_haemophilum,3376,3377,1
488,Mycobacterium_haemophilum,3378,3379,1
489,Mycobacterium_haemophilum,3433,3434,1
490,Mycobacterium_innocens,1,3,2
491,Mycobacterium_innocens,82,83,1
492,Mycobacterium_innocens,186,187,1
493,Mycobacterium_innocens,235,237,2
494,Mycobacterium_innocens,238,240,2
495,Mycobacterium_innocens,250,251,1
496,Mycobacterium_innocens,295,296,1
497,Mycobacterium_innocens,359,360,1
498,Mycobacterium_innocens,373,374,1
499,Mycobacterium_innocens,401,402,1
500,Mycobacterium_innocens,416,417,1
501,Mycobacterium_innocens,451,452,1
502,Mycobacterium_innocens,471,574,103
503,Mycobacterium_innocens,753,755,2
504,Mycobacterium_innocens,757,771,14
505,Mycobacterium_innocens,789,790,1
506,Mycobacterium_innocens,839,840,1
507,Mycobacterium_innocens,883,891,8
508,Mycobacterium_innocens,896,897,1
509,Mycobacterium_innocens,1010,1011,1
510,Mycobacterium_innocens,1068,1069,1
511,Mycobacterium_innocens,1168,1169,1
512,Mycobacterium_innocens,1185,1186,1
513,Mycobacterium_innocens,1187,1188,1
514,Mycobacterium_innocens,1190,1192,2
515,Mycobacterium_innocens,1211,1212,1
516,Mycobacterium_innocens,1237,1238,1
517,Mycobacterium_innocens,1398,1399,1
518,Mycobacterium_innocens,1430,1459,29
519,Mycobacterium_innocens,1491,1492,1
520,Mycobacterium_innocens,1515,1516,1
521,Mycobacterium_innocens,1707,1708,1
522,Mycobacterium_innocens,1748,1749,1
523,Mycobacterium_innocens,1751,1752,1
524,Mycobacterium_innocens,1756,1761,5
525,Mycobacterium_innocens,1773,1775,2
526,Mycobacterium_innocens,1776,1777,1
527,Mycobacterium_innocens,1784,1785,1
528,Mycobacterium_innocens,1789,1791,2
529,Mycobacterium_innocens,1802,1803,1
530,Mycobacterium_innocens,1918,1919,1
531,Mycobacterium_innocens,1954,1955,1
532,Mycobacterium_innocens,1993,1994,1
533,Mycobacterium_innocens,2132,2133,1
534,Mycobacterium_innocens,2136,2137,1
535,Mycobacterium_innocens,2138,2139,1
536,Mycobacterium_innocens,2143,2147,4
537,Mycobacterium_innocens,2150,2152,2
538,Mycobacterium_innocens,2162,2163,1
539,Mycobacterium_innocens,2285,2294,9
540,Mycobacterium_innocens,2296,2305,9
541,Mycobacterium_innocens,2309,2315,6
542,Mycobacterium_innocens,2316,2325,9
543,Mycobacterium_innocens,2379,2380,1
544,Mycobacterium_innocens,2664,2665,1
545,Mycobacterium_innocens,2723,2850,127
546,Mycobacterium_innocens,3376,3377,1
547,Mycobacterium_innocens,3378,3379,1
548,Mycobacterium_innocens,3433,3434,1
549,Mycobacterium_riyadhense,1,3,2
550,Mycobacterium_riyadhense,82,83,1
551,Mycobacterium_riyadhense,186,187,1
552,Mycobacterium_riyadhense,235,237,2
553,Mycobacterium_riyadhense,238,240,2
554,Mycobacterium_riyadhense,250,251,1
555,Mycobacterium_riyadhense,295,296,1
556,Mycobacterium_riyadhense,359,360,1
557,Mycobacterium_riyadhense,373,374,1
558,Mycobacterium_riyadhense,401,402,1
559,Mycobacterium_riyadhense,416,417,1
560,Mycobacterium_riyadhense,451,452,1
561,Mycobacterium_riyadhense,471,574,103
562,Mycobacterium_riyadhense,753,755,2
563,Mycobacterium_riyadhense,757,771,14
564,Mycobacterium_riyadhense,789,790,1
565,Mycobacterium_riyadhense,839,840,1
566,Mycobacterium_riyadhense,883,892,9
567,Mycobacterium_riyadhense,896,897,1
568,Mycobacterium_riyadhense,901,902,1
569,Mycobacterium_riyadhense,1010,1011,1
570,Mycobacterium_riyadhense,1068,1069,1
571,Mycobacterium_riyadhense,1168,1169,1
572,Mycobacterium_riyadhense,1185,1186,1
573,Mycobacterium_riyadhense,1187,1188,1
574,Mycobacterium_riyadhense,1190,1192,2
575,Mycobacterium_riyadhense,1211,1212,1
576,Mycobacterium_riyadhense,1237,1238,1
577,Mycobacterium_riyadhense,1398,1399,1
578,Mycobacterium_riyadhense,1430,1436,6
579,Mycobacterium_riyadhense,1438,1439,1
580,Mycobacterium_riyadhense,1445,1446,1
581,Mycobacterium_riyadhense,1448,1459,11
582,Mycobacterium_riyadhense,1491,1492,1
583,Mycobacterium_riyadhense,1515,1516,1
584,Mycobacterium_riyadhense,1707,1708,1
585,Mycobacterium_riyadhense,1748,1749,1
586,Mycobacterium_riyadhense,1751,1752,1
587,Mycobacterium_riyadhense,1756,1761,5
588,Mycobacterium_riyadhense,1773,1775,2
589,Mycobacterium_riyadhense,1776,1777,1
590,Mycobacterium_riyadhense,1784,1785,1
591,Mycobacterium_riyadhense,1789,1791,2
592,Mycobacterium_riyadhense,1802,1803,1
593,Mycobacterium_riyadhense,1918,1919,1
594,Mycobacterium_riyadhense,1954,1955,1
595,Mycobacterium_riyadhense,1993,1994,1
596,Mycobacterium_riyadhense,2132,2133,1
597,Mycobacterium_riyadhense,2136,2137,1
598,Mycobacterium_riyadhense,2138,2139,1
599,Mycobacterium_riyadhense,2143,2147,4
600,Mycobacterium_riyadhense,2150,2152,2
601,Mycobacterium_riyadhense,2162,2163,1
602,Mycobacterium_riyadhense,2285,2294,9
603,Mycobacterium_riyadhense,2296,2297,1
604,Mycobacterium_riyadhense,2299,2305,6
605,Mycobacterium_riyadhense,2309,2315,6
606,Mycobacterium_riyadhense,2316,2325,9
607,Mycobacterium_riyadhense,2379,2380,1
608,Mycobacterium_riyadhense,2664,2665,1
609,Mycobacterium_riyadhense,2723,2850,127
610,Mycobacterium_riyadhense,3376,3377,1
611,Mycobacterium_riyadhense,3378,3379,1
612,Mycobacterium_riyadhense,3433,3434,1
613,Mycobacterium_gastri,1,3,2
614,Mycobacterium_gastri,82,83,1
615,Mycobacterium_gastri,186,187,1
616,Mycobacterium_gastri,235,237,2
617,Mycobacterium_gastri,238,240,2
618,Mycobacterium_gastri,250,251,1
619,Mycobacterium_gastri,295,296,1
620,Mycobacterium_gastri,359,360,1
621,Mycobacterium_gastri,373,374,1
622,Mycobacterium_gastri,401,402,1
623,Mycobacterium_gastri,416,417,1
624,Mycobacterium_gastri,451,452,1
625,Mycobacterium_gastri,471,574,103
626,Mycobacterium_gastri,753,755,2
627,Mycobacterium_gastri,757,771,14
628,Mycobacterium_gastri,789,790,1
629,Mycobacterium_gastri,839,840,1
630,Mycobacterium_gastri,883,891,8
631,Mycobacterium_gastri,896,897,1
632,Mycobacterium_gastri,1010,1011,1
633,Mycobacterium_gastri,1068,1069,1
634,Mycobacterium_gastri,1168,1169,1
635,Mycobacterium_gastri,1185,1186,1
636,Mycobacterium_gastri,1187,1188,1
637,Mycobacterium_gastri,1190,1192,2
638,Mycobacterium_gastri,1211,1212,1
639,Mycobacterium_gastri,1237,1238,1
640,Mycobacterium_gastri,1398,1399,1
641,Mycobacterium_gastri,1430,1459,29
642,Mycobacterium_gastri,1491,1492,1
643,Mycobacterium_gastri,1515,1516,1
644,Mycobacterium_gastri,1707,1708,1
645,Mycobacterium_gastri,1748,1749,1
646,Mycobacterium_gastri,1751,1752,1
647,Mycobacterium_gastri,1756,1761,5
648,Mycobacterium_gastri,1773,1775,2
649,Mycobacterium_gastri,1776,1777,1
650,Mycobacterium_gastri,1784,1785,1
651,Mycobacterium_gastri,1789,1791,2
652,Mycobacterium_gastri,1802,1803,1
653,Mycobacterium_gastri,1918,1919,1
654,Mycobacterium_gastri,1954,1955,1
655,Mycobacterium_gastri,1993,1994,1
656,Mycobacterium_gastri,2132,2133,1
657,Mycobacterium_gastri,2136,2137,1
658,Mycobacterium_gastri,2138,2139,1
659,Mycobacterium_gastri,2143,2147,4
660,Mycobacterium_gastri,2150,2152,2
661,Mycobacterium_gastri,2162,2163,1
662,Mycobacterium_gastri,2285,2294,9
663,Mycobacterium_gastri,2296,2305,9
664,Mycobacterium_gastri,2309,2315,6
665,Mycobacterium_gastri,2316,2325,9
666,Mycobacterium_gastri,2379,2380,1
667,Mycobacterium_gastri,2664,2665,1
668,Mycobacterium_gastri,2723,2850,127
669,Mycobacterium_gastri,3376,3377,1
670,Mycobacterium_gastri,3378,3379,1
671,Mycobacterium_gastri,3433,3434,1
672,Mycobacterium_ostraviense,1,3,2
673,Mycobacterium_ostraviense,82,83,1
674,Mycobacterium_ostraviense,186,187,1
675,Mycobacterium_ostraviense,235,237,2
676,Mycobacterium_ostraviense,238,240,2
677,Mycobacterium_ostraviense,250,251,1
678,Mycobacterium_ostraviense,295,296,1
679,Mycobacterium_ostraviense,359,360,1
680,Mycobacterium_ostraviense,373,374,1
681,Mycobacterium_ostraviense,401,402,1
682,Mycobacterium_ostraviense,416,417,1
683,Mycobacterium_ostraviense,451,452,1
684,Mycobacterium_ostraviense,471,574,103
685,Mycobacterium_ostraviense,753,755,2
686,Mycobacterium_ostraviense,757,771,14
687,Mycobacterium_ostraviense,789,790,1
688,Mycobacterium_ostraviense,839,840,1
689,Mycobacterium_ostraviense,883,891,8
690,Mycobacterium_ostraviense,896,897,1
691,Mycobacterium_ostraviense,1010,1011,1
692,Mycobacterium_ostraviense,1068,1069,1
693,Mycobacterium_ostraviense,1168,1169,1
694,Mycobacterium_ostraviense,1185,1186,1
695,Mycobacterium_ostraviense,1187,1188,1
696,Mycobacterium_ostraviense,1190,1192,2
697,Mycobacterium_ostraviense,1211,1212,1
698,Mycobacterium_ostraviense,1237,1238,1
699,Mycobacterium_ostraviense,1398,1399,1
700,Mycobacterium_ostraviense,1430,1459,29
701,Mycobacterium_ostraviense,1491,1492,1
702,Mycobacterium_ostraviense,1515,1516,1
703,Mycobacterium_ostraviense,1707,1708,1
704,Mycobacterium_ostraviense,1748,1749,1
705,Mycobacterium_ostraviense,1751,1752,1
706,Mycobacterium_ostraviense,1756,1761,5
707,Mycobacterium_ostraviense,1773,1775,2
708,Mycobacterium_ostraviense,1776,1777,1
709,Mycobacterium_ostraviense,1784,1785,1
710,Mycobacterium_ostraviense,1789,1791,2
711,Mycobacterium_ostraviense,1802,1803,1
712,Mycobacterium_ostraviense,1918,1919,1
713,Mycobacterium_ostraviense,1954,1955,1
714,Mycobacterium_ostraviense,1993,1994,1
715,Mycobacterium_ostraviense,2132,2133,1
716,Mycobacterium_ostraviense,2136,2137,1
717,Mycobacterium_ostraviense,2138,2139,1
718,Mycobacterium_ostraviense,2143,2147,4
719,Mycobacterium_ostraviense,2150,2152,2
720,Mycobacterium_ostraviense,2162,2163,1
721,Mycobacterium_ostraviense,2285,2294,9
722,Mycobacterium_ostraviense,2296,2305,9
723,Mycobacterium_ostraviense,2309,2315,6
724,Mycobacterium_ostraviense,2316,2325,9
725,Mycobacterium_ostraviense,2379,2380,1
726,Mycobacterium_ostraviense,2664,2665,1
727,Mycobacterium_ostraviense,2723,2850,127
728,Mycobacterium_ostraviense,3376,3377,1
729,Mycobacterium_ostraviense,3378,3379,1
730,Mycobacterium_basiliense,1,3,2
731,Mycobacterium_basiliense,82,83,1
732,Mycobacterium_basiliense,186,187,1
733,Mycobacterium_basiliense,235,237,2
734,Mycobacterium_basiliense,238,240,2
735,Mycobacterium_basiliense,250,251,1
736,Mycobacterium_basiliense,295,296,1
737,Mycobacterium_basiliense,359,360,1
738,Mycobacterium_basiliense,373,374,1
739,Mycobacterium_basiliense,401,402,1
740,Mycobacterium_basiliense,416,417,1
741,Mycobacterium_basiliense,451,452,1
742,Mycobacterium_basiliense,471,574,103
743,Mycobacterium_basiliense,753,755,2
744,Mycobacterium_basiliense,757,771,14
745,Mycobacterium_basiliense,789,790,1
746,Mycobacterium_basiliense,839,840,1
747,Mycobacterium_basiliense,883,892,9
748,Mycobacterium_basiliense,896,897,1
749,Mycobacterium_basiliense,901,902,1
750,Mycobacterium_basiliense,1010,1011,1
751,Mycobacterium_basiliense,1068,1069,1
752,Mycobacterium_basiliense,1168,1169,1
753,Mycobacterium_basiliense,1185,1186,1
754,Mycobacterium_basiliense,1187,1188,1
755,Mycobacterium_basiliense,1190,1192,2
756,Mycobacterium_basiliense,1211,1212,1
757,Mycobacterium_basiliense,1237,1238,1
758,Mycobacterium_basiliense,1398,1399,1
759,Mycobacterium_basiliense,1430,1459,29
760,Mycobacterium_basiliense,1491,1492,1
761,Mycobacterium_basiliense,1515,1516,1
762,Mycobacterium_basiliense,1707,1708,1
763,Mycobacterium_basiliense,1748,1749,1
764,Mycobacterium_basiliense,1751,1752,1
765,Mycobacterium_basiliense,1756,1761,5
766,Mycobacterium_basiliense,1773,1775,2
767,Mycobacterium_basiliense,1776,1777,1
768,Mycobacterium_basiliense,1784,1785,1
769,Mycobacterium_basiliense,1789,1791,2
770,Mycobacterium_basiliense,1802,1803,1
771,Mycobacterium_basiliense,1918,1919,1
772,Mycobacterium_basiliense,1954,1955,1
773,Mycobacterium_basiliense,1993,1994,1
774,Mycobacterium_basiliense,2132,2133,1
775,Mycobacterium_basiliense,2136,2137,1
776,Mycobacterium_basiliense,2138,2139,1
777,Mycobacterium_basiliense,2143,2147,4
778,Mycobacterium_basiliense,2150,2152,2
779,Mycobacterium_basiliense,2162,2163,1
780,Mycobacterium_basiliense,2285,2294,9
781,Mycobacterium_basiliense,2296,2297,1
782,Mycobacterium_basiliense,2299,2305,6
783,Mycobacterium_basiliense,2309,2315,6
784,Mycobacterium_basiliense,2316,2325,9
785,Mycobacterium_basiliense,2379,2380,1
786,Mycobacterium_basiliense,2664,2665,1
787,Mycobacterium_basiliense,2723,2850,127
788,Mycobacterium_basiliense,3376,3377,1
789,Mycobacterium_basiliense,3378,3379,1
790,Mycobacterium_basiliense,3433,3434,1
791,Mycobacterium_chimaera,1,3,2
792,Mycobacterium_chimaera,82,83,1
793,Mycobacterium_chimaera,186,187,1
794,Mycobacterium_chimaera,235,237,2
795,Mycobacterium_chimaera,238,240,2
796,Mycobacterium_chimaera,250,251,1
797,Mycobacterium_chimaera,277,278,1
798,Mycobacterium_chimaera,295,296,1
799,Mycobacterium_chimaera,336,337,1
800,Mycobacterium_chimaera,359,360,1
801,Mycobacterium_chimaera,373,374,1
802,Mycobacterium_chimaera,401,402,1
803,Mycobacterium_chimaera,416,417,1
804,Mycobacterium_chimaera,451,452,1
805,Mycobacterium_chimaera,471,574,103
806,Mycobacterium_chimaera,753,755,2
807,Mycobacterium_chimaera,757,771,14
808,Mycobacterium_chimaera,789,790,1
809,Mycobacterium_chimaera,839,840,1
810,Mycobacterium_chimaera,890,902,12
811,Mycobacterium_chimaera,1010,1011,1
812,Mycobacterium_chimaera,1068,1069,1
813,Mycobacterium_chimaera,1168,1169,1
814,Mycobacterium_chimaera,1185,1186,1
815,Mycobacterium_chimaera,1187,1188,1
816,Mycobacterium_chimaera,1190,1192,2
817,Mycobacterium_chimaera,1211,1212,1
818,Mycobacterium_chimaera,1237,1238,1
819,Mycobacterium_chimaera,1398,1399,1
820,Mycobacterium_chimaera,1430,1436,6
821,Mycobacterium_chimaera,1438,1439,1
822,Mycobacterium_chimaera,1444,1446,2
823,Mycobacterium_chimaera,1448,1458,10
824,Mycobacterium_chimaera,1491,1492,1
825,Mycobacterium_chimaera,1515,1516,1
826,Mycobacterium_chimaera,1707,1708,1
827,Mycobacterium_chimaera,1748,1749,1
828,Mycobacterium_chimaera,1751,1752,1
829,Mycobacterium_chimaera,1756,1761,5
830,Mycobacterium_chimaera,1773,1775,2
831,Mycobacterium_chimaera,1776,1777,1
832,Mycobacterium_chimaera,1784,1785,1
833,Mycobacterium_chimaera,1789,1791,2
834,Mycobacterium_chimaera,1802,1803,1
835,Mycobacterium_chimaera,1918,1919,1
836,Mycobacterium_chimaera,1954,1955,1
837,Mycobacterium_chimaera,1993,1994,1
838,Mycobacterium_chimaera,2132,2133,1
839,Mycobacterium_chimaera,2136,2137,1
840,Mycobacterium_chimaera,2138,2139,1
841,Mycobacterium_chimaera,2143,2147,4
842,Mycobacterium_chimaera,2150,2152,2
843,Mycobacterium_chimaera,2162,2163,1
844,Mycobacterium_chimaera,2285,2294,9
845,Mycobacterium_chimaera,2296,2305,9
846,Mycobacterium_chimaera,2309,2315,6
847,Mycobacterium_chimaera,2316,2325,9
848,Mycobacterium_chimaera,2379,2380,1
849,Mycobacterium_chimaera,2663,2665,2
850,Mycobacterium_chimaera,2723,2850,127
851,Mycobacterium_chimaera,3376,3377,1
852,Mycobacterium_chimaera,3378,3379,1
853,Mycobacterium_chimaera,3433,3434,1
854,Mycobacterium_marinum,1,3,2
855,Mycobacterium_marinum,82,83,1
856,Mycobacterium_marinum,186,187,1
857,Mycobacterium_marinum,235,237,2
858,Mycobacterium_marinum,238,240,2
859,Mycobacterium_marinum,250,251,1
860,Mycobacterium_marinum,295,296,1
861,Mycobacterium_marinum,359,360,1
862,Mycobacterium_marinum,373,374,1
863,Mycobacterium_marinum,401,402,1
864,Mycobacterium_marinum,416,417,1
865,Mycobacterium_marinum,451,452,1
866,Mycobacterium_marinum,471,574,103
867,Mycobacterium_marinum,753,755,2
868,Mycobacterium_marinum,757,771,14
869,Mycobacterium_marinum,789,790,1
870,Mycobacterium_marinum,839,840,1
871,Mycobacterium_marinum,883,892,9
872,Mycobacterium_marinum,896,897,1
873,Mycobacterium_marinum,901,902,1
874,Mycobacterium_marinum,1010,1011,1
875,Mycobacterium_marinum,1068,1069,1
876,Mycobacterium_marinum,1168,1169,1
877,Mycobacterium_marinum,1185,1186,1
878,Mycobacterium_marinum,1187,1188,1
879,Mycobacterium_marinum,1190,1192,2
880,Mycobacterium_marinum,1211,1212,1
881,Mycobacterium_marinum,1237,1238,1
882,Mycobacterium_marinum,1398,1399,1
883,Mycobacterium_marinum,1430,1459,29
884,Mycobacterium_marinum,1491,1492,1
885,Mycobacterium_marinum,1515,1516,1
886,Mycobacterium_marinum,1707,1708,1
887,Mycobacterium_marinum,1748,1749,1
888,Mycobacterium_marinum,1751,1752,1
889,Mycobacterium_marinum,1756,1761,5
890,Mycobacterium_marinum,1773,1775,2
891,Mycobacterium_marinum,1776,1777,1
892,Mycobacterium_marinum,1784,1785,1
893,Mycobacterium_marinum,1789,1791,2
894,Mycobacterium_marinum,1802,1803,1
895,Mycobacterium_marinum,1918,1919,1
896,Mycobacterium_marinum,1954,1955,1
897,Mycobacterium_marinum,1993,1994,1
898,Mycobacterium_marinum,2132,2133,1
899,Mycobacterium_marinum,2136,2137,1
900,Mycobacterium_marinum,2138,2139,1
901,Mycobacterium_marinum,2143,2147,4
902,Mycobacterium_marinum,2150,2152,2
903,Mycobacterium_marinum,2162,2163,1
904,Mycobacterium_marinum,2285,2294,9
905,Mycobacterium_marinum,2296,2297,1
906,Mycobacterium_marinum,2299,2305,6
907,Mycobacterium_marinum,2309,2315,6
908,Mycobacterium_marinum,2316,2325,9
909,Mycobacterium_marinum,2379,2380,1
910,Mycobacterium_marinum,2664,2665,1
911,Mycobacterium_marinum,2723,2850,127
912,Mycobacterium_marinum,3376,3377,1
913,Mycobacterium_marinum,3378,3379,1
914,Mycobacterium_marinum,3433,3434,1
915,Mycobacterium_paraintracellulare,1,3,2
916,Mycobacterium_paraintracellulare,82,83,1
917,Mycobacterium_paraintracellulare,186,187,1
918,Mycobacterium_paraintracellulare,235,237,2
919,Mycobacterium_paraintracellulare,238,240,2
920,Mycobacterium_paraintracellulare,250,251,1
921,Mycobacterium_paraintracellulare,277,278,1
922,Mycobacterium_paraintracellulare,295,296,1
923,Mycobacterium_paraintracellulare,336,337,1
924,Mycobacterium_paraintracellulare,359,360,1
925,Mycobacterium_paraintracellulare,373,374,1
926,Mycobacterium_paraintracellulare,401,402,1
927,Mycobacterium_paraintracellulare,416,417,1
928,Mycobacterium_paraintracellulare,451,452,1
929,Mycobacterium_paraintracellulare,471,574,103
930,Mycobacterium_paraintracellulare,753,755,2
931,Mycobacterium_paraintracellulare,757,771,14
932,Mycobacterium_paraintracellulare,789,790,1
933,Mycobacterium_paraintracellulare,839,840,1
934,Mycobacterium_paraintracellulare,890,902,12
935,Mycobacterium_paraintracellulare,1010,1011,1
936,Mycobacterium_paraintracellulare,1068,1069,1
937,Mycobacterium_paraintracellulare,1168,1169,1
938,Mycobacterium_paraintracellulare,1185,1186,1
939,Mycobacterium_paraintracellulare,1187,1188,1
940,Mycobacterium_paraintracellulare,1190,1192,2
941,Mycobacterium_paraintracellulare,1211,1212,1
942,Mycobacterium_paraintracellulare,1237,1238,1
943,Mycobacterium_paraintracellulare,1398,1399,1
944,Mycobacterium_paraintracellulare,1430,1436,6
945,Mycobacterium_paraintracellulare,1438,1439,1
946,Mycobacterium_paraintracellulare,1444,1446,2
947,Mycobacterium_paraintracellulare,1448,1458,10
948,Mycobacterium_paraintracellulare,1491,1492,1
949,Mycobacterium_paraintracellulare,1515,1516,1
950,Mycobacterium_paraintracellulare,1707,1708,1
951,Mycobacterium_paraintracellulare,1748,1749,1
952,Mycobacterium_paraintracellulare,1751,1752,1
953,Mycobacterium_paraintracellulare,1756,1761,5
954,Mycobacterium_paraintracellulare,1773,1775,2
955,Mycobacterium_paraintracellulare,1776,1777,1
956,Mycobacterium_paraintracellulare,1784,1785,1
957,Mycobacterium_paraintracellulare,1789,1791,2
958,Mycobacterium_paraintracellulare,1802,1803,1
959,Mycobacterium_paraintracellulare,1918,1919,1
960,Mycobacterium_paraintracellulare,1954,1955,1
961,Mycobacterium_paraintracellulare,1993,1994,1
962,Mycobacterium_paraintracellulare,2132,2133,1
963,Mycobacterium_paraintracellulare,2136,2137,1
964,Mycobacterium_paraintracellulare,2138,2139,1
965,Mycobacterium_paraintracellulare,2143,2147,4
966,Mycobacterium_paraintracellulare,2150,2152,2
967,Mycobacterium_paraintracellulare,2162,2163,1
968,Mycobacterium_paraintracellulare,2285,2294,9
969,Mycobacterium_paraintracellulare,2296,2305,9
970,Mycobacterium_paraintracellulare,2309,2315,6
971,Mycobacterium_paraintracellulare,2316,2325,9
972,Mycobacterium_paraintracellulare,2379,2380,1
973,Mycobacterium_paraintracellulare,2663,2665,2
974,Mycobacterium_paraintracellulare,2723,2850,127
975,Mycobacterium_paraintracellulare,3376,3377,1
976,Mycobacterium_paraintracellulare,3378,3379,1
977,Mycobacterium_paraintracellulare,3433,3434,1
978,Mycobacterium_hominissuis,1,3,2
979,Mycobacterium_hominissuis,82,83,1
980,Mycobacterium_hominissuis,186,187,1
981,Mycobacterium_hominissuis,235,237,2
982,Mycobacterium_hominissuis,238,240,2
983,Mycobacterium_hominissuis,250,251,1
984,Mycobacterium_hominissuis,277,278,1
985,Mycobacterium_hominissuis,295,296,1
986,Mycobacterium_hominissuis,359,360,1
987,Mycobacterium_hominissuis,373,374,1
988,Mycobacterium_hominissuis,401,402,1
989,Mycobacterium_hominissuis,416,417,1
990,Mycobacterium_hominissuis,451,452,1
991,Mycobacterium_hominissuis,471,574,103
992,Mycobacterium_hominissuis,753,755,2
993,Mycobacterium_hominissuis,757,771,14
994,Mycobacterium_hominissuis,789,790,1
995,Mycobacterium_hominissuis,839,840,1
996,Mycobacterium_hominissuis,890,902,12
997,Mycobacterium_hominissuis,1010,1011,1
998,Mycobacterium_hominissuis,1068,1069,1
999,Mycobacterium_hominissuis,1168,1169,1
1000,Mycobacterium_hominissuis,1185,1186,1
1001,Mycobacterium_hominissuis,1187,1188,1
1002,Mycobacterium_hominissuis,1190,1192,2
1003,Mycobacterium_hominissuis,1211,1212,1
1004,Mycobacterium_hominissuis,1237,1238,1
1005,Mycobacterium_hominissuis,1398,1399,1
1006,Mycobacterium_hominissuis,1430,1436,6
1007,Mycobacterium_hominissuis,1438,1439,1
1008,Mycobacterium_hominissuis,1445,1446,1
1009,Mycobacterium_hominissuis,1448,1458,10
1010,Mycobacterium_hominissuis,1491,1492,1
1011,Mycobacterium_hominissuis,1515,1516,1
1012,Mycobacterium_hominissuis,1707,1708,1
1013,Mycobacterium_hominissuis,1748,1749,1
1014,Mycobacterium_hominissuis,1751,1752,1
1015,Mycobacterium_hominissuis,1756,1761,5
1016,Mycobacterium_hominissuis,1773,1775,2
1017,Mycobacterium_hominissuis,1776,1777,1
1018,Mycobacterium_hominissuis,1784,1785,1
1019,Mycobacterium_hominissuis,1789,1791,2
1020,Mycobacterium_hominissuis,1802,1803,1
1021,Mycobacterium_hominissuis,1918,1919,1
1022,Mycobacterium_hominissuis,1954,1955,1
1023,Mycobacterium_hominissuis,1993,1994,1
1024,Mycobacterium_hominissuis,2132,2133,1
1025,Mycobacterium_hominissuis,2136,2137,1
1026,Mycobacterium_hominissuis,2138,2139,1
1027,Mycobacterium_hominissuis,2143,2147,4
1028,Mycobacterium_hominissuis,2150,2152,2
1029,Mycobacterium_hominissuis,2162,2163,1
1030,Mycobacterium_hominissuis,2285,2294,9
1031,Mycobacterium_hominissuis,2296,2297,1
1032,Mycobacterium_hominissuis,2299,2305,6
1033,Mycobacterium_hominissuis,2309,2315,6
1034,Mycobacterium_hominissuis,2316,2325,9
1035,Mycobacterium_hominissuis,2379,2380,1
1036,Mycobacterium_hominissuis,2663,2665,2
1037,Mycobacterium_hominissuis,2723,2850,127
1038,Mycobacterium_hominissuis,3376,3377,1
1039,Mycobacterium_hominissuis,3378,3379,1
1040,Mycobacterium_hominissuis,3433,3434,1
1041,Mycobacterium_intracellulare,1,3,2
1042,Mycobacterium_intracellulare,82,83,1
1043,Mycobacterium_intracellulare,186,187,1
1044,Mycobacterium_intracellulare,235,237,2
1045,Mycobacterium_intracellulare,238,240,2
1046,Mycobacterium_intracellulare,250,251,1
1047,Mycobacterium_intracellulare,277,278,1
1048,Mycobacterium_intracellulare,295,296,1
1049,Mycobacterium_intracellulare,336,337,1
1050,Mycobacterium_intracellulare,359,360,1
1051,Mycobacterium_intracellulare,373,374,1
1052,Mycobacterium_intracellulare,401,402,1
1053,Mycobacterium_intracellulare,416,417,1
1054,Mycobacterium_intracellulare,451,452,1
1055,Mycobacterium_intracellulare,471,574,103
1056,Mycobacterium_intracellulare,753,755,2
1057,Mycobacterium_intracellulare,757,771,14
1058,Mycobacterium_intracellulare,789,790,1
1059,Mycobacterium_intracellulare,839,840,1
1060,Mycobacterium_intracellulare,890,902,12
1061,Mycobacterium_intracellulare,1010,1011,1
1062,Mycobacterium_intracellulare,1068,1069,1
1063,Mycobacterium_intracellulare,1168,1169,1
1064,Mycobacterium_intracellulare,1185,1186,1
1065,Mycobacterium_intracellulare,1187,1188,1
1066,Mycobacterium_intracellulare,1190,1192,2
1067,Mycobacterium_intracellulare,1211,1212,1
1068,Mycobacterium_intracellulare,1237,1238,1
1069,Mycobacterium_intracellulare,1398,1399,1
1070,Mycobacterium_intracellulare,1430,1436,6
1071,Mycobacterium_intracellulare,1438,1439,1
1072,Mycobacterium_intracellulare,1444,1446,2
1073,Mycobacterium_intracellulare,1448,1458,10
1074,Mycobacterium_intracellulare,1491,1492,1
1075,Mycobacterium_intracellulare,1515,1516,1
1076,Mycobacterium_intracellulare,1707,1708,1
1077,Mycobacterium_intracellulare,1748,1749,1
1078,Mycobacterium_intracellulare,1751,1752,1
1079,Mycobacterium_intracellulare,1756,1761,5
1080,Mycobacterium_intracellulare,1773,1775,2
1081,Mycobacterium_intracellulare,1776,1777,1
1082,Mycobacterium_intracellulare,1784,1785,1
1083,Mycobacterium_intracellulare,1789,1791,2
1084,Mycobacterium_intracellulare,1802,1803,1
1085,Mycobacterium_intracellulare,1918,1919,1
1086,Mycobacterium_intracellulare,1954,1955,1
1087,Mycobacterium_intracellulare,1993,1994,1
1088,Mycobacterium_intracellulare,2132,2133,1
1089,Mycobacterium_intracellulare,2136,2137,1
1090,Mycobacterium_intracellulare,2138,2139,1
1091,Mycobacterium_intracellulare,2143,2147,4
1092,Mycobacterium_intracellulare,2150,2152,2
1093,Mycobacterium_intracellulare,2162,2163,1
1094,Mycobacterium_intracellulare,2285,2294,9
1095,Mycobacterium_intracellulare,2296,2305,9
1096,Mycobacterium_intracellulare,2309,2315,6
1097,Mycobacterium_intracellulare,2316,2325,9
1098,Mycobacterium_intracellulare,2379,2380,1
1099,Mycobacterium_intracellulare,2663,2665,2
1100,Mycobacterium_intracellulare,2723,2850,127
1101,Mycobacterium_intracellulare,3376,3377,1
1102,Mycobacterium_intracellulare,3378,3379,1
1103,Mycobacterium_intracellulare,3433,3434,1
1104,Mycobacterium_yongonense,1,3,2
1105,Mycobacterium_yongonense,82,83,1
1106,Mycobacterium_yongonense,186,187,1
1107,Mycobacterium_yongonense,235,237,2
1108,Mycobacterium_yongonense,238,240,2
1109,Mycobacterium_yongonense,250,251,1
1110,Mycobacterium_yongonense,277,278,1
1111,Mycobacterium_yongonense,295,296,1
1112,Mycobacterium_yongonense,336,337,1
1113,Mycobacterium_yongonense,359,360,1
1114,Mycobacterium_yongonense,373,374,1
1115,Mycobacterium_yongonense,401,402,1
1116,Mycobacterium_yongonense,416,417,1
1117,Mycobacterium_yongonense,451,452,1
1118,Mycobacterium_yongonense,471,574,103
1119,Mycobacterium_yongonense,753,755,2
1120,Mycobacterium_yongonense,757,771,14
1121,Mycobacterium_yongonense,789,790,1
1122,Mycobacterium_yongonense,839,840,1
1123,Mycobacterium_yongonense,890,902,12
1124,Mycobacterium_yongonense,1010,1011,1
1125,Mycobacterium_yongonense,1068,1069,1
1126,Mycobacterium_yongonense,1168,1169,1
1127,Mycobacterium_yongonense,1185,1186,1
1128,Mycobacterium_yongonense,1187,1188,1
1129,Mycobacterium_yongonense,1190,1192,2
1130,Mycobacterium_yongonense,1211,1212,1
1131,Mycobacterium_yongonense,1237,1238,1
1132,Mycobacterium_yongonense,1398,1399,1
1133,Mycobacterium_yongonense,1430,1436,6
1134,Mycobacterium_yongonense,1438,1439,1
1135,Mycobacterium_yongonense,1444,1446,2
1136,Mycobacterium_yongonense,1448,1458,10
1137,Mycobacterium_yongonense,1491,1492,1
1138,Mycobacterium_yongonense,1515,1516,1
1139,Mycobacterium_yongonense,1707,1708,1
1140,Mycobacterium_yongonense,1748,1749,1
1141,Mycobacterium_yongonense,1751,1752,1
1142,Mycobacterium_yongonense,1756,1761,5
1143,Mycobacterium_yongonense,1773,1775,2
1144,Mycobacterium_yongonense,1776,1777,1
1145,Mycobacterium_yongonense,1784,1785,1
1146,Mycobacterium_yongonense,1789,1791,2
1147,Mycobacterium_yongonense,1802,1803,1
1148,Mycobacterium_yongonense,1918,1919,1
1149,Mycobacterium_yongonense,1954,1955,1
1150,Mycobacterium_yongonense,1993,1994,1
1151,Mycobacterium_yongonense,2132,2133,1
1152,Mycobacterium_yongonense,2136,2137,1
1153,Mycobacterium_yongonense,2138,2139,1
1154,Mycobacterium_yongonense,2143,2147,4
1155,Mycobacterium_yongonense,2150,2152,2
1156,Mycobacterium_yongonense,2162,2163,1
1157,Mycobacterium_yongonense,2285,2294,9
1158,Mycobacterium_yongonense,2296,2305,9
1159,Mycobacterium_yongonense,2309,2315,6
1160,Mycobacterium_yongonense,2316,2325,9
1161,Mycobacterium_yongonense,2379,2380,1
1162,Mycobacterium_yongonense,2663,2665,2
1163,Mycobacterium_yongonense,2723,2850,127
1164,Mycobacterium_yongonense,3376,3377,1
1165,Mycobacterium_yongonense,3378,3379,1
1166,Mycobacterium_yongonense,3433,3434,1
1167,Mycobacterium_bouchedurhonense,1,3,2
1168,Mycobacterium_bouchedurhonense,82,83,1
1169,Mycobacterium_bouchedurhonense,186,187,1
1170,Mycobacterium_bouchedurhonense,235,237,2
1171,Mycobacterium_bouchedurhonense,238,240,2
1172,Mycobacterium_bouchedurhonense,250,251,1
1173,Mycobacterium_bouchedurhonense,277,278,1
1174,Mycobacterium_bouchedurhonense,295,296,1
1175,Mycobacterium_bouchedurhonense,359,360,1
1176,Mycobacterium_bouchedurhonense,373,374,1
1177,Mycobacterium_bouchedurhonense,401,402,1
1178,Mycobacterium_bouchedurhonense,416,417,1
1179,Mycobacterium_bouchedurhonense,451,452,1
1180,Mycobacterium_bouchedurhonense,471,574,103
1181,Mycobacterium_bouchedurhonense,753,755,2
1182,Mycobacterium_bouchedurhonense,757,771,14
1183,Mycobacterium_bouchedurhonense,789,790,1
1184,Mycobacterium_bouchedurhonense,839,840,1
1185,Mycobacterium_bouchedurhonense,890,902,12
1186,Mycobacterium_bouchedurhonense,1010,1011,1
1187,Mycobacterium_bouchedurhonense,1068,1069,1
1188,Mycobacterium_bouchedurhonense,1168,1169,1
1189,Mycobacterium_bouchedurhonense,1185,1186,1
1190,Mycobacterium_bouchedurhonense,1187,1188,1
1191,Mycobacterium_bouchedurhonense,1190,1192,2
1192,Mycobacterium_bouchedurhonense,1211,1212,1
1193,Mycobacterium_bouchedurhonense,1237,1238,1
1194,Mycobacterium_bouchedurhonense,1398,1399,1
1195,Mycobacterium_bouchedurhonense,1430,1436,6
1196,Mycobacterium_bouchedurhonense,1438,1439,1
1197,Mycobacterium_bouchedurhonense,1445,1446,1
1198,Mycobacterium_bouchedurhonense,1448,1458,10
1199,Mycobacterium_bouchedurhonense,1491,1492,1
1200,Mycobacterium_bouchedurhonense,1515,1516,1
1201,Mycobacterium_bouchedurhonense,1707,1708,1
1202,Mycobacterium_bouchedurhonense,1748,1749,1
1203,Mycobacterium_bouchedurhonense,1751,1752,1
1204,Mycobacterium_bouchedurhonense,1756,1761,5
1205,Mycobacterium_bouchedurhonense,1773,1775,2
1206,Mycobacterium_bouchedurhonense,1776,1777,1
1207,Mycobacterium_bouchedurhonense,1784,1785,1
1208,Mycobacterium_bouchedurhonense,1789,1791,2
1209,Mycobacterium_bouchedurhonense,1802,1803,1
1210,Mycobacterium_bouchedurhonense,1918,1919,1
1211,Mycobacterium_bouchedurhonense,1954,1955,1
1212,Mycobacterium_bouchedurhonense,1993,1994,1
1213,Mycobacterium_bouchedurhonense,2132,2133,1
1214,Mycobacterium_bouchedurhonense,2136,2137,1
1215,Mycobacterium_bouchedurhonense,2138,2139,1
1216,Mycobacterium_bouchedurhonense,2143,2147,4
1217,Mycobacterium_bouchedurhonense,2150,2152,2
1218,Mycobacterium_bouchedurhonense,2162,2163,1
1219,Mycobacterium_bouchedurhonense,2285,2294,9
1220,Mycobacterium_bouchedurhonense,2296,2297,1
1221,Mycobacterium_bouchedurhonense,2299,2305,6
1222,Mycobacterium_bouchedurhonense,2309,2315,6
1223,Mycobacterium_bouchedurhonense,2316,2325,9
1224,Mycobacterium_bouchedurhonense,2379,2380,1
1225,Mycobacterium_bouchedurhonense,2663,2665,2
1226,Mycobacterium_bouchedurhonense,2723,2850,127
1227,Mycobacterium_bouchedurhonense,3376,3377,1
1228,Mycobacterium_bouchedurhonense,3378,3379,1
1229,Mycobacterium_bouchedurhonense,3433,3434,1
1230,Mycobacterium_liflandii,1,3,2
1231,Mycobacterium_liflandii,82,83,1
1232,Mycobacterium_liflandii,186,187,1
1233,Mycobacterium_liflandii,235,237,2
1234,Mycobacterium_liflandii,238,240,2
1235,Mycobacterium_liflandii,250,251,1
1236,Mycobacterium_liflandii,295,296,1
1237,Mycobacterium_liflandii,359,360,1
1238,Mycobacterium_liflandii,373,374,1
1239,Mycobacterium_liflandii,401,402,1
1240,Mycobacterium_liflandii,416,417,1
1241,Mycobacterium_liflandii,451,452,1
1242,Mycobacterium_liflandii,471,574,103
1243,Mycobacterium_liflandii,753,755,2
1244,Mycobacterium_liflandii,757,771,14
1245,Mycobacterium_liflandii,789,790,1
1246,Mycobacterium_liflandii,839,840,1
1247,Mycobacterium_liflandii,883,892,9
1248,Mycobacterium_liflandii,896,897,1
1249,Mycobacterium_liflandii,901,902,1
1250,Mycobacterium_liflandii,1010,1011,1
1251,Mycobacterium_liflandii,1068,1069,1
1252,Mycobacterium_liflandii,1168,1169,1
1253,Mycobacterium_liflandii,1185,1186,1
1254,Mycobacterium_liflandii,1187,1188,1
1255,Mycobacterium_liflandii,1190,1192,2
1256,Mycobacterium_liflandii,1211,1212,1
1257,Mycobacterium_liflandii,1237,1238,1
1258,Mycobacterium_liflandii,1398,1399,1
1259,Mycobacterium_liflandii,1430,1459,29
1260,Mycobacterium_liflandii,1491,1492,1
1261,Mycobacterium_liflandii,1515,1516,1
1262,Mycobacterium_liflandii,1707,1708,1
1263,Mycobacterium_liflandii,1748,1749,1
1264,Mycobacterium_liflandii,1751,1752,1
1265,Mycobacterium_liflandii,1756,1761,5
1266,Mycobacterium_liflandii,1773,1775,2
1267,Mycobacterium_liflandii,1776,1777,1
1268,Mycobacterium_liflandii,1784,1785,1
1269,Mycobacterium_liflandii,1789,1791,2
1270,Mycobacterium_liflandii,1802,1803,1
1271,Mycobacterium_liflandii,1918,1919,1
1272,Mycobacterium_liflandii,1954,1955,1
1273,Mycobacterium_liflandii,1993,1994,1
1274,Mycobacterium_liflandii,2132,2133,1
1275,Mycobacterium_liflandii,2136,2137,1
1276,Mycobacterium_liflandii,2138,2139,1
1277,Mycobacterium_liflandii,2143,2147,4
1278,Mycobacterium_liflandii,2150,2152,2
1279,Mycobacterium_liflandii,2162,2163,1
1280,Mycobacterium_liflandii,2285,2294,9
1281,Mycobacterium_liflandii,2296,2297,1
1282,Mycobacterium_liflandii,2299,2305,6
1283,Mycobacterium_liflandii,2309,2315,6
1284,Mycobacterium_liflandii,2316,2325,9
1285,Mycobacterium_liflandii,2379,2380,1
1286,Mycobacterium_liflandii,2664,2665,1
1287,Mycobacterium_liflandii,2723,2850,127
1288,Mycobacterium_liflandii,3376,3377,1
1289,Mycobacterium_liflandii,3378,3379,1
1290,Mycobacterium_liflandii,3433,3434,1
1291,Mycobacterium_bohemicum,1,3,2
1292,Mycobacterium_bohemicum,82,83,1
1293,Mycobacterium_bohemicum,186,187,1
1294,Mycobacterium_bohemicum,235,237,2
1295,Mycobacterium_bohemicum,238,240,2
1296,Mycobacterium_bohemicum,250,251,1
1297,Mycobacterium_bohemicum,277,278,1
1298,Mycobacterium_bohemicum,295,296,1
1299,Mycobacterium_bohemicum,359,360,1
1300,Mycobacterium_bohemicum,373,374,1
1301,Mycobacterium_bohemicum,401,402,1
1302,Mycobacterium_bohemicum,416,417,1
1303,Mycobacterium_bohemicum,451,452,1
1304,Mycobacterium_bohemicum,471,574,103
1305,Mycobacterium_bohemicum,753,755,2
1306,Mycobacterium_bohemicum,757,771,14
1307,Mycobacterium_bohemicum,789,790,1
1308,Mycobacterium_bohemicum,839,840,1
1309,Mycobacterium_bohemicum,890,902,12
1310,Mycobacterium_bohemicum,1010,1011,1
1311,Mycobacterium_bohemicum,1068,1069,1
1312,Mycobacterium_bohemicum,1168,1169,1
1313,Mycobacterium_bohemicum,1185,1186,1
1314,Mycobacterium_bohemicum,1187,1188,1
1315,Mycobacterium_bohemicum,1190,1192,2
1316,Mycobacterium_bohemicum,1211,1212,1
1317,Mycobacterium_bohemicum,1237,1238,1
1318,Mycobacterium_bohemicum,1398,1399,1
1319,Mycobacterium_bohemicum,1430,1459,29
1320,Mycobacterium_bohemicum,1491,1492,1
1321,Mycobacterium_bohemicum,1515,1516,1
1322,Mycobacterium_bohemicum,1707,1708,1
1323,Mycobacterium_bohemicum,1748,1749,1
1324,Mycobacterium_bohemicum,1751,1752,1
1325,Mycobacterium_bohemicum,1756,1761,5
1326,Mycobacterium_bohemicum,1766,1768,2
1327,Mycobacterium_bohemicum,1773,1775,2
1328,Mycobacterium_bohemicum,1776,1777,1
1329,Mycobacterium_bohemicum,1784,1785,1
1330,Mycobacterium_bohemicum,1789,1791,2
1331,Mycobacterium_bohemicum,1802,1803,1
1332,Mycobacterium_bohemicum,1918,1919,1
1333,Mycobacterium_bohemicum,1954,1955,1
1334,Mycobacterium_bohemicum,1993,1994,1
1335,Mycobacterium_bohemicum,2132,2133,1
1336,Mycobacterium_bohemicum,2136,2137,1
1337,Mycobacterium_bohemicum,2138,2140,2
1338,Mycobacterium_bohemicum,2143,2147,4
1339,Mycobacterium_bohemicum,2150,2152,2
1340,Mycobacterium_bohemicum,2162,2163,1
1341,Mycobacterium_bohemicum,2285,2294,9
1342,Mycobacterium_bohemicum,2296,2305,9
1343,Mycobacterium_bohemicum,2309,2315,6
1344,Mycobacterium_bohemicum,2316,2325,9
1345,Mycobacterium_bohemicum,2379,2380,1
1346,Mycobacterium_bohemicum,2664,2665,1
1347,Mycobacterium_bohemicum,2723,2850,127
1348,Mycobacterium_bohemicum,3376,3377,1
1349,Mycobacterium_bohemicum,3378,3379,1
1350,Mycobacterium_bohemicum,3433,3434,1
1351,Mycobacterium_avium,1,3,2
1352,Mycobacterium_avium,82,83,1
1353,Mycobacterium_avium,186,187,1
1354,Mycobacterium_avium,235,237,2
1355,Mycobacterium_avium,238,240,2
1356,Mycobacterium_avium,250,251,1
1357,Mycobacterium_avium,277,278,1
1358,Mycobacterium_avium,295,296,1
1359,Mycobacterium_avium,359,360,1
1360,Mycobacterium_avium,373,374,1
1361,Mycobacterium_avium,401,402,1
1362,Mycobacterium_avium,416,417,1
1363,Mycobacterium_avium,451,452,1
1364,Mycobacterium_avium,471,574,103
1365,Mycobacterium_avium,753,755,2
1366,Mycobacterium_avium,757,771,14
1367,Mycobacterium_avium,789,790,1
1368,Mycobacterium_avium,839,840,1
1369,Mycobacterium_avium,890,902,12
1370,Mycobacterium_avium,1010,1011,1
1371,Mycobacterium_avium,1068,1069,1
1372,Mycobacterium_avium,1168,1169,1
1373,Mycobacterium_avium,1185,1186,1
1374,Mycobacterium_avium,1187,1188,1
1375,Mycobacterium_avium,1190,1192,2
1376,Mycobacterium_avium,1211,1212,1
1377,Mycobacterium_avium,1237,1238,1
1378,Mycobacterium_avium,1398,1399,1
1379,Mycobacterium_avium,1430,1436,6
1380,Mycobacterium_avium,1438,1439,1
1381,Mycobacterium_avium,1445,1446,1
1382,Mycobacterium_avium,1448,1458,10
1383,Mycobacterium_avium,1491,1492,1
1384,Mycobacterium_avium,1515,1516,1
1385,Mycobacterium_avium,1707,1708,1
1386,Mycobacterium_avium,1748,1749,1
1387,Mycobacterium_avium,1751,1752,1
1388,Mycobacterium_avium,1756,1761,5
1389,Mycobacterium_avium,1773,1775,2
1390,Mycobacterium_avium,1776,1777,1
1391,Mycobacterium_avium,1784,1785,1
1392,Mycobacterium_avium,1789,1791,2
1393,Mycobacterium_avium,1802,1803,1
1394,Mycobacterium_avium,1918,1919,1
1395,Mycobacterium_avium,1954,1955,1
1396,Mycobacterium_avium,1993,1994,1
1397,Mycobacterium_avium,2132,2133,1
1398,Mycobacterium_avium,2136,2137,1
1399,Mycobacterium_avium,2138,2139,1
1400,Mycobacterium_avium,2143,2147,4
1401,Mycobacterium_avium,2150,2152,2
1402,Mycobacterium_avium,2162,2163,1
1403,Mycobacterium_avium,2285,2294,9
1404,Mycobacterium_avium,2296,2297,1
1405,Mycobacterium_avium,2299,2305,6
1406,Mycobacterium_avium,2309,2315,6
1407,Mycobacterium_avium,2316,2325,9
1408,Mycobacterium_avium,2379,2380,1
1409,Mycobacterium_avium,2663,2665,2
1410,Mycobacterium_avium,2723,2850,127
1411,Mycobacterium_avium,3376,3377,1
1412,Mycobacterium_avium,3378,3379,1
1413,Mycobacterium_avium,3433,3434,1
1414,Mycobacterium_paraffinicum,82,83,1
1415,Mycobacterium_paraffinicum,186,187,1
1416,Mycobacterium_paraffinicum,235,237,2
1417,Mycobacterium_paraffinicum,238,240,2
1418,Mycobacterium_paraffinicum,250,251,1
1419,Mycobacterium_paraffinicum,277,278,1
1420,Mycobacterium_paraffinicum,295,296,1
1421,Mycobacterium_paraffinicum,359,360,1
1422,Mycobacterium_paraffinicum,373,374,1
1423,Mycobacterium_paraffinicum,401,402,1
1424,Mycobacterium_paraffinicum,416,417,1
1425,Mycobacterium_paraffinicum,451,452,1
1426,Mycobacterium_paraffinicum,471,574,103
1427,Mycobacterium_paraffinicum,753,755,2
1428,Mycobacterium_paraffinicum,757,771,14
1429,Mycobacterium_paraffinicum,789,790,1
1430,Mycobacterium_paraffinicum,839,840,1
1431,Mycobacterium_paraffinicum,890,902,12
1432,Mycobacterium_paraffinicum,1010,1011,1
1433,Mycobacterium_paraffinicum,1068,1069,1
1434,Mycobacterium_paraffinicum,1168,1169,1
1435,Mycobacterium_paraffinicum,1185,1186,1
1436,Mycobacterium_paraffinicum,1187,1188,1
1437,Mycobacterium_paraffinicum,1190,1192,2
1438,Mycobacterium_paraffinicum,1211,1212,1
1439,Mycobacterium_paraffinicum,1237,1238,1
1440,Mycobacterium_paraffinicum,1398,1399,1
1441,Mycobacterium_paraffinicum,1430,1459,29
1442,Mycobacterium_paraffinicum,1491,1492,1
1443,Mycobacterium_paraffinicum,1515,1516,1
1444,Mycobacterium_paraffinicum,1707,1708,1
1445,Mycobacterium_paraffinicum,1748,1749,1
1446,Mycobacterium_paraffinicum,1751,1752,1
1447,Mycobacterium_paraffinicum,1756,1761,5
1448,Mycobacterium_paraffinicum,1773,1775,2
1449,Mycobacterium_paraffinicum,1776,1777,1
1450,Mycobacterium_paraffinicum,1784,1785,1
1451,Mycobacterium_paraffinicum,1787,1791,4
1452,Mycobacterium_paraffinicum,1802,1803,1
1453,Mycobacterium_paraffinicum,1918,1919,1
1454,Mycobacterium_paraffinicum,1954,1955,1
1455,Mycobacterium_paraffinicum,1993,1994,1
1456,Mycobacterium_paraffinicum,2132,2133,1
1457,Mycobacterium_paraffinicum,2136,2137,1
1458,Mycobacterium_paraffinicum,2138,2139,1
1459,Mycobacterium_paraffinicum,2143,2147,4
1460,Mycobacterium_paraffinicum,2150,2152,2
1461,Mycobacterium_paraffinicum,2162,2163,1
1462,Mycobacterium_paraffinicum,2285,2294,9
1463,Mycobacterium_paraffinicum,2296,2305,9
1464,Mycobacterium_paraffinicum,2309,2315,6
1465,Mycobacterium_paraffinicum,2316,2325,9
1466,Mycobacterium_paraffinicum,2379,2380,1
1467,Mycobacterium_paraffinicum,2663,2665,2
1468,Mycobacterium_paraffinicum,2723,2850,127
1469,Mycobacterium_paraffinicum,3376,3377,1
1470,Mycobacterium_paraffinicum,3378,3379,1
1471,Mycobacterium_paraffinicum,3433,3434,1
1472,Mycobacterium_ulcerans,1,3,2
1473,Mycobacterium_ulcerans,82,83,1
1474,Mycobacterium_ulcerans,186,187,1
1475,Mycobacterium_ulcerans,235,237,2
1476,Mycobacterium_ulcerans,238,240,2
1477,Mycobacterium_ulcerans,250,251,1
1478,Mycobacterium_ulcerans,295,296,1
1479,Mycobacterium_ulcerans,359,360,1
1480,Mycobacterium_ulcerans,373,374,1
1481,Mycobacterium_ulcerans,401,402,1
1482,Mycobacterium_ulcerans,416,417,1
1483,Mycobacterium_ulcerans,451,452,1
1484,Mycobacterium_ulcerans,471,574,103
1485,Mycobacterium_ulcerans,753,755,2
1486,Mycobacterium_ulcerans,757,771,14
1487,Mycobacterium_ulcerans,789,790,1
1488,Mycobacterium_ulcerans,839,840,1
1489,Mycobacterium_ulcerans,883,892,9
1490,Mycobacterium_ulcerans,896,897,1
1491,Mycobacterium_ulcerans,901,902,1
1492,Mycobacterium_ulcerans,1010,1011,1
1493,Mycobacterium_ulcerans,1068,1069,1
1494,Mycobacterium_ulcerans,1168,1169,1
1495,Mycobacterium_ulcerans,1185,1186,1
1496,Mycobacterium_ulcerans,1187,1188,1
1497,Mycobacterium_ulcerans,1190,1192,2
1498,Mycobacterium_ulcerans,1211,1212,1
1499,Mycobacterium_ulcerans,1237,1238,1
1500,Mycobacterium_ulcerans,1398,1399,1
1501,Mycobacterium_ulcerans,1430,1459,29
1502,Mycobacterium_ulcerans,1491,1492,1
1503,Mycobacterium_ulcerans,1515,1516,1
1504,Mycobacterium_ulcerans,1707,1708,1
1505,Mycobacterium_ulcerans,1748,1749,1
1506,Mycobacterium_ulcerans,1751,1752,1
1507,Mycobacterium_ulcerans,1756,1761,5
1508,Mycobacterium_ulcerans,1773,1775,2
1509,Mycobacterium_ulcerans,1776,1777,1
1510,Mycobacterium_ulcerans,1784,1785,1
1511,Mycobacterium_ulcerans,1789,1791,2
1512,Mycobacterium_ulcerans,1802,1803,1
1513,Mycobacterium_ulcerans,1918,1919,1
1514,Mycobacterium_ulcerans,1954,1955,1
1515,Mycobacterium_ulcerans,1993,1994,1
1516,Mycobacterium_ulcerans,2132,2133,1
1517,Mycobacterium_ulcerans,2136,2137,1
1518,Mycobacterium_ulcerans,2138,2139,1
1519,Mycobacterium_ulcerans,2143,2147,4
1520,Mycobacterium_ulcerans,2150,2152,2
1521,Mycobacterium_ulcerans,2162,2163,1
1522,Mycobacterium_ulcerans,2285,2294,9
1523,Mycobacterium_ulcerans,2296,2297,1
1524,Mycobacterium_ulcerans,2299,2305,6
1525,Mycobacterium_ulcerans,2309,2315,6
1526,Mycobacterium_ulcerans,2316,2325,9
1527,Mycobacterium_ulcerans,2379,2380,1
1528,Mycobacterium_ulcerans,2664,2665,1
1529,Mycobacterium_ulcerans,2723,2850,127
1530,Mycobacterium_ulcerans,3376,3377,1
1531,Mycobacterium_ulcerans,3378,3379,1
1532,Mycobacterium_ulcerans,3433,3434,1
1533,Mycobacterium_heidelbergense,1,3,2
1534,Mycobacterium_heidelbergense,82,83,1
1535,Mycobacterium_heidelbergense,186,187,1
1536,Mycobacterium_heidelbergense,235,237,2
1537,Mycobacterium_heidelbergense,238,240,2
1538,Mycobacterium_heidelbergense,250,251,1
1539,Mycobacterium_heidelbergense,295,296,1
1540,Mycobacterium_heidelbergense,359,360,1
1541,Mycobacterium_heidelbergense,373,374,1
1542,Mycobacterium_heidelbergense,401,402,1
1543,Mycobacterium_heidelbergense,416,417,1
1544,Mycobacterium_heidelbergense,451,452,1
1545,Mycobacterium_heidelbergense,471,574,103
1546,Mycobacterium_heidelbergense,753,755,2
1547,Mycobacterium_heidelbergense,757,771,14
1548,Mycobacterium_heidelbergense,789,790,1
1549,Mycobacterium_heidelbergense,839,840,1
1550,Mycobacterium_heidelbergense,882,907,25
1551,Mycobacterium_heidelbergense,1010,1011,1
1552,Mycobacterium_heidelbergense,1068,1069,1
1553,Mycobacterium_heidelbergense,1168,1169,1
1554,Mycobacterium_heidelbergense,1185,1186,1
1555,Mycobacterium_heidelbergense,1187,1188,1
1556,Mycobacterium_heidelbergense,1190,1192,2
1557,Mycobacterium_heidelbergense,1211,1212,1
1558,Mycobacterium_heidelbergense,1237,1238,1
1559,Mycobacterium_heidelbergense,1398,1399,1
1560,Mycobacterium_heidelbergense,1430,1459,29
1561,Mycobacterium_heidelbergense,1491,1492,1
1562,Mycobacterium_heidelbergense,1515,1516,1
1563,Mycobacterium_heidelbergense,1707,1708,1
1564,Mycobacterium_heidelbergense,1748,1749,1
1565,Mycobacterium_heidelbergense,1751,1752,1
1566,Mycobacterium_heidelbergense,1756,1761,5
1567,Mycobacterium_heidelbergense,1773,1775,2
1568,Mycobacterium_heidelbergense,1776,1777,1
1569,Mycobacterium_heidelbergense,1784,1785,1
1570,Mycobacterium_heidelbergense,1789,1791,2
1571,Mycobacterium_heidelbergense,1802,1803,1
1572,Mycobacterium_heidelbergense,1918,1919,1
1573,Mycobacterium_heidelbergense,1954,1955,1
1574,Mycobacterium_heidelbergense,1993,1994,1
1575,Mycobacterium_heidelbergense,2132,2133,1
1576,Mycobacterium_heidelbergense,2136,2137,1
1577,Mycobacterium_heidelbergense,2138,2139,1
1578,Mycobacterium_heidelbergense,2143,2147,4
1579,Mycobacterium_heidelbergense,2150,2152,2
1580,Mycobacterium_heidelbergense,2162,2163,1
1581,Mycobacterium_heidelbergense,2285,2294,9
1582,Mycobacterium_heidelbergense,2296,2297,1
1583,Mycobacterium_heidelbergense,2299,2305,6
1584,Mycobacterium_heidelbergense,2309,2315,6
1585,Mycobacterium_heidelbergense,2316,2325,9
1586,Mycobacterium_heidelbergense,2379,2380,1
1587,Mycobacterium_heidelbergense,2664,2665,1
1588,Mycobacterium_heidelbergense,2723,2850,127
1589,Mycobacterium_heidelbergense,3376,3377,1
1590,Mycobacterium_heidelbergense,3378,3379,1
1591,Mycobacterium_heidelbergense,3433,3434,1
1592,Mycobacterium_paraense,1,3,2
1593,Mycobacterium_paraense,82,83,1
1594,Mycobacterium_paraense,186,187,1
1595,Mycobacterium_paraense,235,237,2
1596,Mycobacterium_paraense,238,240,2
1597,Mycobacterium_paraense,250,251,1
1598,Mycobacterium_paraense,295,296,1
1599,Mycobacterium_paraense,359,360,1
1600,Mycobacterium_paraense,373,374,1
1601,Mycobacterium_paraense,401,402,1
1602,Mycobacterium_paraense,416,417,1
1603,Mycobacterium_paraense,451,452,1
1604,Mycobacterium_paraense,471,574,103
1605,Mycobacterium_paraense,753,755,2
1606,Mycobacterium_paraense,757,771,14
1607,Mycobacterium_paraense,789,790,1
1608,Mycobacterium_paraense,839,840,1
1609,Mycobacterium_paraense,890,902,12
1610,Mycobacterium_paraense,1010,1011,1
1611,Mycobacterium_paraense,1068,1069,1
1612,Mycobacterium_paraense,1168,1169,1
1613,Mycobacterium_paraense,1185,1186,1
1614,Mycobacterium_paraense,1187,1188,1
1615,Mycobacterium_paraense,1190,1192,2
1616,Mycobacterium_paraense,1211,1212,1
1617,Mycobacterium_paraense,1237,1238,1
1618,Mycobacterium_paraense,1398,1399,1
1619,Mycobacterium_paraense,1430,1459,29
1620,Mycobacterium_paraense,1491,1492,1
1621,Mycobacterium_paraense,1515,1516,1
1622,Mycobacterium_paraense,1707,1708,1
1623,Mycobacterium_paraense,1748,1749,1
1624,Mycobacterium_paraense,1751,1752,1
1625,Mycobacterium_paraense,1756,1761,5
1626,Mycobacterium_paraense,1773,1775,2
1627,Mycobacterium_paraense,1776,1777,1
1628,Mycobacterium_paraense,1784,1785,1
1629,Mycobacterium_paraense,1789,1791,2
1630,Mycobacterium_paraense,1802,1803,1
1631,Mycobacterium_paraense,1915,1916,1
1632,Mycobacterium_paraense,1918,1919,1
1633,Mycobacterium_paraense,1954,1955,1
1634,Mycobacterium_paraense,1993,1994,1
1635,Mycobacterium_paraense,2132,2133,1
1636,Mycobacterium_paraense,2136,2137,1
1637,Mycobacterium_paraense,2138,2139,1
1638,Mycobacterium_paraense,2143,2147,4
1639,Mycobacterium_paraense,2150,2152,2
1640,Mycobacterium_paraense,2162,2163,1
1641,Mycobacterium_paraense,2285,2294,9
1642,Mycobacterium_paraense,2296,2305,9
1643,Mycobacterium_paraense,2309,2315,6
1644,Mycobacterium_paraense,2316,2325,9
1645,Mycobacterium_paraense,2379,2380,1
1646,Mycobacterium_paraense,2664,2665,1
1647,Mycobacterium_paraense,2723,2850,127
1648,Mycobacterium_paraense,3376,3377,1
1649,Mycobacterium_paraense,3378,3379,1
1650,Mycobacterium_paraense,3433,3434,1
1651,Mycobacterium_kubicae,1,3,2
1652,Mycobacterium_kubicae,82,83,1
1653,Mycobacterium_kubicae,186,187,1
1654,Mycobacterium_kubicae,235,237,2
1655,Mycobacterium_kubicae,238,240,2
1656,Mycobacterium_kubicae,250,251,1
1657,Mycobacterium_kubicae,295,296,1
1658,Mycobacterium_kubicae,341,342,1
1659,Mycobacterium_kubicae,359,360,1
1660,Mycobacterium_kubicae,373,374,1
1661,Mycobacterium_kubicae,401,402,1
1662,Mycobacterium_kubicae,416,417,1
1663,Mycobacterium_kubicae,451,452,1
1664,Mycobacterium_kubicae,465,466,1
1665,Mycobacterium_kubicae,472,574,102
1666,Mycobacterium_kubicae,753,755,2
1667,Mycobacterium_kubicae,757,771,14
1668,Mycobacterium_kubicae,789,790,1
1669,Mycobacterium_kubicae,839,840,1
1670,Mycobacterium_kubicae,884,891,7
1671,Mycobacterium_kubicae,896,900,4
1672,Mycobacterium_kubicae,1010,1011,1
1673,Mycobacterium_kubicae,1068,1069,1
1674,Mycobacterium_kubicae,1168,1169,1
1675,Mycobacterium_kubicae,1185,1186,1
1676,Mycobacterium_kubicae,1187,1188,1
1677,Mycobacterium_kubicae,1190,1192,2
1678,Mycobacterium_kubicae,1211,1212,1
1679,Mycobacterium_kubicae,1237,1238,1
1680,Mycobacterium_kubicae,1398,1399,1
1681,Mycobacterium_kubicae,1430,1436,6
1682,Mycobacterium_kubicae,1438,1439,1
1683,Mycobacterium_kubicae,1445,1459,14
1684,Mycobacterium_kubicae,1491,1492,1
1685,Mycobacterium_kubicae,1515,1516,1
1686,Mycobacterium_kubicae,1707,1708,1
1687,Mycobacterium_kubicae,1748,1749,1
1688,Mycobacterium_kubicae,1751,1752,1
1689,Mycobacterium_kubicae,1756,1761,5
1690,Mycobacterium_kubicae,1773,1775,2
1691,Mycobacterium_kubicae,1776,1777,1
1692,Mycobacterium_kubicae,1784,1785,1
1693,Mycobacterium_kubicae,1789,1791,2
1694,Mycobacterium_kubicae,1802,1803,1
1695,Mycobacterium_kubicae,1918,1920,2
1696,Mycobacterium_kubicae,1954,1955,1
1697,Mycobacterium_kubicae,1993,1994,1
1698,Mycobacterium_kubicae,2132,2133,1
1699,Mycobacterium_kubicae,2136,2137,1
1700,Mycobacterium_kubicae,2138,2139,1
1701,Mycobacterium_kubicae,2143,2147,4
1702,Mycobacterium_kubicae,2150,2152,2
1703,Mycobacterium_kubicae,2162,2163,1
1704,Mycobacterium_kubicae,2285,2294,9
1705,Mycobacterium_kubicae,2296,2305,9
1706,Mycobacterium_kubicae,2309,2315,6
1707,Mycobacterium_kubicae,2316,2325,9
1708,Mycobacterium_kubicae,2379,2380,1
1709,Mycobacterium_kubicae,2664,2665,1
1710,Mycobacterium_kubicae,2723,2850,127
1711,Mycobacterium_kubicae,3376,3377,1
1712,Mycobacterium_kubicae,3378,3379,1
1713,Mycobacterium_kubicae,3433,3434,1
1714,Mycobacterium_interjectum,1,3,2
1715,Mycobacterium_interjectum,82,83,1
1716,Mycobacterium_interjectum,186,187,1
1717,Mycobacterium_interjectum,235,237,2
1718,Mycobacterium_interjectum,238,240,2
1719,Mycobacterium_interjectum,250,251,1
1720,Mycobacterium_interjectum,295,296,1
1721,Mycobacterium_interjectum,359,360,1
1722,Mycobacterium_interjectum,373,374,1
1723,Mycobacterium_interjectum,401,402,1
1724,Mycobacterium_interjectum,416,417,1
1725,Mycobacterium_interjectum,451,452,1
1726,Mycobacterium_interjectum,471,574,103
1727,Mycobacterium_interjectum,753,755,2
1728,Mycobacterium_interjectum,757,771,14
1729,Mycobacterium_interjectum,789,790,1
1730,Mycobacterium_interjectum,839,840,1
1731,Mycobacterium_interjectum,890,902,12
1732,Mycobacterium_interjectum,1010,1011,1
1733,Mycobacterium_interjectum,1068,1069,1
1734,Mycobacterium_interjectum,1168,1169,1
1735,Mycobacterium_interjectum,1185,1186,1
1736,Mycobacterium_interjectum,1187,1188,1
1737,Mycobacterium_interjectum,1190,1192,2
1738,Mycobacterium_interjectum,1211,1212,1
1739,Mycobacterium_interjectum,1237,1238,1
1740,Mycobacterium_interjectum,1398,1399,1
1741,Mycobacterium_interjectum,1430,1459,29
1742,Mycobacterium_interjectum,1491,1492,1
1743,Mycobacterium_interjectum,1515,1516,1
1744,Mycobacterium_interjectum,1707,1708,1
1745,Mycobacterium_interjectum,1748,1749,1
1746,Mycobacterium_interjectum,1751,1752,1
1747,Mycobacterium_interjectum,1756,1761,5
1748,Mycobacterium_interjectum,1773,1775,2
1749,Mycobacterium_interjectum,1776,1777,1
1750,Mycobacterium_interjectum,1784,1785,1
1751,Mycobacterium_interjectum,1789,1791,2
1752,Mycobacterium_interjectum,1802,1803,1
1753,Mycobacterium_interjectum,1915,1916,1
1754,Mycobacterium_interjectum,1918,1919,1
1755,Mycobacterium_interjectum,1954,1955,1
1756,Mycobacterium_interjectum,1993,1994,1
1757,Mycobacterium_interjectum,2132,2133,1
1758,Mycobacterium_interjectum,2136,2137,1
1759,Mycobacterium_interjectum,2138,2139,1
1760,Mycobacterium_interjectum,2143,2147,4
1761,Mycobacterium_interjectum,2150,2152,2
1762,Mycobacterium_interjectum,2162,2163,1
1763,Mycobacterium_interjectum,2285,2294,9
1764,Mycobacterium_interjectum,2296,2305,9
1765,Mycobacterium_interjectum,2309,2315,6
1766,Mycobacterium_interjectum,2316,2325,9
1767,Mycobacterium_interjectum,2379,2380,1
1768,Mycobacterium_interjectum,2664,2665,1
1769,Mycobacterium_interjectum,2723,2850,127
1770,Mycobacterium_interjectum,3376,3377,1
1771,Mycobacterium_interjectum,3378,3379,1
1772,Mycobacterium_interjectum,3433,3434,1
1773,Mycobacterium_pseudoshottsii,1,3,2
1774,Mycobacterium_pseudoshottsii,82,83,1
1775,Mycobacterium_pseudoshottsii,186,187,1
1776,Mycobacterium_pseudoshottsii,235,237,2
1777,Mycobacterium_pseudoshottsii,238,240,2
1778,Mycobacterium_pseudoshottsii,250,251,1
1779,Mycobacterium_pseudoshottsii,295,296,1
1780,Mycobacterium_pseudoshottsii,359,360,1
1781,Mycobacterium_pseudoshottsii,373,374,1
1782,Mycobacterium_pseudoshottsii,401,402,1
1783,Mycobacterium_pseudoshottsii,416,417,1
1784,Mycobacterium_pseudoshottsii,451,452,1
1785,Mycobacterium_pseudoshottsii,471,574,103
1786,Mycobacterium_pseudoshottsii,753,755,2
1787,Mycobacterium_pseudoshottsii,757,771,14
1788,Mycobacterium_pseudoshottsii,789,790,1
1789,Mycobacterium_pseudoshottsii,839,840,1
1790,Mycobacterium_pseudoshottsii,883,892,9
1791,Mycobacterium_pseudoshottsii,896,897,1
1792,Mycobacterium_pseudoshottsii,901,902,1
1793,Mycobacterium_pseudoshottsii,1010,1011,1
1794,Mycobacterium_pseudoshottsii,1068,1069,1
1795,Mycobacterium_pseudoshottsii,1168,1169,1
1796,Mycobacterium_pseudoshottsii,1185,1186,1
1797,Mycobacterium_pseudoshottsii,1187,1188,1
1798,Mycobacterium_pseudoshottsii,1190,1192,2
1799,Mycobacterium_pseudoshottsii,1211,1212,1
1800,Mycobacterium_pseudoshottsii,1237,1238,1
1801,Mycobacterium_pseudoshottsii,1398,1399,1
1802,Mycobacterium_pseudoshottsii,1430,1459,29
1803,Mycobacterium_pseudoshottsii,1491,1492,1
1804,Mycobacterium_pseudoshottsii,1515,1516,1
1805,Mycobacterium_pseudoshottsii,1707,1708,1
1806,Mycobacterium_pseudoshottsii,1748,1749,1
1807,Mycobacterium_pseudoshottsii,1751,1752,1
1808,Mycobacterium_pseudoshottsii,1756,1761,5
1809,Mycobacterium_pseudoshottsii,1773,1775,2
1810,Mycobacterium_pseudoshottsii,1776,1777,1
1811,Mycobacterium_pseudoshottsii,1784,1785,1
1812,Mycobacterium_pseudoshottsii,1789,1791,2
1813,Mycobacterium_pseudoshottsii,1802,1803,1
1814,Mycobacterium_pseudoshottsii,1918,1919,1
1815,Mycobacterium_pseudoshottsii,1954,1955,1
1816,Mycobacterium_pseudoshottsii,1993,1994,1
1817,Mycobacterium_pseudoshottsii,2132,2133,1
1818,Mycobacterium_pseudoshottsii,2136,2137,1
1819,Mycobacterium_pseudoshottsii,2138,2139,1
1820,Mycobacterium_pseudoshottsii,2143,2147,4
1821,Mycobacterium_pseudoshottsii,2150,2152,2
1822,Mycobacterium_pseudoshottsii,2162,2163,1
1823,Mycobacterium_pseudoshottsii,2285,2294,9
1824,Mycobacterium_pseudoshottsii,2296,2297,1
1825,Mycobacterium_pseudoshottsii,2299,2305,6
1826,Mycobacterium_pseudoshottsii,2309,2315,6
1827,Mycobacterium_pseudoshottsii,2316,2325,9
1828,Mycobacterium_pseudoshottsii,2379,2380,1
1829,Mycobacterium_pseudoshottsii,2664,2665,1
1830,Mycobacterium_pseudoshottsii,2723,2850,127
1831,Mycobacterium_pseudoshottsii,3376,3377,1
1832,Mycobacterium_pseudoshottsii,3378,3379,1
1833,Mycobacterium_pseudoshottsii,3433,3434,1
1834,Mycobacterium_alsense,1,3,2
1835,Mycobacterium_alsense,82,83,1
1836,Mycobacterium_alsense,186,187,1
1837,Mycobacterium_alsense,235,237,2
1838,Mycobacterium_alsense,238,240,2
1839,Mycobacterium_alsense,250,251,1
1840,Mycobacterium_alsense,295,296,1
1841,Mycobacterium_alsense,359,360,1
1842,Mycobacterium_alsense,373,374,1
1843,Mycobacterium_alsense,401,402,1
1844,Mycobacterium_alsense,416,417,1
1845,Mycobacterium_alsense,451,452,1
1846,Mycobacterium_alsense,471,574,103
1847,Mycobacterium_alsense,753,755,2
1848,Mycobacterium_alsense,757,771,14
1849,Mycobacterium_alsense,789,790,1
1850,Mycobacterium_alsense,839,840,1
1851,Mycobacterium_alsense,882,907,25
1852,Mycobacterium_alsense,1010,1011,1
1853,Mycobacterium_alsense,1068,1069,1
1854,Mycobacterium_alsense,1168,1169,1
1855,Mycobacterium_alsense,1185,1186,1
1856,Mycobacterium_alsense,1190,1192,2
1857,Mycobacterium_alsense,1211,1212,1
1858,Mycobacterium_alsense,1237,1238,1
1859,Mycobacterium_alsense,1398,1399,1
1860,Mycobacterium_alsense,1430,1459,29
1861,Mycobacterium_alsense,1491,1492,1
1862,Mycobacterium_alsense,1515,1516,1
1863,Mycobacterium_alsense,1707,1708,1
1864,Mycobacterium_alsense,1748,1749,1
1865,Mycobacterium_alsense,1751,1752,1
1866,Mycobacterium_alsense,1756,1761,5
1867,Mycobacterium_alsense,1773,1775,2
1868,Mycobacterium_alsense,1776,1777,1
1869,Mycobacterium_alsense,1784,1785,1
1870,Mycobacterium_alsense,1789,1791,2
1871,Mycobacterium_alsense,1802,1803,1
1872,Mycobacterium_alsense,1918,1919,1
1873,Mycobacterium_alsense,1954,1955,1
1874,Mycobacterium_alsense,1993,1994,1
1875,Mycobacterium_alsense,2132,2133,1
1876,Mycobacterium_alsense,2136,2137,1
1877,Mycobacterium_alsense,2138,2139,1
1878,Mycobacterium_alsense,2143,2147,4
1879,Mycobacterium_alsense,2150,2152,2
1880,Mycobacterium_alsense,2162,2163,1
1881,Mycobacterium_alsense,2285,2294,9
1882,Mycobacterium_alsense,2296,2297,1
1883,Mycobacterium_alsense,2299,2305,6
1884,Mycobacterium_alsense,2309,2315,6
1885,Mycobacterium_alsense,2316,2325,9
1886,Mycobacterium_alsense,2379,2380,1
1887,Mycobacterium_alsense,2664,2665,1
1888,Mycobacterium_alsense,2723,2850,127
1889,Mycobacterium_alsense,3376,3377,1
1890,Mycobacterium_alsense,3378,3379,1
1891,Mycobacterium_alsense,3433,3434,1
1892,Mycobacterium_shinshuense,1,3,2
1893,Mycobacterium_shinshuense,82,83,1
1894,Mycobacterium_shinshuense,186,187,1
1895,Mycobacterium_shinshuense,235,237,2
1896,Mycobacterium_shinshuense,238,240,2
1897,Mycobacterium_shinshuense,250,251,1
1898,Mycobacterium_shinshuense,295,296,1
1899,Mycobacterium_shinshuense,359,360,1
1900,Mycobacterium_shinshuense,373,374,1
1901,Mycobacterium_shinshuense,401,402,1
1902,Mycobacterium_shinshuense,416,417,1
1903,Mycobacterium_shinshuense,451,452,1
1904,Mycobacterium_shinshuense,471,574,103
1905,Mycobacterium_shinshuense,753,755,2
1906,Mycobacterium_shinshuense,757,771,14
1907,Mycobacterium_shinshuense,789,790,1
1908,Mycobacterium_shinshuense,839,840,1
1909,Mycobacterium_shinshuense,883,892,9
1910,Mycobacterium_shinshuense,896,897,1
1911,Mycobacterium_shinshuense,901,902,1
1912,Mycobacterium_shinshuense,1010,1011,1
1913,Mycobacterium_shinshuense,1068,1069,1
1914,Mycobacterium_shinshuense,1168,1169,1
1915,Mycobacterium_shinshuense,1185,1186,1
1916,Mycobacterium_shinshuense,1187,1188,1
1917,Mycobacterium_shinshuense,1190,1192,2
1918,Mycobacterium_shinshuense,1211,1212,1
1919,Mycobacterium_shinshuense,1237,1238,1
1920,Mycobacterium_shinshuense,1398,1399,1
1921,Mycobacterium_shinshuense,1430,1459,29
1922,Mycobacterium_shinshuense,1491,1492,1
1923,Mycobacterium_shinshuense,1515,1516,1
1924,Mycobacterium_shinshuense,1707,1708,1
1925,Mycobacterium_shinshuense,1748,1749,1
1926,Mycobacterium_shinshuense,1751,1752,1
1927,Mycobacterium_shinshuense,1756,1761,5
1928,Mycobacterium_shinshuense,1773,1775,2
1929,Mycobacterium_shinshuense,1776,1777,1
1930,Mycobacterium_shinshuense,1784,1785,1
1931,Mycobacterium_shinshuense,1789,1791,2
1932,Mycobacterium_shinshuense,1802,1803,1
1933,Mycobacterium_shinshuense,1918,1919,1
1934,Mycobacterium_shinshuense,1954,1955,1
1935,Mycobacterium_shinshuense,1993,1994,1
1936,Mycobacterium_shinshuense,2132,2133,1
1937,Mycobacterium_shinshuense,2136,2137,1
1938,Mycobacterium_shinshuense,2138,2139,1
1939,Mycobacterium_shinshuense,2143,2147,4
1940,Mycobacterium_shinshuense,2150,2152,2
1941,Mycobacterium_shinshuense,2162,2163,1
1942,Mycobacterium_shinshuense,2285,2294,9
1943,Mycobacterium_shinshuense,2296,2297,1
1944,Mycobacterium_shinshuense,2299,2305,6
1945,Mycobacterium_shinshuense,2309,2315,6
1946,Mycobacterium_shinshuense,2316,2325,9
1947,Mycobacterium_shinshuense,2379,2380,1
1948,Mycobacterium_shinshuense,2664,2665,1
1949,Mycobacterium_shinshuense,2723,2850,127
1950,Mycobacterium_shinshuense,3376,3377,1
1951,Mycobacterium_shinshuense,3378,3379,1
1952,Mycobacterium_shinshuense,3433,3434,1
1953,Mycobacterium_terramassiliense,1,3,2
1954,Mycobacterium_terramassiliense,82,83,1
1955,Mycobacterium_terramassiliense,186,187,1
1956,Mycobacterium_terramassiliense,235,237,2
1957,Mycobacterium_terramassiliense,238,240,2
1958,Mycobacterium_terramassiliense,250,251,1
1959,Mycobacterium_terramassiliense,295,296,1
1960,Mycobacterium_terramassiliense,359,360,1
1961,Mycobacterium_terramassiliense,373,374,1
1962,Mycobacterium_terramassiliense,401,402,1
1963,Mycobacterium_terramassiliense,416,417,1
1964,Mycobacterium_terramassiliense,451,452,1
1965,Mycobacterium_terramassiliense,471,574,103
1966,Mycobacterium_terramassiliense,753,755,2
1967,Mycobacterium_terramassiliense,757,771,14
1968,Mycobacterium_terramassiliense,789,790,1
1969,Mycobacterium_terramassiliense,839,840,1
1970,Mycobacterium_terramassiliense,890,902,12
1971,Mycobacterium_terramassiliense,1010,1011,1
1972,Mycobacterium_terramassiliense,1068,1069,1
1973,Mycobacterium_terramassiliense,1168,1169,1
1974,Mycobacterium_terramassiliense,1185,1186,1
1975,Mycobacterium_terramassiliense,1187,1188,1
1976,Mycobacterium_terramassiliense,1190,1192,2
1977,Mycobacterium_terramassiliense,1211,1212,1
1978,Mycobacterium_terramassiliense,1237,1238,1
1979,Mycobacterium_terramassiliense,1398,1399,1
1980,Mycobacterium_terramassiliense,1430,1459,29
1981,Mycobacterium_terramassiliense,1491,1492,1
1982,Mycobacterium_terramassiliense,1515,1516,1
1983,Mycobacterium_terramassiliense,1707,1708,1
1984,Mycobacterium_terramassiliense,1748,1749,1
1985,Mycobacterium_terramassiliense,1751,1752,1
1986,Mycobacterium_terramassiliense,1756,1761,5
1987,Mycobacterium_terramassiliense,1773,1775,2
1988,Mycobacterium_terramassiliense,1776,1777,1
1989,Mycobacterium_terramassiliense,1784,1785,1
1990,Mycobacterium_terramassiliense,1789,1791,2
1991,Mycobacterium_terramassiliense,1802,1803,1
1992,Mycobacterium_terramassiliense,1915,1916,1
1993,Mycobacterium_terramassiliense,1918,1919,1
1994,Mycobacterium_terramassiliense,1954,1955,1
1995,Mycobacterium_terramassiliense,1993,1994,1
1996,Mycobacterium_terramassiliense,2132,2133,1
1997,Mycobacterium_terramassiliense,2136,2137,1
1998,Mycobacterium_terramassiliense,2138,2139,1
1999,Mycobacterium_terramassiliense,2143,2147,4
2000,Mycobacterium_terramassiliense,2150,2152,2
2001,Mycobacterium_terramassiliense,2162,2163,1
2002,Mycobacterium_terramassiliense,2285,2294,9
2003,Mycobacterium_terramassiliense,2296,2305,9
2004,Mycobacterium_terramassiliense,2309,2315,6
2005,Mycobacterium_terramassiliense,2316,2325,9
2006,Mycobacterium_terramassiliense,2379,2380,1
2007,Mycobacterium_terramassiliense,2664,2665,1
2008,Mycobacterium_terramassiliense,2723,2850,127
2009,Mycobacterium_terramassiliense,3376,3377,1
2010,Mycobacterium_terramassiliense,3378,3379,1
2011,Mycobacterium_terramassiliense,3433,3434,1
2012,Mycobacterium_malmoense,1,3,2
2013,Mycobacterium_malmoense,82,83,1
2014,Mycobacterium_malmoense,186,187,1
2015,Mycobacterium_malmoense,235,237,2
2016,Mycobacterium_malmoense,238,240,2
2017,Mycobacterium_malmoense,250,251,1
2018,Mycobacterium_malmoense,295,296,1
2019,Mycobacterium_malmoense,359,360,1
2020,Mycobacterium_malmoense,373,374,1
2021,Mycobacterium_malmoense,401,402,1
2022,Mycobacterium_malmoense,416,417,1
2023,Mycobacterium_malmoense,451,452,1
2024,Mycobacterium_malmoense,471,574,103
2025,Mycobacterium_malmoense,753,755,2
2026,Mycobacterium_malmoense,757,771,14
2027,Mycobacterium_malmoense,789,790,1
2028,Mycobacterium_malmoense,839,840,1
2029,Mycobacterium_malmoense,882,907,25
2030,Mycobacterium_malmoense,1010,1011,1
2031,Mycobacterium_malmoense,1068,1069,1
2032,Mycobacterium_malmoense,1168,1169,1
2033,Mycobacterium_malmoense,1185,1186,1
2034,Mycobacterium_malmoense,1187,1188,1
2035,Mycobacterium_malmoense,1190,1192,2
2036,Mycobacterium_malmoense,1211,1212,1
2037,Mycobacterium_malmoense,1237,1238,1
2038,Mycobacterium_malmoense,1398,1399,1
2039,Mycobacterium_malmoense,1430,1459,29
2040,Mycobacterium_malmoense,1491,1492,1
2041,Mycobacterium_malmoense,1515,1516,1
2042,Mycobacterium_malmoense,1707,1708,1
2043,Mycobacterium_malmoense,1748,1749,1
2044,Mycobacterium_malmoense,1751,1752,1
2045,Mycobacterium_malmoense,1756,1761,5
2046,Mycobacterium_malmoense,1773,1775,2
2047,Mycobacterium_malmoense,1776,1777,1
2048,Mycobacterium_malmoense,1784,1785,1
2049,Mycobacterium_malmoense,1789,1791,2
2050,Mycobacterium_malmoense,1802,1803,1
2051,Mycobacterium_malmoense,1918,1919,1
2052,Mycobacterium_malmoense,1954,1955,1
2053,Mycobacterium_malmoense,1993,1994,1
2054,Mycobacterium_malmoense,2132,2133,1
2055,Mycobacterium_malmoense,2136,2137,1
2056,Mycobacterium_malmoense,2138,2139,1
2057,Mycobacterium_malmoense,2143,2147,4
2058,Mycobacterium_malmoense,2150,2152,2
2059,Mycobacterium_malmoense,2162,2163,1
2060,Mycobacterium_malmoense,2285,2294,9
2061,Mycobacterium_malmoense,2296,2297,1
2062,Mycobacterium_malmoense,2299,2305,6
2063,Mycobacterium_malmoense,2309,2315,6
2064,Mycobacterium_malmoense,2316,2325,9
2065,Mycobacterium_malmoense,2379,2380,1
2066,Mycobacterium_malmoense,2664,2665,1
2067,Mycobacterium_malmoense,2723,2850,127
2068,Mycobacterium_malmoense,3376,3377,1
2069,Mycobacterium_malmoense,3378,3379,1
2070,Mycobacterium_malmoense,3433,3434,1
2071,Mycobacterium_paraseoulense,1,3,2
2072,Mycobacterium_paraseoulense,82,83,1
2073,Mycobacterium_paraseoulense,186,187,1
2074,Mycobacterium_paraseoulense,235,237,2
2075,Mycobacterium_paraseoulense,238,240,2
2076,Mycobacterium_paraseoulense,250,251,1
2077,Mycobacterium_paraseoulense,277,278,1
2078,Mycobacterium_paraseoulense,295,296,1
2079,Mycobacterium_paraseoulense,359,360,1
2080,Mycobacterium_paraseoulense,373,374,1
2081,Mycobacterium_paraseoulense,401,402,1
2082,Mycobacterium_paraseoulense,416,417,1
2083,Mycobacterium_paraseoulense,451,452,1
2084,Mycobacterium_paraseoulense,471,574,103
2085,Mycobacterium_paraseoulense,753,755,2
2086,Mycobacterium_paraseoulense,757,771,14
2087,Mycobacterium_paraseoulense,789,790,1
2088,Mycobacterium_paraseoulense,839,840,1
2089,Mycobacterium_paraseoulense,890,902,12
2090,Mycobacterium_paraseoulense,1010,1011,1
2091,Mycobacterium_paraseoulense,1068,1069,1
2092,Mycobacterium_paraseoulense,1168,1169,1
2093,Mycobacterium_paraseoulense,1185,1186,1
2094,Mycobacterium_paraseoulense,1187,1188,1
2095,Mycobacterium_paraseoulense,1190,1192,2
2096,Mycobacterium_paraseoulense,1211,1212,1
2097,Mycobacterium_paraseoulense,1237,1238,1
2098,Mycobacterium_paraseoulense,1398,1399,1
2099,Mycobacterium_paraseoulense,1430,1459,29
2100,Mycobacterium_paraseoulense,1491,1492,1
2101,Mycobacterium_paraseoulense,1707,1708,1
2102,Mycobacterium_paraseoulense,1748,1749,1
2103,Mycobacterium_paraseoulense,1751,1752,1
2104,Mycobacterium_paraseoulense,1756,1761,5
2105,Mycobacterium_paraseoulense,1773,1775,2
2106,Mycobacterium_paraseoulense,1776,1777,1
2107,Mycobacterium_paraseoulense,1784,1785,1
2108,Mycobacterium_paraseoulense,1789,1791,2
2109,Mycobacterium_paraseoulense,1802,1803,1
2110,Mycobacterium_paraseoulense,1918,1919,1
2111,Mycobacterium_paraseoulense,1954,1955,1
2112,Mycobacterium_paraseoulense,1993,1994,1
2113,Mycobacterium_paraseoulense,2132,2133,1
2114,Mycobacterium_paraseoulense,2136,2137,1
2115,Mycobacterium_paraseoulense,2138,2139,1
2116,Mycobacterium_paraseoulense,2143,2147,4
2117,Mycobacterium_paraseoulense,2150,2152,2
2118,Mycobacterium_paraseoulense,2162,2163,1
2119,Mycobacterium_paraseoulense,2285,2294,9
2120,Mycobacterium_paraseoulense,2296,2305,9
2121,Mycobacterium_paraseoulense,2309,2315,6
2122,Mycobacterium_paraseoulense,2316,2325,9
2123,Mycobacterium_paraseoulense,2379,2380,1
2124,Mycobacterium_paraseoulense,2663,2665,2
2125,Mycobacterium_paraseoulense,2723,2850,127
2126,Mycobacterium_paraseoulense,3376,3377,1
2127,Mycobacterium_paraseoulense,3378,3379,1
2128,Mycobacterium_paraseoulense,3433,3434,1
2129,Mycobacterium_shottsii,1,3,2
2130,Mycobacterium_shottsii,82,83,1
2131,Mycobacterium_shottsii,186,187,1
2132,Mycobacterium_shottsii,235,237,2
2133,Mycobacterium_shottsii,238,240,2
2134,Mycobacterium_shottsii,250,251,1
2135,Mycobacterium_shottsii,295,296,1
2136,Mycobacterium_shottsii,359,360,1
2137,Mycobacterium_shottsii,373,374,1
2138,Mycobacterium_shottsii,401,402,1
2139,Mycobacterium_shottsii,416,417,1
2140,Mycobacterium_shottsii,451,452,1
2141,Mycobacterium_shottsii,471,574,103
2142,Mycobacterium_shottsii,753,755,2
2143,Mycobacterium_shottsii,757,771,14
2144,Mycobacterium_shottsii,789,790,1
2145,Mycobacterium_shottsii,839,840,1
2146,Mycobacterium_shottsii,883,892,9
2147,Mycobacterium_shottsii,896,897,1
2148,Mycobacterium_shottsii,901,902,1
2149,Mycobacterium_shottsii,1010,1011,1
2150,Mycobacterium_shottsii,1068,1069,1
2151,Mycobacterium_shottsii,1168,1169,1
2152,Mycobacterium_shottsii,1185,1186,1
2153,Mycobacterium_shottsii,1187,1188,1
2154,Mycobacterium_shottsii,1190,1192,2
2155,Mycobacterium_shottsii,1211,1212,1
2156,Mycobacterium_shottsii,1237,1238,1
2157,Mycobacterium_shottsii,1398,1399,1
2158,Mycobacterium_shottsii,1430,1459,29
2159,Mycobacterium_shottsii,1491,1492,1
2160,Mycobacterium_shottsii,1515,1516,1
2161,Mycobacterium_shottsii,1707,1708,1
2162,Mycobacterium_shottsii,1748,1749,1
2163,Mycobacterium_shottsii,1751,1752,1
2164,Mycobacterium_shottsii,1756,1761,5
2165,Mycobacterium_shottsii,1773,1775,2
2166,Mycobacterium_shottsii,1776,1777,1
2167,Mycobacterium_shottsii,1784,1785,1
2168,Mycobacterium_shottsii,1789,1791,2
2169,Mycobacterium_shottsii,1802,1803,1
2170,Mycobacterium_shottsii,1918,1919,1
2171,Mycobacterium_shottsii,1954,1955,1
2172,Mycobacterium_shottsii,1993,1994,1
2173,Mycobacterium_shottsii,2132,2133,1
2174,Mycobacterium_shottsii,2136,2137,1
2175,Mycobacterium_shottsii,2138,2139,1
2176,Mycobacterium_shottsii,2143,2147,4
2177,Mycobacterium_shottsii,2150,2152,2
2178,Mycobacterium_shottsii,2162,2163,1
2179,Mycobacterium_shottsii,2285,2294,9
2180,Mycobacterium_shottsii,2296,2297,1
2181,Mycobacterium_shottsii,2299,2305,6
2182,Mycobacterium_shottsii,2309,2315,6
2183,Mycobacterium_shottsii,2316,2325,9
2184,Mycobacterium_shottsii,2379,2380,1
2185,Mycobacterium_shottsii,2664,2665,1
2186,Mycobacterium_shottsii,2723,2850,127
2187,Mycobacterium_shottsii,3376,3377,1
2188,Mycobacterium_shottsii,3378,3379,1
2189,Mycobacterium_shottsii,3433,3434,1
2190,Mycobacterium_timonense,1,3,2
2191,Mycobacterium_timonense,82,83,1
2192,Mycobacterium_timonense,186,187,1
2193,Mycobacterium_timonense,235,237,2
2194,Mycobacterium_timonense,238,240,2
2195,Mycobacterium_timonense,250,251,1
2196,Mycobacterium_timonense,277,278,1
2197,Mycobacterium_timonense,295,296,1
2198,Mycobacterium_timonense,336,337,1
2199,Mycobacterium_timonense,359,360,1
2200,Mycobacterium_timonense,373,374,1
2201,Mycobacterium_timonense,401,402,1
2202,Mycobacterium_timonense,416,417,1
2203,Mycobacterium_timonense,451,452,1
2204,Mycobacterium_timonense,471,574,103
2205,Mycobacterium_timonense,753,755,2
2206,Mycobacterium_timonense,757,771,14
2207,Mycobacterium_timonense,789,790,1
2208,Mycobacterium_timonense,839,840,1
2209,Mycobacterium_timonense,890,902,12
2210,Mycobacterium_timonense,1010,1011,1
2211,Mycobacterium_timonense,1068,1069,1
2212,Mycobacterium_timonense,1168,1169,1
2213,Mycobacterium_timonense,1185,1186,1
2214,Mycobacterium_timonense,1187,1188,1
2215,Mycobacterium_timonense,1190,1192,2
2216,Mycobacterium_timonense,1211,1212,1
2217,Mycobacterium_timonense,1237,1238,1
2218,Mycobacterium_timonense,1398,1399,1
2219,Mycobacterium_timonense,1430,1436,6
2220,Mycobacterium_timonense,1438,1439,1
2221,Mycobacterium_timonense,1444,1446,2
2222,Mycobacterium_timonense,1448,1458,10
2223,Mycobacterium_timonense,1491,1492,1
2224,Mycobacterium_timonense,1515,1516,1
2225,Mycobacterium_timonense,1707,1708,1
2226,Mycobacterium_timonense,1748,1749,1
2227,Mycobacterium_timonense,1751,1752,1
2228,Mycobacterium_timonense,1756,1761,5
2229,Mycobacterium_timonense,1773,1775,2
2230,Mycobacterium_timonense,1776,1777,1
2231,Mycobacterium_timonense,1784,1785,1
2232,Mycobacterium_timonense,1789,1791,2
2233,Mycobacterium_timonense,1802,1803,1
2234,Mycobacterium_timonense,1918,1919,1
2235,Mycobacterium_timonense,1954,1955,1
2236,Mycobacterium_timonense,1993,1994,1
2237,Mycobacterium_timonense,2132,2133,1
2238,Mycobacterium_timonense,2136,2137,1
2239,Mycobacterium_timonense,2138,2139,1
2240,Mycobacterium_timonense,2143,2147,4
2241,Mycobacterium_timonense,2150,2152,2
2242,Mycobacterium_timonense,2162,2163,1
2243,Mycobacterium_timonense,2285,2294,9
2244,Mycobacterium_timonense,2296,2305,9
2245,Mycobacterium_timonense,2309,2315,6
2246,Mycobacterium_timonense,2316,2325,9
2247,Mycobacterium_timonense,2379,2380,1
2248,Mycobacterium_timonense,2664,2665,1
2249,Mycobacterium_timonense,2723,2850,127
2250,Mycobacterium_timonense,3376,3377,1
2251,Mycobacterium_timonense,3378,3379,1
2252,Mycobacterium_timonense,3433,3434,1
2253,Mycobacterium_mantenii,1,3,2
2254,Mycobacterium_mantenii,82,83,1
2255,Mycobacterium_mantenii,186,187,1
2256,Mycobacterium_mantenii,235,237,2
2257,Mycobacterium_mantenii,238,240,2
2258,Mycobacterium_mantenii,250,251,1
2259,Mycobacterium_mantenii,277,278,1
2260,Mycobacterium_mantenii,295,296,1
2261,Mycobacterium_mantenii,359,360,1
2262,Mycobacterium_mantenii,373,374,1
2263,Mycobacterium_mantenii,401,402,1
2264,Mycobacterium_mantenii,416,417,1
2265,Mycobacterium_mantenii,451,452,1
2266,Mycobacterium_mantenii,471,574,103
2267,Mycobacterium_mantenii,753,755,2
2268,Mycobacterium_mantenii,757,771,14
2269,Mycobacterium_mantenii,789,790,1
2270,Mycobacterium_mantenii,839,840,1
2271,Mycobacterium_mantenii,890,902,12
2272,Mycobacterium_mantenii,1010,1011,1
2273,Mycobacterium_mantenii,1068,1069,1
2274,Mycobacterium_mantenii,1168,1169,1
2275,Mycobacterium_mantenii,1185,1186,1
2276,Mycobacterium_mantenii,1187,1188,1
2277,Mycobacterium_mantenii,1190,1192,2
2278,Mycobacterium_mantenii,1211,1212,1
2279,Mycobacterium_mantenii,1237,1238,1
2280,Mycobacterium_mantenii,1398,1399,1
2281,Mycobacterium_mantenii,1430,1436,6
2282,Mycobacterium_mantenii,1438,1439,1
2283,Mycobacterium_mantenii,1444,1446,2
2284,Mycobacterium_mantenii,1448,1458,10
2285,Mycobacterium_mantenii,1491,1492,1
2286,Mycobacterium_mantenii,1515,1516,1
2287,Mycobacterium_mantenii,1707,1708,1
2288,Mycobacterium_mantenii,1748,1749,1
2289,Mycobacterium_mantenii,1751,1752,1
2290,Mycobacterium_mantenii,1756,1761,5
2291,Mycobacterium_mantenii,1773,1775,2
2292,Mycobacterium_mantenii,1776,1777,1
2293,Mycobacterium_mantenii,1784,1785,1
2294,Mycobacterium_mantenii,1789,1791,2
2295,Mycobacterium_mantenii,1802,1803,1
2296,Mycobacterium_mantenii,1918,1919,1
2297,Mycobacterium_mantenii,1954,1955,1
2298,Mycobacterium_mantenii,1993,1994,1
2299,Mycobacterium_mantenii,2132,2133,1
2300,Mycobacterium_mantenii,2136,2137,1
2301,Mycobacterium_mantenii,2138,2139,1
2302,Mycobacterium_mantenii,2143,2147,4
2303,Mycobacterium_mantenii,2150,2152,2
2304,Mycobacterium_mantenii,2162,2163,1
2305,Mycobacterium_mantenii,2285,2294,9
2306,Mycobacterium_mantenii,2296,2305,9
2307,Mycobacterium_mantenii,2309,2315,6
2308,Mycobacterium_mantenii,2316,2325,9
2309,Mycobacterium_mantenii,2379,2380,1
2310,Mycobacterium_mantenii,2663,2665,2
2311,Mycobacterium_mantenii,2723,2850,127
2312,Mycobacterium_mantenii,3376,3377,1
2313,Mycobacterium_mantenii,3378,3379,1
2314,Mycobacterium_mantenii,3433,3434,1
2315,Mycobacterium_seoulense,1,3,2
2316,Mycobacterium_seoulense,82,83,1
2317,Mycobacterium_seoulense,186,187,1
2318,Mycobacterium_seoulense,235,237,2
2319,Mycobacterium_seoulense,238,240,2
2320,Mycobacterium_seoulense,250,251,1
2321,Mycobacterium_seoulense,277,278,1
2322,Mycobacterium_seoulense,295,296,1
2323,Mycobacterium_seoulense,359,360,1
2324,Mycobacterium_seoulense,373,374,1
2325,Mycobacterium_seoulense,401,402,1
2326,Mycobacterium_seoulense,416,417,1
2327,Mycobacterium_seoulense,451,452,1
2328,Mycobacterium_seoulense,471,574,103
2329,Mycobacterium_seoulense,753,755,2
2330,Mycobacterium_seoulense,757,771,14
2331,Mycobacterium_seoulense,789,790,1
2332,Mycobacterium_seoulense,839,840,1
2333,Mycobacterium_seoulense,890,902,12
2334,Mycobacterium_seoulense,1010,1011,1
2335,Mycobacterium_seoulense,1068,1069,1
2336,Mycobacterium_seoulense,1168,1169,1
2337,Mycobacterium_seoulense,1185,1186,1
2338,Mycobacterium_seoulense,1187,1188,1
2339,Mycobacterium_seoulense,1190,1192,2
2340,Mycobacterium_seoulense,1211,1212,1
2341,Mycobacterium_seoulense,1237,1238,1
2342,Mycobacterium_seoulense,1398,1399,1
2343,Mycobacterium_seoulense,1430,1459,29
2344,Mycobacterium_seoulense,1491,1492,1
2345,Mycobacterium_seoulense,1707,1708,1
2346,Mycobacterium_seoulense,1748,1749,1
2347,Mycobacterium_seoulense,1751,1752,1
2348,Mycobacterium_seoulense,1756,1761,5
2349,Mycobacterium_seoulense,1773,1775,2
2350,Mycobacterium_seoulense,1776,1777,1
2351,Mycobacterium_seoulense,1784,1785,1
2352,Mycobacterium_seoulense,1789,1791,2
2353,Mycobacterium_seoulense,1802,1803,1
2354,Mycobacterium_seoulense,1918,1919,1
2355,Mycobacterium_seoulense,1954,1955,1
2356,Mycobacterium_seoulense,1993,1994,1
2357,Mycobacterium_seoulense,2132,2133,1
2358,Mycobacterium_seoulense,2136,2137,1
2359,Mycobacterium_seoulense,2138,2139,1
2360,Mycobacterium_seoulense,2143,2147,4
2361,Mycobacterium_seoulense,2150,2152,2
2362,Mycobacterium_seoulense,2162,2163,1
2363,Mycobacterium_seoulense,2285,2294,9
2364,Mycobacterium_seoulense,2296,2305,9
2365,Mycobacterium_seoulense,2309,2315,6
2366,Mycobacterium_seoulense,2316,2325,9
2367,Mycobacterium_seoulense,2379,2380,1
2368,Mycobacterium_seoulense,2663,2665,2
2369,Mycobacterium_seoulense,2723,2850,127
2370,Mycobacterium_seoulense,3376,3377,1
2371,Mycobacterium_seoulense,3378,3379,1
2372,Mycobacterium_seoulense,3433,3434,1
2373,Mycobacterium_marseillense,1,3,2
2374,Mycobacterium_marseillense,82,83,1
2375,Mycobacterium_marseillense,186,187,1
2376,Mycobacterium_marseillense,235,237,2
2377,Mycobacterium_marseillense,238,240,2
2378,Mycobacterium_marseillense,250,251,1
2379,Mycobacterium_marseillense,277,278,1
2380,Mycobacterium_marseillense,295,296,1
2381,Mycobacterium_marseillense,336,337,1
2382,Mycobacterium_marseillense,359,360,1
2383,Mycobacterium_marseillense,373,374,1
2384,Mycobacterium_marseillense,401,402,1
2385,Mycobacterium_marseillense,416,417,1
2386,Mycobacterium_marseillense,451,452,1
2387,Mycobacterium_marseillense,471,574,103
2388,Mycobacterium_marseillense,753,755,2
2389,Mycobacterium_marseillense,757,771,14
2390,Mycobacterium_marseillense,789,790,1
2391,Mycobacterium_marseillense,839,840,1
2392,Mycobacterium_marseillense,890,902,12
2393,Mycobacterium_marseillense,1010,1011,1
2394,Mycobacterium_marseillense,1068,1069,1
2395,Mycobacterium_marseillense,1168,1169,1
2396,Mycobacterium_marseillense,1185,1186,1
2397,Mycobacterium_marseillense,1187,1188,1
2398,Mycobacterium_marseillense,1190,1192,2
2399,Mycobacterium_marseillense,1211,1212,1
2400,Mycobacterium_marseillense,1237,1238,1
2401,Mycobacterium_marseillense,1398,1399,1
2402,Mycobacterium_marseillense,1430,1436,6
2403,Mycobacterium_marseillense,1438,1439,1
2404,Mycobacterium_marseillense,1444,1446,2
2405,Mycobacterium_marseillense,1448,1458,10
2406,Mycobacterium_marseillense,1491,1492,1
2407,Mycobacterium_marseillense,1515,1516,1
2408,Mycobacterium_marseillense,1707,1708,1
2409,Mycobacterium_marseillense,1748,1749,1
2410,Mycobacterium_marseillense,1751,1752,1
2411,Mycobacterium_marseillense,1756,1761,5
2412,Mycobacterium_marseillense,1773,1775,2
2413,Mycobacterium_marseillense,1776,1777,1
2414,Mycobacterium_marseillense,1784,1785,1
2415,Mycobacterium_marseillense,1789,1791,2
2416,Mycobacterium_marseillense,1802,1803,1
2417,Mycobacterium_marseillense,1918,1919,1
2418,Mycobacterium_marseillense,1954,1955,1
2419,Mycobacterium_marseillense,1993,1994,1
2420,Mycobacterium_marseillense,2132,2133,1
2421,Mycobacterium_marseillense,2136,2137,1
2422,Mycobacterium_marseillense,2138,2139,1
2423,Mycobacterium_marseillense,2143,2147,4
2424,Mycobacterium_marseillense,2150,2152,2
2425,Mycobacterium_marseillense,2162,2163,1
2426,Mycobacterium_marseillense,2285,2294,9
2427,Mycobacterium_marseillense,2296,2305,9
2428,Mycobacterium_marseillense,2309,2315,6
2429,Mycobacterium_marseillense,2316,2325,9
2430,Mycobacterium_marseillense,2379,2380,1
2431,Mycobacterium_marseillense,2664,2665,1
2432,Mycobacterium_marseillense,2723,2850,127
2433,Mycobacterium_marseillense,3376,3377,1
2434,Mycobacterium_marseillense,3378,3379,1
2435,Mycobacterium_marseillense,3433,3434,1
2436,Mycobacterium_senriense,1,3,2
2437,Mycobacterium_senriense,82,83,1
2438,Mycobacterium_senriense,186,187,1
2439,Mycobacterium_senriense,235,237,2
2440,Mycobacterium_senriense,238,240,2
2441,Mycobacterium_senriense,250,251,1
2442,Mycobacterium_senriense,277,278,1
2443,Mycobacterium_senriense,295,296,1
2444,Mycobacterium_senriense,359,360,1
2445,Mycobacterium_senriense,373,374,1
2446,Mycobacterium_senriense,401,402,1
2447,Mycobacterium_senriense,416,417,1
2448,Mycobacterium_senriense,451,452,1
2449,Mycobacterium_senriense,471,574,103
2450,Mycobacterium_senriense,753,755,2
2451,Mycobacterium_senriense,757,771,14
2452,Mycobacterium_senriense,789,790,1
2453,Mycobacterium_senriense,839,840,1
2454,Mycobacterium_senriense,890,902,12
2455,Mycobacterium_senriense,1010,1011,1
2456,Mycobacterium_senriense,1068,1069,1
2457,Mycobacterium_senriense,1168,1169,1
2458,Mycobacterium_senriense,1185,1186,1
2459,Mycobacterium_senriense,1187,1188,1
2460,Mycobacterium_senriense,1190,1192,2
2461,Mycobacterium_senriense,1211,1212,1
2462,Mycobacterium_senriense,1237,1238,1
2463,Mycobacterium_senriense,1398,1399,1
2464,Mycobacterium_senriense,1430,1436,6
2465,Mycobacterium_senriense,1438,1439,1
2466,Mycobacterium_senriense,1444,1446,2
2467,Mycobacterium_senriense,1448,1458,10
2468,Mycobacterium_senriense,1491,1492,1
2469,Mycobacterium_senriense,1515,1516,1
2470,Mycobacterium_senriense,1707,1708,1
2471,Mycobacterium_senriense,1748,1749,1
2472,Mycobacterium_senriense,1751,1752,1
2473,Mycobacterium_senriense,1756,1761,5
2474,Mycobacterium_senriense,1773,1775,2
2475,Mycobacterium_senriense,1776,1777,1
2476,Mycobacterium_senriense,1784,1785,1
2477,Mycobacterium_senriense,1789,1791,2
2478,Mycobacterium_senriense,1802,1803,1
2479,Mycobacterium_senriense,1918,1919,1
2480,Mycobacterium_senriense,1954,1955,1
2481,Mycobacterium_senriense,1993,1994,1
2482,Mycobacterium_senriense,2132,2133,1
2483,Mycobacterium_senriense,2136,2137,1
2484,Mycobacterium_senriense,2138,2139,1
2485,Mycobacterium_senriense,2143,2147,4
2486,Mycobacterium_senriense,2150,2152,2
2487,Mycobacterium_senriense,2162,2163,1
2488,Mycobacterium_senriense,2285,2294,9
2489,Mycobacterium_senriense,2296,2305,9
2490,Mycobacterium_senriense,2309,2315,6
2491,Mycobacterium_senriense,2316,2325,9
2492,Mycobacterium_senriense,2379,2380,1
2493,Mycobacterium_senriense,2663,2665,2
2494,Mycobacterium_senriense,2723,2850,127
2495,Mycobacterium_senriense,3376,3377,1
2496,Mycobacterium_senriense,3378,3379,1
2497,Mycobacterium_senriense,3433,3434,1
2498,Mycobacterium_bourgelatii,1,3,2
2499,Mycobacterium_bourgelatii,82,83,1
2500,Mycobacterium_bourgelatii,186,187,1
2501,Mycobacterium_bourgelatii,235,237,2
2502,Mycobacterium_bourgelatii,238,240,2
2503,Mycobacterium_bourgelatii,250,251,1
2504,Mycobacterium_bourgelatii,295,296,1
2505,Mycobacterium_bourgelatii,359,360,1
2506,Mycobacterium_bourgelatii,373,374,1
2507,Mycobacterium_bourgelatii,401,402,1
2508,Mycobacterium_bourgelatii,416,417,1
2509,Mycobacterium_bourgelatii,451,452,1
2510,Mycobacterium_bourgelatii,471,574,103
2511,Mycobacterium_bourgelatii,753,755,2
2512,Mycobacterium_bourgelatii,757,771,14
2513,Mycobacterium_bourgelatii,789,790,1
2514,Mycobacterium_bourgelatii,839,840,1
2515,Mycobacterium_bourgelatii,884,891,7
2516,Mycobacterium_bourgelatii,896,900,4
2517,Mycobacterium_bourgelatii,1010,1011,1
2518,Mycobacterium_bourgelatii,1068,1069,1
2519,Mycobacterium_bourgelatii,1168,1169,1
2520,Mycobacterium_bourgelatii,1185,1186,1
2521,Mycobacterium_bourgelatii,1187,1188,1
2522,Mycobacterium_bourgelatii,1190,1192,2
2523,Mycobacterium_bourgelatii,1211,1212,1
2524,Mycobacterium_bourgelatii,1237,1238,1
2525,Mycobacterium_bourgelatii,1398,1399,1
2526,Mycobacterium_bourgelatii,1430,1436,6
2527,Mycobacterium_bourgelatii,1438,1439,1
2528,Mycobacterium_bourgelatii,1445,1459,14
2529,Mycobacterium_bourgelatii,1491,1492,1
2530,Mycobacterium_bourgelatii,1515,1516,1
2531,Mycobacterium_bourgelatii,1707,1708,1
2532,Mycobacterium_bourgelatii,1748,1749,1
2533,Mycobacterium_bourgelatii,1751,1752,1
2534,Mycobacterium_bourgelatii,1756,1761,5
2535,Mycobacterium_bourgelatii,1766,1768,2
2536,Mycobacterium_bourgelatii,1773,1775,2
2537,Mycobacterium_bourgelatii,1776,1777,1
2538,Mycobacterium_bourgelatii,1784,1785,1
2539,Mycobacterium_bourgelatii,1789,1791,2
2540,Mycobacterium_bourgelatii,1802,1803,1
2541,Mycobacterium_bourgelatii,1918,1919,1
2542,Mycobacterium_bourgelatii,1954,1955,1
2543,Mycobacterium_bourgelatii,1993,1994,1
2544,Mycobacterium_bourgelatii,2132,2133,1
2545,Mycobacterium_bourgelatii,2136,2137,1
2546,Mycobacterium_bourgelatii,2138,2139,1
2547,Mycobacterium_bourgelatii,2143,2147,4
2548,Mycobacterium_bourgelatii,2150,2152,2
2549,Mycobacterium_bourgelatii,2162,2163,1
2550,Mycobacterium_bourgelatii,2285,2294,9
2551,Mycobacterium_bourgelatii,2296,2297,1
2552,Mycobacterium_bourgelatii,2299,2305,6
2553,Mycobacterium_bourgelatii,2309,2315,6
2554,Mycobacterium_bourgelatii,2316,2325,9
2555,Mycobacterium_bourgelatii,2379,2380,1
2556,Mycobacterium_bourgelatii,2664,2665,1
2557,Mycobacterium_bourgelatii,2723,2850,127
2558,Mycobacterium_bourgelatii,3376,3377,1
2559,Mycobacterium_bourgelatii,3378,3379,1
2560,Mycobacterium_bourgelatii,3433,3434,1
2561,Mycobacterium_arosiense,1,3,2
2562,Mycobacterium_arosiense,82,83,1
2563,Mycobacterium_arosiense,186,187,1
2564,Mycobacterium_arosiense,235,237,2
2565,Mycobacterium_arosiense,238,240,2
2566,Mycobacterium_arosiense,250,251,1
2567,Mycobacterium_arosiense,277,278,1
2568,Mycobacterium_arosiense,295,296,1
2569,Mycobacterium_arosiense,359,360,1
2570,Mycobacterium_arosiense,373,374,1
2571,Mycobacterium_arosiense,401,402,1
2572,Mycobacterium_arosiense,416,417,1
2573,Mycobacterium_arosiense,451,452,1
2574,Mycobacterium_arosiense,471,574,103
2575,Mycobacterium_arosiense,753,755,2
2576,Mycobacterium_arosiense,757,771,14
2577,Mycobacterium_arosiense,789,790,1
2578,Mycobacterium_arosiense,839,840,1
2579,Mycobacterium_arosiense,890,902,12
2580,Mycobacterium_arosiense,1010,1011,1
2581,Mycobacterium_arosiense,1068,1069,1
2582,Mycobacterium_arosiense,1168,1169,1
2583,Mycobacterium_arosiense,1185,1186,1
2584,Mycobacterium_arosiense,1187,1188,1
2585,Mycobacterium_arosiense,1190,1192,2
2586,Mycobacterium_arosiense,1211,1212,1
2587,Mycobacterium_arosiense,1237,1238,1
2588,Mycobacterium_arosiense,1398,1399,1
2589,Mycobacterium_arosiense,1430,1436,6
2590,Mycobacterium_arosiense,1438,1439,1
2591,Mycobacterium_arosiense,1445,1446,1
2592,Mycobacterium_arosiense,1448,1458,10
2593,Mycobacterium_arosiense,1491,1492,1
2594,Mycobacterium_arosiense,1515,1516,1
2595,Mycobacterium_arosiense,1707,1708,1
2596,Mycobacterium_arosiense,1748,1749,1
2597,Mycobacterium_arosiense,1751,1752,1
2598,Mycobacterium_arosiense,1756,1761,5
2599,Mycobacterium_arosiense,1773,1775,2
2600,Mycobacterium_arosiense,1776,1777,1
2601,Mycobacterium_arosiense,1784,1785,1
2602,Mycobacterium_arosiense,1789,1791,2
2603,Mycobacterium_arosiense,1802,1803,1
2604,Mycobacterium_arosiense,1918,1919,1
2605,Mycobacterium_arosiense,1954,1955,1
2606,Mycobacterium_arosiense,1993,1994,1
2607,Mycobacterium_arosiense,2132,2133,1
2608,Mycobacterium_arosiense,2136,2137,1
2609,Mycobacterium_arosiense,2138,2139,1
2610,Mycobacterium_arosiense,2143,2147,4
2611,Mycobacterium_arosiense,2150,2152,2
2612,Mycobacterium_arosiense,2162,2163,1
2613,Mycobacterium_arosiense,2285,2294,9
2614,Mycobacterium_arosiense,2296,2305,9
2615,Mycobacterium_arosiense,2309,2315,6
2616,Mycobacterium_arosiense,2316,2325,9
2617,Mycobacterium_arosiense,2379,2380,1
2618,Mycobacterium_arosiense,2663,2665,2
2619,Mycobacterium_arosiense,2723,2850,127
2620,Mycobacterium_arosiense,3376,3377,1
2621,Mycobacterium_arosiense,3378,3379,1
2622,Mycobacterium_arosiense,3433,3434,1
2623,Mycobacterium_vicinigordonae,1,3,2
2624,Mycobacterium_vicinigordonae,82,83,1
2625,Mycobacterium_vicinigordonae,186,187,1
2626,Mycobacterium_vicinigordonae,235,237,2
2627,Mycobacterium_vicinigordonae,238,240,2
2628,Mycobacterium_vicinigordonae,250,251,1
2629,Mycobacterium_vicinigordonae,295,296,1
2630,Mycobacterium_vicinigordonae,359,360,1
2631,Mycobacterium_vicinigordonae,373,374,1
2632,Mycobacterium_vicinigordonae,401,402,1
2633,Mycobacterium_vicinigordonae,416,417,1
2634,Mycobacterium_vicinigordonae,451,452,1
2635,Mycobacterium_vicinigordonae,472,574,102
2636,Mycobacterium_vicinigordonae,753,755,2
2637,Mycobacterium_vicinigordonae,757,771,14
2638,Mycobacterium_vicinigordonae,789,790,1
2639,Mycobacterium_vicinigordonae,839,840,1
2640,Mycobacterium_vicinigordonae,884,891,7
2641,Mycobacterium_vicinigordonae,896,900,4
2642,Mycobacterium_vicinigordonae,1010,1011,1
2643,Mycobacterium_vicinigordonae,1068,1069,1
2644,Mycobacterium_vicinigordonae,1168,1169,1
2645,Mycobacterium_vicinigordonae,1185,1186,1
2646,Mycobacterium_vicinigordonae,1187,1188,1
2647,Mycobacterium_vicinigordonae,1190,1192,2
2648,Mycobacterium_vicinigordonae,1211,1212,1
2649,Mycobacterium_vicinigordonae,1237,1238,1
2650,Mycobacterium_vicinigordonae,1398,1399,1
2651,Mycobacterium_vicinigordonae,1430,1436,6
2652,Mycobacterium_vicinigordonae,1438,1439,1
2653,Mycobacterium_vicinigordonae,1445,1459,14
2654,Mycobacterium_vicinigordonae,1491,1492,1
2655,Mycobacterium_vicinigordonae,1515,1516,1
2656,Mycobacterium_vicinigordonae,1707,1708,1
2657,Mycobacterium_vicinigordonae,1748,1749,1
2658,Mycobacterium_vicinigordonae,1751,1752,1
2659,Mycobacterium_vicinigordonae,1756,1761,5
2660,Mycobacterium_vicinigordonae,1766,1768,2
2661,Mycobacterium_vicinigordonae,1773,1775,2
2662,Mycobacterium_vicinigordonae,1776,1777,1
2663,Mycobacterium_vicinigordonae,1784,1785,1
2664,Mycobacterium_vicinigordonae,1789,1791,2
2665,Mycobacterium_vicinigordonae,1802,1803,1
2666,Mycobacterium_vicinigordonae,1918,1919,1
2667,Mycobacterium_vicinigordonae,1954,1955,1
2668,Mycobacterium_vicinigordonae,1993,1994,1
2669,Mycobacterium_vicinigordonae,2132,2133,1
2670,Mycobacterium_vicinigordonae,2136,2137,1
2671,Mycobacterium_vicinigordonae,2138,2139,1
2672,Mycobacterium_vicinigordonae,2143,2147,4
2673,Mycobacterium_vicinigordonae,2150,2152,2
2674,Mycobacterium_vicinigordonae,2162,2163,1
2675,Mycobacterium_vicinigordonae,2285,2294,9
2676,Mycobacterium_vicinigordonae,2296,2297,1
2677,Mycobacterium_vicinigordonae,2299,2305,6
2678,Mycobacterium_vicinigordonae,2309,2315,6
2679,Mycobacterium_vicinigordonae,2316,2325,9
2680,Mycobacterium_vicinigordonae,2379,2380,1
2681,Mycobacterium_vicinigordonae,2664,2665,1
2682,Mycobacterium_vicinigordonae,2723,2850,127
2683,Mycobacterium_vicinigordonae,3376,3377,1
2684,Mycobacterium_vicinigordonae,3378,3379,1
2685,Mycobacterium_vicinigordonae,3433,3434,1
2686,Mycobacterium_palustre,82,83,1
2687,Mycobacterium_palustre,186,187,1
2688,Mycobacterium_palustre,235,237,2
2689,Mycobacterium_palustre,238,240,2
2690,Mycobacterium_palustre,250,251,1
2691,Mycobacterium_palustre,295,296,1
2692,Mycobacterium_palustre,359,360,1
2693,Mycobacterium_palustre,373,374,1
2694,Mycobacterium_palustre,401,402,1
2695,Mycobacterium_palustre,416,417,1
2696,Mycobacterium_palustre,451,452,1
2697,Mycobacterium_palustre,471,574,103
2698,Mycobacterium_palustre,753,755,2
2699,Mycobacterium_palustre,757,771,14
2700,Mycobacterium_palustre,789,790,1
2701,Mycobacterium_palustre,839,840,1
2702,Mycobacterium_palustre,882,907,25
2703,Mycobacterium_palustre,1010,1011,1
2704,Mycobacterium_palustre,1068,1069,1
2705,Mycobacterium_palustre,1168,1169,1
2706,Mycobacterium_palustre,1185,1186,1
2707,Mycobacterium_palustre,1187,1188,1
2708,Mycobacterium_palustre,1190,1192,2
2709,Mycobacterium_palustre,1211,1212,1
2710,Mycobacterium_palustre,1237,1238,1
2711,Mycobacterium_palustre,1398,1399,1
2712,Mycobacterium_palustre,1430,1459,29
2713,Mycobacterium_palustre,1491,1492,1
2714,Mycobacterium_palustre,1515,1516,1
2715,Mycobacterium_palustre,1707,1708,1
2716,Mycobacterium_palustre,1748,1749,1
2717,Mycobacterium_palustre,1751,1752,1
2718,Mycobacterium_palustre,1756,1761,5
2719,Mycobacterium_palustre,1773,1775,2
2720,Mycobacterium_palustre,1776,1777,1
2721,Mycobacterium_palustre,1784,1785,1
2722,Mycobacterium_palustre,1789,1791,2
2723,Mycobacterium_palustre,1802,1803,1
2724,Mycobacterium_palustre,1915,1916,1
2725,Mycobacterium_palustre,1918,1919,1
2726,Mycobacterium_palustre,1954,1955,1
2727,Mycobacterium_palustre,1993,1994,1
2728,Mycobacterium_palustre,2132,2133,1
2729,Mycobacterium_palustre,2136,2137,1
2730,Mycobacterium_palustre,2138,2139,1
2731,Mycobacterium_palustre,2143,2147,4
2732,Mycobacterium_palustre,2150,2152,2
2733,Mycobacterium_palustre,2162,2163,1
2734,Mycobacterium_palustre,2285,2294,9
2735,Mycobacterium_palustre,2296,2305,9
2736,Mycobacterium_palustre,2309,2315,6
2737,Mycobacterium_palustre,2316,2325,9
2738,Mycobacterium_palustre,2379,2380,1
2739,Mycobacterium_palustre,2664,2665,1
2740,Mycobacterium_palustre,2723,2850,127
2741,Mycobacterium_palustre,3376,3377,1
2742,Mycobacterium_palustre,3378,3379,1
2743,Mycobacterium_palustre,3433,3434,1
2744,Mycolicibacterium_vulneris,1,3,2
2745,Mycolicibacterium_vulneris,82,83,1
2746,Mycolicibacterium_vulneris,186,187,1
2747,Mycolicibacterium_vulneris,235,237,2
2748,Mycolicibacterium_vulneris,238,240,2
2749,Mycolicibacterium_vulneris,250,251,1
2750,Mycolicibacterium_vulneris,277,278,1
2751,Mycolicibacterium_vulneris,295,296,1
2752,Mycolicibacterium_vulneris,359,360,1
2753,Mycolicibacterium_vulneris,373,374,1
2754,Mycolicibacterium_vulneris,401,402,1
2755,Mycolicibacterium_vulneris,416,417,1
2756,Mycolicibacterium_vulneris,451,452,1
2757,Mycolicibacterium_vulneris,471,574,103
2758,Mycolicibacterium_vulneris,753,755,2
2759,Mycolicibacterium_vulneris,757,771,14
2760,Mycolicibacterium_vulneris,789,790,1
2761,Mycolicibacterium_vulneris,839,840,1
2762,Mycolicibacterium_vulneris,890,902,12
2763,Mycolicibacterium_vulneris,1010,1011,1
2764,Mycolicibacterium_vulneris,1068,1069,1
2765,Mycolicibacterium_vulneris,1168,1169,1
2766,Mycolicibacterium_vulneris,1185,1186,1
2767,Mycolicibacterium_vulneris,1187,1188,1
2768,Mycolicibacterium_vulneris,1190,1192,2
2769,Mycolicibacterium_vulneris,1211,1212,1
2770,Mycolicibacterium_vulneris,1237,1238,1
2771,Mycolicibacterium_vulneris,1398,1399,1
2772,Mycolicibacterium_vulneris,1430,1436,6
2773,Mycolicibacterium_vulneris,1438,1439,1
2774,Mycolicibacterium_vulneris,1444,1446,2
2775,Mycolicibacterium_vulneris,1448,1458,10
2776,Mycolicibacterium_vulneris,1491,1492,1
2777,Mycolicibacterium_vulneris,1515,1516,1
2778,Mycolicibacterium_vulneris,1707,1708,1
2779,Mycolicibacterium_vulneris,1748,1749,1
2780,Mycolicibacterium_vulneris,1751,1752,1
2781,Mycolicibacterium_vulneris,1756,1761,5
2782,Mycolicibacterium_vulneris,1773,1775,2
2783,Mycolicibacterium_vulneris,1776,1777,1
2784,Mycolicibacterium_vulneris,1784,1785,1
2785,Mycolicibacterium_vulneris,1789,1791,2
2786,Mycolicibacterium_vulneris,1802,1803,1
2787,Mycolicibacterium_vulneris,1918,1919,1
2788,Mycolicibacterium_vulneris,1954,1955,1
2789,Mycolicibacterium_vulneris,1993,1994,1
2790,Mycolicibacterium_vulneris,2132,2133,1
2791,Mycolicibacterium_vulneris,2136,2137,1
2792,Mycolicibacterium_vulneris,2138,2139,1
2793,Mycolicibacterium_vulneris,2143,2147,4
2794,Mycolicibacterium_vulneris,2150,2152,2
2795,Mycolicibacterium_vulneris,2162,2163,1
2796,Mycolicibacterium_vulneris,2285,2294,9
2797,Mycolicibacterium_vulneris,2296,2305,9
2798,Mycolicibacterium_vulneris,2309,2315,6
2799,Mycolicibacterium_vulneris,2316,2325,9
2800,Mycolicibacterium_vulneris,2379,2380,1
2801,Mycolicibacterium_vulneris,2663,2665,2
2802,Mycolicibacterium_vulneris,2723,2850,127
2803,Mycolicibacterium_vulneris,3376,3377,1
2804,Mycolicibacterium_vulneris,3378,3379,1
2805,Mycolicibacterium_vulneris,3433,3434,1
2806,Mycobacterium_colombiense,1,3,2
2807,Mycobacterium_colombiense,82,83,1
2808,Mycobacterium_colombiense,186,187,1
2809,Mycobacterium_colombiense,235,237,2
2810,Mycobacterium_colombiense,238,240,2
2811,Mycobacterium_colombiense,250,251,1
2812,Mycobacterium_colombiense,277,278,1
2813,Mycobacterium_colombiense,295,296,1
2814,Mycobacterium_colombiense,359,360,1
2815,Mycobacterium_colombiense,373,374,1
2816,Mycobacterium_colombiense,401,402,1
2817,Mycobacterium_colombiense,416,417,1
2818,Mycobacterium_colombiense,451,452,1
2819,Mycobacterium_colombiense,471,574,103
2820,Mycobacterium_colombiense,753,755,2
2821,Mycobacterium_colombiense,757,771,14
2822,Mycobacterium_colombiense,789,790,1
2823,Mycobacterium_colombiense,839,840,1
2824,Mycobacterium_colombiense,890,902,12
2825,Mycobacterium_colombiense,1010,1011,1
2826,Mycobacterium_colombiense,1068,1069,1
2827,Mycobacterium_colombiense,1168,1169,1
2828,Mycobacterium_colombiense,1185,1186,1
2829,Mycobacterium_colombiense,1187,1188,1
2830,Mycobacterium_colombiense,1190,1192,2
2831,Mycobacterium_colombiense,1211,1212,1
2832,Mycobacterium_colombiense,1237,1238,1
2833,Mycobacterium_colombiense,1398,1399,1
2834,Mycobacterium_colombiense,1430,1436,6
2835,Mycobacterium_colombiense,1438,1439,1
2836,Mycobacterium_colombiense,1444,1446,2
2837,Mycobacterium_colombiense,1448,1458,10
2838,Mycobacterium_colombiense,1491,1492,1
2839,Mycobacterium_colombiense,1515,1516,1
2840,Mycobacterium_colombiense,1707,1708,1
2841,Mycobacterium_colombiense,1748,1749,1
2842,Mycobacterium_colombiense,1751,1752,1
2843,Mycobacterium_colombiense,1756,1761,5
2844,Mycobacterium_colombiense,1773,1775,2
2845,Mycobacterium_colombiense,1776,1777,1
2846,Mycobacterium_colombiense,1784,1785,1
2847,Mycobacterium_colombiense,1789,1791,2
2848,Mycobacterium_colombiense,1802,1803,1
2849,Mycobacterium_colombiense,1918,1919,1
2850,Mycobacterium_colombiense,1954,1955,1
2851,Mycobacterium_colombiense,1993,1994,1
2852,Mycobacterium_colombiense,2132,2133,1
2853,Mycobacterium_colombiense,2136,2137,1
2854,Mycobacterium_colombiense,2138,2139,1
2855,Mycobacterium_colombiense,2143,2147,4
2856,Mycobacterium_colombiense,2150,2152,2
2857,Mycobacterium_colombiense,2162,2163,1
2858,Mycobacterium_colombiense,2285,2294,9
2859,Mycobacterium_colombiense,2296,2305,9
2860,Mycobacterium_colombiense,2309,2315,6
2861,Mycobacterium_colombiense,2316,2325,9
2862,Mycobacterium_colombiense,2379,2380,1
2863,Mycobacterium_colombiense,2663,2665,2
2864,Mycobacterium_colombiense,2723,2850,127
2865,Mycobacterium_colombiense,3376,3377,1
2866,Mycobacterium_colombiense,3378,3379,1
2867,Mycobacterium_colombiense,3433,3434,1
2868,Mycobacterium_europaeum,1,3,2
2869,Mycobacterium_europaeum,82,83,1
2870,Mycobacterium_europaeum,186,187,1
2871,Mycobacterium_europaeum,235,237,2
2872,Mycobacterium_europaeum,238,240,2
2873,Mycobacterium_europaeum,250,251,1
2874,Mycobacterium_europaeum,277,278,1
2875,Mycobacterium_europaeum,295,296,1
2876,Mycobacterium_europaeum,359,360,1
2877,Mycobacterium_europaeum,373,374,1
2878,Mycobacterium_europaeum,401,402,1
2879,Mycobacterium_europaeum,416,417,1
2880,Mycobacterium_europaeum,451,452,1
2881,Mycobacterium_europaeum,471,574,103
2882,Mycobacterium_europaeum,753,755,2
2883,Mycobacterium_europaeum,757,771,14
2884,Mycobacterium_europaeum,789,790,1
2885,Mycobacterium_europaeum,839,840,1
2886,Mycobacterium_europaeum,890,902,12
2887,Mycobacterium_europaeum,1010,1011,1
2888,Mycobacterium_europaeum,1068,1069,1
2889,Mycobacterium_europaeum,1168,1169,1
2890,Mycobacterium_europaeum,1185,1186,1
2891,Mycobacterium_europaeum,1187,1188,1
2892,Mycobacterium_europaeum,1190,1192,2
2893,Mycobacterium_europaeum,1211,1212,1
2894,Mycobacterium_europaeum,1237,1238,1
2895,Mycobacterium_europaeum,1398,1399,1
2896,Mycobacterium_europaeum,1430,1459,29
2897,Mycobacterium_europaeum,1491,1492,1
2898,Mycobacterium_europaeum,1707,1708,1
2899,Mycobacterium_europaeum,1748,1749,1
2900,Mycobacterium_europaeum,1751,1752,1
2901,Mycobacterium_europaeum,1756,1761,5
2902,Mycobacterium_europaeum,1773,1775,2
2903,Mycobacterium_europaeum,1776,1777,1
2904,Mycobacterium_europaeum,1784,1785,1
2905,Mycobacterium_europaeum,1787,1791,4
2906,Mycobacterium_europaeum,1802,1803,1
2907,Mycobacterium_europaeum,1918,1919,1
2908,Mycobacterium_europaeum,1954,1955,1
2909,Mycobacterium_europaeum,1993,1994,1
2910,Mycobacterium_europaeum,2132,2133,1
2911,Mycobacterium_europaeum,2136,2137,1
2912,Mycobacterium_europaeum,2138,2139,1
2913,Mycobacterium_europaeum,2143,2147,4
2914,Mycobacterium_europaeum,2150,2152,2
2915,Mycobacterium_europaeum,2162,2163,1
2916,Mycobacterium_europaeum,2285,2294,9
2917,Mycobacterium_europaeum,2296,2305,9
2918,Mycobacterium_europaeum,2309,2315,6
2919,Mycobacterium_europaeum,2316,2325,9
2920,Mycobacterium_europaeum,2379,2380,1
2921,Mycobacterium_europaeum,2663,2665,2
2922,Mycobacterium_europaeum,2723,2850,127
2923,Mycobacterium_europaeum,3376,3377,1
2924,Mycobacterium_europaeum,3378,3379,1
2925,Mycobacterium_europaeum,3433,3434,1
2926,Mycobacterium_parmense,1,3,2
2927,Mycobacterium_parmense,82,83,1
2928,Mycobacterium_parmense,186,187,1
2929,Mycobacterium_parmense,235,237,2
2930,Mycobacterium_parmense,238,240,2
2931,Mycobacterium_parmense,250,251,1
2932,Mycobacterium_parmense,277,278,1
2933,Mycobacterium_parmense,295,296,1
2934,Mycobacterium_parmense,359,360,1
2935,Mycobacterium_parmense,373,374,1
2936,Mycobacterium_parmense,401,402,1
2937,Mycobacterium_parmense,416,417,1
2938,Mycobacterium_parmense,451,452,1
2939,Mycobacterium_parmense,471,574,103
2940,Mycobacterium_parmense,753,755,2
2941,Mycobacterium_parmense,757,771,14
2942,Mycobacterium_parmense,789,790,1
2943,Mycobacterium_parmense,839,840,1
2944,Mycobacterium_parmense,887,900,13
2945,Mycobacterium_parmense,1010,1011,1
2946,Mycobacterium_parmense,1068,1069,1
2947,Mycobacterium_parmense,1168,1169,1
2948,Mycobacterium_parmense,1185,1186,1
2949,Mycobacterium_parmense,1187,1188,1
2950,Mycobacterium_parmense,1190,1192,2
2951,Mycobacterium_parmense,1211,1212,1
2952,Mycobacterium_parmense,1237,1238,1
2953,Mycobacterium_parmense,1398,1399,1
2954,Mycobacterium_parmense,1430,1459,29
2955,Mycobacterium_parmense,1491,1492,1
2956,Mycobacterium_parmense,1515,1516,1
2957,Mycobacterium_parmense,1707,1708,1
2958,Mycobacterium_parmense,1748,1749,1
2959,Mycobacterium_parmense,1751,1752,1
2960,Mycobacterium_parmense,1756,1761,5
2961,Mycobacterium_parmense,1766,1768,2
2962,Mycobacterium_parmense,1773,1775,2
2963,Mycobacterium_parmense,1776,1777,1
2964,Mycobacterium_parmense,1784,1785,1
2965,Mycobacterium_parmense,1789,1791,2
2966,Mycobacterium_parmense,1802,1803,1
2967,Mycobacterium_parmense,1915,1916,1
2968,Mycobacterium_parmense,1918,1919,1
2969,Mycobacterium_parmense,1954,1955,1
2970,Mycobacterium_parmense,1993,1994,1
2971,Mycobacterium_parmense,2132,2133,1
2972,Mycobacterium_parmense,2136,2137,1
2973,Mycobacterium_parmense,2138,2140,2
2974,Mycobacterium_parmense,2143,2147,4
2975,Mycobacterium_parmense,2150,2152,2
2976,Mycobacterium_parmense,2162,2163,1
2977,Mycobacterium_parmense,2285,2294,9
2978,Mycobacterium_parmense,2296,2305,9
2979,Mycobacterium_parmense,2309,2315,6
2980,Mycobacterium_parmense,2316,2325,9
2981,Mycobacterium_parmense,2379,2380,1
2982,Mycobacterium_parmense,2664,2665,1
2983,Mycobacterium_parmense,2723,2850,127
2984,Mycobacterium_parmense,3376,3377,1
2985,Mycobacterium_parmense,3378,3379,1
2986,Mycobacterium_parmense,3433,3434,1
2987,Mycobacterium_leprae,1,3,2
2988,Mycobacterium_leprae,82,83,1
2989,Mycobacterium_leprae,186,187,1
2990,Mycobacterium_leprae,235,237,2
2991,Mycobacterium_leprae,238,240,2
2992,Mycobacterium_leprae,250,251,1
2993,Mycobacterium_leprae,295,296,1
2994,Mycobacterium_leprae,359,360,1
2995,Mycobacterium_leprae,373,374,1
2996,Mycobacterium_leprae,401,402,1
2997,Mycobacterium_leprae,416,417,1
2998,Mycobacterium_leprae,451,452,1
2999,Mycobacterium_leprae,471,574,103
3000,Mycobacterium_leprae,753,755,2
3001,Mycobacterium_leprae,757,771,14
3002,Mycobacterium_leprae,789,790,1
3003,Mycobacterium_leprae,839,840,1
3004,Mycobacterium_leprae,883,891,8
3005,Mycobacterium_leprae,896,897,1
3006,Mycobacterium_leprae,1010,1011,1
3007,Mycobacterium_leprae,1068,1069,1
3008,Mycobacterium_leprae,1168,1169,1
3009,Mycobacterium_leprae,1185,1186,1
3010,Mycobacterium_leprae,1190,1192,2
3011,Mycobacterium_leprae,1211,1212,1
3012,Mycobacterium_leprae,1237,1238,1
3013,Mycobacterium_leprae,1398,1399,1
3014,Mycobacterium_leprae,1430,1436,6
3015,Mycobacterium_leprae,1438,1439,1
3016,Mycobacterium_leprae,1445,1446,1
3017,Mycobacterium_leprae,1448,1456,8
3018,Mycobacterium_leprae,1457,1458,1
3019,Mycobacterium_leprae,1491,1492,1
3020,Mycobacterium_leprae,1515,1516,1
3021,Mycobacterium_leprae,1707,1708,1
3022,Mycobacterium_leprae,1748,1749,1
3023,Mycobacterium_leprae,1756,1761,5
3024,Mycobacterium_leprae,1774,1775,1
3025,Mycobacterium_leprae,1776,1777,1
3026,Mycobacterium_leprae,1784,1785,1
3027,Mycobacterium_leprae,1789,1791,2
3028,Mycobacterium_leprae,1802,1803,1
3029,Mycobacterium_leprae,1918,1919,1
3030,Mycobacterium_leprae,1954,1955,1
3031,Mycobacterium_leprae,1993,1994,1
3032,Mycobacterium_leprae,2132,2133,1
3033,Mycobacterium_leprae,2136,2137,1
3034,Mycobacterium_leprae,2138,2139,1
3035,Mycobacterium_leprae,2143,2147,4
3036,Mycobacterium_leprae,2150,2152,2
3037,Mycobacterium_leprae,2162,2163,1
3038,Mycobacterium_leprae,2285,2294,9
3039,Mycobacterium_leprae,2296,2297,1
3040,Mycobacterium_leprae,2299,2305,6
3041,Mycobacterium_leprae,2309,2315,6
3042,Mycobacterium_leprae,2316,2325,9
3043,Mycobacterium_leprae,2379,2380,1
3044,Mycobacterium_leprae,2664,2665,1
3045,Mycobacterium_leprae,2723,2850,127
3046,Mycobacterium_leprae,3376,3377,1
3047,Mycobacterium_leprae,3378,3379,1
3048,Mycobacterium_leprae,3433,3434,1
3049,Mycobacterium_helveticum,1,3,2
3050,Mycobacterium_helveticum,82,83,1
3051,Mycobacterium_helveticum,186,187,1
3052,Mycobacterium_helveticum,235,237,2
3053,Mycobacterium_helveticum,238,240,2
3054,Mycobacterium_helveticum,250,251,1
3055,Mycobacterium_helveticum,277,278,1
3056,Mycobacterium_helveticum,295,296,1
3057,Mycobacterium_helveticum,359,360,1
3058,Mycobacterium_helveticum,373,374,1
3059,Mycobacterium_helveticum,401,402,1
3060,Mycobacterium_helveticum,416,417,1
3061,Mycobacterium_helveticum,451,452,1
3062,Mycobacterium_helveticum,471,574,103
3063,Mycobacterium_helveticum,753,755,2
3064,Mycobacterium_helveticum,757,771,14
3065,Mycobacterium_helveticum,789,790,1
3066,Mycobacterium_helveticum,839,840,1
3067,Mycobacterium_helveticum,882,907,25
3068,Mycobacterium_helveticum,1010,1011,1
3069,Mycobacterium_helveticum,1068,1069,1
3070,Mycobacterium_helveticum,1168,1169,1
3071,Mycobacterium_helveticum,1185,1186,1
3072,Mycobacterium_helveticum,1187,1188,1
3073,Mycobacterium_helveticum,1190,1192,2
3074,Mycobacterium_helveticum,1211,1212,1
3075,Mycobacterium_helveticum,1237,1238,1
3076,Mycobacterium_helveticum,1398,1399,1
3077,Mycobacterium_helveticum,1430,1459,29
3078,Mycobacterium_helveticum,1491,1492,1
3079,Mycobacterium_helveticum,1515,1516,1
3080,Mycobacterium_helveticum,1707,1708,1
3081,Mycobacterium_helveticum,1748,1749,1
3082,Mycobacterium_helveticum,1751,1752,1
3083,Mycobacterium_helveticum,1756,1761,5
3084,Mycobacterium_helveticum,1773,1775,2
3085,Mycobacterium_helveticum,1776,1777,1
3086,Mycobacterium_helveticum,1784,1785,1
3087,Mycobacterium_helveticum,1789,1791,2
3088,Mycobacterium_helveticum,1802,1803,1
3089,Mycobacterium_helveticum,1918,1919,1
3090,Mycobacterium_helveticum,1954,1955,1
3091,Mycobacterium_helveticum,1993,1994,1
3092,Mycobacterium_helveticum,2132,2133,1
3093,Mycobacterium_helveticum,2136,2137,1
3094,Mycobacterium_helveticum,2138,2139,1
3095,Mycobacterium_helveticum,2143,2147,4
3096,Mycobacterium_helveticum,2150,2152,2
3097,Mycobacterium_helveticum,2162,2163,1
3098,Mycobacterium_helveticum,2285,2294,9
3099,Mycobacterium_helveticum,2296,2305,9
3100,Mycobacterium_helveticum,2309,2315,6
3101,Mycobacterium_helveticum,2316,2325,9
3102,Mycobacterium_helveticum,2379,2380,1
3103,Mycobacterium_helveticum,2664,2665,1
3104,Mycobacterium_helveticum,2723,2850,127
3105,Mycobacterium_helveticum,3376,3377,1
3106,Mycobacterium_helveticum,3378,3379,1
3107,Mycobacterium_helveticum,3433,3434,1
3108,Mycobacterium_parascrofulaceum,1,3,2
3109,Mycobacterium_parascrofulaceum,82,83,1
3110,Mycobacterium_parascrofulaceum,186,187,1
3111,Mycobacterium_parascrofulaceum,235,237,2
3112,Mycobacterium_parascrofulaceum,238,240,2
3113,Mycobacterium_parascrofulaceum,250,251,1
3114,Mycobacterium_parascrofulaceum,277,278,1
3115,Mycobacterium_parascrofulaceum,295,296,1
3116,Mycobacterium_parascrofulaceum,359,360,1
3117,Mycobacterium_parascrofulaceum,373,374,1
3118,Mycobacterium_parascrofulaceum,401,402,1
3119,Mycobacterium_parascrofulaceum,416,417,1
3120,Mycobacterium_parascrofulaceum,451,452,1
3121,Mycobacterium_parascrofulaceum,471,574,103
3122,Mycobacterium_parascrofulaceum,753,755,2
3123,Mycobacterium_parascrofulaceum,757,771,14
3124,Mycobacterium_parascrofulaceum,789,790,1
3125,Mycobacterium_parascrofulaceum,839,840,1
3126,Mycobacterium_parascrofulaceum,890,902,12
3127,Mycobacterium_parascrofulaceum,1010,1011,1
3128,Mycobacterium_parascrofulaceum,1068,1069,1
3129,Mycobacterium_parascrofulaceum,1168,1169,1
3130,Mycobacterium_parascrofulaceum,1185,1186,1
3131,Mycobacterium_parascrofulaceum,1187,1188,1
3132,Mycobacterium_parascrofulaceum,1190,1192,2
3133,Mycobacterium_parascrofulaceum,1211,1212,1
3134,Mycobacterium_parascrofulaceum,1237,1238,1
3135,Mycobacterium_parascrofulaceum,1398,1399,1
3136,Mycobacterium_parascrofulaceum,1430,1459,29
3137,Mycobacterium_parascrofulaceum,1491,1492,1
3138,Mycobacterium_parascrofulaceum,1515,1516,1
3139,Mycobacterium_parascrofulaceum,1707,1708,1
3140,Mycobacterium_parascrofulaceum,1748,1749,1
3141,Mycobacterium_parascrofulaceum,1751,1752,1
3142,Mycobacterium_parascrofulaceum,1756,1761,5
3143,Mycobacterium_parascrofulaceum,1773,1775,2
3144,Mycobacterium_parascrofulaceum,1776,1777,1
3145,Mycobacterium_parascrofulaceum,1784,1785,1
3146,Mycobacterium_parascrofulaceum,1789,1791,2
3147,Mycobacterium_parascrofulaceum,1802,1803,1
3148,Mycobacterium_parascrofulaceum,1918,1919,1
3149,Mycobacterium_parascrofulaceum,1954,1955,1
3150,Mycobacterium_parascrofulaceum,1993,1994,1
3151,Mycobacterium_parascrofulaceum,2132,2133,1
3152,Mycobacterium_parascrofulaceum,2136,2137,1
3153,Mycobacterium_parascrofulaceum,2138,2139,1
3154,Mycobacterium_parascrofulaceum,2143,2147,4
3155,Mycobacterium_parascrofulaceum,2150,2152,2
3156,Mycobacterium_parascrofulaceum,2162,2163,1
3157,Mycobacterium_parascrofulaceum,2285,2294,9
3158,Mycobacterium_parascrofulaceum,2296,2305,9
3159,Mycobacterium_parascrofulaceum,2309,2315,6
3160,Mycobacterium_parascrofulaceum,2316,2325,9
3161,Mycobacterium_parascrofulaceum,2379,2380,1
3162,Mycobacterium_parascrofulaceum,2663,2665,2
3163,Mycobacterium_parascrofulaceum,2723,2850,127
3164,Mycobacterium_parascrofulaceum,3376,3377,1
3165,Mycobacterium_parascrofulaceum,3378,3379,1
3166,Mycobacterium_parascrofulaceum,3433,3434,1
3167,Mycobacterium_intermedium,1,3,2
3168,Mycobacterium_intermedium,82,83,1
3169,Mycobacterium_intermedium,186,187,1
3170,Mycobacterium_intermedium,235,237,2
3171,Mycobacterium_intermedium,238,240,2
3172,Mycobacterium_intermedium,250,251,1
3173,Mycobacterium_intermedium,295,296,1
3174,Mycobacterium_intermedium,359,360,1
3175,Mycobacterium_intermedium,373,374,1
3176,Mycobacterium_intermedium,401,402,1
3177,Mycobacterium_intermedium,416,417,1
3178,Mycobacterium_intermedium,451,452,1
3179,Mycobacterium_intermedium,471,574,103
3180,Mycobacterium_intermedium,753,755,2
3181,Mycobacterium_intermedium,757,771,14
3182,Mycobacterium_intermedium,789,790,1
3183,Mycobacterium_intermedium,839,840,1
3184,Mycobacterium_intermedium,884,891,7
3185,Mycobacterium_intermedium,896,900,4
3186,Mycobacterium_intermedium,1010,1011,1
3187,Mycobacterium_intermedium,1068,1069,1
3188,Mycobacterium_intermedium,1168,1169,1
3189,Mycobacterium_intermedium,1185,1186,1
3190,Mycobacterium_intermedium,1187,1188,1
3191,Mycobacterium_intermedium,1190,1192,2
3192,Mycobacterium_intermedium,1211,1212,1
3193,Mycobacterium_intermedium,1237,1238,1
3194,Mycobacterium_intermedium,1398,1399,1
3195,Mycobacterium_intermedium,1430,1436,6
3196,Mycobacterium_intermedium,1438,1439,1
3197,Mycobacterium_intermedium,1445,1459,14
3198,Mycobacterium_intermedium,1491,1492,1
3199,Mycobacterium_intermedium,1515,1516,1
3200,Mycobacterium_intermedium,1707,1708,1
3201,Mycobacterium_intermedium,1748,1749,1
3202,Mycobacterium_intermedium,1751,1752,1
3203,Mycobacterium_intermedium,1756,1761,5
3204,Mycobacterium_intermedium,1766,1768,2
3205,Mycobacterium_intermedium,1773,1775,2
3206,Mycobacterium_intermedium,1776,1777,1
3207,Mycobacterium_intermedium,1784,1785,1
3208,Mycobacterium_intermedium,1789,1791,2
3209,Mycobacterium_intermedium,1802,1803,1
3210,Mycobacterium_intermedium,1918,1919,1
3211,Mycobacterium_intermedium,1954,1955,1
3212,Mycobacterium_intermedium,1993,1994,1
3213,Mycobacterium_intermedium,2132,2133,1
3214,Mycobacterium_intermedium,2136,2137,1
3215,Mycobacterium_intermedium,2138,2139,1
3216,Mycobacterium_intermedium,2143,2147,4
3217,Mycobacterium_intermedium,2150,2152,2
3218,Mycobacterium_intermedium,2162,2163,1
3219,Mycobacterium_intermedium,2285,2294,9
3220,Mycobacterium_intermedium,2296,2297,1
3221,Mycobacterium_intermedium,2299,2305,6
3222,Mycobacterium_intermedium,2309,2315,6
3223,Mycobacterium_intermedium,2316,2325,9
3224,Mycobacterium_intermedium,2379,2380,1
3225,Mycobacterium_intermedium,2664,2665,1
3226,Mycobacterium_intermedium,2723,2850,127
3227,Mycobacterium_intermedium,3376,3377,1
3228,Mycobacterium_intermedium,3378,3379,1
3229,Mycobacterium_intermedium,3433,3434,1
3230,Mycobacterium_asiaticum,1,3,2
3231,Mycobacterium_asiaticum,82,83,1
3232,Mycobacterium_asiaticum,186,187,1
3233,Mycobacterium_asiaticum,235,237,2
3234,Mycobacterium_asiaticum,238,240,2
3235,Mycobacterium_asiaticum,250,251,1
3236,Mycobacterium_asiaticum,295,296,1
3237,Mycobacterium_asiaticum,340,341,1
3238,Mycobacterium_asiaticum,359,360,1
3239,Mycobacterium_asiaticum,373,374,1
3240,Mycobacterium_asiaticum,401,402,1
3241,Mycobacterium_asiaticum,416,417,1
3242,Mycobacterium_asiaticum,451,452,1
3243,Mycobacterium_asiaticum,465,466,1
3244,Mycobacterium_asiaticum,472,574,102
3245,Mycobacterium_asiaticum,753,755,2
3246,Mycobacterium_asiaticum,757,771,14
3247,Mycobacterium_asiaticum,789,790,1
3248,Mycobacterium_asiaticum,839,840,1
3249,Mycobacterium_asiaticum,884,891,7
3250,Mycobacterium_asiaticum,896,900,4
3251,Mycobacterium_asiaticum,1010,1011,1
3252,Mycobacterium_asiaticum,1068,1069,1
3253,Mycobacterium_asiaticum,1168,1169,1
3254,Mycobacterium_asiaticum,1185,1186,1
3255,Mycobacterium_asiaticum,1187,1188,1
3256,Mycobacterium_asiaticum,1190,1192,2
3257,Mycobacterium_asiaticum,1211,1212,1
3258,Mycobacterium_asiaticum,1237,1238,1
3259,Mycobacterium_asiaticum,1398,1399,1
3260,Mycobacterium_asiaticum,1430,1436,6
3261,Mycobacterium_asiaticum,1438,1439,1
3262,Mycobacterium_asiaticum,1445,1459,14
3263,Mycobacterium_asiaticum,1491,1492,1
3264,Mycobacterium_asiaticum,1515,1516,1
3265,Mycobacterium_asiaticum,1707,1708,1
3266,Mycobacterium_asiaticum,1748,1749,1
3267,Mycobacterium_asiaticum,1751,1752,1
3268,Mycobacterium_asiaticum,1756,1761,5
3269,Mycobacterium_asiaticum,1766,1768,2
3270,Mycobacterium_asiaticum,1773,1775,2
3271,Mycobacterium_asiaticum,1776,1777,1
3272,Mycobacterium_asiaticum,1784,1785,1
3273,Mycobacterium_asiaticum,1789,1791,2
3274,Mycobacterium_asiaticum,1802,1803,1
3275,Mycobacterium_asiaticum,1918,1919,1
3276,Mycobacterium_asiaticum,1954,1955,1
3277,Mycobacterium_asiaticum,1993,1994,1
3278,Mycobacterium_asiaticum,2132,2133,1
3279,Mycobacterium_asiaticum,2136,2137,1
3280,Mycobacterium_asiaticum,2138,2139,1
3281,Mycobacterium_asiaticum,2143,2147,4
3282,Mycobacterium_asiaticum,2150,2152,2
3283,Mycobacterium_asiaticum,2162,2163,1
3284,Mycobacterium_asiaticum,2285,2294,9
3285,Mycobacterium_asiaticum,2296,2297,1
3286,Mycobacterium_asiaticum,2299,2305,6
3287,Mycobacterium_asiaticum,2309,2315,6
3288,Mycobacterium_asiaticum,2316,2325,9
3289,Mycobacterium_asiaticum,2379,2380,1
3290,Mycobacterium_asiaticum,2664,2665,1
3291,Mycobacterium_asiaticum,2723,2850,127
3292,Mycobacterium_asiaticum,3376,3377,1
3293,Mycobacterium_asiaticum,3378,3379,1
3294,Mycobacterium_asiaticum,3433,3434,1
3295,Mycobacterium_gordonae,1,3,2
3296,Mycobacterium_gordonae,82,83,1
3297,Mycobacterium_gordonae,186,187,1
3298,Mycobacterium_gordonae,235,237,2
3299,Mycobacterium_gordonae,238,240,2
3300,Mycobacterium_gordonae,250,251,1
3301,Mycobacterium_gordonae,277,278,1
3302,Mycobacterium_gordonae,295,296,1
3303,Mycobacterium_gordonae,340,341,1
3304,Mycobacterium_gordonae,359,360,1
3305,Mycobacterium_gordonae,373,374,1
3306,Mycobacterium_gordonae,401,402,1
3307,Mycobacterium_gordonae,416,417,1
3308,Mycobacterium_gordonae,451,452,1
3309,Mycobacterium_gordonae,465,466,1
3310,Mycobacterium_gordonae,472,574,102
3311,Mycobacterium_gordonae,753,755,2
3312,Mycobacterium_gordonae,757,771,14
3313,Mycobacterium_gordonae,789,790,1
3314,Mycobacterium_gordonae,839,840,1
3315,Mycobacterium_gordonae,884,891,7
3316,Mycobacterium_gordonae,896,900,4
3317,Mycobacterium_gordonae,1010,1011,1
3318,Mycobacterium_gordonae,1068,1069,1
3319,Mycobacterium_gordonae,1168,1169,1
3320,Mycobacterium_gordonae,1185,1186,1
3321,Mycobacterium_gordonae,1187,1188,1
3322,Mycobacterium_gordonae,1190,1192,2
3323,Mycobacterium_gordonae,1211,1212,1
3324,Mycobacterium_gordonae,1237,1238,1
3325,Mycobacterium_gordonae,1398,1399,1
3326,Mycobacterium_gordonae,1430,1436,6
3327,Mycobacterium_gordonae,1438,1439,1
3328,Mycobacterium_gordonae,1445,1459,14
3329,Mycobacterium_gordonae,1491,1492,1
3330,Mycobacterium_gordonae,1515,1516,1
3331,Mycobacterium_gordonae,1707,1708,1
3332,Mycobacterium_gordonae,1748,1749,1
3333,Mycobacterium_gordonae,1751,1752,1
3334,Mycobacterium_gordonae,1756,1761,5
3335,Mycobacterium_gordonae,1766,1768,2
3336,Mycobacterium_gordonae,1773,1775,2
3337,Mycobacterium_gordonae,1776,1777,1
3338,Mycobacterium_gordonae,1784,1785,1
3339,Mycobacterium_gordonae,1789,1791,2
3340,Mycobacterium_gordonae,1802,1803,1
3341,Mycobacterium_gordonae,1918,1919,1
3342,Mycobacterium_gordonae,1954,1955,1
3343,Mycobacterium_gordonae,1993,1994,1
3344,Mycobacterium_gordonae,2132,2133,1
3345,Mycobacterium_gordonae,2136,2137,1
3346,Mycobacterium_gordonae,2138,2139,1
3347,Mycobacterium_gordonae,2143,2147,4
3348,Mycobacterium_gordonae,2150,2152,2
3349,Mycobacterium_gordonae,2162,2163,1
3350,Mycobacterium_gordonae,2285,2294,9
3351,Mycobacterium_gordonae,2296,2297,1
3352,Mycobacterium_gordonae,2299,2305,6
3353,Mycobacterium_gordonae,2309,2315,6
3354,Mycobacterium_gordonae,2316,2325,9
3355,Mycobacterium_gordonae,2379,2380,1
3356,Mycobacterium_gordonae,2664,2665,1
3357,Mycobacterium_gordonae,2723,2850,127
3358,Mycobacterium_gordonae,3376,3377,1
3359,Mycobacterium_gordonae,3378,3379,1
3360,Mycobacterium_gordonae,3433,3434,1
3361,Mycobacterium_scrofulaceum,1,3,2
3362,Mycobacterium_scrofulaceum,82,83,1
3363,Mycobacterium_scrofulaceum,186,187,1
3364,Mycobacterium_scrofulaceum,235,237,2
3365,Mycobacterium_scrofulaceum,238,240,2
3366,Mycobacterium_scrofulaceum,250,251,1
3367,Mycobacterium_scrofulaceum,277,278,1
3368,Mycobacterium_scrofulaceum,295,296,1
3369,Mycobacterium_scrofulaceum,359,360,1
3370,Mycobacterium_scrofulaceum,373,374,1
3371,Mycobacterium_scrofulaceum,401,402,1
3372,Mycobacterium_scrofulaceum,416,417,1
3373,Mycobacterium_scrofulaceum,451,452,1
3374,Mycobacterium_scrofulaceum,471,574,103
3375,Mycobacterium_scrofulaceum,753,755,2
3376,Mycobacterium_scrofulaceum,757,771,14
3377,Mycobacterium_scrofulaceum,789,790,1
3378,Mycobacterium_scrofulaceum,839,840,1
3379,Mycobacterium_scrofulaceum,890,902,12
3380,Mycobacterium_scrofulaceum,1010,1011,1
3381,Mycobacterium_scrofulaceum,1068,1069,1
3382,Mycobacterium_scrofulaceum,1168,1169,1
3383,Mycobacterium_scrofulaceum,1185,1186,1
3384,Mycobacterium_scrofulaceum,1187,1188,1
3385,Mycobacterium_scrofulaceum,1190,1192,2
3386,Mycobacterium_scrofulaceum,1211,1212,1
3387,Mycobacterium_scrofulaceum,1237,1238,1
3388,Mycobacterium_scrofulaceum,1398,1399,1
3389,Mycobacterium_scrofulaceum,1430,1459,29
3390,Mycobacterium_scrofulaceum,1491,1492,1
3391,Mycobacterium_scrofulaceum,1515,1516,1
3392,Mycobacterium_scrofulaceum,1707,1708,1
3393,Mycobacterium_scrofulaceum,1748,1749,1
3394,Mycobacterium_scrofulaceum,1751,1752,1
3395,Mycobacterium_scrofulaceum,1756,1761,5
3396,Mycobacterium_scrofulaceum,1773,1775,2
3397,Mycobacterium_scrofulaceum,1776,1777,1
3398,Mycobacterium_scrofulaceum,1784,1785,1
3399,Mycobacterium_scrofulaceum,1789,1791,2
3400,Mycobacterium_scrofulaceum,1802,1803,1
3401,Mycobacterium_scrofulaceum,1918,1919,1
3402,Mycobacterium_scrofulaceum,1954,1955,1
3403,Mycobacterium_scrofulaceum,1993,1994,1
3404,Mycobacterium_scrofulaceum,2132,2133,1
3405,Mycobacterium_scrofulaceum,2136,2137,1
3406,Mycobacterium_scrofulaceum,2138,2139,1
3407,Mycobacterium_scrofulaceum,2143,2147,4
3408,Mycobacterium_scrofulaceum,2150,2152,2
3409,Mycobacterium_scrofulaceum,2162,2163,1
3410,Mycobacterium_scrofulaceum,2285,2294,9
3411,Mycobacterium_scrofulaceum,2296,2305,9
3412,Mycobacterium_scrofulaceum,2309,2315,6
3413,Mycobacterium_scrofulaceum,2316,2325,9
3414,Mycobacterium_scrofulaceum,2379,2380,1
3415,Mycobacterium_scrofulaceum,2663,2665,2
3416,Mycobacterium_scrofulaceum,2723,2850,127
3417,Mycobacterium_scrofulaceum,3376,3377,1
3418,Mycobacterium_scrofulaceum,3378,3379,1
3419,Mycobacterium_scrofulaceum,3433,3434,1
3420,Mycobacterium_paragordonae,1,3,2
3421,Mycobacterium_paragordonae,82,83,1
3422,Mycobacterium_paragordonae,186,187,1
3423,Mycobacterium_paragordonae,235,237,2
3424,Mycobacterium_paragordonae,238,240,2
3425,Mycobacterium_paragordonae,250,251,1
3426,Mycobacterium_paragordonae,277,278,1
3427,Mycobacterium_paragordonae,295,296,1
3428,Mycobacterium_paragordonae,340,341,1
3429,Mycobacterium_paragordonae,359,360,1
3430,Mycobacterium_paragordonae,373,374,1
3431,Mycobacterium_paragordonae,401,402,1
3432,Mycobacterium_paragordonae,416,417,1
3433,Mycobacterium_paragordonae,451,452,1
3434,Mycobacterium_paragordonae,465,466,1
3435,Mycobacterium_paragordonae,472,574,102
3436,Mycobacterium_paragordonae,753,755,2
3437,Mycobacterium_paragordonae,757,771,14
3438,Mycobacterium_paragordonae,789,790,1
3439,Mycobacterium_paragordonae,839,840,1
3440,Mycobacterium_paragordonae,884,891,7
3441,Mycobacterium_paragordonae,896,900,4
3442,Mycobacterium_paragordonae,1010,1011,1
3443,Mycobacterium_paragordonae,1068,1069,1
3444,Mycobacterium_paragordonae,1168,1169,1
3445,Mycobacterium_paragordonae,1185,1186,1
3446,Mycobacterium_paragordonae,1187,1188,1
3447,Mycobacterium_paragordonae,1190,1192,2
3448,Mycobacterium_paragordonae,1211,1212,1
3449,Mycobacterium_paragordonae,1237,1238,1
3450,Mycobacterium_paragordonae,1398,1399,1
3451,Mycobacterium_paragordonae,1430,1436,6
3452,Mycobacterium_paragordonae,1438,1439,1
3453,Mycobacterium_paragordonae,1445,1459,14
3454,Mycobacterium_paragordonae,1491,1492,1
3455,Mycobacterium_paragordonae,1515,1516,1
3456,Mycobacterium_paragordonae,1707,1708,1
3457,Mycobacterium_paragordonae,1748,1749,1
3458,Mycobacterium_paragordonae,1751,1752,1
3459,Mycobacterium_paragordonae,1756,1761,5
3460,Mycobacterium_paragordonae,1766,1768,2
3461,Mycobacterium_paragordonae,1773,1775,2
3462,Mycobacterium_paragordonae,1776,1777,1
3463,Mycobacterium_paragordonae,1784,1785,1
3464,Mycobacterium_paragordonae,1789,1791,2
3465,Mycobacterium_paragordonae,1802,1803,1
3466,Mycobacterium_paragordonae,1918,1919,1
3467,Mycobacterium_paragordonae,1954,1955,1
3468,Mycobacterium_paragordonae,1993,1994,1
3469,Mycobacterium_paragordonae,2132,2133,1
3470,Mycobacterium_paragordonae,2136,2137,1
3471,Mycobacterium_paragordonae,2138,2139,1
3472,Mycobacterium_paragordonae,2143,2147,4
3473,Mycobacterium_paragordonae,2150,2152,2
3474,Mycobacterium_paragordonae,2162,2163,1
3475,Mycobacterium_paragordonae,2285,2294,9
3476,Mycobacterium_paragordonae,2296,2297,1
3477,Mycobacterium_paragordonae,2299,2305,6
3478,Mycobacterium_paragordonae,2309,2315,6
3479,Mycobacterium_paragordonae,2316,2325,9
3480,Mycobacterium_paragordonae,2379,2380,1
3481,Mycobacterium_paragordonae,2664,2665,1
3482,Mycobacterium_paragordonae,2723,2850,127
3483,Mycobacterium_paragordonae,3376,3377,1
3484,Mycobacterium_paragordonae,3378,3379,1
3485,Mycobacterium_paragordonae,3433,3434,1
3486,Mycobacterium_lepromatosis,1,3,2
3487,Mycobacterium_lepromatosis,82,83,1
3488,Mycobacterium_lepromatosis,186,187,1
3489,Mycobacterium_lepromatosis,235,237,2
3490,Mycobacterium_lepromatosis,238,240,2
3491,Mycobacterium_lepromatosis,250,251,1
3492,Mycobacterium_lepromatosis,295,296,1
3493,Mycobacterium_lepromatosis,359,360,1
3494,Mycobacterium_lepromatosis,373,374,1
3495,Mycobacterium_lepromatosis,401,402,1
3496,Mycobacterium_lepromatosis,416,417,1
3497,Mycobacterium_lepromatosis,451,452,1
3498,Mycobacterium_lepromatosis,471,574,103
3499,Mycobacterium_lepromatosis,753,755,2
3500,Mycobacterium_lepromatosis,757,771,14
3501,Mycobacterium_lepromatosis,789,790,1
3502,Mycobacterium_lepromatosis,839,840,1
3503,Mycobacterium_lepromatosis,883,891,8
3504,Mycobacterium_lepromatosis,896,897,1
3505,Mycobacterium_lepromatosis,1010,1011,1
3506,Mycobacterium_lepromatosis,1068,1069,1
3507,Mycobacterium_lepromatosis,1168,1169,1
3508,Mycobacterium_lepromatosis,1185,1186,1
3509,Mycobacterium_lepromatosis,1187,1188,1
3510,Mycobacterium_lepromatosis,1190,1192,2
3511,Mycobacterium_lepromatosis,1211,1212,1
3512,Mycobacterium_lepromatosis,1237,1238,1
3513,Mycobacterium_lepromatosis,1398,1399,1
3514,Mycobacterium_lepromatosis,1430,1436,6
3515,Mycobacterium_lepromatosis,1438,1439,1
3516,Mycobacterium_lepromatosis,1445,1446,1
3517,Mycobacterium_lepromatosis,1448,1455,7
3518,Mycobacterium_lepromatosis,1457,1458,1
3519,Mycobacterium_lepromatosis,1491,1492,1
3520,Mycobacterium_lepromatosis,1515,1516,1
3521,Mycobacterium_lepromatosis,1707,1708,1
3522,Mycobacterium_lepromatosis,1748,1749,1
3523,Mycobacterium_lepromatosis,1756,1761,5
3524,Mycobacterium_lepromatosis,1774,1775,1
3525,Mycobacterium_lepromatosis,1776,1777,1
3526,Mycobacterium_lepromatosis,1784,1785,1
3527,Mycobacterium_lepromatosis,1789,1791,2
3528,Mycobacterium_lepromatosis,1802,1803,1
3529,Mycobacterium_lepromatosis,1918,1919,1
3530,Mycobacterium_lepromatosis,1954,1955,1
3531,Mycobacterium_lepromatosis,1993,1994,1
3532,Mycobacterium_lepromatosis,2132,2133,1
3533,Mycobacterium_lepromatosis,2136,2137,1
3534,Mycobacterium_lepromatosis,2138,2139,1
3535,Mycobacterium_lepromatosis,2143,2147,4
3536,Mycobacterium_lepromatosis,2150,2152,2
3537,Mycobacterium_lepromatosis,2162,2163,1
3538,Mycobacterium_lepromatosis,2285,2294,9
3539,Mycobacterium_lepromatosis,2296,2297,1
3540,Mycobacterium_lepromatosis,2299,2305,6
3541,Mycobacterium_lepromatosis,2309,2315,6
3542,Mycobacterium_lepromatosis,2316,2325,9
3543,Mycobacterium_lepromatosis,2379,2380,1
3544,Mycobacterium_lepromatosis,2664,2665,1
3545,Mycobacterium_lepromatosis,2723,2850,127
3546,Mycobacterium_lepromatosis,3376,3377,1
3547,Mycobacterium_lepromatosis,3378,3379,1
3548,Mycobacterium_lepromatosis,3433,3434,1
3549,Mycobacterium_saskatchewanense,1,3,2
3550,Mycobacterium_saskatchewanense,82,83,1
3551,Mycobacterium_saskatchewanense,186,187,1
3552,Mycobacterium_saskatchewanense,235,237,2
3553,Mycobacterium_saskatchewanense,238,240,2
3554,Mycobacterium_saskatchewanense,250,251,1
3555,Mycobacterium_saskatchewanense,277,278,1
3556,Mycobacterium_saskatchewanense,295,296,1
3557,Mycobacterium_saskatchewanense,359,360,1
3558,Mycobacterium_saskatchewanense,373,374,1
3559,Mycobacterium_saskatchewanense,401,402,1
3560,Mycobacterium_saskatchewanense,416,417,1
3561,Mycobacterium_saskatchewanense,451,452,1
3562,Mycobacterium_saskatchewanense,471,574,103
3563,Mycobacterium_saskatchewanense,753,755,2
3564,Mycobacterium_saskatchewanense,757,771,14
3565,Mycobacterium_saskatchewanense,789,790,1
3566,Mycobacterium_saskatchewanense,839,840,1
3567,Mycobacterium_saskatchewanense,890,902,12
3568,Mycobacterium_saskatchewanense,1010,1011,1
3569,Mycobacterium_saskatchewanense,1068,1069,1
3570,Mycobacterium_saskatchewanense,1168,1169,1
3571,Mycobacterium_saskatchewanense,1185,1186,1
3572,Mycobacterium_saskatchewanense,1187,1188,1
3573,Mycobacterium_saskatchewanense,1190,1192,2
3574,Mycobacterium_saskatchewanense,1211,1212,1
3575,Mycobacterium_saskatchewanense,1237,1238,1
3576,Mycobacterium_saskatchewanense,1398,1399,1
3577,Mycobacterium_saskatchewanense,1430,1459,29
3578,Mycobacterium_saskatchewanense,1491,1492,1
3579,Mycobacterium_saskatchewanense,1515,1516,1
3580,Mycobacterium_saskatchewanense,1707,1708,1
3581,Mycobacterium_saskatchewanense,1748,1749,1
3582,Mycobacterium_saskatchewanense,1751,1752,1
3583,Mycobacterium_saskatchewanense,1756,1761,5
3584,Mycobacterium_saskatchewanense,1773,1775,2
3585,Mycobacterium_saskatchewanense,1776,1777,1
3586,Mycobacterium_saskatchewanense,1784,1785,1
3587,Mycobacterium_saskatchewanense,1789,1791,2
3588,Mycobacterium_saskatchewanense,1802,1803,1
3589,Mycobacterium_saskatchewanense,1915,1916,1
3590,Mycobacterium_saskatchewanense,1918,1919,1
3591,Mycobacterium_saskatchewanense,1954,1955,1
3592,Mycobacterium_saskatchewanense,1993,1994,1
3593,Mycobacterium_saskatchewanense,2132,2133,1
3594,Mycobacterium_saskatchewanense,2136,2137,1
3595,Mycobacterium_saskatchewanense,2138,2140,2
3596,Mycobacterium_saskatchewanense,2143,2147,4
3597,Mycobacterium_saskatchewanense,2150,2152,2
3598,Mycobacterium_saskatchewanense,2162,2163,1
3599,Mycobacterium_saskatchewanense,2285,2294,9
3600,Mycobacterium_saskatchewanense,2296,2305,9
3601,Mycobacterium_saskatchewanense,2309,2315,6
3602,Mycobacterium_saskatchewanense,2316,2325,9
3603,Mycobacterium_saskatchewanense,2379,2380,1
3604,Mycobacterium_saskatchewanense,2663,2665,2
3605,Mycobacterium_saskatchewanense,2723,2850,127
3606,Mycobacterium_saskatchewanense,3376,3377,1
3607,Mycobacterium_saskatchewanense,3378,3379,1
3608,Mycobacterium_saskatchewanense,3433,3434,1
3609,Mycobacterium_angelicum,82,83,1
3610,Mycobacterium_angelicum,186,187,1
3611,Mycobacterium_angelicum,235,237,2
3612,Mycobacterium_angelicum,238,240,2
3613,Mycobacterium_angelicum,250,251,1
3614,Mycobacterium_angelicum,295,296,1
3615,Mycobacterium_angelicum,336,337,1
3616,Mycobacterium_angelicum,359,360,1
3617,Mycobacterium_angelicum,373,374,1
3618,Mycobacterium_angelicum,401,402,1
3619,Mycobacterium_angelicum,416,417,1
3620,Mycobacterium_angelicum,451,452,1
3621,Mycobacterium_angelicum,471,574,103
3622,Mycobacterium_angelicum,753,755,2
3623,Mycobacterium_angelicum,757,771,14
3624,Mycobacterium_angelicum,789,790,1
3625,Mycobacterium_angelicum,839,840,1
3626,Mycobacterium_angelicum,884,891,7
3627,Mycobacterium_angelicum,896,900,4
3628,Mycobacterium_angelicum,1010,1011,1
3629,Mycobacterium_angelicum,1068,1069,1
3630,Mycobacterium_angelicum,1168,1169,1
3631,Mycobacterium_angelicum,1185,1186,1
3632,Mycobacterium_angelicum,1187,1188,1
3633,Mycobacterium_angelicum,1190,1192,2
3634,Mycobacterium_angelicum,1211,1212,1
3635,Mycobacterium_angelicum,1237,1238,1
3636,Mycobacterium_angelicum,1398,1399,1
3637,Mycobacterium_angelicum,1430,1459,29
3638,Mycobacterium_angelicum,1491,1492,1
3639,Mycobacterium_angelicum,1515,1516,1
3640,Mycobacterium_angelicum,1707,1708,1
3641,Mycobacterium_angelicum,1748,1749,1
3642,Mycobacterium_angelicum,1751,1752,1
3643,Mycobacterium_angelicum,1756,1761,5
3644,Mycobacterium_angelicum,1766,1768,2
3645,Mycobacterium_angelicum,1773,1775,2
3646,Mycobacterium_angelicum,1776,1777,1
3647,Mycobacterium_angelicum,1784,1785,1
3648,Mycobacterium_angelicum,1789,1791,2
3649,Mycobacterium_angelicum,1802,1803,1
3650,Mycobacterium_angelicum,1918,1919,1
3651,Mycobacterium_angelicum,1954,1955,1
3652,Mycobacterium_angelicum,1993,1994,1
3653,Mycobacterium_angelicum,2132,2133,1
3654,Mycobacterium_angelicum,2136,2137,1
3655,Mycobacterium_angelicum,2138,2139,1
3656,Mycobacterium_angelicum,2143,2147,4
3657,Mycobacterium_angelicum,2150,2152,2
3658,Mycobacterium_angelicum,2162,2163,1
3659,Mycobacterium_angelicum,2285,2294,9
3660,Mycobacterium_angelicum,2296,2297,1
3661,Mycobacterium_angelicum,2299,2305,6
3662,Mycobacterium_angelicum,2309,2315,6
3663,Mycobacterium_angelicum,2316,2325,9
3664,Mycobacterium_angelicum,2379,2380,1
3665,Mycobacterium_angelicum,2664,2665,1
3666,Mycobacterium_angelicum,2723,2850,127
3667,Mycobacterium_angelicum,3376,3377,1
3668,Mycobacterium_angelicum,3378,3379,1
3669,Mycobacterium_angelicum,3433,3434,1
3670,Mycobacterium_conspicuum,1,3,2
3671,Mycobacterium_conspicuum,82,83,1
3672,Mycobacterium_conspicuum,186,187,1
3673,Mycobacterium_conspicuum,235,237,2
3674,Mycobacterium_conspicuum,238,240,2
3675,Mycobacterium_conspicuum,250,251,1
3676,Mycobacterium_conspicuum,277,278,1
3677,Mycobacterium_conspicuum,295,296,1
3678,Mycobacterium_conspicuum,336,337,1
3679,Mycobacterium_conspicuum,359,360,1
3680,Mycobacterium_conspicuum,373,374,1
3681,Mycobacterium_conspicuum,401,402,1
3682,Mycobacterium_conspicuum,416,417,1
3683,Mycobacterium_conspicuum,451,452,1
3684,Mycobacterium_conspicuum,471,574,103
3685,Mycobacterium_conspicuum,753,755,2
3686,Mycobacterium_conspicuum,757,771,14
3687,Mycobacterium_conspicuum,789,790,1
3688,Mycobacterium_conspicuum,839,840,1
3689,Mycobacterium_conspicuum,883,908,25
3690,Mycobacterium_conspicuum,1010,1011,1
3691,Mycobacterium_conspicuum,1068,1069,1
3692,Mycobacterium_conspicuum,1168,1169,1
3693,Mycobacterium_conspicuum,1185,1186,1
3694,Mycobacterium_conspicuum,1187,1188,1
3695,Mycobacterium_conspicuum,1190,1192,2
3696,Mycobacterium_conspicuum,1211,1212,1
3697,Mycobacterium_conspicuum,1237,1238,1
3698,Mycobacterium_conspicuum,1398,1399,1
3699,Mycobacterium_conspicuum,1430,1459,29
3700,Mycobacterium_conspicuum,1491,1492,1
3701,Mycobacterium_conspicuum,1515,1516,1
3702,Mycobacterium_conspicuum,1707,1708,1
3703,Mycobacterium_conspicuum,1748,1749,1
3704,Mycobacterium_conspicuum,1751,1752,1
3705,Mycobacterium_conspicuum,1756,1761,5
3706,Mycobacterium_conspicuum,1772,1777,5
3707,Mycobacterium_conspicuum,1784,1785,1
3708,Mycobacterium_conspicuum,1789,1791,2
3709,Mycobacterium_conspicuum,1802,1803,1
3710,Mycobacterium_conspicuum,1918,1920,2
3711,Mycobacterium_conspicuum,1954,1955,1
3712,Mycobacterium_conspicuum,1993,1994,1
3713,Mycobacterium_conspicuum,2132,2133,1
3714,Mycobacterium_conspicuum,2136,2137,1
3715,Mycobacterium_conspicuum,2138,2139,1
3716,Mycobacterium_conspicuum,2143,2147,4
3717,Mycobacterium_conspicuum,2150,2152,2
3718,Mycobacterium_conspicuum,2162,2163,1
3719,Mycobacterium_conspicuum,2285,2294,9
3720,Mycobacterium_conspicuum,2296,2297,1
3721,Mycobacterium_conspicuum,2299,2305,6
3722,Mycobacterium_conspicuum,2309,2315,6
3723,Mycobacterium_conspicuum,2316,2325,9
3724,Mycobacterium_conspicuum,2379,2380,1
3725,Mycobacterium_conspicuum,2664,2665,1
3726,Mycobacterium_conspicuum,2723,2850,127
3727,Mycobacterium_conspicuum,3376,3377,1
3728,Mycobacterium_conspicuum,3378,3379,1
3729,Mycobacterium_conspicuum,3433,3434,1
3730,Mycobacterium_szulgai,1,3,2
3731,Mycobacterium_szulgai,82,83,1
3732,Mycobacterium_szulgai,186,187,1
3733,Mycobacterium_szulgai,235,237,2
3734,Mycobacterium_szulgai,238,240,2
3735,Mycobacterium_szulgai,250,251,1
3736,Mycobacterium_szulgai,295,296,1
3737,Mycobacterium_szulgai,336,337,1
3738,Mycobacterium_szulgai,359,360,1
3739,Mycobacterium_szulgai,373,374,1
3740,Mycobacterium_szulgai,401,402,1
3741,Mycobacterium_szulgai,416,417,1
3742,Mycobacterium_szulgai,451,452,1
3743,Mycobacterium_szulgai,471,574,103
3744,Mycobacterium_szulgai,753,755,2
3745,Mycobacterium_szulgai,757,771,14
3746,Mycobacterium_szulgai,789,790,1
3747,Mycobacterium_szulgai,839,840,1
3748,Mycobacterium_szulgai,884,891,7
3749,Mycobacterium_szulgai,896,900,4
3750,Mycobacterium_szulgai,1010,1011,1
3751,Mycobacterium_szulgai,1068,1069,1
3752,Mycobacterium_szulgai,1168,1169,1
3753,Mycobacterium_szulgai,1185,1186,1
3754,Mycobacterium_szulgai,1187,1188,1
3755,Mycobacterium_szulgai,1190,1192,2
3756,Mycobacterium_szulgai,1211,1212,1
3757,Mycobacterium_szulgai,1237,1238,1
3758,Mycobacterium_szulgai,1398,1399,1
3759,Mycobacterium_szulgai,1430,1459,29
3760,Mycobacterium_szulgai,1491,1492,1
3761,Mycobacterium_szulgai,1515,1516,1
3762,Mycobacterium_szulgai,1707,1708,1
3763,Mycobacterium_szulgai,1748,1749,1
3764,Mycobacterium_szulgai,1751,1752,1
3765,Mycobacterium_szulgai,1756,1761,5
3766,Mycobacterium_szulgai,1766,1768,2
3767,Mycobacterium_szulgai,1773,1775,2
3768,Mycobacterium_szulgai,1776,1777,1
3769,Mycobacterium_szulgai,1784,1785,1
3770,Mycobacterium_szulgai,1789,1791,2
3771,Mycobacterium_szulgai,1802,1803,1
3772,Mycobacterium_szulgai,1918,1919,1
3773,Mycobacterium_szulgai,1954,1955,1
3774,Mycobacterium_szulgai,1993,1994,1
3775,Mycobacterium_szulgai,2132,2133,1
3776,Mycobacterium_szulgai,2136,2137,1
3777,Mycobacterium_szulgai,2138,2139,1
3778,Mycobacterium_szulgai,2143,2147,4
3779,Mycobacterium_szulgai,2150,2152,2
3780,Mycobacterium_szulgai,2162,2163,1
3781,Mycobacterium_szulgai,2285,2294,9
3782,Mycobacterium_szulgai,2296,2297,1
3783,Mycobacterium_szulgai,2299,2305,6
3784,Mycobacterium_szulgai,2309,2315,6
3785,Mycobacterium_szulgai,2316,2325,9
3786,Mycobacterium_szulgai,2379,2380,1
3787,Mycobacterium_szulgai,2664,2665,1
3788,Mycobacterium_szulgai,3376,3377,1
3789,Mycobacterium_szulgai,3378,3379,1
3790,Mycobacterium_szulgai,3433,3434,1
3791,Mycobacterium_triplex,1,3,2
3792,Mycobacterium_triplex,82,83,1
3793,Mycobacterium_triplex,186,187,1
3794,Mycobacterium_triplex,235,237,2
3795,Mycobacterium_triplex,238,240,2
3796,Mycobacterium_triplex,250,251,1
3797,Mycobacterium_triplex,277,278,1
3798,Mycobacterium_triplex,295,296,1
3799,Mycobacterium_triplex,359,360,1
3800,Mycobacterium_triplex,373,374,1
3801,Mycobacterium_triplex,401,402,1
3802,Mycobacterium_triplex,416,417,1
3803,Mycobacterium_triplex,451,452,1
3804,Mycobacterium_triplex,471,574,103
3805,Mycobacterium_triplex,753,755,2
3806,Mycobacterium_triplex,757,771,14
3807,Mycobacterium_triplex,789,790,1
3808,Mycobacterium_triplex,839,840,1
3809,Mycobacterium_triplex,883,908,25
3810,Mycobacterium_triplex,1010,1011,1
3811,Mycobacterium_triplex,1068,1069,1
3812,Mycobacterium_triplex,1168,1169,1
3813,Mycobacterium_triplex,1185,1186,1
3814,Mycobacterium_triplex,1187,1188,1
3815,Mycobacterium_triplex,1190,1192,2
3816,Mycobacterium_triplex,1211,1212,1
3817,Mycobacterium_triplex,1237,1238,1
3818,Mycobacterium_triplex,1398,1399,1
3819,Mycobacterium_triplex,1430,1459,29
3820,Mycobacterium_triplex,1491,1492,1
3821,Mycobacterium_triplex,1515,1516,1
3822,Mycobacterium_triplex,1707,1708,1
3823,Mycobacterium_triplex,1748,1749,1
3824,Mycobacterium_triplex,1751,1752,1
3825,Mycobacterium_triplex,1756,1761,5
3826,Mycobacterium_triplex,1772,1777,5
3827,Mycobacterium_triplex,1784,1785,1
3828,Mycobacterium_triplex,1789,1791,2
3829,Mycobacterium_triplex,1802,1803,1
3830,Mycobacterium_triplex,1918,1920,2
3831,Mycobacterium_triplex,1954,1955,1
3832,Mycobacterium_triplex,1993,1994,1
3833,Mycobacterium_triplex,2132,2133,1
3834,Mycobacterium_triplex,2136,2137,1
3835,Mycobacterium_triplex,2138,2139,1
3836,Mycobacterium_triplex,2143,2147,4
3837,Mycobacterium_triplex,2150,2152,2
3838,Mycobacterium_triplex,2162,2163,1
3839,Mycobacterium_triplex,2285,2294,9
3840,Mycobacterium_triplex,2296,2297,1
3841,Mycobacterium_triplex,2299,2305,6
3842,Mycobacterium_triplex,2309,2315,6
3843,Mycobacterium_triplex,2316,2325,9
3844,Mycobacterium_triplex,2379,2380,1
3845,Mycobacterium_triplex,2663,2665,2
3846,Mycobacterium_triplex,2723,2850,127
3847,Mycobacterium_triplex,3376,3377,1
3848,Mycobacterium_triplex,3378,3379,1
3849,Mycobacterium_triplex,3433,3434,1
3850,Mycobacterium_shigaense,1,3,2
3851,Mycobacterium_shigaense,82,83,1
3852,Mycobacterium_shigaense,186,187,1
3853,Mycobacterium_shigaense,235,237,2
3854,Mycobacterium_shigaense,238,240,2
3855,Mycobacterium_shigaense,250,251,1
3856,Mycobacterium_shigaense,277,278,1
3857,Mycobacterium_shigaense,295,296,1
3858,Mycobacterium_shigaense,359,360,1
3859,Mycobacterium_shigaense,373,374,1
3860,Mycobacterium_shigaense,401,402,1
3861,Mycobacterium_shigaense,416,417,1
3862,Mycobacterium_shigaense,451,452,1
3863,Mycobacterium_shigaense,471,574,103
3864,Mycobacterium_shigaense,753,755,2
3865,Mycobacterium_shigaense,757,771,14
3866,Mycobacterium_shigaense,789,790,1
3867,Mycobacterium_shigaense,839,840,1
3868,Mycobacterium_shigaense,883,908,25
3869,Mycobacterium_shigaense,1010,1011,1
3870,Mycobacterium_shigaense,1068,1069,1
3871,Mycobacterium_shigaense,1168,1169,1
3872,Mycobacterium_shigaense,1185,1186,1
3873,Mycobacterium_shigaense,1187,1188,1
3874,Mycobacterium_shigaense,1190,1192,2
3875,Mycobacterium_shigaense,1211,1212,1
3876,Mycobacterium_shigaense,1237,1238,1
3877,Mycobacterium_shigaense,1398,1399,1
3878,Mycobacterium_shigaense,1430,1459,29
3879,Mycobacterium_shigaense,1491,1492,1
3880,Mycobacterium_shigaense,1515,1516,1
3881,Mycobacterium_shigaense,1707,1708,1
3882,Mycobacterium_shigaense,1748,1749,1
3883,Mycobacterium_shigaense,1751,1752,1
3884,Mycobacterium_shigaense,1756,1761,5
3885,Mycobacterium_shigaense,1772,1777,5
3886,Mycobacterium_shigaense,1784,1785,1
3887,Mycobacterium_shigaense,1789,1791,2
3888,Mycobacterium_shigaense,1802,1803,1
3889,Mycobacterium_shigaense,1918,1920,2
3890,Mycobacterium_shigaense,1954,1955,1
3891,Mycobacterium_shigaense,1993,1994,1
3892,Mycobacterium_shigaense,2132,2133,1
3893,Mycobacterium_shigaense,2136,2137,1
3894,Mycobacterium_shigaense,2138,2139,1
3895,Mycobacterium_shigaense,2143,2147,4
3896,Mycobacterium_shigaense,2150,2152,2
3897,Mycobacterium_shigaense,2162,2163,1
3898,Mycobacterium_shigaense,2285,2294,9
3899,Mycobacterium_shigaense,2296,2297,1
3900,Mycobacterium_shigaense,2299,2305,6
3901,Mycobacterium_shigaense,2309,2315,6
3902,Mycobacterium_shigaense,2316,2325,9
3903,Mycobacterium_shigaense,2379,2380,1
3904,Mycobacterium_shigaense,2664,2665,1
3905,Mycobacterium_shigaense,2723,2850,127
3906,Mycobacterium_shigaense,3376,3377,1
3907,Mycobacterium_shigaense,3378,3379,1
3908,Mycobacterium_shigaense,3433,3434,1
3909,Mycobacterium_genavense,1,3,2
3910,Mycobacterium_genavense,82,83,1
3911,Mycobacterium_genavense,186,187,1
3912,Mycobacterium_genavense,235,237,2
3913,Mycobacterium_genavense,238,240,2
3914,Mycobacterium_genavense,277,278,1
3915,Mycobacterium_genavense,295,296,1
3916,Mycobacterium_genavense,340,341,1
3917,Mycobacterium_genavense,359,360,1
3918,Mycobacterium_genavense,373,374,1
3919,Mycobacterium_genavense,401,402,1
3920,Mycobacterium_genavense,416,417,1
3921,Mycobacterium_genavense,451,452,1
3922,Mycobacterium_genavense,464,465,1
3923,Mycobacterium_genavense,471,574,103
3924,Mycobacterium_genavense,753,755,2
3925,Mycobacterium_genavense,757,771,14
3926,Mycobacterium_genavense,789,790,1
3927,Mycobacterium_genavense,839,840,1
3928,Mycobacterium_genavense,883,908,25
3929,Mycobacterium_genavense,1010,1011,1
3930,Mycobacterium_genavense,1068,1069,1
3931,Mycobacterium_genavense,1168,1169,1
3932,Mycobacterium_genavense,1185,1186,1
3933,Mycobacterium_genavense,1187,1188,1
3934,Mycobacterium_genavense,1190,1192,2
3935,Mycobacterium_genavense,1211,1212,1
3936,Mycobacterium_genavense,1237,1238,1
3937,Mycobacterium_genavense,1398,1399,1
3938,Mycobacterium_genavense,1430,1459,29
3939,Mycobacterium_genavense,1491,1492,1
3940,Mycobacterium_genavense,1515,1516,1
3941,Mycobacterium_genavense,1707,1708,1
3942,Mycobacterium_genavense,1748,1749,1
3943,Mycobacterium_genavense,1751,1752,1
3944,Mycobacterium_genavense,1756,1761,5
3945,Mycobacterium_genavense,1772,1777,5
3946,Mycobacterium_genavense,1784,1785,1
3947,Mycobacterium_genavense,1789,1791,2
3948,Mycobacterium_genavense,1918,1920,2
3949,Mycobacterium_genavense,1954,1955,1
3950,Mycobacterium_genavense,1993,1994,1
3951,Mycobacterium_genavense,2132,2133,1
3952,Mycobacterium_genavense,2136,2137,1
3953,Mycobacterium_genavense,2138,2139,1
3954,Mycobacterium_genavense,2143,2147,4
3955,Mycobacterium_genavense,2150,2152,2
3956,Mycobacterium_genavense,2162,2163,1
3957,Mycobacterium_genavense,2285,2294,9
3958,Mycobacterium_genavense,2296,2297,1
3959,Mycobacterium_genavense,2299,2305,6
3960,Mycobacterium_genavense,2309,2315,6
3961,Mycobacterium_genavense,2316,2325,9
3962,Mycobacterium_genavense,2379,2380,1
3963,Mycobacterium_genavense,2663,2665,2
3964,Mycobacterium_genavense,2723,2850,127
3965,Mycobacterium_genavense,3376,3377,1
3966,Mycobacterium_genavense,3378,3379,1
3967,Mycobacterium_genavense,3433,3434,1
3968,Mycobacterium_sherrisii,1,3,2
3969,Mycobacterium_sherrisii,82,83,1
3970,Mycobacterium_sherrisii,186,187,1
3971,Mycobacterium_sherrisii,235,237,2
3972,Mycobacterium_sherrisii,238,240,2
3973,Mycobacterium_sherrisii,250,251,1
3974,Mycobacterium_sherrisii,295,296,1
3975,Mycobacterium_sherrisii,359,360,1
3976,Mycobacterium_sherrisii,373,374,1
3977,Mycobacterium_sherrisii,401,402,1
3978,Mycobacterium_sherrisii,416,417,1
3979,Mycobacterium_sherrisii,451,452,1
3980,Mycobacterium_sherrisii,471,574,103
3981,Mycobacterium_sherrisii,753,755,2
3982,Mycobacterium_sherrisii,757,771,14
3983,Mycobacterium_sherrisii,789,790,1
3984,Mycobacterium_sherrisii,839,840,1
3985,Mycobacterium_sherrisii,883,908,25
3986,Mycobacterium_sherrisii,1010,1011,1
3987,Mycobacterium_sherrisii,1068,1069,1
3988,Mycobacterium_sherrisii,1168,1169,1
3989,Mycobacterium_sherrisii,1185,1186,1
3990,Mycobacterium_sherrisii,1187,1188,1
3991,Mycobacterium_sherrisii,1190,1192,2
3992,Mycobacterium_sherrisii,1211,1212,1
3993,Mycobacterium_sherrisii,1237,1238,1
3994,Mycobacterium_sherrisii,1398,1399,1
3995,Mycobacterium_sherrisii,1430,1459,29
3996,Mycobacterium_sherrisii,1491,1492,1
3997,Mycobacterium_sherrisii,1515,1516,1
3998,Mycobacterium_sherrisii,1707,1708,1
3999,Mycobacterium_sherrisii,1748,1749,1
4000,Mycobacterium_sherrisii,1751,1752,1
4001,Mycobacterium_sherrisii,1756,1761,5
4002,Mycobacterium_sherrisii,1772,1777,5
4003,Mycobacterium_sherrisii,1784,1785,1
4004,Mycobacterium_sherrisii,1789,1791,2
4005,Mycobacterium_sherrisii,1802,1803,1
4006,Mycobacterium_sherrisii,1918,1920,2
4007,Mycobacterium_sherrisii,1954,1955,1
4008,Mycobacterium_sherrisii,1993,1994,1
4009,Mycobacterium_sherrisii,2132,2133,1
4010,Mycobacterium_sherrisii,2136,2137,1
4011,Mycobacterium_sherrisii,2138,2139,1
4012,Mycobacterium_sherrisii,2143,2147,4
4013,Mycobacterium_sherrisii,2150,2152,2
4014,Mycobacterium_sherrisii,2162,2163,1
4015,Mycobacterium_sherrisii,2285,2294,9
4016,Mycobacterium_sherrisii,2296,2297,1
4017,Mycobacterium_sherrisii,2299,2305,6
4018,Mycobacterium_sherrisii,2309,2315,6
4019,Mycobacterium_sherrisii,2316,2325,9
4020,Mycobacterium_sherrisii,2379,2380,1
4021,Mycobacterium_sherrisii,2663,2665,2
4022,Mycobacterium_sherrisii,2723,2850,127
4023,Mycobacterium_sherrisii,3376,3377,1
4024,Mycobacterium_sherrisii,3378,3379,1
4025,Mycobacterium_sherrisii,3433,3434,1
4026,Mycobacterium_numidiamassiliense,1,3,2
4027,Mycobacterium_numidiamassiliense,82,83,1
4028,Mycobacterium_numidiamassiliense,186,187,1
4029,Mycobacterium_numidiamassiliense,235,237,2
4030,Mycobacterium_numidiamassiliense,238,240,2
4031,Mycobacterium_numidiamassiliense,250,251,1
4032,Mycobacterium_numidiamassiliense,277,278,1
4033,Mycobacterium_numidiamassiliense,295,296,1
4034,Mycobacterium_numidiamassiliense,359,360,1
4035,Mycobacterium_numidiamassiliense,373,374,1
4036,Mycobacterium_numidiamassiliense,401,402,1
4037,Mycobacterium_numidiamassiliense,416,417,1
4038,Mycobacterium_numidiamassiliense,451,452,1
4039,Mycobacterium_numidiamassiliense,471,574,103
4040,Mycobacterium_numidiamassiliense,753,755,2
4041,Mycobacterium_numidiamassiliense,757,771,14
4042,Mycobacterium_numidiamassiliense,789,790,1
4043,Mycobacterium_numidiamassiliense,839,840,1
4044,Mycobacterium_numidiamassiliense,883,908,25
4045,Mycobacterium_numidiamassiliense,1010,1011,1
4046,Mycobacterium_numidiamassiliense,1068,1069,1
4047,Mycobacterium_numidiamassiliense,1168,1169,1
4048,Mycobacterium_numidiamassiliense,1185,1186,1
4049,Mycobacterium_numidiamassiliense,1187,1188,1
4050,Mycobacterium_numidiamassiliense,1190,1192,2
4051,Mycobacterium_numidiamassiliense,1211,1212,1
4052,Mycobacterium_numidiamassiliense,1237,1238,1
4053,Mycobacterium_numidiamassiliense,1398,1399,1
4054,Mycobacterium_numidiamassiliense,1430,1459,29
4055,Mycobacterium_numidiamassiliense,1491,1492,1
4056,Mycobacterium_numidiamassiliense,1515,1516,1
4057,Mycobacterium_numidiamassiliense,1707,1708,1
4058,Mycobacterium_numidiamassiliense,1748,1749,1
4059,Mycobacterium_numidiamassiliense,1751,1752,1
4060,Mycobacterium_numidiamassiliense,1756,1761,5
4061,Mycobacterium_numidiamassiliense,1772,1777,5
4062,Mycobacterium_numidiamassiliense,1784,1785,1
4063,Mycobacterium_numidiamassiliense,1789,1791,2
4064,Mycobacterium_numidiamassiliense,1802,1803,1
4065,Mycobacterium_numidiamassiliense,1918,1920,2
4066,Mycobacterium_numidiamassiliense,1954,1955,1
4067,Mycobacterium_numidiamassiliense,1993,1994,1
4068,Mycobacterium_numidiamassiliense,2132,2133,1
4069,Mycobacterium_numidiamassiliense,2136,2137,1
4070,Mycobacterium_numidiamassiliense,2138,2139,1
4071,Mycobacterium_numidiamassiliense,2143,2147,4
4072,Mycobacterium_numidiamassiliense,2150,2152,2
4073,Mycobacterium_numidiamassiliense,2162,2163,1
4074,Mycobacterium_numidiamassiliense,2285,2294,9
4075,Mycobacterium_numidiamassiliense,2296,2297,1
4076,Mycobacterium_numidiamassiliense,2299,2305,6
4077,Mycobacterium_numidiamassiliense,2309,2315,6
4078,Mycobacterium_numidiamassiliense,2316,2325,9
4079,Mycobacterium_numidiamassiliense,2379,2380,1
4080,Mycobacterium_numidiamassiliense,2664,2665,1
4081,Mycobacterium_numidiamassiliense,2723,2850,127
4082,Mycobacterium_numidiamassiliense,3376,3377,1
4083,Mycobacterium_numidiamassiliense,3378,3379,1
4084,Mycobacterium_numidiamassiliense,3433,3434,1
4085,Mycobacterium_montefiorense,1,3,2
4086,Mycobacterium_montefiorense,82,83,1
4087,Mycobacterium_montefiorense,186,187,1
4088,Mycobacterium_montefiorense,235,237,2
4089,Mycobacterium_montefiorense,238,240,2
4090,Mycobacterium_montefiorense,250,251,1
4091,Mycobacterium_montefiorense,295,296,1
4092,Mycobacterium_montefiorense,359,360,1
4093,Mycobacterium_montefiorense,373,374,1
4094,Mycobacterium_montefiorense,401,402,1
4095,Mycobacterium_montefiorense,416,417,1
4096,Mycobacterium_montefiorense,451,452,1
4097,Mycobacterium_montefiorense,471,574,103
4098,Mycobacterium_montefiorense,753,755,2
4099,Mycobacterium_montefiorense,757,771,14
4100,Mycobacterium_montefiorense,789,790,1
4101,Mycobacterium_montefiorense,839,840,1
4102,Mycobacterium_montefiorense,883,908,25
4103,Mycobacterium_montefiorense,1010,1011,1
4104,Mycobacterium_montefiorense,1068,1069,1
4105,Mycobacterium_montefiorense,1168,1169,1
4106,Mycobacterium_montefiorense,1185,1186,1
4107,Mycobacterium_montefiorense,1187,1188,1
4108,Mycobacterium_montefiorense,1190,1192,2
4109,Mycobacterium_montefiorense,1211,1212,1
4110,Mycobacterium_montefiorense,1237,1238,1
4111,Mycobacterium_montefiorense,1398,1399,1
4112,Mycobacterium_montefiorense,1430,1459,29
4113,Mycobacterium_montefiorense,1491,1492,1
4114,Mycobacterium_montefiorense,1515,1516,1
4115,Mycobacterium_montefiorense,1707,1708,1
4116,Mycobacterium_montefiorense,1748,1749,1
4117,Mycobacterium_montefiorense,1751,1752,1
4118,Mycobacterium_montefiorense,1756,1761,5
4119,Mycobacterium_montefiorense,1772,1777,5
4120,Mycobacterium_montefiorense,1784,1785,1
4121,Mycobacterium_montefiorense,1789,1791,2
4122,Mycobacterium_montefiorense,1802,1803,1
4123,Mycobacterium_montefiorense,1918,1920,2
4124,Mycobacterium_montefiorense,1954,1955,1
4125,Mycobacterium_montefiorense,1993,1994,1
4126,Mycobacterium_montefiorense,2132,2133,1
4127,Mycobacterium_montefiorense,2136,2137,1
4128,Mycobacterium_montefiorense,2138,2139,1
4129,Mycobacterium_montefiorense,2143,2147,4
4130,Mycobacterium_montefiorense,2150,2152,2
4131,Mycobacterium_montefiorense,2162,2163,1
4132,Mycobacterium_montefiorense,2285,2294,9
4133,Mycobacterium_montefiorense,2296,2297,1
4134,Mycobacterium_montefiorense,2299,2305,6
4135,Mycobacterium_montefiorense,2309,2315,6
4136,Mycobacterium_montefiorense,2316,2325,9
4137,Mycobacterium_montefiorense,2379,2380,1
4138,Mycobacterium_montefiorense,2663,2665,2
4139,Mycobacterium_montefiorense,2723,2850,127
4140,Mycobacterium_montefiorense,3376,3377,1
4141,Mycobacterium_montefiorense,3378,3379,1
4142,Mycobacterium_montefiorense,3433,3434,1
4143,Mycobacterium_simiae,1,3,2
4144,Mycobacterium_simiae,82,83,1
4145,Mycobacterium_simiae,186,187,1
4146,Mycobacterium_simiae,235,237,2
4147,Mycobacterium_simiae,238,240,2
4148,Mycobacterium_simiae,250,251,1
4149,Mycobacterium_simiae,295,296,1
4150,Mycobacterium_simiae,359,360,1
4151,Mycobacterium_simiae,373,374,1
4152,Mycobacterium_simiae,401,402,1
4153,Mycobacterium_simiae,416,417,1
4154,Mycobacterium_simiae,451,452,1
4155,Mycobacterium_simiae,471,574,103
4156,Mycobacterium_simiae,753,755,2
4157,Mycobacterium_simiae,757,771,14
4158,Mycobacterium_simiae,789,790,1
4159,Mycobacterium_simiae,839,840,1
4160,Mycobacterium_simiae,883,908,25
4161,Mycobacterium_simiae,1010,1011,1
4162,Mycobacterium_simiae,1068,1069,1
4163,Mycobacterium_simiae,1168,1169,1
4164,Mycobacterium_simiae,1185,1186,1
4165,Mycobacterium_simiae,1187,1188,1
4166,Mycobacterium_simiae,1190,1192,2
4167,Mycobacterium_simiae,1211,1212,1
4168,Mycobacterium_simiae,1237,1238,1
4169,Mycobacterium_simiae,1398,1399,1
4170,Mycobacterium_simiae,1430,1459,29
4171,Mycobacterium_simiae,1491,1492,1
4172,Mycobacterium_simiae,1515,1516,1
4173,Mycobacterium_simiae,1707,1708,1
4174,Mycobacterium_simiae,1748,1749,1
4175,Mycobacterium_simiae,1751,1752,1
4176,Mycobacterium_simiae,1756,1761,5
4177,Mycobacterium_simiae,1772,1777,5
4178,Mycobacterium_simiae,1784,1785,1
4179,Mycobacterium_simiae,1789,1791,2
4180,Mycobacterium_simiae,1802,1803,1
4181,Mycobacterium_simiae,1918,1920,2
4182,Mycobacterium_simiae,1954,1955,1
4183,Mycobacterium_simiae,1993,1994,1
4184,Mycobacterium_simiae,2132,2133,1
4185,Mycobacterium_simiae,2136,2137,1
4186,Mycobacterium_simiae,2138,2139,1
4187,Mycobacterium_simiae,2143,2147,4
4188,Mycobacterium_simiae,2150,2152,2
4189,Mycobacterium_simiae,2162,2163,1
4190,Mycobacterium_simiae,2285,2294,9
4191,Mycobacterium_simiae,2296,2297,1
4192,Mycobacterium_simiae,2299,2305,6
4193,Mycobacterium_simiae,2309,2315,6
4194,Mycobacterium_simiae,2316,2325,9
4195,Mycobacterium_simiae,2379,2380,1
4196,Mycobacterium_simiae,2663,2665,2
4197,Mycobacterium_simiae,2723,2850,127
4198,Mycobacterium_simiae,3376,3377,1
4199,Mycobacterium_simiae,3378,3379,1
4200,Mycobacterium_simiae,3433,3434,1
4201,Mycobacterium_florentinum,1,3,2
4202,Mycobacterium_florentinum,82,83,1
4203,Mycobacterium_florentinum,186,187,1
4204,Mycobacterium_florentinum,235,237,2
4205,Mycobacterium_florentinum,238,240,2
4206,Mycobacterium_florentinum,250,251,1
4207,Mycobacterium_florentinum,277,278,1
4208,Mycobacterium_florentinum,295,296,1
4209,Mycobacterium_florentinum,340,341,1
4210,Mycobacterium_florentinum,359,360,1
4211,Mycobacterium_florentinum,373,374,1
4212,Mycobacterium_florentinum,401,402,1
4213,Mycobacterium_florentinum,416,417,1
4214,Mycobacterium_florentinum,451,452,1
4215,Mycobacterium_florentinum,464,465,1
4216,Mycobacterium_florentinum,471,574,103
4217,Mycobacterium_florentinum,753,755,2
4218,Mycobacterium_florentinum,757,771,14
4219,Mycobacterium_florentinum,789,790,1
4220,Mycobacterium_florentinum,839,840,1
4221,Mycobacterium_florentinum,883,908,25
4222,Mycobacterium_florentinum,1010,1011,1
4223,Mycobacterium_florentinum,1068,1069,1
4224,Mycobacterium_florentinum,1168,1169,1
4225,Mycobacterium_florentinum,1185,1186,1
4226,Mycobacterium_florentinum,1187,1188,1
4227,Mycobacterium_florentinum,1190,1192,2
4228,Mycobacterium_florentinum,1211,1212,1
4229,Mycobacterium_florentinum,1237,1238,1
4230,Mycobacterium_florentinum,1398,1399,1
4231,Mycobacterium_florentinum,1430,1459,29
4232,Mycobacterium_florentinum,1491,1492,1
4233,Mycobacterium_florentinum,1515,1516,1
4234,Mycobacterium_florentinum,1707,1708,1
4235,Mycobacterium_florentinum,1748,1749,1
4236,Mycobacterium_florentinum,1751,1752,1
4237,Mycobacterium_florentinum,1756,1761,5
4238,Mycobacterium_florentinum,1772,1777,5
4239,Mycobacterium_florentinum,1784,1785,1
4240,Mycobacterium_florentinum,1789,1791,2
4241,Mycobacterium_florentinum,1802,1803,1
4242,Mycobacterium_florentinum,1918,1920,2
4243,Mycobacterium_florentinum,1954,1955,1
4244,Mycobacterium_florentinum,1993,1994,1
4245,Mycobacterium_florentinum,2132,2133,1
4246,Mycobacterium_florentinum,2136,2137,1
4247,Mycobacterium_florentinum,2138,2139,1
4248,Mycobacterium_florentinum,2143,2147,4
4249,Mycobacterium_florentinum,2150,2152,2
4250,Mycobacterium_florentinum,2162,2163,1
4251,Mycobacterium_florentinum,2285,2295,10
4252,Mycobacterium_florentinum,2296,2297,1
4253,Mycobacterium_florentinum,2299,2305,6
4254,Mycobacterium_florentinum,2308,2315,7
4255,Mycobacterium_florentinum,2316,2325,9
4256,Mycobacterium_florentinum,2379,2380,1
4257,Mycobacterium_florentinum,2663,2665,2
4258,Mycobacterium_florentinum,2723,2850,127
4259,Mycobacterium_florentinum,3376,3377,1
4260,Mycobacterium_florentinum,3378,3379,1
4261,Mycobacterium_florentinum,3433,3434,1
4262,Mycobacterium_lentiflavum,1,3,2
4263,Mycobacterium_lentiflavum,82,83,1
4264,Mycobacterium_lentiflavum,186,187,1
4265,Mycobacterium_lentiflavum,235,237,2
4266,Mycobacterium_lentiflavum,238,240,2
4267,Mycobacterium_lentiflavum,250,251,1
4268,Mycobacterium_lentiflavum,277,278,1
4269,Mycobacterium_lentiflavum,295,296,1
4270,Mycobacterium_lentiflavum,359,360,1
4271,Mycobacterium_lentiflavum,373,374,1
4272,Mycobacterium_lentiflavum,401,402,1
4273,Mycobacterium_lentiflavum,416,417,1
4274,Mycobacterium_lentiflavum,451,452,1
4275,Mycobacterium_lentiflavum,471,574,103
4276,Mycobacterium_lentiflavum,753,755,2
4277,Mycobacterium_lentiflavum,757,771,14
4278,Mycobacterium_lentiflavum,789,790,1
4279,Mycobacterium_lentiflavum,839,840,1
4280,Mycobacterium_lentiflavum,883,908,25
4281,Mycobacterium_lentiflavum,1010,1011,1
4282,Mycobacterium_lentiflavum,1068,1069,1
4283,Mycobacterium_lentiflavum,1168,1169,1
4284,Mycobacterium_lentiflavum,1185,1186,1
4285,Mycobacterium_lentiflavum,1187,1188,1
4286,Mycobacterium_lentiflavum,1190,1192,2
4287,Mycobacterium_lentiflavum,1211,1212,1
4288,Mycobacterium_lentiflavum,1237,1238,1
4289,Mycobacterium_lentiflavum,1398,1399,1
4290,Mycobacterium_lentiflavum,1430,1459,29
4291,Mycobacterium_lentiflavum,1491,1492,1
4292,Mycobacterium_lentiflavum,1515,1516,1
4293,Mycobacterium_lentiflavum,1707,1708,1
4294,Mycobacterium_lentiflavum,1748,1749,1
4295,Mycobacterium_lentiflavum,1751,1752,1
4296,Mycobacterium_lentiflavum,1756,1761,5
4297,Mycobacterium_lentiflavum,1772,1777,5
4298,Mycobacterium_lentiflavum,1784,1785,1
4299,Mycobacterium_lentiflavum,1789,1791,2
4300,Mycobacterium_lentiflavum,1802,1803,1
4301,Mycobacterium_lentiflavum,1918,1920,2
4302,Mycobacterium_lentiflavum,1954,1955,1
4303,Mycobacterium_lentiflavum,1993,1994,1
4304,Mycobacterium_lentiflavum,2132,2133,1
4305,Mycobacterium_lentiflavum,2136,2137,1
4306,Mycobacterium_lentiflavum,2138,2139,1
4307,Mycobacterium_lentiflavum,2143,2147,4
4308,Mycobacterium_lentiflavum,2150,2152,2
4309,Mycobacterium_lentiflavum,2162,2163,1
4310,Mycobacterium_lentiflavum,2285,2295,10
4311,Mycobacterium_lentiflavum,2296,2297,1
4312,Mycobacterium_lentiflavum,2299,2305,6
4313,Mycobacterium_lentiflavum,2308,2315,7
4314,Mycobacterium_lentiflavum,2316,2325,9
4315,Mycobacterium_lentiflavum,2379,2380,1
4316,Mycobacterium_lentiflavum,2663,2665,2
4317,Mycobacterium_lentiflavum,2723,2850,127
4318,Mycobacterium_lentiflavum,3376,3377,1
4319,Mycobacterium_lentiflavum,3378,3379,1
4320,Mycobacterium_lentiflavum,3433,3434,1
4321,Mycobacterium_rhizamassiliense,1,3,2
4322,Mycobacterium_rhizamassiliense,82,83,1
4323,Mycobacterium_rhizamassiliense,186,187,1
4324,Mycobacterium_rhizamassiliense,235,237,2
4325,Mycobacterium_rhizamassiliense,238,240,2
4326,Mycobacterium_rhizamassiliense,250,251,1
4327,Mycobacterium_rhizamassiliense,277,278,1
4328,Mycobacterium_rhizamassiliense,295,296,1
4329,Mycobacterium_rhizamassiliense,359,360,1
4330,Mycobacterium_rhizamassiliense,373,374,1
4331,Mycobacterium_rhizamassiliense,401,402,1
4332,Mycobacterium_rhizamassiliense,416,417,1
4333,Mycobacterium_rhizamassiliense,451,452,1
4334,Mycobacterium_rhizamassiliense,471,574,103
4335,Mycobacterium_rhizamassiliense,753,755,2
4336,Mycobacterium_rhizamassiliense,757,771,14
4337,Mycobacterium_rhizamassiliense,789,790,1
4338,Mycobacterium_rhizamassiliense,839,840,1
4339,Mycobacterium_rhizamassiliense,883,908,25
4340,Mycobacterium_rhizamassiliense,1010,1011,1
4341,Mycobacterium_rhizamassiliense,1068,1069,1
4342,Mycobacterium_rhizamassiliense,1168,1169,1
4343,Mycobacterium_rhizamassiliense,1185,1186,1
4344,Mycobacterium_rhizamassiliense,1187,1188,1
4345,Mycobacterium_rhizamassiliense,1190,1192,2
4346,Mycobacterium_rhizamassiliense,1211,1212,1
4347,Mycobacterium_rhizamassiliense,1237,1238,1
4348,Mycobacterium_rhizamassiliense,1398,1399,1
4349,Mycobacterium_rhizamassiliense,1430,1459,29
4350,Mycobacterium_rhizamassiliense,1491,1492,1
4351,Mycobacterium_rhizamassiliense,1515,1516,1
4352,Mycobacterium_rhizamassiliense,1707,1708,1
4353,Mycobacterium_rhizamassiliense,1748,1749,1
4354,Mycobacterium_rhizamassiliense,1751,1752,1
4355,Mycobacterium_rhizamassiliense,1756,1761,5
4356,Mycobacterium_rhizamassiliense,1772,1777,5
4357,Mycobacterium_rhizamassiliense,1784,1785,1
4358,Mycobacterium_rhizamassiliense,1789,1791,2
4359,Mycobacterium_rhizamassiliense,1802,1803,1
4360,Mycobacterium_rhizamassiliense,1918,1920,2
4361,Mycobacterium_rhizamassiliense,1954,1955,1
4362,Mycobacterium_rhizamassiliense,1993,1994,1
4363,Mycobacterium_rhizamassiliense,2132,2133,1
4364,Mycobacterium_rhizamassiliense,2136,2137,1
4365,Mycobacterium_rhizamassiliense,2138,2139,1
4366,Mycobacterium_rhizamassiliense,2143,2147,4
4367,Mycobacterium_rhizamassiliense,2150,2152,2
4368,Mycobacterium_rhizamassiliense,2162,2163,1
4369,Mycobacterium_rhizamassiliense,2285,2294,9
4370,Mycobacterium_rhizamassiliense,2296,2297,1
4371,Mycobacterium_rhizamassiliense,2299,2305,6
4372,Mycobacterium_rhizamassiliense,2309,2315,6
4373,Mycobacterium_rhizamassiliense,2316,2325,9
4374,Mycobacterium_rhizamassiliense,2379,2380,1
4375,Mycobacterium_rhizamassiliense,2664,2665,1
4376,Mycobacterium_rhizamassiliense,2723,2850,127
4377,Mycobacterium_rhizamassiliense,3376,3377,1
4378,Mycobacterium_rhizamassiliense,3378,3379,1
4379,Mycobacterium_rhizamassiliense,3433,3434,1
4380,Mycobacterium_ahvazicum,1,3,2
4381,Mycobacterium_ahvazicum,82,83,1
4382,Mycobacterium_ahvazicum,186,187,1
4383,Mycobacterium_ahvazicum,235,237,2
4384,Mycobacterium_ahvazicum,238,240,2
4385,Mycobacterium_ahvazicum,250,251,1
4386,Mycobacterium_ahvazicum,277,278,1
4387,Mycobacterium_ahvazicum,295,296,1
4388,Mycobacterium_ahvazicum,359,360,1
4389,Mycobacterium_ahvazicum,373,374,1
4390,Mycobacterium_ahvazicum,401,402,1
4391,Mycobacterium_ahvazicum,416,417,1
4392,Mycobacterium_ahvazicum,451,452,1
4393,Mycobacterium_ahvazicum,471,574,103
4394,Mycobacterium_ahvazicum,753,755,2
4395,Mycobacterium_ahvazicum,757,771,14
4396,Mycobacterium_ahvazicum,789,790,1
4397,Mycobacterium_ahvazicum,839,840,1
4398,Mycobacterium_ahvazicum,883,908,25
4399,Mycobacterium_ahvazicum,1010,1011,1
4400,Mycobacterium_ahvazicum,1068,1069,1
4401,Mycobacterium_ahvazicum,1168,1169,1
4402,Mycobacterium_ahvazicum,1185,1186,1
4403,Mycobacterium_ahvazicum,1187,1188,1
4404,Mycobacterium_ahvazicum,1190,1192,2
4405,Mycobacterium_ahvazicum,1211,1212,1
4406,Mycobacterium_ahvazicum,1237,1238,1
4407,Mycobacterium_ahvazicum,1398,1399,1
4408,Mycobacterium_ahvazicum,1430,1459,29
4409,Mycobacterium_ahvazicum,1491,1492,1
4410,Mycobacterium_ahvazicum,1515,1516,1
4411,Mycobacterium_ahvazicum,1707,1708,1
4412,Mycobacterium_ahvazicum,1748,1749,1
4413,Mycobacterium_ahvazicum,1751,1752,1
4414,Mycobacterium_ahvazicum,1756,1761,5
4415,Mycobacterium_ahvazicum,1772,1777,5
4416,Mycobacterium_ahvazicum,1784,1785,1
4417,Mycobacterium_ahvazicum,1789,1791,2
4418,Mycobacterium_ahvazicum,1802,1803,1
4419,Mycobacterium_ahvazicum,1918,1920,2
4420,Mycobacterium_ahvazicum,1954,1955,1
4421,Mycobacterium_ahvazicum,1993,1994,1
4422,Mycobacterium_ahvazicum,2132,2133,1
4423,Mycobacterium_ahvazicum,2136,2137,1
4424,Mycobacterium_ahvazicum,2138,2139,1
4425,Mycobacterium_ahvazicum,2143,2147,4
4426,Mycobacterium_ahvazicum,2150,2152,2
4427,Mycobacterium_ahvazicum,2162,2163,1
4428,Mycobacterium_ahvazicum,2285,2295,10
4429,Mycobacterium_ahvazicum,2296,2297,1
4430,Mycobacterium_ahvazicum,2299,2305,6
4431,Mycobacterium_ahvazicum,2308,2315,7
4432,Mycobacterium_ahvazicum,2316,2325,9
4433,Mycobacterium_ahvazicum,2379,2380,1
4434,Mycobacterium_ahvazicum,2663,2665,2
4435,Mycobacterium_ahvazicum,2723,2850,127
4436,Mycobacterium_ahvazicum,3376,3377,1
4437,Mycobacterium_ahvazicum,3378,3379,1
4438,Mycobacterium_ahvazicum,3433,3434,1
4439,Mycobacterium_stomatepiae,1,3,2
4440,Mycobacterium_stomatepiae,82,83,1
4441,Mycobacterium_stomatepiae,186,187,1
4442,Mycobacterium_stomatepiae,235,237,2
4443,Mycobacterium_stomatepiae,238,240,2
4444,Mycobacterium_stomatepiae,250,251,1
4445,Mycobacterium_stomatepiae,277,278,1
4446,Mycobacterium_stomatepiae,295,296,1
4447,Mycobacterium_stomatepiae,359,360,1
4448,Mycobacterium_stomatepiae,373,374,1
4449,Mycobacterium_stomatepiae,401,402,1
4450,Mycobacterium_stomatepiae,416,417,1
4451,Mycobacterium_stomatepiae,451,452,1
4452,Mycobacterium_stomatepiae,471,574,103
4453,Mycobacterium_stomatepiae,753,755,2
4454,Mycobacterium_stomatepiae,757,771,14
4455,Mycobacterium_stomatepiae,789,790,1
4456,Mycobacterium_stomatepiae,839,840,1
4457,Mycobacterium_stomatepiae,883,908,25
4458,Mycobacterium_stomatepiae,1010,1011,1
4459,Mycobacterium_stomatepiae,1068,1069,1
4460,Mycobacterium_stomatepiae,1168,1169,1
4461,Mycobacterium_stomatepiae,1185,1186,1
4462,Mycobacterium_stomatepiae,1187,1188,1
4463,Mycobacterium_stomatepiae,1190,1192,2
4464,Mycobacterium_stomatepiae,1211,1212,1
4465,Mycobacterium_stomatepiae,1237,1238,1
4466,Mycobacterium_stomatepiae,1398,1399,1
4467,Mycobacterium_stomatepiae,1430,1459,29
4468,Mycobacterium_stomatepiae,1491,1492,1
4469,Mycobacterium_stomatepiae,1515,1516,1
4470,Mycobacterium_stomatepiae,1707,1708,1
4471,Mycobacterium_stomatepiae,1748,1749,1
4472,Mycobacterium_stomatepiae,1751,1752,1
4473,Mycobacterium_stomatepiae,1756,1761,5
4474,Mycobacterium_stomatepiae,1772,1777,5
4475,Mycobacterium_stomatepiae,1784,1785,1
4476,Mycobacterium_stomatepiae,1789,1791,2
4477,Mycobacterium_stomatepiae,1802,1803,1
4478,Mycobacterium_stomatepiae,1918,1920,2
4479,Mycobacterium_stomatepiae,1954,1955,1
4480,Mycobacterium_stomatepiae,1993,1994,1
4481,Mycobacterium_stomatepiae,2132,2133,1
4482,Mycobacterium_stomatepiae,2136,2137,1
4483,Mycobacterium_stomatepiae,2138,2139,1
4484,Mycobacterium_stomatepiae,2143,2147,4
4485,Mycobacterium_stomatepiae,2150,2152,2
4486,Mycobacterium_stomatepiae,2162,2163,1
4487,Mycobacterium_stomatepiae,2285,2295,10
4488,Mycobacterium_stomatepiae,2296,2297,1
4489,Mycobacterium_stomatepiae,2299,2305,6
4490,Mycobacterium_stomatepiae,2308,2315,7
4491,Mycobacterium_stomatepiae,2316,2325,9
4492,Mycobacterium_stomatepiae,2379,2380,1
4493,Mycobacterium_stomatepiae,2663,2665,2
4494,Mycobacterium_stomatepiae,2723,2850,127
4495,Mycobacterium_stomatepiae,3376,3377,1
4496,Mycobacterium_stomatepiae,3378,3379,1
4497,Mycobacterium_stomatepiae,3433,3434,1
4498,Mycobacterium_tilburgii,1,3,2
4499,Mycobacterium_tilburgii,82,83,1
4500,Mycobacterium_tilburgii,186,187,1
4501,Mycobacterium_tilburgii,235,237,2
4502,Mycobacterium_tilburgii,238,240,2
4503,Mycobacterium_tilburgii,250,251,1
4504,Mycobacterium_tilburgii,295,296,1
4505,Mycobacterium_tilburgii,359,360,1
4506,Mycobacterium_tilburgii,373,374,1
4507,Mycobacterium_tilburgii,401,402,1
4508,Mycobacterium_tilburgii,416,417,1
4509,Mycobacterium_tilburgii,451,452,1
4510,Mycobacterium_tilburgii,471,574,103
4511,Mycobacterium_tilburgii,753,755,2
4512,Mycobacterium_tilburgii,757,771,14
4513,Mycobacterium_tilburgii,789,790,1
4514,Mycobacterium_tilburgii,839,840,1
4515,Mycobacterium_tilburgii,883,908,25
4516,Mycobacterium_tilburgii,1010,1011,1
4517,Mycobacterium_tilburgii,1068,1069,1
4518,Mycobacterium_tilburgii,1168,1169,1
4519,Mycobacterium_tilburgii,1185,1186,1
4520,Mycobacterium_tilburgii,1187,1188,1
4521,Mycobacterium_tilburgii,1190,1192,2
4522,Mycobacterium_tilburgii,1211,1212,1
4523,Mycobacterium_tilburgii,1237,1238,1
4524,Mycobacterium_tilburgii,1398,1399,1
4525,Mycobacterium_tilburgii,1430,1459,29
4526,Mycobacterium_tilburgii,1491,1492,1
4527,Mycobacterium_tilburgii,1515,1516,1
4528,Mycobacterium_tilburgii,1707,1708,1
4529,Mycobacterium_tilburgii,1748,1749,1
4530,Mycobacterium_tilburgii,1751,1752,1
4531,Mycobacterium_tilburgii,1756,1761,5
4532,Mycobacterium_tilburgii,1772,1777,5
4533,Mycobacterium_tilburgii,1784,1785,1
4534,Mycobacterium_tilburgii,1789,1791,2
4535,Mycobacterium_tilburgii,1802,1803,1
4536,Mycobacterium_tilburgii,1918,1920,2
4537,Mycobacterium_tilburgii,1993,1994,1
4538,Mycobacterium_tilburgii,2132,2133,1
4539,Mycobacterium_tilburgii,2136,2137,1
4540,Mycobacterium_tilburgii,2138,2139,1
4541,Mycobacterium_tilburgii,2143,2147,4
4542,Mycobacterium_tilburgii,2150,2152,2
4543,Mycobacterium_tilburgii,2162,2163,1
4544,Mycobacterium_tilburgii,2285,2294,9
4545,Mycobacterium_tilburgii,2296,2297,1
4546,Mycobacterium_tilburgii,2299,2305,6
4547,Mycobacterium_tilburgii,2309,2315,6
4548,Mycobacterium_tilburgii,2316,2325,9
4549,Mycobacterium_tilburgii,2379,2380,1
4550,Mycobacterium_tilburgii,2663,2665,2
4551,Mycobacterium_tilburgii,2723,2850,127
4552,Mycobacterium_tilburgii,3376,3377,1
4553,Mycobacterium_tilburgii,3433,3434,1
4554,Mycobacterium_celatum,1,3,2
4555,Mycobacterium_celatum,82,83,1
4556,Mycobacterium_celatum,186,187,1
4557,Mycobacterium_celatum,235,237,2
4558,Mycobacterium_celatum,238,240,2
4559,Mycobacterium_celatum,250,251,1
4560,Mycobacterium_celatum,295,296,1
4561,Mycobacterium_celatum,359,360,1
4562,Mycobacterium_celatum,373,374,1
4563,Mycobacterium_celatum,401,402,1
4564,Mycobacterium_celatum,416,417,1
4565,Mycobacterium_celatum,451,452,1
4566,Mycobacterium_celatum,471,574,103
4567,Mycobacterium_celatum,753,755,2
4568,Mycobacterium_celatum,760,768,8
4569,Mycobacterium_celatum,789,790,1
4570,Mycobacterium_celatum,884,886,2
4571,Mycobacterium_celatum,890,891,1
4572,Mycobacterium_celatum,1010,1011,1
4573,Mycobacterium_celatum,1068,1069,1
4574,Mycobacterium_celatum,1168,1169,1
4575,Mycobacterium_celatum,1184,1186,2
4576,Mycobacterium_celatum,1190,1192,2
4577,Mycobacterium_celatum,1211,1212,1
4578,Mycobacterium_celatum,1237,1238,1
4579,Mycobacterium_celatum,1398,1399,1
4580,Mycobacterium_celatum,1430,1437,7
4581,Mycobacterium_celatum,1438,1439,1
4582,Mycobacterium_celatum,1445,1446,1
4583,Mycobacterium_celatum,1449,1459,10
4584,Mycobacterium_celatum,1491,1492,1
4585,Mycobacterium_celatum,1707,1708,1
4586,Mycobacterium_celatum,1748,1749,1
4587,Mycobacterium_celatum,1756,1761,5
4588,Mycobacterium_celatum,1772,1775,3
4589,Mycobacterium_celatum,1776,1777,1
4590,Mycobacterium_celatum,1784,1785,1
4591,Mycobacterium_celatum,1789,1791,2
4592,Mycobacterium_celatum,1802,1803,1
4593,Mycobacterium_celatum,1954,1955,1
4594,Mycobacterium_celatum,1993,1994,1
4595,Mycobacterium_celatum,2132,2133,1
4596,Mycobacterium_celatum,2136,2137,1
4597,Mycobacterium_celatum,2138,2139,1
4598,Mycobacterium_celatum,2143,2147,4
4599,Mycobacterium_celatum,2151,2152,1
4600,Mycobacterium_celatum,2154,2155,1
4601,Mycobacterium_celatum,2162,2163,1
4602,Mycobacterium_celatum,2285,2294,9
4603,Mycobacterium_celatum,2296,2305,9
4604,Mycobacterium_celatum,2316,2325,9
4605,Mycobacterium_celatum,2379,2380,1
4606,Mycobacterium_celatum,2664,2665,1
4607,Mycobacterium_celatum,2723,2850,127
4608,Mycobacterium_celatum,3376,3377,1
4609,Mycobacterium_celatum,3378,3379,1
4610,Mycobacterium_celatum,3433,3434,1
4611,Mycolicibacterium_thermoresistibile,1,3,2
4612,Mycolicibacterium_thermoresistibile,82,83,1
4613,Mycolicibacterium_thermoresistibile,186,187,1
4614,Mycolicibacterium_thermoresistibile,235,237,2
4615,Mycolicibacterium_thermoresistibile,238,240,2
4616,Mycolicibacterium_thermoresistibile,250,251,1
4617,Mycolicibacterium_thermoresistibile,277,278,1
4618,Mycolicibacterium_thermoresistibile,295,296,1
4619,Mycolicibacterium_thermoresistibile,341,342,1
4620,Mycolicibacterium_thermoresistibile,359,360,1
4621,Mycolicibacterium_thermoresistibile,373,374,1
4622,Mycolicibacterium_thermoresistibile,401,402,1
4623,Mycolicibacterium_thermoresistibile,416,417,1
4624,Mycolicibacterium_thermoresistibile,451,452,1
4625,Mycolicibacterium_thermoresistibile,471,574,103
4626,Mycolicibacterium_thermoresistibile,754,755,1
4627,Mycolicibacterium_thermoresistibile,763,767,4
4628,Mycolicibacterium_thermoresistibile,789,790,1
4629,Mycolicibacterium_thermoresistibile,890,891,1
4630,Mycolicibacterium_thermoresistibile,896,900,4
4631,Mycolicibacterium_thermoresistibile,1010,1011,1
4632,Mycolicibacterium_thermoresistibile,1068,1069,1
4633,Mycolicibacterium_thermoresistibile,1168,1169,1
4634,Mycolicibacterium_thermoresistibile,1185,1186,1
4635,Mycolicibacterium_thermoresistibile,1190,1192,2
4636,Mycolicibacterium_thermoresistibile,1211,1212,1
4637,Mycolicibacterium_thermoresistibile,1237,1238,1
4638,Mycolicibacterium_thermoresistibile,1398,1399,1
4639,Mycolicibacterium_thermoresistibile,1430,1437,7
4640,Mycolicibacterium_thermoresistibile,1445,1446,1
4641,Mycolicibacterium_thermoresistibile,1449,1456,7
4642,Mycolicibacterium_thermoresistibile,1457,1458,1
4643,Mycolicibacterium_thermoresistibile,1491,1492,1
4644,Mycolicibacterium_thermoresistibile,1707,1708,1
4645,Mycolicibacterium_thermoresistibile,1748,1749,1
4646,Mycolicibacterium_thermoresistibile,1751,1752,1
4647,Mycolicibacterium_thermoresistibile,1756,1761,5
4648,Mycolicibacterium_thermoresistibile,1772,1777,5
4649,Mycolicibacterium_thermoresistibile,1784,1785,1
4650,Mycolicibacterium_thermoresistibile,1789,1791,2
4651,Mycolicibacterium_thermoresistibile,1802,1803,1
4652,Mycolicibacterium_thermoresistibile,1918,1919,1
4653,Mycolicibacterium_thermoresistibile,1954,1955,1
4654,Mycolicibacterium_thermoresistibile,1993,1994,1
4655,Mycolicibacterium_thermoresistibile,2121,2122,1
4656,Mycolicibacterium_thermoresistibile,2132,2133,1
4657,Mycolicibacterium_thermoresistibile,2136,2137,1
4658,Mycolicibacterium_thermoresistibile,2138,2139,1
4659,Mycolicibacterium_thermoresistibile,2143,2147,4
4660,Mycolicibacterium_thermoresistibile,2150,2152,2
4661,Mycolicibacterium_thermoresistibile,2162,2163,1
4662,Mycolicibacterium_thermoresistibile,2285,2294,9
4663,Mycolicibacterium_thermoresistibile,2296,2297,1
4664,Mycolicibacterium_thermoresistibile,2299,2300,1
4665,Mycolicibacterium_thermoresistibile,2304,2305,1
4666,Mycolicibacterium_thermoresistibile,2309,2315,6
4667,Mycolicibacterium_thermoresistibile,2316,2325,9
4668,Mycolicibacterium_thermoresistibile,2379,2380,1
4669,Mycolicibacterium_thermoresistibile,2664,2665,1
4670,Mycolicibacterium_thermoresistibile,2723,2850,127
4671,Mycolicibacterium_thermoresistibile,3376,3377,1
4672,Mycolicibacterium_thermoresistibile,3378,3379,1
4673,Mycolicibacterium_thermoresistibile,3433,3434,1
4674,Mycolicibacillus_parakoreensis,1,3,2
4675,Mycolicibacillus_parakoreensis,82,83,1
4676,Mycolicibacillus_parakoreensis,186,187,1
4677,Mycolicibacillus_parakoreensis,235,237,2
4678,Mycolicibacillus_parakoreensis,238,240,2
4679,Mycolicibacillus_parakoreensis,250,251,1
4680,Mycolicibacillus_parakoreensis,295,296,1
4681,Mycolicibacillus_parakoreensis,341,342,1
4682,Mycolicibacillus_parakoreensis,359,360,1
4683,Mycolicibacillus_parakoreensis,373,374,1
4684,Mycolicibacillus_parakoreensis,401,402,1
4685,Mycolicibacillus_parakoreensis,416,417,1
4686,Mycolicibacillus_parakoreensis,451,452,1
4687,Mycolicibacillus_parakoreensis,471,574,103
4688,Mycolicibacillus_parakoreensis,753,755,2
4689,Mycolicibacillus_parakoreensis,760,771,11
4690,Mycolicibacillus_parakoreensis,789,790,1
4691,Mycolicibacillus_parakoreensis,839,840,1
4692,Mycolicibacillus_parakoreensis,896,900,4
4693,Mycolicibacillus_parakoreensis,1010,1011,1
4694,Mycolicibacillus_parakoreensis,1068,1069,1
4695,Mycolicibacillus_parakoreensis,1168,1169,1
4696,Mycolicibacillus_parakoreensis,1190,1192,2
4697,Mycolicibacillus_parakoreensis,1211,1212,1
4698,Mycolicibacillus_parakoreensis,1237,1238,1
4699,Mycolicibacillus_parakoreensis,1398,1399,1
4700,Mycolicibacillus_parakoreensis,1430,1437,7
4701,Mycolicibacillus_parakoreensis,1438,1439,1
4702,Mycolicibacillus_parakoreensis,1443,1448,5
4703,Mycolicibacillus_parakoreensis,1449,1458,9
4704,Mycolicibacillus_parakoreensis,1491,1492,1
4705,Mycolicibacillus_parakoreensis,1707,1708,1
4706,Mycolicibacillus_parakoreensis,1756,1761,5
4707,Mycolicibacillus_parakoreensis,1784,1790,6
4708,Mycolicibacillus_parakoreensis,1802,1803,1
4709,Mycolicibacillus_parakoreensis,1918,1919,1
4710,Mycolicibacillus_parakoreensis,1954,1955,1
4711,Mycolicibacillus_parakoreensis,1993,1994,1
4712,Mycolicibacillus_parakoreensis,2132,2133,1
4713,Mycolicibacillus_parakoreensis,2136,2137,1
4714,Mycolicibacillus_parakoreensis,2138,2139,1
4715,Mycolicibacillus_parakoreensis,2143,2147,4
4716,Mycolicibacillus_parakoreensis,2151,2152,1
4717,Mycolicibacillus_parakoreensis,2162,2163,1
4718,Mycolicibacillus_parakoreensis,2285,2305,20
4719,Mycolicibacillus_parakoreensis,2310,2315,5
4720,Mycolicibacillus_parakoreensis,2316,2318,2
4721,Mycolicibacillus_parakoreensis,2379,2380,1
4722,Mycolicibacillus_parakoreensis,2664,2665,1
4723,Mycolicibacillus_parakoreensis,2723,2850,127
4724,Mycolicibacillus_parakoreensis,3376,3377,1
4725,Mycolicibacillus_parakoreensis,3378,3379,1
4726,Mycolicibacillus_parakoreensis,3433,3434,1
4727,Mycobacterium_cookii,1,3,2
4728,Mycobacterium_cookii,82,83,1
4729,Mycobacterium_cookii,186,187,1
4730,Mycobacterium_cookii,235,237,2
4731,Mycobacterium_cookii,238,240,2
4732,Mycobacterium_cookii,250,251,1
4733,Mycobacterium_cookii,295,296,1
4734,Mycobacterium_cookii,341,342,1
4735,Mycobacterium_cookii,359,360,1
4736,Mycobacterium_cookii,373,379,6
4737,Mycobacterium_cookii,386,387,1
4738,Mycobacterium_cookii,401,402,1
4739,Mycobacterium_cookii,416,417,1
4740,Mycobacterium_cookii,451,452,1
4741,Mycobacterium_cookii,471,574,103
4742,Mycobacterium_cookii,753,755,2
4743,Mycobacterium_cookii,760,768,8
4744,Mycobacterium_cookii,789,790,1
4745,Mycobacterium_cookii,839,840,1
4746,Mycobacterium_cookii,890,899,9
4747,Mycobacterium_cookii,1010,1011,1
4748,Mycobacterium_cookii,1068,1069,1
4749,Mycobacterium_cookii,1168,1169,1
4750,Mycobacterium_cookii,1185,1186,1
4751,Mycobacterium_cookii,1190,1192,2
4752,Mycobacterium_cookii,1211,1212,1
4753,Mycobacterium_cookii,1237,1238,1
4754,Mycobacterium_cookii,1398,1399,1
4755,Mycobacterium_cookii,1430,1437,7
4756,Mycobacterium_cookii,1438,1439,1
4757,Mycobacterium_cookii,1445,1446,1
4758,Mycobacterium_cookii,1449,1464,15
4759,Mycobacterium_cookii,1491,1492,1
4760,Mycobacterium_cookii,1707,1708,1
4761,Mycobacterium_cookii,1748,1749,1
4762,Mycobacterium_cookii,1751,1752,1
4763,Mycobacterium_cookii,1756,1761,5
4764,Mycobacterium_cookii,1771,1775,4
4765,Mycobacterium_cookii,1776,1777,1
4766,Mycobacterium_cookii,1789,1791,2
4767,Mycobacterium_cookii,1802,1803,1
4768,Mycobacterium_cookii,1954,1955,1
4769,Mycobacterium_cookii,1993,1994,1
4770,Mycobacterium_cookii,2132,2133,1
4771,Mycobacterium_cookii,2136,2137,1
4772,Mycobacterium_cookii,2138,2139,1
4773,Mycobacterium_cookii,2143,2147,4
4774,Mycobacterium_cookii,2151,2152,1
4775,Mycobacterium_cookii,2162,2163,1
4776,Mycobacterium_cookii,2285,2294,9
4777,Mycobacterium_cookii,2296,2297,1
4778,Mycobacterium_cookii,2299,2300,1
4779,Mycobacterium_cookii,2302,2307,5
4780,Mycobacterium_cookii,2309,2315,6
4781,Mycobacterium_cookii,2316,2325,9
4782,Mycobacterium_cookii,2379,2380,1
4783,Mycobacterium_cookii,2664,2665,1
4784,Mycobacterium_cookii,2723,2850,127
4785,Mycobacterium_cookii,3378,3379,1
4786,Mycobacterium_cookii,3433,3434,1
4787,Mycolicibacterium_arabiense,1,3,2
4788,Mycolicibacterium_arabiense,82,83,1
4789,Mycolicibacterium_arabiense,186,187,1
4790,Mycolicibacterium_arabiense,235,237,2
4791,Mycolicibacterium_arabiense,238,240,2
4792,Mycolicibacterium_arabiense,250,251,1
4793,Mycolicibacterium_arabiense,295,296,1
4794,Mycolicibacterium_arabiense,341,342,1
4795,Mycolicibacterium_arabiense,359,360,1
4796,Mycolicibacterium_arabiense,373,374,1
4797,Mycolicibacterium_arabiense,416,417,1
4798,Mycolicibacterium_arabiense,451,452,1
4799,Mycolicibacterium_arabiense,472,574,102
4800,Mycolicibacterium_arabiense,753,755,2
4801,Mycolicibacterium_arabiense,760,768,8
4802,Mycolicibacterium_arabiense,789,790,1
4803,Mycolicibacterium_arabiense,839,840,1
4804,Mycolicibacterium_arabiense,890,891,1
4805,Mycolicibacterium_arabiense,896,900,4
4806,Mycolicibacterium_arabiense,1010,1011,1
4807,Mycolicibacterium_arabiense,1068,1069,1
4808,Mycolicibacterium_arabiense,1168,1169,1
4809,Mycolicibacterium_arabiense,1185,1186,1
4810,Mycolicibacterium_arabiense,1191,1192,1
4811,Mycolicibacterium_arabiense,1211,1212,1
4812,Mycolicibacterium_arabiense,1237,1238,1
4813,Mycolicibacterium_arabiense,1398,1399,1
4814,Mycolicibacterium_arabiense,1430,1437,7
4815,Mycolicibacterium_arabiense,1438,1439,1
4816,Mycolicibacterium_arabiense,1445,1446,1
4817,Mycolicibacterium_arabiense,1452,1460,8
4818,Mycolicibacterium_arabiense,1707,1708,1
4819,Mycolicibacterium_arabiense,1748,1749,1
4820,Mycolicibacterium_arabiense,1751,1752,1
4821,Mycolicibacterium_arabiense,1756,1761,5
4822,Mycolicibacterium_arabiense,1771,1775,4
4823,Mycolicibacterium_arabiense,1776,1777,1
4824,Mycolicibacterium_arabiense,1784,1785,1
4825,Mycolicibacterium_arabiense,1802,1803,1
4826,Mycolicibacterium_arabiense,1918,1919,1
4827,Mycolicibacterium_arabiense,1954,1955,1
4828,Mycolicibacterium_arabiense,1993,1994,1
4829,Mycolicibacterium_arabiense,2132,2133,1
4830,Mycolicibacterium_arabiense,2136,2137,1
4831,Mycolicibacterium_arabiense,2138,2139,1
4832,Mycolicibacterium_arabiense,2143,2147,4
4833,Mycolicibacterium_arabiense,2151,2152,1
4834,Mycolicibacterium_arabiense,2162,2163,1
4835,Mycolicibacterium_arabiense,2286,2293,7
4836,Mycolicibacterium_arabiense,2296,2297,1
4837,Mycolicibacterium_arabiense,2299,2300,1
4838,Mycolicibacterium_arabiense,2303,2306,3
4839,Mycolicibacterium_arabiense,2309,2315,6
4840,Mycolicibacterium_arabiense,2316,2325,9
4841,Mycolicibacterium_arabiense,2379,2380,1
4842,Mycolicibacterium_arabiense,2664,2665,1
4843,Mycolicibacterium_arabiense,2723,2850,127
4844,Mycolicibacterium_arabiense,3376,3377,1
4845,Mycolicibacterium_arabiense,3378,3379,1
4846,Mycolicibacterium_arabiense,3433,3434,1
4847,Mycolicibacillus_koreensis,1,3,2
4848,Mycolicibacillus_koreensis,82,83,1
4849,Mycolicibacillus_koreensis,186,187,1
4850,Mycolicibacillus_koreensis,236,237,1
4851,Mycolicibacillus_koreensis,238,240,2
4852,Mycolicibacillus_koreensis,250,251,1
4853,Mycolicibacillus_koreensis,295,296,1
4854,Mycolicibacillus_koreensis,341,342,1
4855,Mycolicibacillus_koreensis,359,360,1
4856,Mycolicibacillus_koreensis,373,374,1
4857,Mycolicibacillus_koreensis,401,402,1
4858,Mycolicibacillus_koreensis,416,417,1
4859,Mycolicibacillus_koreensis,451,452,1
4860,Mycolicibacillus_koreensis,471,574,103
4861,Mycolicibacillus_koreensis,697,701,4
4862,Mycolicibacillus_koreensis,753,755,2
4863,Mycolicibacillus_koreensis,760,767,7
4864,Mycolicibacillus_koreensis,789,790,1
4865,Mycolicibacillus_koreensis,839,840,1
4866,Mycolicibacillus_koreensis,896,900,4
4867,Mycolicibacillus_koreensis,1010,1011,1
4868,Mycolicibacillus_koreensis,1068,1069,1
4869,Mycolicibacillus_koreensis,1168,1169,1
4870,Mycolicibacillus_koreensis,1190,1192,2
4871,Mycolicibacillus_koreensis,1211,1212,1
4872,Mycolicibacillus_koreensis,1237,1239,2
4873,Mycolicibacillus_koreensis,1398,1399,1
4874,Mycolicibacillus_koreensis,1430,1437,7
4875,Mycolicibacillus_koreensis,1438,1458,20
4876,Mycolicibacillus_koreensis,1491,1492,1
4877,Mycolicibacillus_koreensis,1707,1708,1
4878,Mycolicibacillus_koreensis,1751,1757,6
4879,Mycolicibacillus_koreensis,1772,1777,5
4880,Mycolicibacillus_koreensis,1784,1785,1
4881,Mycolicibacillus_koreensis,1789,1790,1
4882,Mycolicibacillus_koreensis,1802,1803,1
4883,Mycolicibacillus_koreensis,1918,1919,1
4884,Mycolicibacillus_koreensis,1954,1955,1
4885,Mycolicibacillus_koreensis,2132,2133,1
4886,Mycolicibacillus_koreensis,2136,2137,1
4887,Mycolicibacillus_koreensis,2138,2139,1
4888,Mycolicibacillus_koreensis,2143,2147,4
4889,Mycolicibacillus_koreensis,2151,2152,1
4890,Mycolicibacillus_koreensis,2162,2163,1
4891,Mycolicibacillus_koreensis,2285,2305,20
4892,Mycolicibacillus_koreensis,2310,2315,5
4893,Mycolicibacillus_koreensis,2316,2318,2
4894,Mycolicibacillus_koreensis,2379,2380,1
4895,Mycolicibacillus_koreensis,2664,2665,1
4896,Mycolicibacillus_koreensis,2723,2850,127
4897,Mycolicibacillus_koreensis,3376,3377,1
4898,Mycolicibacillus_koreensis,3378,3379,1
4899,Mycolicibacillus_koreensis,3393,3394,1
4900,Mycolicibacillus_koreensis,3433,3434,1
4901,Mycobacterium_talmoniae,1,3,2
4902,Mycobacterium_talmoniae,82,83,1
4903,Mycobacterium_talmoniae,186,187,1
4904,Mycobacterium_talmoniae,235,237,2
4905,Mycobacterium_talmoniae,238,240,2
4906,Mycobacterium_talmoniae,250,251,1
4907,Mycobacterium_talmoniae,295,296,1
4908,Mycobacterium_talmoniae,341,342,1
4909,Mycobacterium_talmoniae,359,360,1
4910,Mycobacterium_talmoniae,373,374,1
4911,Mycobacterium_talmoniae,401,402,1
4912,Mycobacterium_talmoniae,416,417,1
4913,Mycobacterium_talmoniae,451,452,1
4914,Mycobacterium_talmoniae,473,574,101
4915,Mycobacterium_talmoniae,753,755,2
4916,Mycobacterium_talmoniae,757,758,1
4917,Mycobacterium_talmoniae,760,768,8
4918,Mycobacterium_talmoniae,789,790,1
4919,Mycobacterium_talmoniae,839,840,1
4920,Mycobacterium_talmoniae,884,891,7
4921,Mycobacterium_talmoniae,896,900,4
4922,Mycobacterium_talmoniae,1010,1011,1
4923,Mycobacterium_talmoniae,1068,1069,1
4924,Mycobacterium_talmoniae,1168,1169,1
4925,Mycobacterium_talmoniae,1185,1186,1
4926,Mycobacterium_talmoniae,1189,1192,3
4927,Mycobacterium_talmoniae,1211,1212,1
4928,Mycobacterium_talmoniae,1237,1238,1
4929,Mycobacterium_talmoniae,1398,1399,1
4930,Mycobacterium_talmoniae,1430,1437,7
4931,Mycobacterium_talmoniae,1438,1439,1
4932,Mycobacterium_talmoniae,1441,1456,15
4933,Mycobacterium_talmoniae,1457,1458,1
4934,Mycobacterium_talmoniae,1491,1492,1
4935,Mycobacterium_talmoniae,1707,1708,1
4936,Mycobacterium_talmoniae,1748,1749,1
4937,Mycobacterium_talmoniae,1751,1752,1
4938,Mycobacterium_talmoniae,1756,1761,5
4939,Mycobacterium_talmoniae,1772,1777,5
4940,Mycobacterium_talmoniae,1784,1785,1
4941,Mycobacterium_talmoniae,1789,1791,2
4942,Mycobacterium_talmoniae,1802,1803,1
4943,Mycobacterium_talmoniae,1954,1955,1
4944,Mycobacterium_talmoniae,1993,1994,1
4945,Mycobacterium_talmoniae,2132,2133,1
4946,Mycobacterium_talmoniae,2136,2137,1
4947,Mycobacterium_talmoniae,2138,2139,1
4948,Mycobacterium_talmoniae,2143,2147,4
4949,Mycobacterium_talmoniae,2150,2152,2
4950,Mycobacterium_talmoniae,2162,2163,1
4951,Mycobacterium_talmoniae,2285,2294,9
4952,Mycobacterium_talmoniae,2295,2307,12
4953,Mycobacterium_talmoniae,2309,2315,6
4954,Mycobacterium_talmoniae,2379,2380,1
4955,Mycobacterium_talmoniae,2664,2665,1
4956,Mycobacterium_talmoniae,2723,2850,127
4957,Mycobacterium_talmoniae,3376,3377,1
4958,Mycobacterium_talmoniae,3378,3379,1
4959,Mycobacterium_talmoniae,3433,3434,1
4960,Mycolicibacillus_trivialis,1,3,2
4961,Mycolicibacillus_trivialis,82,83,1
4962,Mycolicibacillus_trivialis,186,187,1
4963,Mycolicibacillus_trivialis,235,237,2
4964,Mycolicibacillus_trivialis,238,240,2
4965,Mycolicibacillus_trivialis,250,251,1
4966,Mycolicibacillus_trivialis,295,296,1
4967,Mycolicibacillus_trivialis,341,342,1
4968,Mycolicibacillus_trivialis,373,374,1
4969,Mycolicibacillus_trivialis,401,402,1
4970,Mycolicibacillus_trivialis,416,417,1
4971,Mycolicibacillus_trivialis,451,452,1
4972,Mycolicibacillus_trivialis,471,574,103
4973,Mycolicibacillus_trivialis,753,755,2
4974,Mycolicibacillus_trivialis,760,767,7
4975,Mycolicibacillus_trivialis,789,790,1
4976,Mycolicibacillus_trivialis,839,840,1
4977,Mycolicibacillus_trivialis,887,902,15
4978,Mycolicibacillus_trivialis,1010,1011,1
4979,Mycolicibacillus_trivialis,1068,1069,1
4980,Mycolicibacillus_trivialis,1168,1169,1
4981,Mycolicibacillus_trivialis,1190,1192,2
4982,Mycolicibacillus_trivialis,1211,1212,1
4983,Mycolicibacillus_trivialis,1237,1238,1
4984,Mycolicibacillus_trivialis,1398,1399,1
4985,Mycolicibacillus_trivialis,1430,1437,7
4986,Mycolicibacillus_trivialis,1438,1439,1
4987,Mycolicibacillus_trivialis,1445,1446,1
4988,Mycolicibacillus_trivialis,1449,1458,9
4989,Mycolicibacillus_trivialis,1491,1492,1
4990,Mycolicibacillus_trivialis,1707,1708,1
4991,Mycolicibacillus_trivialis,1748,1749,1
4992,Mycolicibacillus_trivialis,1756,1761,5
4993,Mycolicibacillus_trivialis,1776,1777,1
4994,Mycolicibacillus_trivialis,1784,1790,6
4995,Mycolicibacillus_trivialis,1802,1803,1
4996,Mycolicibacillus_trivialis,1954,1955,1
4997,Mycolicibacillus_trivialis,1993,1994,1
4998,Mycolicibacillus_trivialis,2132,2133,1
4999,Mycolicibacillus_trivialis,2136,2137,1
5000,Mycolicibacillus_trivialis,2138,2139,1
5001,Mycolicibacillus_trivialis,2143,2147,4
5002,Mycolicibacillus_trivialis,2151,2152,1
5003,Mycolicibacillus_trivialis,2162,2163,1
5004,Mycolicibacillus_trivialis,2285,2305,20
5005,Mycolicibacillus_trivialis,2310,2315,5
5006,Mycolicibacillus_trivialis,2316,2318,2
5007,Mycolicibacillus_trivialis,2379,2380,1
5008,Mycolicibacillus_trivialis,2664,2665,1
5009,Mycolicibacillus_trivialis,2723,2850,127
5010,Mycolicibacillus_trivialis,3376,3377,1
5011,Mycolicibacillus_trivialis,3378,3379,1
5012,Mycolicibacillus_trivialis,3433,3434,1
5013,Mycolicibacterium_madagascariense,1,3,2
5014,Mycolicibacterium_madagascariense,82,83,1
5015,Mycolicibacterium_madagascariense,186,187,1
5016,Mycolicibacterium_madagascariense,235,237,2
5017,Mycolicibacterium_madagascariense,238,240,2
5018,Mycolicibacterium_madagascariense,250,251,1
5019,Mycolicibacterium_madagascariense,295,296,1
5020,Mycolicibacterium_madagascariense,321,323,2
5021,Mycolicibacterium_madagascariense,340,342,2
5022,Mycolicibacterium_madagascariense,355,356,1
5023,Mycolicibacterium_madagascariense,359,360,1
5024,Mycolicibacterium_madagascariense,373,374,1
5025,Mycolicibacterium_madagascariense,401,402,1
5026,Mycolicibacterium_madagascariense,416,417,1
5027,Mycolicibacterium_madagascariense,451,452,1
5028,Mycolicibacterium_madagascariense,472,574,102
5029,Mycolicibacterium_madagascariense,753,756,3
5030,Mycolicibacterium_madagascariense,760,768,8
5031,Mycolicibacterium_madagascariense,789,790,1
5032,Mycolicibacterium_madagascariense,839,840,1
5033,Mycolicibacterium_madagascariense,890,891,1
5034,Mycolicibacterium_madagascariense,896,900,4
5035,Mycolicibacterium_madagascariense,1010,1011,1
5036,Mycolicibacterium_madagascariense,1068,1069,1
5037,Mycolicibacterium_madagascariense,1168,1169,1
5038,Mycolicibacterium_madagascariense,1185,1186,1
5039,Mycolicibacterium_madagascariense,1191,1192,1
5040,Mycolicibacterium_madagascariense,1211,1212,1
5041,Mycolicibacterium_madagascariense,1237,1238,1
5042,Mycolicibacterium_madagascariense,1398,1399,1
5043,Mycolicibacterium_madagascariense,1430,1437,7
5044,Mycolicibacterium_madagascariense,1438,1439,1
5045,Mycolicibacterium_madagascariense,1445,1446,1
5046,Mycolicibacterium_madagascariense,1452,1456,4
5047,Mycolicibacterium_madagascariense,1457,1458,1
5048,Mycolicibacterium_madagascariense,1491,1492,1
5049,Mycolicibacterium_madagascariense,1707,1708,1
5050,Mycolicibacterium_madagascariense,1748,1749,1
5051,Mycolicibacterium_madagascariense,1751,1752,1
5052,Mycolicibacterium_madagascariense,1756,1761,5
5053,Mycolicibacterium_madagascariense,1771,1775,4
5054,Mycolicibacterium_madagascariense,1776,1777,1
5055,Mycolicibacterium_madagascariense,1784,1785,1
5056,Mycolicibacterium_madagascariense,1789,1791,2
5057,Mycolicibacterium_madagascariense,1802,1803,1
5058,Mycolicibacterium_madagascariense,1954,1955,1
5059,Mycolicibacterium_madagascariense,1993,1994,1
5060,Mycolicibacterium_madagascariense,2121,2122,1
5061,Mycolicibacterium_madagascariense,2132,2133,1
5062,Mycolicibacterium_madagascariense,2136,2137,1
5063,Mycolicibacterium_madagascariense,2138,2139,1
5064,Mycolicibacterium_madagascariense,2143,2147,4
5065,Mycolicibacterium_madagascariense,2151,2152,1
5066,Mycolicibacterium_madagascariense,2162,2163,1
5067,Mycolicibacterium_madagascariense,2285,2294,9
5068,Mycolicibacterium_madagascariense,2296,2297,1
5069,Mycolicibacterium_madagascariense,2299,2300,1
5070,Mycolicibacterium_madagascariense,2303,2306,3
5071,Mycolicibacterium_madagascariense,2309,2315,6
5072,Mycolicibacterium_madagascariense,2316,2325,9
5073,Mycolicibacterium_madagascariense,2379,2380,1
5074,Mycolicibacterium_madagascariense,2664,2665,1
5075,Mycolicibacterium_madagascariense,2723,2850,127
5076,Mycolicibacterium_madagascariense,3376,3377,1
5077,Mycolicibacterium_madagascariense,3378,3379,1
5078,Mycolicibacterium_madagascariense,3433,3434,1
5079,Mycolicibacter_kumamotonensis,1,3,2
5080,Mycolicibacter_kumamotonensis,82,83,1
5081,Mycolicibacter_kumamotonensis,236,237,1
5082,Mycolicibacter_kumamotonensis,238,240,2
5083,Mycolicibacter_kumamotonensis,250,251,1
5084,Mycolicibacter_kumamotonensis,277,278,1
5085,Mycolicibacter_kumamotonensis,295,296,1
5086,Mycolicibacter_kumamotonensis,341,342,1
5087,Mycolicibacter_kumamotonensis,359,360,1
5088,Mycolicibacter_kumamotonensis,373,374,1
5089,Mycolicibacter_kumamotonensis,401,402,1
5090,Mycolicibacter_kumamotonensis,416,417,1
5091,Mycolicibacter_kumamotonensis,451,452,1
5092,Mycolicibacter_kumamotonensis,472,574,102
5093,Mycolicibacter_kumamotonensis,753,755,2
5094,Mycolicibacter_kumamotonensis,760,768,8
5095,Mycolicibacter_kumamotonensis,789,790,1
5096,Mycolicibacter_kumamotonensis,839,840,1
5097,Mycolicibacter_kumamotonensis,890,891,1
5098,Mycolicibacter_kumamotonensis,896,900,4
5099,Mycolicibacter_kumamotonensis,1010,1011,1
5100,Mycolicibacter_kumamotonensis,1068,1069,1
5101,Mycolicibacter_kumamotonensis,1168,1169,1
5102,Mycolicibacter_kumamotonensis,1185,1186,1
5103,Mycolicibacter_kumamotonensis,1190,1192,2
5104,Mycolicibacter_kumamotonensis,1211,1212,1
5105,Mycolicibacter_kumamotonensis,1237,1238,1
5106,Mycolicibacter_kumamotonensis,1398,1399,1
5107,Mycolicibacter_kumamotonensis,1430,1437,7
5108,Mycolicibacter_kumamotonensis,1438,1439,1
5109,Mycolicibacter_kumamotonensis,1440,1458,18
5110,Mycolicibacter_kumamotonensis,1462,1463,1
5111,Mycolicibacter_kumamotonensis,1491,1492,1
5112,Mycolicibacter_kumamotonensis,1707,1708,1
5113,Mycolicibacter_kumamotonensis,1748,1749,1
5114,Mycolicibacter_kumamotonensis,1756,1761,5
5115,Mycolicibacter_kumamotonensis,1772,1775,3
5116,Mycolicibacter_kumamotonensis,1776,1777,1
5117,Mycolicibacter_kumamotonensis,1784,1785,1
5118,Mycolicibacter_kumamotonensis,1789,1791,2
5119,Mycolicibacter_kumamotonensis,1802,1803,1
5120,Mycolicibacter_kumamotonensis,1918,1919,1
5121,Mycolicibacter_kumamotonensis,1954,1955,1
5122,Mycolicibacter_kumamotonensis,1993,1994,1
5123,Mycolicibacter_kumamotonensis,2132,2133,1
5124,Mycolicibacter_kumamotonensis,2136,2137,1
5125,Mycolicibacter_kumamotonensis,2138,2139,1
5126,Mycolicibacter_kumamotonensis,2143,2147,4
5127,Mycolicibacter_kumamotonensis,2151,2152,1
5128,Mycolicibacter_kumamotonensis,2162,2163,1
5129,Mycolicibacter_kumamotonensis,2285,2294,9
5130,Mycolicibacter_kumamotonensis,2296,2297,1
5131,Mycolicibacter_kumamotonensis,2299,2300,1
5132,Mycolicibacter_kumamotonensis,2302,2307,5
5133,Mycolicibacter_kumamotonensis,2309,2315,6
5134,Mycolicibacter_kumamotonensis,2316,2325,9
5135,Mycolicibacter_kumamotonensis,2379,2380,1
5136,Mycolicibacter_kumamotonensis,2664,2665,1
5137,Mycolicibacter_kumamotonensis,2723,2850,127
5138,Mycolicibacter_kumamotonensis,3376,3377,1
5139,Mycolicibacter_kumamotonensis,3378,3379,1
5140,Mycolicibacter_kumamotonensis,3433,3434,1
5141,Mycobacterium_branderi,1,3,2
5142,Mycobacterium_branderi,82,83,1
5143,Mycobacterium_branderi,186,187,1
5144,Mycobacterium_branderi,235,237,2
5145,Mycobacterium_branderi,238,240,2
5146,Mycobacterium_branderi,250,251,1
5147,Mycobacterium_branderi,295,296,1
5148,Mycobacterium_branderi,359,360,1
5149,Mycobacterium_branderi,373,374,1
5150,Mycobacterium_branderi,386,387,1
5151,Mycobacterium_branderi,401,402,1
5152,Mycobacterium_branderi,416,417,1
5153,Mycobacterium_branderi,451,452,1
5154,Mycobacterium_branderi,471,574,103
5155,Mycobacterium_branderi,753,769,16
5156,Mycobacterium_branderi,789,790,1
5157,Mycobacterium_branderi,884,886,2
5158,Mycobacterium_branderi,890,891,1
5159,Mycobacterium_branderi,896,900,4
5160,Mycobacterium_branderi,1010,1011,1
5161,Mycobacterium_branderi,1068,1069,1
5162,Mycobacterium_branderi,1168,1169,1
5163,Mycobacterium_branderi,1184,1186,2
5164,Mycobacterium_branderi,1190,1192,2
5165,Mycobacterium_branderi,1211,1212,1
5166,Mycobacterium_branderi,1237,1238,1
5167,Mycobacterium_branderi,1398,1399,1
5168,Mycobacterium_branderi,1430,1437,7
5169,Mycobacterium_branderi,1438,1439,1
5170,Mycobacterium_branderi,1445,1458,13
5171,Mycobacterium_branderi,1491,1492,1
5172,Mycobacterium_branderi,1707,1708,1
5173,Mycobacterium_branderi,1748,1749,1
5174,Mycobacterium_branderi,1756,1761,5
5175,Mycobacterium_branderi,1772,1775,3
5176,Mycobacterium_branderi,1776,1777,1
5177,Mycobacterium_branderi,1784,1785,1
5178,Mycobacterium_branderi,1789,1791,2
5179,Mycobacterium_branderi,1802,1803,1
5180,Mycobacterium_branderi,1917,1919,2
5181,Mycobacterium_branderi,1954,1955,1
5182,Mycobacterium_branderi,1993,1994,1
5183,Mycobacterium_branderi,2132,2133,1
5184,Mycobacterium_branderi,2136,2137,1
5185,Mycobacterium_branderi,2138,2139,1
5186,Mycobacterium_branderi,2143,2147,4
5187,Mycobacterium_branderi,2151,2152,1
5188,Mycobacterium_branderi,2154,2155,1
5189,Mycobacterium_branderi,2162,2163,1
5190,Mycobacterium_branderi,2285,2294,9
5191,Mycobacterium_branderi,2296,2305,9
5192,Mycobacterium_branderi,2316,2325,9
5193,Mycobacterium_branderi,2379,2380,1
5194,Mycobacterium_branderi,2664,2665,1
5195,Mycobacterium_branderi,2723,2850,127
5196,Mycobacterium_branderi,3376,3377,1
5197,Mycobacterium_branderi,3378,3379,1
5198,Mycobacterium_branderi,3433,3434,1
5199,Mycolicibacterium_lacusdiani,82,83,1
5200,Mycolicibacterium_lacusdiani,186,187,1
5201,Mycolicibacterium_lacusdiani,235,237,2
5202,Mycolicibacterium_lacusdiani,238,240,2
5203,Mycolicibacterium_lacusdiani,250,251,1
5204,Mycolicibacterium_lacusdiani,295,296,1
5205,Mycolicibacterium_lacusdiani,341,342,1
5206,Mycolicibacterium_lacusdiani,359,360,1
5207,Mycolicibacterium_lacusdiani,373,374,1
5208,Mycolicibacterium_lacusdiani,416,417,1
5209,Mycolicibacterium_lacusdiani,451,452,1
5210,Mycolicibacterium_lacusdiani,471,574,103
5211,Mycolicibacterium_lacusdiani,760,768,8
5212,Mycolicibacterium_lacusdiani,789,790,1
5213,Mycolicibacterium_lacusdiani,839,840,1
5214,Mycolicibacterium_lacusdiani,890,891,1
5215,Mycolicibacterium_lacusdiani,896,900,4
5216,Mycolicibacterium_lacusdiani,1010,1011,1
5217,Mycolicibacterium_lacusdiani,1068,1069,1
5218,Mycolicibacterium_lacusdiani,1168,1169,1
5219,Mycolicibacterium_lacusdiani,1185,1186,1
5220,Mycolicibacterium_lacusdiani,1191,1192,1
5221,Mycolicibacterium_lacusdiani,1211,1212,1
5222,Mycolicibacterium_lacusdiani,1237,1238,1
5223,Mycolicibacterium_lacusdiani,1398,1399,1
5224,Mycolicibacterium_lacusdiani,1430,1437,7
5225,Mycolicibacterium_lacusdiani,1438,1439,1
5226,Mycolicibacterium_lacusdiani,1445,1465,20
5227,Mycolicibacterium_lacusdiani,1707,1708,1
5228,Mycolicibacterium_lacusdiani,1748,1749,1
5229,Mycolicibacterium_lacusdiani,1751,1752,1
5230,Mycolicibacterium_lacusdiani,1756,1761,5
5231,Mycolicibacterium_lacusdiani,1771,1775,4
5232,Mycolicibacterium_lacusdiani,1776,1777,1
5233,Mycolicibacterium_lacusdiani,1784,1785,1
5234,Mycolicibacterium_lacusdiani,1802,1803,1
5235,Mycolicibacterium_lacusdiani,1918,1919,1
5236,Mycolicibacterium_lacusdiani,1954,1955,1
5237,Mycolicibacterium_lacusdiani,1993,1994,1
5238,Mycolicibacterium_lacusdiani,2132,2133,1
5239,Mycolicibacterium_lacusdiani,2136,2137,1
5240,Mycolicibacterium_lacusdiani,2138,2139,1
5241,Mycolicibacterium_lacusdiani,2143,2147,4
5242,Mycolicibacterium_lacusdiani,2151,2152,1
5243,Mycolicibacterium_lacusdiani,2162,2163,1
5244,Mycolicibacterium_lacusdiani,2286,2293,7
5245,Mycolicibacterium_lacusdiani,2296,2297,1
5246,Mycolicibacterium_lacusdiani,2299,2300,1
5247,Mycolicibacterium_lacusdiani,2303,2306,3
5248,Mycolicibacterium_lacusdiani,2309,2315,6
5249,Mycolicibacterium_lacusdiani,2316,2325,9
5250,Mycolicibacterium_lacusdiani,2379,2380,1
5251,Mycolicibacterium_lacusdiani,2664,2665,1
5252,Mycolicibacterium_lacusdiani,2723,2850,127
5253,Mycolicibacterium_lacusdiani,3376,3377,1
5254,Mycolicibacterium_lacusdiani,3378,3379,1
5255,Mycolicibacterium_lacusdiani,3433,3434,1
5256,Mycolicibacter_heraklionensis,1,3,2
5257,Mycolicibacter_heraklionensis,82,83,1
5258,Mycolicibacter_heraklionensis,236,237,1
5259,Mycolicibacter_heraklionensis,238,240,2
5260,Mycolicibacter_heraklionensis,250,251,1
5261,Mycolicibacter_heraklionensis,295,296,1
5262,Mycolicibacter_heraklionensis,341,342,1
5263,Mycolicibacter_heraklionensis,359,360,1
5264,Mycolicibacter_heraklionensis,373,374,1
5265,Mycolicibacter_heraklionensis,401,402,1
5266,Mycolicibacter_heraklionensis,416,417,1
5267,Mycolicibacter_heraklionensis,451,452,1
5268,Mycolicibacter_heraklionensis,471,574,103
5269,Mycolicibacter_heraklionensis,753,755,2
5270,Mycolicibacter_heraklionensis,759,768,9
5271,Mycolicibacter_heraklionensis,789,790,1
5272,Mycolicibacter_heraklionensis,839,840,1
5273,Mycolicibacter_heraklionensis,890,891,1
5274,Mycolicibacter_heraklionensis,896,900,4
5275,Mycolicibacter_heraklionensis,1010,1011,1
5276,Mycolicibacter_heraklionensis,1068,1069,1
5277,Mycolicibacter_heraklionensis,1168,1169,1
5278,Mycolicibacter_heraklionensis,1185,1186,1
5279,Mycolicibacter_heraklionensis,1190,1192,2
5280,Mycolicibacter_heraklionensis,1211,1212,1
5281,Mycolicibacter_heraklionensis,1237,1238,1
5282,Mycolicibacter_heraklionensis,1398,1399,1
5283,Mycolicibacter_heraklionensis,1430,1437,7
5284,Mycolicibacter_heraklionensis,1438,1439,1
5285,Mycolicibacter_heraklionensis,1440,1458,18
5286,Mycolicibacter_heraklionensis,1491,1492,1
5287,Mycolicibacter_heraklionensis,1707,1708,1
5288,Mycolicibacter_heraklionensis,1756,1761,5
5289,Mycolicibacter_heraklionensis,1772,1775,3
5290,Mycolicibacter_heraklionensis,1776,1777,1
5291,Mycolicibacter_heraklionensis,1784,1785,1
5292,Mycolicibacter_heraklionensis,1789,1790,1
5293,Mycolicibacter_heraklionensis,1802,1803,1
5294,Mycolicibacter_heraklionensis,1917,1919,2
5295,Mycolicibacter_heraklionensis,1954,1955,1
5296,Mycolicibacter_heraklionensis,1993,1994,1
5297,Mycolicibacter_heraklionensis,2132,2133,1
5298,Mycolicibacter_heraklionensis,2136,2137,1
5299,Mycolicibacter_heraklionensis,2138,2139,1
5300,Mycolicibacter_heraklionensis,2143,2147,4
5301,Mycolicibacter_heraklionensis,2162,2163,1
5302,Mycolicibacter_heraklionensis,2285,2294,9
5303,Mycolicibacter_heraklionensis,2296,2297,1
5304,Mycolicibacter_heraklionensis,2299,2300,1
5305,Mycolicibacter_heraklionensis,2302,2307,5
5306,Mycolicibacter_heraklionensis,2309,2315,6
5307,Mycolicibacter_heraklionensis,2316,2325,9
5308,Mycolicibacter_heraklionensis,2379,2380,1
5309,Mycolicibacter_heraklionensis,2664,2665,1
5310,Mycolicibacter_heraklionensis,2723,2850,127
5311,Mycolicibacter_heraklionensis,3376,3377,1
5312,Mycolicibacter_heraklionensis,3378,3379,1
5313,Mycolicibacter_heraklionensis,3433,3434,1
5314,Mycolicibacter_nonchromogenicus,1,3,2
5315,Mycolicibacter_nonchromogenicus,82,83,1
5316,Mycolicibacter_nonchromogenicus,236,237,1
5317,Mycolicibacter_nonchromogenicus,238,240,2
5318,Mycolicibacter_nonchromogenicus,250,251,1
5319,Mycolicibacter_nonchromogenicus,295,296,1
5320,Mycolicibacter_nonchromogenicus,341,342,1
5321,Mycolicibacter_nonchromogenicus,359,360,1
5322,Mycolicibacter_nonchromogenicus,373,374,1
5323,Mycolicibacter_nonchromogenicus,401,402,1
5324,Mycolicibacter_nonchromogenicus,416,417,1
5325,Mycolicibacter_nonchromogenicus,451,452,1
5326,Mycolicibacter_nonchromogenicus,471,574,103
5327,Mycolicibacter_nonchromogenicus,753,755,2
5328,Mycolicibacter_nonchromogenicus,759,768,9
5329,Mycolicibacter_nonchromogenicus,789,790,1
5330,Mycolicibacter_nonchromogenicus,839,840,1
5331,Mycolicibacter_nonchromogenicus,890,891,1
5332,Mycolicibacter_nonchromogenicus,896,900,4
5333,Mycolicibacter_nonchromogenicus,1010,1011,1
5334,Mycolicibacter_nonchromogenicus,1068,1069,1
5335,Mycolicibacter_nonchromogenicus,1168,1169,1
5336,Mycolicibacter_nonchromogenicus,1185,1186,1
5337,Mycolicibacter_nonchromogenicus,1190,1192,2
5338,Mycolicibacter_nonchromogenicus,1211,1212,1
5339,Mycolicibacter_nonchromogenicus,1237,1238,1
5340,Mycolicibacter_nonchromogenicus,1398,1399,1
5341,Mycolicibacter_nonchromogenicus,1430,1437,7
5342,Mycolicibacter_nonchromogenicus,1438,1439,1
5343,Mycolicibacter_nonchromogenicus,1440,1458,18
5344,Mycolicibacter_nonchromogenicus,1462,1463,1
5345,Mycolicibacter_nonchromogenicus,1491,1492,1
5346,Mycolicibacter_nonchromogenicus,1707,1708,1
5347,Mycolicibacter_nonchromogenicus,1748,1749,1
5348,Mycolicibacter_nonchromogenicus,1751,1752,1
5349,Mycolicibacter_nonchromogenicus,1756,1761,5
5350,Mycolicibacter_nonchromogenicus,1772,1777,5
5351,Mycolicibacter_nonchromogenicus,1784,1785,1
5352,Mycolicibacter_nonchromogenicus,1789,1791,2
5353,Mycolicibacter_nonchromogenicus,1802,1803,1
5354,Mycolicibacter_nonchromogenicus,1954,1955,1
5355,Mycolicibacter_nonchromogenicus,1993,1994,1
5356,Mycolicibacter_nonchromogenicus,2132,2133,1
5357,Mycolicibacter_nonchromogenicus,2136,2137,1
5358,Mycolicibacter_nonchromogenicus,2138,2139,1
5359,Mycolicibacter_nonchromogenicus,2143,2147,4
5360,Mycolicibacter_nonchromogenicus,2151,2152,1
5361,Mycolicibacter_nonchromogenicus,2162,2163,1
5362,Mycolicibacter_nonchromogenicus,2285,2294,9
5363,Mycolicibacter_nonchromogenicus,2296,2297,1
5364,Mycolicibacter_nonchromogenicus,2299,2300,1
5365,Mycolicibacter_nonchromogenicus,2302,2307,5
5366,Mycolicibacter_nonchromogenicus,2309,2315,6
5367,Mycolicibacter_nonchromogenicus,2316,2325,9
5368,Mycolicibacter_nonchromogenicus,2379,2380,1
5369,Mycolicibacter_nonchromogenicus,2664,2665,1
5370,Mycolicibacter_nonchromogenicus,2723,2850,127
5371,Mycolicibacter_nonchromogenicus,3376,3377,1
5372,Mycolicibacter_nonchromogenicus,3378,3379,1
5373,Mycolicibacter_nonchromogenicus,3433,3434,1
5374,Mycobacterium_yunnanensis,1,3,2
5375,Mycobacterium_yunnanensis,82,83,1
5376,Mycobacterium_yunnanensis,186,187,1
5377,Mycobacterium_yunnanensis,235,237,2
5378,Mycobacterium_yunnanensis,238,240,2
5379,Mycobacterium_yunnanensis,250,251,1
5380,Mycobacterium_yunnanensis,295,296,1
5381,Mycobacterium_yunnanensis,341,342,1
5382,Mycobacterium_yunnanensis,359,360,1
5383,Mycobacterium_yunnanensis,373,374,1
5384,Mycobacterium_yunnanensis,416,417,1
5385,Mycobacterium_yunnanensis,451,452,1
5386,Mycobacterium_yunnanensis,472,574,102
5387,Mycobacterium_yunnanensis,753,756,3
5388,Mycobacterium_yunnanensis,760,768,8
5389,Mycobacterium_yunnanensis,789,790,1
5390,Mycobacterium_yunnanensis,839,840,1
5391,Mycobacterium_yunnanensis,890,891,1
5392,Mycobacterium_yunnanensis,896,900,4
5393,Mycobacterium_yunnanensis,1010,1011,1
5394,Mycobacterium_yunnanensis,1068,1069,1
5395,Mycobacterium_yunnanensis,1168,1169,1
5396,Mycobacterium_yunnanensis,1185,1186,1
5397,Mycobacterium_yunnanensis,1191,1192,1
5398,Mycobacterium_yunnanensis,1211,1212,1
5399,Mycobacterium_yunnanensis,1237,1238,1
5400,Mycobacterium_yunnanensis,1398,1399,1
5401,Mycobacterium_yunnanensis,1430,1437,7
5402,Mycobacterium_yunnanensis,1438,1439,1
5403,Mycobacterium_yunnanensis,1440,1461,21
5404,Mycobacterium_yunnanensis,1707,1708,1
5405,Mycobacterium_yunnanensis,1748,1749,1
5406,Mycobacterium_yunnanensis,1751,1752,1
5407,Mycobacterium_yunnanensis,1756,1761,5
5408,Mycobacterium_yunnanensis,1771,1775,4
5409,Mycobacterium_yunnanensis,1776,1777,1
5410,Mycobacterium_yunnanensis,1784,1785,1
5411,Mycobacterium_yunnanensis,1802,1803,1
5412,Mycobacterium_yunnanensis,1918,1919,1
5413,Mycobacterium_yunnanensis,1954,1955,1
5414,Mycobacterium_yunnanensis,1993,1994,1
5415,Mycobacterium_yunnanensis,2121,2122,1
5416,Mycobacterium_yunnanensis,2132,2133,1
5417,Mycobacterium_yunnanensis,2136,2137,1
5418,Mycobacterium_yunnanensis,2138,2139,1
5419,Mycobacterium_yunnanensis,2143,2147,4
5420,Mycobacterium_yunnanensis,2151,2152,1
5421,Mycobacterium_yunnanensis,2162,2163,1
5422,Mycobacterium_yunnanensis,2285,2294,9
5423,Mycobacterium_yunnanensis,2296,2297,1
5424,Mycobacterium_yunnanensis,2299,2300,1
5425,Mycobacterium_yunnanensis,2303,2306,3
5426,Mycobacterium_yunnanensis,2307,2315,8
5427,Mycobacterium_yunnanensis,2316,2325,9
5428,Mycobacterium_yunnanensis,2379,2380,1
5429,Mycobacterium_yunnanensis,2664,2665,1
5430,Mycobacterium_yunnanensis,2723,2850,127
5431,Mycobacterium_yunnanensis,3376,3377,1
5432,Mycobacterium_yunnanensis,3378,3379,1
5433,Mycobacterium_yunnanensis,3433,3434,1
5434,Mycolicibacter_longobardus,1,3,2
5435,Mycolicibacter_longobardus,82,83,1
5436,Mycolicibacter_longobardus,236,237,1
5437,Mycolicibacter_longobardus,238,240,2
5438,Mycolicibacter_longobardus,250,251,1
5439,Mycolicibacter_longobardus,295,296,1
5440,Mycolicibacter_longobardus,341,342,1
5441,Mycolicibacter_longobardus,359,360,1
5442,Mycolicibacter_longobardus,373,374,1
5443,Mycolicibacter_longobardus,401,402,1
5444,Mycolicibacter_longobardus,416,417,1
5445,Mycolicibacter_longobardus,451,452,1
5446,Mycolicibacter_longobardus,471,574,103
5447,Mycolicibacter_longobardus,753,755,2
5448,Mycolicibacter_longobardus,760,768,8
5449,Mycolicibacter_longobardus,789,790,1
5450,Mycolicibacter_longobardus,839,840,1
5451,Mycolicibacter_longobardus,890,891,1
5452,Mycolicibacter_longobardus,896,900,4
5453,Mycolicibacter_longobardus,1010,1011,1
5454,Mycolicibacter_longobardus,1068,1069,1
5455,Mycolicibacter_longobardus,1168,1169,1
5456,Mycolicibacter_longobardus,1185,1186,1
5457,Mycolicibacter_longobardus,1190,1192,2
5458,Mycolicibacter_longobardus,1211,1212,1
5459,Mycolicibacter_longobardus,1237,1238,1
5460,Mycolicibacter_longobardus,1398,1399,1
5461,Mycolicibacter_longobardus,1430,1437,7
5462,Mycolicibacter_longobardus,1438,1439,1
5463,Mycolicibacter_longobardus,1440,1458,18
5464,Mycolicibacter_longobardus,1462,1463,1
5465,Mycolicibacter_longobardus,1491,1492,1
5466,Mycolicibacter_longobardus,1707,1708,1
5467,Mycolicibacter_longobardus,1748,1749,1
5468,Mycolicibacter_longobardus,1756,1761,5
5469,Mycolicibacter_longobardus,1772,1775,3
5470,Mycolicibacter_longobardus,1776,1777,1
5471,Mycolicibacter_longobardus,1784,1785,1
5472,Mycolicibacter_longobardus,1789,1791,2
5473,Mycolicibacter_longobardus,1802,1803,1
5474,Mycolicibacter_longobardus,1918,1919,1
5475,Mycolicibacter_longobardus,1954,1955,1
5476,Mycolicibacter_longobardus,1993,1994,1
5477,Mycolicibacter_longobardus,2132,2133,1
5478,Mycolicibacter_longobardus,2136,2137,1
5479,Mycolicibacter_longobardus,2138,2139,1
5480,Mycolicibacter_longobardus,2143,2147,4
5481,Mycolicibacter_longobardus,2151,2152,1
5482,Mycolicibacter_longobardus,2162,2163,1
5483,Mycolicibacter_longobardus,2285,2294,9
5484,Mycolicibacter_longobardus,2296,2297,1
5485,Mycolicibacter_longobardus,2299,2300,1
5486,Mycolicibacter_longobardus,2302,2307,5
5487,Mycolicibacter_longobardus,2309,2315,6
5488,Mycolicibacter_longobardus,2316,2325,9
5489,Mycolicibacter_longobardus,2379,2380,1
5490,Mycolicibacter_longobardus,2664,2665,1
5491,Mycolicibacter_longobardus,2723,2850,127
5492,Mycolicibacter_longobardus,3376,3377,1
5493,Mycolicibacter_longobardus,3378,3379,1
5494,Mycolicibacter_longobardus,3433,3434,1
5495,Mycobacterium_fragae,1,3,2
5496,Mycobacterium_fragae,82,83,1
5497,Mycobacterium_fragae,186,187,1
5498,Mycobacterium_fragae,235,237,2
5499,Mycobacterium_fragae,238,240,2
5500,Mycobacterium_fragae,250,251,1
5501,Mycobacterium_fragae,359,360,1
5502,Mycobacterium_fragae,386,387,1
5503,Mycobacterium_fragae,401,402,1
5504,Mycobacterium_fragae,416,417,1
5505,Mycobacterium_fragae,451,452,1
5506,Mycobacterium_fragae,472,574,102
5507,Mycobacterium_fragae,753,768,15
5508,Mycobacterium_fragae,789,790,1
5509,Mycobacterium_fragae,839,840,1
5510,Mycobacterium_fragae,883,891,8
5511,Mycobacterium_fragae,896,897,1
5512,Mycobacterium_fragae,1010,1011,1
5513,Mycobacterium_fragae,1068,1069,1
5514,Mycobacterium_fragae,1168,1169,1
5515,Mycobacterium_fragae,1184,1186,2
5516,Mycobacterium_fragae,1190,1192,2
5517,Mycobacterium_fragae,1211,1212,1
5518,Mycobacterium_fragae,1237,1238,1
5519,Mycobacterium_fragae,1398,1399,1
5520,Mycobacterium_fragae,1430,1437,7
5521,Mycobacterium_fragae,1438,1439,1
5522,Mycobacterium_fragae,1445,1462,17
5523,Mycobacterium_fragae,1491,1492,1
5524,Mycobacterium_fragae,1518,1519,1
5525,Mycobacterium_fragae,1707,1708,1
5526,Mycobacterium_fragae,1748,1749,1
5527,Mycobacterium_fragae,1756,1761,5
5528,Mycobacterium_fragae,1772,1775,3
5529,Mycobacterium_fragae,1776,1777,1
5530,Mycobacterium_fragae,1784,1785,1
5531,Mycobacterium_fragae,1789,1791,2
5532,Mycobacterium_fragae,1802,1803,1
5533,Mycobacterium_fragae,1917,1919,2
5534,Mycobacterium_fragae,1954,1955,1
5535,Mycobacterium_fragae,1993,1994,1
5536,Mycobacterium_fragae,2132,2133,1
5537,Mycobacterium_fragae,2136,2137,1
5538,Mycobacterium_fragae,2138,2139,1
5539,Mycobacterium_fragae,2143,2147,4
5540,Mycobacterium_fragae,2151,2152,1
5541,Mycobacterium_fragae,2162,2163,1
5542,Mycobacterium_fragae,2285,2294,9
5543,Mycobacterium_fragae,2296,2297,1
5544,Mycobacterium_fragae,2299,2300,1
5545,Mycobacterium_fragae,2303,2305,2
5546,Mycobacterium_fragae,2309,2315,6
5547,Mycobacterium_fragae,2316,2325,9
5548,Mycobacterium_fragae,2379,2380,1
5549,Mycobacterium_fragae,2664,2665,1
5550,Mycobacterium_fragae,2723,2850,127
5551,Mycobacterium_fragae,3378,3379,1
5552,Mycobacterium_fragae,3433,3434,1
5553,Mycolicibacterium_mageritense,1,3,2
5554,Mycolicibacterium_mageritense,82,83,1
5555,Mycolicibacterium_mageritense,186,187,1
5556,Mycolicibacterium_mageritense,235,237,2
5557,Mycolicibacterium_mageritense,238,240,2
5558,Mycolicibacterium_mageritense,250,251,1
5559,Mycolicibacterium_mageritense,295,296,1
5560,Mycolicibacterium_mageritense,341,342,1
5561,Mycolicibacterium_mageritense,359,360,1
5562,Mycolicibacterium_mageritense,373,374,1
5563,Mycolicibacterium_mageritense,401,402,1
5564,Mycolicibacterium_mageritense,416,417,1
5565,Mycolicibacterium_mageritense,451,452,1
5566,Mycolicibacterium_mageritense,472,574,102
5567,Mycolicibacterium_mageritense,753,755,2
5568,Mycolicibacterium_mageritense,760,768,8
5569,Mycolicibacterium_mageritense,789,790,1
5570,Mycolicibacterium_mageritense,839,840,1
5571,Mycolicibacterium_mageritense,890,891,1
5572,Mycolicibacterium_mageritense,896,900,4
5573,Mycolicibacterium_mageritense,1010,1011,1
5574,Mycolicibacterium_mageritense,1068,1069,1
5575,Mycolicibacterium_mageritense,1168,1169,1
5576,Mycolicibacterium_mageritense,1185,1186,1
5577,Mycolicibacterium_mageritense,1211,1212,1
5578,Mycolicibacterium_mageritense,1237,1238,1
5579,Mycolicibacterium_mageritense,1266,1267,1
5580,Mycolicibacterium_mageritense,1398,1399,1
5581,Mycolicibacterium_mageritense,1430,1437,7
5582,Mycolicibacterium_mageritense,1438,1439,1
5583,Mycolicibacterium_mageritense,1445,1446,1
5584,Mycolicibacterium_mageritense,1449,1464,15
5585,Mycolicibacterium_mageritense,1491,1492,1
5586,Mycolicibacterium_mageritense,1707,1708,1
5587,Mycolicibacterium_mageritense,1748,1749,1
5588,Mycolicibacterium_mageritense,1751,1752,1
5589,Mycolicibacterium_mageritense,1756,1761,5
5590,Mycolicibacterium_mageritense,1771,1775,4
5591,Mycolicibacterium_mageritense,1776,1777,1
5592,Mycolicibacterium_mageritense,1784,1785,1
5593,Mycolicibacterium_mageritense,1789,1790,1
5594,Mycolicibacterium_mageritense,1802,1803,1
5595,Mycolicibacterium_mageritense,1918,1919,1
5596,Mycolicibacterium_mageritense,1954,1955,1
5597,Mycolicibacterium_mageritense,1993,1994,1
5598,Mycolicibacterium_mageritense,2114,2118,4
5599,Mycolicibacterium_mageritense,2132,2133,1
5600,Mycolicibacterium_mageritense,2136,2137,1
5601,Mycolicibacterium_mageritense,2138,2139,1
5602,Mycolicibacterium_mageritense,2143,2147,4
5603,Mycolicibacterium_mageritense,2151,2152,1
5604,Mycolicibacterium_mageritense,2162,2163,1
5605,Mycolicibacterium_mageritense,2285,2297,12
5606,Mycolicibacterium_mageritense,2299,2300,1
5607,Mycolicibacterium_mageritense,2303,2306,3
5608,Mycolicibacterium_mageritense,2309,2315,6
5609,Mycolicibacterium_mageritense,2316,2325,9
5610,Mycolicibacterium_mageritense,2379,2380,1
5611,Mycolicibacterium_mageritense,2664,2665,1
5612,Mycolicibacterium_mageritense,2723,2850,127
5613,Mycolicibacterium_mageritense,3376,3377,1
5614,Mycolicibacterium_mageritense,3378,3379,1
5615,Mycolicibacterium_mageritense,3433,3434,1
5616,Mycolicibacterium_hodleri,1,3,2
5617,Mycolicibacterium_hodleri,82,83,1
5618,Mycolicibacterium_hodleri,186,187,1
5619,Mycolicibacterium_hodleri,235,237,2
5620,Mycolicibacterium_hodleri,238,240,2
5621,Mycolicibacterium_hodleri,250,251,1
5622,Mycolicibacterium_hodleri,295,296,1
5623,Mycolicibacterium_hodleri,341,342,1
5624,Mycolicibacterium_hodleri,359,360,1
5625,Mycolicibacterium_hodleri,373,374,1
5626,Mycolicibacterium_hodleri,416,417,1
5627,Mycolicibacterium_hodleri,451,452,1
5628,Mycolicibacterium_hodleri,472,574,102
5629,Mycolicibacterium_hodleri,753,756,3
5630,Mycolicibacterium_hodleri,760,768,8
5631,Mycolicibacterium_hodleri,789,790,1
5632,Mycolicibacterium_hodleri,839,840,1
5633,Mycolicibacterium_hodleri,890,891,1
5634,Mycolicibacterium_hodleri,896,900,4
5635,Mycolicibacterium_hodleri,1010,1011,1
5636,Mycolicibacterium_hodleri,1068,1069,1
5637,Mycolicibacterium_hodleri,1168,1169,1
5638,Mycolicibacterium_hodleri,1185,1186,1
5639,Mycolicibacterium_hodleri,1191,1192,1
5640,Mycolicibacterium_hodleri,1211,1212,1
5641,Mycolicibacterium_hodleri,1237,1238,1
5642,Mycolicibacterium_hodleri,1398,1399,1
5643,Mycolicibacterium_hodleri,1430,1437,7
5644,Mycolicibacterium_hodleri,1438,1439,1
5645,Mycolicibacterium_hodleri,1445,1446,1
5646,Mycolicibacterium_hodleri,1452,1456,4
5647,Mycolicibacterium_hodleri,1457,1458,1
5648,Mycolicibacterium_hodleri,1707,1708,1
5649,Mycolicibacterium_hodleri,1748,1749,1
5650,Mycolicibacterium_hodleri,1751,1752,1
5651,Mycolicibacterium_hodleri,1756,1761,5
5652,Mycolicibacterium_hodleri,1771,1775,4
5653,Mycolicibacterium_hodleri,1776,1777,1
5654,Mycolicibacterium_hodleri,1784,1785,1
5655,Mycolicibacterium_hodleri,1789,1791,2
5656,Mycolicibacterium_hodleri,1802,1803,1
5657,Mycolicibacterium_hodleri,1918,1919,1
5658,Mycolicibacterium_hodleri,1954,1955,1
5659,Mycolicibacterium_hodleri,1993,1994,1
5660,Mycolicibacterium_hodleri,2121,2122,1
5661,Mycolicibacterium_hodleri,2132,2133,1
5662,Mycolicibacterium_hodleri,2136,2137,1
5663,Mycolicibacterium_hodleri,2138,2139,1
5664,Mycolicibacterium_hodleri,2143,2147,4
5665,Mycolicibacterium_hodleri,2151,2152,1
5666,Mycolicibacterium_hodleri,2162,2163,1
5667,Mycolicibacterium_hodleri,2285,2294,9
5668,Mycolicibacterium_hodleri,2296,2297,1
5669,Mycolicibacterium_hodleri,2299,2300,1
5670,Mycolicibacterium_hodleri,2303,2306,3
5671,Mycolicibacterium_hodleri,2307,2315,8
5672,Mycolicibacterium_hodleri,2316,2325,9
5673,Mycolicibacterium_hodleri,2379,2380,1
5674,Mycolicibacterium_hodleri,2664,2665,1
5675,Mycolicibacterium_hodleri,2723,2850,127
5676,Mycolicibacterium_hodleri,3376,3377,1
5677,Mycolicibacterium_hodleri,3378,3379,1
5678,Mycolicibacterium_hodleri,3433,3434,1
5679,Mycolicibacter_minnesotensis,1,3,2
5680,Mycolicibacter_minnesotensis,82,83,1
5681,Mycolicibacter_minnesotensis,236,237,1
5682,Mycolicibacter_minnesotensis,238,240,2
5683,Mycolicibacter_minnesotensis,250,251,1
5684,Mycolicibacter_minnesotensis,295,296,1
5685,Mycolicibacter_minnesotensis,341,342,1
5686,Mycolicibacter_minnesotensis,359,360,1
5687,Mycolicibacter_minnesotensis,373,374,1
5688,Mycolicibacter_minnesotensis,401,402,1
5689,Mycolicibacter_minnesotensis,416,417,1
5690,Mycolicibacter_minnesotensis,451,452,1
5691,Mycolicibacter_minnesotensis,472,574,102
5692,Mycolicibacter_minnesotensis,753,755,2
5693,Mycolicibacter_minnesotensis,760,768,8
5694,Mycolicibacter_minnesotensis,789,790,1
5695,Mycolicibacter_minnesotensis,839,840,1
5696,Mycolicibacter_minnesotensis,890,891,1
5697,Mycolicibacter_minnesotensis,896,900,4
5698,Mycolicibacter_minnesotensis,1010,1011,1
5699,Mycolicibacter_minnesotensis,1068,1069,1
5700,Mycolicibacter_minnesotensis,1168,1169,1
5701,Mycolicibacter_minnesotensis,1185,1186,1
5702,Mycolicibacter_minnesotensis,1190,1192,2
5703,Mycolicibacter_minnesotensis,1211,1212,1
5704,Mycolicibacter_minnesotensis,1237,1238,1
5705,Mycolicibacter_minnesotensis,1398,1399,1
5706,Mycolicibacter_minnesotensis,1430,1437,7
5707,Mycolicibacter_minnesotensis,1438,1439,1
5708,Mycolicibacter_minnesotensis,1440,1458,18
5709,Mycolicibacter_minnesotensis,1462,1463,1
5710,Mycolicibacter_minnesotensis,1491,1492,1
5711,Mycolicibacter_minnesotensis,1707,1708,1
5712,Mycolicibacter_minnesotensis,1748,1749,1
5713,Mycolicibacter_minnesotensis,1751,1752,1
5714,Mycolicibacter_minnesotensis,1756,1761,5
5715,Mycolicibacter_minnesotensis,1772,1777,5
5716,Mycolicibacter_minnesotensis,1784,1785,1
5717,Mycolicibacter_minnesotensis,1789,1791,2
5718,Mycolicibacter_minnesotensis,1802,1803,1
5719,Mycolicibacter_minnesotensis,1918,1919,1
5720,Mycolicibacter_minnesotensis,1954,1955,1
5721,Mycolicibacter_minnesotensis,1993,1994,1
5722,Mycolicibacter_minnesotensis,2092,2093,1
5723,Mycolicibacter_minnesotensis,2132,2133,1
5724,Mycolicibacter_minnesotensis,2136,2137,1
5725,Mycolicibacter_minnesotensis,2138,2139,1
5726,Mycolicibacter_minnesotensis,2143,2147,4
5727,Mycolicibacter_minnesotensis,2151,2152,1
5728,Mycolicibacter_minnesotensis,2162,2163,1
5729,Mycolicibacter_minnesotensis,2285,2294,9
5730,Mycolicibacter_minnesotensis,2296,2297,1
5731,Mycolicibacter_minnesotensis,2299,2300,1
5732,Mycolicibacter_minnesotensis,2302,2307,5
5733,Mycolicibacter_minnesotensis,2309,2315,6
5734,Mycolicibacter_minnesotensis,2316,2325,9
5735,Mycolicibacter_minnesotensis,2379,2380,1
5736,Mycolicibacter_minnesotensis,2664,2665,1
5737,Mycolicibacter_minnesotensis,2723,2850,127
5738,Mycolicibacter_minnesotensis,3376,3377,1
5739,Mycolicibacter_minnesotensis,3378,3379,1
5740,Mycolicibacter_minnesotensis,3433,3434,1
5741,Mycolicibacter_icosiumassiliensis,1,3,2
5742,Mycolicibacter_icosiumassiliensis,82,83,1
5743,Mycolicibacter_icosiumassiliensis,236,237,1
5744,Mycolicibacter_icosiumassiliensis,238,240,2
5745,Mycolicibacter_icosiumassiliensis,250,251,1
5746,Mycolicibacter_icosiumassiliensis,295,296,1
5747,Mycolicibacter_icosiumassiliensis,341,342,1
5748,Mycolicibacter_icosiumassiliensis,359,360,1
5749,Mycolicibacter_icosiumassiliensis,373,374,1
5750,Mycolicibacter_icosiumassiliensis,401,402,1
5751,Mycolicibacter_icosiumassiliensis,416,417,1
5752,Mycolicibacter_icosiumassiliensis,451,452,1
5753,Mycolicibacter_icosiumassiliensis,472,574,102
5754,Mycolicibacter_icosiumassiliensis,753,755,2
5755,Mycolicibacter_icosiumassiliensis,759,768,9
5756,Mycolicibacter_icosiumassiliensis,789,790,1
5757,Mycolicibacter_icosiumassiliensis,839,840,1
5758,Mycolicibacter_icosiumassiliensis,890,891,1
5759,Mycolicibacter_icosiumassiliensis,896,900,4
5760,Mycolicibacter_icosiumassiliensis,1010,1011,1
5761,Mycolicibacter_icosiumassiliensis,1068,1069,1
5762,Mycolicibacter_icosiumassiliensis,1168,1169,1
5763,Mycolicibacter_icosiumassiliensis,1185,1186,1
5764,Mycolicibacter_icosiumassiliensis,1190,1192,2
5765,Mycolicibacter_icosiumassiliensis,1211,1212,1
5766,Mycolicibacter_icosiumassiliensis,1237,1238,1
5767,Mycolicibacter_icosiumassiliensis,1398,1399,1
5768,Mycolicibacter_icosiumassiliensis,1430,1437,7
5769,Mycolicibacter_icosiumassiliensis,1438,1439,1
5770,Mycolicibacter_icosiumassiliensis,1440,1458,18
5771,Mycolicibacter_icosiumassiliensis,1462,1463,1
5772,Mycolicibacter_icosiumassiliensis,1491,1492,1
5773,Mycolicibacter_icosiumassiliensis,1707,1708,1
5774,Mycolicibacter_icosiumassiliensis,1748,1749,1
5775,Mycolicibacter_icosiumassiliensis,1751,1752,1
5776,Mycolicibacter_icosiumassiliensis,1756,1761,5
5777,Mycolicibacter_icosiumassiliensis,1772,1777,5
5778,Mycolicibacter_icosiumassiliensis,1784,1785,1
5779,Mycolicibacter_icosiumassiliensis,1789,1791,2
5780,Mycolicibacter_icosiumassiliensis,1802,1803,1
5781,Mycolicibacter_icosiumassiliensis,1918,1919,1
5782,Mycolicibacter_icosiumassiliensis,1954,1955,1
5783,Mycolicibacter_icosiumassiliensis,1993,1994,1
5784,Mycolicibacter_icosiumassiliensis,2132,2133,1
5785,Mycolicibacter_icosiumassiliensis,2136,2137,1
5786,Mycolicibacter_icosiumassiliensis,2138,2139,1
5787,Mycolicibacter_icosiumassiliensis,2143,2147,4
5788,Mycolicibacter_icosiumassiliensis,2151,2152,1
5789,Mycolicibacter_icosiumassiliensis,2162,2163,1
5790,Mycolicibacter_icosiumassiliensis,2285,2294,9
5791,Mycolicibacter_icosiumassiliensis,2296,2297,1
5792,Mycolicibacter_icosiumassiliensis,2299,2300,1
5793,Mycolicibacter_icosiumassiliensis,2302,2307,5
5794,Mycolicibacter_icosiumassiliensis,2309,2315,6
5795,Mycolicibacter_icosiumassiliensis,2316,2325,9
5796,Mycolicibacter_icosiumassiliensis,2379,2380,1
5797,Mycolicibacter_icosiumassiliensis,2664,2665,1
5798,Mycolicibacter_icosiumassiliensis,2723,2850,127
5799,Mycolicibacter_icosiumassiliensis,3376,3377,1
5800,Mycolicibacter_icosiumassiliensis,3378,3379,1
5801,Mycolicibacter_icosiumassiliensis,3433,3434,1
5802,Mycolicibacter_engbaekii,1,3,2
5803,Mycolicibacter_engbaekii,82,83,1
5804,Mycolicibacter_engbaekii,236,237,1
5805,Mycolicibacter_engbaekii,238,240,2
5806,Mycolicibacter_engbaekii,250,251,1
5807,Mycolicibacter_engbaekii,277,278,1
5808,Mycolicibacter_engbaekii,295,296,1
5809,Mycolicibacter_engbaekii,341,342,1
5810,Mycolicibacter_engbaekii,359,360,1
5811,Mycolicibacter_engbaekii,373,374,1
5812,Mycolicibacter_engbaekii,401,402,1
5813,Mycolicibacter_engbaekii,416,417,1
5814,Mycolicibacter_engbaekii,451,452,1
5815,Mycolicibacter_engbaekii,471,574,103
5816,Mycolicibacter_engbaekii,753,755,2
5817,Mycolicibacter_engbaekii,759,768,9
5818,Mycolicibacter_engbaekii,789,790,1
5819,Mycolicibacter_engbaekii,839,840,1
5820,Mycolicibacter_engbaekii,890,891,1
5821,Mycolicibacter_engbaekii,896,900,4
5822,Mycolicibacter_engbaekii,1010,1011,1
5823,Mycolicibacter_engbaekii,1068,1069,1
5824,Mycolicibacter_engbaekii,1168,1169,1
5825,Mycolicibacter_engbaekii,1185,1186,1
5826,Mycolicibacter_engbaekii,1190,1192,2
5827,Mycolicibacter_engbaekii,1211,1212,1
5828,Mycolicibacter_engbaekii,1237,1238,1
5829,Mycolicibacter_engbaekii,1398,1399,1
5830,Mycolicibacter_engbaekii,1430,1437,7
5831,Mycolicibacter_engbaekii,1438,1439,1
5832,Mycolicibacter_engbaekii,1440,1458,18
5833,Mycolicibacter_engbaekii,1462,1463,1
5834,Mycolicibacter_engbaekii,1491,1492,1
5835,Mycolicibacter_engbaekii,1707,1708,1
5836,Mycolicibacter_engbaekii,1748,1749,1
5837,Mycolicibacter_engbaekii,1751,1752,1
5838,Mycolicibacter_engbaekii,1756,1761,5
5839,Mycolicibacter_engbaekii,1772,1777,5
5840,Mycolicibacter_engbaekii,1784,1785,1
5841,Mycolicibacter_engbaekii,1789,1791,2
5842,Mycolicibacter_engbaekii,1802,1803,1
5843,Mycolicibacter_engbaekii,1918,1919,1
5844,Mycolicibacter_engbaekii,1954,1955,1
5845,Mycolicibacter_engbaekii,1993,1994,1
5846,Mycolicibacter_engbaekii,2132,2133,1
5847,Mycolicibacter_engbaekii,2136,2137,1
5848,Mycolicibacter_engbaekii,2138,2139,1
5849,Mycolicibacter_engbaekii,2143,2147,4
5850,Mycolicibacter_engbaekii,2151,2152,1
5851,Mycolicibacter_engbaekii,2162,2163,1
5852,Mycolicibacter_engbaekii,2285,2294,9
5853,Mycolicibacter_engbaekii,2296,2297,1
5854,Mycolicibacter_engbaekii,2299,2300,1
5855,Mycolicibacter_engbaekii,2302,2307,5
5856,Mycolicibacter_engbaekii,2309,2315,6
5857,Mycolicibacter_engbaekii,2316,2325,9
5858,Mycolicibacter_engbaekii,2379,2380,1
5859,Mycolicibacter_engbaekii,2664,2665,1
5860,Mycolicibacter_engbaekii,2723,2850,127
5861,Mycolicibacter_engbaekii,3376,3377,1
5862,Mycolicibacter_engbaekii,3378,3379,1
5863,Mycolicibacter_engbaekii,3433,3434,1
5864,Mycolicibacter_sinensis,1,3,2
5865,Mycolicibacter_sinensis,82,83,1
5866,Mycolicibacter_sinensis,235,237,2
5867,Mycolicibacter_sinensis,238,240,2
5868,Mycolicibacter_sinensis,250,251,1
5869,Mycolicibacter_sinensis,295,296,1
5870,Mycolicibacter_sinensis,341,342,1
5871,Mycolicibacter_sinensis,373,374,1
5872,Mycolicibacter_sinensis,401,402,1
5873,Mycolicibacter_sinensis,416,417,1
5874,Mycolicibacter_sinensis,451,452,1
5875,Mycolicibacter_sinensis,472,574,102
5876,Mycolicibacter_sinensis,753,755,2
5877,Mycolicibacter_sinensis,761,768,7
5878,Mycolicibacter_sinensis,789,790,1
5879,Mycolicibacter_sinensis,839,840,1
5880,Mycolicibacter_sinensis,890,891,1
5881,Mycolicibacter_sinensis,896,900,4
5882,Mycolicibacter_sinensis,1010,1011,1
5883,Mycolicibacter_sinensis,1068,1069,1
5884,Mycolicibacter_sinensis,1168,1169,1
5885,Mycolicibacter_sinensis,1185,1186,1
5886,Mycolicibacter_sinensis,1190,1192,2
5887,Mycolicibacter_sinensis,1211,1212,1
5888,Mycolicibacter_sinensis,1237,1238,1
5889,Mycolicibacter_sinensis,1398,1399,1
5890,Mycolicibacter_sinensis,1430,1437,7
5891,Mycolicibacter_sinensis,1438,1439,1
5892,Mycolicibacter_sinensis,1440,1458,18
5893,Mycolicibacter_sinensis,1491,1492,1
5894,Mycolicibacter_sinensis,1707,1708,1
5895,Mycolicibacter_sinensis,1748,1749,1
5896,Mycolicibacter_sinensis,1756,1761,5
5897,Mycolicibacter_sinensis,1772,1775,3
5898,Mycolicibacter_sinensis,1776,1777,1
5899,Mycolicibacter_sinensis,1784,1785,1
5900,Mycolicibacter_sinensis,1789,1791,2
5901,Mycolicibacter_sinensis,1802,1803,1
5902,Mycolicibacter_sinensis,1918,1919,1
5903,Mycolicibacter_sinensis,1954,1955,1
5904,Mycolicibacter_sinensis,1993,1994,1
5905,Mycolicibacter_sinensis,2132,2133,1
5906,Mycolicibacter_sinensis,2136,2137,1
5907,Mycolicibacter_sinensis,2138,2139,1
5908,Mycolicibacter_sinensis,2143,2147,4
5909,Mycolicibacter_sinensis,2151,2152,1
5910,Mycolicibacter_sinensis,2162,2163,1
5911,Mycolicibacter_sinensis,2285,2294,9
5912,Mycolicibacter_sinensis,2296,2297,1
5913,Mycolicibacter_sinensis,2299,2300,1
5914,Mycolicibacter_sinensis,2303,2306,3
5915,Mycolicibacter_sinensis,2309,2315,6
5916,Mycolicibacter_sinensis,2316,2325,9
5917,Mycolicibacter_sinensis,2379,2380,1
5918,Mycolicibacter_sinensis,2664,2665,1
5919,Mycolicibacter_sinensis,2723,2850,127
5920,Mycolicibacter_sinensis,3378,3379,1
5921,Mycolicibacter_sinensis,3433,3434,1
5922,Mycolicibacterium_goodii,1,3,2
5923,Mycolicibacterium_goodii,82,83,1
5924,Mycolicibacterium_goodii,186,187,1
5925,Mycolicibacterium_goodii,235,237,2
5926,Mycolicibacterium_goodii,250,251,1
5927,Mycolicibacterium_goodii,295,296,1
5928,Mycolicibacterium_goodii,341,342,1
5929,Mycolicibacterium_goodii,359,360,1
5930,Mycolicibacterium_goodii,373,374,1
5931,Mycolicibacterium_goodii,401,402,1
5932,Mycolicibacterium_goodii,416,417,1
5933,Mycolicibacterium_goodii,451,452,1
5934,Mycolicibacterium_goodii,472,574,102
5935,Mycolicibacterium_goodii,753,755,2
5936,Mycolicibacterium_goodii,760,768,8
5937,Mycolicibacterium_goodii,789,790,1
5938,Mycolicibacterium_goodii,839,840,1
5939,Mycolicibacterium_goodii,890,891,1
5940,Mycolicibacterium_goodii,896,900,4
5941,Mycolicibacterium_goodii,1010,1011,1
5942,Mycolicibacterium_goodii,1068,1069,1
5943,Mycolicibacterium_goodii,1168,1169,1
5944,Mycolicibacterium_goodii,1185,1186,1
5945,Mycolicibacterium_goodii,1211,1212,1
5946,Mycolicibacterium_goodii,1237,1238,1
5947,Mycolicibacterium_goodii,1398,1399,1
5948,Mycolicibacterium_goodii,1430,1437,7
5949,Mycolicibacterium_goodii,1438,1439,1
5950,Mycolicibacterium_goodii,1445,1464,19
5951,Mycolicibacterium_goodii,1491,1492,1
5952,Mycolicibacterium_goodii,1707,1708,1
5953,Mycolicibacterium_goodii,1748,1749,1
5954,Mycolicibacterium_goodii,1751,1752,1
5955,Mycolicibacterium_goodii,1756,1761,5
5956,Mycolicibacterium_goodii,1771,1775,4
5957,Mycolicibacterium_goodii,1776,1777,1
5958,Mycolicibacterium_goodii,1784,1785,1
5959,Mycolicibacterium_goodii,1789,1790,1
5960,Mycolicibacterium_goodii,1802,1803,1
5961,Mycolicibacterium_goodii,1918,1920,2
5962,Mycolicibacterium_goodii,1954,1955,1
5963,Mycolicibacterium_goodii,1993,1994,1
5964,Mycolicibacterium_goodii,2132,2133,1
5965,Mycolicibacterium_goodii,2136,2137,1
5966,Mycolicibacterium_goodii,2138,2139,1
5967,Mycolicibacterium_goodii,2143,2147,4
5968,Mycolicibacterium_goodii,2151,2153,2
5969,Mycolicibacterium_goodii,2162,2163,1
5970,Mycolicibacterium_goodii,2285,2297,12
5971,Mycolicibacterium_goodii,2299,2300,1
5972,Mycolicibacterium_goodii,2303,2306,3
5973,Mycolicibacterium_goodii,2309,2315,6
5974,Mycolicibacterium_goodii,2316,2325,9
5975,Mycolicibacterium_goodii,2379,2380,1
5976,Mycolicibacterium_goodii,2664,2665,1
5977,Mycolicibacterium_goodii,2723,2850,127
5978,Mycolicibacterium_goodii,3376,3377,1
5979,Mycolicibacterium_goodii,3378,3379,1
5980,Mycolicibacterium_goodii,3433,3434,1
5981,Mycobacterium_novum,1,3,2
5982,Mycobacterium_novum,82,83,1
5983,Mycobacterium_novum,235,237,2
5984,Mycobacterium_novum,238,240,2
5985,Mycobacterium_novum,250,251,1
5986,Mycobacterium_novum,295,296,1
5987,Mycobacterium_novum,341,342,1
5988,Mycobacterium_novum,373,374,1
5989,Mycobacterium_novum,401,402,1
5990,Mycobacterium_novum,416,417,1
5991,Mycobacterium_novum,451,452,1
5992,Mycobacterium_novum,472,574,102
5993,Mycobacterium_novum,753,755,2
5994,Mycobacterium_novum,761,768,7
5995,Mycobacterium_novum,789,790,1
5996,Mycobacterium_novum,839,840,1
5997,Mycobacterium_novum,890,891,1
5998,Mycobacterium_novum,896,900,4
5999,Mycobacterium_novum,1010,1011,1
6000,Mycobacterium_novum,1068,1069,1
6001,Mycobacterium_novum,1168,1169,1
6002,Mycobacterium_novum,1185,1186,1
6003,Mycobacterium_novum,1190,1192,2
6004,Mycobacterium_novum,1211,1212,1
6005,Mycobacterium_novum,1237,1238,1
6006,Mycobacterium_novum,1398,1399,1
6007,Mycobacterium_novum,1430,1437,7
6008,Mycobacterium_novum,1438,1439,1
6009,Mycobacterium_novum,1440,1458,18
6010,Mycobacterium_novum,1491,1492,1
6011,Mycobacterium_novum,1707,1708,1
6012,Mycobacterium_novum,1748,1749,1
6013,Mycobacterium_novum,1756,1761,5
6014,Mycobacterium_novum,1772,1775,3
6015,Mycobacterium_novum,1776,1777,1
6016,Mycobacterium_novum,1784,1785,1
6017,Mycobacterium_novum,1789,1791,2
6018,Mycobacterium_novum,1792,1795,3
6019,Mycobacterium_novum,1802,1803,1
6020,Mycobacterium_novum,1918,1919,1
6021,Mycobacterium_novum,1954,1955,1
6022,Mycobacterium_novum,1993,1994,1
6023,Mycobacterium_novum,2132,2133,1
6024,Mycobacterium_novum,2136,2137,1
6025,Mycobacterium_novum,2138,2139,1
6026,Mycobacterium_novum,2143,2147,4
6027,Mycobacterium_novum,2151,2152,1
6028,Mycobacterium_novum,2162,2163,1
6029,Mycobacterium_novum,2285,2294,9
6030,Mycobacterium_novum,2296,2297,1
6031,Mycobacterium_novum,2299,2300,1
6032,Mycobacterium_novum,2303,2306,3
6033,Mycobacterium_novum,2309,2315,6
6034,Mycobacterium_novum,2316,2325,9
6035,Mycobacterium_novum,2379,2380,1
6036,Mycobacterium_novum,2664,2665,1
6037,Mycobacterium_novum,2723,2850,127
6038,Mycobacterium_novum,3378,3379,1
6039,Mycobacterium_novum,3433,3434,1
6040,Mycobacterium_novum,3452,3453,1
6041,Mycolicibacter_hiberniae,1,3,2
6042,Mycolicibacter_hiberniae,82,83,1
6043,Mycolicibacter_hiberniae,236,237,1
6044,Mycolicibacter_hiberniae,238,240,2
6045,Mycolicibacter_hiberniae,250,251,1
6046,Mycolicibacter_hiberniae,295,296,1
6047,Mycolicibacter_hiberniae,341,342,1
6048,Mycolicibacter_hiberniae,359,360,1
6049,Mycolicibacter_hiberniae,373,374,1
6050,Mycolicibacter_hiberniae,401,402,1
6051,Mycolicibacter_hiberniae,416,417,1
6052,Mycolicibacter_hiberniae,451,452,1
6053,Mycolicibacter_hiberniae,471,574,103
6054,Mycolicibacter_hiberniae,753,755,2
6055,Mycolicibacter_hiberniae,759,768,9
6056,Mycolicibacter_hiberniae,789,790,1
6057,Mycolicibacter_hiberniae,839,840,1
6058,Mycolicibacter_hiberniae,890,891,1
6059,Mycolicibacter_hiberniae,896,900,4
6060,Mycolicibacter_hiberniae,1010,1011,1
6061,Mycolicibacter_hiberniae,1068,1069,1
6062,Mycolicibacter_hiberniae,1168,1169,1
6063,Mycolicibacter_hiberniae,1185,1186,1
6064,Mycolicibacter_hiberniae,1190,1192,2
6065,Mycolicibacter_hiberniae,1211,1212,1
6066,Mycolicibacter_hiberniae,1237,1238,1
6067,Mycolicibacter_hiberniae,1398,1399,1
6068,Mycolicibacter_hiberniae,1430,1437,7
6069,Mycolicibacter_hiberniae,1438,1439,1
6070,Mycolicibacter_hiberniae,1440,1458,18
6071,Mycolicibacter_hiberniae,1462,1463,1
6072,Mycolicibacter_hiberniae,1491,1492,1
6073,Mycolicibacter_hiberniae,1707,1708,1
6074,Mycolicibacter_hiberniae,1748,1749,1
6075,Mycolicibacter_hiberniae,1751,1752,1
6076,Mycolicibacter_hiberniae,1756,1761,5
6077,Mycolicibacter_hiberniae,1772,1777,5
6078,Mycolicibacter_hiberniae,1784,1785,1
6079,Mycolicibacter_hiberniae,1789,1791,2
6080,Mycolicibacter_hiberniae,1802,1803,1
6081,Mycolicibacter_hiberniae,1918,1919,1
6082,Mycolicibacter_hiberniae,1954,1955,1
6083,Mycolicibacter_hiberniae,1993,1994,1
6084,Mycolicibacter_hiberniae,2132,2133,1
6085,Mycolicibacter_hiberniae,2136,2137,1
6086,Mycolicibacter_hiberniae,2138,2139,1
6087,Mycolicibacter_hiberniae,2143,2147,4
6088,Mycolicibacter_hiberniae,2151,2152,1
6089,Mycolicibacter_hiberniae,2162,2163,1
6090,Mycolicibacter_hiberniae,2285,2294,9
6091,Mycolicibacter_hiberniae,2296,2297,1
6092,Mycolicibacter_hiberniae,2299,2300,1
6093,Mycolicibacter_hiberniae,2302,2307,5
6094,Mycolicibacter_hiberniae,2309,2315,6
6095,Mycolicibacter_hiberniae,2316,2325,9
6096,Mycolicibacter_hiberniae,2379,2380,1
6097,Mycolicibacter_hiberniae,2520,2521,1
6098,Mycolicibacter_hiberniae,2664,2665,1
6099,Mycolicibacter_hiberniae,2723,2850,127
6100,Mycolicibacter_hiberniae,3376,3377,1
6101,Mycolicibacter_hiberniae,3378,3379,1
6102,Mycolicibacter_hiberniae,3433,3434,1
6103,Mycolicibacterium_bacteremicum,1,3,2
6104,Mycolicibacterium_bacteremicum,82,83,1
6105,Mycolicibacterium_bacteremicum,186,187,1
6106,Mycolicibacterium_bacteremicum,235,237,2
6107,Mycolicibacterium_bacteremicum,238,240,2
6108,Mycolicibacterium_bacteremicum,250,251,1
6109,Mycolicibacterium_bacteremicum,295,296,1
6110,Mycolicibacterium_bacteremicum,341,342,1
6111,Mycolicibacterium_bacteremicum,359,360,1
6112,Mycolicibacterium_bacteremicum,373,374,1
6113,Mycolicibacterium_bacteremicum,386,387,1
6114,Mycolicibacterium_bacteremicum,400,402,2
6115,Mycolicibacterium_bacteremicum,416,417,1
6116,Mycolicibacterium_bacteremicum,451,452,1
6117,Mycolicibacterium_bacteremicum,472,574,102
6118,Mycolicibacterium_bacteremicum,753,755,2
6119,Mycolicibacterium_bacteremicum,760,768,8
6120,Mycolicibacterium_bacteremicum,789,790,1
6121,Mycolicibacterium_bacteremicum,839,840,1
6122,Mycolicibacterium_bacteremicum,890,891,1
6123,Mycolicibacterium_bacteremicum,896,900,4
6124,Mycolicibacterium_bacteremicum,1010,1011,1
6125,Mycolicibacterium_bacteremicum,1068,1069,1
6126,Mycolicibacterium_bacteremicum,1168,1169,1
6127,Mycolicibacterium_bacteremicum,1185,1186,1
6128,Mycolicibacterium_bacteremicum,1190,1192,2
6129,Mycolicibacterium_bacteremicum,1211,1212,1
6130,Mycolicibacterium_bacteremicum,1237,1238,1
6131,Mycolicibacterium_bacteremicum,1398,1399,1
6132,Mycolicibacterium_bacteremicum,1430,1437,7
6133,Mycolicibacterium_bacteremicum,1438,1439,1
6134,Mycolicibacterium_bacteremicum,1445,1456,11
6135,Mycolicibacterium_bacteremicum,1457,1458,1
6136,Mycolicibacterium_bacteremicum,1459,1460,1
6137,Mycolicibacterium_bacteremicum,1491,1492,1
6138,Mycolicibacterium_bacteremicum,1707,1708,1
6139,Mycolicibacterium_bacteremicum,1748,1749,1
6140,Mycolicibacterium_bacteremicum,1751,1752,1
6141,Mycolicibacterium_bacteremicum,1756,1761,5
6142,Mycolicibacterium_bacteremicum,1771,1775,4
6143,Mycolicibacterium_bacteremicum,1776,1777,1
6144,Mycolicibacterium_bacteremicum,1784,1785,1
6145,Mycolicibacterium_bacteremicum,1802,1803,1
6146,Mycolicibacterium_bacteremicum,1918,1920,2
6147,Mycolicibacterium_bacteremicum,1954,1955,1
6148,Mycolicibacterium_bacteremicum,1993,1994,1
6149,Mycolicibacterium_bacteremicum,2132,2133,1
6150,Mycolicibacterium_bacteremicum,2136,2137,1
6151,Mycolicibacterium_bacteremicum,2138,2139,1
6152,Mycolicibacterium_bacteremicum,2143,2147,4
6153,Mycolicibacterium_bacteremicum,2151,2152,1
6154,Mycolicibacterium_bacteremicum,2162,2163,1
6155,Mycolicibacterium_bacteremicum,2285,2294,9
6156,Mycolicibacterium_bacteremicum,2296,2297,1
6157,Mycolicibacterium_bacteremicum,2299,2300,1
6158,Mycolicibacterium_bacteremicum,2302,2307,5
6159,Mycolicibacterium_bacteremicum,2309,2315,6
6160,Mycolicibacterium_bacteremicum,2316,2325,9
6161,Mycolicibacterium_bacteremicum,2379,2380,1
6162,Mycolicibacterium_bacteremicum,2664,2665,1
6163,Mycolicibacterium_bacteremicum,2723,2850,127
6164,Mycolicibacterium_bacteremicum,3376,3377,1
6165,Mycolicibacterium_bacteremicum,3378,3379,1
6166,Mycolicibacterium_bacteremicum,3433,3434,1
6167,Mycobacterium_paraterrae,1,3,2
6168,Mycobacterium_paraterrae,82,83,1
6169,Mycobacterium_paraterrae,186,187,1
6170,Mycobacterium_paraterrae,235,237,2
6171,Mycobacterium_paraterrae,238,240,2
6172,Mycobacterium_paraterrae,250,251,1
6173,Mycobacterium_paraterrae,295,296,1
6174,Mycobacterium_paraterrae,341,342,1
6175,Mycobacterium_paraterrae,359,360,1
6176,Mycobacterium_paraterrae,373,379,6
6177,Mycobacterium_paraterrae,386,387,1
6178,Mycobacterium_paraterrae,401,402,1
6179,Mycobacterium_paraterrae,416,417,1
6180,Mycobacterium_paraterrae,451,452,1
6181,Mycobacterium_paraterrae,469,472,3
6182,Mycobacterium_paraterrae,473,574,101
6183,Mycobacterium_paraterrae,753,755,2
6184,Mycobacterium_paraterrae,760,768,8
6185,Mycobacterium_paraterrae,789,790,1
6186,Mycobacterium_paraterrae,839,840,1
6187,Mycobacterium_paraterrae,885,887,2
6188,Mycobacterium_paraterrae,890,891,1
6189,Mycobacterium_paraterrae,896,900,4
6190,Mycobacterium_paraterrae,902,903,1
6191,Mycobacterium_paraterrae,1010,1011,1
6192,Mycobacterium_paraterrae,1068,1069,1
6193,Mycobacterium_paraterrae,1168,1169,1
6194,Mycobacterium_paraterrae,1185,1186,1
6195,Mycobacterium_paraterrae,1190,1192,2
6196,Mycobacterium_paraterrae,1211,1212,1
6197,Mycobacterium_paraterrae,1237,1238,1
6198,Mycobacterium_paraterrae,1398,1399,1
6199,Mycobacterium_paraterrae,1430,1437,7
6200,Mycobacterium_paraterrae,1438,1439,1
6201,Mycobacterium_paraterrae,1445,1462,17
6202,Mycobacterium_paraterrae,1491,1492,1
6203,Mycobacterium_paraterrae,1707,1708,1
6204,Mycobacterium_paraterrae,1748,1749,1
6205,Mycobacterium_paraterrae,1751,1752,1
6206,Mycobacterium_paraterrae,1756,1760,4
6207,Mycobacterium_paraterrae,1772,1775,3
6208,Mycobacterium_paraterrae,1776,1777,1
6209,Mycobacterium_paraterrae,1784,1785,1
6210,Mycobacterium_paraterrae,1789,1791,2
6211,Mycobacterium_paraterrae,1802,1803,1
6212,Mycobacterium_paraterrae,1918,1919,1
6213,Mycobacterium_paraterrae,1954,1955,1
6214,Mycobacterium_paraterrae,1993,1994,1
6215,Mycobacterium_paraterrae,2132,2133,1
6216,Mycobacterium_paraterrae,2136,2137,1
6217,Mycobacterium_paraterrae,2138,2139,1
6218,Mycobacterium_paraterrae,2143,2147,4
6219,Mycobacterium_paraterrae,2151,2152,1
6220,Mycobacterium_paraterrae,2162,2163,1
6221,Mycobacterium_paraterrae,2285,2294,9
6222,Mycobacterium_paraterrae,2296,2297,1
6223,Mycobacterium_paraterrae,2299,2300,1
6224,Mycobacterium_paraterrae,2303,2306,3
6225,Mycobacterium_paraterrae,2309,2315,6
6226,Mycobacterium_paraterrae,2316,2325,9
6227,Mycobacterium_paraterrae,2379,2380,1
6228,Mycobacterium_paraterrae,2664,2665,1
6229,Mycobacterium_paraterrae,2723,2850,127
6230,Mycobacterium_paraterrae,3376,3377,1
6231,Mycobacterium_paraterrae,3378,3379,1
6232,Mycobacterium_paraterrae,3433,3434,1
6233,Mycolicibacterium_wolinskyi,1,3,2
6234,Mycolicibacterium_wolinskyi,82,83,1
6235,Mycolicibacterium_wolinskyi,186,187,1
6236,Mycolicibacterium_wolinskyi,235,237,2
6237,Mycolicibacterium_wolinskyi,238,240,2
6238,Mycolicibacterium_wolinskyi,250,251,1
6239,Mycolicibacterium_wolinskyi,295,296,1
6240,Mycolicibacterium_wolinskyi,341,342,1
6241,Mycolicibacterium_wolinskyi,359,360,1
6242,Mycolicibacterium_wolinskyi,373,374,1
6243,Mycolicibacterium_wolinskyi,401,402,1
6244,Mycolicibacterium_wolinskyi,416,417,1
6245,Mycolicibacterium_wolinskyi,451,452,1
6246,Mycolicibacterium_wolinskyi,472,574,102
6247,Mycolicibacterium_wolinskyi,753,755,2
6248,Mycolicibacterium_wolinskyi,760,768,8
6249,Mycolicibacterium_wolinskyi,789,790,1
6250,Mycolicibacterium_wolinskyi,839,840,1
6251,Mycolicibacterium_wolinskyi,890,891,1
6252,Mycolicibacterium_wolinskyi,896,900,4
6253,Mycolicibacterium_wolinskyi,1010,1011,1
6254,Mycolicibacterium_wolinskyi,1068,1069,1
6255,Mycolicibacterium_wolinskyi,1168,1169,1
6256,Mycolicibacterium_wolinskyi,1185,1186,1
6257,Mycolicibacterium_wolinskyi,1211,1212,1
6258,Mycolicibacterium_wolinskyi,1237,1238,1
6259,Mycolicibacterium_wolinskyi,1398,1399,1
6260,Mycolicibacterium_wolinskyi,1430,1437,7
6261,Mycolicibacterium_wolinskyi,1438,1439,1
6262,Mycolicibacterium_wolinskyi,1445,1446,1
6263,Mycolicibacterium_wolinskyi,1449,1464,15
6264,Mycolicibacterium_wolinskyi,1491,1492,1
6265,Mycolicibacterium_wolinskyi,1707,1708,1
6266,Mycolicibacterium_wolinskyi,1748,1749,1
6267,Mycolicibacterium_wolinskyi,1751,1752,1
6268,Mycolicibacterium_wolinskyi,1756,1761,5
6269,Mycolicibacterium_wolinskyi,1771,1775,4
6270,Mycolicibacterium_wolinskyi,1776,1777,1
6271,Mycolicibacterium_wolinskyi,1784,1785,1
6272,Mycolicibacterium_wolinskyi,1789,1790,1
6273,Mycolicibacterium_wolinskyi,1802,1803,1
6274,Mycolicibacterium_wolinskyi,1918,1919,1
6275,Mycolicibacterium_wolinskyi,1954,1955,1
6276,Mycolicibacterium_wolinskyi,1993,1994,1
6277,Mycolicibacterium_wolinskyi,2136,2137,1
6278,Mycolicibacterium_wolinskyi,2138,2139,1
6279,Mycolicibacterium_wolinskyi,2143,2147,4
6280,Mycolicibacterium_wolinskyi,2151,2152,1
6281,Mycolicibacterium_wolinskyi,2162,2163,1
6282,Mycolicibacterium_wolinskyi,2285,2297,12
6283,Mycolicibacterium_wolinskyi,2299,2300,1
6284,Mycolicibacterium_wolinskyi,2303,2306,3
6285,Mycolicibacterium_wolinskyi,2309,2315,6
6286,Mycolicibacterium_wolinskyi,2316,2325,9
6287,Mycolicibacterium_wolinskyi,2379,2380,1
6288,Mycolicibacterium_wolinskyi,2664,2665,1
6289,Mycolicibacterium_wolinskyi,2723,2850,127
6290,Mycolicibacterium_wolinskyi,3376,3377,1
6291,Mycolicibacterium_wolinskyi,3378,3379,1
6292,Mycolicibacterium_wolinskyi,3433,3434,1
6293,Mycolicibacter_virginiensis,1,3,2
6294,Mycolicibacter_virginiensis,82,83,1
6295,Mycolicibacter_virginiensis,236,237,1
6296,Mycolicibacter_virginiensis,238,240,2
6297,Mycolicibacter_virginiensis,250,251,1
6298,Mycolicibacter_virginiensis,295,296,1
6299,Mycolicibacter_virginiensis,341,342,1
6300,Mycolicibacter_virginiensis,359,360,1
6301,Mycolicibacter_virginiensis,373,374,1
6302,Mycolicibacter_virginiensis,401,402,1
6303,Mycolicibacter_virginiensis,416,417,1
6304,Mycolicibacter_virginiensis,451,452,1
6305,Mycolicibacter_virginiensis,472,574,102
6306,Mycolicibacter_virginiensis,753,755,2
6307,Mycolicibacter_virginiensis,759,768,9
6308,Mycolicibacter_virginiensis,789,790,1
6309,Mycolicibacter_virginiensis,839,840,1
6310,Mycolicibacter_virginiensis,890,891,1
6311,Mycolicibacter_virginiensis,896,900,4
6312,Mycolicibacter_virginiensis,1010,1011,1
6313,Mycolicibacter_virginiensis,1068,1069,1
6314,Mycolicibacter_virginiensis,1168,1169,1
6315,Mycolicibacter_virginiensis,1185,1186,1
6316,Mycolicibacter_virginiensis,1190,1192,2
6317,Mycolicibacter_virginiensis,1211,1212,1
6318,Mycolicibacter_virginiensis,1237,1238,1
6319,Mycolicibacter_virginiensis,1398,1399,1
6320,Mycolicibacter_virginiensis,1430,1437,7
6321,Mycolicibacter_virginiensis,1438,1439,1
6322,Mycolicibacter_virginiensis,1440,1458,18
6323,Mycolicibacter_virginiensis,1462,1463,1
6324,Mycolicibacter_virginiensis,1491,1492,1
6325,Mycolicibacter_virginiensis,1707,1708,1
6326,Mycolicibacter_virginiensis,1748,1749,1
6327,Mycolicibacter_virginiensis,1751,1752,1
6328,Mycolicibacter_virginiensis,1756,1761,5
6329,Mycolicibacter_virginiensis,1772,1777,5
6330,Mycolicibacter_virginiensis,1784,1785,1
6331,Mycolicibacter_virginiensis,1789,1791,2
6332,Mycolicibacter_virginiensis,1802,1803,1
6333,Mycolicibacter_virginiensis,1918,1919,1
6334,Mycolicibacter_virginiensis,1954,1955,1
6335,Mycolicibacter_virginiensis,1993,1994,1
6336,Mycolicibacter_virginiensis,2132,2133,1
6337,Mycolicibacter_virginiensis,2136,2137,1
6338,Mycolicibacter_virginiensis,2138,2139,1
6339,Mycolicibacter_virginiensis,2143,2147,4
6340,Mycolicibacter_virginiensis,2151,2152,1
6341,Mycolicibacter_virginiensis,2162,2163,1
6342,Mycolicibacter_virginiensis,2285,2294,9
6343,Mycolicibacter_virginiensis,2296,2297,1
6344,Mycolicibacter_virginiensis,2299,2300,1
6345,Mycolicibacter_virginiensis,2302,2307,5
6346,Mycolicibacter_virginiensis,2309,2315,6
6347,Mycolicibacter_virginiensis,2316,2325,9
6348,Mycolicibacter_virginiensis,2379,2380,1
6349,Mycolicibacter_virginiensis,2664,2665,1
6350,Mycolicibacter_virginiensis,2723,2850,127
6351,Mycolicibacter_virginiensis,3376,3377,1
6352,Mycolicibacter_virginiensis,3378,3379,1
6353,Mycolicibacter_virginiensis,3433,3434,1
6354,Mycobacterium_dioxanotrophicus,1,3,2
6355,Mycobacterium_dioxanotrophicus,82,83,1
6356,Mycobacterium_dioxanotrophicus,186,187,1
6357,Mycobacterium_dioxanotrophicus,235,237,2
6358,Mycobacterium_dioxanotrophicus,238,240,2
6359,Mycobacterium_dioxanotrophicus,250,251,1
6360,Mycobacterium_dioxanotrophicus,295,296,1
6361,Mycobacterium_dioxanotrophicus,341,342,1
6362,Mycobacterium_dioxanotrophicus,359,360,1
6363,Mycobacterium_dioxanotrophicus,373,374,1
6364,Mycobacterium_dioxanotrophicus,401,402,1
6365,Mycobacterium_dioxanotrophicus,416,417,1
6366,Mycobacterium_dioxanotrophicus,451,452,1
6367,Mycobacterium_dioxanotrophicus,471,574,103
6368,Mycobacterium_dioxanotrophicus,754,755,1
6369,Mycobacterium_dioxanotrophicus,760,768,8
6370,Mycobacterium_dioxanotrophicus,789,790,1
6371,Mycobacterium_dioxanotrophicus,839,840,1
6372,Mycobacterium_dioxanotrophicus,890,891,1
6373,Mycobacterium_dioxanotrophicus,896,900,4
6374,Mycobacterium_dioxanotrophicus,1010,1011,1
6375,Mycobacterium_dioxanotrophicus,1068,1069,1
6376,Mycobacterium_dioxanotrophicus,1168,1169,1
6377,Mycobacterium_dioxanotrophicus,1185,1186,1
6378,Mycobacterium_dioxanotrophicus,1211,1212,1
6379,Mycobacterium_dioxanotrophicus,1237,1238,1
6380,Mycobacterium_dioxanotrophicus,1398,1399,1
6381,Mycobacterium_dioxanotrophicus,1430,1437,7
6382,Mycobacterium_dioxanotrophicus,1438,1439,1
6383,Mycobacterium_dioxanotrophicus,1445,1446,1
6384,Mycobacterium_dioxanotrophicus,1449,1464,15
6385,Mycobacterium_dioxanotrophicus,1491,1492,1
6386,Mycobacterium_dioxanotrophicus,1707,1708,1
6387,Mycobacterium_dioxanotrophicus,1748,1749,1
6388,Mycobacterium_dioxanotrophicus,1751,1752,1
6389,Mycobacterium_dioxanotrophicus,1756,1761,5
6390,Mycobacterium_dioxanotrophicus,1771,1775,4
6391,Mycobacterium_dioxanotrophicus,1776,1777,1
6392,Mycobacterium_dioxanotrophicus,1784,1785,1
6393,Mycobacterium_dioxanotrophicus,1789,1791,2
6394,Mycobacterium_dioxanotrophicus,1802,1803,1
6395,Mycobacterium_dioxanotrophicus,1918,1919,1
6396,Mycobacterium_dioxanotrophicus,1954,1955,1
6397,Mycobacterium_dioxanotrophicus,1993,1994,1
6398,Mycobacterium_dioxanotrophicus,2132,2133,1
6399,Mycobacterium_dioxanotrophicus,2136,2137,1
6400,Mycobacterium_dioxanotrophicus,2138,2139,1
6401,Mycobacterium_dioxanotrophicus,2143,2147,4
6402,Mycobacterium_dioxanotrophicus,2151,2152,1
6403,Mycobacterium_dioxanotrophicus,2285,2294,9
6404,Mycobacterium_dioxanotrophicus,2296,2298,2
6405,Mycobacterium_dioxanotrophicus,2299,2300,1
6406,Mycobacterium_dioxanotrophicus,2303,2306,3
6407,Mycobacterium_dioxanotrophicus,2309,2315,6
6408,Mycobacterium_dioxanotrophicus,2316,2325,9
6409,Mycobacterium_dioxanotrophicus,2379,2380,1
6410,Mycobacterium_dioxanotrophicus,2664,2665,1
6411,Mycobacterium_dioxanotrophicus,2723,2850,127
6412,Mycobacterium_dioxanotrophicus,3376,3377,1
6413,Mycobacterium_dioxanotrophicus,3378,3379,1
6414,Mycobacterium_dioxanotrophicus,3433,3434,1
6415,Mycolicibacterium_stellerae,1,3,2
6416,Mycolicibacterium_stellerae,82,83,1
6417,Mycolicibacterium_stellerae,186,187,1
6418,Mycolicibacterium_stellerae,235,237,2
6419,Mycolicibacterium_stellerae,238,240,2
6420,Mycolicibacterium_stellerae,250,251,1
6421,Mycolicibacterium_stellerae,295,296,1
6422,Mycolicibacterium_stellerae,341,342,1
6423,Mycolicibacterium_stellerae,359,360,1
6424,Mycolicibacterium_stellerae,373,374,1
6425,Mycolicibacterium_stellerae,386,387,1
6426,Mycolicibacterium_stellerae,401,402,1
6427,Mycolicibacterium_stellerae,416,417,1
6428,Mycolicibacterium_stellerae,451,452,1
6429,Mycolicibacterium_stellerae,473,574,101
6430,Mycolicibacterium_stellerae,753,755,2
6431,Mycolicibacterium_stellerae,760,761,1
6432,Mycolicibacterium_stellerae,762,768,6
6433,Mycolicibacterium_stellerae,789,790,1
6434,Mycolicibacterium_stellerae,884,891,7
6435,Mycolicibacterium_stellerae,896,900,4
6436,Mycolicibacterium_stellerae,1010,1011,1
6437,Mycolicibacterium_stellerae,1068,1069,1
6438,Mycolicibacterium_stellerae,1168,1169,1
6439,Mycolicibacterium_stellerae,1185,1186,1
6440,Mycolicibacterium_stellerae,1191,1192,1
6441,Mycolicibacterium_stellerae,1211,1212,1
6442,Mycolicibacterium_stellerae,1237,1238,1
6443,Mycolicibacterium_stellerae,1398,1399,1
6444,Mycolicibacterium_stellerae,1430,1437,7
6445,Mycolicibacterium_stellerae,1438,1439,1
6446,Mycolicibacterium_stellerae,1445,1446,1
6447,Mycolicibacterium_stellerae,1449,1464,15
6448,Mycolicibacterium_stellerae,1491,1492,1
6449,Mycolicibacterium_stellerae,1707,1708,1
6450,Mycolicibacterium_stellerae,1748,1749,1
6451,Mycolicibacterium_stellerae,1751,1752,1
6452,Mycolicibacterium_stellerae,1756,1760,4
6453,Mycolicibacterium_stellerae,1772,1775,3
6454,Mycolicibacterium_stellerae,1776,1777,1
6455,Mycolicibacterium_stellerae,1784,1785,1
6456,Mycolicibacterium_stellerae,1789,1791,2
6457,Mycolicibacterium_stellerae,1802,1803,1
6458,Mycolicibacterium_stellerae,1918,1919,1
6459,Mycolicibacterium_stellerae,1954,1955,1
6460,Mycolicibacterium_stellerae,1993,1994,1
6461,Mycolicibacterium_stellerae,2121,2122,1
6462,Mycolicibacterium_stellerae,2132,2133,1
6463,Mycolicibacterium_stellerae,2136,2137,1
6464,Mycolicibacterium_stellerae,2138,2139,1
6465,Mycolicibacterium_stellerae,2143,2147,4
6466,Mycolicibacterium_stellerae,2151,2152,1
6467,Mycolicibacterium_stellerae,2162,2163,1
6468,Mycolicibacterium_stellerae,2285,2294,9
6469,Mycolicibacterium_stellerae,2296,2297,1
6470,Mycolicibacterium_stellerae,2299,2300,1
6471,Mycolicibacterium_stellerae,2304,2305,1
6472,Mycolicibacterium_stellerae,2309,2315,6
6473,Mycolicibacterium_stellerae,2316,2325,9
6474,Mycolicibacterium_stellerae,2379,2380,1
6475,Mycolicibacterium_stellerae,2664,2665,1
6476,Mycolicibacterium_stellerae,2723,2850,127
6477,Mycolicibacterium_stellerae,3376,3377,1
6478,Mycolicibacterium_stellerae,3378,3379,1
6479,Mycolicibacterium_stellerae,3433,3434,1
6480,Mycolicibacterium_stellerae,3448,3449,1
6481,Mycobacterium_lehmannii,1,3,2
6482,Mycobacterium_lehmannii,82,83,1
6483,Mycobacterium_lehmannii,186,187,1
6484,Mycobacterium_lehmannii,235,237,2
6485,Mycobacterium_lehmannii,238,240,2
6486,Mycobacterium_lehmannii,250,251,1
6487,Mycobacterium_lehmannii,295,296,1
6488,Mycobacterium_lehmannii,341,342,1
6489,Mycobacterium_lehmannii,359,360,1
6490,Mycobacterium_lehmannii,373,374,1
6491,Mycobacterium_lehmannii,386,387,1
6492,Mycobacterium_lehmannii,401,402,1
6493,Mycobacterium_lehmannii,416,417,1
6494,Mycobacterium_lehmannii,451,452,1
6495,Mycobacterium_lehmannii,471,574,103
6496,Mycobacterium_lehmannii,753,755,2
6497,Mycobacterium_lehmannii,762,768,6
6498,Mycobacterium_lehmannii,789,790,1
6499,Mycobacterium_lehmannii,839,840,1
6500,Mycobacterium_lehmannii,890,891,1
6501,Mycobacterium_lehmannii,896,900,4
6502,Mycobacterium_lehmannii,1010,1011,1
6503,Mycobacterium_lehmannii,1068,1069,1
6504,Mycobacterium_lehmannii,1168,1169,1
6505,Mycobacterium_lehmannii,1185,1186,1
6506,Mycobacterium_lehmannii,1190,1192,2
6507,Mycobacterium_lehmannii,1211,1212,1
6508,Mycobacterium_lehmannii,1237,1238,1
6509,Mycobacterium_lehmannii,1398,1399,1
6510,Mycobacterium_lehmannii,1430,1437,7
6511,Mycobacterium_lehmannii,1438,1440,2
6512,Mycobacterium_lehmannii,1445,1446,1
6513,Mycobacterium_lehmannii,1448,1450,2
6514,Mycobacterium_lehmannii,1455,1463,8
6515,Mycobacterium_lehmannii,1491,1492,1
6516,Mycobacterium_lehmannii,1707,1708,1
6517,Mycobacterium_lehmannii,1748,1749,1
6518,Mycobacterium_lehmannii,1751,1752,1
6519,Mycobacterium_lehmannii,1756,1761,5
6520,Mycobacterium_lehmannii,1771,1775,4
6521,Mycobacterium_lehmannii,1776,1777,1
6522,Mycobacterium_lehmannii,1784,1785,1
6523,Mycobacterium_lehmannii,1789,1791,2
6524,Mycobacterium_lehmannii,1802,1803,1
6525,Mycobacterium_lehmannii,1918,1919,1
6526,Mycobacterium_lehmannii,1954,1955,1
6527,Mycobacterium_lehmannii,1993,1994,1
6528,Mycobacterium_lehmannii,2132,2133,1
6529,Mycobacterium_lehmannii,2136,2137,1
6530,Mycobacterium_lehmannii,2138,2139,1
6531,Mycobacterium_lehmannii,2143,2147,4
6532,Mycobacterium_lehmannii,2151,2152,1
6533,Mycobacterium_lehmannii,2162,2163,1
6534,Mycobacterium_lehmannii,2285,2294,9
6535,Mycobacterium_lehmannii,2296,2297,1
6536,Mycobacterium_lehmannii,2299,2300,1
6537,Mycobacterium_lehmannii,2303,2306,3
6538,Mycobacterium_lehmannii,2309,2315,6
6539,Mycobacterium_lehmannii,2316,2325,9
6540,Mycobacterium_lehmannii,2379,2380,1
6541,Mycobacterium_lehmannii,2664,2665,1
6542,Mycobacterium_lehmannii,2723,2850,127
6543,Mycobacterium_lehmannii,3378,3379,1
6544,Mycobacterium_lehmannii,3433,3434,1
6545,Mycolicibacter_terrae,1,3,2
6546,Mycolicibacter_terrae,82,83,1
6547,Mycolicibacter_terrae,236,237,1
6548,Mycolicibacter_terrae,238,240,2
6549,Mycolicibacter_terrae,250,251,1
6550,Mycolicibacter_terrae,295,296,1
6551,Mycolicibacter_terrae,341,342,1
6552,Mycolicibacter_terrae,359,360,1
6553,Mycolicibacter_terrae,373,374,1
6554,Mycolicibacter_terrae,386,387,1
6555,Mycolicibacter_terrae,401,402,1
6556,Mycolicibacter_terrae,416,417,1
6557,Mycolicibacter_terrae,451,452,1
6558,Mycolicibacter_terrae,471,574,103
6559,Mycolicibacter_terrae,753,755,2
6560,Mycolicibacter_terrae,760,768,8
6561,Mycolicibacter_terrae,789,790,1
6562,Mycolicibacter_terrae,839,840,1
6563,Mycolicibacter_terrae,890,891,1
6564,Mycolicibacter_terrae,896,900,4
6565,Mycolicibacter_terrae,1010,1011,1
6566,Mycolicibacter_terrae,1068,1069,1
6567,Mycolicibacter_terrae,1168,1169,1
6568,Mycolicibacter_terrae,1185,1186,1
6569,Mycolicibacter_terrae,1190,1192,2
6570,Mycolicibacter_terrae,1211,1212,1
6571,Mycolicibacter_terrae,1237,1238,1
6572,Mycolicibacter_terrae,1398,1399,1
6573,Mycolicibacter_terrae,1430,1437,7
6574,Mycolicibacter_terrae,1438,1439,1
6575,Mycolicibacter_terrae,1440,1458,18
6576,Mycolicibacter_terrae,1462,1463,1
6577,Mycolicibacter_terrae,1491,1492,1
6578,Mycolicibacter_terrae,1707,1708,1
6579,Mycolicibacter_terrae,1748,1749,1
6580,Mycolicibacter_terrae,1756,1761,5
6581,Mycolicibacter_terrae,1772,1775,3
6582,Mycolicibacter_terrae,1776,1777,1
6583,Mycolicibacter_terrae,1784,1785,1
6584,Mycolicibacter_terrae,1789,1791,2
6585,Mycolicibacter_terrae,1802,1803,1
6586,Mycolicibacter_terrae,1918,1919,1
6587,Mycolicibacter_terrae,1954,1955,1
6588,Mycolicibacter_terrae,1993,1994,1
6589,Mycolicibacter_terrae,2132,2133,1
6590,Mycolicibacter_terrae,2136,2137,1
6591,Mycolicibacter_terrae,2138,2139,1
6592,Mycolicibacter_terrae,2143,2147,4
6593,Mycolicibacter_terrae,2151,2152,1
6594,Mycolicibacter_terrae,2162,2163,1
6595,Mycolicibacter_terrae,2285,2294,9
6596,Mycolicibacter_terrae,2296,2297,1
6597,Mycolicibacter_terrae,2299,2300,1
6598,Mycolicibacter_terrae,2302,2307,5
6599,Mycolicibacter_terrae,2309,2315,6
6600,Mycolicibacter_terrae,2316,2325,9
6601,Mycolicibacter_terrae,2379,2380,1
6602,Mycolicibacter_terrae,2664,2665,1
6603,Mycolicibacter_terrae,2723,2850,127
6604,Mycolicibacter_terrae,3378,3379,1
6605,Mycolicibacter_terrae,3433,3434,1
6606,Mycolicibacter_arupensis,1,3,2
6607,Mycolicibacter_arupensis,82,83,1
6608,Mycolicibacter_arupensis,236,237,1
6609,Mycolicibacter_arupensis,238,240,2
6610,Mycolicibacter_arupensis,250,251,1
6611,Mycolicibacter_arupensis,295,296,1
6612,Mycolicibacter_arupensis,341,342,1
6613,Mycolicibacter_arupensis,359,360,1
6614,Mycolicibacter_arupensis,373,374,1
6615,Mycolicibacter_arupensis,401,402,1
6616,Mycolicibacter_arupensis,416,417,1
6617,Mycolicibacter_arupensis,451,452,1
6618,Mycolicibacter_arupensis,472,574,102
6619,Mycolicibacter_arupensis,753,755,2
6620,Mycolicibacter_arupensis,759,768,9
6621,Mycolicibacter_arupensis,789,790,1
6622,Mycolicibacter_arupensis,839,840,1
6623,Mycolicibacter_arupensis,890,891,1
6624,Mycolicibacter_arupensis,896,900,4
6625,Mycolicibacter_arupensis,1010,1011,1
6626,Mycolicibacter_arupensis,1068,1069,1
6627,Mycolicibacter_arupensis,1168,1169,1
6628,Mycolicibacter_arupensis,1185,1186,1
6629,Mycolicibacter_arupensis,1190,1192,2
6630,Mycolicibacter_arupensis,1211,1212,1
6631,Mycolicibacter_arupensis,1237,1238,1
6632,Mycolicibacter_arupensis,1398,1399,1
6633,Mycolicibacter_arupensis,1430,1437,7
6634,Mycolicibacter_arupensis,1438,1439,1
6635,Mycolicibacter_arupensis,1440,1458,18
6636,Mycolicibacter_arupensis,1462,1463,1
6637,Mycolicibacter_arupensis,1491,1492,1
6638,Mycolicibacter_arupensis,1707,1708,1
6639,Mycolicibacter_arupensis,1748,1749,1
6640,Mycolicibacter_arupensis,1751,1752,1
6641,Mycolicibacter_arupensis,1756,1761,5
6642,Mycolicibacter_arupensis,1772,1777,5
6643,Mycolicibacter_arupensis,1784,1785,1
6644,Mycolicibacter_arupensis,1789,1791,2
6645,Mycolicibacter_arupensis,1802,1803,1
6646,Mycolicibacter_arupensis,1918,1919,1
6647,Mycolicibacter_arupensis,1954,1955,1
6648,Mycolicibacter_arupensis,1993,1994,1
6649,Mycolicibacter_arupensis,2132,2133,1
6650,Mycolicibacter_arupensis,2136,2137,1
6651,Mycolicibacter_arupensis,2138,2139,1
6652,Mycolicibacter_arupensis,2143,2147,4
6653,Mycolicibacter_arupensis,2151,2152,1
6654,Mycolicibacter_arupensis,2162,2163,1
6655,Mycolicibacter_arupensis,2285,2294,9
6656,Mycolicibacter_arupensis,2296,2297,1
6657,Mycolicibacter_arupensis,2299,2300,1
6658,Mycolicibacter_arupensis,2302,2307,5
6659,Mycolicibacter_arupensis,2309,2315,6
6660,Mycolicibacter_arupensis,2316,2325,9
6661,Mycolicibacter_arupensis,2379,2380,1
6662,Mycolicibacter_arupensis,2664,2665,1
6663,Mycolicibacter_arupensis,2723,2850,127
6664,Mycolicibacter_arupensis,3376,3377,1
6665,Mycolicibacter_arupensis,3378,3379,1
6666,Mycolicibacter_arupensis,3433,3434,1
6667,Mycolicibacter_senuensis,1,3,2
6668,Mycolicibacter_senuensis,82,83,1
6669,Mycolicibacter_senuensis,235,237,2
6670,Mycolicibacter_senuensis,238,240,2
6671,Mycolicibacter_senuensis,250,251,1
6672,Mycolicibacter_senuensis,295,296,1
6673,Mycolicibacter_senuensis,341,342,1
6674,Mycolicibacter_senuensis,373,374,1
6675,Mycolicibacter_senuensis,401,402,1
6676,Mycolicibacter_senuensis,416,417,1
6677,Mycolicibacter_senuensis,451,452,1
6678,Mycolicibacter_senuensis,472,574,102
6679,Mycolicibacter_senuensis,753,755,2
6680,Mycolicibacter_senuensis,760,768,8
6681,Mycolicibacter_senuensis,789,790,1
6682,Mycolicibacter_senuensis,839,840,1
6683,Mycolicibacter_senuensis,890,891,1
6684,Mycolicibacter_senuensis,896,900,4
6685,Mycolicibacter_senuensis,1010,1011,1
6686,Mycolicibacter_senuensis,1068,1070,2
6687,Mycolicibacter_senuensis,1168,1169,1
6688,Mycolicibacter_senuensis,1185,1186,1
6689,Mycolicibacter_senuensis,1190,1192,2
6690,Mycolicibacter_senuensis,1211,1212,1
6691,Mycolicibacter_senuensis,1237,1238,1
6692,Mycolicibacter_senuensis,1398,1399,1
6693,Mycolicibacter_senuensis,1430,1437,7
6694,Mycolicibacter_senuensis,1438,1439,1
6695,Mycolicibacter_senuensis,1440,1458,18
6696,Mycolicibacter_senuensis,1462,1463,1
6697,Mycolicibacter_senuensis,1491,1492,1
6698,Mycolicibacter_senuensis,1707,1708,1
6699,Mycolicibacter_senuensis,1748,1749,1
6700,Mycolicibacter_senuensis,1756,1761,5
6701,Mycolicibacter_senuensis,1772,1775,3
6702,Mycolicibacter_senuensis,1776,1777,1
6703,Mycolicibacter_senuensis,1784,1785,1
6704,Mycolicibacter_senuensis,1789,1791,2
6705,Mycolicibacter_senuensis,1802,1803,1
6706,Mycolicibacter_senuensis,1918,1919,1
6707,Mycolicibacter_senuensis,1954,1955,1
6708,Mycolicibacter_senuensis,1993,1994,1
6709,Mycolicibacter_senuensis,2132,2133,1
6710,Mycolicibacter_senuensis,2136,2137,1
6711,Mycolicibacter_senuensis,2138,2139,1
6712,Mycolicibacter_senuensis,2143,2147,4
6713,Mycolicibacter_senuensis,2151,2152,1
6714,Mycolicibacter_senuensis,2162,2163,1
6715,Mycolicibacter_senuensis,2285,2294,9
6716,Mycolicibacter_senuensis,2296,2297,1
6717,Mycolicibacter_senuensis,2299,2300,1
6718,Mycolicibacter_senuensis,2302,2307,5
6719,Mycolicibacter_senuensis,2309,2315,6
6720,Mycolicibacter_senuensis,2316,2325,9
6721,Mycolicibacter_senuensis,2379,2380,1
6722,Mycolicibacter_senuensis,2664,2665,1
6723,Mycolicibacter_senuensis,2723,2850,127
6724,Mycolicibacter_senuensis,3376,3379,3
6725,Mycolicibacter_senuensis,3433,3434,1
6726,Mycolicibacterium_novocastrense,1,3,2
6727,Mycolicibacterium_novocastrense,82,83,1
6728,Mycolicibacterium_novocastrense,186,187,1
6729,Mycolicibacterium_novocastrense,235,237,2
6730,Mycolicibacterium_novocastrense,238,240,2
6731,Mycolicibacterium_novocastrense,250,251,1
6732,Mycolicibacterium_novocastrense,295,296,1
6733,Mycolicibacterium_novocastrense,359,360,1
6734,Mycolicibacterium_novocastrense,373,374,1
6735,Mycolicibacterium_novocastrense,386,387,1
6736,Mycolicibacterium_novocastrense,401,402,1
6737,Mycolicibacterium_novocastrense,416,417,1
6738,Mycolicibacterium_novocastrense,473,574,101
6739,Mycolicibacterium_novocastrense,753,755,2
6740,Mycolicibacterium_novocastrense,760,761,1
6741,Mycolicibacterium_novocastrense,762,768,6
6742,Mycolicibacterium_novocastrense,789,790,1
6743,Mycolicibacterium_novocastrense,839,840,1
6744,Mycolicibacterium_novocastrense,890,891,1
6745,Mycolicibacterium_novocastrense,896,900,4
6746,Mycolicibacterium_novocastrense,1010,1011,1
6747,Mycolicibacterium_novocastrense,1068,1069,1
6748,Mycolicibacterium_novocastrense,1168,1169,1
6749,Mycolicibacterium_novocastrense,1185,1186,1
6750,Mycolicibacterium_novocastrense,1190,1192,2
6751,Mycolicibacterium_novocastrense,1211,1212,1
6752,Mycolicibacterium_novocastrense,1237,1238,1
6753,Mycolicibacterium_novocastrense,1398,1399,1
6754,Mycolicibacterium_novocastrense,1430,1437,7
6755,Mycolicibacterium_novocastrense,1438,1440,2
6756,Mycolicibacterium_novocastrense,1445,1446,1
6757,Mycolicibacterium_novocastrense,1448,1449,1
6758,Mycolicibacterium_novocastrense,1455,1463,8
6759,Mycolicibacterium_novocastrense,1491,1492,1
6760,Mycolicibacterium_novocastrense,1707,1708,1
6761,Mycolicibacterium_novocastrense,1748,1749,1
6762,Mycolicibacterium_novocastrense,1751,1752,1
6763,Mycolicibacterium_novocastrense,1756,1761,5
6764,Mycolicibacterium_novocastrense,1771,1775,4
6765,Mycolicibacterium_novocastrense,1776,1777,1
6766,Mycolicibacterium_novocastrense,1784,1785,1
6767,Mycolicibacterium_novocastrense,1789,1791,2
6768,Mycolicibacterium_novocastrense,1802,1803,1
6769,Mycolicibacterium_novocastrense,1918,1920,2
6770,Mycolicibacterium_novocastrense,1954,1955,1
6771,Mycolicibacterium_novocastrense,1993,1994,1
6772,Mycolicibacterium_novocastrense,2132,2133,1
6773,Mycolicibacterium_novocastrense,2136,2137,1
6774,Mycolicibacterium_novocastrense,2138,2139,1
6775,Mycolicibacterium_novocastrense,2143,2147,4
6776,Mycolicibacterium_novocastrense,2151,2152,1
6777,Mycolicibacterium_novocastrense,2162,2163,1
6778,Mycolicibacterium_novocastrense,2285,2294,9
6779,Mycolicibacterium_novocastrense,2296,2297,1
6780,Mycolicibacterium_novocastrense,2299,2302,3
6781,Mycolicibacterium_novocastrense,2303,2306,3
6782,Mycolicibacterium_novocastrense,2309,2315,6
6783,Mycolicibacterium_novocastrense,2316,2325,9
6784,Mycolicibacterium_novocastrense,2379,2380,1
6785,Mycolicibacterium_novocastrense,2664,2665,1
6786,Mycolicibacterium_novocastrense,2723,2850,127
6787,Mycolicibacterium_novocastrense,3378,3379,1
6788,Mycolicibacterium_novocastrense,3433,3434,1
6789,Mycobacterium_manitobense,1,3,2
6790,Mycobacterium_manitobense,82,83,1
6791,Mycobacterium_manitobense,186,187,1
6792,Mycobacterium_manitobense,235,237,2
6793,Mycobacterium_manitobense,238,240,2
6794,Mycobacterium_manitobense,250,251,1
6795,Mycobacterium_manitobense,295,296,1
6796,Mycobacterium_manitobense,341,342,1
6797,Mycobacterium_manitobense,359,360,1
6798,Mycobacterium_manitobense,373,374,1
6799,Mycobacterium_manitobense,386,387,1
6800,Mycobacterium_manitobense,416,417,1
6801,Mycobacterium_manitobense,451,452,1
6802,Mycobacterium_manitobense,471,574,103
6803,Mycobacterium_manitobense,753,755,2
6804,Mycobacterium_manitobense,760,768,8
6805,Mycobacterium_manitobense,789,790,1
6806,Mycobacterium_manitobense,839,840,1
6807,Mycobacterium_manitobense,890,891,1
6808,Mycobacterium_manitobense,896,900,4
6809,Mycobacterium_manitobense,1010,1011,1
6810,Mycobacterium_manitobense,1068,1069,1
6811,Mycobacterium_manitobense,1168,1169,1
6812,Mycobacterium_manitobense,1185,1186,1
6813,Mycobacterium_manitobense,1190,1192,2
6814,Mycobacterium_manitobense,1211,1212,1
6815,Mycobacterium_manitobense,1237,1238,1
6816,Mycobacterium_manitobense,1398,1399,1
6817,Mycobacterium_manitobense,1430,1437,7
6818,Mycobacterium_manitobense,1438,1439,1
6819,Mycobacterium_manitobense,1445,1460,15
6820,Mycobacterium_manitobense,1491,1492,1
6821,Mycobacterium_manitobense,1707,1708,1
6822,Mycobacterium_manitobense,1748,1749,1
6823,Mycobacterium_manitobense,1751,1752,1
6824,Mycobacterium_manitobense,1756,1761,5
6825,Mycobacterium_manitobense,1771,1775,4
6826,Mycobacterium_manitobense,1776,1777,1
6827,Mycobacterium_manitobense,1784,1785,1
6828,Mycobacterium_manitobense,1802,1803,1
6829,Mycobacterium_manitobense,1917,1919,2
6830,Mycobacterium_manitobense,1954,1955,1
6831,Mycobacterium_manitobense,1993,1994,1
6832,Mycobacterium_manitobense,2132,2133,1
6833,Mycobacterium_manitobense,2136,2137,1
6834,Mycobacterium_manitobense,2143,2147,4
6835,Mycobacterium_manitobense,2151,2152,1
6836,Mycobacterium_manitobense,2162,2163,1
6837,Mycobacterium_manitobense,2285,2294,9
6838,Mycobacterium_manitobense,2296,2297,1
6839,Mycobacterium_manitobense,2299,2300,1
6840,Mycobacterium_manitobense,2302,2307,5
6841,Mycobacterium_manitobense,2309,2315,6
6842,Mycobacterium_manitobense,2316,2325,9
6843,Mycobacterium_manitobense,2379,2380,1
6844,Mycobacterium_manitobense,2664,2665,1
6845,Mycobacterium_manitobense,2723,2850,127
6846,Mycobacterium_manitobense,3378,3379,1
6847,Mycobacterium_manitobense,3433,3434,1
6848,Mycobacterium_neumannii,1,3,2
6849,Mycobacterium_neumannii,82,83,1
6850,Mycobacterium_neumannii,186,187,1
6851,Mycobacterium_neumannii,235,237,2
6852,Mycobacterium_neumannii,238,240,2
6853,Mycobacterium_neumannii,250,251,1
6854,Mycobacterium_neumannii,295,296,1
6855,Mycobacterium_neumannii,341,342,1
6856,Mycobacterium_neumannii,359,360,1
6857,Mycobacterium_neumannii,373,374,1
6858,Mycobacterium_neumannii,386,387,1
6859,Mycobacterium_neumannii,401,402,1
6860,Mycobacterium_neumannii,416,417,1
6861,Mycobacterium_neumannii,451,452,1
6862,Mycobacterium_neumannii,471,574,103
6863,Mycobacterium_neumannii,753,755,2
6864,Mycobacterium_neumannii,760,761,1
6865,Mycobacterium_neumannii,762,768,6
6866,Mycobacterium_neumannii,789,790,1
6867,Mycobacterium_neumannii,839,840,1
6868,Mycobacterium_neumannii,890,891,1
6869,Mycobacterium_neumannii,896,900,4
6870,Mycobacterium_neumannii,1010,1011,1
6871,Mycobacterium_neumannii,1068,1069,1
6872,Mycobacterium_neumannii,1168,1169,1
6873,Mycobacterium_neumannii,1185,1186,1
6874,Mycobacterium_neumannii,1190,1192,2
6875,Mycobacterium_neumannii,1211,1212,1
6876,Mycobacterium_neumannii,1237,1238,1
6877,Mycobacterium_neumannii,1398,1399,1
6878,Mycobacterium_neumannii,1430,1437,7
6879,Mycobacterium_neumannii,1438,1440,2
6880,Mycobacterium_neumannii,1445,1446,1
6881,Mycobacterium_neumannii,1448,1450,2
6882,Mycobacterium_neumannii,1455,1463,8
6883,Mycobacterium_neumannii,1491,1492,1
6884,Mycobacterium_neumannii,1707,1708,1
6885,Mycobacterium_neumannii,1748,1749,1
6886,Mycobacterium_neumannii,1751,1752,1
6887,Mycobacterium_neumannii,1756,1761,5
6888,Mycobacterium_neumannii,1771,1775,4
6889,Mycobacterium_neumannii,1776,1777,1
6890,Mycobacterium_neumannii,1784,1785,1
6891,Mycobacterium_neumannii,1789,1791,2
6892,Mycobacterium_neumannii,1802,1803,1
6893,Mycobacterium_neumannii,1918,1919,1
6894,Mycobacterium_neumannii,1954,1955,1
6895,Mycobacterium_neumannii,1993,1994,1
6896,Mycobacterium_neumannii,2132,2133,1
6897,Mycobacterium_neumannii,2136,2137,1
6898,Mycobacterium_neumannii,2138,2139,1
6899,Mycobacterium_neumannii,2143,2147,4
6900,Mycobacterium_neumannii,2151,2152,1
6901,Mycobacterium_neumannii,2162,2163,1
6902,Mycobacterium_neumannii,2285,2294,9
6903,Mycobacterium_neumannii,2296,2297,1
6904,Mycobacterium_neumannii,2298,2301,3
6905,Mycobacterium_neumannii,2303,2306,3
6906,Mycobacterium_neumannii,2309,2315,6
6907,Mycobacterium_neumannii,2316,2325,9
6908,Mycobacterium_neumannii,2379,2380,1
6909,Mycobacterium_neumannii,2664,2665,1
6910,Mycobacterium_neumannii,2723,2850,127
6911,Mycobacterium_neumannii,3378,3379,1
6912,Mycobacterium_neumannii,3433,3434,1
6913,Mycolicibacter_algericus,1,3,2
6914,Mycolicibacter_algericus,82,83,1
6915,Mycolicibacter_algericus,235,237,2
6916,Mycolicibacter_algericus,238,240,2
6917,Mycolicibacter_algericus,250,251,1
6918,Mycolicibacter_algericus,295,296,1
6919,Mycolicibacter_algericus,341,342,1
6920,Mycolicibacter_algericus,373,374,1
6921,Mycolicibacter_algericus,401,402,1
6922,Mycolicibacter_algericus,416,417,1
6923,Mycolicibacter_algericus,451,452,1
6924,Mycolicibacter_algericus,472,574,102
6925,Mycolicibacter_algericus,753,755,2
6926,Mycolicibacter_algericus,761,768,7
6927,Mycolicibacter_algericus,789,790,1
6928,Mycolicibacter_algericus,839,840,1
6929,Mycolicibacter_algericus,890,891,1
6930,Mycolicibacter_algericus,896,900,4
6931,Mycolicibacter_algericus,1010,1011,1
6932,Mycolicibacter_algericus,1068,1069,1
6933,Mycolicibacter_algericus,1168,1169,1
6934,Mycolicibacter_algericus,1185,1186,1
6935,Mycolicibacter_algericus,1190,1192,2
6936,Mycolicibacter_algericus,1211,1212,1
6937,Mycolicibacter_algericus,1237,1238,1
6938,Mycolicibacter_algericus,1256,1260,4
6939,Mycolicibacter_algericus,1398,1399,1
6940,Mycolicibacter_algericus,1430,1437,7
6941,Mycolicibacter_algericus,1438,1439,1
6942,Mycolicibacter_algericus,1440,1458,18
6943,Mycolicibacter_algericus,1462,1463,1
6944,Mycolicibacter_algericus,1491,1492,1
6945,Mycolicibacter_algericus,1707,1708,1
6946,Mycolicibacter_algericus,1748,1749,1
6947,Mycolicibacter_algericus,1756,1761,5
6948,Mycolicibacter_algericus,1772,1775,3
6949,Mycolicibacter_algericus,1776,1777,1
6950,Mycolicibacter_algericus,1784,1785,1
6951,Mycolicibacter_algericus,1788,1791,3
6952,Mycolicibacter_algericus,1802,1803,1
6953,Mycolicibacter_algericus,1918,1919,1
6954,Mycolicibacter_algericus,1954,1955,1
6955,Mycolicibacter_algericus,1993,1994,1
6956,Mycolicibacter_algericus,2132,2133,1
6957,Mycolicibacter_algericus,2136,2137,1
6958,Mycolicibacter_algericus,2138,2139,1
6959,Mycolicibacter_algericus,2143,2147,4
6960,Mycolicibacter_algericus,2150,2153,3
6961,Mycolicibacter_algericus,2162,2163,1
6962,Mycolicibacter_algericus,2200,2201,1
6963,Mycolicibacter_algericus,2285,2294,9
6964,Mycolicibacter_algericus,2296,2297,1
6965,Mycolicibacter_algericus,2299,2300,1
6966,Mycolicibacter_algericus,2303,2306,3
6967,Mycolicibacter_algericus,2309,2315,6
6968,Mycolicibacter_algericus,2316,2325,9
6969,Mycolicibacter_algericus,2379,2380,1
6970,Mycolicibacter_algericus,2664,2665,1
6971,Mycolicibacter_algericus,2723,2850,127
6972,Mycolicibacter_algericus,3378,3379,1
6973,Mycolicibacter_algericus,3433,3434,1
6974,Mycolicibacterium_komanii,1,3,2
6975,Mycolicibacterium_komanii,82,83,1
6976,Mycolicibacterium_komanii,186,187,1
6977,Mycolicibacterium_komanii,235,237,2
6978,Mycolicibacterium_komanii,238,240,2
6979,Mycolicibacterium_komanii,250,251,1
6980,Mycolicibacterium_komanii,295,296,1
6981,Mycolicibacterium_komanii,341,342,1
6982,Mycolicibacterium_komanii,359,360,1
6983,Mycolicibacterium_komanii,373,374,1
6984,Mycolicibacterium_komanii,386,387,1
6985,Mycolicibacterium_komanii,401,402,1
6986,Mycolicibacterium_komanii,416,417,1
6987,Mycolicibacterium_komanii,451,452,1
6988,Mycolicibacterium_komanii,473,574,101
6989,Mycolicibacterium_komanii,753,755,2
6990,Mycolicibacterium_komanii,760,761,1
6991,Mycolicibacterium_komanii,762,768,6
6992,Mycolicibacterium_komanii,789,790,1
6993,Mycolicibacterium_komanii,839,840,1
6994,Mycolicibacterium_komanii,890,891,1
6995,Mycolicibacterium_komanii,896,900,4
6996,Mycolicibacterium_komanii,1010,1011,1
6997,Mycolicibacterium_komanii,1068,1069,1
6998,Mycolicibacterium_komanii,1168,1169,1
6999,Mycolicibacterium_komanii,1185,1186,1
7000,Mycolicibacterium_komanii,1190,1192,2
7001,Mycolicibacterium_komanii,1211,1212,1
7002,Mycolicibacterium_komanii,1237,1238,1
7003,Mycolicibacterium_komanii,1398,1399,1
7004,Mycolicibacterium_komanii,1430,1437,7
7005,Mycolicibacterium_komanii,1438,1439,1
7006,Mycolicibacterium_komanii,1445,1446,1
7007,Mycolicibacterium_komanii,1448,1462,14
7008,Mycolicibacterium_komanii,1491,1492,1
7009,Mycolicibacterium_komanii,1707,1708,1
7010,Mycolicibacterium_komanii,1748,1749,1
7011,Mycolicibacterium_komanii,1751,1752,1
7012,Mycolicibacterium_komanii,1756,1761,5
7013,Mycolicibacterium_komanii,1771,1775,4
7014,Mycolicibacterium_komanii,1776,1777,1
7015,Mycolicibacterium_komanii,1784,1785,1
7016,Mycolicibacterium_komanii,1789,1791,2
7017,Mycolicibacterium_komanii,1802,1803,1
7018,Mycolicibacterium_komanii,1918,1919,1
7019,Mycolicibacterium_komanii,1954,1955,1
7020,Mycolicibacterium_komanii,1993,1994,1
7021,Mycolicibacterium_komanii,2132,2133,1
7022,Mycolicibacterium_komanii,2136,2137,1
7023,Mycolicibacterium_komanii,2138,2139,1
7024,Mycolicibacterium_komanii,2143,2147,4
7025,Mycolicibacterium_komanii,2151,2152,1
7026,Mycolicibacterium_komanii,2162,2163,1
7027,Mycolicibacterium_komanii,2285,2294,9
7028,Mycolicibacterium_komanii,2296,2297,1
7029,Mycolicibacterium_komanii,2299,2300,1
7030,Mycolicibacterium_komanii,2303,2306,3
7031,Mycolicibacterium_komanii,2309,2315,6
7032,Mycolicibacterium_komanii,2316,2325,9
7033,Mycolicibacterium_komanii,2379,2380,1
7034,Mycolicibacterium_komanii,2664,2665,1
7035,Mycolicibacterium_komanii,2723,2850,127
7036,Mycolicibacterium_komanii,3378,3379,1
7037,Mycolicibacterium_komanii,3433,3434,1
7038,Mycobacterium_aquaticum,1,3,2
7039,Mycobacterium_aquaticum,82,83,1
7040,Mycobacterium_aquaticum,186,187,1
7041,Mycobacterium_aquaticum,235,237,2
7042,Mycobacterium_aquaticum,238,240,2
7043,Mycobacterium_aquaticum,250,251,1
7044,Mycobacterium_aquaticum,295,296,1
7045,Mycobacterium_aquaticum,341,342,1
7046,Mycobacterium_aquaticum,359,360,1
7047,Mycobacterium_aquaticum,373,374,1
7048,Mycobacterium_aquaticum,401,402,1
7049,Mycobacterium_aquaticum,416,417,1
7050,Mycobacterium_aquaticum,451,452,1
7051,Mycobacterium_aquaticum,471,574,103
7052,Mycobacterium_aquaticum,753,755,2
7053,Mycobacterium_aquaticum,760,768,8
7054,Mycobacterium_aquaticum,789,790,1
7055,Mycobacterium_aquaticum,839,840,1
7056,Mycobacterium_aquaticum,890,891,1
7057,Mycobacterium_aquaticum,896,900,4
7058,Mycobacterium_aquaticum,1010,1011,1
7059,Mycobacterium_aquaticum,1068,1069,1
7060,Mycobacterium_aquaticum,1168,1169,1
7061,Mycobacterium_aquaticum,1185,1186,1
7062,Mycobacterium_aquaticum,1211,1212,1
7063,Mycobacterium_aquaticum,1237,1238,1
7064,Mycobacterium_aquaticum,1398,1399,1
7065,Mycobacterium_aquaticum,1430,1437,7
7066,Mycobacterium_aquaticum,1438,1439,1
7067,Mycobacterium_aquaticum,1445,1464,19
7068,Mycobacterium_aquaticum,1491,1492,1
7069,Mycobacterium_aquaticum,1707,1708,1
7070,Mycobacterium_aquaticum,1748,1749,1
7071,Mycobacterium_aquaticum,1751,1752,1
7072,Mycobacterium_aquaticum,1756,1761,5
7073,Mycobacterium_aquaticum,1771,1775,4
7074,Mycobacterium_aquaticum,1776,1777,1
7075,Mycobacterium_aquaticum,1784,1785,1
7076,Mycobacterium_aquaticum,1788,1790,2
7077,Mycobacterium_aquaticum,1802,1803,1
7078,Mycobacterium_aquaticum,1918,1919,1
7079,Mycobacterium_aquaticum,1954,1955,1
7080,Mycobacterium_aquaticum,1993,1994,1
7081,Mycobacterium_aquaticum,2132,2133,1
7082,Mycobacterium_aquaticum,2136,2137,1
7083,Mycobacterium_aquaticum,2143,2147,4
7084,Mycobacterium_aquaticum,2151,2152,1
7085,Mycobacterium_aquaticum,2162,2163,1
7086,Mycobacterium_aquaticum,2285,2294,9
7087,Mycobacterium_aquaticum,2296,2297,1
7088,Mycobacterium_aquaticum,2299,2300,1
7089,Mycobacterium_aquaticum,2303,2306,3
7090,Mycobacterium_aquaticum,2309,2315,6
7091,Mycobacterium_aquaticum,2316,2325,9
7092,Mycobacterium_aquaticum,2379,2380,1
7093,Mycobacterium_aquaticum,2664,2665,1
7094,Mycobacterium_aquaticum,2723,2850,127
7095,Mycobacterium_aquaticum,3376,3377,1
7096,Mycobacterium_aquaticum,3378,3379,1
7097,Mycobacterium_aquaticum,3433,3434,1
7098,Mycolicibacterium_malmesburyense,1,3,2
7099,Mycolicibacterium_malmesburyense,82,83,1
7100,Mycolicibacterium_malmesburyense,186,187,1
7101,Mycolicibacterium_malmesburyense,235,237,2
7102,Mycolicibacterium_malmesburyense,238,240,2
7103,Mycolicibacterium_malmesburyense,250,251,1
7104,Mycolicibacterium_malmesburyense,295,296,1
7105,Mycolicibacterium_malmesburyense,341,342,1
7106,Mycolicibacterium_malmesburyense,359,360,1
7107,Mycolicibacterium_malmesburyense,373,374,1
7108,Mycolicibacterium_malmesburyense,386,387,1
7109,Mycolicibacterium_malmesburyense,401,402,1
7110,Mycolicibacterium_malmesburyense,416,417,1
7111,Mycolicibacterium_malmesburyense,451,452,1
7112,Mycolicibacterium_malmesburyense,473,574,101
7113,Mycolicibacterium_malmesburyense,753,755,2
7114,Mycolicibacterium_malmesburyense,762,768,6
7115,Mycolicibacterium_malmesburyense,789,790,1
7116,Mycolicibacterium_malmesburyense,839,840,1
7117,Mycolicibacterium_malmesburyense,890,891,1
7118,Mycolicibacterium_malmesburyense,896,900,4
7119,Mycolicibacterium_malmesburyense,1010,1011,1
7120,Mycolicibacterium_malmesburyense,1068,1069,1
7121,Mycolicibacterium_malmesburyense,1168,1169,1
7122,Mycolicibacterium_malmesburyense,1185,1186,1
7123,Mycolicibacterium_malmesburyense,1190,1192,2
7124,Mycolicibacterium_malmesburyense,1211,1212,1
7125,Mycolicibacterium_malmesburyense,1237,1238,1
7126,Mycolicibacterium_malmesburyense,1398,1399,1
7127,Mycolicibacterium_malmesburyense,1430,1437,7
7128,Mycolicibacterium_malmesburyense,1438,1440,2
7129,Mycolicibacterium_malmesburyense,1445,1446,1
7130,Mycolicibacterium_malmesburyense,1448,1450,2
7131,Mycolicibacterium_malmesburyense,1455,1463,8
7132,Mycolicibacterium_malmesburyense,1491,1492,1
7133,Mycolicibacterium_malmesburyense,1707,1708,1
7134,Mycolicibacterium_malmesburyense,1748,1749,1
7135,Mycolicibacterium_malmesburyense,1751,1752,1
7136,Mycolicibacterium_malmesburyense,1756,1761,5
7137,Mycolicibacterium_malmesburyense,1771,1775,4
7138,Mycolicibacterium_malmesburyense,1776,1777,1
7139,Mycolicibacterium_malmesburyense,1784,1785,1
7140,Mycolicibacterium_malmesburyense,1789,1791,2
7141,Mycolicibacterium_malmesburyense,1802,1803,1
7142,Mycolicibacterium_malmesburyense,1918,1920,2
7143,Mycolicibacterium_malmesburyense,1954,1955,1
7144,Mycolicibacterium_malmesburyense,1993,1994,1
7145,Mycolicibacterium_malmesburyense,2132,2133,1
7146,Mycolicibacterium_malmesburyense,2136,2137,1
7147,Mycolicibacterium_malmesburyense,2138,2139,1
7148,Mycolicibacterium_malmesburyense,2143,2147,4
7149,Mycolicibacterium_malmesburyense,2151,2152,1
7150,Mycolicibacterium_malmesburyense,2162,2163,1
7151,Mycolicibacterium_malmesburyense,2285,2294,9
7152,Mycolicibacterium_malmesburyense,2296,2297,1
7153,Mycolicibacterium_malmesburyense,2299,2300,1
7154,Mycolicibacterium_malmesburyense,2302,2307,5
7155,Mycolicibacterium_malmesburyense,2309,2315,6
7156,Mycolicibacterium_malmesburyense,2316,2325,9
7157,Mycolicibacterium_malmesburyense,2379,2380,1
7158,Mycolicibacterium_malmesburyense,2664,2665,1
7159,Mycolicibacterium_malmesburyense,2723,2850,127
7160,Mycolicibacterium_malmesburyense,3378,3379,1
7161,Mycolicibacterium_malmesburyense,3433,3434,1
7162,Mycobacterium_grossiae,1,3,2
7163,Mycobacterium_grossiae,82,83,1
7164,Mycobacterium_grossiae,186,187,1
7165,Mycobacterium_grossiae,235,237,2
7166,Mycobacterium_grossiae,238,240,2
7167,Mycobacterium_grossiae,250,251,1
7168,Mycobacterium_grossiae,295,296,1
7169,Mycobacterium_grossiae,341,342,1
7170,Mycobacterium_grossiae,359,360,1
7171,Mycobacterium_grossiae,373,374,1
7172,Mycobacterium_grossiae,416,417,1
7173,Mycobacterium_grossiae,451,452,1
7174,Mycobacterium_grossiae,471,574,103
7175,Mycobacterium_grossiae,753,756,3
7176,Mycobacterium_grossiae,760,768,8
7177,Mycobacterium_grossiae,789,790,1
7178,Mycobacterium_grossiae,839,840,1
7179,Mycobacterium_grossiae,890,891,1
7180,Mycobacterium_grossiae,896,900,4
7181,Mycobacterium_grossiae,1010,1011,1
7182,Mycobacterium_grossiae,1068,1069,1
7183,Mycobacterium_grossiae,1168,1169,1
7184,Mycobacterium_grossiae,1185,1186,1
7185,Mycobacterium_grossiae,1211,1212,1
7186,Mycobacterium_grossiae,1237,1238,1
7187,Mycobacterium_grossiae,1398,1399,1
7188,Mycobacterium_grossiae,1430,1437,7
7189,Mycobacterium_grossiae,1438,1439,1
7190,Mycobacterium_grossiae,1445,1464,19
7191,Mycobacterium_grossiae,1491,1492,1
7192,Mycobacterium_grossiae,1707,1708,1
7193,Mycobacterium_grossiae,1748,1749,1
7194,Mycobacterium_grossiae,1751,1752,1
7195,Mycobacterium_grossiae,1756,1761,5
7196,Mycobacterium_grossiae,1771,1775,4
7197,Mycobacterium_grossiae,1776,1777,1
7198,Mycobacterium_grossiae,1784,1785,1
7199,Mycobacterium_grossiae,1789,1791,2
7200,Mycobacterium_grossiae,1802,1803,1
7201,Mycobacterium_grossiae,1918,1919,1
7202,Mycobacterium_grossiae,1954,1955,1
7203,Mycobacterium_grossiae,1993,1994,1
7204,Mycobacterium_grossiae,2132,2133,1
7205,Mycobacterium_grossiae,2136,2137,1
7206,Mycobacterium_grossiae,2138,2139,1
7207,Mycobacterium_grossiae,2143,2147,4
7208,Mycobacterium_grossiae,2151,2152,1
7209,Mycobacterium_grossiae,2162,2163,1
7210,Mycobacterium_grossiae,2285,2294,9
7211,Mycobacterium_grossiae,2296,2297,1
7212,Mycobacterium_grossiae,2299,2300,1
7213,Mycobacterium_grossiae,2303,2306,3
7214,Mycobacterium_grossiae,2309,2315,6
7215,Mycobacterium_grossiae,2316,2325,9
7216,Mycobacterium_grossiae,2379,2380,1
7217,Mycobacterium_grossiae,2664,2665,1
7218,Mycobacterium_grossiae,2723,2850,127
7219,Mycobacterium_grossiae,3376,3377,1
7220,Mycobacterium_grossiae,3378,3379,1
7221,Mycobacterium_grossiae,3433,3434,1
7222,Mycolicibacterium_chubuense,1,3,2
7223,Mycolicibacterium_chubuense,82,83,1
7224,Mycolicibacterium_chubuense,186,187,1
7225,Mycolicibacterium_chubuense,235,237,2
7226,Mycolicibacterium_chubuense,238,240,2
7227,Mycolicibacterium_chubuense,250,251,1
7228,Mycolicibacterium_chubuense,295,296,1
7229,Mycolicibacterium_chubuense,341,342,1
7230,Mycolicibacterium_chubuense,359,360,1
7231,Mycolicibacterium_chubuense,373,374,1
7232,Mycolicibacterium_chubuense,386,387,1
7233,Mycolicibacterium_chubuense,401,402,1
7234,Mycolicibacterium_chubuense,416,417,1
7235,Mycolicibacterium_chubuense,451,452,1
7236,Mycolicibacterium_chubuense,473,574,101
7237,Mycolicibacterium_chubuense,753,755,2
7238,Mycolicibacterium_chubuense,760,761,1
7239,Mycolicibacterium_chubuense,762,768,6
7240,Mycolicibacterium_chubuense,789,790,1
7241,Mycolicibacterium_chubuense,839,840,1
7242,Mycolicibacterium_chubuense,890,891,1
7243,Mycolicibacterium_chubuense,896,900,4
7244,Mycolicibacterium_chubuense,1010,1011,1
7245,Mycolicibacterium_chubuense,1068,1069,1
7246,Mycolicibacterium_chubuense,1168,1169,1
7247,Mycolicibacterium_chubuense,1185,1186,1
7248,Mycolicibacterium_chubuense,1190,1192,2
7249,Mycolicibacterium_chubuense,1211,1212,1
7250,Mycolicibacterium_chubuense,1237,1238,1
7251,Mycolicibacterium_chubuense,1398,1399,1
7252,Mycolicibacterium_chubuense,1430,1437,7
7253,Mycolicibacterium_chubuense,1438,1439,1
7254,Mycolicibacterium_chubuense,1445,1446,1
7255,Mycolicibacterium_chubuense,1448,1462,14
7256,Mycolicibacterium_chubuense,1491,1492,1
7257,Mycolicibacterium_chubuense,1707,1708,1
7258,Mycolicibacterium_chubuense,1748,1749,1
7259,Mycolicibacterium_chubuense,1751,1752,1
7260,Mycolicibacterium_chubuense,1756,1761,5
7261,Mycolicibacterium_chubuense,1771,1775,4
7262,Mycolicibacterium_chubuense,1776,1777,1
7263,Mycolicibacterium_chubuense,1784,1785,1
7264,Mycolicibacterium_chubuense,1789,1791,2
7265,Mycolicibacterium_chubuense,1802,1803,1
7266,Mycolicibacterium_chubuense,1918,1919,1
7267,Mycolicibacterium_chubuense,1954,1955,1
7268,Mycolicibacterium_chubuense,1993,1994,1
7269,Mycolicibacterium_chubuense,2132,2133,1
7270,Mycolicibacterium_chubuense,2136,2137,1
7271,Mycolicibacterium_chubuense,2138,2139,1
7272,Mycolicibacterium_chubuense,2143,2147,4
7273,Mycolicibacterium_chubuense,2151,2152,1
7274,Mycolicibacterium_chubuense,2162,2163,1
7275,Mycolicibacterium_chubuense,2285,2294,9
7276,Mycolicibacterium_chubuense,2296,2297,1
7277,Mycolicibacterium_chubuense,2299,2300,1
7278,Mycolicibacterium_chubuense,2303,2306,3
7279,Mycolicibacterium_chubuense,2309,2315,6
7280,Mycolicibacterium_chubuense,2316,2325,9
7281,Mycolicibacterium_chubuense,2379,2380,1
7282,Mycolicibacterium_chubuense,2664,2665,1
7283,Mycolicibacterium_chubuense,2723,2850,127
7284,Mycolicibacterium_chubuense,3378,3379,1
7285,Mycolicibacterium_chubuense,3433,3434,1
7286,Mycolicibacterium_rutilum,1,3,2
7287,Mycolicibacterium_rutilum,82,83,1
7288,Mycolicibacterium_rutilum,186,187,1
7289,Mycolicibacterium_rutilum,235,237,2
7290,Mycolicibacterium_rutilum,238,240,2
7291,Mycolicibacterium_rutilum,250,251,1
7292,Mycolicibacterium_rutilum,295,296,1
7293,Mycolicibacterium_rutilum,341,342,1
7294,Mycolicibacterium_rutilum,359,360,1
7295,Mycolicibacterium_rutilum,373,374,1
7296,Mycolicibacterium_rutilum,386,387,1
7297,Mycolicibacterium_rutilum,401,402,1
7298,Mycolicibacterium_rutilum,416,417,1
7299,Mycolicibacterium_rutilum,451,452,1
7300,Mycolicibacterium_rutilum,473,574,101
7301,Mycolicibacterium_rutilum,753,755,2
7302,Mycolicibacterium_rutilum,760,768,8
7303,Mycolicibacterium_rutilum,789,790,1
7304,Mycolicibacterium_rutilum,839,840,1
7305,Mycolicibacterium_rutilum,890,891,1
7306,Mycolicibacterium_rutilum,896,900,4
7307,Mycolicibacterium_rutilum,1010,1011,1
7308,Mycolicibacterium_rutilum,1068,1069,1
7309,Mycolicibacterium_rutilum,1168,1169,1
7310,Mycolicibacterium_rutilum,1185,1186,1
7311,Mycolicibacterium_rutilum,1190,1192,2
7312,Mycolicibacterium_rutilum,1211,1212,1
7313,Mycolicibacterium_rutilum,1237,1238,1
7314,Mycolicibacterium_rutilum,1398,1399,1
7315,Mycolicibacterium_rutilum,1430,1437,7
7316,Mycolicibacterium_rutilum,1438,1439,1
7317,Mycolicibacterium_rutilum,1445,1456,11
7318,Mycolicibacterium_rutilum,1491,1492,1
7319,Mycolicibacterium_rutilum,1707,1708,1
7320,Mycolicibacterium_rutilum,1748,1749,1
7321,Mycolicibacterium_rutilum,1751,1752,1
7322,Mycolicibacterium_rutilum,1756,1761,5
7323,Mycolicibacterium_rutilum,1771,1775,4
7324,Mycolicibacterium_rutilum,1776,1777,1
7325,Mycolicibacterium_rutilum,1784,1785,1
7326,Mycolicibacterium_rutilum,1789,1791,2
7327,Mycolicibacterium_rutilum,1802,1803,1
7328,Mycolicibacterium_rutilum,1918,1919,1
7329,Mycolicibacterium_rutilum,1954,1955,1
7330,Mycolicibacterium_rutilum,1993,1994,1
7331,Mycolicibacterium_rutilum,2132,2133,1
7332,Mycolicibacterium_rutilum,2136,2137,1
7333,Mycolicibacterium_rutilum,2138,2139,1
7334,Mycolicibacterium_rutilum,2143,2147,4
7335,Mycolicibacterium_rutilum,2151,2152,1
7336,Mycolicibacterium_rutilum,2162,2163,1
7337,Mycolicibacterium_rutilum,2285,2294,9
7338,Mycolicibacterium_rutilum,2296,2297,1
7339,Mycolicibacterium_rutilum,2299,2302,3
7340,Mycolicibacterium_rutilum,2303,2306,3
7341,Mycolicibacterium_rutilum,2309,2315,6
7342,Mycolicibacterium_rutilum,2316,2325,9
7343,Mycolicibacterium_rutilum,2379,2380,1
7344,Mycolicibacterium_rutilum,2664,2665,1
7345,Mycolicibacterium_rutilum,2723,2850,127
7346,Mycolicibacterium_rutilum,3376,3377,1
7347,Mycolicibacterium_rutilum,3378,3379,1
7348,Mycolicibacterium_rutilum,3433,3434,1
7349,Mycolicibacterium_phlei,1,3,2
7350,Mycolicibacterium_phlei,82,83,1
7351,Mycolicibacterium_phlei,179,180,1
7352,Mycolicibacterium_phlei,186,187,1
7353,Mycolicibacterium_phlei,235,237,2
7354,Mycolicibacterium_phlei,238,240,2
7355,Mycolicibacterium_phlei,250,251,1
7356,Mycolicibacterium_phlei,295,296,1
7357,Mycolicibacterium_phlei,341,342,1
7358,Mycolicibacterium_phlei,359,360,1
7359,Mycolicibacterium_phlei,373,374,1
7360,Mycolicibacterium_phlei,386,387,1
7361,Mycolicibacterium_phlei,401,402,1
7362,Mycolicibacterium_phlei,416,417,1
7363,Mycolicibacterium_phlei,451,452,1
7364,Mycolicibacterium_phlei,470,574,104
7365,Mycolicibacterium_phlei,753,757,4
7366,Mycolicibacterium_phlei,760,761,1
7367,Mycolicibacterium_phlei,762,768,6
7368,Mycolicibacterium_phlei,789,790,1
7369,Mycolicibacterium_phlei,839,840,1
7370,Mycolicibacterium_phlei,890,891,1
7371,Mycolicibacterium_phlei,896,900,4
7372,Mycolicibacterium_phlei,1010,1011,1
7373,Mycolicibacterium_phlei,1068,1069,1
7374,Mycolicibacterium_phlei,1168,1169,1
7375,Mycolicibacterium_phlei,1185,1186,1
7376,Mycolicibacterium_phlei,1190,1192,2
7377,Mycolicibacterium_phlei,1211,1212,1
7378,Mycolicibacterium_phlei,1237,1238,1
7379,Mycolicibacterium_phlei,1398,1399,1
7380,Mycolicibacterium_phlei,1430,1437,7
7381,Mycolicibacterium_phlei,1438,1439,1
7382,Mycolicibacterium_phlei,1445,1446,1
7383,Mycolicibacterium_phlei,1449,1460,11
7384,Mycolicibacterium_phlei,1491,1492,1
7385,Mycolicibacterium_phlei,1707,1708,1
7386,Mycolicibacterium_phlei,1748,1749,1
7387,Mycolicibacterium_phlei,1751,1754,3
7388,Mycolicibacterium_phlei,1756,1761,5
7389,Mycolicibacterium_phlei,1771,1774,3
7390,Mycolicibacterium_phlei,1776,1777,1
7391,Mycolicibacterium_phlei,1784,1790,6
7392,Mycolicibacterium_phlei,1802,1803,1
7393,Mycolicibacterium_phlei,1918,1920,2
7394,Mycolicibacterium_phlei,1954,1955,1
7395,Mycolicibacterium_phlei,1993,1994,1
7396,Mycolicibacterium_phlei,2132,2133,1
7397,Mycolicibacterium_phlei,2136,2137,1
7398,Mycolicibacterium_phlei,2138,2139,1
7399,Mycolicibacterium_phlei,2143,2147,4
7400,Mycolicibacterium_phlei,2151,2152,1
7401,Mycolicibacterium_phlei,2162,2163,1
7402,Mycolicibacterium_phlei,2285,2294,9
7403,Mycolicibacterium_phlei,2296,2297,1
7404,Mycolicibacterium_phlei,2299,2300,1
7405,Mycolicibacterium_phlei,2303,2306,3
7406,Mycolicibacterium_phlei,2309,2315,6
7407,Mycolicibacterium_phlei,2316,2325,9
7408,Mycolicibacterium_phlei,2379,2380,1
7409,Mycolicibacterium_phlei,2664,2665,1
7410,Mycolicibacterium_phlei,2723,2850,127
7411,Mycolicibacterium_phlei,3376,3377,1
7412,Mycolicibacterium_phlei,3378,3379,1
7413,Mycolicibacterium_phlei,3433,3434,1
7414,Mycolicibacterium_neoaurum,1,3,2
7415,Mycolicibacterium_neoaurum,82,83,1
7416,Mycolicibacterium_neoaurum,186,187,1
7417,Mycolicibacterium_neoaurum,235,237,2
7418,Mycolicibacterium_neoaurum,238,240,2
7419,Mycolicibacterium_neoaurum,250,251,1
7420,Mycolicibacterium_neoaurum,295,296,1
7421,Mycolicibacterium_neoaurum,315,316,1
7422,Mycolicibacterium_neoaurum,341,342,1
7423,Mycolicibacterium_neoaurum,359,360,1
7424,Mycolicibacterium_neoaurum,373,374,1
7425,Mycolicibacterium_neoaurum,386,387,1
7426,Mycolicibacterium_neoaurum,400,402,2
7427,Mycolicibacterium_neoaurum,416,417,1
7428,Mycolicibacterium_neoaurum,451,452,1
7429,Mycolicibacterium_neoaurum,472,574,102
7430,Mycolicibacterium_neoaurum,753,757,4
7431,Mycolicibacterium_neoaurum,760,767,7
7432,Mycolicibacterium_neoaurum,789,790,1
7433,Mycolicibacterium_neoaurum,839,840,1
7434,Mycolicibacterium_neoaurum,890,891,1
7435,Mycolicibacterium_neoaurum,896,900,4
7436,Mycolicibacterium_neoaurum,1010,1011,1
7437,Mycolicibacterium_neoaurum,1068,1069,1
7438,Mycolicibacterium_neoaurum,1168,1169,1
7439,Mycolicibacterium_neoaurum,1185,1186,1
7440,Mycolicibacterium_neoaurum,1190,1192,2
7441,Mycolicibacterium_neoaurum,1211,1212,1
7442,Mycolicibacterium_neoaurum,1237,1238,1
7443,Mycolicibacterium_neoaurum,1398,1399,1
7444,Mycolicibacterium_neoaurum,1430,1437,7
7445,Mycolicibacterium_neoaurum,1438,1439,1
7446,Mycolicibacterium_neoaurum,1445,1462,17
7447,Mycolicibacterium_neoaurum,1491,1492,1
7448,Mycolicibacterium_neoaurum,1707,1708,1
7449,Mycolicibacterium_neoaurum,1738,1742,4
7450,Mycolicibacterium_neoaurum,1748,1749,1
7451,Mycolicibacterium_neoaurum,1751,1752,1
7452,Mycolicibacterium_neoaurum,1758,1760,2
7453,Mycolicibacterium_neoaurum,1771,1775,4
7454,Mycolicibacterium_neoaurum,1776,1777,1
7455,Mycolicibacterium_neoaurum,1784,1785,1
7456,Mycolicibacterium_neoaurum,1789,1790,1
7457,Mycolicibacterium_neoaurum,1802,1803,1
7458,Mycolicibacterium_neoaurum,1918,1920,2
7459,Mycolicibacterium_neoaurum,1954,1955,1
7460,Mycolicibacterium_neoaurum,1993,1994,1
7461,Mycolicibacterium_neoaurum,2132,2133,1
7462,Mycolicibacterium_neoaurum,2136,2137,1
7463,Mycolicibacterium_neoaurum,2138,2139,1
7464,Mycolicibacterium_neoaurum,2143,2147,4
7465,Mycolicibacterium_neoaurum,2151,2152,1
7466,Mycolicibacterium_neoaurum,2162,2163,1
7467,Mycolicibacterium_neoaurum,2285,2294,9
7468,Mycolicibacterium_neoaurum,2296,2297,1
7469,Mycolicibacterium_neoaurum,2299,2300,1
7470,Mycolicibacterium_neoaurum,2302,2307,5
7471,Mycolicibacterium_neoaurum,2309,2315,6
7472,Mycolicibacterium_neoaurum,2316,2325,9
7473,Mycolicibacterium_neoaurum,2379,2380,1
7474,Mycolicibacterium_neoaurum,2664,2665,1
7475,Mycolicibacterium_neoaurum,2723,2850,127
7476,Mycolicibacterium_neoaurum,3376,3377,1
7477,Mycolicibacterium_neoaurum,3378,3379,1
7478,Mycolicibacterium_neoaurum,3433,3434,1
7479,Mycolicibacterium_crocinum,1,3,2
7480,Mycolicibacterium_crocinum,82,83,1
7481,Mycolicibacterium_crocinum,186,187,1
7482,Mycolicibacterium_crocinum,235,237,2
7483,Mycolicibacterium_crocinum,238,240,2
7484,Mycolicibacterium_crocinum,250,251,1
7485,Mycolicibacterium_crocinum,295,296,1
7486,Mycolicibacterium_crocinum,341,342,1
7487,Mycolicibacterium_crocinum,359,360,1
7488,Mycolicibacterium_crocinum,373,374,1
7489,Mycolicibacterium_crocinum,386,387,1
7490,Mycolicibacterium_crocinum,401,402,1
7491,Mycolicibacterium_crocinum,416,417,1
7492,Mycolicibacterium_crocinum,451,452,1
7493,Mycolicibacterium_crocinum,471,574,103
7494,Mycolicibacterium_crocinum,753,755,2
7495,Mycolicibacterium_crocinum,760,761,1
7496,Mycolicibacterium_crocinum,762,768,6
7497,Mycolicibacterium_crocinum,789,790,1
7498,Mycolicibacterium_crocinum,839,840,1
7499,Mycolicibacterium_crocinum,890,891,1
7500,Mycolicibacterium_crocinum,896,900,4
7501,Mycolicibacterium_crocinum,1010,1011,1
7502,Mycolicibacterium_crocinum,1068,1069,1
7503,Mycolicibacterium_crocinum,1168,1169,1
7504,Mycolicibacterium_crocinum,1185,1186,1
7505,Mycolicibacterium_crocinum,1190,1192,2
7506,Mycolicibacterium_crocinum,1211,1212,1
7507,Mycolicibacterium_crocinum,1237,1238,1
7508,Mycolicibacterium_crocinum,1398,1399,1
7509,Mycolicibacterium_crocinum,1430,1437,7
7510,Mycolicibacterium_crocinum,1438,1439,1
7511,Mycolicibacterium_crocinum,1445,1446,1
7512,Mycolicibacterium_crocinum,1448,1462,14
7513,Mycolicibacterium_crocinum,1707,1708,1
7514,Mycolicibacterium_crocinum,1748,1749,1
7515,Mycolicibacterium_crocinum,1751,1752,1
7516,Mycolicibacterium_crocinum,1756,1761,5
7517,Mycolicibacterium_crocinum,1771,1775,4
7518,Mycolicibacterium_crocinum,1776,1777,1
7519,Mycolicibacterium_crocinum,1784,1785,1
7520,Mycolicibacterium_crocinum,1789,1791,2
7521,Mycolicibacterium_crocinum,1802,1803,1
7522,Mycolicibacterium_crocinum,1918,1919,1
7523,Mycolicibacterium_crocinum,1954,1955,1
7524,Mycolicibacterium_crocinum,1993,1994,1
7525,Mycolicibacterium_crocinum,2121,2122,1
7526,Mycolicibacterium_crocinum,2132,2133,1
7527,Mycolicibacterium_crocinum,2136,2137,1
7528,Mycolicibacterium_crocinum,2138,2139,1
7529,Mycolicibacterium_crocinum,2143,2147,4
7530,Mycolicibacterium_crocinum,2151,2152,1
7531,Mycolicibacterium_crocinum,2162,2163,1
7532,Mycolicibacterium_crocinum,2285,2294,9
7533,Mycolicibacterium_crocinum,2296,2297,1
7534,Mycolicibacterium_crocinum,2299,2300,1
7535,Mycolicibacterium_crocinum,2304,2305,1
7536,Mycolicibacterium_crocinum,2309,2315,6
7537,Mycolicibacterium_crocinum,2316,2325,9
7538,Mycolicibacterium_crocinum,2379,2380,1
7539,Mycolicibacterium_crocinum,2664,2665,1
7540,Mycolicibacterium_crocinum,2723,2850,127
7541,Mycolicibacterium_crocinum,3376,3377,1
7542,Mycolicibacterium_crocinum,3378,3379,1
7543,Mycolicibacterium_crocinum,3433,3434,1
7544,Mycolicibacterium_chlorophenolicum,1,3,2
7545,Mycolicibacterium_chlorophenolicum,82,83,1
7546,Mycolicibacterium_chlorophenolicum,186,187,1
7547,Mycolicibacterium_chlorophenolicum,235,237,2
7548,Mycolicibacterium_chlorophenolicum,238,240,2
7549,Mycolicibacterium_chlorophenolicum,250,251,1
7550,Mycolicibacterium_chlorophenolicum,295,296,1
7551,Mycolicibacterium_chlorophenolicum,341,342,1
7552,Mycolicibacterium_chlorophenolicum,359,360,1
7553,Mycolicibacterium_chlorophenolicum,373,374,1
7554,Mycolicibacterium_chlorophenolicum,386,387,1
7555,Mycolicibacterium_chlorophenolicum,401,402,1
7556,Mycolicibacterium_chlorophenolicum,416,417,1
7557,Mycolicibacterium_chlorophenolicum,451,452,1
7558,Mycolicibacterium_chlorophenolicum,473,574,101
7559,Mycolicibacterium_chlorophenolicum,753,755,2
7560,Mycolicibacterium_chlorophenolicum,760,761,1
7561,Mycolicibacterium_chlorophenolicum,762,768,6
7562,Mycolicibacterium_chlorophenolicum,789,790,1
7563,Mycolicibacterium_chlorophenolicum,839,840,1
7564,Mycolicibacterium_chlorophenolicum,890,891,1
7565,Mycolicibacterium_chlorophenolicum,896,900,4
7566,Mycolicibacterium_chlorophenolicum,1010,1011,1
7567,Mycolicibacterium_chlorophenolicum,1068,1069,1
7568,Mycolicibacterium_chlorophenolicum,1168,1169,1
7569,Mycolicibacterium_chlorophenolicum,1185,1186,1
7570,Mycolicibacterium_chlorophenolicum,1190,1192,2
7571,Mycolicibacterium_chlorophenolicum,1211,1212,1
7572,Mycolicibacterium_chlorophenolicum,1237,1238,1
7573,Mycolicibacterium_chlorophenolicum,1398,1399,1
7574,Mycolicibacterium_chlorophenolicum,1430,1437,7
7575,Mycolicibacterium_chlorophenolicum,1438,1439,1
7576,Mycolicibacterium_chlorophenolicum,1445,1446,1
7577,Mycolicibacterium_chlorophenolicum,1448,1462,14
7578,Mycolicibacterium_chlorophenolicum,1491,1492,1
7579,Mycolicibacterium_chlorophenolicum,1707,1708,1
7580,Mycolicibacterium_chlorophenolicum,1748,1749,1
7581,Mycolicibacterium_chlorophenolicum,1751,1752,1
7582,Mycolicibacterium_chlorophenolicum,1756,1761,5
7583,Mycolicibacterium_chlorophenolicum,1771,1775,4
7584,Mycolicibacterium_chlorophenolicum,1776,1777,1
7585,Mycolicibacterium_chlorophenolicum,1784,1785,1
7586,Mycolicibacterium_chlorophenolicum,1789,1791,2
7587,Mycolicibacterium_chlorophenolicum,1802,1803,1
7588,Mycolicibacterium_chlorophenolicum,1918,1919,1
7589,Mycolicibacterium_chlorophenolicum,1954,1955,1
7590,Mycolicibacterium_chlorophenolicum,1993,1994,1
7591,Mycolicibacterium_chlorophenolicum,2132,2133,1
7592,Mycolicibacterium_chlorophenolicum,2136,2137,1
7593,Mycolicibacterium_chlorophenolicum,2138,2139,1
7594,Mycolicibacterium_chlorophenolicum,2143,2147,4
7595,Mycolicibacterium_chlorophenolicum,2151,2152,1
7596,Mycolicibacterium_chlorophenolicum,2154,2155,1
7597,Mycolicibacterium_chlorophenolicum,2162,2163,1
7598,Mycolicibacterium_chlorophenolicum,2285,2294,9
7599,Mycolicibacterium_chlorophenolicum,2296,2297,1
7600,Mycolicibacterium_chlorophenolicum,2299,2300,1
7601,Mycolicibacterium_chlorophenolicum,2302,2307,5
7602,Mycolicibacterium_chlorophenolicum,2309,2315,6
7603,Mycolicibacterium_chlorophenolicum,2316,2325,9
7604,Mycolicibacterium_chlorophenolicum,2379,2380,1
7605,Mycolicibacterium_chlorophenolicum,2664,2665,1
7606,Mycolicibacterium_chlorophenolicum,2723,2850,127
7607,Mycolicibacterium_chlorophenolicum,3378,3379,1
7608,Mycolicibacterium_chlorophenolicum,3433,3434,1
7609,Mycolicibacterium_flavescens,1,3,2
7610,Mycolicibacterium_flavescens,82,83,1
7611,Mycolicibacterium_flavescens,186,187,1
7612,Mycolicibacterium_flavescens,235,237,2
7613,Mycolicibacterium_flavescens,238,240,2
7614,Mycolicibacterium_flavescens,250,251,1
7615,Mycolicibacterium_flavescens,295,296,1
7616,Mycolicibacterium_flavescens,341,342,1
7617,Mycolicibacterium_flavescens,359,360,1
7618,Mycolicibacterium_flavescens,373,374,1
7619,Mycolicibacterium_flavescens,386,387,1
7620,Mycolicibacterium_flavescens,401,402,1
7621,Mycolicibacterium_flavescens,416,417,1
7622,Mycolicibacterium_flavescens,451,452,1
7623,Mycolicibacterium_flavescens,473,574,101
7624,Mycolicibacterium_flavescens,753,755,2
7625,Mycolicibacterium_flavescens,760,761,1
7626,Mycolicibacterium_flavescens,762,768,6
7627,Mycolicibacterium_flavescens,789,790,1
7628,Mycolicibacterium_flavescens,839,840,1
7629,Mycolicibacterium_flavescens,890,891,1
7630,Mycolicibacterium_flavescens,896,900,4
7631,Mycolicibacterium_flavescens,1010,1011,1
7632,Mycolicibacterium_flavescens,1068,1069,1
7633,Mycolicibacterium_flavescens,1168,1169,1
7634,Mycolicibacterium_flavescens,1185,1186,1
7635,Mycolicibacterium_flavescens,1190,1192,2
7636,Mycolicibacterium_flavescens,1211,1212,1
7637,Mycolicibacterium_flavescens,1237,1238,1
7638,Mycolicibacterium_flavescens,1398,1399,1
7639,Mycolicibacterium_flavescens,1430,1437,7
7640,Mycolicibacterium_flavescens,1438,1439,1
7641,Mycolicibacterium_flavescens,1445,1456,11
7642,Mycolicibacterium_flavescens,1491,1492,1
7643,Mycolicibacterium_flavescens,1707,1708,1
7644,Mycolicibacterium_flavescens,1748,1749,1
7645,Mycolicibacterium_flavescens,1751,1752,1
7646,Mycolicibacterium_flavescens,1756,1761,5
7647,Mycolicibacterium_flavescens,1771,1775,4
7648,Mycolicibacterium_flavescens,1776,1777,1
7649,Mycolicibacterium_flavescens,1784,1785,1
7650,Mycolicibacterium_flavescens,1789,1791,2
7651,Mycolicibacterium_flavescens,1802,1803,1
7652,Mycolicibacterium_flavescens,1918,1919,1
7653,Mycolicibacterium_flavescens,1954,1955,1
7654,Mycolicibacterium_flavescens,1993,1994,1
7655,Mycolicibacterium_flavescens,2132,2133,1
7656,Mycolicibacterium_flavescens,2136,2137,1
7657,Mycolicibacterium_flavescens,2138,2139,1
7658,Mycolicibacterium_flavescens,2143,2147,4
7659,Mycolicibacterium_flavescens,2151,2152,1
7660,Mycolicibacterium_flavescens,2162,2163,1
7661,Mycolicibacterium_flavescens,2285,2294,9
7662,Mycolicibacterium_flavescens,2296,2297,1
7663,Mycolicibacterium_flavescens,2299,2302,3
7664,Mycolicibacterium_flavescens,2303,2306,3
7665,Mycolicibacterium_flavescens,2309,2315,6
7666,Mycolicibacterium_flavescens,2316,2325,9
7667,Mycolicibacterium_flavescens,2379,2380,1
7668,Mycolicibacterium_flavescens,2664,2665,1
7669,Mycolicibacterium_flavescens,2723,2850,127
7670,Mycolicibacterium_flavescens,3376,3377,1
7671,Mycolicibacterium_flavescens,3378,3379,1
7672,Mycolicibacterium_flavescens,3433,3434,1
7673,Mycolicibacterium_smegmatis,1,3,2
7674,Mycolicibacterium_smegmatis,82,83,1
7675,Mycolicibacterium_smegmatis,186,187,1
7676,Mycolicibacterium_smegmatis,235,237,2
7677,Mycolicibacterium_smegmatis,238,239,1
7678,Mycolicibacterium_smegmatis,250,251,1
7679,Mycolicibacterium_smegmatis,295,296,1
7680,Mycolicibacterium_smegmatis,341,342,1
7681,Mycolicibacterium_smegmatis,359,360,1
7682,Mycolicibacterium_smegmatis,373,374,1
7683,Mycolicibacterium_smegmatis,401,402,1
7684,Mycolicibacterium_smegmatis,416,417,1
7685,Mycolicibacterium_smegmatis,451,452,1
7686,Mycolicibacterium_smegmatis,471,574,103
7687,Mycolicibacterium_smegmatis,753,755,2
7688,Mycolicibacterium_smegmatis,760,768,8
7689,Mycolicibacterium_smegmatis,789,790,1
7690,Mycolicibacterium_smegmatis,839,840,1
7691,Mycolicibacterium_smegmatis,890,891,1
7692,Mycolicibacterium_smegmatis,896,900,4
7693,Mycolicibacterium_smegmatis,1010,1011,1
7694,Mycolicibacterium_smegmatis,1068,1069,1
7695,Mycolicibacterium_smegmatis,1168,1169,1
7696,Mycolicibacterium_smegmatis,1185,1186,1
7697,Mycolicibacterium_smegmatis,1211,1212,1
7698,Mycolicibacterium_smegmatis,1237,1238,1
7699,Mycolicibacterium_smegmatis,1398,1399,1
7700,Mycolicibacterium_smegmatis,1430,1437,7
7701,Mycolicibacterium_smegmatis,1438,1439,1
7702,Mycolicibacterium_smegmatis,1445,1446,1
7703,Mycolicibacterium_smegmatis,1449,1465,16
7704,Mycolicibacterium_smegmatis,1491,1492,1
7705,Mycolicibacterium_smegmatis,1707,1708,1
7706,Mycolicibacterium_smegmatis,1748,1749,1
7707,Mycolicibacterium_smegmatis,1751,1752,1
7708,Mycolicibacterium_smegmatis,1756,1761,5
7709,Mycolicibacterium_smegmatis,1771,1775,4
7710,Mycolicibacterium_smegmatis,1776,1777,1
7711,Mycolicibacterium_smegmatis,1784,1785,1
7712,Mycolicibacterium_smegmatis,1789,1790,1
7713,Mycolicibacterium_smegmatis,1802,1803,1
7714,Mycolicibacterium_smegmatis,1918,1919,1
7715,Mycolicibacterium_smegmatis,1954,1955,1
7716,Mycolicibacterium_smegmatis,1993,1994,1
7717,Mycolicibacterium_smegmatis,2132,2133,1
7718,Mycolicibacterium_smegmatis,2136,2137,1
7719,Mycolicibacterium_smegmatis,2138,2139,1
7720,Mycolicibacterium_smegmatis,2143,2147,4
7721,Mycolicibacterium_smegmatis,2151,2153,2
7722,Mycolicibacterium_smegmatis,2162,2163,1
7723,Mycolicibacterium_smegmatis,2285,2294,9
7724,Mycolicibacterium_smegmatis,2299,2300,1
7725,Mycolicibacterium_smegmatis,2303,2306,3
7726,Mycolicibacterium_smegmatis,2309,2315,6
7727,Mycolicibacterium_smegmatis,2316,2325,9
7728,Mycolicibacterium_smegmatis,2379,2380,1
7729,Mycolicibacterium_smegmatis,2664,2665,1
7730,Mycolicibacterium_smegmatis,2723,2850,127
7731,Mycolicibacterium_smegmatis,3376,3377,1
7732,Mycolicibacterium_smegmatis,3378,3379,1
7733,Mycolicibacterium_smegmatis,3433,3434,1
7734,Mycolicibacterium_pallens,1,3,2
7735,Mycolicibacterium_pallens,82,83,1
7736,Mycolicibacterium_pallens,186,187,1
7737,Mycolicibacterium_pallens,235,237,2
7738,Mycolicibacterium_pallens,238,240,2
7739,Mycolicibacterium_pallens,250,251,1
7740,Mycolicibacterium_pallens,295,296,1
7741,Mycolicibacterium_pallens,341,342,1
7742,Mycolicibacterium_pallens,359,360,1
7743,Mycolicibacterium_pallens,373,374,1
7744,Mycolicibacterium_pallens,386,387,1
7745,Mycolicibacterium_pallens,401,402,1
7746,Mycolicibacterium_pallens,416,417,1
7747,Mycolicibacterium_pallens,451,452,1
7748,Mycolicibacterium_pallens,471,574,103
7749,Mycolicibacterium_pallens,753,755,2
7750,Mycolicibacterium_pallens,760,761,1
7751,Mycolicibacterium_pallens,762,768,6
7752,Mycolicibacterium_pallens,789,790,1
7753,Mycolicibacterium_pallens,839,840,1
7754,Mycolicibacterium_pallens,890,891,1
7755,Mycolicibacterium_pallens,896,900,4
7756,Mycolicibacterium_pallens,1010,1011,1
7757,Mycolicibacterium_pallens,1068,1069,1
7758,Mycolicibacterium_pallens,1168,1169,1
7759,Mycolicibacterium_pallens,1185,1186,1
7760,Mycolicibacterium_pallens,1190,1192,2
7761,Mycolicibacterium_pallens,1211,1212,1
7762,Mycolicibacterium_pallens,1237,1238,1
7763,Mycolicibacterium_pallens,1398,1399,1
7764,Mycolicibacterium_pallens,1430,1437,7
7765,Mycolicibacterium_pallens,1438,1439,1
7766,Mycolicibacterium_pallens,1445,1446,1
7767,Mycolicibacterium_pallens,1448,1462,14
7768,Mycolicibacterium_pallens,1707,1708,1
7769,Mycolicibacterium_pallens,1748,1749,1
7770,Mycolicibacterium_pallens,1751,1752,1
7771,Mycolicibacterium_pallens,1756,1761,5
7772,Mycolicibacterium_pallens,1771,1775,4
7773,Mycolicibacterium_pallens,1776,1777,1
7774,Mycolicibacterium_pallens,1784,1785,1
7775,Mycolicibacterium_pallens,1789,1791,2
7776,Mycolicibacterium_pallens,1802,1803,1
7777,Mycolicibacterium_pallens,1918,1919,1
7778,Mycolicibacterium_pallens,1954,1955,1
7779,Mycolicibacterium_pallens,1993,1994,1
7780,Mycolicibacterium_pallens,2121,2122,1
7781,Mycolicibacterium_pallens,2132,2133,1
7782,Mycolicibacterium_pallens,2136,2137,1
7783,Mycolicibacterium_pallens,2138,2139,1
7784,Mycolicibacterium_pallens,2143,2147,4
7785,Mycolicibacterium_pallens,2151,2152,1
7786,Mycolicibacterium_pallens,2162,2163,1
7787,Mycolicibacterium_pallens,2285,2294,9
7788,Mycolicibacterium_pallens,2296,2297,1
7789,Mycolicibacterium_pallens,2299,2300,1
7790,Mycolicibacterium_pallens,2303,2307,4
7791,Mycolicibacterium_pallens,2309,2315,6
7792,Mycolicibacterium_pallens,2316,2325,9
7793,Mycolicibacterium_pallens,2379,2380,1
7794,Mycolicibacterium_pallens,2664,2665,1
7795,Mycolicibacterium_pallens,2723,2850,127
7796,Mycolicibacterium_pallens,3376,3377,1
7797,Mycolicibacterium_pallens,3378,3379,1
7798,Mycolicibacterium_pallens,3433,3434,1
7799,Mycobacterium_frederiksbergense,1,3,2
7800,Mycobacterium_frederiksbergense,82,83,1
7801,Mycobacterium_frederiksbergense,185,187,2
7802,Mycobacterium_frederiksbergense,235,237,2
7803,Mycobacterium_frederiksbergense,238,240,2
7804,Mycobacterium_frederiksbergense,250,251,1
7805,Mycobacterium_frederiksbergense,295,296,1
7806,Mycobacterium_frederiksbergense,308,309,1
7807,Mycobacterium_frederiksbergense,341,342,1
7808,Mycobacterium_frederiksbergense,359,360,1
7809,Mycobacterium_frederiksbergense,373,374,1
7810,Mycobacterium_frederiksbergense,386,387,1
7811,Mycobacterium_frederiksbergense,416,417,1
7812,Mycobacterium_frederiksbergense,451,452,1
7813,Mycobacterium_frederiksbergense,471,574,103
7814,Mycobacterium_frederiksbergense,753,755,2
7815,Mycobacterium_frederiksbergense,760,768,8
7816,Mycobacterium_frederiksbergense,789,790,1
7817,Mycobacterium_frederiksbergense,839,840,1
7818,Mycobacterium_frederiksbergense,890,891,1
7819,Mycobacterium_frederiksbergense,896,900,4
7820,Mycobacterium_frederiksbergense,1010,1011,1
7821,Mycobacterium_frederiksbergense,1068,1069,1
7822,Mycobacterium_frederiksbergense,1168,1169,1
7823,Mycobacterium_frederiksbergense,1185,1186,1
7824,Mycobacterium_frederiksbergense,1190,1192,2
7825,Mycobacterium_frederiksbergense,1211,1212,1
7826,Mycobacterium_frederiksbergense,1237,1238,1
7827,Mycobacterium_frederiksbergense,1266,1267,1
7828,Mycobacterium_frederiksbergense,1398,1399,1
7829,Mycobacterium_frederiksbergense,1430,1437,7
7830,Mycobacterium_frederiksbergense,1438,1439,1
7831,Mycobacterium_frederiksbergense,1443,1459,16
7832,Mycobacterium_frederiksbergense,1491,1492,1
7833,Mycobacterium_frederiksbergense,1707,1708,1
7834,Mycobacterium_frederiksbergense,1748,1749,1
7835,Mycobacterium_frederiksbergense,1751,1752,1
7836,Mycobacterium_frederiksbergense,1756,1761,5
7837,Mycobacterium_frederiksbergense,1771,1775,4
7838,Mycobacterium_frederiksbergense,1776,1777,1
7839,Mycobacterium_frederiksbergense,1784,1785,1
7840,Mycobacterium_frederiksbergense,1802,1803,1
7841,Mycobacterium_frederiksbergense,1918,1919,1
7842,Mycobacterium_frederiksbergense,1954,1955,1
7843,Mycobacterium_frederiksbergense,1993,1994,1
7844,Mycobacterium_frederiksbergense,2120,2122,2
7845,Mycobacterium_frederiksbergense,2132,2133,1
7846,Mycobacterium_frederiksbergense,2136,2137,1
7847,Mycobacterium_frederiksbergense,2138,2139,1
7848,Mycobacterium_frederiksbergense,2143,2147,4
7849,Mycobacterium_frederiksbergense,2151,2152,1
7850,Mycobacterium_frederiksbergense,2161,2163,2
7851,Mycobacterium_frederiksbergense,2285,2294,9
7852,Mycobacterium_frederiksbergense,2296,2297,1
7853,Mycobacterium_frederiksbergense,2299,2300,1
7854,Mycobacterium_frederiksbergense,2302,2307,5
7855,Mycobacterium_frederiksbergense,2309,2315,6
7856,Mycobacterium_frederiksbergense,2316,2325,9
7857,Mycobacterium_frederiksbergense,2379,2380,1
7858,Mycobacterium_frederiksbergense,2664,2665,1
7859,Mycobacterium_frederiksbergense,2723,2850,127
7860,Mycobacterium_frederiksbergense,3376,3377,1
7861,Mycobacterium_frederiksbergense,3378,3379,1
7862,Mycobacterium_frederiksbergense,3393,3394,1
7863,Mycobacterium_frederiksbergense,3433,3434,1
7864,Mycolicibacter_acidiphilus,1,3,2
7865,Mycolicibacter_acidiphilus,82,83,1
7866,Mycolicibacter_acidiphilus,236,237,1
7867,Mycolicibacter_acidiphilus,238,240,2
7868,Mycolicibacter_acidiphilus,250,251,1
7869,Mycolicibacter_acidiphilus,295,296,1
7870,Mycolicibacter_acidiphilus,341,342,1
7871,Mycolicibacter_acidiphilus,359,360,1
7872,Mycolicibacter_acidiphilus,373,374,1
7873,Mycolicibacter_acidiphilus,386,387,1
7874,Mycolicibacter_acidiphilus,401,402,1
7875,Mycolicibacter_acidiphilus,416,417,1
7876,Mycolicibacter_acidiphilus,451,452,1
7877,Mycolicibacter_acidiphilus,471,574,103
7878,Mycolicibacter_acidiphilus,753,755,2
7879,Mycolicibacter_acidiphilus,756,758,2
7880,Mycolicibacter_acidiphilus,761,768,7
7881,Mycolicibacter_acidiphilus,789,790,1
7882,Mycolicibacter_acidiphilus,839,840,1
7883,Mycolicibacter_acidiphilus,890,891,1
7884,Mycolicibacter_acidiphilus,896,900,4
7885,Mycolicibacter_acidiphilus,1010,1011,1
7886,Mycolicibacter_acidiphilus,1068,1069,1
7887,Mycolicibacter_acidiphilus,1168,1169,1
7888,Mycolicibacter_acidiphilus,1185,1186,1
7889,Mycolicibacter_acidiphilus,1190,1192,2
7890,Mycolicibacter_acidiphilus,1211,1212,1
7891,Mycolicibacter_acidiphilus,1237,1238,1
7892,Mycolicibacter_acidiphilus,1398,1399,1
7893,Mycolicibacter_acidiphilus,1430,1437,7
7894,Mycolicibacter_acidiphilus,1438,1439,1
7895,Mycolicibacter_acidiphilus,1440,1458,18
7896,Mycolicibacter_acidiphilus,1462,1463,1
7897,Mycolicibacter_acidiphilus,1491,1492,1
7898,Mycolicibacter_acidiphilus,1707,1708,1
7899,Mycolicibacter_acidiphilus,1748,1750,2
7900,Mycolicibacter_acidiphilus,1756,1761,5
7901,Mycolicibacter_acidiphilus,1772,1775,3
7902,Mycolicibacter_acidiphilus,1776,1777,1
7903,Mycolicibacter_acidiphilus,1784,1785,1
7904,Mycolicibacter_acidiphilus,1788,1791,3
7905,Mycolicibacter_acidiphilus,1802,1803,1
7906,Mycolicibacter_acidiphilus,1918,1919,1
7907,Mycolicibacter_acidiphilus,1954,1955,1
7908,Mycolicibacter_acidiphilus,1993,1994,1
7909,Mycolicibacter_acidiphilus,2132,2133,1
7910,Mycolicibacter_acidiphilus,2136,2137,1
7911,Mycolicibacter_acidiphilus,2138,2139,1
7912,Mycolicibacter_acidiphilus,2143,2147,4
7913,Mycolicibacter_acidiphilus,2151,2152,1
7914,Mycolicibacter_acidiphilus,2162,2163,1
7915,Mycolicibacter_acidiphilus,2285,2294,9
7916,Mycolicibacter_acidiphilus,2296,2297,1
7917,Mycolicibacter_acidiphilus,2299,2300,1
7918,Mycolicibacter_acidiphilus,2302,2307,5
7919,Mycolicibacter_acidiphilus,2309,2315,6
7920,Mycolicibacter_acidiphilus,2316,2325,9
7921,Mycolicibacter_acidiphilus,2379,2380,1
7922,Mycolicibacter_acidiphilus,2664,2665,1
7923,Mycolicibacter_acidiphilus,2723,2850,127
7924,Mycolicibacter_acidiphilus,3376,3377,1
7925,Mycolicibacter_acidiphilus,3378,3379,1
7926,Mycolicibacter_acidiphilus,3433,3434,1
7927,Mycolicibacterium_cosmeticum,1,3,2
7928,Mycolicibacterium_cosmeticum,82,83,1
7929,Mycolicibacterium_cosmeticum,186,187,1
7930,Mycolicibacterium_cosmeticum,235,237,2
7931,Mycolicibacterium_cosmeticum,238,240,2
7932,Mycolicibacterium_cosmeticum,250,251,1
7933,Mycolicibacterium_cosmeticum,295,296,1
7934,Mycolicibacterium_cosmeticum,341,342,1
7935,Mycolicibacterium_cosmeticum,359,360,1
7936,Mycolicibacterium_cosmeticum,373,374,1
7937,Mycolicibacterium_cosmeticum,386,387,1
7938,Mycolicibacterium_cosmeticum,416,417,1
7939,Mycolicibacterium_cosmeticum,451,452,1
7940,Mycolicibacterium_cosmeticum,471,574,103
7941,Mycolicibacterium_cosmeticum,753,757,4
7942,Mycolicibacterium_cosmeticum,760,767,7
7943,Mycolicibacterium_cosmeticum,789,790,1
7944,Mycolicibacterium_cosmeticum,839,840,1
7945,Mycolicibacterium_cosmeticum,890,893,3
7946,Mycolicibacterium_cosmeticum,896,900,4
7947,Mycolicibacterium_cosmeticum,1010,1011,1
7948,Mycolicibacterium_cosmeticum,1068,1069,1
7949,Mycolicibacterium_cosmeticum,1168,1169,1
7950,Mycolicibacterium_cosmeticum,1185,1186,1
7951,Mycolicibacterium_cosmeticum,1190,1192,2
7952,Mycolicibacterium_cosmeticum,1211,1212,1
7953,Mycolicibacterium_cosmeticum,1237,1238,1
7954,Mycolicibacterium_cosmeticum,1398,1399,1
7955,Mycolicibacterium_cosmeticum,1430,1437,7
7956,Mycolicibacterium_cosmeticum,1438,1439,1
7957,Mycolicibacterium_cosmeticum,1441,1460,19
7958,Mycolicibacterium_cosmeticum,1491,1492,1
7959,Mycolicibacterium_cosmeticum,1707,1708,1
7960,Mycolicibacterium_cosmeticum,1738,1742,4
7961,Mycolicibacterium_cosmeticum,1748,1749,1
7962,Mycolicibacterium_cosmeticum,1751,1752,1
7963,Mycolicibacterium_cosmeticum,1758,1760,2
7964,Mycolicibacterium_cosmeticum,1771,1775,4
7965,Mycolicibacterium_cosmeticum,1776,1777,1
7966,Mycolicibacterium_cosmeticum,1784,1785,1
7967,Mycolicibacterium_cosmeticum,1789,1790,1
7968,Mycolicibacterium_cosmeticum,1802,1803,1
7969,Mycolicibacterium_cosmeticum,1918,1919,1
7970,Mycolicibacterium_cosmeticum,1954,1955,1
7971,Mycolicibacterium_cosmeticum,1993,1994,1
7972,Mycolicibacterium_cosmeticum,2121,2122,1
7973,Mycolicibacterium_cosmeticum,2132,2133,1
7974,Mycolicibacterium_cosmeticum,2136,2137,1
7975,Mycolicibacterium_cosmeticum,2138,2139,1
7976,Mycolicibacterium_cosmeticum,2143,2147,4
7977,Mycolicibacterium_cosmeticum,2151,2152,1
7978,Mycolicibacterium_cosmeticum,2162,2163,1
7979,Mycolicibacterium_cosmeticum,2285,2294,9
7980,Mycolicibacterium_cosmeticum,2296,2297,1
7981,Mycolicibacterium_cosmeticum,2299,2300,1
7982,Mycolicibacterium_cosmeticum,2302,2307,5
7983,Mycolicibacterium_cosmeticum,2309,2315,6
7984,Mycolicibacterium_cosmeticum,2316,2325,9
7985,Mycolicibacterium_cosmeticum,2379,2380,1
7986,Mycolicibacterium_cosmeticum,2664,2665,1
7987,Mycolicibacterium_cosmeticum,2723,2850,127
7988,Mycolicibacterium_cosmeticum,3376,3377,1
7989,Mycolicibacterium_cosmeticum,3378,3379,1
7990,Mycolicibacterium_cosmeticum,3433,3434,1
7991,Mycolicibacterium_hippocampi,1,3,2
7992,Mycolicibacterium_hippocampi,82,83,1
7993,Mycolicibacterium_hippocampi,186,187,1
7994,Mycolicibacterium_hippocampi,235,237,2
7995,Mycolicibacterium_hippocampi,238,240,2
7996,Mycolicibacterium_hippocampi,250,251,1
7997,Mycolicibacterium_hippocampi,295,296,1
7998,Mycolicibacterium_hippocampi,341,342,1
7999,Mycolicibacterium_hippocampi,359,360,1
8000,Mycolicibacterium_hippocampi,373,374,1
8001,Mycolicibacterium_hippocampi,386,387,1
8002,Mycolicibacterium_hippocampi,401,402,1
8003,Mycolicibacterium_hippocampi,416,417,1
8004,Mycolicibacterium_hippocampi,451,452,1
8005,Mycolicibacterium_hippocampi,471,574,103
8006,Mycolicibacterium_hippocampi,753,757,4
8007,Mycolicibacterium_hippocampi,760,761,1
8008,Mycolicibacterium_hippocampi,762,768,6
8009,Mycolicibacterium_hippocampi,789,790,1
8010,Mycolicibacterium_hippocampi,839,840,1
8011,Mycolicibacterium_hippocampi,890,891,1
8012,Mycolicibacterium_hippocampi,896,900,4
8013,Mycolicibacterium_hippocampi,1010,1011,1
8014,Mycolicibacterium_hippocampi,1168,1169,1
8015,Mycolicibacterium_hippocampi,1185,1186,1
8016,Mycolicibacterium_hippocampi,1190,1192,2
8017,Mycolicibacterium_hippocampi,1211,1212,1
8018,Mycolicibacterium_hippocampi,1398,1399,1
8019,Mycolicibacterium_hippocampi,1430,1437,7
8020,Mycolicibacterium_hippocampi,1438,1439,1
8021,Mycolicibacterium_hippocampi,1445,1446,1
8022,Mycolicibacterium_hippocampi,1448,1463,15
8023,Mycolicibacterium_hippocampi,1491,1492,1
8024,Mycolicibacterium_hippocampi,1707,1708,1
8025,Mycolicibacterium_hippocampi,1748,1749,1
8026,Mycolicibacterium_hippocampi,1751,1752,1
8027,Mycolicibacterium_hippocampi,1756,1761,5
8028,Mycolicibacterium_hippocampi,1772,1774,2
8029,Mycolicibacterium_hippocampi,1776,1777,1
8030,Mycolicibacterium_hippocampi,1784,1785,1
8031,Mycolicibacterium_hippocampi,1789,1791,2
8032,Mycolicibacterium_hippocampi,1802,1803,1
8033,Mycolicibacterium_hippocampi,1918,1919,1
8034,Mycolicibacterium_hippocampi,1954,1955,1
8035,Mycolicibacterium_hippocampi,1993,1994,1
8036,Mycolicibacterium_hippocampi,2132,2133,1
8037,Mycolicibacterium_hippocampi,2136,2137,1
8038,Mycolicibacterium_hippocampi,2143,2147,4
8039,Mycolicibacterium_hippocampi,2151,2152,1
8040,Mycolicibacterium_hippocampi,2162,2163,1
8041,Mycolicibacterium_hippocampi,2285,2294,9
8042,Mycolicibacterium_hippocampi,2296,2297,1
8043,Mycolicibacterium_hippocampi,2299,2300,1
8044,Mycolicibacterium_hippocampi,2302,2307,5
8045,Mycolicibacterium_hippocampi,2309,2315,6
8046,Mycolicibacterium_hippocampi,2316,2325,9
8047,Mycolicibacterium_hippocampi,2379,2380,1
8048,Mycolicibacterium_hippocampi,2664,2665,1
8049,Mycolicibacterium_hippocampi,2723,2850,127
8050,Mycolicibacterium_hippocampi,3376,3377,1
8051,Mycolicibacterium_hippocampi,3378,3379,1
8052,Mycolicibacterium_hippocampi,3433,3434,1
8053,Mycolicibacterium_anyangense,1,3,2
8054,Mycolicibacterium_anyangense,82,83,1
8055,Mycolicibacterium_anyangense,186,187,1
8056,Mycolicibacterium_anyangense,235,237,2
8057,Mycolicibacterium_anyangense,238,240,2
8058,Mycolicibacterium_anyangense,250,251,1
8059,Mycolicibacterium_anyangense,295,296,1
8060,Mycolicibacterium_anyangense,341,342,1
8061,Mycolicibacterium_anyangense,359,360,1
8062,Mycolicibacterium_anyangense,373,374,1
8063,Mycolicibacterium_anyangense,386,387,1
8064,Mycolicibacterium_anyangense,401,402,1
8065,Mycolicibacterium_anyangense,416,417,1
8066,Mycolicibacterium_anyangense,451,452,1
8067,Mycolicibacterium_anyangense,471,574,103
8068,Mycolicibacterium_anyangense,753,757,4
8069,Mycolicibacterium_anyangense,760,761,1
8070,Mycolicibacterium_anyangense,762,768,6
8071,Mycolicibacterium_anyangense,789,790,1
8072,Mycolicibacterium_anyangense,839,840,1
8073,Mycolicibacterium_anyangense,890,891,1
8074,Mycolicibacterium_anyangense,896,900,4
8075,Mycolicibacterium_anyangense,1010,1011,1
8076,Mycolicibacterium_anyangense,1068,1069,1
8077,Mycolicibacterium_anyangense,1168,1169,1
8078,Mycolicibacterium_anyangense,1185,1186,1
8079,Mycolicibacterium_anyangense,1211,1212,1
8080,Mycolicibacterium_anyangense,1237,1238,1
8081,Mycolicibacterium_anyangense,1398,1399,1
8082,Mycolicibacterium_anyangense,1430,1437,7
8083,Mycolicibacterium_anyangense,1438,1439,1
8084,Mycolicibacterium_anyangense,1445,1462,17
8085,Mycolicibacterium_anyangense,1491,1492,1
8086,Mycolicibacterium_anyangense,1748,1749,1
8087,Mycolicibacterium_anyangense,1751,1752,1
8088,Mycolicibacterium_anyangense,1756,1761,5
8089,Mycolicibacterium_anyangense,1771,1775,4
8090,Mycolicibacterium_anyangense,1776,1777,1
8091,Mycolicibacterium_anyangense,1784,1785,1
8092,Mycolicibacterium_anyangense,1789,1791,2
8093,Mycolicibacterium_anyangense,1802,1803,1
8094,Mycolicibacterium_anyangense,1918,1919,1
8095,Mycolicibacterium_anyangense,1954,1955,1
8096,Mycolicibacterium_anyangense,1993,1994,1
8097,Mycolicibacterium_anyangense,2121,2122,1
8098,Mycolicibacterium_anyangense,2132,2133,1
8099,Mycolicibacterium_anyangense,2136,2137,1
8100,Mycolicibacterium_anyangense,2138,2139,1
8101,Mycolicibacterium_anyangense,2143,2147,4
8102,Mycolicibacterium_anyangense,2151,2152,1
8103,Mycolicibacterium_anyangense,2162,2163,1
8104,Mycolicibacterium_anyangense,2285,2294,9
8105,Mycolicibacterium_anyangense,2296,2297,1
8106,Mycolicibacterium_anyangense,2299,2300,1
8107,Mycolicibacterium_anyangense,2301,2308,7
8108,Mycolicibacterium_anyangense,2309,2315,6
8109,Mycolicibacterium_anyangense,2316,2325,9
8110,Mycolicibacterium_anyangense,2379,2380,1
8111,Mycolicibacterium_anyangense,2519,2520,1
8112,Mycolicibacterium_anyangense,2664,2665,1
8113,Mycolicibacterium_anyangense,2723,2850,127
8114,Mycolicibacterium_anyangense,3045,3046,1
8115,Mycolicibacterium_anyangense,3376,3377,1
8116,Mycolicibacterium_anyangense,3378,3379,1
8117,Mycolicibacterium_anyangense,3433,3434,1
8118,Mycobacterium_noviomagense,1,3,2
8119,Mycobacterium_noviomagense,82,83,1
8120,Mycobacterium_noviomagense,186,187,1
8121,Mycobacterium_noviomagense,235,237,2
8122,Mycobacterium_noviomagense,238,240,2
8123,Mycobacterium_noviomagense,250,251,1
8124,Mycobacterium_noviomagense,277,278,1
8125,Mycobacterium_noviomagense,295,296,1
8126,Mycobacterium_noviomagense,359,360,1
8127,Mycobacterium_noviomagense,373,374,1
8128,Mycobacterium_noviomagense,386,387,1
8129,Mycobacterium_noviomagense,401,402,1
8130,Mycobacterium_noviomagense,416,417,1
8131,Mycobacterium_noviomagense,451,452,1
8132,Mycobacterium_noviomagense,471,574,103
8133,Mycobacterium_noviomagense,753,755,2
8134,Mycobacterium_noviomagense,758,769,11
8135,Mycobacterium_noviomagense,789,790,1
8136,Mycobacterium_noviomagense,839,840,1
8137,Mycobacterium_noviomagense,885,891,6
8138,Mycobacterium_noviomagense,896,900,4
8139,Mycobacterium_noviomagense,1010,1011,1
8140,Mycobacterium_noviomagense,1068,1069,1
8141,Mycobacterium_noviomagense,1168,1169,1
8142,Mycobacterium_noviomagense,1185,1186,1
8143,Mycobacterium_noviomagense,1190,1192,2
8144,Mycobacterium_noviomagense,1211,1212,1
8145,Mycobacterium_noviomagense,1237,1238,1
8146,Mycobacterium_noviomagense,1398,1399,1
8147,Mycobacterium_noviomagense,1430,1437,7
8148,Mycobacterium_noviomagense,1438,1439,1
8149,Mycobacterium_noviomagense,1445,1446,1
8150,Mycobacterium_noviomagense,1449,1465,16
8151,Mycobacterium_noviomagense,1491,1492,1
8152,Mycobacterium_noviomagense,1707,1708,1
8153,Mycobacterium_noviomagense,1748,1749,1
8154,Mycobacterium_noviomagense,1756,1761,5
8155,Mycobacterium_noviomagense,1772,1775,3
8156,Mycobacterium_noviomagense,1776,1777,1
8157,Mycobacterium_noviomagense,1784,1785,1
8158,Mycobacterium_noviomagense,1789,1791,2
8159,Mycobacterium_noviomagense,1802,1803,1
8160,Mycobacterium_noviomagense,1954,1955,1
8161,Mycobacterium_noviomagense,1993,1994,1
8162,Mycobacterium_noviomagense,2132,2133,1
8163,Mycobacterium_noviomagense,2136,2137,1
8164,Mycobacterium_noviomagense,2138,2139,1
8165,Mycobacterium_noviomagense,2143,2147,4
8166,Mycobacterium_noviomagense,2151,2152,1
8167,Mycobacterium_noviomagense,2162,2163,1
8168,Mycobacterium_noviomagense,2285,2294,9
8169,Mycobacterium_noviomagense,2296,2297,1
8170,Mycobacterium_noviomagense,2299,2305,6
8171,Mycobacterium_noviomagense,2309,2315,6
8172,Mycobacterium_noviomagense,2316,2325,9
8173,Mycobacterium_noviomagense,2379,2380,1
8174,Mycobacterium_noviomagense,2664,2665,1
8175,Mycobacterium_noviomagense,2723,2851,128
8176,Mycobacterium_noviomagense,3378,3379,1
8177,Mycobacterium_noviomagense,3433,3434,1
8178,Mycolicibacterium_xanthum,82,83,1
8179,Mycolicibacterium_xanthum,186,187,1
8180,Mycolicibacterium_xanthum,235,237,2
8181,Mycolicibacterium_xanthum,238,240,2
8182,Mycolicibacterium_xanthum,250,251,1
8183,Mycolicibacterium_xanthum,295,296,1
8184,Mycolicibacterium_xanthum,341,342,1
8185,Mycolicibacterium_xanthum,359,360,1
8186,Mycolicibacterium_xanthum,373,374,1
8187,Mycolicibacterium_xanthum,386,387,1
8188,Mycolicibacterium_xanthum,401,402,1
8189,Mycolicibacterium_xanthum,416,417,1
8190,Mycolicibacterium_xanthum,451,452,1
8191,Mycolicibacterium_xanthum,470,574,104
8192,Mycolicibacterium_xanthum,753,755,2
8193,Mycolicibacterium_xanthum,760,761,1
8194,Mycolicibacterium_xanthum,762,768,6
8195,Mycolicibacterium_xanthum,789,790,1
8196,Mycolicibacterium_xanthum,839,840,1
8197,Mycolicibacterium_xanthum,890,891,1
8198,Mycolicibacterium_xanthum,896,900,4
8199,Mycolicibacterium_xanthum,1010,1011,1
8200,Mycolicibacterium_xanthum,1068,1069,1
8201,Mycolicibacterium_xanthum,1168,1169,1
8202,Mycolicibacterium_xanthum,1185,1186,1
8203,Mycolicibacterium_xanthum,1190,1192,2
8204,Mycolicibacterium_xanthum,1211,1212,1
8205,Mycolicibacterium_xanthum,1237,1238,1
8206,Mycolicibacterium_xanthum,1398,1399,1
8207,Mycolicibacterium_xanthum,1430,1437,7
8208,Mycolicibacterium_xanthum,1438,1439,1
8209,Mycolicibacterium_xanthum,1445,1462,17
8210,Mycolicibacterium_xanthum,1491,1492,1
8211,Mycolicibacterium_xanthum,1707,1708,1
8212,Mycolicibacterium_xanthum,1748,1749,1
8213,Mycolicibacterium_xanthum,1751,1752,1
8214,Mycolicibacterium_xanthum,1756,1761,5
8215,Mycolicibacterium_xanthum,1771,1775,4
8216,Mycolicibacterium_xanthum,1776,1777,1
8217,Mycolicibacterium_xanthum,1789,1791,2
8218,Mycolicibacterium_xanthum,1802,1803,1
8219,Mycolicibacterium_xanthum,1918,1919,1
8220,Mycolicibacterium_xanthum,1954,1955,1
8221,Mycolicibacterium_xanthum,1993,1994,1
8222,Mycolicibacterium_xanthum,2132,2133,1
8223,Mycolicibacterium_xanthum,2136,2137,1
8224,Mycolicibacterium_xanthum,2138,2139,1
8225,Mycolicibacterium_xanthum,2143,2147,4
8226,Mycolicibacterium_xanthum,2151,2152,1
8227,Mycolicibacterium_xanthum,2162,2163,1
8228,Mycolicibacterium_xanthum,2285,2294,9
8229,Mycolicibacterium_xanthum,2296,2297,1
8230,Mycolicibacterium_xanthum,2299,2300,1
8231,Mycolicibacterium_xanthum,2303,2306,3
8232,Mycolicibacterium_xanthum,2309,2315,6
8233,Mycolicibacterium_xanthum,2316,2325,9
8234,Mycolicibacterium_xanthum,2379,2380,1
8235,Mycolicibacterium_xanthum,2664,2665,1
8236,Mycolicibacterium_xanthum,2723,2850,127
8237,Mycolicibacterium_xanthum,3376,3377,1
8238,Mycolicibacterium_xanthum,3378,3379,1
8239,Mycolicibacterium_xanthum,3433,3434,1
8240,Mycolicibacterium_canariasense,1,3,2
8241,Mycolicibacterium_canariasense,82,83,1
8242,Mycolicibacterium_canariasense,186,187,1
8243,Mycolicibacterium_canariasense,235,237,2
8244,Mycolicibacterium_canariasense,238,240,2
8245,Mycolicibacterium_canariasense,250,251,1
8246,Mycolicibacterium_canariasense,295,296,1
8247,Mycolicibacterium_canariasense,341,342,1
8248,Mycolicibacterium_canariasense,359,360,1
8249,Mycolicibacterium_canariasense,373,374,1
8250,Mycolicibacterium_canariasense,386,387,1
8251,Mycolicibacterium_canariasense,416,417,1
8252,Mycolicibacterium_canariasense,451,452,1
8253,Mycolicibacterium_canariasense,471,574,103
8254,Mycolicibacterium_canariasense,753,757,4
8255,Mycolicibacterium_canariasense,760,767,7
8256,Mycolicibacterium_canariasense,789,790,1
8257,Mycolicibacterium_canariasense,839,840,1
8258,Mycolicibacterium_canariasense,890,891,1
8259,Mycolicibacterium_canariasense,896,900,4
8260,Mycolicibacterium_canariasense,1010,1011,1
8261,Mycolicibacterium_canariasense,1068,1069,1
8262,Mycolicibacterium_canariasense,1168,1169,1
8263,Mycolicibacterium_canariasense,1185,1186,1
8264,Mycolicibacterium_canariasense,1190,1192,2
8265,Mycolicibacterium_canariasense,1211,1212,1
8266,Mycolicibacterium_canariasense,1237,1238,1
8267,Mycolicibacterium_canariasense,1398,1399,1
8268,Mycolicibacterium_canariasense,1430,1437,7
8269,Mycolicibacterium_canariasense,1438,1439,1
8270,Mycolicibacterium_canariasense,1441,1460,19
8271,Mycolicibacterium_canariasense,1491,1492,1
8272,Mycolicibacterium_canariasense,1707,1708,1
8273,Mycolicibacterium_canariasense,1738,1742,4
8274,Mycolicibacterium_canariasense,1748,1749,1
8275,Mycolicibacterium_canariasense,1751,1752,1
8276,Mycolicibacterium_canariasense,1758,1760,2
8277,Mycolicibacterium_canariasense,1771,1775,4
8278,Mycolicibacterium_canariasense,1776,1777,1
8279,Mycolicibacterium_canariasense,1784,1785,1
8280,Mycolicibacterium_canariasense,1789,1790,1
8281,Mycolicibacterium_canariasense,1802,1803,1
8282,Mycolicibacterium_canariasense,1918,1919,1
8283,Mycolicibacterium_canariasense,1954,1955,1
8284,Mycolicibacterium_canariasense,1993,1994,1
8285,Mycolicibacterium_canariasense,2121,2122,1
8286,Mycolicibacterium_canariasense,2132,2133,1
8287,Mycolicibacterium_canariasense,2136,2137,1
8288,Mycolicibacterium_canariasense,2138,2139,1
8289,Mycolicibacterium_canariasense,2143,2147,4
8290,Mycolicibacterium_canariasense,2151,2152,1
8291,Mycolicibacterium_canariasense,2162,2163,1
8292,Mycolicibacterium_canariasense,2285,2294,9
8293,Mycolicibacterium_canariasense,2296,2297,1
8294,Mycolicibacterium_canariasense,2299,2300,1
8295,Mycolicibacterium_canariasense,2302,2307,5
8296,Mycolicibacterium_canariasense,2309,2315,6
8297,Mycolicibacterium_canariasense,2316,2325,9
8298,Mycolicibacterium_canariasense,2379,2380,1
8299,Mycolicibacterium_canariasense,2664,2665,1
8300,Mycolicibacterium_canariasense,2723,2850,127
8301,Mycolicibacterium_canariasense,3376,3377,1
8302,Mycolicibacterium_canariasense,3378,3379,1
8303,Mycolicibacterium_canariasense,3433,3434,1
8304,Mycobacterium_hackensackense,1,3,2
8305,Mycobacterium_hackensackense,82,83,1
8306,Mycobacterium_hackensackense,186,187,1
8307,Mycobacterium_hackensackense,235,237,2
8308,Mycobacterium_hackensackense,238,240,2
8309,Mycobacterium_hackensackense,250,251,1
8310,Mycobacterium_hackensackense,295,296,1
8311,Mycobacterium_hackensackense,341,342,1
8312,Mycobacterium_hackensackense,359,360,1
8313,Mycobacterium_hackensackense,373,374,1
8314,Mycobacterium_hackensackense,386,387,1
8315,Mycobacterium_hackensackense,416,417,1
8316,Mycobacterium_hackensackense,451,452,1
8317,Mycobacterium_hackensackense,471,574,103
8318,Mycobacterium_hackensackense,753,755,2
8319,Mycobacterium_hackensackense,760,768,8
8320,Mycobacterium_hackensackense,789,790,1
8321,Mycobacterium_hackensackense,839,840,1
8322,Mycobacterium_hackensackense,890,891,1
8323,Mycobacterium_hackensackense,896,900,4
8324,Mycobacterium_hackensackense,1010,1011,1
8325,Mycobacterium_hackensackense,1068,1069,1
8326,Mycobacterium_hackensackense,1168,1169,1
8327,Mycobacterium_hackensackense,1185,1186,1
8328,Mycobacterium_hackensackense,1190,1192,2
8329,Mycobacterium_hackensackense,1211,1212,1
8330,Mycobacterium_hackensackense,1237,1238,1
8331,Mycobacterium_hackensackense,1398,1399,1
8332,Mycobacterium_hackensackense,1430,1437,7
8333,Mycobacterium_hackensackense,1438,1439,1
8334,Mycobacterium_hackensackense,1445,1446,1
8335,Mycobacterium_hackensackense,1449,1464,15
8336,Mycobacterium_hackensackense,1491,1492,1
8337,Mycobacterium_hackensackense,1707,1708,1
8338,Mycobacterium_hackensackense,1748,1749,1
8339,Mycobacterium_hackensackense,1751,1752,1
8340,Mycobacterium_hackensackense,1756,1761,5
8341,Mycobacterium_hackensackense,1771,1775,4
8342,Mycobacterium_hackensackense,1776,1777,1
8343,Mycobacterium_hackensackense,1784,1785,1
8344,Mycobacterium_hackensackense,1802,1803,1
8345,Mycobacterium_hackensackense,1918,1919,1
8346,Mycobacterium_hackensackense,1954,1955,1
8347,Mycobacterium_hackensackense,1993,1994,1
8348,Mycobacterium_hackensackense,2121,2122,1
8349,Mycobacterium_hackensackense,2132,2133,1
8350,Mycobacterium_hackensackense,2136,2137,1
8351,Mycobacterium_hackensackense,2138,2139,1
8352,Mycobacterium_hackensackense,2143,2147,4
8353,Mycobacterium_hackensackense,2151,2152,1
8354,Mycobacterium_hackensackense,2162,2163,1
8355,Mycobacterium_hackensackense,2285,2294,9
8356,Mycobacterium_hackensackense,2296,2297,1
8357,Mycobacterium_hackensackense,2299,2300,1
8358,Mycobacterium_hackensackense,2302,2307,5
8359,Mycobacterium_hackensackense,2309,2315,6
8360,Mycobacterium_hackensackense,2316,2325,9
8361,Mycobacterium_hackensackense,2379,2380,1
8362,Mycobacterium_hackensackense,2664,2665,1
8363,Mycobacterium_hackensackense,2723,2850,127
8364,Mycobacterium_hackensackense,3376,3377,1
8365,Mycobacterium_hackensackense,3378,3379,1
8366,Mycobacterium_hackensackense,3433,3434,1
8367,Mycolicibacterium_brisbanense,82,83,1
8368,Mycolicibacterium_brisbanense,186,187,1
8369,Mycolicibacterium_brisbanense,235,237,2
8370,Mycolicibacterium_brisbanense,238,240,2
8371,Mycolicibacterium_brisbanense,250,251,1
8372,Mycolicibacterium_brisbanense,295,296,1
8373,Mycolicibacterium_brisbanense,341,342,1
8374,Mycolicibacterium_brisbanense,359,360,1
8375,Mycolicibacterium_brisbanense,373,374,1
8376,Mycolicibacterium_brisbanense,401,402,1
8377,Mycolicibacterium_brisbanense,416,417,1
8378,Mycolicibacterium_brisbanense,451,452,1
8379,Mycolicibacterium_brisbanense,471,574,103
8380,Mycolicibacterium_brisbanense,753,755,2
8381,Mycolicibacterium_brisbanense,760,768,8
8382,Mycolicibacterium_brisbanense,789,790,1
8383,Mycolicibacterium_brisbanense,839,840,1
8384,Mycolicibacterium_brisbanense,890,891,1
8385,Mycolicibacterium_brisbanense,896,900,4
8386,Mycolicibacterium_brisbanense,1010,1011,1
8387,Mycolicibacterium_brisbanense,1068,1069,1
8388,Mycolicibacterium_brisbanense,1168,1169,1
8389,Mycolicibacterium_brisbanense,1185,1186,1
8390,Mycolicibacterium_brisbanense,1211,1212,1
8391,Mycolicibacterium_brisbanense,1237,1238,1
8392,Mycolicibacterium_brisbanense,1398,1399,1
8393,Mycolicibacterium_brisbanense,1430,1437,7
8394,Mycolicibacterium_brisbanense,1438,1439,1
8395,Mycolicibacterium_brisbanense,1444,1446,2
8396,Mycolicibacterium_brisbanense,1449,1464,15
8397,Mycolicibacterium_brisbanense,1491,1492,1
8398,Mycolicibacterium_brisbanense,1707,1708,1
8399,Mycolicibacterium_brisbanense,1748,1749,1
8400,Mycolicibacterium_brisbanense,1751,1752,1
8401,Mycolicibacterium_brisbanense,1756,1761,5
8402,Mycolicibacterium_brisbanense,1771,1775,4
8403,Mycolicibacterium_brisbanense,1776,1777,1
8404,Mycolicibacterium_brisbanense,1784,1785,1
8405,Mycolicibacterium_brisbanense,1789,1791,2
8406,Mycolicibacterium_brisbanense,1802,1803,1
8407,Mycolicibacterium_brisbanense,1918,1919,1
8408,Mycolicibacterium_brisbanense,1954,1955,1
8409,Mycolicibacterium_brisbanense,1993,1994,1
8410,Mycolicibacterium_brisbanense,2132,2133,1
8411,Mycolicibacterium_brisbanense,2136,2137,1
8412,Mycolicibacterium_brisbanense,2138,2139,1
8413,Mycolicibacterium_brisbanense,2143,2147,4
8414,Mycolicibacterium_brisbanense,2151,2152,1
8415,Mycolicibacterium_brisbanense,2162,2163,1
8416,Mycolicibacterium_brisbanense,2285,2294,9
8417,Mycolicibacterium_brisbanense,2296,2297,1
8418,Mycolicibacterium_brisbanense,2299,2300,1
8419,Mycolicibacterium_brisbanense,2303,2306,3
8420,Mycolicibacterium_brisbanense,2309,2315,6
8421,Mycolicibacterium_brisbanense,2316,2325,9
8422,Mycolicibacterium_brisbanense,2379,2380,1
8423,Mycolicibacterium_brisbanense,2664,2665,1
8424,Mycolicibacterium_brisbanense,2723,2850,127
8425,Mycolicibacterium_brisbanense,3376,3377,1
8426,Mycolicibacterium_brisbanense,3378,3379,1
8427,Mycolicibacterium_brisbanense,3433,3434,1
8428,Mycobacterium_kyogaense,1,3,2
8429,Mycobacterium_kyogaense,82,83,1
8430,Mycobacterium_kyogaense,186,187,1
8431,Mycobacterium_kyogaense,235,237,2
8432,Mycobacterium_kyogaense,238,240,2
8433,Mycobacterium_kyogaense,250,251,1
8434,Mycobacterium_kyogaense,295,296,1
8435,Mycobacterium_kyogaense,341,342,1
8436,Mycobacterium_kyogaense,359,360,1
8437,Mycobacterium_kyogaense,373,374,1
8438,Mycobacterium_kyogaense,386,387,1
8439,Mycobacterium_kyogaense,401,402,1
8440,Mycobacterium_kyogaense,416,417,1
8441,Mycobacterium_kyogaense,451,452,1
8442,Mycobacterium_kyogaense,473,574,101
8443,Mycobacterium_kyogaense,753,755,2
8444,Mycobacterium_kyogaense,760,761,1
8445,Mycobacterium_kyogaense,762,768,6
8446,Mycobacterium_kyogaense,789,790,1
8447,Mycobacterium_kyogaense,839,840,1
8448,Mycobacterium_kyogaense,890,891,1
8449,Mycobacterium_kyogaense,896,900,4
8450,Mycobacterium_kyogaense,1010,1011,1
8451,Mycobacterium_kyogaense,1068,1069,1
8452,Mycobacterium_kyogaense,1168,1169,1
8453,Mycobacterium_kyogaense,1185,1186,1
8454,Mycobacterium_kyogaense,1190,1192,2
8455,Mycobacterium_kyogaense,1211,1212,1
8456,Mycobacterium_kyogaense,1237,1238,1
8457,Mycobacterium_kyogaense,1398,1399,1
8458,Mycobacterium_kyogaense,1430,1437,7
8459,Mycobacterium_kyogaense,1438,1439,1
8460,Mycobacterium_kyogaense,1445,1446,1
8461,Mycobacterium_kyogaense,1449,1462,13
8462,Mycobacterium_kyogaense,1491,1492,1
8463,Mycobacterium_kyogaense,1707,1708,1
8464,Mycobacterium_kyogaense,1748,1749,1
8465,Mycobacterium_kyogaense,1751,1752,1
8466,Mycobacterium_kyogaense,1756,1761,5
8467,Mycobacterium_kyogaense,1771,1775,4
8468,Mycobacterium_kyogaense,1776,1777,1
8469,Mycobacterium_kyogaense,1784,1785,1
8470,Mycobacterium_kyogaense,1789,1791,2
8471,Mycobacterium_kyogaense,1802,1803,1
8472,Mycobacterium_kyogaense,1918,1919,1
8473,Mycobacterium_kyogaense,1954,1955,1
8474,Mycobacterium_kyogaense,1993,1994,1
8475,Mycobacterium_kyogaense,2132,2133,1
8476,Mycobacterium_kyogaense,2136,2137,1
8477,Mycobacterium_kyogaense,2138,2139,1
8478,Mycobacterium_kyogaense,2143,2147,4
8479,Mycobacterium_kyogaense,2151,2152,1
8480,Mycobacterium_kyogaense,2154,2155,1
8481,Mycobacterium_kyogaense,2162,2163,1
8482,Mycobacterium_kyogaense,2285,2294,9
8483,Mycobacterium_kyogaense,2296,2297,1
8484,Mycobacterium_kyogaense,2299,2300,1
8485,Mycobacterium_kyogaense,2302,2307,5
8486,Mycobacterium_kyogaense,2309,2315,6
8487,Mycobacterium_kyogaense,2316,2325,9
8488,Mycobacterium_kyogaense,2379,2380,1
8489,Mycobacterium_kyogaense,2664,2665,1
8490,Mycobacterium_kyogaense,2723,2850,127
8491,Mycobacterium_kyogaense,3376,3377,1
8492,Mycobacterium_kyogaense,3378,3379,1
8493,Mycobacterium_kyogaense,3433,3434,1
8494,Mycolicibacterium_lutetiense,1,3,2
8495,Mycolicibacterium_lutetiense,82,83,1
8496,Mycolicibacterium_lutetiense,186,187,1
8497,Mycolicibacterium_lutetiense,235,237,2
8498,Mycolicibacterium_lutetiense,238,240,2
8499,Mycolicibacterium_lutetiense,250,251,1
8500,Mycolicibacterium_lutetiense,295,296,1
8501,Mycolicibacterium_lutetiense,341,342,1
8502,Mycolicibacterium_lutetiense,359,360,1
8503,Mycolicibacterium_lutetiense,373,374,1
8504,Mycolicibacterium_lutetiense,401,402,1
8505,Mycolicibacterium_lutetiense,416,417,1
8506,Mycolicibacterium_lutetiense,451,452,1
8507,Mycolicibacterium_lutetiense,472,574,102
8508,Mycolicibacterium_lutetiense,753,755,2
8509,Mycolicibacterium_lutetiense,760,768,8
8510,Mycolicibacterium_lutetiense,789,790,1
8511,Mycolicibacterium_lutetiense,839,840,1
8512,Mycolicibacterium_lutetiense,890,891,1
8513,Mycolicibacterium_lutetiense,896,900,4
8514,Mycolicibacterium_lutetiense,1010,1011,1
8515,Mycolicibacterium_lutetiense,1068,1069,1
8516,Mycolicibacterium_lutetiense,1168,1169,1
8517,Mycolicibacterium_lutetiense,1185,1186,1
8518,Mycolicibacterium_lutetiense,1211,1212,1
8519,Mycolicibacterium_lutetiense,1237,1238,1
8520,Mycolicibacterium_lutetiense,1398,1399,1
8521,Mycolicibacterium_lutetiense,1430,1437,7
8522,Mycolicibacterium_lutetiense,1438,1439,1
8523,Mycolicibacterium_lutetiense,1449,1463,14
8524,Mycolicibacterium_lutetiense,1491,1492,1
8525,Mycolicibacterium_lutetiense,1707,1708,1
8526,Mycolicibacterium_lutetiense,1748,1749,1
8527,Mycolicibacterium_lutetiense,1751,1752,1
8528,Mycolicibacterium_lutetiense,1756,1760,4
8529,Mycolicibacterium_lutetiense,1771,1775,4
8530,Mycolicibacterium_lutetiense,1776,1777,1
8531,Mycolicibacterium_lutetiense,1784,1785,1
8532,Mycolicibacterium_lutetiense,1789,1790,1
8533,Mycolicibacterium_lutetiense,1802,1803,1
8534,Mycolicibacterium_lutetiense,1918,1919,1
8535,Mycolicibacterium_lutetiense,1954,1955,1
8536,Mycolicibacterium_lutetiense,1993,1994,1
8537,Mycolicibacterium_lutetiense,2132,2133,1
8538,Mycolicibacterium_lutetiense,2136,2137,1
8539,Mycolicibacterium_lutetiense,2138,2139,1
8540,Mycolicibacterium_lutetiense,2143,2147,4
8541,Mycolicibacterium_lutetiense,2151,2152,1
8542,Mycolicibacterium_lutetiense,2162,2163,1
8543,Mycolicibacterium_lutetiense,2285,2297,12
8544,Mycolicibacterium_lutetiense,2299,2300,1
8545,Mycolicibacterium_lutetiense,2303,2306,3
8546,Mycolicibacterium_lutetiense,2309,2315,6
8547,Mycolicibacterium_lutetiense,2316,2325,9
8548,Mycolicibacterium_lutetiense,2379,2380,1
8549,Mycolicibacterium_lutetiense,2664,2665,1
8550,Mycolicibacterium_lutetiense,2723,2850,127
8551,Mycolicibacterium_lutetiense,3376,3377,1
8552,Mycolicibacterium_lutetiense,3378,3379,1
8553,Mycolicibacterium_lutetiense,3433,3434,1
8554,Mycolicibacterium_litorale,1,3,2
8555,Mycolicibacterium_litorale,82,83,1
8556,Mycolicibacterium_litorale,186,187,1
8557,Mycolicibacterium_litorale,235,237,2
8558,Mycolicibacterium_litorale,238,240,2
8559,Mycolicibacterium_litorale,250,251,1
8560,Mycolicibacterium_litorale,295,296,1
8561,Mycolicibacterium_litorale,359,360,1
8562,Mycolicibacterium_litorale,373,374,1
8563,Mycolicibacterium_litorale,386,387,1
8564,Mycolicibacterium_litorale,401,402,1
8565,Mycolicibacterium_litorale,416,417,1
8566,Mycolicibacterium_litorale,451,452,1
8567,Mycolicibacterium_litorale,470,574,104
8568,Mycolicibacterium_litorale,753,755,2
8569,Mycolicibacterium_litorale,760,767,7
8570,Mycolicibacterium_litorale,789,790,1
8571,Mycolicibacterium_litorale,839,840,1
8572,Mycolicibacterium_litorale,890,891,1
8573,Mycolicibacterium_litorale,896,900,4
8574,Mycolicibacterium_litorale,1068,1069,1
8575,Mycolicibacterium_litorale,1168,1169,1
8576,Mycolicibacterium_litorale,1185,1186,1
8577,Mycolicibacterium_litorale,1190,1192,2
8578,Mycolicibacterium_litorale,1237,1238,1
8579,Mycolicibacterium_litorale,1398,1399,1
8580,Mycolicibacterium_litorale,1430,1437,7
8581,Mycolicibacterium_litorale,1438,1439,1
8582,Mycolicibacterium_litorale,1445,1446,1
8583,Mycolicibacterium_litorale,1449,1460,11
8584,Mycolicibacterium_litorale,1491,1492,1
8585,Mycolicibacterium_litorale,1707,1708,1
8586,Mycolicibacterium_litorale,1748,1749,1
8587,Mycolicibacterium_litorale,1751,1752,1
8588,Mycolicibacterium_litorale,1756,1761,5
8589,Mycolicibacterium_litorale,1771,1777,6
8590,Mycolicibacterium_litorale,1784,1785,1
8591,Mycolicibacterium_litorale,1789,1790,1
8592,Mycolicibacterium_litorale,1802,1803,1
8593,Mycolicibacterium_litorale,1918,1919,1
8594,Mycolicibacterium_litorale,1954,1955,1
8595,Mycolicibacterium_litorale,1993,1994,1
8596,Mycolicibacterium_litorale,2132,2133,1
8597,Mycolicibacterium_litorale,2136,2137,1
8598,Mycolicibacterium_litorale,2138,2139,1
8599,Mycolicibacterium_litorale,2143,2147,4
8600,Mycolicibacterium_litorale,2151,2153,2
8601,Mycolicibacterium_litorale,2162,2163,1
8602,Mycolicibacterium_litorale,2285,2294,9
8603,Mycolicibacterium_litorale,2296,2297,1
8604,Mycolicibacterium_litorale,2299,2300,1
8605,Mycolicibacterium_litorale,2302,2307,5
8606,Mycolicibacterium_litorale,2309,2315,6
8607,Mycolicibacterium_litorale,2316,2325,9
8608,Mycolicibacterium_litorale,2379,2380,1
8609,Mycolicibacterium_litorale,2664,2665,1
8610,Mycolicibacterium_litorale,2723,2850,127
8611,Mycolicibacterium_litorale,3376,3377,1
8612,Mycolicibacterium_litorale,3378,3379,1
8613,Mycolicibacterium_litorale,3433,3434,1
8614,Mycolicibacterium_vaccae,1,3,2
8615,Mycolicibacterium_vaccae,82,83,1
8616,Mycolicibacterium_vaccae,186,187,1
8617,Mycolicibacterium_vaccae,235,237,2
8618,Mycolicibacterium_vaccae,238,240,2
8619,Mycolicibacterium_vaccae,250,251,1
8620,Mycolicibacterium_vaccae,295,296,1
8621,Mycolicibacterium_vaccae,341,342,1
8622,Mycolicibacterium_vaccae,359,360,1
8623,Mycolicibacterium_vaccae,373,374,1
8624,Mycolicibacterium_vaccae,386,387,1
8625,Mycolicibacterium_vaccae,401,402,1
8626,Mycolicibacterium_vaccae,416,417,1
8627,Mycolicibacterium_vaccae,451,452,1
8628,Mycolicibacterium_vaccae,472,574,102
8629,Mycolicibacterium_vaccae,753,757,4
8630,Mycolicibacterium_vaccae,760,761,1
8631,Mycolicibacterium_vaccae,762,768,6
8632,Mycolicibacterium_vaccae,789,790,1
8633,Mycolicibacterium_vaccae,839,840,1
8634,Mycolicibacterium_vaccae,890,891,1
8635,Mycolicibacterium_vaccae,896,900,4
8636,Mycolicibacterium_vaccae,1010,1011,1
8637,Mycolicibacterium_vaccae,1068,1069,1
8638,Mycolicibacterium_vaccae,1168,1169,1
8639,Mycolicibacterium_vaccae,1185,1186,1
8640,Mycolicibacterium_vaccae,1190,1192,2
8641,Mycolicibacterium_vaccae,1211,1212,1
8642,Mycolicibacterium_vaccae,1237,1238,1
8643,Mycolicibacterium_vaccae,1398,1399,1
8644,Mycolicibacterium_vaccae,1430,1437,7
8645,Mycolicibacterium_vaccae,1438,1439,1
8646,Mycolicibacterium_vaccae,1445,1446,1
8647,Mycolicibacterium_vaccae,1448,1463,15
8648,Mycolicibacterium_vaccae,1491,1492,1
8649,Mycolicibacterium_vaccae,1707,1708,1
8650,Mycolicibacterium_vaccae,1748,1749,1
8651,Mycolicibacterium_vaccae,1751,1752,1
8652,Mycolicibacterium_vaccae,1756,1761,5
8653,Mycolicibacterium_vaccae,1771,1775,4
8654,Mycolicibacterium_vaccae,1776,1777,1
8655,Mycolicibacterium_vaccae,1784,1785,1
8656,Mycolicibacterium_vaccae,1789,1791,2
8657,Mycolicibacterium_vaccae,1802,1803,1
8658,Mycolicibacterium_vaccae,1918,1919,1
8659,Mycolicibacterium_vaccae,1954,1955,1
8660,Mycolicibacterium_vaccae,1993,1994,1
8661,Mycolicibacterium_vaccae,2132,2133,1
8662,Mycolicibacterium_vaccae,2136,2137,1
8663,Mycolicibacterium_vaccae,2138,2139,1
8664,Mycolicibacterium_vaccae,2143,2147,4
8665,Mycolicibacterium_vaccae,2151,2152,1
8666,Mycolicibacterium_vaccae,2162,2163,1
8667,Mycolicibacterium_vaccae,2285,2294,9
8668,Mycolicibacterium_vaccae,2296,2297,1
8669,Mycolicibacterium_vaccae,2299,2300,1
8670,Mycolicibacterium_vaccae,2302,2307,5
8671,Mycolicibacterium_vaccae,2309,2315,6
8672,Mycolicibacterium_vaccae,2316,2325,9
8673,Mycolicibacterium_vaccae,2379,2380,1
8674,Mycolicibacterium_vaccae,2664,2665,1
8675,Mycolicibacterium_vaccae,2723,2850,127
8676,Mycolicibacterium_vaccae,3376,3377,1
8677,Mycolicibacterium_vaccae,3378,3379,1
8678,Mycolicibacterium_vaccae,3433,3434,1
8679,Mycolicibacterium_mucogenicum,1,3,2
8680,Mycolicibacterium_mucogenicum,82,83,1
8681,Mycolicibacterium_mucogenicum,186,187,1
8682,Mycolicibacterium_mucogenicum,235,237,2
8683,Mycolicibacterium_mucogenicum,238,240,2
8684,Mycolicibacterium_mucogenicum,250,251,1
8685,Mycolicibacterium_mucogenicum,277,278,1
8686,Mycolicibacterium_mucogenicum,295,296,1
8687,Mycolicibacterium_mucogenicum,341,342,1
8688,Mycolicibacterium_mucogenicum,359,360,1
8689,Mycolicibacterium_mucogenicum,373,374,1
8690,Mycolicibacterium_mucogenicum,401,402,1
8691,Mycolicibacterium_mucogenicum,416,417,1
8692,Mycolicibacterium_mucogenicum,451,452,1
8693,Mycolicibacterium_mucogenicum,471,574,103
8694,Mycolicibacterium_mucogenicum,702,703,1
8695,Mycolicibacterium_mucogenicum,753,757,4
8696,Mycolicibacterium_mucogenicum,760,768,8
8697,Mycolicibacterium_mucogenicum,789,790,1
8698,Mycolicibacterium_mucogenicum,839,840,1
8699,Mycolicibacterium_mucogenicum,890,891,1
8700,Mycolicibacterium_mucogenicum,892,902,10
8701,Mycolicibacterium_mucogenicum,1010,1011,1
8702,Mycolicibacterium_mucogenicum,1068,1069,1
8703,Mycolicibacterium_mucogenicum,1168,1169,1
8704,Mycolicibacterium_mucogenicum,1185,1186,1
8705,Mycolicibacterium_mucogenicum,1191,1192,1
8706,Mycolicibacterium_mucogenicum,1211,1212,1
8707,Mycolicibacterium_mucogenicum,1237,1238,1
8708,Mycolicibacterium_mucogenicum,1398,1399,1
8709,Mycolicibacterium_mucogenicum,1430,1459,29
8710,Mycolicibacterium_mucogenicum,1491,1492,1
8711,Mycolicibacterium_mucogenicum,1707,1708,1
8712,Mycolicibacterium_mucogenicum,1748,1749,1
8713,Mycolicibacterium_mucogenicum,1750,1752,2
8714,Mycolicibacterium_mucogenicum,1756,1761,5
8715,Mycolicibacterium_mucogenicum,1771,1775,4
8716,Mycolicibacterium_mucogenicum,1776,1777,1
8717,Mycolicibacterium_mucogenicum,1784,1785,1
8718,Mycolicibacterium_mucogenicum,1789,1791,2
8719,Mycolicibacterium_mucogenicum,1802,1803,1
8720,Mycolicibacterium_mucogenicum,1918,1920,2
8721,Mycolicibacterium_mucogenicum,1954,1955,1
8722,Mycolicibacterium_mucogenicum,1993,1994,1
8723,Mycolicibacterium_mucogenicum,2132,2133,1
8724,Mycolicibacterium_mucogenicum,2136,2137,1
8725,Mycolicibacterium_mucogenicum,2138,2139,1
8726,Mycolicibacterium_mucogenicum,2143,2147,4
8727,Mycolicibacterium_mucogenicum,2151,2152,1
8728,Mycolicibacterium_mucogenicum,2162,2163,1
8729,Mycolicibacterium_mucogenicum,2285,2294,9
8730,Mycolicibacterium_mucogenicum,2296,2297,1
8731,Mycolicibacterium_mucogenicum,2299,2300,1
8732,Mycolicibacterium_mucogenicum,2303,2306,3
8733,Mycolicibacterium_mucogenicum,2309,2315,6
8734,Mycolicibacterium_mucogenicum,2316,2325,9
8735,Mycolicibacterium_mucogenicum,2379,2380,1
8736,Mycolicibacterium_mucogenicum,2664,2665,1
8737,Mycolicibacterium_mucogenicum,2723,2850,127
8738,Mycolicibacterium_mucogenicum,3376,3377,1
8739,Mycolicibacterium_mucogenicum,3378,3379,1
8740,Mycolicibacterium_mucogenicum,3433,3434,1
8741,Mycolicibacterium_vanbaalenii,1,3,2
8742,Mycolicibacterium_vanbaalenii,82,83,1
8743,Mycolicibacterium_vanbaalenii,186,187,1
8744,Mycolicibacterium_vanbaalenii,235,237,2
8745,Mycolicibacterium_vanbaalenii,238,240,2
8746,Mycolicibacterium_vanbaalenii,250,251,1
8747,Mycolicibacterium_vanbaalenii,295,296,1
8748,Mycolicibacterium_vanbaalenii,341,342,1
8749,Mycolicibacterium_vanbaalenii,359,360,1
8750,Mycolicibacterium_vanbaalenii,373,374,1
8751,Mycolicibacterium_vanbaalenii,386,387,1
8752,Mycolicibacterium_vanbaalenii,401,402,1
8753,Mycolicibacterium_vanbaalenii,416,417,1
8754,Mycolicibacterium_vanbaalenii,451,452,1
8755,Mycolicibacterium_vanbaalenii,472,574,102
8756,Mycolicibacterium_vanbaalenii,753,757,4
8757,Mycolicibacterium_vanbaalenii,760,761,1
8758,Mycolicibacterium_vanbaalenii,762,768,6
8759,Mycolicibacterium_vanbaalenii,789,790,1
8760,Mycolicibacterium_vanbaalenii,839,840,1
8761,Mycolicibacterium_vanbaalenii,890,891,1
8762,Mycolicibacterium_vanbaalenii,896,900,4
8763,Mycolicibacterium_vanbaalenii,1010,1011,1
8764,Mycolicibacterium_vanbaalenii,1068,1069,1
8765,Mycolicibacterium_vanbaalenii,1168,1169,1
8766,Mycolicibacterium_vanbaalenii,1185,1186,1
8767,Mycolicibacterium_vanbaalenii,1190,1192,2
8768,Mycolicibacterium_vanbaalenii,1211,1212,1
8769,Mycolicibacterium_vanbaalenii,1237,1238,1
8770,Mycolicibacterium_vanbaalenii,1398,1399,1
8771,Mycolicibacterium_vanbaalenii,1430,1437,7
8772,Mycolicibacterium_vanbaalenii,1438,1439,1
8773,Mycolicibacterium_vanbaalenii,1445,1446,1
8774,Mycolicibacterium_vanbaalenii,1448,1463,15
8775,Mycolicibacterium_vanbaalenii,1491,1492,1
8776,Mycolicibacterium_vanbaalenii,1707,1708,1
8777,Mycolicibacterium_vanbaalenii,1748,1749,1
8778,Mycolicibacterium_vanbaalenii,1751,1752,1
8779,Mycolicibacterium_vanbaalenii,1756,1761,5
8780,Mycolicibacterium_vanbaalenii,1771,1775,4
8781,Mycolicibacterium_vanbaalenii,1776,1777,1
8782,Mycolicibacterium_vanbaalenii,1784,1785,1
8783,Mycolicibacterium_vanbaalenii,1789,1791,2
8784,Mycolicibacterium_vanbaalenii,1802,1803,1
8785,Mycolicibacterium_vanbaalenii,1918,1919,1
8786,Mycolicibacterium_vanbaalenii,1954,1955,1
8787,Mycolicibacterium_vanbaalenii,1993,1994,1
8788,Mycolicibacterium_vanbaalenii,2132,2133,1
8789,Mycolicibacterium_vanbaalenii,2136,2137,1
8790,Mycolicibacterium_vanbaalenii,2138,2139,1
8791,Mycolicibacterium_vanbaalenii,2143,2147,4
8792,Mycolicibacterium_vanbaalenii,2151,2152,1
8793,Mycolicibacterium_vanbaalenii,2162,2163,1
8794,Mycolicibacterium_vanbaalenii,2285,2294,9
8795,Mycolicibacterium_vanbaalenii,2296,2297,1
8796,Mycolicibacterium_vanbaalenii,2299,2300,1
8797,Mycolicibacterium_vanbaalenii,2302,2307,5
8798,Mycolicibacterium_vanbaalenii,2309,2315,6
8799,Mycolicibacterium_vanbaalenii,2316,2325,9
8800,Mycolicibacterium_vanbaalenii,2379,2380,1
8801,Mycolicibacterium_vanbaalenii,2664,2665,1
8802,Mycolicibacterium_vanbaalenii,2723,2850,127
8803,Mycolicibacterium_vanbaalenii,3376,3377,1
8804,Mycolicibacterium_vanbaalenii,3378,3379,1
8805,Mycolicibacterium_vanbaalenii,3433,3434,1
8806,Mycolicibacterium_duvalii,1,3,2
8807,Mycolicibacterium_duvalii,179,180,1
8808,Mycolicibacterium_duvalii,186,187,1
8809,Mycolicibacterium_duvalii,192,193,1
8810,Mycolicibacterium_duvalii,235,237,2
8811,Mycolicibacterium_duvalii,238,240,2
8812,Mycolicibacterium_duvalii,250,251,1
8813,Mycolicibacterium_duvalii,295,296,1
8814,Mycolicibacterium_duvalii,341,342,1
8815,Mycolicibacterium_duvalii,359,360,1
8816,Mycolicibacterium_duvalii,373,374,1
8817,Mycolicibacterium_duvalii,386,387,1
8818,Mycolicibacterium_duvalii,401,402,1
8819,Mycolicibacterium_duvalii,416,417,1
8820,Mycolicibacterium_duvalii,451,452,1
8821,Mycolicibacterium_duvalii,473,574,101
8822,Mycolicibacterium_duvalii,753,755,2
8823,Mycolicibacterium_duvalii,760,761,1
8824,Mycolicibacterium_duvalii,762,768,6
8825,Mycolicibacterium_duvalii,789,790,1
8826,Mycolicibacterium_duvalii,839,840,1
8827,Mycolicibacterium_duvalii,890,891,1
8828,Mycolicibacterium_duvalii,896,900,4
8829,Mycolicibacterium_duvalii,1010,1011,1
8830,Mycolicibacterium_duvalii,1068,1069,1
8831,Mycolicibacterium_duvalii,1168,1169,1
8832,Mycolicibacterium_duvalii,1185,1186,1
8833,Mycolicibacterium_duvalii,1190,1192,2
8834,Mycolicibacterium_duvalii,1211,1212,1
8835,Mycolicibacterium_duvalii,1237,1238,1
8836,Mycolicibacterium_duvalii,1398,1399,1
8837,Mycolicibacterium_duvalii,1430,1437,7
8838,Mycolicibacterium_duvalii,1438,1439,1
8839,Mycolicibacterium_duvalii,1445,1446,1
8840,Mycolicibacterium_duvalii,1449,1462,13
8841,Mycolicibacterium_duvalii,1491,1492,1
8842,Mycolicibacterium_duvalii,1707,1708,1
8843,Mycolicibacterium_duvalii,1748,1749,1
8844,Mycolicibacterium_duvalii,1751,1752,1
8845,Mycolicibacterium_duvalii,1756,1761,5
8846,Mycolicibacterium_duvalii,1772,1774,2
8847,Mycolicibacterium_duvalii,1776,1777,1
8848,Mycolicibacterium_duvalii,1784,1785,1
8849,Mycolicibacterium_duvalii,1789,1791,2
8850,Mycolicibacterium_duvalii,1802,1803,1
8851,Mycolicibacterium_duvalii,1918,1919,1
8852,Mycolicibacterium_duvalii,1954,1955,1
8853,Mycolicibacterium_duvalii,1993,1994,1
8854,Mycolicibacterium_duvalii,2132,2133,1
8855,Mycolicibacterium_duvalii,2136,2137,1
8856,Mycolicibacterium_duvalii,2138,2139,1
8857,Mycolicibacterium_duvalii,2143,2147,4
8858,Mycolicibacterium_duvalii,2151,2152,1
8859,Mycolicibacterium_duvalii,2162,2163,1
8860,Mycolicibacterium_duvalii,2200,2201,1
8861,Mycolicibacterium_duvalii,2285,2294,9
8862,Mycolicibacterium_duvalii,2296,2297,1
8863,Mycolicibacterium_duvalii,2299,2300,1
8864,Mycolicibacterium_duvalii,2302,2307,5
8865,Mycolicibacterium_duvalii,2309,2315,6
8866,Mycolicibacterium_duvalii,2316,2325,9
8867,Mycolicibacterium_duvalii,2344,2345,1
8868,Mycolicibacterium_duvalii,2379,2380,1
8869,Mycolicibacterium_duvalii,2664,2665,1
8870,Mycolicibacterium_duvalii,2723,2850,127
8871,Mycolicibacterium_duvalii,3376,3377,1
8872,Mycolicibacterium_duvalii,3378,3379,1
8873,Mycolicibacterium_duvalii,3433,3434,1
8874,Mycobacterium_shimoidei,1,3,2
8875,Mycobacterium_shimoidei,82,83,1
8876,Mycobacterium_shimoidei,186,187,1
8877,Mycobacterium_shimoidei,238,240,2
8878,Mycobacterium_shimoidei,250,251,1
8879,Mycobacterium_shimoidei,295,296,1
8880,Mycobacterium_shimoidei,341,342,1
8881,Mycobacterium_shimoidei,359,360,1
8882,Mycobacterium_shimoidei,373,379,6
8883,Mycobacterium_shimoidei,386,387,1
8884,Mycobacterium_shimoidei,401,402,1
8885,Mycobacterium_shimoidei,416,417,1
8886,Mycobacterium_shimoidei,451,452,1
8887,Mycobacterium_shimoidei,471,574,103
8888,Mycobacterium_shimoidei,753,755,2
8889,Mycobacterium_shimoidei,760,768,8
8890,Mycobacterium_shimoidei,789,790,1
8891,Mycobacterium_shimoidei,839,840,1
8892,Mycobacterium_shimoidei,884,886,2
8893,Mycobacterium_shimoidei,890,891,1
8894,Mycobacterium_shimoidei,896,900,4
8895,Mycobacterium_shimoidei,1010,1011,1
8896,Mycobacterium_shimoidei,1068,1069,1
8897,Mycobacterium_shimoidei,1168,1169,1
8898,Mycobacterium_shimoidei,1184,1186,2
8899,Mycobacterium_shimoidei,1190,1192,2
8900,Mycobacterium_shimoidei,1211,1212,1
8901,Mycobacterium_shimoidei,1237,1238,1
8902,Mycobacterium_shimoidei,1398,1399,1
8903,Mycobacterium_shimoidei,1430,1437,7
8904,Mycobacterium_shimoidei,1438,1439,1
8905,Mycobacterium_shimoidei,1440,1443,3
8906,Mycobacterium_shimoidei,1445,1446,1
8907,Mycobacterium_shimoidei,1449,1455,6
8908,Mycobacterium_shimoidei,1457,1458,1
8909,Mycobacterium_shimoidei,1491,1492,1
8910,Mycobacterium_shimoidei,1707,1708,1
8911,Mycobacterium_shimoidei,1748,1749,1
8912,Mycobacterium_shimoidei,1756,1761,5
8913,Mycobacterium_shimoidei,1773,1777,4
8914,Mycobacterium_shimoidei,1784,1785,1
8915,Mycobacterium_shimoidei,1789,1791,2
8916,Mycobacterium_shimoidei,1802,1803,1
8917,Mycobacterium_shimoidei,1917,1919,2
8918,Mycobacterium_shimoidei,1954,1955,1
8919,Mycobacterium_shimoidei,1993,1994,1
8920,Mycobacterium_shimoidei,2132,2133,1
8921,Mycobacterium_shimoidei,2138,2139,1
8922,Mycobacterium_shimoidei,2143,2147,4
8923,Mycobacterium_shimoidei,2151,2152,1
8924,Mycobacterium_shimoidei,2162,2163,1
8925,Mycobacterium_shimoidei,2285,2294,9
8926,Mycobacterium_shimoidei,2296,2297,1
8927,Mycobacterium_shimoidei,2299,2300,1
8928,Mycobacterium_shimoidei,2309,2315,6
8929,Mycobacterium_shimoidei,2316,2325,9
8930,Mycobacterium_shimoidei,2379,2380,1
8931,Mycobacterium_shimoidei,2664,2665,1
8932,Mycobacterium_shimoidei,2723,2850,127
8933,Mycobacterium_shimoidei,3378,3379,1
8934,Mycobacterium_shimoidei,3433,3434,1
8935,Mycolicibacterium_fluoranthenivorans,1,3,2
8936,Mycolicibacterium_fluoranthenivorans,82,83,1
8937,Mycolicibacterium_fluoranthenivorans,186,187,1
8938,Mycolicibacterium_fluoranthenivorans,235,237,2
8939,Mycolicibacterium_fluoranthenivorans,238,240,2
8940,Mycolicibacterium_fluoranthenivorans,250,251,1
8941,Mycolicibacterium_fluoranthenivorans,295,296,1
8942,Mycolicibacterium_fluoranthenivorans,341,342,1
8943,Mycolicibacterium_fluoranthenivorans,359,360,1
8944,Mycolicibacterium_fluoranthenivorans,373,374,1
8945,Mycolicibacterium_fluoranthenivorans,386,387,1
8946,Mycolicibacterium_fluoranthenivorans,416,417,1
8947,Mycolicibacterium_fluoranthenivorans,451,452,1
8948,Mycolicibacterium_fluoranthenivorans,471,574,103
8949,Mycolicibacterium_fluoranthenivorans,753,755,2
8950,Mycolicibacterium_fluoranthenivorans,760,768,8
8951,Mycolicibacterium_fluoranthenivorans,789,790,1
8952,Mycolicibacterium_fluoranthenivorans,839,840,1
8953,Mycolicibacterium_fluoranthenivorans,890,891,1
8954,Mycolicibacterium_fluoranthenivorans,896,900,4
8955,Mycolicibacterium_fluoranthenivorans,1010,1011,1
8956,Mycolicibacterium_fluoranthenivorans,1068,1069,1
8957,Mycolicibacterium_fluoranthenivorans,1168,1169,1
8958,Mycolicibacterium_fluoranthenivorans,1185,1186,1
8959,Mycolicibacterium_fluoranthenivorans,1190,1192,2
8960,Mycolicibacterium_fluoranthenivorans,1211,1212,1
8961,Mycolicibacterium_fluoranthenivorans,1237,1238,1
8962,Mycolicibacterium_fluoranthenivorans,1398,1399,1
8963,Mycolicibacterium_fluoranthenivorans,1430,1437,7
8964,Mycolicibacterium_fluoranthenivorans,1438,1439,1
8965,Mycolicibacterium_fluoranthenivorans,1445,1460,15
8966,Mycolicibacterium_fluoranthenivorans,1491,1492,1
8967,Mycolicibacterium_fluoranthenivorans,1707,1708,1
8968,Mycolicibacterium_fluoranthenivorans,1748,1749,1
8969,Mycolicibacterium_fluoranthenivorans,1751,1752,1
8970,Mycolicibacterium_fluoranthenivorans,1756,1761,5
8971,Mycolicibacterium_fluoranthenivorans,1771,1775,4
8972,Mycolicibacterium_fluoranthenivorans,1776,1777,1
8973,Mycolicibacterium_fluoranthenivorans,1784,1785,1
8974,Mycolicibacterium_fluoranthenivorans,1802,1803,1
8975,Mycolicibacterium_fluoranthenivorans,1918,1919,1
8976,Mycolicibacterium_fluoranthenivorans,1954,1955,1
8977,Mycolicibacterium_fluoranthenivorans,1993,1994,1
8978,Mycolicibacterium_fluoranthenivorans,2121,2122,1
8979,Mycolicibacterium_fluoranthenivorans,2132,2133,1
8980,Mycolicibacterium_fluoranthenivorans,2136,2137,1
8981,Mycolicibacterium_fluoranthenivorans,2138,2139,1
8982,Mycolicibacterium_fluoranthenivorans,2143,2147,4
8983,Mycolicibacterium_fluoranthenivorans,2151,2152,1
8984,Mycolicibacterium_fluoranthenivorans,2162,2163,1
8985,Mycolicibacterium_fluoranthenivorans,2285,2294,9
8986,Mycolicibacterium_fluoranthenivorans,2296,2297,1
8987,Mycolicibacterium_fluoranthenivorans,2299,2300,1
8988,Mycolicibacterium_fluoranthenivorans,2302,2307,5
8989,Mycolicibacterium_fluoranthenivorans,2309,2315,6
8990,Mycolicibacterium_fluoranthenivorans,2316,2325,9
8991,Mycolicibacterium_fluoranthenivorans,2379,2380,1
8992,Mycolicibacterium_fluoranthenivorans,2664,2665,1
8993,Mycolicibacterium_fluoranthenivorans,2723,2850,127
8994,Mycolicibacterium_fluoranthenivorans,3376,3377,1
8995,Mycolicibacterium_fluoranthenivorans,3378,3379,1
8996,Mycolicibacterium_fluoranthenivorans,3433,3434,1
8997,Mycolicibacterium_diernhoferi,1,3,2
8998,Mycolicibacterium_diernhoferi,82,83,1
8999,Mycolicibacterium_diernhoferi,186,187,1
9000,Mycolicibacterium_diernhoferi,235,237,2
9001,Mycolicibacterium_diernhoferi,238,240,2
9002,Mycolicibacterium_diernhoferi,250,251,1
9003,Mycolicibacterium_diernhoferi,295,296,1
9004,Mycolicibacterium_diernhoferi,341,342,1
9005,Mycolicibacterium_diernhoferi,359,360,1
9006,Mycolicibacterium_diernhoferi,373,374,1
9007,Mycolicibacterium_diernhoferi,386,387,1
9008,Mycolicibacterium_diernhoferi,416,417,1
9009,Mycolicibacterium_diernhoferi,451,452,1
9010,Mycolicibacterium_diernhoferi,471,574,103
9011,Mycolicibacterium_diernhoferi,753,755,2
9012,Mycolicibacterium_diernhoferi,760,768,8
9013,Mycolicibacterium_diernhoferi,789,790,1
9014,Mycolicibacterium_diernhoferi,839,840,1
9015,Mycolicibacterium_diernhoferi,890,891,1
9016,Mycolicibacterium_diernhoferi,896,900,4
9017,Mycolicibacterium_diernhoferi,1010,1011,1
9018,Mycolicibacterium_diernhoferi,1068,1069,1
9019,Mycolicibacterium_diernhoferi,1168,1169,1
9020,Mycolicibacterium_diernhoferi,1185,1186,1
9021,Mycolicibacterium_diernhoferi,1190,1192,2
9022,Mycolicibacterium_diernhoferi,1211,1212,1
9023,Mycolicibacterium_diernhoferi,1237,1238,1
9024,Mycolicibacterium_diernhoferi,1398,1399,1
9025,Mycolicibacterium_diernhoferi,1430,1437,7
9026,Mycolicibacterium_diernhoferi,1438,1439,1
9027,Mycolicibacterium_diernhoferi,1444,1456,12
9028,Mycolicibacterium_diernhoferi,1457,1458,1
9029,Mycolicibacterium_diernhoferi,1459,1460,1
9030,Mycolicibacterium_diernhoferi,1491,1492,1
9031,Mycolicibacterium_diernhoferi,1707,1708,1
9032,Mycolicibacterium_diernhoferi,1748,1749,1
9033,Mycolicibacterium_diernhoferi,1751,1752,1
9034,Mycolicibacterium_diernhoferi,1755,1762,7
9035,Mycolicibacterium_diernhoferi,1771,1775,4
9036,Mycolicibacterium_diernhoferi,1776,1777,1
9037,Mycolicibacterium_diernhoferi,1784,1785,1
9038,Mycolicibacterium_diernhoferi,1791,1792,1
9039,Mycolicibacterium_diernhoferi,1802,1803,1
9040,Mycolicibacterium_diernhoferi,1918,1919,1
9041,Mycolicibacterium_diernhoferi,1954,1955,1
9042,Mycolicibacterium_diernhoferi,1993,1994,1
9043,Mycolicibacterium_diernhoferi,2121,2122,1
9044,Mycolicibacterium_diernhoferi,2132,2133,1
9045,Mycolicibacterium_diernhoferi,2136,2137,1
9046,Mycolicibacterium_diernhoferi,2138,2139,1
9047,Mycolicibacterium_diernhoferi,2143,2147,4
9048,Mycolicibacterium_diernhoferi,2151,2152,1
9049,Mycolicibacterium_diernhoferi,2162,2163,1
9050,Mycolicibacterium_diernhoferi,2285,2294,9
9051,Mycolicibacterium_diernhoferi,2296,2297,1
9052,Mycolicibacterium_diernhoferi,2299,2300,1
9053,Mycolicibacterium_diernhoferi,2302,2307,5
9054,Mycolicibacterium_diernhoferi,2309,2315,6
9055,Mycolicibacterium_diernhoferi,2316,2325,9
9056,Mycolicibacterium_diernhoferi,2379,2380,1
9057,Mycolicibacterium_diernhoferi,2664,2665,1
9058,Mycolicibacterium_diernhoferi,2723,2850,127
9059,Mycolicibacterium_diernhoferi,3376,3377,1
9060,Mycolicibacterium_diernhoferi,3378,3379,1
9061,Mycolicibacterium_diernhoferi,3433,3434,1
9062,Mycolicibacterium_monacense,1,3,2
9063,Mycolicibacterium_monacense,82,83,1
9064,Mycolicibacterium_monacense,186,187,1
9065,Mycolicibacterium_monacense,235,237,2
9066,Mycolicibacterium_monacense,238,240,2
9067,Mycolicibacterium_monacense,250,251,1
9068,Mycolicibacterium_monacense,295,296,1
9069,Mycolicibacterium_monacense,359,360,1
9070,Mycolicibacterium_monacense,373,374,1
9071,Mycolicibacterium_monacense,386,387,1
9072,Mycolicibacterium_monacense,401,402,1
9073,Mycolicibacterium_monacense,416,417,1
9074,Mycolicibacterium_monacense,451,452,1
9075,Mycolicibacterium_monacense,470,574,104
9076,Mycolicibacterium_monacense,753,755,2
9077,Mycolicibacterium_monacense,760,768,8
9078,Mycolicibacterium_monacense,789,790,1
9079,Mycolicibacterium_monacense,839,840,1
9080,Mycolicibacterium_monacense,890,891,1
9081,Mycolicibacterium_monacense,896,900,4
9082,Mycolicibacterium_monacense,1010,1011,1
9083,Mycolicibacterium_monacense,1068,1069,1
9084,Mycolicibacterium_monacense,1168,1169,1
9085,Mycolicibacterium_monacense,1185,1186,1
9086,Mycolicibacterium_monacense,1190,1192,2
9087,Mycolicibacterium_monacense,1211,1212,1
9088,Mycolicibacterium_monacense,1237,1238,1
9089,Mycolicibacterium_monacense,1398,1399,1
9090,Mycolicibacterium_monacense,1430,1437,7
9091,Mycolicibacterium_monacense,1438,1439,1
9092,Mycolicibacterium_monacense,1443,1444,1
9093,Mycolicibacterium_monacense,1445,1446,1
9094,Mycolicibacterium_monacense,1449,1460,11
9095,Mycolicibacterium_monacense,1491,1492,1
9096,Mycolicibacterium_monacense,1707,1708,1
9097,Mycolicibacterium_monacense,1748,1749,1
9098,Mycolicibacterium_monacense,1751,1752,1
9099,Mycolicibacterium_monacense,1756,1761,5
9100,Mycolicibacterium_monacense,1771,1777,6
9101,Mycolicibacterium_monacense,1784,1785,1
9102,Mycolicibacterium_monacense,1789,1790,1
9103,Mycolicibacterium_monacense,1802,1803,1
9104,Mycolicibacterium_monacense,1918,1919,1
9105,Mycolicibacterium_monacense,1954,1955,1
9106,Mycolicibacterium_monacense,1993,1994,1
9107,Mycolicibacterium_monacense,2132,2133,1
9108,Mycolicibacterium_monacense,2136,2137,1
9109,Mycolicibacterium_monacense,2138,2139,1
9110,Mycolicibacterium_monacense,2150,2155,5
9111,Mycolicibacterium_monacense,2162,2163,1
9112,Mycolicibacterium_monacense,2285,2294,9
9113,Mycolicibacterium_monacense,2296,2297,1
9114,Mycolicibacterium_monacense,2299,2300,1
9115,Mycolicibacterium_monacense,2302,2307,5
9116,Mycolicibacterium_monacense,2309,2315,6
9117,Mycolicibacterium_monacense,2316,2325,9
9118,Mycolicibacterium_monacense,2379,2380,1
9119,Mycolicibacterium_monacense,2664,2665,1
9120,Mycolicibacterium_monacense,2723,2850,127
9121,Mycolicibacterium_monacense,3378,3379,1
9122,Mycolicibacterium_monacense,3433,3434,1
9123,Mycolicibacterium_psychrotolerans,1,3,2
9124,Mycolicibacterium_psychrotolerans,82,83,1
9125,Mycolicibacterium_psychrotolerans,186,187,1
9126,Mycolicibacterium_psychrotolerans,235,237,2
9127,Mycolicibacterium_psychrotolerans,238,240,2
9128,Mycolicibacterium_psychrotolerans,250,251,1
9129,Mycolicibacterium_psychrotolerans,295,296,1
9130,Mycolicibacterium_psychrotolerans,341,342,1
9131,Mycolicibacterium_psychrotolerans,359,360,1
9132,Mycolicibacterium_psychrotolerans,373,374,1
9133,Mycolicibacterium_psychrotolerans,386,387,1
9134,Mycolicibacterium_psychrotolerans,401,402,1
9135,Mycolicibacterium_psychrotolerans,416,417,1
9136,Mycolicibacterium_psychrotolerans,451,452,1
9137,Mycolicibacterium_psychrotolerans,473,574,101
9138,Mycolicibacterium_psychrotolerans,753,755,2
9139,Mycolicibacterium_psychrotolerans,760,768,8
9140,Mycolicibacterium_psychrotolerans,789,790,1
9141,Mycolicibacterium_psychrotolerans,839,840,1
9142,Mycolicibacterium_psychrotolerans,890,891,1
9143,Mycolicibacterium_psychrotolerans,896,900,4
9144,Mycolicibacterium_psychrotolerans,1010,1011,1
9145,Mycolicibacterium_psychrotolerans,1068,1070,2
9146,Mycolicibacterium_psychrotolerans,1168,1169,1
9147,Mycolicibacterium_psychrotolerans,1185,1186,1
9148,Mycolicibacterium_psychrotolerans,1190,1192,2
9149,Mycolicibacterium_psychrotolerans,1211,1212,1
9150,Mycolicibacterium_psychrotolerans,1237,1238,1
9151,Mycolicibacterium_psychrotolerans,1398,1399,1
9152,Mycolicibacterium_psychrotolerans,1424,1427,3
9153,Mycolicibacterium_psychrotolerans,1430,1437,7
9154,Mycolicibacterium_psychrotolerans,1438,1439,1
9155,Mycolicibacterium_psychrotolerans,1445,1446,1
9156,Mycolicibacterium_psychrotolerans,1449,1462,13
9157,Mycolicibacterium_psychrotolerans,1491,1492,1
9158,Mycolicibacterium_psychrotolerans,1707,1708,1
9159,Mycolicibacterium_psychrotolerans,1748,1749,1
9160,Mycolicibacterium_psychrotolerans,1751,1752,1
9161,Mycolicibacterium_psychrotolerans,1756,1761,5
9162,Mycolicibacterium_psychrotolerans,1772,1774,2
9163,Mycolicibacterium_psychrotolerans,1776,1777,1
9164,Mycolicibacterium_psychrotolerans,1784,1785,1
9165,Mycolicibacterium_psychrotolerans,1789,1791,2
9166,Mycolicibacterium_psychrotolerans,1802,1803,1
9167,Mycolicibacterium_psychrotolerans,1918,1919,1
9168,Mycolicibacterium_psychrotolerans,1954,1955,1
9169,Mycolicibacterium_psychrotolerans,1993,1994,1
9170,Mycolicibacterium_psychrotolerans,2132,2133,1
9171,Mycolicibacterium_psychrotolerans,2136,2137,1
9172,Mycolicibacterium_psychrotolerans,2138,2139,1
9173,Mycolicibacterium_psychrotolerans,2143,2147,4
9174,Mycolicibacterium_psychrotolerans,2151,2152,1
9175,Mycolicibacterium_psychrotolerans,2154,2155,1
9176,Mycolicibacterium_psychrotolerans,2162,2163,1
9177,Mycolicibacterium_psychrotolerans,2285,2294,9
9178,Mycolicibacterium_psychrotolerans,2296,2297,1
9179,Mycolicibacterium_psychrotolerans,2299,2300,1
9180,Mycolicibacterium_psychrotolerans,2303,2306,3
9181,Mycolicibacterium_psychrotolerans,2309,2315,6
9182,Mycolicibacterium_psychrotolerans,2316,2325,9
9183,Mycolicibacterium_psychrotolerans,2379,2380,1
9184,Mycolicibacterium_psychrotolerans,2664,2665,1
9185,Mycolicibacterium_psychrotolerans,2723,2850,127
9186,Mycolicibacterium_psychrotolerans,3289,3290,1
9187,Mycolicibacterium_psychrotolerans,3378,3379,1
9188,Mycolicibacterium_psychrotolerans,3433,3434,1
9189,Mycolicibacterium_houstonense,1,3,2
9190,Mycolicibacterium_houstonense,82,83,1
9191,Mycolicibacterium_houstonense,186,187,1
9192,Mycolicibacterium_houstonense,235,237,2
9193,Mycolicibacterium_houstonense,238,239,1
9194,Mycolicibacterium_houstonense,250,251,1
9195,Mycolicibacterium_houstonense,295,296,1
9196,Mycolicibacterium_houstonense,341,342,1
9197,Mycolicibacterium_houstonense,359,360,1
9198,Mycolicibacterium_houstonense,373,374,1
9199,Mycolicibacterium_houstonense,401,402,1
9200,Mycolicibacterium_houstonense,416,417,1
9201,Mycolicibacterium_houstonense,451,452,1
9202,Mycolicibacterium_houstonense,472,574,102
9203,Mycolicibacterium_houstonense,754,755,1
9204,Mycolicibacterium_houstonense,760,768,8
9205,Mycolicibacterium_houstonense,789,790,1
9206,Mycolicibacterium_houstonense,839,840,1
9207,Mycolicibacterium_houstonense,890,891,1
9208,Mycolicibacterium_houstonense,896,900,4
9209,Mycolicibacterium_houstonense,1010,1011,1
9210,Mycolicibacterium_houstonense,1068,1069,1
9211,Mycolicibacterium_houstonense,1168,1169,1
9212,Mycolicibacterium_houstonense,1185,1186,1
9213,Mycolicibacterium_houstonense,1211,1212,1
9214,Mycolicibacterium_houstonense,1237,1238,1
9215,Mycolicibacterium_houstonense,1398,1399,1
9216,Mycolicibacterium_houstonense,1430,1437,7
9217,Mycolicibacterium_houstonense,1438,1439,1
9218,Mycolicibacterium_houstonense,1441,1442,1
9219,Mycolicibacterium_houstonense,1445,1446,1
9220,Mycolicibacterium_houstonense,1449,1466,17
9221,Mycolicibacterium_houstonense,1491,1492,1
9222,Mycolicibacterium_houstonense,1707,1708,1
9223,Mycolicibacterium_houstonense,1748,1749,1
9224,Mycolicibacterium_houstonense,1751,1752,1
9225,Mycolicibacterium_houstonense,1756,1761,5
9226,Mycolicibacterium_houstonense,1771,1775,4
9227,Mycolicibacterium_houstonense,1776,1777,1
9228,Mycolicibacterium_houstonense,1784,1785,1
9229,Mycolicibacterium_houstonense,1789,1790,1
9230,Mycolicibacterium_houstonense,1802,1803,1
9231,Mycolicibacterium_houstonense,1918,1919,1
9232,Mycolicibacterium_houstonense,1954,1955,1
9233,Mycolicibacterium_houstonense,1993,1994,1
9234,Mycolicibacterium_houstonense,2132,2133,1
9235,Mycolicibacterium_houstonense,2136,2137,1
9236,Mycolicibacterium_houstonense,2138,2139,1
9237,Mycolicibacterium_houstonense,2143,2147,4
9238,Mycolicibacterium_houstonense,2151,2152,1
9239,Mycolicibacterium_houstonense,2162,2163,1
9240,Mycolicibacterium_houstonense,2285,2297,12
9241,Mycolicibacterium_houstonense,2299,2300,1
9242,Mycolicibacterium_houstonense,2303,2306,3
9243,Mycolicibacterium_houstonense,2309,2315,6
9244,Mycolicibacterium_houstonense,2316,2325,9
9245,Mycolicibacterium_houstonense,2379,2380,1
9246,Mycolicibacterium_houstonense,2664,2665,1
9247,Mycolicibacterium_houstonense,2723,2850,127
9248,Mycolicibacterium_houstonense,3376,3377,1
9249,Mycolicibacterium_houstonense,3378,3379,1
9250,Mycolicibacterium_houstonense,3433,3434,1
9251,Mycolicibacterium_pyrenivorans,82,83,1
9252,Mycolicibacterium_pyrenivorans,186,187,1
9253,Mycolicibacterium_pyrenivorans,235,237,2
9254,Mycolicibacterium_pyrenivorans,238,240,2
9255,Mycolicibacterium_pyrenivorans,250,251,1
9256,Mycolicibacterium_pyrenivorans,295,296,1
9257,Mycolicibacterium_pyrenivorans,341,342,1
9258,Mycolicibacterium_pyrenivorans,359,360,1
9259,Mycolicibacterium_pyrenivorans,373,374,1
9260,Mycolicibacterium_pyrenivorans,386,387,1
9261,Mycolicibacterium_pyrenivorans,401,402,1
9262,Mycolicibacterium_pyrenivorans,416,417,1
9263,Mycolicibacterium_pyrenivorans,451,452,1
9264,Mycolicibacterium_pyrenivorans,473,574,101
9265,Mycolicibacterium_pyrenivorans,754,755,1
9266,Mycolicibacterium_pyrenivorans,760,761,1
9267,Mycolicibacterium_pyrenivorans,762,768,6
9268,Mycolicibacterium_pyrenivorans,789,790,1
9269,Mycolicibacterium_pyrenivorans,839,840,1
9270,Mycolicibacterium_pyrenivorans,890,891,1
9271,Mycolicibacterium_pyrenivorans,896,900,4
9272,Mycolicibacterium_pyrenivorans,1010,1011,1
9273,Mycolicibacterium_pyrenivorans,1068,1069,1
9274,Mycolicibacterium_pyrenivorans,1168,1169,1
9275,Mycolicibacterium_pyrenivorans,1185,1186,1
9276,Mycolicibacterium_pyrenivorans,1190,1192,2
9277,Mycolicibacterium_pyrenivorans,1211,1212,1
9278,Mycolicibacterium_pyrenivorans,1237,1238,1
9279,Mycolicibacterium_pyrenivorans,1398,1399,1
9280,Mycolicibacterium_pyrenivorans,1430,1437,7
9281,Mycolicibacterium_pyrenivorans,1438,1439,1
9282,Mycolicibacterium_pyrenivorans,1445,1446,1
9283,Mycolicibacterium_pyrenivorans,1448,1463,15
9284,Mycolicibacterium_pyrenivorans,1491,1492,1
9285,Mycolicibacterium_pyrenivorans,1707,1708,1
9286,Mycolicibacterium_pyrenivorans,1748,1749,1
9287,Mycolicibacterium_pyrenivorans,1751,1752,1
9288,Mycolicibacterium_pyrenivorans,1756,1761,5
9289,Mycolicibacterium_pyrenivorans,1771,1775,4
9290,Mycolicibacterium_pyrenivorans,1776,1777,1
9291,Mycolicibacterium_pyrenivorans,1784,1785,1
9292,Mycolicibacterium_pyrenivorans,1802,1803,1
9293,Mycolicibacterium_pyrenivorans,1954,1955,1
9294,Mycolicibacterium_pyrenivorans,1993,1994,1
9295,Mycolicibacterium_pyrenivorans,2132,2133,1
9296,Mycolicibacterium_pyrenivorans,2136,2137,1
9297,Mycolicibacterium_pyrenivorans,2138,2139,1
9298,Mycolicibacterium_pyrenivorans,2143,2147,4
9299,Mycolicibacterium_pyrenivorans,2151,2152,1
9300,Mycolicibacterium_pyrenivorans,2162,2163,1
9301,Mycolicibacterium_pyrenivorans,2285,2294,9
9302,Mycolicibacterium_pyrenivorans,2296,2297,1
9303,Mycolicibacterium_pyrenivorans,2299,2300,1
9304,Mycolicibacterium_pyrenivorans,2303,2306,3
9305,Mycolicibacterium_pyrenivorans,2309,2315,6
9306,Mycolicibacterium_pyrenivorans,2316,2325,9
9307,Mycolicibacterium_pyrenivorans,2379,2380,1
9308,Mycolicibacterium_pyrenivorans,2664,2665,1
9309,Mycolicibacterium_pyrenivorans,2723,2850,127
9310,Mycolicibacterium_pyrenivorans,3376,3377,1
9311,Mycolicibacterium_pyrenivorans,3378,3379,1
9312,Mycolicibacterium_pyrenivorans,3433,3434,1
9313,Mycolicibacterium_rufum,1,3,2
9314,Mycolicibacterium_rufum,82,83,1
9315,Mycolicibacterium_rufum,186,187,1
9316,Mycolicibacterium_rufum,235,237,2
9317,Mycolicibacterium_rufum,238,240,2
9318,Mycolicibacterium_rufum,250,251,1
9319,Mycolicibacterium_rufum,295,296,1
9320,Mycolicibacterium_rufum,341,342,1
9321,Mycolicibacterium_rufum,359,360,1
9322,Mycolicibacterium_rufum,373,374,1
9323,Mycolicibacterium_rufum,386,387,1
9324,Mycolicibacterium_rufum,401,402,1
9325,Mycolicibacterium_rufum,416,417,1
9326,Mycolicibacterium_rufum,451,452,1
9327,Mycolicibacterium_rufum,473,574,101
9328,Mycolicibacterium_rufum,753,756,3
9329,Mycolicibacterium_rufum,760,761,1
9330,Mycolicibacterium_rufum,762,768,6
9331,Mycolicibacterium_rufum,789,790,1
9332,Mycolicibacterium_rufum,839,840,1
9333,Mycolicibacterium_rufum,890,891,1
9334,Mycolicibacterium_rufum,896,900,4
9335,Mycolicibacterium_rufum,1010,1011,1
9336,Mycolicibacterium_rufum,1068,1069,1
9337,Mycolicibacterium_rufum,1168,1169,1
9338,Mycolicibacterium_rufum,1185,1186,1
9339,Mycolicibacterium_rufum,1190,1192,2
9340,Mycolicibacterium_rufum,1211,1212,1
9341,Mycolicibacterium_rufum,1237,1238,1
9342,Mycolicibacterium_rufum,1398,1399,1
9343,Mycolicibacterium_rufum,1430,1437,7
9344,Mycolicibacterium_rufum,1438,1439,1
9345,Mycolicibacterium_rufum,1445,1446,1
9346,Mycolicibacterium_rufum,1448,1463,15
9347,Mycolicibacterium_rufum,1491,1492,1
9348,Mycolicibacterium_rufum,1707,1708,1
9349,Mycolicibacterium_rufum,1748,1749,1
9350,Mycolicibacterium_rufum,1751,1752,1
9351,Mycolicibacterium_rufum,1756,1761,5
9352,Mycolicibacterium_rufum,1771,1775,4
9353,Mycolicibacterium_rufum,1776,1777,1
9354,Mycolicibacterium_rufum,1784,1785,1
9355,Mycolicibacterium_rufum,1789,1791,2
9356,Mycolicibacterium_rufum,1802,1803,1
9357,Mycolicibacterium_rufum,1918,1919,1
9358,Mycolicibacterium_rufum,1954,1955,1
9359,Mycolicibacterium_rufum,1993,1994,1
9360,Mycolicibacterium_rufum,2132,2133,1
9361,Mycolicibacterium_rufum,2136,2137,1
9362,Mycolicibacterium_rufum,2138,2139,1
9363,Mycolicibacterium_rufum,2143,2147,4
9364,Mycolicibacterium_rufum,2151,2152,1
9365,Mycolicibacterium_rufum,2154,2155,1
9366,Mycolicibacterium_rufum,2162,2163,1
9367,Mycolicibacterium_rufum,2285,2294,9
9368,Mycolicibacterium_rufum,2296,2297,1
9369,Mycolicibacterium_rufum,2299,2300,1
9370,Mycolicibacterium_rufum,2303,2307,4
9371,Mycolicibacterium_rufum,2309,2315,6
9372,Mycolicibacterium_rufum,2316,2325,9
9373,Mycolicibacterium_rufum,2379,2380,1
9374,Mycolicibacterium_rufum,2664,2665,1
9375,Mycolicibacterium_rufum,2723,2850,127
9376,Mycolicibacterium_rufum,3378,3379,1
9377,Mycolicibacterium_rufum,3433,3434,1
9378,Mycolicibacterium_brumae,1,3,2
9379,Mycolicibacterium_brumae,82,83,1
9380,Mycolicibacterium_brumae,235,237,2
9381,Mycolicibacterium_brumae,238,240,2
9382,Mycolicibacterium_brumae,250,251,1
9383,Mycolicibacterium_brumae,295,296,1
9384,Mycolicibacterium_brumae,341,342,1
9385,Mycolicibacterium_brumae,359,360,1
9386,Mycolicibacterium_brumae,373,374,1
9387,Mycolicibacterium_brumae,386,387,1
9388,Mycolicibacterium_brumae,401,402,1
9389,Mycolicibacterium_brumae,416,417,1
9390,Mycolicibacterium_brumae,451,452,1
9391,Mycolicibacterium_brumae,470,574,104
9392,Mycolicibacterium_brumae,753,755,2
9393,Mycolicibacterium_brumae,760,761,1
9394,Mycolicibacterium_brumae,762,768,6
9395,Mycolicibacterium_brumae,789,790,1
9396,Mycolicibacterium_brumae,839,840,1
9397,Mycolicibacterium_brumae,886,893,7
9398,Mycolicibacterium_brumae,896,900,4
9399,Mycolicibacterium_brumae,1010,1011,1
9400,Mycolicibacterium_brumae,1068,1069,1
9401,Mycolicibacterium_brumae,1168,1169,1
9402,Mycolicibacterium_brumae,1185,1186,1
9403,Mycolicibacterium_brumae,1190,1192,2
9404,Mycolicibacterium_brumae,1211,1212,1
9405,Mycolicibacterium_brumae,1237,1238,1
9406,Mycolicibacterium_brumae,1398,1399,1
9407,Mycolicibacterium_brumae,1431,1436,5
9408,Mycolicibacterium_brumae,1438,1439,1
9409,Mycolicibacterium_brumae,1445,1464,19
9410,Mycolicibacterium_brumae,1491,1492,1
9411,Mycolicibacterium_brumae,1707,1708,1
9412,Mycolicibacterium_brumae,1748,1749,1
9413,Mycolicibacterium_brumae,1751,1752,1
9414,Mycolicibacterium_brumae,1756,1761,5
9415,Mycolicibacterium_brumae,1772,1775,3
9416,Mycolicibacterium_brumae,1776,1777,1
9417,Mycolicibacterium_brumae,1784,1785,1
9418,Mycolicibacterium_brumae,1789,1791,2
9419,Mycolicibacterium_brumae,1802,1803,1
9420,Mycolicibacterium_brumae,1918,1920,2
9421,Mycolicibacterium_brumae,1954,1955,1
9422,Mycolicibacterium_brumae,1993,1994,1
9423,Mycolicibacterium_brumae,2132,2133,1
9424,Mycolicibacterium_brumae,2136,2137,1
9425,Mycolicibacterium_brumae,2138,2139,1
9426,Mycolicibacterium_brumae,2143,2147,4
9427,Mycolicibacterium_brumae,2151,2152,1
9428,Mycolicibacterium_brumae,2162,2163,1
9429,Mycolicibacterium_brumae,2285,2297,12
9430,Mycolicibacterium_brumae,2309,2315,6
9431,Mycolicibacterium_brumae,2316,2325,9
9432,Mycolicibacterium_brumae,2379,2380,1
9433,Mycolicibacterium_brumae,2664,2665,1
9434,Mycolicibacterium_brumae,2723,2850,127
9435,Mycolicibacterium_brumae,3376,3377,1
9436,Mycolicibacterium_brumae,3378,3379,1
9437,Mycolicibacterium_brumae,3433,3434,1
9438,Mycolicibacterium_aichiense,1,3,2
9439,Mycolicibacterium_aichiense,82,83,1
9440,Mycolicibacterium_aichiense,186,187,1
9441,Mycolicibacterium_aichiense,235,237,2
9442,Mycolicibacterium_aichiense,238,240,2
9443,Mycolicibacterium_aichiense,250,251,1
9444,Mycolicibacterium_aichiense,295,296,1
9445,Mycolicibacterium_aichiense,341,342,1
9446,Mycolicibacterium_aichiense,359,360,1
9447,Mycolicibacterium_aichiense,373,374,1
9448,Mycolicibacterium_aichiense,386,387,1
9449,Mycolicibacterium_aichiense,401,402,1
9450,Mycolicibacterium_aichiense,416,417,1
9451,Mycolicibacterium_aichiense,451,452,1
9452,Mycolicibacterium_aichiense,471,574,103
9453,Mycolicibacterium_aichiense,753,757,4
9454,Mycolicibacterium_aichiense,760,761,1
9455,Mycolicibacterium_aichiense,762,768,6
9456,Mycolicibacterium_aichiense,789,790,1
9457,Mycolicibacterium_aichiense,839,840,1
9458,Mycolicibacterium_aichiense,890,891,1
9459,Mycolicibacterium_aichiense,896,900,4
9460,Mycolicibacterium_aichiense,1010,1011,1
9461,Mycolicibacterium_aichiense,1068,1069,1
9462,Mycolicibacterium_aichiense,1168,1170,2
9463,Mycolicibacterium_aichiense,1185,1186,1
9464,Mycolicibacterium_aichiense,1190,1192,2
9465,Mycolicibacterium_aichiense,1211,1212,1
9466,Mycolicibacterium_aichiense,1237,1238,1
9467,Mycolicibacterium_aichiense,1340,1341,1
9468,Mycolicibacterium_aichiense,1398,1399,1
9469,Mycolicibacterium_aichiense,1430,1437,7
9470,Mycolicibacterium_aichiense,1438,1439,1
9471,Mycolicibacterium_aichiense,1445,1446,1
9472,Mycolicibacterium_aichiense,1448,1462,14
9473,Mycolicibacterium_aichiense,1465,1466,1
9474,Mycolicibacterium_aichiense,1707,1708,1
9475,Mycolicibacterium_aichiense,1748,1749,1
9476,Mycolicibacterium_aichiense,1751,1752,1
9477,Mycolicibacterium_aichiense,1756,1761,5
9478,Mycolicibacterium_aichiense,1771,1775,4
9479,Mycolicibacterium_aichiense,1776,1777,1
9480,Mycolicibacterium_aichiense,1784,1785,1
9481,Mycolicibacterium_aichiense,1789,1791,2
9482,Mycolicibacterium_aichiense,1802,1803,1
9483,Mycolicibacterium_aichiense,1918,1919,1
9484,Mycolicibacterium_aichiense,1954,1955,1
9485,Mycolicibacterium_aichiense,1993,1994,1
9486,Mycolicibacterium_aichiense,2121,2122,1
9487,Mycolicibacterium_aichiense,2132,2133,1
9488,Mycolicibacterium_aichiense,2136,2137,1
9489,Mycolicibacterium_aichiense,2138,2139,1
9490,Mycolicibacterium_aichiense,2143,2147,4
9491,Mycolicibacterium_aichiense,2151,2152,1
9492,Mycolicibacterium_aichiense,2162,2163,1
9493,Mycolicibacterium_aichiense,2285,2294,9
9494,Mycolicibacterium_aichiense,2296,2297,1
9495,Mycolicibacterium_aichiense,2299,2300,1
9496,Mycolicibacterium_aichiense,2303,2308,5
9497,Mycolicibacterium_aichiense,2309,2315,6
9498,Mycolicibacterium_aichiense,2316,2325,9
9499,Mycolicibacterium_aichiense,2379,2380,1
9500,Mycolicibacterium_aichiense,2664,2665,1
9501,Mycolicibacterium_aichiense,2723,2850,127
9502,Mycolicibacterium_aichiense,3376,3377,1
9503,Mycolicibacterium_aichiense,3378,3379,1
9504,Mycolicibacterium_aichiense,3433,3434,1
9505,Mycolicibacterium_elephantis,1,3,2
9506,Mycolicibacterium_elephantis,82,83,1
9507,Mycolicibacterium_elephantis,186,187,1
9508,Mycolicibacterium_elephantis,235,237,2
9509,Mycolicibacterium_elephantis,238,240,2
9510,Mycolicibacterium_elephantis,250,251,1
9511,Mycolicibacterium_elephantis,295,296,1
9512,Mycolicibacterium_elephantis,359,360,1
9513,Mycolicibacterium_elephantis,373,374,1
9514,Mycolicibacterium_elephantis,386,387,1
9515,Mycolicibacterium_elephantis,401,402,1
9516,Mycolicibacterium_elephantis,416,417,1
9517,Mycolicibacterium_elephantis,451,452,1
9518,Mycolicibacterium_elephantis,473,574,101
9519,Mycolicibacterium_elephantis,753,755,2
9520,Mycolicibacterium_elephantis,759,771,12
9521,Mycolicibacterium_elephantis,789,790,1
9522,Mycolicibacterium_elephantis,839,840,1
9523,Mycolicibacterium_elephantis,890,891,1
9524,Mycolicibacterium_elephantis,896,900,4
9525,Mycolicibacterium_elephantis,1010,1011,1
9526,Mycolicibacterium_elephantis,1068,1069,1
9527,Mycolicibacterium_elephantis,1168,1169,1
9528,Mycolicibacterium_elephantis,1185,1186,1
9529,Mycolicibacterium_elephantis,1191,1192,1
9530,Mycolicibacterium_elephantis,1211,1212,1
9531,Mycolicibacterium_elephantis,1237,1238,1
9532,Mycolicibacterium_elephantis,1398,1399,1
9533,Mycolicibacterium_elephantis,1430,1437,7
9534,Mycolicibacterium_elephantis,1438,1439,1
9535,Mycolicibacterium_elephantis,1445,1446,1
9536,Mycolicibacterium_elephantis,1455,1459,4
9537,Mycolicibacterium_elephantis,1491,1492,1
9538,Mycolicibacterium_elephantis,1707,1708,1
9539,Mycolicibacterium_elephantis,1748,1749,1
9540,Mycolicibacterium_elephantis,1756,1761,5
9541,Mycolicibacterium_elephantis,1776,1777,1
9542,Mycolicibacterium_elephantis,1784,1790,6
9543,Mycolicibacterium_elephantis,1802,1803,1
9544,Mycolicibacterium_elephantis,1918,1920,2
9545,Mycolicibacterium_elephantis,1954,1955,1
9546,Mycolicibacterium_elephantis,1993,1994,1
9547,Mycolicibacterium_elephantis,2132,2133,1
9548,Mycolicibacterium_elephantis,2136,2137,1
9549,Mycolicibacterium_elephantis,2138,2139,1
9550,Mycolicibacterium_elephantis,2143,2147,4
9551,Mycolicibacterium_elephantis,2151,2152,1
9552,Mycolicibacterium_elephantis,2154,2155,1
9553,Mycolicibacterium_elephantis,2162,2163,1
9554,Mycolicibacterium_elephantis,2285,2294,9
9555,Mycolicibacterium_elephantis,2296,2297,1
9556,Mycolicibacterium_elephantis,2299,2300,1
9557,Mycolicibacterium_elephantis,2304,2305,1
9558,Mycolicibacterium_elephantis,2309,2315,6
9559,Mycolicibacterium_elephantis,2316,2325,9
9560,Mycolicibacterium_elephantis,2379,2380,1
9561,Mycolicibacterium_elephantis,2664,2665,1
9562,Mycolicibacterium_elephantis,2723,2850,127
9563,Mycolicibacterium_elephantis,3376,3377,1
9564,Mycolicibacterium_elephantis,3378,3379,1
9565,Mycolicibacterium_elephantis,3433,3434,1
9566,Mycolicibacterium_phocaicum,1,3,2
9567,Mycolicibacterium_phocaicum,82,83,1
9568,Mycolicibacterium_phocaicum,186,187,1
9569,Mycolicibacterium_phocaicum,235,237,2
9570,Mycolicibacterium_phocaicum,238,240,2
9571,Mycolicibacterium_phocaicum,250,251,1
9572,Mycolicibacterium_phocaicum,277,278,1
9573,Mycolicibacterium_phocaicum,295,296,1
9574,Mycolicibacterium_phocaicum,341,342,1
9575,Mycolicibacterium_phocaicum,359,360,1
9576,Mycolicibacterium_phocaicum,373,374,1
9577,Mycolicibacterium_phocaicum,401,402,1
9578,Mycolicibacterium_phocaicum,416,417,1
9579,Mycolicibacterium_phocaicum,451,452,1
9580,Mycolicibacterium_phocaicum,471,574,103
9581,Mycolicibacterium_phocaicum,753,757,4
9582,Mycolicibacterium_phocaicum,760,768,8
9583,Mycolicibacterium_phocaicum,770,771,1
9584,Mycolicibacterium_phocaicum,789,790,1
9585,Mycolicibacterium_phocaicum,839,840,1
9586,Mycolicibacterium_phocaicum,890,891,1
9587,Mycolicibacterium_phocaicum,892,902,10
9588,Mycolicibacterium_phocaicum,1010,1011,1
9589,Mycolicibacterium_phocaicum,1068,1069,1
9590,Mycolicibacterium_phocaicum,1168,1169,1
9591,Mycolicibacterium_phocaicum,1185,1186,1
9592,Mycolicibacterium_phocaicum,1191,1192,1
9593,Mycolicibacterium_phocaicum,1211,1212,1
9594,Mycolicibacterium_phocaicum,1237,1238,1
9595,Mycolicibacterium_phocaicum,1398,1399,1
9596,Mycolicibacterium_phocaicum,1430,1459,29
9597,Mycolicibacterium_phocaicum,1491,1492,1
9598,Mycolicibacterium_phocaicum,1707,1708,1
9599,Mycolicibacterium_phocaicum,1748,1749,1
9600,Mycolicibacterium_phocaicum,1750,1752,2
9601,Mycolicibacterium_phocaicum,1756,1761,5
9602,Mycolicibacterium_phocaicum,1771,1775,4
9603,Mycolicibacterium_phocaicum,1776,1777,1
9604,Mycolicibacterium_phocaicum,1784,1785,1
9605,Mycolicibacterium_phocaicum,1789,1791,2
9606,Mycolicibacterium_phocaicum,1802,1803,1
9607,Mycolicibacterium_phocaicum,1918,1919,1
9608,Mycolicibacterium_phocaicum,1954,1955,1
9609,Mycolicibacterium_phocaicum,1993,1994,1
9610,Mycolicibacterium_phocaicum,2132,2133,1
9611,Mycolicibacterium_phocaicum,2136,2137,1
9612,Mycolicibacterium_phocaicum,2138,2139,1
9613,Mycolicibacterium_phocaicum,2143,2147,4
9614,Mycolicibacterium_phocaicum,2151,2152,1
9615,Mycolicibacterium_phocaicum,2154,2155,1
9616,Mycolicibacterium_phocaicum,2162,2163,1
9617,Mycolicibacterium_phocaicum,2285,2294,9
9618,Mycolicibacterium_phocaicum,2296,2297,1
9619,Mycolicibacterium_phocaicum,2299,2300,1
9620,Mycolicibacterium_phocaicum,2303,2306,3
9621,Mycolicibacterium_phocaicum,2309,2315,6
9622,Mycolicibacterium_phocaicum,2316,2325,9
9623,Mycolicibacterium_phocaicum,2379,2380,1
9624,Mycolicibacterium_phocaicum,2664,2665,1
9625,Mycolicibacterium_phocaicum,2723,2850,127
9626,Mycolicibacterium_phocaicum,3376,3377,1
9627,Mycolicibacterium_phocaicum,3378,3379,1
9628,Mycolicibacterium_phocaicum,3433,3434,1
9629,Mycolicibacterium_aurum,1,3,2
9630,Mycolicibacterium_aurum,82,83,1
9631,Mycolicibacterium_aurum,186,187,1
9632,Mycolicibacterium_aurum,235,237,2
9633,Mycolicibacterium_aurum,238,240,2
9634,Mycolicibacterium_aurum,250,251,1
9635,Mycolicibacterium_aurum,295,296,1
9636,Mycolicibacterium_aurum,341,342,1
9637,Mycolicibacterium_aurum,359,360,1
9638,Mycolicibacterium_aurum,373,374,1
9639,Mycolicibacterium_aurum,386,387,1
9640,Mycolicibacterium_aurum,401,402,1
9641,Mycolicibacterium_aurum,416,417,1
9642,Mycolicibacterium_aurum,451,452,1
9643,Mycolicibacterium_aurum,470,574,104
9644,Mycolicibacterium_aurum,753,757,4
9645,Mycolicibacterium_aurum,760,761,1
9646,Mycolicibacterium_aurum,762,768,6
9647,Mycolicibacterium_aurum,789,790,1
9648,Mycolicibacterium_aurum,839,840,1
9649,Mycolicibacterium_aurum,890,891,1
9650,Mycolicibacterium_aurum,896,900,4
9651,Mycolicibacterium_aurum,1010,1011,1
9652,Mycolicibacterium_aurum,1068,1069,1
9653,Mycolicibacterium_aurum,1168,1169,1
9654,Mycolicibacterium_aurum,1185,1186,1
9655,Mycolicibacterium_aurum,1190,1192,2
9656,Mycolicibacterium_aurum,1211,1212,1
9657,Mycolicibacterium_aurum,1237,1238,1
9658,Mycolicibacterium_aurum,1398,1399,1
9659,Mycolicibacterium_aurum,1430,1437,7
9660,Mycolicibacterium_aurum,1438,1439,1
9661,Mycolicibacterium_aurum,1445,1446,1
9662,Mycolicibacterium_aurum,1448,1463,15
9663,Mycolicibacterium_aurum,1491,1492,1
9664,Mycolicibacterium_aurum,1707,1708,1
9665,Mycolicibacterium_aurum,1748,1749,1
9666,Mycolicibacterium_aurum,1751,1752,1
9667,Mycolicibacterium_aurum,1756,1761,5
9668,Mycolicibacterium_aurum,1771,1775,4
9669,Mycolicibacterium_aurum,1776,1777,1
9670,Mycolicibacterium_aurum,1784,1785,1
9671,Mycolicibacterium_aurum,1789,1791,2
9672,Mycolicibacterium_aurum,1802,1803,1
9673,Mycolicibacterium_aurum,1918,1920,2
9674,Mycolicibacterium_aurum,1954,1955,1
9675,Mycolicibacterium_aurum,1993,1994,1
9676,Mycolicibacterium_aurum,2132,2133,1
9677,Mycolicibacterium_aurum,2136,2137,1
9678,Mycolicibacterium_aurum,2138,2139,1
9679,Mycolicibacterium_aurum,2143,2147,4
9680,Mycolicibacterium_aurum,2151,2152,1
9681,Mycolicibacterium_aurum,2162,2163,1
9682,Mycolicibacterium_aurum,2285,2294,9
9683,Mycolicibacterium_aurum,2296,2297,1
9684,Mycolicibacterium_aurum,2299,2300,1
9685,Mycolicibacterium_aurum,2302,2307,5
9686,Mycolicibacterium_aurum,2309,2315,6
9687,Mycolicibacterium_aurum,2316,2325,9
9688,Mycolicibacterium_aurum,2379,2380,1
9689,Mycolicibacterium_aurum,2664,2665,1
9690,Mycolicibacterium_aurum,2723,2850,127
9691,Mycolicibacterium_aurum,3376,3377,1
9692,Mycolicibacterium_aurum,3378,3379,1
9693,Mycolicibacterium_aurum,3433,3434,1
9694,Mycolicibacterium_holsaticum,1,3,2
9695,Mycolicibacterium_holsaticum,82,83,1
9696,Mycolicibacterium_holsaticum,186,187,1
9697,Mycolicibacterium_holsaticum,236,237,1
9698,Mycolicibacterium_holsaticum,238,240,2
9699,Mycolicibacterium_holsaticum,250,251,1
9700,Mycolicibacterium_holsaticum,295,296,1
9701,Mycolicibacterium_holsaticum,341,342,1
9702,Mycolicibacterium_holsaticum,359,360,1
9703,Mycolicibacterium_holsaticum,373,374,1
9704,Mycolicibacterium_holsaticum,386,387,1
9705,Mycolicibacterium_holsaticum,401,402,1
9706,Mycolicibacterium_holsaticum,416,417,1
9707,Mycolicibacterium_holsaticum,451,452,1
9708,Mycolicibacterium_holsaticum,471,574,103
9709,Mycolicibacterium_holsaticum,753,755,2
9710,Mycolicibacterium_holsaticum,760,761,1
9711,Mycolicibacterium_holsaticum,762,768,6
9712,Mycolicibacterium_holsaticum,789,790,1
9713,Mycolicibacterium_holsaticum,839,840,1
9714,Mycolicibacterium_holsaticum,890,891,1
9715,Mycolicibacterium_holsaticum,896,900,4
9716,Mycolicibacterium_holsaticum,1010,1011,1
9717,Mycolicibacterium_holsaticum,1068,1069,1
9718,Mycolicibacterium_holsaticum,1168,1169,1
9719,Mycolicibacterium_holsaticum,1185,1186,1
9720,Mycolicibacterium_holsaticum,1190,1192,2
9721,Mycolicibacterium_holsaticum,1211,1212,1
9722,Mycolicibacterium_holsaticum,1237,1238,1
9723,Mycolicibacterium_holsaticum,1398,1399,1
9724,Mycolicibacterium_holsaticum,1430,1437,7
9725,Mycolicibacterium_holsaticum,1438,1440,2
9726,Mycolicibacterium_holsaticum,1445,1446,1
9727,Mycolicibacterium_holsaticum,1455,1463,8
9728,Mycolicibacterium_holsaticum,1491,1492,1
9729,Mycolicibacterium_holsaticum,1707,1708,1
9730,Mycolicibacterium_holsaticum,1748,1749,1
9731,Mycolicibacterium_holsaticum,1751,1752,1
9732,Mycolicibacterium_holsaticum,1756,1761,5
9733,Mycolicibacterium_holsaticum,1771,1775,4
9734,Mycolicibacterium_holsaticum,1776,1777,1
9735,Mycolicibacterium_holsaticum,1784,1785,1
9736,Mycolicibacterium_holsaticum,1789,1791,2
9737,Mycolicibacterium_holsaticum,1802,1803,1
9738,Mycolicibacterium_holsaticum,1918,1919,1
9739,Mycolicibacterium_holsaticum,1954,1955,1
9740,Mycolicibacterium_holsaticum,1993,1994,1
9741,Mycolicibacterium_holsaticum,2132,2133,1
9742,Mycolicibacterium_holsaticum,2136,2137,1
9743,Mycolicibacterium_holsaticum,2138,2139,1
9744,Mycolicibacterium_holsaticum,2143,2147,4
9745,Mycolicibacterium_holsaticum,2151,2152,1
9746,Mycolicibacterium_holsaticum,2162,2163,1
9747,Mycolicibacterium_holsaticum,2285,2294,9
9748,Mycolicibacterium_holsaticum,2296,2297,1
9749,Mycolicibacterium_holsaticum,2299,2300,1
9750,Mycolicibacterium_holsaticum,2304,2306,2
9751,Mycolicibacterium_holsaticum,2309,2315,6
9752,Mycolicibacterium_holsaticum,2316,2325,9
9753,Mycolicibacterium_holsaticum,2379,2380,1
9754,Mycolicibacterium_holsaticum,2664,2665,1
9755,Mycolicibacterium_holsaticum,2723,2850,127
9756,Mycolicibacterium_holsaticum,3350,3351,1
9757,Mycolicibacterium_holsaticum,3376,3377,1
9758,Mycolicibacterium_holsaticum,3378,3379,1
9759,Mycolicibacterium_holsaticum,3433,3434,1
9760,Mycolicibacterium_llatzerense,82,83,1
9761,Mycolicibacterium_llatzerense,186,187,1
9762,Mycolicibacterium_llatzerense,235,237,2
9763,Mycolicibacterium_llatzerense,238,240,2
9764,Mycolicibacterium_llatzerense,250,251,1
9765,Mycolicibacterium_llatzerense,277,278,1
9766,Mycolicibacterium_llatzerense,295,296,1
9767,Mycolicibacterium_llatzerense,341,342,1
9768,Mycolicibacterium_llatzerense,359,360,1
9769,Mycolicibacterium_llatzerense,373,374,1
9770,Mycolicibacterium_llatzerense,401,402,1
9771,Mycolicibacterium_llatzerense,416,417,1
9772,Mycolicibacterium_llatzerense,451,452,1
9773,Mycolicibacterium_llatzerense,471,574,103
9774,Mycolicibacterium_llatzerense,753,757,4
9775,Mycolicibacterium_llatzerense,760,768,8
9776,Mycolicibacterium_llatzerense,789,790,1
9777,Mycolicibacterium_llatzerense,839,840,1
9778,Mycolicibacterium_llatzerense,884,885,1
9779,Mycolicibacterium_llatzerense,890,891,1
9780,Mycolicibacterium_llatzerense,892,903,11
9781,Mycolicibacterium_llatzerense,1010,1011,1
9782,Mycolicibacterium_llatzerense,1068,1069,1
9783,Mycolicibacterium_llatzerense,1168,1169,1
9784,Mycolicibacterium_llatzerense,1185,1186,1
9785,Mycolicibacterium_llatzerense,1191,1192,1
9786,Mycolicibacterium_llatzerense,1211,1212,1
9787,Mycolicibacterium_llatzerense,1237,1238,1
9788,Mycolicibacterium_llatzerense,1398,1399,1
9789,Mycolicibacterium_llatzerense,1430,1459,29
9790,Mycolicibacterium_llatzerense,1491,1492,1
9791,Mycolicibacterium_llatzerense,1707,1708,1
9792,Mycolicibacterium_llatzerense,1748,1749,1
9793,Mycolicibacterium_llatzerense,1750,1752,2
9794,Mycolicibacterium_llatzerense,1756,1761,5
9795,Mycolicibacterium_llatzerense,1771,1775,4
9796,Mycolicibacterium_llatzerense,1776,1777,1
9797,Mycolicibacterium_llatzerense,1784,1785,1
9798,Mycolicibacterium_llatzerense,1789,1791,2
9799,Mycolicibacterium_llatzerense,1802,1803,1
9800,Mycolicibacterium_llatzerense,1918,1920,2
9801,Mycolicibacterium_llatzerense,1954,1955,1
9802,Mycolicibacterium_llatzerense,1993,1994,1
9803,Mycolicibacterium_llatzerense,2121,2122,1
9804,Mycolicibacterium_llatzerense,2132,2133,1
9805,Mycolicibacterium_llatzerense,2136,2137,1
9806,Mycolicibacterium_llatzerense,2138,2139,1
9807,Mycolicibacterium_llatzerense,2143,2147,4
9808,Mycolicibacterium_llatzerense,2151,2152,1
9809,Mycolicibacterium_llatzerense,2162,2163,1
9810,Mycolicibacterium_llatzerense,2285,2294,9
9811,Mycolicibacterium_llatzerense,2296,2297,1
9812,Mycolicibacterium_llatzerense,2299,2300,1
9813,Mycolicibacterium_llatzerense,2303,2306,3
9814,Mycolicibacterium_llatzerense,2309,2315,6
9815,Mycolicibacterium_llatzerense,2316,2325,9
9816,Mycolicibacterium_llatzerense,2379,2380,1
9817,Mycolicibacterium_llatzerense,2664,2665,1
9818,Mycolicibacterium_llatzerense,2723,2850,127
9819,Mycolicibacterium_llatzerense,3376,3377,1
9820,Mycolicibacterium_llatzerense,3378,3379,1
9821,Mycolicibacterium_llatzerense,3433,3434,1
9822,Mycolicibacterium_sediminis,1,3,2
9823,Mycolicibacterium_sediminis,82,83,1
9824,Mycolicibacterium_sediminis,186,187,1
9825,Mycolicibacterium_sediminis,235,237,2
9826,Mycolicibacterium_sediminis,238,240,2
9827,Mycolicibacterium_sediminis,250,251,1
9828,Mycolicibacterium_sediminis,295,296,1
9829,Mycolicibacterium_sediminis,341,342,1
9830,Mycolicibacterium_sediminis,359,360,1
9831,Mycolicibacterium_sediminis,373,374,1
9832,Mycolicibacterium_sediminis,401,402,1
9833,Mycolicibacterium_sediminis,416,417,1
9834,Mycolicibacterium_sediminis,451,452,1
9835,Mycolicibacterium_sediminis,472,574,102
9836,Mycolicibacterium_sediminis,753,755,2
9837,Mycolicibacterium_sediminis,760,768,8
9838,Mycolicibacterium_sediminis,789,790,1
9839,Mycolicibacterium_sediminis,839,840,1
9840,Mycolicibacterium_sediminis,890,891,1
9841,Mycolicibacterium_sediminis,896,900,4
9842,Mycolicibacterium_sediminis,1010,1011,1
9843,Mycolicibacterium_sediminis,1068,1069,1
9844,Mycolicibacterium_sediminis,1168,1169,1
9845,Mycolicibacterium_sediminis,1185,1186,1
9846,Mycolicibacterium_sediminis,1191,1192,1
9847,Mycolicibacterium_sediminis,1211,1212,1
9848,Mycolicibacterium_sediminis,1237,1238,1
9849,Mycolicibacterium_sediminis,1398,1399,1
9850,Mycolicibacterium_sediminis,1430,1437,7
9851,Mycolicibacterium_sediminis,1438,1439,1
9852,Mycolicibacterium_sediminis,1442,1463,21
9853,Mycolicibacterium_sediminis,1707,1708,1
9854,Mycolicibacterium_sediminis,1748,1749,1
9855,Mycolicibacterium_sediminis,1751,1752,1
9856,Mycolicibacterium_sediminis,1756,1761,5
9857,Mycolicibacterium_sediminis,1771,1775,4
9858,Mycolicibacterium_sediminis,1776,1777,1
9859,Mycolicibacterium_sediminis,1784,1785,1
9860,Mycolicibacterium_sediminis,1802,1803,1
9861,Mycolicibacterium_sediminis,1954,1955,1
9862,Mycolicibacterium_sediminis,1993,1994,1
9863,Mycolicibacterium_sediminis,2121,2122,1
9864,Mycolicibacterium_sediminis,2132,2133,1
9865,Mycolicibacterium_sediminis,2136,2137,1
9866,Mycolicibacterium_sediminis,2138,2139,1
9867,Mycolicibacterium_sediminis,2143,2147,4
9868,Mycolicibacterium_sediminis,2151,2152,1
9869,Mycolicibacterium_sediminis,2162,2163,1
9870,Mycolicibacterium_sediminis,2286,2293,7
9871,Mycolicibacterium_sediminis,2296,2297,1
9872,Mycolicibacterium_sediminis,2299,2300,1
9873,Mycolicibacterium_sediminis,2303,2306,3
9874,Mycolicibacterium_sediminis,2309,2315,6
9875,Mycolicibacterium_sediminis,2316,2325,9
9876,Mycolicibacterium_sediminis,2379,2380,1
9877,Mycolicibacterium_sediminis,2664,2665,1
9878,Mycolicibacterium_sediminis,2723,2850,127
9879,Mycolicibacterium_sediminis,3376,3377,1
9880,Mycolicibacterium_sediminis,3378,3379,1
9881,Mycolicibacterium_sediminis,3433,3434,1
9882,Mycolicibacterium_baixiangningiae,1,3,2
9883,Mycolicibacterium_baixiangningiae,82,83,1
9884,Mycolicibacterium_baixiangningiae,186,187,1
9885,Mycolicibacterium_baixiangningiae,235,237,2
9886,Mycolicibacterium_baixiangningiae,238,240,2
9887,Mycolicibacterium_baixiangningiae,250,251,1
9888,Mycolicibacterium_baixiangningiae,295,296,1
9889,Mycolicibacterium_baixiangningiae,359,360,1
9890,Mycolicibacterium_baixiangningiae,373,374,1
9891,Mycolicibacterium_baixiangningiae,386,387,1
9892,Mycolicibacterium_baixiangningiae,401,402,1
9893,Mycolicibacterium_baixiangningiae,416,417,1
9894,Mycolicibacterium_baixiangningiae,451,452,1
9895,Mycolicibacterium_baixiangningiae,470,574,104
9896,Mycolicibacterium_baixiangningiae,753,755,2
9897,Mycolicibacterium_baixiangningiae,760,767,7
9898,Mycolicibacterium_baixiangningiae,789,790,1
9899,Mycolicibacterium_baixiangningiae,839,840,1
9900,Mycolicibacterium_baixiangningiae,890,891,1
9901,Mycolicibacterium_baixiangningiae,896,900,4
9902,Mycolicibacterium_baixiangningiae,1010,1011,1
9903,Mycolicibacterium_baixiangningiae,1068,1069,1
9904,Mycolicibacterium_baixiangningiae,1168,1169,1
9905,Mycolicibacterium_baixiangningiae,1185,1186,1
9906,Mycolicibacterium_baixiangningiae,1190,1192,2
9907,Mycolicibacterium_baixiangningiae,1211,1212,1
9908,Mycolicibacterium_baixiangningiae,1237,1238,1
9909,Mycolicibacterium_baixiangningiae,1398,1399,1
9910,Mycolicibacterium_baixiangningiae,1430,1437,7
9911,Mycolicibacterium_baixiangningiae,1438,1439,1
9912,Mycolicibacterium_baixiangningiae,1443,1444,1
9913,Mycolicibacterium_baixiangningiae,1445,1446,1
9914,Mycolicibacterium_baixiangningiae,1449,1460,11
9915,Mycolicibacterium_baixiangningiae,1491,1492,1
9916,Mycolicibacterium_baixiangningiae,1707,1708,1
9917,Mycolicibacterium_baixiangningiae,1748,1749,1
9918,Mycolicibacterium_baixiangningiae,1751,1752,1
9919,Mycolicibacterium_baixiangningiae,1756,1761,5
9920,Mycolicibacterium_baixiangningiae,1771,1775,4
9921,Mycolicibacterium_baixiangningiae,1776,1777,1
9922,Mycolicibacterium_baixiangningiae,1784,1785,1
9923,Mycolicibacterium_baixiangningiae,1789,1791,2
9924,Mycolicibacterium_baixiangningiae,1802,1803,1
9925,Mycolicibacterium_baixiangningiae,1918,1919,1
9926,Mycolicibacterium_baixiangningiae,1954,1955,1
9927,Mycolicibacterium_baixiangningiae,1993,1994,1
9928,Mycolicibacterium_baixiangningiae,2132,2133,1
9929,Mycolicibacterium_baixiangningiae,2136,2137,1
9930,Mycolicibacterium_baixiangningiae,2138,2139,1
9931,Mycolicibacterium_baixiangningiae,2143,2147,4
9932,Mycolicibacterium_baixiangningiae,2151,2153,2
9933,Mycolicibacterium_baixiangningiae,2162,2163,1
9934,Mycolicibacterium_baixiangningiae,2285,2294,9
9935,Mycolicibacterium_baixiangningiae,2296,2297,1
9936,Mycolicibacterium_baixiangningiae,2299,2300,1
9937,Mycolicibacterium_baixiangningiae,2302,2307,5
9938,Mycolicibacterium_baixiangningiae,2309,2315,6
9939,Mycolicibacterium_baixiangningiae,2316,2325,9
9940,Mycolicibacterium_baixiangningiae,2379,2380,1
9941,Mycolicibacterium_baixiangningiae,2664,2665,1
9942,Mycolicibacterium_baixiangningiae,2723,2850,127
9943,Mycolicibacterium_baixiangningiae,3376,3377,1
9944,Mycolicibacterium_baixiangningiae,3378,3379,1
9945,Mycolicibacterium_baixiangningiae,3433,3434,1
9946,Mycolicibacterium_agri,1,3,2
9947,Mycolicibacterium_agri,82,83,1
9948,Mycolicibacterium_agri,186,187,1
9949,Mycolicibacterium_agri,235,237,2
9950,Mycolicibacterium_agri,238,240,2
9951,Mycolicibacterium_agri,250,251,1
9952,Mycolicibacterium_agri,295,296,1
9953,Mycolicibacterium_agri,359,360,1
9954,Mycolicibacterium_agri,373,374,1
9955,Mycolicibacterium_agri,386,387,1
9956,Mycolicibacterium_agri,401,402,1
9957,Mycolicibacterium_agri,416,417,1
9958,Mycolicibacterium_agri,451,452,1
9959,Mycolicibacterium_agri,472,574,102
9960,Mycolicibacterium_agri,753,757,4
9961,Mycolicibacterium_agri,760,761,1
9962,Mycolicibacterium_agri,762,768,6
9963,Mycolicibacterium_agri,789,790,1
9964,Mycolicibacterium_agri,839,840,1
9965,Mycolicibacterium_agri,890,891,1
9966,Mycolicibacterium_agri,896,900,4
9967,Mycolicibacterium_agri,1010,1011,1
9968,Mycolicibacterium_agri,1068,1069,1
9969,Mycolicibacterium_agri,1168,1169,1
9970,Mycolicibacterium_agri,1185,1186,1
9971,Mycolicibacterium_agri,1190,1192,2
9972,Mycolicibacterium_agri,1211,1212,1
9973,Mycolicibacterium_agri,1237,1238,1
9974,Mycolicibacterium_agri,1398,1399,1
9975,Mycolicibacterium_agri,1431,1436,5
9976,Mycolicibacterium_agri,1438,1439,1
9977,Mycolicibacterium_agri,1445,1446,1
9978,Mycolicibacterium_agri,1450,1462,12
9979,Mycolicibacterium_agri,1491,1492,1
9980,Mycolicibacterium_agri,1707,1708,1
9981,Mycolicibacterium_agri,1748,1749,1
9982,Mycolicibacterium_agri,1751,1752,1
9983,Mycolicibacterium_agri,1756,1761,5
9984,Mycolicibacterium_agri,1771,1775,4
9985,Mycolicibacterium_agri,1776,1777,1
9986,Mycolicibacterium_agri,1784,1785,1
9987,Mycolicibacterium_agri,1789,1791,2
9988,Mycolicibacterium_agri,1802,1803,1
9989,Mycolicibacterium_agri,1918,1919,1
9990,Mycolicibacterium_agri,1954,1955,1
9991,Mycolicibacterium_agri,1993,1994,1
9992,Mycolicibacterium_agri,2132,2133,1
9993,Mycolicibacterium_agri,2136,2137,1
9994,Mycolicibacterium_agri,2138,2139,1
9995,Mycolicibacterium_agri,2143,2147,4
9996,Mycolicibacterium_agri,2151,2152,1
9997,Mycolicibacterium_agri,2162,2163,1
9998,Mycolicibacterium_agri,2285,2294,9
9999,Mycolicibacterium_agri,2296,2297,1
10000,Mycolicibacterium_agri,2299,2300,1
10001,Mycolicibacterium_agri,2304,2305,1
10002,Mycolicibacterium_agri,2309,2315,6
10003,Mycolicibacterium_agri,2316,2325,9
10004,Mycolicibacterium_agri,2379,2380,1
10005,Mycolicibacterium_agri,2664,2665,1
10006,Mycolicibacterium_agri,2723,2850,127
10007,Mycolicibacterium_agri,3376,3377,1
10008,Mycolicibacterium_agri,3378,3379,1
10009,Mycolicibacterium_agri,3433,3434,1
10010,Mycolicibacterium_aromaticivorans,1,3,2
10011,Mycolicibacterium_aromaticivorans,82,83,1
10012,Mycolicibacterium_aromaticivorans,186,187,1
10013,Mycolicibacterium_aromaticivorans,235,237,2
10014,Mycolicibacterium_aromaticivorans,238,240,2
10015,Mycolicibacterium_aromaticivorans,250,251,1
10016,Mycolicibacterium_aromaticivorans,295,296,1
10017,Mycolicibacterium_aromaticivorans,341,342,1
10018,Mycolicibacterium_aromaticivorans,359,360,1
10019,Mycolicibacterium_aromaticivorans,373,374,1
10020,Mycolicibacterium_aromaticivorans,386,387,1
10021,Mycolicibacterium_aromaticivorans,401,402,1
10022,Mycolicibacterium_aromaticivorans,416,417,1
10023,Mycolicibacterium_aromaticivorans,451,452,1
10024,Mycolicibacterium_aromaticivorans,471,574,103
10025,Mycolicibacterium_aromaticivorans,753,755,2
10026,Mycolicibacterium_aromaticivorans,760,768,8
10027,Mycolicibacterium_aromaticivorans,789,790,1
10028,Mycolicibacterium_aromaticivorans,839,840,1
10029,Mycolicibacterium_aromaticivorans,890,891,1
10030,Mycolicibacterium_aromaticivorans,896,900,4
10031,Mycolicibacterium_aromaticivorans,1010,1011,1
10032,Mycolicibacterium_aromaticivorans,1068,1069,1
10033,Mycolicibacterium_aromaticivorans,1168,1169,1
10034,Mycolicibacterium_aromaticivorans,1185,1186,1
10035,Mycolicibacterium_aromaticivorans,1190,1192,2
10036,Mycolicibacterium_aromaticivorans,1211,1212,1
10037,Mycolicibacterium_aromaticivorans,1237,1238,1
10038,Mycolicibacterium_aromaticivorans,1398,1399,1
10039,Mycolicibacterium_aromaticivorans,1430,1437,7
10040,Mycolicibacterium_aromaticivorans,1438,1439,1
10041,Mycolicibacterium_aromaticivorans,1445,1446,1
10042,Mycolicibacterium_aromaticivorans,1448,1462,14
10043,Mycolicibacterium_aromaticivorans,1463,1464,1
10044,Mycolicibacterium_aromaticivorans,1465,1466,1
10045,Mycolicibacterium_aromaticivorans,1707,1708,1
10046,Mycolicibacterium_aromaticivorans,1748,1749,1
10047,Mycolicibacterium_aromaticivorans,1751,1752,1
10048,Mycolicibacterium_aromaticivorans,1756,1761,5
10049,Mycolicibacterium_aromaticivorans,1771,1775,4
10050,Mycolicibacterium_aromaticivorans,1776,1777,1
10051,Mycolicibacterium_aromaticivorans,1784,1785,1
10052,Mycolicibacterium_aromaticivorans,1789,1791,2
10053,Mycolicibacterium_aromaticivorans,1802,1803,1
10054,Mycolicibacterium_aromaticivorans,1918,1919,1
10055,Mycolicibacterium_aromaticivorans,1954,1955,1
10056,Mycolicibacterium_aromaticivorans,1993,1994,1
10057,Mycolicibacterium_aromaticivorans,2121,2122,1
10058,Mycolicibacterium_aromaticivorans,2132,2133,1
10059,Mycolicibacterium_aromaticivorans,2136,2137,1
10060,Mycolicibacterium_aromaticivorans,2138,2139,1
10061,Mycolicibacterium_aromaticivorans,2143,2147,4
10062,Mycolicibacterium_aromaticivorans,2151,2152,1
10063,Mycolicibacterium_aromaticivorans,2162,2163,1
10064,Mycolicibacterium_aromaticivorans,2285,2294,9
10065,Mycolicibacterium_aromaticivorans,2296,2297,1
10066,Mycolicibacterium_aromaticivorans,2299,2300,1
10067,Mycolicibacterium_aromaticivorans,2303,2307,4
10068,Mycolicibacterium_aromaticivorans,2309,2315,6
10069,Mycolicibacterium_aromaticivorans,2316,2325,9
10070,Mycolicibacterium_aromaticivorans,2379,2380,1
10071,Mycolicibacterium_aromaticivorans,2664,2665,1
10072,Mycolicibacterium_aromaticivorans,2723,2850,127
10073,Mycolicibacterium_aromaticivorans,3376,3377,1
10074,Mycolicibacterium_aromaticivorans,3378,3379,1
10075,Mycolicibacterium_aromaticivorans,3433,3434,1
10076,Mycolicibacterium_celeriflavum,1,3,2
10077,Mycolicibacterium_celeriflavum,82,83,1
10078,Mycolicibacterium_celeriflavum,186,187,1
10079,Mycolicibacterium_celeriflavum,236,237,1
10080,Mycolicibacterium_celeriflavum,238,240,2
10081,Mycolicibacterium_celeriflavum,250,251,1
10082,Mycolicibacterium_celeriflavum,295,296,1
10083,Mycolicibacterium_celeriflavum,359,360,1
10084,Mycolicibacterium_celeriflavum,373,374,1
10085,Mycolicibacterium_celeriflavum,386,387,1
10086,Mycolicibacterium_celeriflavum,401,402,1
10087,Mycolicibacterium_celeriflavum,416,417,1
10088,Mycolicibacterium_celeriflavum,451,452,1
10089,Mycolicibacterium_celeriflavum,473,574,101
10090,Mycolicibacterium_celeriflavum,753,755,2
10091,Mycolicibacterium_celeriflavum,762,768,6
10092,Mycolicibacterium_celeriflavum,789,790,1
10093,Mycolicibacterium_celeriflavum,839,840,1
10094,Mycolicibacterium_celeriflavum,890,891,1
10095,Mycolicibacterium_celeriflavum,896,900,4
10096,Mycolicibacterium_celeriflavum,1010,1011,1
10097,Mycolicibacterium_celeriflavum,1068,1069,1
10098,Mycolicibacterium_celeriflavum,1168,1169,1
10099,Mycolicibacterium_celeriflavum,1185,1186,1
10100,Mycolicibacterium_celeriflavum,1190,1192,2
10101,Mycolicibacterium_celeriflavum,1211,1212,1
10102,Mycolicibacterium_celeriflavum,1237,1238,1
10103,Mycolicibacterium_celeriflavum,1398,1399,1
10104,Mycolicibacterium_celeriflavum,1430,1435,5
10105,Mycolicibacterium_celeriflavum,1438,1439,1
10106,Mycolicibacterium_celeriflavum,1445,1446,1
10107,Mycolicibacterium_celeriflavum,1448,1462,14
10108,Mycolicibacterium_celeriflavum,1491,1492,1
10109,Mycolicibacterium_celeriflavum,1707,1708,1
10110,Mycolicibacterium_celeriflavum,1748,1749,1
10111,Mycolicibacterium_celeriflavum,1751,1752,1
10112,Mycolicibacterium_celeriflavum,1756,1761,5
10113,Mycolicibacterium_celeriflavum,1771,1775,4
10114,Mycolicibacterium_celeriflavum,1776,1777,1
10115,Mycolicibacterium_celeriflavum,1784,1785,1
10116,Mycolicibacterium_celeriflavum,1789,1791,2
10117,Mycolicibacterium_celeriflavum,1802,1803,1
10118,Mycolicibacterium_celeriflavum,1918,1920,2
10119,Mycolicibacterium_celeriflavum,1954,1955,1
10120,Mycolicibacterium_celeriflavum,1993,1994,1
10121,Mycolicibacterium_celeriflavum,2132,2133,1
10122,Mycolicibacterium_celeriflavum,2136,2137,1
10123,Mycolicibacterium_celeriflavum,2138,2139,1
10124,Mycolicibacterium_celeriflavum,2143,2147,4
10125,Mycolicibacterium_celeriflavum,2151,2152,1
10126,Mycolicibacterium_celeriflavum,2162,2163,1
10127,Mycolicibacterium_celeriflavum,2285,2294,9
10128,Mycolicibacterium_celeriflavum,2296,2297,1
10129,Mycolicibacterium_celeriflavum,2299,2300,1
10130,Mycolicibacterium_celeriflavum,2303,2306,3
10131,Mycolicibacterium_celeriflavum,2309,2315,6
10132,Mycolicibacterium_celeriflavum,2316,2325,9
10133,Mycolicibacterium_celeriflavum,2379,2380,1
10134,Mycolicibacterium_celeriflavum,2664,2665,1
10135,Mycolicibacterium_celeriflavum,2723,2850,127
10136,Mycolicibacterium_celeriflavum,3045,3046,1
10137,Mycolicibacterium_celeriflavum,3376,3377,1
10138,Mycolicibacterium_celeriflavum,3378,3379,1
10139,Mycolicibacterium_celeriflavum,3433,3434,1
10140,Mycolicibacterium_aubagnense,1,3,2
10141,Mycolicibacterium_aubagnense,82,83,1
10142,Mycolicibacterium_aubagnense,186,187,1
10143,Mycolicibacterium_aubagnense,235,237,2
10144,Mycolicibacterium_aubagnense,238,240,2
10145,Mycolicibacterium_aubagnense,250,251,1
10146,Mycolicibacterium_aubagnense,277,278,1
10147,Mycolicibacterium_aubagnense,295,296,1
10148,Mycolicibacterium_aubagnense,341,342,1
10149,Mycolicibacterium_aubagnense,359,360,1
10150,Mycolicibacterium_aubagnense,373,374,1
10151,Mycolicibacterium_aubagnense,401,402,1
10152,Mycolicibacterium_aubagnense,416,417,1
10153,Mycolicibacterium_aubagnense,451,452,1
10154,Mycolicibacterium_aubagnense,471,574,103
10155,Mycolicibacterium_aubagnense,753,757,4
10156,Mycolicibacterium_aubagnense,760,768,8
10157,Mycolicibacterium_aubagnense,789,790,1
10158,Mycolicibacterium_aubagnense,839,840,1
10159,Mycolicibacterium_aubagnense,890,902,12
10160,Mycolicibacterium_aubagnense,1010,1011,1
10161,Mycolicibacterium_aubagnense,1068,1069,1
10162,Mycolicibacterium_aubagnense,1168,1169,1
10163,Mycolicibacterium_aubagnense,1185,1186,1
10164,Mycolicibacterium_aubagnense,1191,1192,1
10165,Mycolicibacterium_aubagnense,1211,1212,1
10166,Mycolicibacterium_aubagnense,1237,1238,1
10167,Mycolicibacterium_aubagnense,1398,1399,1
10168,Mycolicibacterium_aubagnense,1430,1459,29
10169,Mycolicibacterium_aubagnense,1491,1492,1
10170,Mycolicibacterium_aubagnense,1707,1708,1
10171,Mycolicibacterium_aubagnense,1748,1749,1
10172,Mycolicibacterium_aubagnense,1750,1752,2
10173,Mycolicibacterium_aubagnense,1756,1761,5
10174,Mycolicibacterium_aubagnense,1771,1775,4
10175,Mycolicibacterium_aubagnense,1776,1777,1
10176,Mycolicibacterium_aubagnense,1784,1785,1
10177,Mycolicibacterium_aubagnense,1789,1791,2
10178,Mycolicibacterium_aubagnense,1802,1803,1
10179,Mycolicibacterium_aubagnense,1918,1919,1
10180,Mycolicibacterium_aubagnense,1954,1955,1
10181,Mycolicibacterium_aubagnense,1993,1994,1
10182,Mycolicibacterium_aubagnense,2132,2133,1
10183,Mycolicibacterium_aubagnense,2136,2137,1
10184,Mycolicibacterium_aubagnense,2138,2139,1
10185,Mycolicibacterium_aubagnense,2143,2147,4
10186,Mycolicibacterium_aubagnense,2151,2152,1
10187,Mycolicibacterium_aubagnense,2154,2155,1
10188,Mycolicibacterium_aubagnense,2162,2163,1
10189,Mycolicibacterium_aubagnense,2285,2294,9
10190,Mycolicibacterium_aubagnense,2296,2297,1
10191,Mycolicibacterium_aubagnense,2299,2300,1
10192,Mycolicibacterium_aubagnense,2303,2306,3
10193,Mycolicibacterium_aubagnense,2309,2315,6
10194,Mycolicibacterium_aubagnense,2316,2325,9
10195,Mycolicibacterium_aubagnense,2379,2380,1
10196,Mycolicibacterium_aubagnense,2664,2665,1
10197,Mycolicibacterium_aubagnense,2723,2850,127
10198,Mycolicibacterium_aubagnense,3376,3377,1
10199,Mycolicibacterium_aubagnense,3378,3379,1
10200,Mycolicibacterium_aubagnense,3433,3434,1
10201,Mycolicibacterium_chitae,1,3,2
10202,Mycolicibacterium_chitae,82,83,1
10203,Mycolicibacterium_chitae,186,187,1
10204,Mycolicibacterium_chitae,235,237,2
10205,Mycolicibacterium_chitae,238,240,2
10206,Mycolicibacterium_chitae,250,251,1
10207,Mycolicibacterium_chitae,277,278,1
10208,Mycolicibacterium_chitae,295,296,1
10209,Mycolicibacterium_chitae,341,342,1
10210,Mycolicibacterium_chitae,359,360,1
10211,Mycolicibacterium_chitae,373,374,1
10212,Mycolicibacterium_chitae,386,387,1
10213,Mycolicibacterium_chitae,401,402,1
10214,Mycolicibacterium_chitae,416,417,1
10215,Mycolicibacterium_chitae,451,452,1
10216,Mycolicibacterium_chitae,471,574,103
10217,Mycolicibacterium_chitae,753,755,2
10218,Mycolicibacterium_chitae,761,770,9
10219,Mycolicibacterium_chitae,789,790,1
10220,Mycolicibacterium_chitae,839,840,1
10221,Mycolicibacterium_chitae,886,893,7
10222,Mycolicibacterium_chitae,896,900,4
10223,Mycolicibacterium_chitae,1010,1011,1
10224,Mycolicibacterium_chitae,1068,1069,1
10225,Mycolicibacterium_chitae,1168,1169,1
10226,Mycolicibacterium_chitae,1185,1186,1
10227,Mycolicibacterium_chitae,1190,1192,2
10228,Mycolicibacterium_chitae,1211,1212,1
10229,Mycolicibacterium_chitae,1237,1238,1
10230,Mycolicibacterium_chitae,1398,1399,1
10231,Mycolicibacterium_chitae,1430,1437,7
10232,Mycolicibacterium_chitae,1438,1439,1
10233,Mycolicibacterium_chitae,1443,1444,1
10234,Mycolicibacterium_chitae,1445,1446,1
10235,Mycolicibacterium_chitae,1448,1463,15
10236,Mycolicibacterium_chitae,1491,1492,1
10237,Mycolicibacterium_chitae,1707,1708,1
10238,Mycolicibacterium_chitae,1748,1749,1
10239,Mycolicibacterium_chitae,1751,1752,1
10240,Mycolicibacterium_chitae,1756,1761,5
10241,Mycolicibacterium_chitae,1771,1775,4
10242,Mycolicibacterium_chitae,1776,1777,1
10243,Mycolicibacterium_chitae,1784,1785,1
10244,Mycolicibacterium_chitae,1789,1791,2
10245,Mycolicibacterium_chitae,1802,1803,1
10246,Mycolicibacterium_chitae,1918,1920,2
10247,Mycolicibacterium_chitae,1954,1955,1
10248,Mycolicibacterium_chitae,1993,1994,1
10249,Mycolicibacterium_chitae,2136,2137,1
10250,Mycolicibacterium_chitae,2138,2139,1
10251,Mycolicibacterium_chitae,2143,2147,4
10252,Mycolicibacterium_chitae,2151,2152,1
10253,Mycolicibacterium_chitae,2162,2163,1
10254,Mycolicibacterium_chitae,2285,2294,9
10255,Mycolicibacterium_chitae,2296,2297,1
10256,Mycolicibacterium_chitae,2299,2300,1
10257,Mycolicibacterium_chitae,2303,2306,3
10258,Mycolicibacterium_chitae,2309,2315,6
10259,Mycolicibacterium_chitae,2316,2325,9
10260,Mycolicibacterium_chitae,2379,2380,1
10261,Mycolicibacterium_chitae,2664,2665,1
10262,Mycolicibacterium_chitae,2723,2850,127
10263,Mycolicibacterium_chitae,3376,3377,1
10264,Mycolicibacterium_chitae,3378,3379,1
10265,Mycolicibacterium_chitae,3433,3434,1
10266,Mycolicibacterium_pulveris,1,3,2
10267,Mycolicibacterium_pulveris,82,83,1
10268,Mycolicibacterium_pulveris,186,187,1
10269,Mycolicibacterium_pulveris,235,237,2
10270,Mycolicibacterium_pulveris,238,240,2
10271,Mycolicibacterium_pulveris,250,251,1
10272,Mycolicibacterium_pulveris,295,296,1
10273,Mycolicibacterium_pulveris,359,360,1
10274,Mycolicibacterium_pulveris,373,374,1
10275,Mycolicibacterium_pulveris,386,387,1
10276,Mycolicibacterium_pulveris,401,402,1
10277,Mycolicibacterium_pulveris,416,417,1
10278,Mycolicibacterium_pulveris,451,452,1
10279,Mycolicibacterium_pulveris,473,574,101
10280,Mycolicibacterium_pulveris,753,755,2
10281,Mycolicibacterium_pulveris,760,761,1
10282,Mycolicibacterium_pulveris,762,768,6
10283,Mycolicibacterium_pulveris,789,790,1
10284,Mycolicibacterium_pulveris,839,840,1
10285,Mycolicibacterium_pulveris,890,891,1
10286,Mycolicibacterium_pulveris,896,900,4
10287,Mycolicibacterium_pulveris,1010,1011,1
10288,Mycolicibacterium_pulveris,1068,1069,1
10289,Mycolicibacterium_pulveris,1168,1169,1
10290,Mycolicibacterium_pulveris,1185,1186,1
10291,Mycolicibacterium_pulveris,1191,1192,1
10292,Mycolicibacterium_pulveris,1211,1212,1
10293,Mycolicibacterium_pulveris,1237,1238,1
10294,Mycolicibacterium_pulveris,1398,1399,1
10295,Mycolicibacterium_pulveris,1430,1437,7
10296,Mycolicibacterium_pulveris,1438,1439,1
10297,Mycolicibacterium_pulveris,1445,1460,15
10298,Mycolicibacterium_pulveris,1475,1476,1
10299,Mycolicibacterium_pulveris,1491,1492,1
10300,Mycolicibacterium_pulveris,1707,1708,1
10301,Mycolicibacterium_pulveris,1748,1749,1
10302,Mycolicibacterium_pulveris,1756,1761,5
10303,Mycolicibacterium_pulveris,1776,1777,1
10304,Mycolicibacterium_pulveris,1784,1790,6
10305,Mycolicibacterium_pulveris,1802,1803,1
10306,Mycolicibacterium_pulveris,1918,1920,2
10307,Mycolicibacterium_pulveris,1954,1955,1
10308,Mycolicibacterium_pulveris,1993,1994,1
10309,Mycolicibacterium_pulveris,2136,2137,1
10310,Mycolicibacterium_pulveris,2138,2139,1
10311,Mycolicibacterium_pulveris,2143,2147,4
10312,Mycolicibacterium_pulveris,2151,2152,1
10313,Mycolicibacterium_pulveris,2154,2155,1
10314,Mycolicibacterium_pulveris,2162,2163,1
10315,Mycolicibacterium_pulveris,2285,2294,9
10316,Mycolicibacterium_pulveris,2296,2297,1
10317,Mycolicibacterium_pulveris,2299,2300,1
10318,Mycolicibacterium_pulveris,2302,2307,5
10319,Mycolicibacterium_pulveris,2309,2315,6
10320,Mycolicibacterium_pulveris,2316,2325,9
10321,Mycolicibacterium_pulveris,2379,2380,1
10322,Mycolicibacterium_pulveris,2664,2665,1
10323,Mycolicibacterium_pulveris,2723,2850,127
10324,Mycolicibacterium_pulveris,3045,3046,1
10325,Mycolicibacterium_pulveris,3378,3379,1
10326,Mycolicibacterium_pulveris,3433,3434,1
10327,Mycolicibacterium_poriferae,1,3,2
10328,Mycolicibacterium_poriferae,82,83,1
10329,Mycolicibacterium_poriferae,186,187,1
10330,Mycolicibacterium_poriferae,236,237,1
10331,Mycolicibacterium_poriferae,238,240,2
10332,Mycolicibacterium_poriferae,250,251,1
10333,Mycolicibacterium_poriferae,295,296,1
10334,Mycolicibacterium_poriferae,341,342,1
10335,Mycolicibacterium_poriferae,359,360,1
10336,Mycolicibacterium_poriferae,373,374,1
10337,Mycolicibacterium_poriferae,386,387,1
10338,Mycolicibacterium_poriferae,401,402,1
10339,Mycolicibacterium_poriferae,416,417,1
10340,Mycolicibacterium_poriferae,451,452,1
10341,Mycolicibacterium_poriferae,471,574,103
10342,Mycolicibacterium_poriferae,753,756,3
10343,Mycolicibacterium_poriferae,760,761,1
10344,Mycolicibacterium_poriferae,762,768,6
10345,Mycolicibacterium_poriferae,770,771,1
10346,Mycolicibacterium_poriferae,789,790,1
10347,Mycolicibacterium_poriferae,839,840,1
10348,Mycolicibacterium_poriferae,890,891,1
10349,Mycolicibacterium_poriferae,896,900,4
10350,Mycolicibacterium_poriferae,1010,1011,1
10351,Mycolicibacterium_poriferae,1068,1069,1
10352,Mycolicibacterium_poriferae,1168,1169,1
10353,Mycolicibacterium_poriferae,1185,1186,1
10354,Mycolicibacterium_poriferae,1190,1192,2
10355,Mycolicibacterium_poriferae,1211,1212,1
10356,Mycolicibacterium_poriferae,1237,1238,1
10357,Mycolicibacterium_poriferae,1398,1399,1
10358,Mycolicibacterium_poriferae,1430,1437,7
10359,Mycolicibacterium_poriferae,1438,1439,1
10360,Mycolicibacterium_poriferae,1445,1446,1
10361,Mycolicibacterium_poriferae,1448,1462,14
10362,Mycolicibacterium_poriferae,1491,1492,1
10363,Mycolicibacterium_poriferae,1707,1708,1
10364,Mycolicibacterium_poriferae,1748,1749,1
10365,Mycolicibacterium_poriferae,1751,1752,1
10366,Mycolicibacterium_poriferae,1756,1761,5
10367,Mycolicibacterium_poriferae,1771,1775,4
10368,Mycolicibacterium_poriferae,1776,1777,1
10369,Mycolicibacterium_poriferae,1784,1785,1
10370,Mycolicibacterium_poriferae,1789,1791,2
10371,Mycolicibacterium_poriferae,1802,1803,1
10372,Mycolicibacterium_poriferae,1918,1919,1
10373,Mycolicibacterium_poriferae,1954,1955,1
10374,Mycolicibacterium_poriferae,1993,1994,1
10375,Mycolicibacterium_poriferae,2132,2133,1
10376,Mycolicibacterium_poriferae,2136,2137,1
10377,Mycolicibacterium_poriferae,2138,2139,1
10378,Mycolicibacterium_poriferae,2143,2147,4
10379,Mycolicibacterium_poriferae,2151,2152,1
10380,Mycolicibacterium_poriferae,2154,2155,1
10381,Mycolicibacterium_poriferae,2162,2163,1
10382,Mycolicibacterium_poriferae,2285,2294,9
10383,Mycolicibacterium_poriferae,2296,2297,1
10384,Mycolicibacterium_poriferae,2299,2300,1
10385,Mycolicibacterium_poriferae,2302,2307,5
10386,Mycolicibacterium_poriferae,2309,2315,6
10387,Mycolicibacterium_poriferae,2316,2325,9
10388,Mycolicibacterium_poriferae,2379,2380,1
10389,Mycolicibacterium_poriferae,2664,2665,1
10390,Mycolicibacterium_poriferae,2723,2850,127
10391,Mycolicibacterium_poriferae,2994,2995,1
10392,Mycolicibacterium_poriferae,3376,3377,1
10393,Mycolicibacterium_poriferae,3378,3379,1
10394,Mycolicibacterium_poriferae,3433,3434,1
10395,Mycolicibacterium_komossense,1,3,2
10396,Mycolicibacterium_komossense,82,83,1
10397,Mycolicibacterium_komossense,186,187,1
10398,Mycolicibacterium_komossense,235,237,2
10399,Mycolicibacterium_komossense,238,240,2
10400,Mycolicibacterium_komossense,250,251,1
10401,Mycolicibacterium_komossense,295,296,1
10402,Mycolicibacterium_komossense,341,342,1
10403,Mycolicibacterium_komossense,359,360,1
10404,Mycolicibacterium_komossense,373,374,1
10405,Mycolicibacterium_komossense,386,387,1
10406,Mycolicibacterium_komossense,401,402,1
10407,Mycolicibacterium_komossense,416,417,1
10408,Mycolicibacterium_komossense,471,574,103
10409,Mycolicibacterium_komossense,753,755,2
10410,Mycolicibacterium_komossense,760,768,8
10411,Mycolicibacterium_komossense,789,790,1
10412,Mycolicibacterium_komossense,839,840,1
10413,Mycolicibacterium_komossense,886,893,7
10414,Mycolicibacterium_komossense,896,900,4
10415,Mycolicibacterium_komossense,1010,1011,1
10416,Mycolicibacterium_komossense,1068,1069,1
10417,Mycolicibacterium_komossense,1168,1169,1
10418,Mycolicibacterium_komossense,1185,1186,1
10419,Mycolicibacterium_komossense,1190,1192,2
10420,Mycolicibacterium_komossense,1211,1212,1
10421,Mycolicibacterium_komossense,1237,1238,1
10422,Mycolicibacterium_komossense,1398,1399,1
10423,Mycolicibacterium_komossense,1430,1437,7
10424,Mycolicibacterium_komossense,1438,1439,1
10425,Mycolicibacterium_komossense,1445,1446,1
10426,Mycolicibacterium_komossense,1449,1461,12
10427,Mycolicibacterium_komossense,1491,1492,1
10428,Mycolicibacterium_komossense,1707,1708,1
10429,Mycolicibacterium_komossense,1748,1749,1
10430,Mycolicibacterium_komossense,1751,1752,1
10431,Mycolicibacterium_komossense,1756,1761,5
10432,Mycolicibacterium_komossense,1771,1775,4
10433,Mycolicibacterium_komossense,1776,1777,1
10434,Mycolicibacterium_komossense,1784,1785,1
10435,Mycolicibacterium_komossense,1802,1803,1
10436,Mycolicibacterium_komossense,1918,1919,1
10437,Mycolicibacterium_komossense,1954,1955,1
10438,Mycolicibacterium_komossense,1993,1994,1
10439,Mycolicibacterium_komossense,2132,2133,1
10440,Mycolicibacterium_komossense,2136,2137,1
10441,Mycolicibacterium_komossense,2138,2139,1
10442,Mycolicibacterium_komossense,2143,2147,4
10443,Mycolicibacterium_komossense,2151,2152,1
10444,Mycolicibacterium_komossense,2162,2163,1
10445,Mycolicibacterium_komossense,2285,2294,9
10446,Mycolicibacterium_komossense,2296,2297,1
10447,Mycolicibacterium_komossense,2299,2300,1
10448,Mycolicibacterium_komossense,2302,2307,5
10449,Mycolicibacterium_komossense,2309,2315,6
10450,Mycolicibacterium_komossense,2316,2325,9
10451,Mycolicibacterium_komossense,2379,2380,1
10452,Mycolicibacterium_komossense,2664,2665,1
10453,Mycolicibacterium_komossense,2723,2850,127
10454,Mycolicibacterium_komossense,3376,3377,1
10455,Mycolicibacterium_komossense,3378,3379,1
10456,Mycolicibacterium_komossense,3433,3434,1
10457,Mycolicibacterium_tusciae,1,3,2
10458,Mycolicibacterium_tusciae,82,83,1
10459,Mycolicibacterium_tusciae,186,187,1
10460,Mycolicibacterium_tusciae,235,237,2
10461,Mycolicibacterium_tusciae,238,240,2
10462,Mycolicibacterium_tusciae,250,251,1
10463,Mycolicibacterium_tusciae,295,296,1
10464,Mycolicibacterium_tusciae,341,342,1
10465,Mycolicibacterium_tusciae,359,360,1
10466,Mycolicibacterium_tusciae,373,374,1
10467,Mycolicibacterium_tusciae,386,387,1
10468,Mycolicibacterium_tusciae,401,402,1
10469,Mycolicibacterium_tusciae,451,452,1
10470,Mycolicibacterium_tusciae,471,574,103
10471,Mycolicibacterium_tusciae,753,755,2
10472,Mycolicibacterium_tusciae,760,768,8
10473,Mycolicibacterium_tusciae,789,790,1
10474,Mycolicibacterium_tusciae,839,840,1
10475,Mycolicibacterium_tusciae,890,891,1
10476,Mycolicibacterium_tusciae,896,900,4
10477,Mycolicibacterium_tusciae,1010,1011,1
10478,Mycolicibacterium_tusciae,1068,1069,1
10479,Mycolicibacterium_tusciae,1168,1169,1
10480,Mycolicibacterium_tusciae,1185,1186,1
10481,Mycolicibacterium_tusciae,1211,1212,1
10482,Mycolicibacterium_tusciae,1237,1238,1
10483,Mycolicibacterium_tusciae,1398,1399,1
10484,Mycolicibacterium_tusciae,1430,1437,7
10485,Mycolicibacterium_tusciae,1438,1439,1
10486,Mycolicibacterium_tusciae,1445,1446,1
10487,Mycolicibacterium_tusciae,1455,1460,5
10488,Mycolicibacterium_tusciae,1491,1492,1
10489,Mycolicibacterium_tusciae,1707,1708,1
10490,Mycolicibacterium_tusciae,1748,1749,1
10491,Mycolicibacterium_tusciae,1756,1761,5
10492,Mycolicibacterium_tusciae,1771,1775,4
10493,Mycolicibacterium_tusciae,1776,1777,1
10494,Mycolicibacterium_tusciae,1789,1791,2
10495,Mycolicibacterium_tusciae,1802,1803,1
10496,Mycolicibacterium_tusciae,1918,1919,1
10497,Mycolicibacterium_tusciae,1954,1955,1
10498,Mycolicibacterium_tusciae,1993,1994,1
10499,Mycolicibacterium_tusciae,2121,2122,1
10500,Mycolicibacterium_tusciae,2132,2133,1
10501,Mycolicibacterium_tusciae,2136,2137,1
10502,Mycolicibacterium_tusciae,2138,2139,1
10503,Mycolicibacterium_tusciae,2143,2147,4
10504,Mycolicibacterium_tusciae,2151,2152,1
10505,Mycolicibacterium_tusciae,2162,2163,1
10506,Mycolicibacterium_tusciae,2285,2294,9
10507,Mycolicibacterium_tusciae,2296,2297,1
10508,Mycolicibacterium_tusciae,2299,2300,1
10509,Mycolicibacterium_tusciae,2302,2307,5
10510,Mycolicibacterium_tusciae,2309,2315,6
10511,Mycolicibacterium_tusciae,2316,2325,9
10512,Mycolicibacterium_tusciae,2379,2380,1
10513,Mycolicibacterium_tusciae,2664,2665,1
10514,Mycolicibacterium_tusciae,2723,2850,127
10515,Mycolicibacterium_tusciae,3376,3377,1
10516,Mycolicibacterium_tusciae,3378,3379,1
10517,Mycolicibacterium_tusciae,3433,3434,1
10518,Mycolicibacterium_porcinum,1,3,2
10519,Mycolicibacterium_porcinum,82,83,1
10520,Mycolicibacterium_porcinum,186,187,1
10521,Mycolicibacterium_porcinum,235,237,2
10522,Mycolicibacterium_porcinum,238,239,1
10523,Mycolicibacterium_porcinum,250,251,1
10524,Mycolicibacterium_porcinum,295,296,1
10525,Mycolicibacterium_porcinum,341,342,1
10526,Mycolicibacterium_porcinum,359,360,1
10527,Mycolicibacterium_porcinum,373,374,1
10528,Mycolicibacterium_porcinum,401,402,1
10529,Mycolicibacterium_porcinum,416,417,1
10530,Mycolicibacterium_porcinum,451,452,1
10531,Mycolicibacterium_porcinum,464,465,1
10532,Mycolicibacterium_porcinum,472,574,102
10533,Mycolicibacterium_porcinum,754,755,1
10534,Mycolicibacterium_porcinum,760,768,8
10535,Mycolicibacterium_porcinum,789,790,1
10536,Mycolicibacterium_porcinum,839,840,1
10537,Mycolicibacterium_porcinum,890,891,1
10538,Mycolicibacterium_porcinum,896,900,4
10539,Mycolicibacterium_porcinum,1010,1011,1
10540,Mycolicibacterium_porcinum,1068,1069,1
10541,Mycolicibacterium_porcinum,1168,1169,1
10542,Mycolicibacterium_porcinum,1185,1186,1
10543,Mycolicibacterium_porcinum,1211,1212,1
10544,Mycolicibacterium_porcinum,1237,1238,1
10545,Mycolicibacterium_porcinum,1398,1399,1
10546,Mycolicibacterium_porcinum,1430,1437,7
10547,Mycolicibacterium_porcinum,1438,1439,1
10548,Mycolicibacterium_porcinum,1441,1442,1
10549,Mycolicibacterium_porcinum,1445,1446,1
10550,Mycolicibacterium_porcinum,1449,1466,17
10551,Mycolicibacterium_porcinum,1491,1492,1
10552,Mycolicibacterium_porcinum,1707,1708,1
10553,Mycolicibacterium_porcinum,1748,1749,1
10554,Mycolicibacterium_porcinum,1751,1752,1
10555,Mycolicibacterium_porcinum,1756,1761,5
10556,Mycolicibacterium_porcinum,1771,1775,4
10557,Mycolicibacterium_porcinum,1776,1777,1
10558,Mycolicibacterium_porcinum,1784,1785,1
10559,Mycolicibacterium_porcinum,1789,1790,1
10560,Mycolicibacterium_porcinum,1802,1803,1
10561,Mycolicibacterium_porcinum,1918,1919,1
10562,Mycolicibacterium_porcinum,1954,1955,1
10563,Mycolicibacterium_porcinum,1993,1994,1
10564,Mycolicibacterium_porcinum,2132,2133,1
10565,Mycolicibacterium_porcinum,2136,2137,1
10566,Mycolicibacterium_porcinum,2138,2139,1
10567,Mycolicibacterium_porcinum,2143,2147,4
10568,Mycolicibacterium_porcinum,2151,2152,1
10569,Mycolicibacterium_porcinum,2162,2163,1
10570,Mycolicibacterium_porcinum,2285,2297,12
10571,Mycolicibacterium_porcinum,2299,2300,1
10572,Mycolicibacterium_porcinum,2303,2306,3
10573,Mycolicibacterium_porcinum,2309,2315,6
10574,Mycolicibacterium_porcinum,2316,2325,9
10575,Mycolicibacterium_porcinum,2379,2380,1
10576,Mycolicibacterium_porcinum,2664,2665,1
10577,Mycolicibacterium_porcinum,2723,2850,127
10578,Mycolicibacterium_porcinum,3376,3377,1
10579,Mycolicibacterium_porcinum,3378,3379,1
10580,Mycolicibacterium_porcinum,3433,3434,1
10581,Mycolicibacterium_alvei,1,3,2
10582,Mycolicibacterium_alvei,82,83,1
10583,Mycolicibacterium_alvei,186,187,1
10584,Mycolicibacterium_alvei,235,237,2
10585,Mycolicibacterium_alvei,238,240,2
10586,Mycolicibacterium_alvei,250,251,1
10587,Mycolicibacterium_alvei,295,296,1
10588,Mycolicibacterium_alvei,341,342,1
10589,Mycolicibacterium_alvei,359,360,1
10590,Mycolicibacterium_alvei,373,374,1
10591,Mycolicibacterium_alvei,401,402,1
10592,Mycolicibacterium_alvei,416,417,1
10593,Mycolicibacterium_alvei,451,452,1
10594,Mycolicibacterium_alvei,472,574,102
10595,Mycolicibacterium_alvei,753,756,3
10596,Mycolicibacterium_alvei,760,768,8
10597,Mycolicibacterium_alvei,789,790,1
10598,Mycolicibacterium_alvei,839,840,1
10599,Mycolicibacterium_alvei,890,891,1
10600,Mycolicibacterium_alvei,896,900,4
10601,Mycolicibacterium_alvei,1010,1011,1
10602,Mycolicibacterium_alvei,1068,1069,1
10603,Mycolicibacterium_alvei,1168,1169,1
10604,Mycolicibacterium_alvei,1185,1186,1
10605,Mycolicibacterium_alvei,1211,1212,1
10606,Mycolicibacterium_alvei,1237,1238,1
10607,Mycolicibacterium_alvei,1398,1399,1
10608,Mycolicibacterium_alvei,1430,1437,7
10609,Mycolicibacterium_alvei,1438,1439,1
10610,Mycolicibacterium_alvei,1445,1446,1
10611,Mycolicibacterium_alvei,1449,1464,15
10612,Mycolicibacterium_alvei,1491,1492,1
10613,Mycolicibacterium_alvei,1707,1708,1
10614,Mycolicibacterium_alvei,1748,1749,1
10615,Mycolicibacterium_alvei,1751,1752,1
10616,Mycolicibacterium_alvei,1756,1761,5
10617,Mycolicibacterium_alvei,1771,1775,4
10618,Mycolicibacterium_alvei,1776,1777,1
10619,Mycolicibacterium_alvei,1784,1785,1
10620,Mycolicibacterium_alvei,1789,1790,1
10621,Mycolicibacterium_alvei,1802,1803,1
10622,Mycolicibacterium_alvei,1918,1919,1
10623,Mycolicibacterium_alvei,1954,1955,1
10624,Mycolicibacterium_alvei,1993,1994,1
10625,Mycolicibacterium_alvei,2132,2133,1
10626,Mycolicibacterium_alvei,2136,2137,1
10627,Mycolicibacterium_alvei,2138,2139,1
10628,Mycolicibacterium_alvei,2143,2147,4
10629,Mycolicibacterium_alvei,2151,2152,1
10630,Mycolicibacterium_alvei,2162,2163,1
10631,Mycolicibacterium_alvei,2285,2297,12
10632,Mycolicibacterium_alvei,2299,2300,1
10633,Mycolicibacterium_alvei,2303,2306,3
10634,Mycolicibacterium_alvei,2309,2315,6
10635,Mycolicibacterium_alvei,2316,2325,9
10636,Mycolicibacterium_alvei,2379,2380,1
10637,Mycolicibacterium_alvei,2664,2665,1
10638,Mycolicibacterium_alvei,2723,2850,127
10639,Mycolicibacterium_alvei,3350,3352,2
10640,Mycolicibacterium_alvei,3369,3371,2
10641,Mycolicibacterium_alvei,3376,3377,1
10642,Mycolicibacterium_alvei,3378,3379,1
10643,Mycolicibacterium_alvei,3393,3395,2
10644,Mycolicibacterium_alvei,3433,3434,1
10645,Mycolicibacterium_vinylchloridicum,1,3,2
10646,Mycolicibacterium_vinylchloridicum,82,83,1
10647,Mycolicibacterium_vinylchloridicum,186,187,1
10648,Mycolicibacterium_vinylchloridicum,235,237,2
10649,Mycolicibacterium_vinylchloridicum,238,240,2
10650,Mycolicibacterium_vinylchloridicum,250,251,1
10651,Mycolicibacterium_vinylchloridicum,295,296,1
10652,Mycolicibacterium_vinylchloridicum,341,342,1
10653,Mycolicibacterium_vinylchloridicum,359,360,1
10654,Mycolicibacterium_vinylchloridicum,373,374,1
10655,Mycolicibacterium_vinylchloridicum,386,387,1
10656,Mycolicibacterium_vinylchloridicum,401,402,1
10657,Mycolicibacterium_vinylchloridicum,416,417,1
10658,Mycolicibacterium_vinylchloridicum,451,452,1
10659,Mycolicibacterium_vinylchloridicum,470,574,104
10660,Mycolicibacterium_vinylchloridicum,753,755,2
10661,Mycolicibacterium_vinylchloridicum,760,768,8
10662,Mycolicibacterium_vinylchloridicum,789,790,1
10663,Mycolicibacterium_vinylchloridicum,839,840,1
10664,Mycolicibacterium_vinylchloridicum,878,904,26
10665,Mycolicibacterium_vinylchloridicum,1010,1011,1
10666,Mycolicibacterium_vinylchloridicum,1068,1069,1
10667,Mycolicibacterium_vinylchloridicum,1168,1169,1
10668,Mycolicibacterium_vinylchloridicum,1185,1186,1
10669,Mycolicibacterium_vinylchloridicum,1190,1192,2
10670,Mycolicibacterium_vinylchloridicum,1211,1212,1
10671,Mycolicibacterium_vinylchloridicum,1237,1238,1
10672,Mycolicibacterium_vinylchloridicum,1398,1399,1
10673,Mycolicibacterium_vinylchloridicum,1430,1437,7
10674,Mycolicibacterium_vinylchloridicum,1438,1439,1
10675,Mycolicibacterium_vinylchloridicum,1445,1446,1
10676,Mycolicibacterium_vinylchloridicum,1448,1462,14
10677,Mycolicibacterium_vinylchloridicum,1491,1492,1
10678,Mycolicibacterium_vinylchloridicum,1707,1708,1
10679,Mycolicibacterium_vinylchloridicum,1748,1749,1
10680,Mycolicibacterium_vinylchloridicum,1751,1752,1
10681,Mycolicibacterium_vinylchloridicum,1756,1761,5
10682,Mycolicibacterium_vinylchloridicum,1771,1775,4
10683,Mycolicibacterium_vinylchloridicum,1776,1777,1
10684,Mycolicibacterium_vinylchloridicum,1784,1785,1
10685,Mycolicibacterium_vinylchloridicum,1789,1791,2
10686,Mycolicibacterium_vinylchloridicum,1802,1803,1
10687,Mycolicibacterium_vinylchloridicum,1918,1919,1
10688,Mycolicibacterium_vinylchloridicum,1954,1955,1
10689,Mycolicibacterium_vinylchloridicum,1993,1994,1
10690,Mycolicibacterium_vinylchloridicum,2121,2122,1
10691,Mycolicibacterium_vinylchloridicum,2132,2133,1
10692,Mycolicibacterium_vinylchloridicum,2136,2137,1
10693,Mycolicibacterium_vinylchloridicum,2138,2139,1
10694,Mycolicibacterium_vinylchloridicum,2143,2147,4
10695,Mycolicibacterium_vinylchloridicum,2151,2152,1
10696,Mycolicibacterium_vinylchloridicum,2162,2163,1
10697,Mycolicibacterium_vinylchloridicum,2285,2294,9
10698,Mycolicibacterium_vinylchloridicum,2296,2297,1
10699,Mycolicibacterium_vinylchloridicum,2299,2300,1
10700,Mycolicibacterium_vinylchloridicum,2303,2308,5
10701,Mycolicibacterium_vinylchloridicum,2309,2315,6
10702,Mycolicibacterium_vinylchloridicum,2316,2325,9
10703,Mycolicibacterium_vinylchloridicum,2379,2380,1
10704,Mycolicibacterium_vinylchloridicum,2664,2665,1
10705,Mycolicibacterium_vinylchloridicum,2723,2850,127
10706,Mycolicibacterium_vinylchloridicum,3376,3377,1
10707,Mycolicibacterium_vinylchloridicum,3378,3379,1
10708,Mycolicibacterium_vinylchloridicum,3433,3434,1
10709,Mycolicibacterium_setense,1,3,2
10710,Mycolicibacterium_setense,82,83,1
10711,Mycolicibacterium_setense,186,187,1
10712,Mycolicibacterium_setense,235,237,2
10713,Mycolicibacterium_setense,238,240,2
10714,Mycolicibacterium_setense,250,251,1
10715,Mycolicibacterium_setense,295,296,1
10716,Mycolicibacterium_setense,341,342,1
10717,Mycolicibacterium_setense,359,360,1
10718,Mycolicibacterium_setense,373,374,1
10719,Mycolicibacterium_setense,401,402,1
10720,Mycolicibacterium_setense,416,417,1
10721,Mycolicibacterium_setense,451,452,1
10722,Mycolicibacterium_setense,472,574,102
10723,Mycolicibacterium_setense,753,756,3
10724,Mycolicibacterium_setense,760,768,8
10725,Mycolicibacterium_setense,789,790,1
10726,Mycolicibacterium_setense,839,840,1
10727,Mycolicibacterium_setense,890,891,1
10728,Mycolicibacterium_setense,896,900,4
10729,Mycolicibacterium_setense,1010,1011,1
10730,Mycolicibacterium_setense,1068,1069,1
10731,Mycolicibacterium_setense,1168,1169,1
10732,Mycolicibacterium_setense,1185,1186,1
10733,Mycolicibacterium_setense,1211,1212,1
10734,Mycolicibacterium_setense,1237,1238,1
10735,Mycolicibacterium_setense,1398,1399,1
10736,Mycolicibacterium_setense,1430,1437,7
10737,Mycolicibacterium_setense,1445,1446,1
10738,Mycolicibacterium_setense,1449,1464,15
10739,Mycolicibacterium_setense,1491,1492,1
10740,Mycolicibacterium_setense,1707,1708,1
10741,Mycolicibacterium_setense,1748,1749,1
10742,Mycolicibacterium_setense,1751,1752,1
10743,Mycolicibacterium_setense,1756,1761,5
10744,Mycolicibacterium_setense,1771,1775,4
10745,Mycolicibacterium_setense,1776,1777,1
10746,Mycolicibacterium_setense,1784,1785,1
10747,Mycolicibacterium_setense,1789,1790,1
10748,Mycolicibacterium_setense,1802,1803,1
10749,Mycolicibacterium_setense,1918,1920,2
10750,Mycolicibacterium_setense,1954,1955,1
10751,Mycolicibacterium_setense,1993,1994,1
10752,Mycolicibacterium_setense,2132,2133,1
10753,Mycolicibacterium_setense,2136,2137,1
10754,Mycolicibacterium_setense,2138,2139,1
10755,Mycolicibacterium_setense,2143,2147,4
10756,Mycolicibacterium_setense,2151,2152,1
10757,Mycolicibacterium_setense,2162,2163,1
10758,Mycolicibacterium_setense,2285,2297,12
10759,Mycolicibacterium_setense,2299,2300,1
10760,Mycolicibacterium_setense,2303,2306,3
10761,Mycolicibacterium_setense,2309,2315,6
10762,Mycolicibacterium_setense,2316,2325,9
10763,Mycolicibacterium_setense,2379,2380,1
10764,Mycolicibacterium_setense,2664,2665,1
10765,Mycolicibacterium_setense,2723,2850,127
10766,Mycolicibacterium_setense,3376,3377,1
10767,Mycolicibacterium_setense,3378,3379,1
10768,Mycolicibacterium_setense,3433,3434,1
10769,Mycolicibacterium_senegalense,1,3,2
10770,Mycolicibacterium_senegalense,82,83,1
10771,Mycolicibacterium_senegalense,186,187,1
10772,Mycolicibacterium_senegalense,235,237,2
10773,Mycolicibacterium_senegalense,238,239,1
10774,Mycolicibacterium_senegalense,250,251,1
10775,Mycolicibacterium_senegalense,295,296,1
10776,Mycolicibacterium_senegalense,341,342,1
10777,Mycolicibacterium_senegalense,359,360,1
10778,Mycolicibacterium_senegalense,373,374,1
10779,Mycolicibacterium_senegalense,401,402,1
10780,Mycolicibacterium_senegalense,416,417,1
10781,Mycolicibacterium_senegalense,451,452,1
10782,Mycolicibacterium_senegalense,464,465,1
10783,Mycolicibacterium_senegalense,472,574,102
10784,Mycolicibacterium_senegalense,753,756,3
10785,Mycolicibacterium_senegalense,760,768,8
10786,Mycolicibacterium_senegalense,789,790,1
10787,Mycolicibacterium_senegalense,839,840,1
10788,Mycolicibacterium_senegalense,890,891,1
10789,Mycolicibacterium_senegalense,896,900,4
10790,Mycolicibacterium_senegalense,1010,1011,1
10791,Mycolicibacterium_senegalense,1068,1069,1
10792,Mycolicibacterium_senegalense,1168,1169,1
10793,Mycolicibacterium_senegalense,1185,1186,1
10794,Mycolicibacterium_senegalense,1211,1212,1
10795,Mycolicibacterium_senegalense,1237,1238,1
10796,Mycolicibacterium_senegalense,1398,1399,1
10797,Mycolicibacterium_senegalense,1430,1437,7
10798,Mycolicibacterium_senegalense,1438,1439,1
10799,Mycolicibacterium_senegalense,1441,1442,1
10800,Mycolicibacterium_senegalense,1445,1446,1
10801,Mycolicibacterium_senegalense,1449,1466,17
10802,Mycolicibacterium_senegalense,1491,1492,1
10803,Mycolicibacterium_senegalense,1707,1708,1
10804,Mycolicibacterium_senegalense,1748,1749,1
10805,Mycolicibacterium_senegalense,1751,1752,1
10806,Mycolicibacterium_senegalense,1756,1761,5
10807,Mycolicibacterium_senegalense,1771,1775,4
10808,Mycolicibacterium_senegalense,1776,1777,1
10809,Mycolicibacterium_senegalense,1784,1785,1
10810,Mycolicibacterium_senegalense,1789,1790,1
10811,Mycolicibacterium_senegalense,1802,1803,1
10812,Mycolicibacterium_senegalense,1918,1919,1
10813,Mycolicibacterium_senegalense,1954,1955,1
10814,Mycolicibacterium_senegalense,1993,1994,1
10815,Mycolicibacterium_senegalense,2132,2133,1
10816,Mycolicibacterium_senegalense,2136,2137,1
10817,Mycolicibacterium_senegalense,2138,2139,1
10818,Mycolicibacterium_senegalense,2143,2147,4
10819,Mycolicibacterium_senegalense,2151,2152,1
10820,Mycolicibacterium_senegalense,2162,2163,1
10821,Mycolicibacterium_senegalense,2285,2297,12
10822,Mycolicibacterium_senegalense,2299,2300,1
10823,Mycolicibacterium_senegalense,2303,2306,3
10824,Mycolicibacterium_senegalense,2309,2315,6
10825,Mycolicibacterium_senegalense,2316,2325,9
10826,Mycolicibacterium_senegalense,2664,2665,1
10827,Mycolicibacterium_senegalense,2723,2850,127
10828,Mycolicibacterium_senegalense,3376,3377,1
10829,Mycolicibacterium_senegalense,3378,3379,1
10830,Mycolicibacterium_senegalense,3433,3434,1
10831,Mycobacterium_botniense,1,3,2
10832,Mycobacterium_botniense,82,83,1
10833,Mycobacterium_botniense,186,187,1
10834,Mycobacterium_botniense,236,237,1
10835,Mycobacterium_botniense,238,240,2
10836,Mycobacterium_botniense,250,251,1
10837,Mycobacterium_botniense,295,296,1
10838,Mycobacterium_botniense,359,360,1
10839,Mycobacterium_botniense,373,374,1
10840,Mycobacterium_botniense,386,387,1
10841,Mycobacterium_botniense,401,402,1
10842,Mycobacterium_botniense,416,417,1
10843,Mycobacterium_botniense,451,452,1
10844,Mycobacterium_botniense,471,574,103
10845,Mycobacterium_botniense,753,755,2
10846,Mycobacterium_botniense,762,768,6
10847,Mycobacterium_botniense,789,790,1
10848,Mycobacterium_botniense,839,840,1
10849,Mycobacterium_botniense,890,891,1
10850,Mycobacterium_botniense,896,900,4
10851,Mycobacterium_botniense,1010,1011,1
10852,Mycobacterium_botniense,1068,1069,1
10853,Mycobacterium_botniense,1168,1169,1
10854,Mycobacterium_botniense,1184,1186,2
10855,Mycobacterium_botniense,1190,1192,2
10856,Mycobacterium_botniense,1211,1213,2
10857,Mycobacterium_botniense,1237,1238,1
10858,Mycobacterium_botniense,1398,1399,1
10859,Mycobacterium_botniense,1430,1437,7
10860,Mycobacterium_botniense,1438,1439,1
10861,Mycobacterium_botniense,1445,1446,1
10862,Mycobacterium_botniense,1449,1462,13
10863,Mycobacterium_botniense,1491,1492,1
10864,Mycobacterium_botniense,1515,1516,1
10865,Mycobacterium_botniense,1707,1708,1
10866,Mycobacterium_botniense,1748,1749,1
10867,Mycobacterium_botniense,1757,1761,4
10868,Mycobacterium_botniense,1772,1775,3
10869,Mycobacterium_botniense,1784,1785,1
10870,Mycobacterium_botniense,1789,1791,2
10871,Mycobacterium_botniense,1802,1803,1
10872,Mycobacterium_botniense,1918,1919,1
10873,Mycobacterium_botniense,1954,1955,1
10874,Mycobacterium_botniense,1993,1994,1
10875,Mycobacterium_botniense,2132,2133,1
10876,Mycobacterium_botniense,2136,2137,1
10877,Mycobacterium_botniense,2138,2139,1
10878,Mycobacterium_botniense,2143,2147,4
10879,Mycobacterium_botniense,2151,2152,1
10880,Mycobacterium_botniense,2162,2163,1
10881,Mycobacterium_botniense,2285,2294,9
10882,Mycobacterium_botniense,2296,2297,1
10883,Mycobacterium_botniense,2299,2303,4
10884,Mycobacterium_botniense,2309,2315,6
10885,Mycobacterium_botniense,2316,2325,9
10886,Mycobacterium_botniense,2379,2380,1
10887,Mycobacterium_botniense,2723,2850,127
10888,Mycobacterium_botniense,3376,3377,1
10889,Mycobacterium_botniense,3378,3379,1
10890,Mycobacterium_botniense,3433,3434,1
10891,Mycolicibacterium_iranicum,1,3,2
10892,Mycolicibacterium_iranicum,82,83,1
10893,Mycolicibacterium_iranicum,186,187,1
10894,Mycolicibacterium_iranicum,235,237,2
10895,Mycolicibacterium_iranicum,238,240,2
10896,Mycolicibacterium_iranicum,250,251,1
10897,Mycolicibacterium_iranicum,295,296,1
10898,Mycolicibacterium_iranicum,341,342,1
10899,Mycolicibacterium_iranicum,359,360,1
10900,Mycolicibacterium_iranicum,373,374,1
10901,Mycolicibacterium_iranicum,386,387,1
10902,Mycolicibacterium_iranicum,401,402,1
10903,Mycolicibacterium_iranicum,451,452,1
10904,Mycolicibacterium_iranicum,753,756,3
10905,Mycolicibacterium_iranicum,760,761,1
10906,Mycolicibacterium_iranicum,762,768,6
10907,Mycolicibacterium_iranicum,789,790,1
10908,Mycolicibacterium_iranicum,839,840,1
10909,Mycolicibacterium_iranicum,890,891,1
10910,Mycolicibacterium_iranicum,896,900,4
10911,Mycolicibacterium_iranicum,1010,1011,1
10912,Mycolicibacterium_iranicum,1068,1069,1
10913,Mycolicibacterium_iranicum,1168,1169,1
10914,Mycolicibacterium_iranicum,1185,1186,1
10915,Mycolicibacterium_iranicum,1190,1192,2
10916,Mycolicibacterium_iranicum,1211,1212,1
10917,Mycolicibacterium_iranicum,1237,1238,1
10918,Mycolicibacterium_iranicum,1398,1399,1
10919,Mycolicibacterium_iranicum,1430,1437,7
10920,Mycolicibacterium_iranicum,1438,1439,1
10921,Mycolicibacterium_iranicum,1445,1462,17
10922,Mycolicibacterium_iranicum,1491,1492,1
10923,Mycolicibacterium_iranicum,1707,1708,1
10924,Mycolicibacterium_iranicum,1748,1749,1
10925,Mycolicibacterium_iranicum,1751,1752,1
10926,Mycolicibacterium_iranicum,1756,1761,5
10927,Mycolicibacterium_iranicum,1771,1775,4
10928,Mycolicibacterium_iranicum,1776,1777,1
10929,Mycolicibacterium_iranicum,1784,1785,1
10930,Mycolicibacterium_iranicum,1789,1791,2
10931,Mycolicibacterium_iranicum,1802,1803,1
10932,Mycolicibacterium_iranicum,1918,1920,2
10933,Mycolicibacterium_iranicum,1954,1955,1
10934,Mycolicibacterium_iranicum,1993,1994,1
10935,Mycolicibacterium_iranicum,2132,2133,1
10936,Mycolicibacterium_iranicum,2136,2137,1
10937,Mycolicibacterium_iranicum,2138,2139,1
10938,Mycolicibacterium_iranicum,2143,2147,4
10939,Mycolicibacterium_iranicum,2151,2152,1
10940,Mycolicibacterium_iranicum,2162,2163,1
10941,Mycolicibacterium_iranicum,2285,2294,9
10942,Mycolicibacterium_iranicum,2296,2297,1
10943,Mycolicibacterium_iranicum,2299,2300,1
10944,Mycolicibacterium_iranicum,2302,2307,5
10945,Mycolicibacterium_iranicum,2309,2315,6
10946,Mycolicibacterium_iranicum,2316,2325,9
10947,Mycolicibacterium_iranicum,2379,2380,1
10948,Mycolicibacterium_iranicum,2664,2665,1
10949,Mycolicibacterium_iranicum,2723,2850,127
10950,Mycolicibacterium_iranicum,3376,3377,1
10951,Mycolicibacterium_iranicum,3378,3379,1
10952,Mycolicibacterium_iranicum,3433,3434,1
10953,Mycolicibacterium_farcinogenes,1,3,2
10954,Mycolicibacterium_farcinogenes,82,83,1
10955,Mycolicibacterium_farcinogenes,186,187,1
10956,Mycolicibacterium_farcinogenes,235,237,2
10957,Mycolicibacterium_farcinogenes,238,239,1
10958,Mycolicibacterium_farcinogenes,250,251,1
10959,Mycolicibacterium_farcinogenes,295,296,1
10960,Mycolicibacterium_farcinogenes,341,342,1
10961,Mycolicibacterium_farcinogenes,359,360,1
10962,Mycolicibacterium_farcinogenes,373,374,1
10963,Mycolicibacterium_farcinogenes,401,402,1
10964,Mycolicibacterium_farcinogenes,416,417,1
10965,Mycolicibacterium_farcinogenes,451,452,1
10966,Mycolicibacterium_farcinogenes,464,465,1
10967,Mycolicibacterium_farcinogenes,472,574,102
10968,Mycolicibacterium_farcinogenes,753,756,3
10969,Mycolicibacterium_farcinogenes,760,768,8
10970,Mycolicibacterium_farcinogenes,789,790,1
10971,Mycolicibacterium_farcinogenes,839,840,1
10972,Mycolicibacterium_farcinogenes,890,891,1
10973,Mycolicibacterium_farcinogenes,896,900,4
10974,Mycolicibacterium_farcinogenes,1010,1011,1
10975,Mycolicibacterium_farcinogenes,1068,1069,1
10976,Mycolicibacterium_farcinogenes,1168,1169,1
10977,Mycolicibacterium_farcinogenes,1185,1186,1
10978,Mycolicibacterium_farcinogenes,1211,1212,1
10979,Mycolicibacterium_farcinogenes,1237,1238,1
10980,Mycolicibacterium_farcinogenes,1398,1399,1
10981,Mycolicibacterium_farcinogenes,1430,1437,7
10982,Mycolicibacterium_farcinogenes,1438,1439,1
10983,Mycolicibacterium_farcinogenes,1441,1442,1
10984,Mycolicibacterium_farcinogenes,1445,1446,1
10985,Mycolicibacterium_farcinogenes,1449,1466,17
10986,Mycolicibacterium_farcinogenes,1491,1492,1
10987,Mycolicibacterium_farcinogenes,1707,1708,1
10988,Mycolicibacterium_farcinogenes,1748,1749,1
10989,Mycolicibacterium_farcinogenes,1751,1752,1
10990,Mycolicibacterium_farcinogenes,1756,1761,5
10991,Mycolicibacterium_farcinogenes,1771,1775,4
10992,Mycolicibacterium_farcinogenes,1776,1777,1
10993,Mycolicibacterium_farcinogenes,1784,1785,1
10994,Mycolicibacterium_farcinogenes,1789,1790,1
10995,Mycolicibacterium_farcinogenes,1802,1803,1
10996,Mycolicibacterium_farcinogenes,1918,1919,1
10997,Mycolicibacterium_farcinogenes,1954,1955,1
10998,Mycolicibacterium_farcinogenes,1993,1994,1
10999,Mycolicibacterium_farcinogenes,2132,2133,1
11000,Mycolicibacterium_farcinogenes,2136,2137,1
11001,Mycolicibacterium_farcinogenes,2138,2139,1
11002,Mycolicibacterium_farcinogenes,2143,2147,4
11003,Mycolicibacterium_farcinogenes,2151,2152,1
11004,Mycolicibacterium_farcinogenes,2162,2163,1
11005,Mycolicibacterium_farcinogenes,2285,2297,12
11006,Mycolicibacterium_farcinogenes,2299,2300,1
11007,Mycolicibacterium_farcinogenes,2303,2306,3
11008,Mycolicibacterium_farcinogenes,2309,2315,6
11009,Mycolicibacterium_farcinogenes,2316,2325,9
11010,Mycolicibacterium_farcinogenes,2379,2380,1
11011,Mycolicibacterium_farcinogenes,2664,2665,1
11012,Mycolicibacterium_farcinogenes,2723,2850,127
11013,Mycolicibacterium_farcinogenes,3376,3377,1
11014,Mycolicibacterium_farcinogenes,3378,3379,1
11015,Mycolicibacterium_farcinogenes,3433,3434,1
11016,Mycolicibacterium_hassiacum,1,3,2
11017,Mycolicibacterium_hassiacum,82,83,1
11018,Mycolicibacterium_hassiacum,186,187,1
11019,Mycolicibacterium_hassiacum,235,237,2
11020,Mycolicibacterium_hassiacum,238,240,2
11021,Mycolicibacterium_hassiacum,250,251,1
11022,Mycolicibacterium_hassiacum,277,278,1
11023,Mycolicibacterium_hassiacum,295,296,1
11024,Mycolicibacterium_hassiacum,359,360,1
11025,Mycolicibacterium_hassiacum,373,374,1
11026,Mycolicibacterium_hassiacum,386,387,1
11027,Mycolicibacterium_hassiacum,401,402,1
11028,Mycolicibacterium_hassiacum,416,417,1
11029,Mycolicibacterium_hassiacum,451,452,1
11030,Mycolicibacterium_hassiacum,472,574,102
11031,Mycolicibacterium_hassiacum,753,768,15
11032,Mycolicibacterium_hassiacum,789,790,1
11033,Mycolicibacterium_hassiacum,890,891,1
11034,Mycolicibacterium_hassiacum,896,900,4
11035,Mycolicibacterium_hassiacum,1010,1011,1
11036,Mycolicibacterium_hassiacum,1068,1069,1
11037,Mycolicibacterium_hassiacum,1168,1169,1
11038,Mycolicibacterium_hassiacum,1185,1186,1
11039,Mycolicibacterium_hassiacum,1190,1192,2
11040,Mycolicibacterium_hassiacum,1211,1212,1
11041,Mycolicibacterium_hassiacum,1237,1238,1
11042,Mycolicibacterium_hassiacum,1398,1399,1
11043,Mycolicibacterium_hassiacum,1430,1437,7
11044,Mycolicibacterium_hassiacum,1445,1462,17
11045,Mycolicibacterium_hassiacum,1491,1492,1
11046,Mycolicibacterium_hassiacum,1515,1516,1
11047,Mycolicibacterium_hassiacum,1707,1708,1
11048,Mycolicibacterium_hassiacum,1748,1749,1
11049,Mycolicibacterium_hassiacum,1751,1760,9
11050,Mycolicibacterium_hassiacum,1771,1777,6
11051,Mycolicibacterium_hassiacum,1784,1785,1
11052,Mycolicibacterium_hassiacum,1789,1791,2
11053,Mycolicibacterium_hassiacum,1802,1803,1
11054,Mycolicibacterium_hassiacum,1918,1920,2
11055,Mycolicibacterium_hassiacum,1954,1955,1
11056,Mycolicibacterium_hassiacum,1993,1994,1
11057,Mycolicibacterium_hassiacum,2132,2133,1
11058,Mycolicibacterium_hassiacum,2136,2137,1
11059,Mycolicibacterium_hassiacum,2138,2139,1
11060,Mycolicibacterium_hassiacum,2143,2147,4
11061,Mycolicibacterium_hassiacum,2150,2152,2
11062,Mycolicibacterium_hassiacum,2162,2163,1
11063,Mycolicibacterium_hassiacum,2285,2294,9
11064,Mycolicibacterium_hassiacum,2296,2297,1
11065,Mycolicibacterium_hassiacum,2299,2300,1
11066,Mycolicibacterium_hassiacum,2302,2307,5
11067,Mycolicibacterium_hassiacum,2309,2315,6
11068,Mycolicibacterium_hassiacum,2316,2325,9
11069,Mycolicibacterium_hassiacum,2379,2380,1
11070,Mycolicibacterium_hassiacum,2664,2665,1
11071,Mycolicibacterium_hassiacum,2723,2850,127
11072,Mycolicibacterium_hassiacum,3376,3377,1
11073,Mycolicibacterium_hassiacum,3378,3379,1
11074,Mycolicibacterium_hassiacum,3433,3434,1
11075,Mycolicibacterium_neworleansense,82,83,1
11076,Mycolicibacterium_neworleansense,186,187,1
11077,Mycolicibacterium_neworleansense,235,237,2
11078,Mycolicibacterium_neworleansense,238,239,1
11079,Mycolicibacterium_neworleansense,250,251,1
11080,Mycolicibacterium_neworleansense,295,296,1
11081,Mycolicibacterium_neworleansense,341,342,1
11082,Mycolicibacterium_neworleansense,359,360,1
11083,Mycolicibacterium_neworleansense,373,374,1
11084,Mycolicibacterium_neworleansense,401,402,1
11085,Mycolicibacterium_neworleansense,416,417,1
11086,Mycolicibacterium_neworleansense,451,452,1
11087,Mycolicibacterium_neworleansense,472,574,102
11088,Mycolicibacterium_neworleansense,753,755,2
11089,Mycolicibacterium_neworleansense,760,768,8
11090,Mycolicibacterium_neworleansense,789,790,1
11091,Mycolicibacterium_neworleansense,839,840,1
11092,Mycolicibacterium_neworleansense,890,891,1
11093,Mycolicibacterium_neworleansense,896,900,4
11094,Mycolicibacterium_neworleansense,1010,1011,1
11095,Mycolicibacterium_neworleansense,1068,1069,1
11096,Mycolicibacterium_neworleansense,1168,1169,1
11097,Mycolicibacterium_neworleansense,1185,1186,1
11098,Mycolicibacterium_neworleansense,1211,1212,1
11099,Mycolicibacterium_neworleansense,1237,1238,1
11100,Mycolicibacterium_neworleansense,1398,1399,1
11101,Mycolicibacterium_neworleansense,1430,1437,7
11102,Mycolicibacterium_neworleansense,1438,1439,1
11103,Mycolicibacterium_neworleansense,1445,1446,1
11104,Mycolicibacterium_neworleansense,1449,1465,16
11105,Mycolicibacterium_neworleansense,1491,1492,1
11106,Mycolicibacterium_neworleansense,1707,1708,1
11107,Mycolicibacterium_neworleansense,1748,1749,1
11108,Mycolicibacterium_neworleansense,1751,1752,1
11109,Mycolicibacterium_neworleansense,1756,1761,5
11110,Mycolicibacterium_neworleansense,1771,1775,4
11111,Mycolicibacterium_neworleansense,1776,1777,1
11112,Mycolicibacterium_neworleansense,1784,1785,1
11113,Mycolicibacterium_neworleansense,1789,1790,1
11114,Mycolicibacterium_neworleansense,1802,1803,1
11115,Mycolicibacterium_neworleansense,1918,1919,1
11116,Mycolicibacterium_neworleansense,1954,1955,1
11117,Mycolicibacterium_neworleansense,1993,1994,1
11118,Mycolicibacterium_neworleansense,2132,2133,1
11119,Mycolicibacterium_neworleansense,2136,2137,1
11120,Mycolicibacterium_neworleansense,2138,2139,1
11121,Mycolicibacterium_neworleansense,2143,2147,4
11122,Mycolicibacterium_neworleansense,2151,2152,1
11123,Mycolicibacterium_neworleansense,2162,2163,1
11124,Mycolicibacterium_neworleansense,2285,2297,12
11125,Mycolicibacterium_neworleansense,2299,2300,1
11126,Mycolicibacterium_neworleansense,2303,2306,3
11127,Mycolicibacterium_neworleansense,2309,2315,6
11128,Mycolicibacterium_neworleansense,2316,2325,9
11129,Mycolicibacterium_neworleansense,2379,2380,1
11130,Mycolicibacterium_neworleansense,2664,2665,1
11131,Mycolicibacterium_neworleansense,2723,2850,127
11132,Mycolicibacterium_neworleansense,3376,3377,1
11133,Mycolicibacterium_neworleansense,3378,3379,1
11134,Mycolicibacterium_neworleansense,3433,3434,1
11135,Mycolicibacterium_acetamidolyticum,1,3,2
11136,Mycolicibacterium_acetamidolyticum,82,83,1
11137,Mycolicibacterium_acetamidolyticum,186,187,1
11138,Mycolicibacterium_acetamidolyticum,235,237,2
11139,Mycolicibacterium_acetamidolyticum,238,239,1
11140,Mycolicibacterium_acetamidolyticum,250,251,1
11141,Mycolicibacterium_acetamidolyticum,295,296,1
11142,Mycolicibacterium_acetamidolyticum,341,342,1
11143,Mycolicibacterium_acetamidolyticum,359,360,1
11144,Mycolicibacterium_acetamidolyticum,373,374,1
11145,Mycolicibacterium_acetamidolyticum,401,402,1
11146,Mycolicibacterium_acetamidolyticum,416,417,1
11147,Mycolicibacterium_acetamidolyticum,451,452,1
11148,Mycolicibacterium_acetamidolyticum,472,574,102
11149,Mycolicibacterium_acetamidolyticum,754,755,1
11150,Mycolicibacterium_acetamidolyticum,760,768,8
11151,Mycolicibacterium_acetamidolyticum,789,790,1
11152,Mycolicibacterium_acetamidolyticum,839,840,1
11153,Mycolicibacterium_acetamidolyticum,890,891,1
11154,Mycolicibacterium_acetamidolyticum,896,900,4
11155,Mycolicibacterium_acetamidolyticum,1010,1011,1
11156,Mycolicibacterium_acetamidolyticum,1068,1069,1
11157,Mycolicibacterium_acetamidolyticum,1168,1169,1
11158,Mycolicibacterium_acetamidolyticum,1185,1186,1
11159,Mycolicibacterium_acetamidolyticum,1211,1212,1
11160,Mycolicibacterium_acetamidolyticum,1237,1238,1
11161,Mycolicibacterium_acetamidolyticum,1398,1399,1
11162,Mycolicibacterium_acetamidolyticum,1430,1437,7
11163,Mycolicibacterium_acetamidolyticum,1438,1439,1
11164,Mycolicibacterium_acetamidolyticum,1441,1442,1
11165,Mycolicibacterium_acetamidolyticum,1445,1446,1
11166,Mycolicibacterium_acetamidolyticum,1449,1466,17
11167,Mycolicibacterium_acetamidolyticum,1491,1492,1
11168,Mycolicibacterium_acetamidolyticum,1707,1708,1
11169,Mycolicibacterium_acetamidolyticum,1748,1749,1
11170,Mycolicibacterium_acetamidolyticum,1751,1752,1
11171,Mycolicibacterium_acetamidolyticum,1756,1761,5
11172,Mycolicibacterium_acetamidolyticum,1771,1775,4
11173,Mycolicibacterium_acetamidolyticum,1776,1777,1
11174,Mycolicibacterium_acetamidolyticum,1784,1785,1
11175,Mycolicibacterium_acetamidolyticum,1789,1790,1
11176,Mycolicibacterium_acetamidolyticum,1802,1803,1
11177,Mycolicibacterium_acetamidolyticum,1918,1919,1
11178,Mycolicibacterium_acetamidolyticum,1954,1955,1
11179,Mycolicibacterium_acetamidolyticum,1993,1994,1
11180,Mycolicibacterium_acetamidolyticum,2132,2133,1
11181,Mycolicibacterium_acetamidolyticum,2136,2137,1
11182,Mycolicibacterium_acetamidolyticum,2138,2139,1
11183,Mycolicibacterium_acetamidolyticum,2143,2147,4
11184,Mycolicibacterium_acetamidolyticum,2151,2152,1
11185,Mycolicibacterium_acetamidolyticum,2162,2163,1
11186,Mycolicibacterium_acetamidolyticum,2285,2297,12
11187,Mycolicibacterium_acetamidolyticum,2299,2300,1
11188,Mycolicibacterium_acetamidolyticum,2303,2306,3
11189,Mycolicibacterium_acetamidolyticum,2309,2315,6
11190,Mycolicibacterium_acetamidolyticum,2316,2325,9
11191,Mycolicibacterium_acetamidolyticum,2379,2380,1
11192,Mycolicibacterium_acetamidolyticum,2664,2665,1
11193,Mycolicibacterium_acetamidolyticum,2723,2850,127
11194,Mycolicibacterium_acetamidolyticum,3376,3377,1
11195,Mycolicibacterium_acetamidolyticum,3378,3379,1
11196,Mycolicibacterium_acetamidolyticum,3433,3434,1
11197,Mycolicibacterium_gadium,1,3,2
11198,Mycolicibacterium_gadium,82,83,1
11199,Mycolicibacterium_gadium,186,187,1
11200,Mycolicibacterium_gadium,235,237,2
11201,Mycolicibacterium_gadium,238,240,2
11202,Mycolicibacterium_gadium,250,251,1
11203,Mycolicibacterium_gadium,295,296,1
11204,Mycolicibacterium_gadium,341,342,1
11205,Mycolicibacterium_gadium,359,360,1
11206,Mycolicibacterium_gadium,373,374,1
11207,Mycolicibacterium_gadium,386,387,1
11208,Mycolicibacterium_gadium,401,402,1
11209,Mycolicibacterium_gadium,416,417,1
11210,Mycolicibacterium_gadium,451,452,1
11211,Mycolicibacterium_gadium,471,574,103
11212,Mycolicibacterium_gadium,696,699,3
11213,Mycolicibacterium_gadium,753,755,2
11214,Mycolicibacterium_gadium,760,761,1
11215,Mycolicibacterium_gadium,762,768,6
11216,Mycolicibacterium_gadium,789,790,1
11217,Mycolicibacterium_gadium,839,840,1
11218,Mycolicibacterium_gadium,890,891,1
11219,Mycolicibacterium_gadium,896,900,4
11220,Mycolicibacterium_gadium,1010,1011,1
11221,Mycolicibacterium_gadium,1068,1069,1
11222,Mycolicibacterium_gadium,1168,1169,1
11223,Mycolicibacterium_gadium,1185,1186,1
11224,Mycolicibacterium_gadium,1211,1212,1
11225,Mycolicibacterium_gadium,1237,1238,1
11226,Mycolicibacterium_gadium,1398,1399,1
11227,Mycolicibacterium_gadium,1430,1437,7
11228,Mycolicibacterium_gadium,1438,1439,1
11229,Mycolicibacterium_gadium,1445,1446,1
11230,Mycolicibacterium_gadium,1455,1459,4
11231,Mycolicibacterium_gadium,1491,1492,1
11232,Mycolicibacterium_gadium,1707,1708,1
11233,Mycolicibacterium_gadium,1748,1749,1
11234,Mycolicibacterium_gadium,1756,1761,5
11235,Mycolicibacterium_gadium,1771,1775,4
11236,Mycolicibacterium_gadium,1776,1777,1
11237,Mycolicibacterium_gadium,1789,1791,2
11238,Mycolicibacterium_gadium,1802,1803,1
11239,Mycolicibacterium_gadium,1918,1919,1
11240,Mycolicibacterium_gadium,1954,1955,1
11241,Mycolicibacterium_gadium,1993,1994,1
11242,Mycolicibacterium_gadium,2132,2133,1
11243,Mycolicibacterium_gadium,2136,2137,1
11244,Mycolicibacterium_gadium,2138,2139,1
11245,Mycolicibacterium_gadium,2143,2147,4
11246,Mycolicibacterium_gadium,2151,2152,1
11247,Mycolicibacterium_gadium,2162,2163,1
11248,Mycolicibacterium_gadium,2285,2294,9
11249,Mycolicibacterium_gadium,2296,2297,1
11250,Mycolicibacterium_gadium,2299,2300,1
11251,Mycolicibacterium_gadium,2303,2306,3
11252,Mycolicibacterium_gadium,2309,2315,6
11253,Mycolicibacterium_gadium,2316,2325,9
11254,Mycolicibacterium_gadium,2379,2380,1
11255,Mycolicibacterium_gadium,2664,2665,1
11256,Mycolicibacterium_gadium,2723,2850,127
11257,Mycolicibacterium_gadium,3376,3377,1
11258,Mycolicibacterium_gadium,3378,3379,1
11259,Mycolicibacterium_gadium,3433,3434,1
11260,Mycolicibacterium_fortuitum,1,3,2
11261,Mycolicibacterium_fortuitum,82,83,1
11262,Mycolicibacterium_fortuitum,186,187,1
11263,Mycolicibacterium_fortuitum,235,237,2
11264,Mycolicibacterium_fortuitum,238,239,1
11265,Mycolicibacterium_fortuitum,250,251,1
11266,Mycolicibacterium_fortuitum,295,296,1
11267,Mycolicibacterium_fortuitum,341,342,1
11268,Mycolicibacterium_fortuitum,359,360,1
11269,Mycolicibacterium_fortuitum,373,374,1
11270,Mycolicibacterium_fortuitum,401,402,1
11271,Mycolicibacterium_fortuitum,416,417,1
11272,Mycolicibacterium_fortuitum,451,452,1
11273,Mycolicibacterium_fortuitum,472,574,102
11274,Mycolicibacterium_fortuitum,754,755,1
11275,Mycolicibacterium_fortuitum,760,768,8
11276,Mycolicibacterium_fortuitum,789,790,1
11277,Mycolicibacterium_fortuitum,839,840,1
11278,Mycolicibacterium_fortuitum,890,891,1
11279,Mycolicibacterium_fortuitum,896,900,4
11280,Mycolicibacterium_fortuitum,1010,1011,1
11281,Mycolicibacterium_fortuitum,1068,1069,1
11282,Mycolicibacterium_fortuitum,1168,1169,1
11283,Mycolicibacterium_fortuitum,1185,1186,1
11284,Mycolicibacterium_fortuitum,1211,1212,1
11285,Mycolicibacterium_fortuitum,1237,1238,1
11286,Mycolicibacterium_fortuitum,1398,1399,1
11287,Mycolicibacterium_fortuitum,1430,1437,7
11288,Mycolicibacterium_fortuitum,1438,1439,1
11289,Mycolicibacterium_fortuitum,1441,1442,1
11290,Mycolicibacterium_fortuitum,1445,1446,1
11291,Mycolicibacterium_fortuitum,1449,1466,17
11292,Mycolicibacterium_fortuitum,1491,1492,1
11293,Mycolicibacterium_fortuitum,1707,1708,1
11294,Mycolicibacterium_fortuitum,1748,1749,1
11295,Mycolicibacterium_fortuitum,1751,1752,1
11296,Mycolicibacterium_fortuitum,1756,1761,5
11297,Mycolicibacterium_fortuitum,1771,1775,4
11298,Mycolicibacterium_fortuitum,1776,1777,1
11299,Mycolicibacterium_fortuitum,1784,1785,1
11300,Mycolicibacterium_fortuitum,1789,1790,1
11301,Mycolicibacterium_fortuitum,1802,1803,1
11302,Mycolicibacterium_fortuitum,1918,1919,1
11303,Mycolicibacterium_fortuitum,1954,1955,1
11304,Mycolicibacterium_fortuitum,1993,1994,1
11305,Mycolicibacterium_fortuitum,2132,2133,1
11306,Mycolicibacterium_fortuitum,2136,2137,1
11307,Mycolicibacterium_fortuitum,2138,2139,1
11308,Mycolicibacterium_fortuitum,2143,2147,4
11309,Mycolicibacterium_fortuitum,2151,2152,1
11310,Mycolicibacterium_fortuitum,2162,2163,1
11311,Mycolicibacterium_fortuitum,2285,2297,12
11312,Mycolicibacterium_fortuitum,2299,2300,1
11313,Mycolicibacterium_fortuitum,2303,2306,3
11314,Mycolicibacterium_fortuitum,2309,2315,6
11315,Mycolicibacterium_fortuitum,2316,2325,9
11316,Mycolicibacterium_fortuitum,2379,2380,1
11317,Mycolicibacterium_fortuitum,2664,2665,1
11318,Mycolicibacterium_fortuitum,2723,2850,127
11319,Mycolicibacterium_fortuitum,3376,3377,1
11320,Mycolicibacterium_fortuitum,3378,3379,1
11321,Mycolicibacterium_fortuitum,3433,3434,1
11322,Mycolicibacterium_fallax,1,3,2
11323,Mycolicibacterium_fallax,82,83,1
11324,Mycolicibacterium_fallax,186,187,1
11325,Mycolicibacterium_fallax,235,237,2
11326,Mycolicibacterium_fallax,238,240,2
11327,Mycolicibacterium_fallax,250,251,1
11328,Mycolicibacterium_fallax,295,296,1
11329,Mycolicibacterium_fallax,341,342,1
11330,Mycolicibacterium_fallax,359,360,1
11331,Mycolicibacterium_fallax,373,374,1
11332,Mycolicibacterium_fallax,386,387,1
11333,Mycolicibacterium_fallax,401,402,1
11334,Mycolicibacterium_fallax,416,417,1
11335,Mycolicibacterium_fallax,451,452,1
11336,Mycolicibacterium_fallax,471,574,103
11337,Mycolicibacterium_fallax,753,755,2
11338,Mycolicibacterium_fallax,760,761,1
11339,Mycolicibacterium_fallax,762,768,6
11340,Mycolicibacterium_fallax,789,790,1
11341,Mycolicibacterium_fallax,839,840,1
11342,Mycolicibacterium_fallax,886,893,7
11343,Mycolicibacterium_fallax,896,900,4
11344,Mycolicibacterium_fallax,1010,1011,1
11345,Mycolicibacterium_fallax,1068,1069,1
11346,Mycolicibacterium_fallax,1185,1186,1
11347,Mycolicibacterium_fallax,1190,1192,2
11348,Mycolicibacterium_fallax,1211,1212,1
11349,Mycolicibacterium_fallax,1237,1238,1
11350,Mycolicibacterium_fallax,1431,1436,5
11351,Mycolicibacterium_fallax,1438,1439,1
11352,Mycolicibacterium_fallax,1445,1462,17
11353,Mycolicibacterium_fallax,1491,1492,1
11354,Mycolicibacterium_fallax,1707,1708,1
11355,Mycolicibacterium_fallax,1744,1745,1
11356,Mycolicibacterium_fallax,1748,1749,1
11357,Mycolicibacterium_fallax,1751,1752,1
11358,Mycolicibacterium_fallax,1756,1761,5
11359,Mycolicibacterium_fallax,1772,1778,6
11360,Mycolicibacterium_fallax,1784,1785,1
11361,Mycolicibacterium_fallax,1789,1791,2
11362,Mycolicibacterium_fallax,1802,1803,1
11363,Mycolicibacterium_fallax,1918,1920,2
11364,Mycolicibacterium_fallax,1954,1955,1
11365,Mycolicibacterium_fallax,1993,1994,1
11366,Mycolicibacterium_fallax,2132,2133,1
11367,Mycolicibacterium_fallax,2136,2137,1
11368,Mycolicibacterium_fallax,2138,2139,1
11369,Mycolicibacterium_fallax,2143,2147,4
11370,Mycolicibacterium_fallax,2151,2152,1
11371,Mycolicibacterium_fallax,2162,2163,1
11372,Mycolicibacterium_fallax,2200,2201,1
11373,Mycolicibacterium_fallax,2296,2297,1
11374,Mycolicibacterium_fallax,2299,2325,26
11375,Mycolicibacterium_fallax,2379,2380,1
11376,Mycolicibacterium_fallax,2664,2665,1
11377,Mycolicibacterium_fallax,2723,2850,127
11378,Mycolicibacterium_fallax,3376,3377,1
11379,Mycolicibacterium_fallax,3378,3379,1
11380,Mycolicibacterium_fallax,3433,3434,1
11381,Mycolicibacterium_murale,1,3,2
11382,Mycolicibacterium_murale,82,83,1
11383,Mycolicibacterium_murale,186,187,1
11384,Mycolicibacterium_murale,235,237,2
11385,Mycolicibacterium_murale,238,240,2
11386,Mycolicibacterium_murale,250,251,1
11387,Mycolicibacterium_murale,295,296,1
11388,Mycolicibacterium_murale,341,342,1
11389,Mycolicibacterium_murale,359,360,1
11390,Mycolicibacterium_murale,373,374,1
11391,Mycolicibacterium_murale,386,387,1
11392,Mycolicibacterium_murale,401,402,1
11393,Mycolicibacterium_murale,416,417,1
11394,Mycolicibacterium_murale,451,452,1
11395,Mycolicibacterium_murale,471,574,103
11396,Mycolicibacterium_murale,753,757,4
11397,Mycolicibacterium_murale,760,767,7
11398,Mycolicibacterium_murale,789,790,1
11399,Mycolicibacterium_murale,839,840,1
11400,Mycolicibacterium_murale,886,893,7
11401,Mycolicibacterium_murale,896,900,4
11402,Mycolicibacterium_murale,1010,1012,2
11403,Mycolicibacterium_murale,1068,1069,1
11404,Mycolicibacterium_murale,1168,1169,1
11405,Mycolicibacterium_murale,1185,1186,1
11406,Mycolicibacterium_murale,1190,1192,2
11407,Mycolicibacterium_murale,1211,1212,1
11408,Mycolicibacterium_murale,1237,1238,1
11409,Mycolicibacterium_murale,1398,1399,1
11410,Mycolicibacterium_murale,1409,1411,2
11411,Mycolicibacterium_murale,1430,1437,7
11412,Mycolicibacterium_murale,1438,1439,1
11413,Mycolicibacterium_murale,1443,1444,1
11414,Mycolicibacterium_murale,1445,1446,1
11415,Mycolicibacterium_murale,1448,1464,16
11416,Mycolicibacterium_murale,1491,1492,1
11417,Mycolicibacterium_murale,1707,1708,1
11418,Mycolicibacterium_murale,1748,1749,1
11419,Mycolicibacterium_murale,1751,1752,1
11420,Mycolicibacterium_murale,1756,1761,5
11421,Mycolicibacterium_murale,1771,1775,4
11422,Mycolicibacterium_murale,1776,1777,1
11423,Mycolicibacterium_murale,1784,1785,1
11424,Mycolicibacterium_murale,1789,1791,2
11425,Mycolicibacterium_murale,1802,1803,1
11426,Mycolicibacterium_murale,1918,1919,1
11427,Mycolicibacterium_murale,1954,1955,1
11428,Mycolicibacterium_murale,1993,1994,1
11429,Mycolicibacterium_murale,2132,2133,1
11430,Mycolicibacterium_murale,2136,2137,1
11431,Mycolicibacterium_murale,2138,2139,1
11432,Mycolicibacterium_murale,2143,2147,4
11433,Mycolicibacterium_murale,2150,2152,2
11434,Mycolicibacterium_murale,2162,2163,1
11435,Mycolicibacterium_murale,2285,2294,9
11436,Mycolicibacterium_murale,2296,2297,1
11437,Mycolicibacterium_murale,2299,2307,8
11438,Mycolicibacterium_murale,2309,2315,6
11439,Mycolicibacterium_murale,2316,2325,9
11440,Mycolicibacterium_murale,2379,2380,1
11441,Mycolicibacterium_murale,2664,2665,1
11442,Mycolicibacterium_murale,2723,2850,127
11443,Mycolicibacterium_murale,3021,3022,1
11444,Mycolicibacterium_murale,3376,3377,1
11445,Mycolicibacterium_murale,3378,3379,1
11446,Mycolicibacterium_murale,3433,3434,1
11447,Mycolicibacterium_murale,3447,3448,1
11448,Mycolicibacterium_moriokaense,1,3,2
11449,Mycolicibacterium_moriokaense,82,83,1
11450,Mycolicibacterium_moriokaense,186,187,1
11451,Mycolicibacterium_moriokaense,235,237,2
11452,Mycolicibacterium_moriokaense,238,240,2
11453,Mycolicibacterium_moriokaense,250,251,1
11454,Mycolicibacterium_moriokaense,295,296,1
11455,Mycolicibacterium_moriokaense,341,342,1
11456,Mycolicibacterium_moriokaense,359,360,1
11457,Mycolicibacterium_moriokaense,373,374,1
11458,Mycolicibacterium_moriokaense,386,387,1
11459,Mycolicibacterium_moriokaense,401,402,1
11460,Mycolicibacterium_moriokaense,416,417,1
11461,Mycolicibacterium_moriokaense,451,452,1
11462,Mycolicibacterium_moriokaense,471,574,103
11463,Mycolicibacterium_moriokaense,753,755,2
11464,Mycolicibacterium_moriokaense,760,761,1
11465,Mycolicibacterium_moriokaense,762,768,6
11466,Mycolicibacterium_moriokaense,789,790,1
11467,Mycolicibacterium_moriokaense,839,840,1
11468,Mycolicibacterium_moriokaense,890,891,1
11469,Mycolicibacterium_moriokaense,896,900,4
11470,Mycolicibacterium_moriokaense,1010,1011,1
11471,Mycolicibacterium_moriokaense,1068,1069,1
11472,Mycolicibacterium_moriokaense,1168,1169,1
11473,Mycolicibacterium_moriokaense,1185,1186,1
11474,Mycolicibacterium_moriokaense,1211,1212,1
11475,Mycolicibacterium_moriokaense,1237,1238,1
11476,Mycolicibacterium_moriokaense,1398,1399,1
11477,Mycolicibacterium_moriokaense,1430,1437,7
11478,Mycolicibacterium_moriokaense,1438,1439,1
11479,Mycolicibacterium_moriokaense,1445,1446,1
11480,Mycolicibacterium_moriokaense,1448,1467,19
11481,Mycolicibacterium_moriokaense,1491,1492,1
11482,Mycolicibacterium_moriokaense,1707,1708,1
11483,Mycolicibacterium_moriokaense,1748,1749,1
11484,Mycolicibacterium_moriokaense,1756,1761,5
11485,Mycolicibacterium_moriokaense,1771,1775,4
11486,Mycolicibacterium_moriokaense,1776,1777,1
11487,Mycolicibacterium_moriokaense,1784,1785,1
11488,Mycolicibacterium_moriokaense,1789,1791,2
11489,Mycolicibacterium_moriokaense,1802,1803,1
11490,Mycolicibacterium_moriokaense,1918,1919,1
11491,Mycolicibacterium_moriokaense,1954,1955,1
11492,Mycolicibacterium_moriokaense,1993,1994,1
11493,Mycolicibacterium_moriokaense,2132,2133,1
11494,Mycolicibacterium_moriokaense,2136,2137,1
11495,Mycolicibacterium_moriokaense,2143,2147,4
11496,Mycolicibacterium_moriokaense,2151,2152,1
11497,Mycolicibacterium_moriokaense,2162,2163,1
11498,Mycolicibacterium_moriokaense,2285,2294,9
11499,Mycolicibacterium_moriokaense,2296,2297,1
11500,Mycolicibacterium_moriokaense,2299,2300,1
11501,Mycolicibacterium_moriokaense,2303,2306,3
11502,Mycolicibacterium_moriokaense,2309,2315,6
11503,Mycolicibacterium_moriokaense,2316,2325,9
11504,Mycolicibacterium_moriokaense,2379,2380,1
11505,Mycolicibacterium_moriokaense,2664,2665,1
11506,Mycolicibacterium_moriokaense,2723,2850,127
11507,Mycolicibacterium_moriokaense,3378,3379,1
11508,Mycolicibacterium_moriokaense,3433,3434,1
11509,Mycolicibacterium_helvum,1,3,2
11510,Mycolicibacterium_helvum,82,83,1
11511,Mycolicibacterium_helvum,179,181,2
11512,Mycolicibacterium_helvum,186,187,1
11513,Mycolicibacterium_helvum,235,237,2
11514,Mycolicibacterium_helvum,250,251,1
11515,Mycolicibacterium_helvum,295,296,1
11516,Mycolicibacterium_helvum,341,342,1
11517,Mycolicibacterium_helvum,359,360,1
11518,Mycolicibacterium_helvum,373,374,1
11519,Mycolicibacterium_helvum,386,387,1
11520,Mycolicibacterium_helvum,401,402,1
11521,Mycolicibacterium_helvum,416,417,1
11522,Mycolicibacterium_helvum,451,452,1
11523,Mycolicibacterium_helvum,470,574,104
11524,Mycolicibacterium_helvum,753,757,4
11525,Mycolicibacterium_helvum,760,761,1
11526,Mycolicibacterium_helvum,762,768,6
11527,Mycolicibacterium_helvum,770,771,1
11528,Mycolicibacterium_helvum,789,790,1
11529,Mycolicibacterium_helvum,839,840,1
11530,Mycolicibacterium_helvum,890,891,1
11531,Mycolicibacterium_helvum,896,900,4
11532,Mycolicibacterium_helvum,1010,1011,1
11533,Mycolicibacterium_helvum,1068,1069,1
11534,Mycolicibacterium_helvum,1168,1169,1
11535,Mycolicibacterium_helvum,1185,1186,1
11536,Mycolicibacterium_helvum,1190,1192,2
11537,Mycolicibacterium_helvum,1211,1212,1
11538,Mycolicibacterium_helvum,1237,1238,1
11539,Mycolicibacterium_helvum,1398,1399,1
11540,Mycolicibacterium_helvum,1430,1437,7
11541,Mycolicibacterium_helvum,1438,1439,1
11542,Mycolicibacterium_helvum,1445,1446,1
11543,Mycolicibacterium_helvum,1448,1462,14
11544,Mycolicibacterium_helvum,1707,1708,1
11545,Mycolicibacterium_helvum,1748,1749,1
11546,Mycolicibacterium_helvum,1751,1752,1
11547,Mycolicibacterium_helvum,1756,1761,5
11548,Mycolicibacterium_helvum,1771,1775,4
11549,Mycolicibacterium_helvum,1776,1777,1
11550,Mycolicibacterium_helvum,1784,1785,1
11551,Mycolicibacterium_helvum,1789,1791,2
11552,Mycolicibacterium_helvum,1802,1803,1
11553,Mycolicibacterium_helvum,1918,1919,1
11554,Mycolicibacterium_helvum,1954,1955,1
11555,Mycolicibacterium_helvum,1993,1994,1
11556,Mycolicibacterium_helvum,2121,2122,1
11557,Mycolicibacterium_helvum,2132,2133,1
11558,Mycolicibacterium_helvum,2136,2137,1
11559,Mycolicibacterium_helvum,2138,2139,1
11560,Mycolicibacterium_helvum,2143,2147,4
11561,Mycolicibacterium_helvum,2151,2152,1
11562,Mycolicibacterium_helvum,2162,2163,1
11563,Mycolicibacterium_helvum,2285,2294,9
11564,Mycolicibacterium_helvum,2296,2297,1
11565,Mycolicibacterium_helvum,2299,2300,1
11566,Mycolicibacterium_helvum,2303,2308,5
11567,Mycolicibacterium_helvum,2309,2315,6
11568,Mycolicibacterium_helvum,2316,2325,9
11569,Mycolicibacterium_helvum,2379,2380,1
11570,Mycolicibacterium_helvum,2519,2521,2
11571,Mycolicibacterium_helvum,2664,2665,1
11572,Mycolicibacterium_helvum,2723,2850,127
11573,Mycolicibacterium_helvum,3376,3377,1
11574,Mycolicibacterium_helvum,3378,3379,1
11575,Mycolicibacterium_helvum,3433,3434,1
11576,Mycolicibacterium_peregrinum,1,3,2
11577,Mycolicibacterium_peregrinum,82,83,1
11578,Mycolicibacterium_peregrinum,186,187,1
11579,Mycolicibacterium_peregrinum,235,237,2
11580,Mycolicibacterium_peregrinum,238,240,2
11581,Mycolicibacterium_peregrinum,250,251,1
11582,Mycolicibacterium_peregrinum,295,296,1
11583,Mycolicibacterium_peregrinum,341,342,1
11584,Mycolicibacterium_peregrinum,359,360,1
11585,Mycolicibacterium_peregrinum,373,374,1
11586,Mycolicibacterium_peregrinum,401,402,1
11587,Mycolicibacterium_peregrinum,416,417,1
11588,Mycolicibacterium_peregrinum,451,452,1
11589,Mycolicibacterium_peregrinum,472,574,102
11590,Mycolicibacterium_peregrinum,754,755,1
11591,Mycolicibacterium_peregrinum,760,768,8
11592,Mycolicibacterium_peregrinum,789,790,1
11593,Mycolicibacterium_peregrinum,839,840,1
11594,Mycolicibacterium_peregrinum,890,891,1
11595,Mycolicibacterium_peregrinum,896,900,4
11596,Mycolicibacterium_peregrinum,1010,1011,1
11597,Mycolicibacterium_peregrinum,1068,1069,1
11598,Mycolicibacterium_peregrinum,1168,1169,1
11599,Mycolicibacterium_peregrinum,1185,1186,1
11600,Mycolicibacterium_peregrinum,1211,1212,1
11601,Mycolicibacterium_peregrinum,1237,1238,1
11602,Mycolicibacterium_peregrinum,1398,1399,1
11603,Mycolicibacterium_peregrinum,1430,1437,7
11604,Mycolicibacterium_peregrinum,1438,1439,1
11605,Mycolicibacterium_peregrinum,1445,1446,1
11606,Mycolicibacterium_peregrinum,1449,1465,16
11607,Mycolicibacterium_peregrinum,1491,1492,1
11608,Mycolicibacterium_peregrinum,1707,1708,1
11609,Mycolicibacterium_peregrinum,1748,1749,1
11610,Mycolicibacterium_peregrinum,1751,1752,1
11611,Mycolicibacterium_peregrinum,1756,1761,5
11612,Mycolicibacterium_peregrinum,1771,1775,4
11613,Mycolicibacterium_peregrinum,1776,1777,1
11614,Mycolicibacterium_peregrinum,1784,1785,1
11615,Mycolicibacterium_peregrinum,1789,1790,1
11616,Mycolicibacterium_peregrinum,1802,1803,1
11617,Mycolicibacterium_peregrinum,1918,1920,2
11618,Mycolicibacterium_peregrinum,1954,1955,1
11619,Mycolicibacterium_peregrinum,1993,1994,1
11620,Mycolicibacterium_peregrinum,2132,2133,1
11621,Mycolicibacterium_peregrinum,2136,2137,1
11622,Mycolicibacterium_peregrinum,2138,2139,1
11623,Mycolicibacterium_peregrinum,2143,2147,4
11624,Mycolicibacterium_peregrinum,2151,2152,1
11625,Mycolicibacterium_peregrinum,2162,2163,1
11626,Mycolicibacterium_peregrinum,2285,2297,12
11627,Mycolicibacterium_peregrinum,2299,2300,1
11628,Mycolicibacterium_peregrinum,2303,2306,3
11629,Mycolicibacterium_peregrinum,2309,2315,6
11630,Mycolicibacterium_peregrinum,2316,2325,9
11631,Mycolicibacterium_peregrinum,2379,2380,1
11632,Mycolicibacterium_peregrinum,2664,2665,1
11633,Mycolicibacterium_peregrinum,2723,2850,127
11634,Mycolicibacterium_peregrinum,3376,3377,1
11635,Mycolicibacterium_peregrinum,3378,3379,1
11636,Mycolicibacterium_peregrinum,3433,3434,1
11637,Mycolicibacterium_nivoides,1,3,2
11638,Mycolicibacterium_nivoides,82,83,1
11639,Mycolicibacterium_nivoides,186,187,1
11640,Mycolicibacterium_nivoides,235,237,2
11641,Mycolicibacterium_nivoides,238,240,2
11642,Mycolicibacterium_nivoides,250,251,1
11643,Mycolicibacterium_nivoides,295,296,1
11644,Mycolicibacterium_nivoides,341,342,1
11645,Mycolicibacterium_nivoides,359,360,1
11646,Mycolicibacterium_nivoides,373,374,1
11647,Mycolicibacterium_nivoides,401,402,1
11648,Mycolicibacterium_nivoides,416,417,1
11649,Mycolicibacterium_nivoides,451,452,1
11650,Mycolicibacterium_nivoides,464,465,1
11651,Mycolicibacterium_nivoides,472,574,102
11652,Mycolicibacterium_nivoides,753,756,3
11653,Mycolicibacterium_nivoides,760,768,8
11654,Mycolicibacterium_nivoides,789,790,1
11655,Mycolicibacterium_nivoides,839,840,1
11656,Mycolicibacterium_nivoides,890,891,1
11657,Mycolicibacterium_nivoides,896,900,4
11658,Mycolicibacterium_nivoides,1010,1011,1
11659,Mycolicibacterium_nivoides,1068,1069,1
11660,Mycolicibacterium_nivoides,1168,1169,1
11661,Mycolicibacterium_nivoides,1185,1186,1
11662,Mycolicibacterium_nivoides,1211,1212,1
11663,Mycolicibacterium_nivoides,1237,1238,1
11664,Mycolicibacterium_nivoides,1398,1399,1
11665,Mycolicibacterium_nivoides,1430,1437,7
11666,Mycolicibacterium_nivoides,1438,1439,1
11667,Mycolicibacterium_nivoides,1441,1442,1
11668,Mycolicibacterium_nivoides,1445,1446,1
11669,Mycolicibacterium_nivoides,1449,1466,17
11670,Mycolicibacterium_nivoides,1491,1492,1
11671,Mycolicibacterium_nivoides,1707,1708,1
11672,Mycolicibacterium_nivoides,1748,1749,1
11673,Mycolicibacterium_nivoides,1751,1752,1
11674,Mycolicibacterium_nivoides,1756,1761,5
11675,Mycolicibacterium_nivoides,1771,1775,4
11676,Mycolicibacterium_nivoides,1776,1777,1
11677,Mycolicibacterium_nivoides,1784,1785,1
11678,Mycolicibacterium_nivoides,1789,1790,1
11679,Mycolicibacterium_nivoides,1802,1803,1
11680,Mycolicibacterium_nivoides,1918,1919,1
11681,Mycolicibacterium_nivoides,1954,1955,1
11682,Mycolicibacterium_nivoides,1993,1994,1
11683,Mycolicibacterium_nivoides,2132,2133,1
11684,Mycolicibacterium_nivoides,2136,2137,1
11685,Mycolicibacterium_nivoides,2138,2139,1
11686,Mycolicibacterium_nivoides,2143,2147,4
11687,Mycolicibacterium_nivoides,2151,2152,1
11688,Mycolicibacterium_nivoides,2162,2163,1
11689,Mycolicibacterium_nivoides,2285,2297,12
11690,Mycolicibacterium_nivoides,2299,2300,1
11691,Mycolicibacterium_nivoides,2303,2306,3
11692,Mycolicibacterium_nivoides,2309,2315,6
11693,Mycolicibacterium_nivoides,2316,2325,9
11694,Mycolicibacterium_nivoides,2379,2380,1
11695,Mycolicibacterium_nivoides,2664,2665,1
11696,Mycolicibacterium_nivoides,2723,2850,127
11697,Mycolicibacterium_nivoides,3376,3377,1
11698,Mycolicibacterium_nivoides,3378,3379,1
11699,Mycolicibacterium_nivoides,3433,3434,1
11700,Mycolicibacterium_septicum,1,3,2
11701,Mycolicibacterium_septicum,82,83,1
11702,Mycolicibacterium_septicum,186,187,1
11703,Mycolicibacterium_septicum,235,237,2
11704,Mycolicibacterium_septicum,238,240,2
11705,Mycolicibacterium_septicum,250,251,1
11706,Mycolicibacterium_septicum,295,296,1
11707,Mycolicibacterium_septicum,341,342,1
11708,Mycolicibacterium_septicum,359,360,1
11709,Mycolicibacterium_septicum,373,374,1
11710,Mycolicibacterium_septicum,401,402,1
11711,Mycolicibacterium_septicum,416,417,1
11712,Mycolicibacterium_septicum,451,452,1
11713,Mycolicibacterium_septicum,464,465,1
11714,Mycolicibacterium_septicum,472,574,102
11715,Mycolicibacterium_septicum,754,755,1
11716,Mycolicibacterium_septicum,760,768,8
11717,Mycolicibacterium_septicum,789,790,1
11718,Mycolicibacterium_septicum,839,840,1
11719,Mycolicibacterium_septicum,890,891,1
11720,Mycolicibacterium_septicum,896,900,4
11721,Mycolicibacterium_septicum,1010,1011,1
11722,Mycolicibacterium_septicum,1068,1069,1
11723,Mycolicibacterium_septicum,1168,1169,1
11724,Mycolicibacterium_septicum,1185,1186,1
11725,Mycolicibacterium_septicum,1211,1212,1
11726,Mycolicibacterium_septicum,1237,1238,1
11727,Mycolicibacterium_septicum,1398,1399,1
11728,Mycolicibacterium_septicum,1430,1437,7
11729,Mycolicibacterium_septicum,1438,1439,1
11730,Mycolicibacterium_septicum,1441,1442,1
11731,Mycolicibacterium_septicum,1445,1446,1
11732,Mycolicibacterium_septicum,1449,1463,14
11733,Mycolicibacterium_septicum,1491,1492,1
11734,Mycolicibacterium_septicum,1707,1708,1
11735,Mycolicibacterium_septicum,1748,1749,1
11736,Mycolicibacterium_septicum,1751,1752,1
11737,Mycolicibacterium_septicum,1756,1761,5
11738,Mycolicibacterium_septicum,1771,1775,4
11739,Mycolicibacterium_septicum,1776,1777,1
11740,Mycolicibacterium_septicum,1784,1785,1
11741,Mycolicibacterium_septicum,1789,1790,1
11742,Mycolicibacterium_septicum,1802,1803,1
11743,Mycolicibacterium_septicum,1918,1919,1
11744,Mycolicibacterium_septicum,1954,1955,1
11745,Mycolicibacterium_septicum,1993,1994,1
11746,Mycolicibacterium_septicum,2132,2133,1
11747,Mycolicibacterium_septicum,2136,2137,1
11748,Mycolicibacterium_septicum,2138,2139,1
11749,Mycolicibacterium_septicum,2143,2147,4
11750,Mycolicibacterium_septicum,2151,2152,1
11751,Mycolicibacterium_septicum,2162,2163,1
11752,Mycolicibacterium_septicum,2285,2297,12
11753,Mycolicibacterium_septicum,2299,2300,1
11754,Mycolicibacterium_septicum,2303,2306,3
11755,Mycolicibacterium_septicum,2309,2315,6
11756,Mycolicibacterium_septicum,2316,2325,9
11757,Mycolicibacterium_septicum,2379,2380,1
11758,Mycolicibacterium_septicum,2664,2665,1
11759,Mycolicibacterium_septicum,2723,2850,127
11760,Mycolicibacterium_septicum,3376,3377,1
11761,Mycolicibacterium_septicum,3378,3379,1
11762,Mycolicibacterium_septicum,3433,3434,1
11763,Mycolicibacterium_boenickei,1,3,2
11764,Mycolicibacterium_boenickei,82,83,1
11765,Mycolicibacterium_boenickei,186,187,1
11766,Mycolicibacterium_boenickei,235,237,2
11767,Mycolicibacterium_boenickei,238,240,2
11768,Mycolicibacterium_boenickei,250,251,1
11769,Mycolicibacterium_boenickei,295,296,1
11770,Mycolicibacterium_boenickei,341,342,1
11771,Mycolicibacterium_boenickei,359,360,1
11772,Mycolicibacterium_boenickei,373,374,1
11773,Mycolicibacterium_boenickei,401,402,1
11774,Mycolicibacterium_boenickei,416,417,1
11775,Mycolicibacterium_boenickei,451,452,1
11776,Mycolicibacterium_boenickei,464,465,1
11777,Mycolicibacterium_boenickei,472,574,102
11778,Mycolicibacterium_boenickei,753,756,3
11779,Mycolicibacterium_boenickei,760,768,8
11780,Mycolicibacterium_boenickei,789,790,1
11781,Mycolicibacterium_boenickei,839,840,1
11782,Mycolicibacterium_boenickei,890,891,1
11783,Mycolicibacterium_boenickei,896,900,4
11784,Mycolicibacterium_boenickei,1010,1011,1
11785,Mycolicibacterium_boenickei,1068,1069,1
11786,Mycolicibacterium_boenickei,1168,1169,1
11787,Mycolicibacterium_boenickei,1185,1186,1
11788,Mycolicibacterium_boenickei,1211,1212,1
11789,Mycolicibacterium_boenickei,1237,1238,1
11790,Mycolicibacterium_boenickei,1398,1399,1
11791,Mycolicibacterium_boenickei,1430,1437,7
11792,Mycolicibacterium_boenickei,1438,1439,1
11793,Mycolicibacterium_boenickei,1441,1442,1
11794,Mycolicibacterium_boenickei,1445,1446,1
11795,Mycolicibacterium_boenickei,1449,1466,17
11796,Mycolicibacterium_boenickei,1491,1492,1
11797,Mycolicibacterium_boenickei,1707,1708,1
11798,Mycolicibacterium_boenickei,1748,1749,1
11799,Mycolicibacterium_boenickei,1751,1752,1
11800,Mycolicibacterium_boenickei,1756,1761,5
11801,Mycolicibacterium_boenickei,1771,1775,4
11802,Mycolicibacterium_boenickei,1776,1777,1
11803,Mycolicibacterium_boenickei,1784,1785,1
11804,Mycolicibacterium_boenickei,1789,1790,1
11805,Mycolicibacterium_boenickei,1802,1803,1
11806,Mycolicibacterium_boenickei,1918,1919,1
11807,Mycolicibacterium_boenickei,1954,1955,1
11808,Mycolicibacterium_boenickei,1993,1994,1
11809,Mycolicibacterium_boenickei,2132,2133,1
11810,Mycolicibacterium_boenickei,2136,2137,1
11811,Mycolicibacterium_boenickei,2138,2139,1
11812,Mycolicibacterium_boenickei,2143,2147,4
11813,Mycolicibacterium_boenickei,2151,2152,1
11814,Mycolicibacterium_boenickei,2162,2163,1
11815,Mycolicibacterium_boenickei,2285,2297,12
11816,Mycolicibacterium_boenickei,2299,2300,1
11817,Mycolicibacterium_boenickei,2303,2306,3
11818,Mycolicibacterium_boenickei,2309,2315,6
11819,Mycolicibacterium_boenickei,2316,2325,9
11820,Mycolicibacterium_boenickei,2379,2380,1
11821,Mycolicibacterium_boenickei,2664,2665,1
11822,Mycolicibacterium_boenickei,2723,2850,127
11823,Mycolicibacterium_boenickei,3376,3377,1
11824,Mycolicibacterium_boenickei,3378,3379,1
11825,Mycolicibacterium_boenickei,3433,3434,1
11826,Mycolicibacterium_insubricum,1,3,2
11827,Mycolicibacterium_insubricum,82,83,1
11828,Mycolicibacterium_insubricum,184,187,3
11829,Mycolicibacterium_insubricum,192,193,1
11830,Mycolicibacterium_insubricum,235,237,2
11831,Mycolicibacterium_insubricum,238,240,2
11832,Mycolicibacterium_insubricum,250,251,1
11833,Mycolicibacterium_insubricum,295,296,1
11834,Mycolicibacterium_insubricum,341,342,1
11835,Mycolicibacterium_insubricum,359,360,1
11836,Mycolicibacterium_insubricum,373,374,1
11837,Mycolicibacterium_insubricum,386,387,1
11838,Mycolicibacterium_insubricum,401,402,1
11839,Mycolicibacterium_insubricum,416,417,1
11840,Mycolicibacterium_insubricum,451,452,1
11841,Mycolicibacterium_insubricum,470,574,104
11842,Mycolicibacterium_insubricum,753,755,2
11843,Mycolicibacterium_insubricum,760,761,1
11844,Mycolicibacterium_insubricum,762,768,6
11845,Mycolicibacterium_insubricum,789,790,1
11846,Mycolicibacterium_insubricum,839,840,1
11847,Mycolicibacterium_insubricum,886,893,7
11848,Mycolicibacterium_insubricum,896,900,4
11849,Mycolicibacterium_insubricum,1010,1011,1
11850,Mycolicibacterium_insubricum,1068,1069,1
11851,Mycolicibacterium_insubricum,1168,1169,1
11852,Mycolicibacterium_insubricum,1185,1186,1
11853,Mycolicibacterium_insubricum,1190,1192,2
11854,Mycolicibacterium_insubricum,1211,1212,1
11855,Mycolicibacterium_insubricum,1237,1238,1
11856,Mycolicibacterium_insubricum,1398,1399,1
11857,Mycolicibacterium_insubricum,1431,1436,5
11858,Mycolicibacterium_insubricum,1438,1439,1
11859,Mycolicibacterium_insubricum,1443,1464,21
11860,Mycolicibacterium_insubricum,1491,1492,1
11861,Mycolicibacterium_insubricum,1707,1708,1
11862,Mycolicibacterium_insubricum,1748,1749,1
11863,Mycolicibacterium_insubricum,1751,1752,1
11864,Mycolicibacterium_insubricum,1756,1761,5
11865,Mycolicibacterium_insubricum,1772,1777,5
11866,Mycolicibacterium_insubricum,1784,1785,1
11867,Mycolicibacterium_insubricum,1789,1791,2
11868,Mycolicibacterium_insubricum,1802,1803,1
11869,Mycolicibacterium_insubricum,1918,1919,1
11870,Mycolicibacterium_insubricum,1954,1955,1
11871,Mycolicibacterium_insubricum,1993,1994,1
11872,Mycolicibacterium_insubricum,2121,2122,1
11873,Mycolicibacterium_insubricum,2132,2133,1
11874,Mycolicibacterium_insubricum,2136,2137,1
11875,Mycolicibacterium_insubricum,2138,2139,1
11876,Mycolicibacterium_insubricum,2143,2147,4
11877,Mycolicibacterium_insubricum,2151,2152,1
11878,Mycolicibacterium_insubricum,2162,2163,1
11879,Mycolicibacterium_insubricum,2285,2294,9
11880,Mycolicibacterium_insubricum,2299,2305,6
11881,Mycolicibacterium_insubricum,2309,2325,16
11882,Mycolicibacterium_insubricum,2379,2380,1
11883,Mycolicibacterium_insubricum,2664,2665,1
11884,Mycolicibacterium_insubricum,2723,2850,127
11885,Mycolicibacterium_insubricum,3376,3377,1
11886,Mycolicibacterium_insubricum,3378,3379,1
11887,Mycolicibacterium_insubricum,3433,3434,1
11888,Mycolicibacterium_gilvum,1,3,2
11889,Mycolicibacterium_gilvum,82,83,1
11890,Mycolicibacterium_gilvum,186,187,1
11891,Mycolicibacterium_gilvum,235,237,2
11892,Mycolicibacterium_gilvum,238,240,2
11893,Mycolicibacterium_gilvum,250,251,1
11894,Mycolicibacterium_gilvum,295,296,1
11895,Mycolicibacterium_gilvum,341,342,1
11896,Mycolicibacterium_gilvum,359,360,1
11897,Mycolicibacterium_gilvum,373,374,1
11898,Mycolicibacterium_gilvum,386,387,1
11899,Mycolicibacterium_gilvum,401,402,1
11900,Mycolicibacterium_gilvum,416,417,1
11901,Mycolicibacterium_gilvum,451,452,1
11902,Mycolicibacterium_gilvum,471,574,103
11903,Mycolicibacterium_gilvum,753,757,4
11904,Mycolicibacterium_gilvum,760,761,1
11905,Mycolicibacterium_gilvum,762,768,6
11906,Mycolicibacterium_gilvum,789,790,1
11907,Mycolicibacterium_gilvum,839,840,1
11908,Mycolicibacterium_gilvum,890,891,1
11909,Mycolicibacterium_gilvum,896,900,4
11910,Mycolicibacterium_gilvum,1010,1011,1
11911,Mycolicibacterium_gilvum,1068,1069,1
11912,Mycolicibacterium_gilvum,1168,1169,1
11913,Mycolicibacterium_gilvum,1185,1186,1
11914,Mycolicibacterium_gilvum,1190,1192,2
11915,Mycolicibacterium_gilvum,1211,1212,1
11916,Mycolicibacterium_gilvum,1237,1238,1
11917,Mycolicibacterium_gilvum,1398,1399,1
11918,Mycolicibacterium_gilvum,1430,1437,7
11919,Mycolicibacterium_gilvum,1438,1439,1
11920,Mycolicibacterium_gilvum,1445,1446,1
11921,Mycolicibacterium_gilvum,1448,1462,14
11922,Mycolicibacterium_gilvum,1491,1492,1
11923,Mycolicibacterium_gilvum,1707,1708,1
11924,Mycolicibacterium_gilvum,1748,1749,1
11925,Mycolicibacterium_gilvum,1751,1752,1
11926,Mycolicibacterium_gilvum,1756,1761,5
11927,Mycolicibacterium_gilvum,1771,1775,4
11928,Mycolicibacterium_gilvum,1776,1777,1
11929,Mycolicibacterium_gilvum,1784,1785,1
11930,Mycolicibacterium_gilvum,1802,1803,1
11931,Mycolicibacterium_gilvum,1918,1919,1
11932,Mycolicibacterium_gilvum,1954,1955,1
11933,Mycolicibacterium_gilvum,1993,1994,1
11934,Mycolicibacterium_gilvum,2132,2133,1
11935,Mycolicibacterium_gilvum,2136,2137,1
11936,Mycolicibacterium_gilvum,2138,2139,1
11937,Mycolicibacterium_gilvum,2143,2147,4
11938,Mycolicibacterium_gilvum,2151,2152,1
11939,Mycolicibacterium_gilvum,2162,2163,1
11940,Mycolicibacterium_gilvum,2285,2294,9
11941,Mycolicibacterium_gilvum,2296,2297,1
11942,Mycolicibacterium_gilvum,2299,2300,1
11943,Mycolicibacterium_gilvum,2302,2307,5
11944,Mycolicibacterium_gilvum,2309,2315,6
11945,Mycolicibacterium_gilvum,2316,2325,9
11946,Mycolicibacterium_gilvum,2379,2380,1
11947,Mycolicibacterium_gilvum,2664,2665,1
11948,Mycolicibacterium_gilvum,2723,2850,127
11949,Mycolicibacterium_gilvum,3378,3379,1
11950,Mycolicibacterium_gilvum,3433,3434,1
11951,Mycolicibacterium_mengxianglii,1,3,2
11952,Mycolicibacterium_mengxianglii,82,83,1
11953,Mycolicibacterium_mengxianglii,186,187,1
11954,Mycolicibacterium_mengxianglii,235,237,2
11955,Mycolicibacterium_mengxianglii,238,240,2
11956,Mycolicibacterium_mengxianglii,250,251,1
11957,Mycolicibacterium_mengxianglii,295,296,1
11958,Mycolicibacterium_mengxianglii,341,342,1
11959,Mycolicibacterium_mengxianglii,359,360,1
11960,Mycolicibacterium_mengxianglii,373,374,1
11961,Mycolicibacterium_mengxianglii,386,387,1
11962,Mycolicibacterium_mengxianglii,401,402,1
11963,Mycolicibacterium_mengxianglii,416,417,1
11964,Mycolicibacterium_mengxianglii,451,452,1
11965,Mycolicibacterium_mengxianglii,471,574,103
11966,Mycolicibacterium_mengxianglii,753,755,2
11967,Mycolicibacterium_mengxianglii,762,768,6
11968,Mycolicibacterium_mengxianglii,789,790,1
11969,Mycolicibacterium_mengxianglii,839,840,1
11970,Mycolicibacterium_mengxianglii,886,893,7
11971,Mycolicibacterium_mengxianglii,896,900,4
11972,Mycolicibacterium_mengxianglii,1010,1011,1
11973,Mycolicibacterium_mengxianglii,1068,1069,1
11974,Mycolicibacterium_mengxianglii,1168,1169,1
11975,Mycolicibacterium_mengxianglii,1185,1186,1
11976,Mycolicibacterium_mengxianglii,1190,1192,2
11977,Mycolicibacterium_mengxianglii,1211,1212,1
11978,Mycolicibacterium_mengxianglii,1237,1238,1
11979,Mycolicibacterium_mengxianglii,1398,1399,1
11980,Mycolicibacterium_mengxianglii,1430,1437,7
11981,Mycolicibacterium_mengxianglii,1438,1439,1
11982,Mycolicibacterium_mengxianglii,1443,1444,1
11983,Mycolicibacterium_mengxianglii,1445,1446,1
11984,Mycolicibacterium_mengxianglii,1448,1464,16
11985,Mycolicibacterium_mengxianglii,1491,1492,1
11986,Mycolicibacterium_mengxianglii,1707,1708,1
11987,Mycolicibacterium_mengxianglii,1748,1749,1
11988,Mycolicibacterium_mengxianglii,1751,1752,1
11989,Mycolicibacterium_mengxianglii,1756,1761,5
11990,Mycolicibacterium_mengxianglii,1771,1775,4
11991,Mycolicibacterium_mengxianglii,1776,1777,1
11992,Mycolicibacterium_mengxianglii,1784,1785,1
11993,Mycolicibacterium_mengxianglii,1789,1791,2
11994,Mycolicibacterium_mengxianglii,1802,1803,1
11995,Mycolicibacterium_mengxianglii,1918,1919,1
11996,Mycolicibacterium_mengxianglii,1954,1955,1
11997,Mycolicibacterium_mengxianglii,1993,1994,1
11998,Mycolicibacterium_mengxianglii,2132,2133,1
11999,Mycolicibacterium_mengxianglii,2136,2137,1
12000,Mycolicibacterium_mengxianglii,2138,2139,1
12001,Mycolicibacterium_mengxianglii,2143,2147,4
12002,Mycolicibacterium_mengxianglii,2151,2152,1
12003,Mycolicibacterium_mengxianglii,2162,2163,1
12004,Mycolicibacterium_mengxianglii,2285,2294,9
12005,Mycolicibacterium_mengxianglii,2296,2297,1
12006,Mycolicibacterium_mengxianglii,2299,2300,1
12007,Mycolicibacterium_mengxianglii,2303,2306,3
12008,Mycolicibacterium_mengxianglii,2309,2315,6
12009,Mycolicibacterium_mengxianglii,2316,2325,9
12010,Mycolicibacterium_mengxianglii,2379,2380,1
12011,Mycolicibacterium_mengxianglii,2664,2665,1
12012,Mycolicibacterium_mengxianglii,2723,2850,127
12013,Mycolicibacterium_mengxianglii,3376,3377,1
12014,Mycolicibacterium_mengxianglii,3378,3379,1
12015,Mycolicibacterium_mengxianglii,3433,3434,1
12016,Mycolicibacterium_sphagni,1,3,2
12017,Mycolicibacterium_sphagni,82,83,1
12018,Mycolicibacterium_sphagni,186,187,1
12019,Mycolicibacterium_sphagni,235,237,2
12020,Mycolicibacterium_sphagni,250,251,1
12021,Mycolicibacterium_sphagni,295,296,1
12022,Mycolicibacterium_sphagni,341,342,1
12023,Mycolicibacterium_sphagni,359,360,1
12024,Mycolicibacterium_sphagni,373,374,1
12025,Mycolicibacterium_sphagni,386,387,1
12026,Mycolicibacterium_sphagni,401,402,1
12027,Mycolicibacterium_sphagni,416,417,1
12028,Mycolicibacterium_sphagni,451,452,1
12029,Mycolicibacterium_sphagni,470,574,104
12030,Mycolicibacterium_sphagni,753,757,4
12031,Mycolicibacterium_sphagni,760,761,1
12032,Mycolicibacterium_sphagni,762,768,6
12033,Mycolicibacterium_sphagni,789,790,1
12034,Mycolicibacterium_sphagni,839,840,1
12035,Mycolicibacterium_sphagni,890,891,1
12036,Mycolicibacterium_sphagni,896,900,4
12037,Mycolicibacterium_sphagni,1010,1011,1
12038,Mycolicibacterium_sphagni,1068,1069,1
12039,Mycolicibacterium_sphagni,1168,1169,1
12040,Mycolicibacterium_sphagni,1185,1186,1
12041,Mycolicibacterium_sphagni,1190,1192,2
12042,Mycolicibacterium_sphagni,1211,1212,1
12043,Mycolicibacterium_sphagni,1237,1238,1
12044,Mycolicibacterium_sphagni,1398,1399,1
12045,Mycolicibacterium_sphagni,1430,1437,7
12046,Mycolicibacterium_sphagni,1438,1439,1
12047,Mycolicibacterium_sphagni,1445,1446,1
12048,Mycolicibacterium_sphagni,1448,1462,14
12049,Mycolicibacterium_sphagni,1707,1708,1
12050,Mycolicibacterium_sphagni,1748,1749,1
12051,Mycolicibacterium_sphagni,1751,1752,1
12052,Mycolicibacterium_sphagni,1756,1761,5
12053,Mycolicibacterium_sphagni,1771,1775,4
12054,Mycolicibacterium_sphagni,1776,1777,1
12055,Mycolicibacterium_sphagni,1784,1785,1
12056,Mycolicibacterium_sphagni,1789,1791,2
12057,Mycolicibacterium_sphagni,1802,1803,1
12058,Mycolicibacterium_sphagni,1918,1919,1
12059,Mycolicibacterium_sphagni,1954,1955,1
12060,Mycolicibacterium_sphagni,1993,1994,1
12061,Mycolicibacterium_sphagni,2121,2122,1
12062,Mycolicibacterium_sphagni,2132,2133,1
12063,Mycolicibacterium_sphagni,2136,2137,1
12064,Mycolicibacterium_sphagni,2138,2139,1
12065,Mycolicibacterium_sphagni,2143,2147,4
12066,Mycolicibacterium_sphagni,2151,2152,1
12067,Mycolicibacterium_sphagni,2162,2163,1
12068,Mycolicibacterium_sphagni,2285,2294,9
12069,Mycolicibacterium_sphagni,2296,2297,1
12070,Mycolicibacterium_sphagni,2299,2300,1
12071,Mycolicibacterium_sphagni,2303,2308,5
12072,Mycolicibacterium_sphagni,2309,2315,6
12073,Mycolicibacterium_sphagni,2316,2325,9
12074,Mycolicibacterium_sphagni,2379,2380,1
12075,Mycolicibacterium_sphagni,2664,2665,1
12076,Mycolicibacterium_sphagni,2723,2850,127
12077,Mycolicibacterium_sphagni,3376,3377,1
12078,Mycolicibacterium_sphagni,3378,3379,1
12079,Mycolicibacterium_sphagni,3433,3434,1
12080,Mycolicibacterium_doricum,1,3,2
12081,Mycolicibacterium_doricum,82,83,1
12082,Mycolicibacterium_doricum,186,187,1
12083,Mycolicibacterium_doricum,235,237,2
12084,Mycolicibacterium_doricum,238,240,2
12085,Mycolicibacterium_doricum,250,251,1
12086,Mycolicibacterium_doricum,295,296,1
12087,Mycolicibacterium_doricum,359,360,1
12088,Mycolicibacterium_doricum,373,374,1
12089,Mycolicibacterium_doricum,386,387,1
12090,Mycolicibacterium_doricum,401,402,1
12091,Mycolicibacterium_doricum,416,417,1
12092,Mycolicibacterium_doricum,451,452,1
12093,Mycolicibacterium_doricum,470,574,104
12094,Mycolicibacterium_doricum,753,755,2
12095,Mycolicibacterium_doricum,762,768,6
12096,Mycolicibacterium_doricum,789,790,1
12097,Mycolicibacterium_doricum,839,840,1
12098,Mycolicibacterium_doricum,890,891,1
12099,Mycolicibacterium_doricum,896,900,4
12100,Mycolicibacterium_doricum,1010,1011,1
12101,Mycolicibacterium_doricum,1068,1069,1
12102,Mycolicibacterium_doricum,1168,1169,1
12103,Mycolicibacterium_doricum,1185,1186,1
12104,Mycolicibacterium_doricum,1190,1192,2
12105,Mycolicibacterium_doricum,1211,1212,1
12106,Mycolicibacterium_doricum,1237,1238,1
12107,Mycolicibacterium_doricum,1398,1399,1
12108,Mycolicibacterium_doricum,1430,1437,7
12109,Mycolicibacterium_doricum,1438,1439,1
12110,Mycolicibacterium_doricum,1443,1444,1
12111,Mycolicibacterium_doricum,1445,1446,1
12112,Mycolicibacterium_doricum,1449,1460,11
12113,Mycolicibacterium_doricum,1491,1492,1
12114,Mycolicibacterium_doricum,1707,1708,1
12115,Mycolicibacterium_doricum,1748,1749,1
12116,Mycolicibacterium_doricum,1751,1752,1
12117,Mycolicibacterium_doricum,1756,1761,5
12118,Mycolicibacterium_doricum,1771,1777,6
12119,Mycolicibacterium_doricum,1789,1790,1
12120,Mycolicibacterium_doricum,1802,1803,1
12121,Mycolicibacterium_doricum,1918,1919,1
12122,Mycolicibacterium_doricum,1954,1955,1
12123,Mycolicibacterium_doricum,1993,1994,1
12124,Mycolicibacterium_doricum,2136,2137,1
12125,Mycolicibacterium_doricum,2138,2139,1
12126,Mycolicibacterium_doricum,2143,2147,4
12127,Mycolicibacterium_doricum,2151,2152,1
12128,Mycolicibacterium_doricum,2162,2163,1
12129,Mycolicibacterium_doricum,2200,2201,1
12130,Mycolicibacterium_doricum,2253,2254,1
12131,Mycolicibacterium_doricum,2285,2294,9
12132,Mycolicibacterium_doricum,2296,2297,1
12133,Mycolicibacterium_doricum,2299,2300,1
12134,Mycolicibacterium_doricum,2302,2307,5
12135,Mycolicibacterium_doricum,2309,2315,6
12136,Mycolicibacterium_doricum,2316,2325,9
12137,Mycolicibacterium_doricum,2379,2380,1
12138,Mycolicibacterium_doricum,2664,2665,1
12139,Mycolicibacterium_doricum,2723,2850,127
12140,Mycolicibacterium_doricum,3376,3377,1
12141,Mycolicibacterium_doricum,3378,3379,1
12142,Mycolicibacterium_doricum,3433,3434,1
12143,Mycobacterium_syngnathidarum,1,3,2
12144,Mycobacterium_syngnathidarum,82,83,1
12145,Mycobacterium_syngnathidarum,186,187,1
12146,Mycobacterium_syngnathidarum,235,237,2
12147,Mycobacterium_syngnathidarum,238,240,2
12148,Mycobacterium_syngnathidarum,250,251,1
12149,Mycobacterium_syngnathidarum,295,296,1
12150,Mycobacterium_syngnathidarum,341,342,1
12151,Mycobacterium_syngnathidarum,359,360,1
12152,Mycobacterium_syngnathidarum,373,374,1
12153,Mycobacterium_syngnathidarum,401,402,1
12154,Mycobacterium_syngnathidarum,416,417,1
12155,Mycobacterium_syngnathidarum,451,452,1
12156,Mycobacterium_syngnathidarum,464,465,1
12157,Mycobacterium_syngnathidarum,472,574,102
12158,Mycobacterium_syngnathidarum,753,756,3
12159,Mycobacterium_syngnathidarum,760,768,8
12160,Mycobacterium_syngnathidarum,789,790,1
12161,Mycobacterium_syngnathidarum,839,840,1
12162,Mycobacterium_syngnathidarum,890,891,1
12163,Mycobacterium_syngnathidarum,896,900,4
12164,Mycobacterium_syngnathidarum,1010,1011,1
12165,Mycobacterium_syngnathidarum,1068,1069,1
12166,Mycobacterium_syngnathidarum,1168,1169,1
12167,Mycobacterium_syngnathidarum,1185,1186,1
12168,Mycobacterium_syngnathidarum,1211,1212,1
12169,Mycobacterium_syngnathidarum,1237,1238,1
12170,Mycobacterium_syngnathidarum,1398,1399,1
12171,Mycobacterium_syngnathidarum,1430,1437,7
12172,Mycobacterium_syngnathidarum,1438,1439,1
12173,Mycobacterium_syngnathidarum,1441,1442,1
12174,Mycobacterium_syngnathidarum,1445,1446,1
12175,Mycobacterium_syngnathidarum,1449,1466,17
12176,Mycobacterium_syngnathidarum,1491,1492,1
12177,Mycobacterium_syngnathidarum,1707,1708,1
12178,Mycobacterium_syngnathidarum,1748,1749,1
12179,Mycobacterium_syngnathidarum,1751,1752,1
12180,Mycobacterium_syngnathidarum,1756,1761,5
12181,Mycobacterium_syngnathidarum,1771,1775,4
12182,Mycobacterium_syngnathidarum,1776,1777,1
12183,Mycobacterium_syngnathidarum,1784,1785,1
12184,Mycobacterium_syngnathidarum,1789,1790,1
12185,Mycobacterium_syngnathidarum,1802,1803,1
12186,Mycobacterium_syngnathidarum,1918,1920,2
12187,Mycobacterium_syngnathidarum,1954,1955,1
12188,Mycobacterium_syngnathidarum,1993,1994,1
12189,Mycobacterium_syngnathidarum,2132,2133,1
12190,Mycobacterium_syngnathidarum,2136,2137,1
12191,Mycobacterium_syngnathidarum,2138,2139,1
12192,Mycobacterium_syngnathidarum,2143,2147,4
12193,Mycobacterium_syngnathidarum,2151,2152,1
12194,Mycobacterium_syngnathidarum,2162,2163,1
12195,Mycobacterium_syngnathidarum,2285,2297,12
12196,Mycobacterium_syngnathidarum,2299,2300,1
12197,Mycobacterium_syngnathidarum,2303,2306,3
12198,Mycobacterium_syngnathidarum,2309,2315,6
12199,Mycobacterium_syngnathidarum,2316,2325,9
12200,Mycobacterium_syngnathidarum,2379,2380,1
12201,Mycobacterium_syngnathidarum,2664,2665,1
12202,Mycobacterium_syngnathidarum,2723,2850,127
12203,Mycobacterium_syngnathidarum,3376,3377,1
12204,Mycobacterium_syngnathidarum,3378,3379,1
12205,Mycobacterium_syngnathidarum,3433,3434,1
12206,Mycobacterium_neglectum,1,3,2
12207,Mycobacterium_neglectum,82,83,1
12208,Mycobacterium_neglectum,186,187,1
12209,Mycobacterium_neglectum,235,237,2
12210,Mycobacterium_neglectum,238,240,2
12211,Mycobacterium_neglectum,250,251,1
12212,Mycobacterium_neglectum,295,296,1
12213,Mycobacterium_neglectum,341,342,1
12214,Mycobacterium_neglectum,359,360,1
12215,Mycobacterium_neglectum,373,374,1
12216,Mycobacterium_neglectum,386,387,1
12217,Mycobacterium_neglectum,401,402,1
12218,Mycobacterium_neglectum,416,417,1
12219,Mycobacterium_neglectum,451,452,1
12220,Mycobacterium_neglectum,471,574,103
12221,Mycobacterium_neglectum,753,755,2
12222,Mycobacterium_neglectum,760,761,1
12223,Mycobacterium_neglectum,762,768,6
12224,Mycobacterium_neglectum,789,790,1
12225,Mycobacterium_neglectum,839,840,1
12226,Mycobacterium_neglectum,890,891,1
12227,Mycobacterium_neglectum,896,900,4
12228,Mycobacterium_neglectum,1010,1011,1
12229,Mycobacterium_neglectum,1068,1069,1
12230,Mycobacterium_neglectum,1168,1169,1
12231,Mycobacterium_neglectum,1185,1186,1
12232,Mycobacterium_neglectum,1211,1212,1
12233,Mycobacterium_neglectum,1237,1238,1
12234,Mycobacterium_neglectum,1398,1399,1
12235,Mycobacterium_neglectum,1430,1437,7
12236,Mycobacterium_neglectum,1438,1439,1
12237,Mycobacterium_neglectum,1445,1446,1
12238,Mycobacterium_neglectum,1454,1467,13
12239,Mycobacterium_neglectum,1491,1492,1
12240,Mycobacterium_neglectum,1707,1708,1
12241,Mycobacterium_neglectum,1748,1749,1
12242,Mycobacterium_neglectum,1756,1761,5
12243,Mycobacterium_neglectum,1771,1775,4
12244,Mycobacterium_neglectum,1776,1777,1
12245,Mycobacterium_neglectum,1789,1791,2
12246,Mycobacterium_neglectum,1802,1803,1
12247,Mycobacterium_neglectum,1918,1919,1
12248,Mycobacterium_neglectum,1954,1955,1
12249,Mycobacterium_neglectum,1993,1994,1
12250,Mycobacterium_neglectum,2121,2122,1
12251,Mycobacterium_neglectum,2132,2133,1
12252,Mycobacterium_neglectum,2136,2137,1
12253,Mycobacterium_neglectum,2138,2139,1
12254,Mycobacterium_neglectum,2143,2147,4
12255,Mycobacterium_neglectum,2151,2152,1
12256,Mycobacterium_neglectum,2162,2163,1
12257,Mycobacterium_neglectum,2285,2294,9
12258,Mycobacterium_neglectum,2296,2297,1
12259,Mycobacterium_neglectum,2299,2300,1
12260,Mycobacterium_neglectum,2302,2307,5
12261,Mycobacterium_neglectum,2309,2315,6
12262,Mycobacterium_neglectum,2316,2325,9
12263,Mycobacterium_neglectum,2379,2380,1
12264,Mycobacterium_neglectum,2664,2665,1
12265,Mycobacterium_neglectum,2723,2850,127
12266,Mycobacterium_neglectum,3376,3377,1
12267,Mycobacterium_neglectum,3378,3379,1
12268,Mycobacterium_neglectum,3433,3434,1
12269,Mycolicibacterium_rhodesiae,1,3,2
12270,Mycolicibacterium_rhodesiae,82,83,1
12271,Mycolicibacterium_rhodesiae,179,180,1
12272,Mycolicibacterium_rhodesiae,186,187,1
12273,Mycolicibacterium_rhodesiae,235,237,2
12274,Mycolicibacterium_rhodesiae,238,240,2
12275,Mycolicibacterium_rhodesiae,250,251,1
12276,Mycolicibacterium_rhodesiae,295,296,1
12277,Mycolicibacterium_rhodesiae,341,342,1
12278,Mycolicibacterium_rhodesiae,359,360,1
12279,Mycolicibacterium_rhodesiae,373,374,1
12280,Mycolicibacterium_rhodesiae,386,387,1
12281,Mycolicibacterium_rhodesiae,401,402,1
12282,Mycolicibacterium_rhodesiae,416,417,1
12283,Mycolicibacterium_rhodesiae,451,452,1
12284,Mycolicibacterium_rhodesiae,471,574,103
12285,Mycolicibacterium_rhodesiae,753,755,2
12286,Mycolicibacterium_rhodesiae,760,761,1
12287,Mycolicibacterium_rhodesiae,762,768,6
12288,Mycolicibacterium_rhodesiae,789,790,1
12289,Mycolicibacterium_rhodesiae,839,840,1
12290,Mycolicibacterium_rhodesiae,890,891,1
12291,Mycolicibacterium_rhodesiae,896,900,4
12292,Mycolicibacterium_rhodesiae,1010,1011,1
12293,Mycolicibacterium_rhodesiae,1068,1069,1
12294,Mycolicibacterium_rhodesiae,1168,1169,1
12295,Mycolicibacterium_rhodesiae,1185,1186,1
12296,Mycolicibacterium_rhodesiae,1211,1212,1
12297,Mycolicibacterium_rhodesiae,1237,1238,1
12298,Mycolicibacterium_rhodesiae,1398,1399,1
12299,Mycolicibacterium_rhodesiae,1430,1437,7
12300,Mycolicibacterium_rhodesiae,1438,1439,1
12301,Mycolicibacterium_rhodesiae,1445,1446,1
12302,Mycolicibacterium_rhodesiae,1455,1460,5
12303,Mycolicibacterium_rhodesiae,1491,1492,1
12304,Mycolicibacterium_rhodesiae,1707,1708,1
12305,Mycolicibacterium_rhodesiae,1748,1749,1
12306,Mycolicibacterium_rhodesiae,1751,1752,1
12307,Mycolicibacterium_rhodesiae,1756,1760,4
12308,Mycolicibacterium_rhodesiae,1771,1777,6
12309,Mycolicibacterium_rhodesiae,1784,1785,1
12310,Mycolicibacterium_rhodesiae,1802,1803,1
12311,Mycolicibacterium_rhodesiae,1918,1920,2
12312,Mycolicibacterium_rhodesiae,1954,1955,1
12313,Mycolicibacterium_rhodesiae,1993,1994,1
12314,Mycolicibacterium_rhodesiae,2136,2137,1
12315,Mycolicibacterium_rhodesiae,2138,2139,1
12316,Mycolicibacterium_rhodesiae,2143,2147,4
12317,Mycolicibacterium_rhodesiae,2151,2152,1
12318,Mycolicibacterium_rhodesiae,2162,2163,1
12319,Mycolicibacterium_rhodesiae,2285,2294,9
12320,Mycolicibacterium_rhodesiae,2296,2297,1
12321,Mycolicibacterium_rhodesiae,2299,2302,3
12322,Mycolicibacterium_rhodesiae,2303,2306,3
12323,Mycolicibacterium_rhodesiae,2309,2315,6
12324,Mycolicibacterium_rhodesiae,2316,2325,9
12325,Mycolicibacterium_rhodesiae,2379,2380,1
12326,Mycolicibacterium_rhodesiae,2664,2665,1
12327,Mycolicibacterium_rhodesiae,2723,2850,127
12328,Mycolicibacterium_rhodesiae,3378,3379,1
12329,Mycolicibacterium_rhodesiae,3433,3434,1
12330,Mycobacterium_xenopi,1,3,2
12331,Mycobacterium_xenopi,82,83,1
12332,Mycobacterium_xenopi,186,187,1
12333,Mycobacterium_xenopi,235,237,2
12334,Mycobacterium_xenopi,238,240,2
12335,Mycobacterium_xenopi,250,251,1
12336,Mycobacterium_xenopi,295,296,1
12337,Mycobacterium_xenopi,341,342,1
12338,Mycobacterium_xenopi,359,360,1
12339,Mycobacterium_xenopi,373,374,1
12340,Mycobacterium_xenopi,386,387,1
12341,Mycobacterium_xenopi,401,402,1
12342,Mycobacterium_xenopi,416,417,1
12343,Mycobacterium_xenopi,451,452,1
12344,Mycobacterium_xenopi,471,574,103
12345,Mycobacterium_xenopi,753,769,16
12346,Mycobacterium_xenopi,789,790,1
12347,Mycobacterium_xenopi,839,840,1
12348,Mycobacterium_xenopi,883,891,8
12349,Mycobacterium_xenopi,1010,1011,1
12350,Mycobacterium_xenopi,1068,1069,1
12351,Mycobacterium_xenopi,1168,1169,1
12352,Mycobacterium_xenopi,1184,1186,2
12353,Mycobacterium_xenopi,1190,1192,2
12354,Mycobacterium_xenopi,1211,1212,1
12355,Mycobacterium_xenopi,1237,1238,1
12356,Mycobacterium_xenopi,1398,1399,1
12357,Mycobacterium_xenopi,1430,1437,7
12358,Mycobacterium_xenopi,1438,1439,1
12359,Mycobacterium_xenopi,1445,1446,1
12360,Mycobacterium_xenopi,1448,1466,18
12361,Mycobacterium_xenopi,1491,1492,1
12362,Mycobacterium_xenopi,1515,1516,1
12363,Mycobacterium_xenopi,1707,1708,1
12364,Mycobacterium_xenopi,1748,1749,1
12365,Mycobacterium_xenopi,1756,1761,5
12366,Mycobacterium_xenopi,1772,1775,3
12367,Mycobacterium_xenopi,1776,1777,1
12368,Mycobacterium_xenopi,1784,1785,1
12369,Mycobacterium_xenopi,1789,1791,2
12370,Mycobacterium_xenopi,1802,1803,1
12371,Mycobacterium_xenopi,1954,1955,1
12372,Mycobacterium_xenopi,1993,1994,1
12373,Mycobacterium_xenopi,2132,2133,1
12374,Mycobacterium_xenopi,2136,2137,1
12375,Mycobacterium_xenopi,2138,2139,1
12376,Mycobacterium_xenopi,2143,2147,4
12377,Mycobacterium_xenopi,2151,2152,1
12378,Mycobacterium_xenopi,2162,2163,1
12379,Mycobacterium_xenopi,2285,2294,9
12380,Mycobacterium_xenopi,2296,2297,1
12381,Mycobacterium_xenopi,2299,2300,1
12382,Mycobacterium_xenopi,2309,2315,6
12383,Mycobacterium_xenopi,2316,2325,9
12384,Mycobacterium_xenopi,2379,2380,1
12385,Mycobacterium_xenopi,2664,2665,1
12386,Mycobacterium_xenopi,2723,2850,127
12387,Mycobacterium_xenopi,3376,3377,1
12388,Mycobacterium_xenopi,3378,3379,1
12389,Mycobacterium_xenopi,3393,3394,1
12390,Mycobacterium_xenopi,3433,3434,1
12391,Mycobacterium_palauense,1,3,2
12392,Mycobacterium_palauense,82,83,1
12393,Mycobacterium_palauense,186,187,1
12394,Mycobacterium_palauense,235,237,2
12395,Mycobacterium_palauense,238,240,2
12396,Mycobacterium_palauense,250,251,1
12397,Mycobacterium_palauense,277,278,1
12398,Mycobacterium_palauense,295,296,1
12399,Mycobacterium_palauense,341,342,1
12400,Mycobacterium_palauense,359,360,1
12401,Mycobacterium_palauense,373,374,1
12402,Mycobacterium_palauense,386,387,1
12403,Mycobacterium_palauense,401,402,1
12404,Mycobacterium_palauense,416,417,1
12405,Mycobacterium_palauense,451,452,1
12406,Mycobacterium_palauense,471,574,103
12407,Mycobacterium_palauense,753,755,2
12408,Mycobacterium_palauense,760,768,8
12409,Mycobacterium_palauense,789,790,1
12410,Mycobacterium_palauense,839,840,1
12411,Mycobacterium_palauense,890,891,1
12412,Mycobacterium_palauense,894,904,10
12413,Mycobacterium_palauense,1010,1011,1
12414,Mycobacterium_palauense,1068,1069,1
12415,Mycobacterium_palauense,1168,1169,1
12416,Mycobacterium_palauense,1185,1186,1
12417,Mycobacterium_palauense,1190,1192,2
12418,Mycobacterium_palauense,1211,1212,1
12419,Mycobacterium_palauense,1237,1238,1
12420,Mycobacterium_palauense,1398,1399,1
12421,Mycobacterium_palauense,1430,1437,7
12422,Mycobacterium_palauense,1438,1439,1
12423,Mycobacterium_palauense,1441,1460,19
12424,Mycobacterium_palauense,1491,1492,1
12425,Mycobacterium_palauense,1707,1708,1
12426,Mycobacterium_palauense,1748,1749,1
12427,Mycobacterium_palauense,1756,1761,5
12428,Mycobacterium_palauense,1771,1775,4
12429,Mycobacterium_palauense,1776,1777,1
12430,Mycobacterium_palauense,1784,1785,1
12431,Mycobacterium_palauense,1789,1790,1
12432,Mycobacterium_palauense,1802,1803,1
12433,Mycobacterium_palauense,1918,1920,2
12434,Mycobacterium_palauense,1954,1955,1
12435,Mycobacterium_palauense,1993,1994,1
12436,Mycobacterium_palauense,2121,2122,1
12437,Mycobacterium_palauense,2132,2133,1
12438,Mycobacterium_palauense,2136,2137,1
12439,Mycobacterium_palauense,2138,2139,1
12440,Mycobacterium_palauense,2143,2147,4
12441,Mycobacterium_palauense,2151,2152,1
12442,Mycobacterium_palauense,2162,2163,1
12443,Mycobacterium_palauense,2285,2294,9
12444,Mycobacterium_palauense,2296,2297,1
12445,Mycobacterium_palauense,2299,2305,6
12446,Mycobacterium_palauense,2309,2315,6
12447,Mycobacterium_palauense,2316,2325,9
12448,Mycobacterium_palauense,2379,2380,1
12449,Mycobacterium_palauense,2664,2665,1
12450,Mycobacterium_palauense,2723,2850,127
12451,Mycobacterium_palauense,3376,3377,1
12452,Mycobacterium_palauense,3378,3379,1
12453,Mycobacterium_palauense,3433,3434,1
12454,Mycolicibacterium_confluentis,1,3,2
12455,Mycolicibacterium_confluentis,82,83,1
12456,Mycolicibacterium_confluentis,186,187,1
12457,Mycolicibacterium_confluentis,235,237,2
12458,Mycolicibacterium_confluentis,238,240,2
12459,Mycolicibacterium_confluentis,250,251,1
12460,Mycolicibacterium_confluentis,295,296,1
12461,Mycolicibacterium_confluentis,308,310,2
12462,Mycolicibacterium_confluentis,334,335,1
12463,Mycolicibacterium_confluentis,341,342,1
12464,Mycolicibacterium_confluentis,359,360,1
12465,Mycolicibacterium_confluentis,373,374,1
12466,Mycolicibacterium_confluentis,386,387,1
12467,Mycolicibacterium_confluentis,401,402,1
12468,Mycolicibacterium_confluentis,416,417,1
12469,Mycolicibacterium_confluentis,451,452,1
12470,Mycolicibacterium_confluentis,471,574,103
12471,Mycolicibacterium_confluentis,665,666,1
12472,Mycolicibacterium_confluentis,753,755,2
12473,Mycolicibacterium_confluentis,761,768,7
12474,Mycolicibacterium_confluentis,789,790,1
12475,Mycolicibacterium_confluentis,839,840,1
12476,Mycolicibacterium_confluentis,886,893,7
12477,Mycolicibacterium_confluentis,896,900,4
12478,Mycolicibacterium_confluentis,1010,1011,1
12479,Mycolicibacterium_confluentis,1068,1069,1
12480,Mycolicibacterium_confluentis,1168,1169,1
12481,Mycolicibacterium_confluentis,1185,1186,1
12482,Mycolicibacterium_confluentis,1190,1192,2
12483,Mycolicibacterium_confluentis,1211,1212,1
12484,Mycolicibacterium_confluentis,1237,1238,1
12485,Mycolicibacterium_confluentis,1398,1399,1
12486,Mycolicibacterium_confluentis,1430,1437,7
12487,Mycolicibacterium_confluentis,1438,1439,1
12488,Mycolicibacterium_confluentis,1445,1460,15
12489,Mycolicibacterium_confluentis,1491,1492,1
12490,Mycolicibacterium_confluentis,1707,1708,1
12491,Mycolicibacterium_confluentis,1748,1749,1
12492,Mycolicibacterium_confluentis,1751,1752,1
12493,Mycolicibacterium_confluentis,1756,1761,5
12494,Mycolicibacterium_confluentis,1771,1775,4
12495,Mycolicibacterium_confluentis,1776,1777,1
12496,Mycolicibacterium_confluentis,1784,1785,1
12497,Mycolicibacterium_confluentis,1789,1791,2
12498,Mycolicibacterium_confluentis,1802,1803,1
12499,Mycolicibacterium_confluentis,1918,1919,1
12500,Mycolicibacterium_confluentis,1943,1944,1
12501,Mycolicibacterium_confluentis,1954,1955,1
12502,Mycolicibacterium_confluentis,1982,1983,1
12503,Mycolicibacterium_confluentis,1993,1994,1
12504,Mycolicibacterium_confluentis,2136,2137,1
12505,Mycolicibacterium_confluentis,2138,2139,1
12506,Mycolicibacterium_confluentis,2143,2147,4
12507,Mycolicibacterium_confluentis,2151,2152,1
12508,Mycolicibacterium_confluentis,2162,2163,1
12509,Mycolicibacterium_confluentis,2200,2201,1
12510,Mycolicibacterium_confluentis,2285,2294,9
12511,Mycolicibacterium_confluentis,2296,2297,1
12512,Mycolicibacterium_confluentis,2299,2300,1
12513,Mycolicibacterium_confluentis,2302,2307,5
12514,Mycolicibacterium_confluentis,2309,2315,6
12515,Mycolicibacterium_confluentis,2316,2325,9
12516,Mycolicibacterium_confluentis,2379,2380,1
12517,Mycolicibacterium_confluentis,2664,2665,1
12518,Mycolicibacterium_confluentis,2723,2850,127
12519,Mycolicibacterium_confluentis,3376,3377,1
12520,Mycolicibacterium_confluentis,3378,3379,1
12521,Mycolicibacterium_confluentis,3433,3434,1
12522,Mycolicibacterium_tokaiense,1,3,2
12523,Mycolicibacterium_tokaiense,82,83,1
12524,Mycolicibacterium_tokaiense,186,187,1
12525,Mycolicibacterium_tokaiense,235,237,2
12526,Mycolicibacterium_tokaiense,238,240,2
12527,Mycolicibacterium_tokaiense,250,251,1
12528,Mycolicibacterium_tokaiense,295,296,1
12529,Mycolicibacterium_tokaiense,341,342,1
12530,Mycolicibacterium_tokaiense,359,360,1
12531,Mycolicibacterium_tokaiense,373,376,3
12532,Mycolicibacterium_tokaiense,386,387,1
12533,Mycolicibacterium_tokaiense,401,402,1
12534,Mycolicibacterium_tokaiense,416,417,1
12535,Mycolicibacterium_tokaiense,451,452,1
12536,Mycolicibacterium_tokaiense,471,574,103
12537,Mycolicibacterium_tokaiense,696,699,3
12538,Mycolicibacterium_tokaiense,753,757,4
12539,Mycolicibacterium_tokaiense,760,767,7
12540,Mycolicibacterium_tokaiense,789,790,1
12541,Mycolicibacterium_tokaiense,839,840,1
12542,Mycolicibacterium_tokaiense,886,893,7
12543,Mycolicibacterium_tokaiense,896,900,4
12544,Mycolicibacterium_tokaiense,1010,1011,1
12545,Mycolicibacterium_tokaiense,1068,1069,1
12546,Mycolicibacterium_tokaiense,1168,1170,2
12547,Mycolicibacterium_tokaiense,1185,1186,1
12548,Mycolicibacterium_tokaiense,1190,1192,2
12549,Mycolicibacterium_tokaiense,1211,1212,1
12550,Mycolicibacterium_tokaiense,1237,1238,1
12551,Mycolicibacterium_tokaiense,1398,1399,1
12552,Mycolicibacterium_tokaiense,1430,1437,7
12553,Mycolicibacterium_tokaiense,1438,1458,20
12554,Mycolicibacterium_tokaiense,1491,1492,1
12555,Mycolicibacterium_tokaiense,1707,1708,1
12556,Mycolicibacterium_tokaiense,1748,1749,1
12557,Mycolicibacterium_tokaiense,1751,1752,1
12558,Mycolicibacterium_tokaiense,1756,1761,5
12559,Mycolicibacterium_tokaiense,1771,1775,4
12560,Mycolicibacterium_tokaiense,1776,1777,1
12561,Mycolicibacterium_tokaiense,1784,1785,1
12562,Mycolicibacterium_tokaiense,1789,1791,2
12563,Mycolicibacterium_tokaiense,1802,1803,1
12564,Mycolicibacterium_tokaiense,1918,1919,1
12565,Mycolicibacterium_tokaiense,1954,1955,1
12566,Mycolicibacterium_tokaiense,1993,1994,1
12567,Mycolicibacterium_tokaiense,2132,2133,1
12568,Mycolicibacterium_tokaiense,2136,2137,1
12569,Mycolicibacterium_tokaiense,2138,2139,1
12570,Mycolicibacterium_tokaiense,2143,2147,4
12571,Mycolicibacterium_tokaiense,2150,2152,2
12572,Mycolicibacterium_tokaiense,2162,2163,1
12573,Mycolicibacterium_tokaiense,2285,2294,9
12574,Mycolicibacterium_tokaiense,2296,2297,1
12575,Mycolicibacterium_tokaiense,2299,2307,8
12576,Mycolicibacterium_tokaiense,2309,2315,6
12577,Mycolicibacterium_tokaiense,2316,2325,9
12578,Mycolicibacterium_tokaiense,2379,2380,1
12579,Mycolicibacterium_tokaiense,2664,2665,1
12580,Mycolicibacterium_tokaiense,2723,2850,127
12581,Mycolicibacterium_tokaiense,2983,2984,1
12582,Mycolicibacterium_tokaiense,2994,2995,1
12583,Mycolicibacterium_tokaiense,3376,3377,1
12584,Mycolicibacterium_tokaiense,3378,3379,1
12585,Mycolicibacterium_tokaiense,3433,3434,1
12586,Mycolicibacterium_tokaiense,3447,3448,1
12587,Mycolicibacterium_parafortuitum,1,3,2
12588,Mycolicibacterium_parafortuitum,82,83,1
12589,Mycolicibacterium_parafortuitum,186,187,1
12590,Mycolicibacterium_parafortuitum,235,237,2
12591,Mycolicibacterium_parafortuitum,238,240,2
12592,Mycolicibacterium_parafortuitum,250,251,1
12593,Mycolicibacterium_parafortuitum,295,296,1
12594,Mycolicibacterium_parafortuitum,341,342,1
12595,Mycolicibacterium_parafortuitum,359,360,1
12596,Mycolicibacterium_parafortuitum,373,374,1
12597,Mycolicibacterium_parafortuitum,386,387,1
12598,Mycolicibacterium_parafortuitum,401,402,1
12599,Mycolicibacterium_parafortuitum,416,417,1
12600,Mycolicibacterium_parafortuitum,451,452,1
12601,Mycolicibacterium_parafortuitum,472,574,102
12602,Mycolicibacterium_parafortuitum,753,757,4
12603,Mycolicibacterium_parafortuitum,760,761,1
12604,Mycolicibacterium_parafortuitum,762,768,6
12605,Mycolicibacterium_parafortuitum,789,790,1
12606,Mycolicibacterium_parafortuitum,839,840,1
12607,Mycolicibacterium_parafortuitum,890,891,1
12608,Mycolicibacterium_parafortuitum,896,900,4
12609,Mycolicibacterium_parafortuitum,1010,1011,1
12610,Mycolicibacterium_parafortuitum,1068,1069,1
12611,Mycolicibacterium_parafortuitum,1168,1169,1
12612,Mycolicibacterium_parafortuitum,1185,1186,1
12613,Mycolicibacterium_parafortuitum,1190,1192,2
12614,Mycolicibacterium_parafortuitum,1211,1212,1
12615,Mycolicibacterium_parafortuitum,1237,1238,1
12616,Mycolicibacterium_parafortuitum,1398,1399,1
12617,Mycolicibacterium_parafortuitum,1430,1437,7
12618,Mycolicibacterium_parafortuitum,1438,1439,1
12619,Mycolicibacterium_parafortuitum,1445,1446,1
12620,Mycolicibacterium_parafortuitum,1448,1462,14
12621,Mycolicibacterium_parafortuitum,1491,1492,1
12622,Mycolicibacterium_parafortuitum,1707,1708,1
12623,Mycolicibacterium_parafortuitum,1748,1749,1
12624,Mycolicibacterium_parafortuitum,1751,1752,1
12625,Mycolicibacterium_parafortuitum,1756,1761,5
12626,Mycolicibacterium_parafortuitum,1771,1775,4
12627,Mycolicibacterium_parafortuitum,1776,1777,1
12628,Mycolicibacterium_parafortuitum,1784,1785,1
12629,Mycolicibacterium_parafortuitum,1789,1791,2
12630,Mycolicibacterium_parafortuitum,1802,1803,1
12631,Mycolicibacterium_parafortuitum,1918,1919,1
12632,Mycolicibacterium_parafortuitum,1954,1955,1
12633,Mycolicibacterium_parafortuitum,1993,1994,1
12634,Mycolicibacterium_parafortuitum,1997,1999,2
12635,Mycolicibacterium_parafortuitum,2132,2133,1
12636,Mycolicibacterium_parafortuitum,2136,2137,1
12637,Mycolicibacterium_parafortuitum,2138,2139,1
12638,Mycolicibacterium_parafortuitum,2143,2147,4
12639,Mycolicibacterium_parafortuitum,2151,2152,1
12640,Mycolicibacterium_parafortuitum,2162,2163,1
12641,Mycolicibacterium_parafortuitum,2285,2294,9
12642,Mycolicibacterium_parafortuitum,2296,2297,1
12643,Mycolicibacterium_parafortuitum,2299,2300,1
12644,Mycolicibacterium_parafortuitum,2301,2308,7
12645,Mycolicibacterium_parafortuitum,2309,2315,6
12646,Mycolicibacterium_parafortuitum,2316,2325,9
12647,Mycolicibacterium_parafortuitum,2379,2380,1
12648,Mycolicibacterium_parafortuitum,2664,2665,1
12649,Mycolicibacterium_parafortuitum,2723,2850,127
12650,Mycolicibacterium_parafortuitum,3378,3379,1
12651,Mycolicibacterium_parafortuitum,3433,3434,1
12652,Mycolicibacterium_sarraceniae,1,3,2
12653,Mycolicibacterium_sarraceniae,82,83,1
12654,Mycolicibacterium_sarraceniae,186,187,1
12655,Mycolicibacterium_sarraceniae,235,237,2
12656,Mycolicibacterium_sarraceniae,250,251,1
12657,Mycolicibacterium_sarraceniae,295,296,1
12658,Mycolicibacterium_sarraceniae,341,342,1
12659,Mycolicibacterium_sarraceniae,359,360,1
12660,Mycolicibacterium_sarraceniae,373,374,1
12661,Mycolicibacterium_sarraceniae,386,387,1
12662,Mycolicibacterium_sarraceniae,401,402,1
12663,Mycolicibacterium_sarraceniae,416,417,1
12664,Mycolicibacterium_sarraceniae,451,452,1
12665,Mycolicibacterium_sarraceniae,470,574,104
12666,Mycolicibacterium_sarraceniae,753,757,4
12667,Mycolicibacterium_sarraceniae,760,761,1
12668,Mycolicibacterium_sarraceniae,762,768,6
12669,Mycolicibacterium_sarraceniae,839,840,1
12670,Mycolicibacterium_sarraceniae,890,891,1
12671,Mycolicibacterium_sarraceniae,896,900,4
12672,Mycolicibacterium_sarraceniae,1010,1011,1
12673,Mycolicibacterium_sarraceniae,1068,1069,1
12674,Mycolicibacterium_sarraceniae,1168,1169,1
12675,Mycolicibacterium_sarraceniae,1185,1186,1
12676,Mycolicibacterium_sarraceniae,1190,1192,2
12677,Mycolicibacterium_sarraceniae,1211,1212,1
12678,Mycolicibacterium_sarraceniae,1237,1238,1
12679,Mycolicibacterium_sarraceniae,1398,1399,1
12680,Mycolicibacterium_sarraceniae,1430,1437,7
12681,Mycolicibacterium_sarraceniae,1438,1439,1
12682,Mycolicibacterium_sarraceniae,1445,1446,1
12683,Mycolicibacterium_sarraceniae,1448,1462,14
12684,Mycolicibacterium_sarraceniae,1707,1708,1
12685,Mycolicibacterium_sarraceniae,1748,1749,1
12686,Mycolicibacterium_sarraceniae,1751,1752,1
12687,Mycolicibacterium_sarraceniae,1756,1761,5
12688,Mycolicibacterium_sarraceniae,1771,1775,4
12689,Mycolicibacterium_sarraceniae,1776,1777,1
12690,Mycolicibacterium_sarraceniae,1784,1785,1
12691,Mycolicibacterium_sarraceniae,1789,1791,2
12692,Mycolicibacterium_sarraceniae,1802,1803,1
12693,Mycolicibacterium_sarraceniae,1918,1919,1
12694,Mycolicibacterium_sarraceniae,1954,1955,1
12695,Mycolicibacterium_sarraceniae,1993,1994,1
12696,Mycolicibacterium_sarraceniae,2119,2122,3
12697,Mycolicibacterium_sarraceniae,2132,2133,1
12698,Mycolicibacterium_sarraceniae,2136,2137,1
12699,Mycolicibacterium_sarraceniae,2138,2139,1
12700,Mycolicibacterium_sarraceniae,2143,2147,4
12701,Mycolicibacterium_sarraceniae,2151,2152,1
12702,Mycolicibacterium_sarraceniae,2162,2165,3
12703,Mycolicibacterium_sarraceniae,2200,2201,1
12704,Mycolicibacterium_sarraceniae,2285,2294,9
12705,Mycolicibacterium_sarraceniae,2296,2297,1
12706,Mycolicibacterium_sarraceniae,2299,2300,1
12707,Mycolicibacterium_sarraceniae,2303,2308,5
12708,Mycolicibacterium_sarraceniae,2309,2315,6
12709,Mycolicibacterium_sarraceniae,2316,2325,9
12710,Mycolicibacterium_sarraceniae,2379,2380,1
12711,Mycolicibacterium_sarraceniae,2664,2665,1
12712,Mycolicibacterium_sarraceniae,2723,2850,127
12713,Mycolicibacterium_sarraceniae,3376,3377,1
12714,Mycolicibacterium_sarraceniae,3378,3379,1
12715,Mycolicibacterium_sarraceniae,3433,3434,1
12716,Mycobacterium_heckeshornense,1,3,2
12717,Mycobacterium_heckeshornense,82,83,1
12718,Mycobacterium_heckeshornense,185,187,2
12719,Mycobacterium_heckeshornense,236,237,1
12720,Mycobacterium_heckeshornense,238,240,2
12721,Mycobacterium_heckeshornense,250,251,1
12722,Mycobacterium_heckeshornense,277,278,1
12723,Mycobacterium_heckeshornense,295,296,1
12724,Mycobacterium_heckeshornense,356,360,4
12725,Mycobacterium_heckeshornense,373,374,1
12726,Mycobacterium_heckeshornense,386,387,1
12727,Mycobacterium_heckeshornense,401,402,1
12728,Mycobacterium_heckeshornense,416,417,1
12729,Mycobacterium_heckeshornense,451,452,1
12730,Mycobacterium_heckeshornense,471,575,104
12731,Mycobacterium_heckeshornense,753,769,16
12732,Mycobacterium_heckeshornense,789,790,1
12733,Mycobacterium_heckeshornense,839,840,1
12734,Mycobacterium_heckeshornense,883,892,9
12735,Mycobacterium_heckeshornense,1010,1011,1
12736,Mycobacterium_heckeshornense,1068,1069,1
12737,Mycobacterium_heckeshornense,1168,1169,1
12738,Mycobacterium_heckeshornense,1184,1186,2
12739,Mycobacterium_heckeshornense,1190,1192,2
12740,Mycobacterium_heckeshornense,1211,1212,1
12741,Mycobacterium_heckeshornense,1237,1238,1
12742,Mycobacterium_heckeshornense,1398,1399,1
12743,Mycobacterium_heckeshornense,1430,1437,7
12744,Mycobacterium_heckeshornense,1438,1439,1
12745,Mycobacterium_heckeshornense,1445,1446,1
12746,Mycobacterium_heckeshornense,1448,1466,18
12747,Mycobacterium_heckeshornense,1491,1492,1
12748,Mycobacterium_heckeshornense,1515,1516,1
12749,Mycobacterium_heckeshornense,1707,1708,1
12750,Mycobacterium_heckeshornense,1748,1749,1
12751,Mycobacterium_heckeshornense,1756,1761,5
12752,Mycobacterium_heckeshornense,1772,1775,3
12753,Mycobacterium_heckeshornense,1776,1777,1
12754,Mycobacterium_heckeshornense,1784,1785,1
12755,Mycobacterium_heckeshornense,1789,1791,2
12756,Mycobacterium_heckeshornense,1802,1803,1
12757,Mycobacterium_heckeshornense,1918,1919,1
12758,Mycobacterium_heckeshornense,1954,1955,1
12759,Mycobacterium_heckeshornense,1993,1994,1
12760,Mycobacterium_heckeshornense,2114,2115,1
12761,Mycobacterium_heckeshornense,2132,2133,1
12762,Mycobacterium_heckeshornense,2136,2137,1
12763,Mycobacterium_heckeshornense,2138,2139,1
12764,Mycobacterium_heckeshornense,2143,2147,4
12765,Mycobacterium_heckeshornense,2151,2152,1
12766,Mycobacterium_heckeshornense,2162,2163,1
12767,Mycobacterium_heckeshornense,2285,2294,9
12768,Mycobacterium_heckeshornense,2296,2297,1
12769,Mycobacterium_heckeshornense,2299,2301,2
12770,Mycobacterium_heckeshornense,2309,2315,6
12771,Mycobacterium_heckeshornense,2316,2325,9
12772,Mycobacterium_heckeshornense,2379,2380,1
12773,Mycobacterium_heckeshornense,2664,2665,1
12774,Mycobacterium_heckeshornense,2723,2850,127
12775,Mycobacterium_heckeshornense,3376,3377,1
12776,Mycobacterium_heckeshornense,3378,3379,1
12777,Mycobacterium_heckeshornense,3433,3434,1
12778,Mycobacteroides_immunogenum,1,2,1
12779,Mycobacteroides_immunogenum,82,83,1
12780,Mycobacteroides_immunogenum,186,187,1
12781,Mycobacteroides_immunogenum,235,237,2
12782,Mycobacteroides_immunogenum,238,240,2
12783,Mycobacteroides_immunogenum,250,251,1
12784,Mycobacteroides_immunogenum,295,296,1
12785,Mycobacteroides_immunogenum,359,360,1
12786,Mycobacteroides_immunogenum,373,374,1
12787,Mycobacteroides_immunogenum,401,402,1
12788,Mycobacteroides_immunogenum,416,417,1
12789,Mycobacteroides_immunogenum,451,452,1
12790,Mycobacteroides_immunogenum,471,574,103
12791,Mycobacteroides_immunogenum,753,764,11
12792,Mycobacteroides_immunogenum,766,771,5
12793,Mycobacteroides_immunogenum,789,790,1
12794,Mycobacteroides_immunogenum,839,840,1
12795,Mycobacteroides_immunogenum,880,899,19
12796,Mycobacteroides_immunogenum,900,905,5
12797,Mycobacteroides_immunogenum,1010,1011,1
12798,Mycobacteroides_immunogenum,1068,1069,1
12799,Mycobacteroides_immunogenum,1168,1169,1
12800,Mycobacteroides_immunogenum,1185,1186,1
12801,Mycobacteroides_immunogenum,1190,1192,2
12802,Mycobacteroides_immunogenum,1211,1212,1
12803,Mycobacteroides_immunogenum,1237,1238,1
12804,Mycobacteroides_immunogenum,1398,1399,1
12805,Mycobacteroides_immunogenum,1445,1446,1
12806,Mycobacteroides_immunogenum,1457,1458,1
12807,Mycobacteroides_immunogenum,1491,1492,1
12808,Mycobacteroides_immunogenum,1560,1561,1
12809,Mycobacteroides_immunogenum,1707,1708,1
12810,Mycobacteroides_immunogenum,1748,1749,1
12811,Mycobacteroides_immunogenum,1751,1752,1
12812,Mycobacteroides_immunogenum,1756,1761,5
12813,Mycobacteroides_immunogenum,1772,1777,5
12814,Mycobacteroides_immunogenum,1784,1785,1
12815,Mycobacteroides_immunogenum,1789,1791,2
12816,Mycobacteroides_immunogenum,1802,1803,1
12817,Mycobacteroides_immunogenum,1867,1868,1
12818,Mycobacteroides_immunogenum,1917,1919,2
12819,Mycobacteroides_immunogenum,1954,1955,1
12820,Mycobacteroides_immunogenum,1993,1994,1
12821,Mycobacteroides_immunogenum,2119,2120,1
12822,Mycobacteroides_immunogenum,2136,2139,3
12823,Mycobacteroides_immunogenum,2145,2146,1
12824,Mycobacteroides_immunogenum,2147,2152,5
12825,Mycobacteroides_immunogenum,2162,2163,1
12826,Mycobacteroides_immunogenum,2285,2294,9
12827,Mycobacteroides_immunogenum,2296,2297,1
12828,Mycobacteroides_immunogenum,2299,2313,14
12829,Mycobacteroides_immunogenum,2316,2325,9
12830,Mycobacteroides_immunogenum,2379,2380,1
12831,Mycobacteroides_immunogenum,2664,2665,1
12832,Mycobacteroides_immunogenum,2723,2850,127
12833,Mycobacteroides_immunogenum,3376,3377,1
12834,Mycobacteroides_immunogenum,3378,3379,1
12835,Mycobacteroides_immunogenum,3433,3434,1
12836,Mycobacteroides_abscessus,1,2,1
12837,Mycobacteroides_abscessus,82,83,1
12838,Mycobacteroides_abscessus,186,187,1
12839,Mycobacteroides_abscessus,235,237,2
12840,Mycobacteroides_abscessus,238,240,2
12841,Mycobacteroides_abscessus,250,251,1
12842,Mycobacteroides_abscessus,295,296,1
12843,Mycobacteroides_abscessus,359,360,1
12844,Mycobacteroides_abscessus,373,374,1
12845,Mycobacteroides_abscessus,401,402,1
12846,Mycobacteroides_abscessus,416,417,1
12847,Mycobacteroides_abscessus,451,452,1
12848,Mycobacteroides_abscessus,471,574,103
12849,Mycobacteroides_abscessus,753,764,11
12850,Mycobacteroides_abscessus,766,771,5
12851,Mycobacteroides_abscessus,789,790,1
12852,Mycobacteroides_abscessus,839,840,1
12853,Mycobacteroides_abscessus,880,899,19
12854,Mycobacteroides_abscessus,900,905,5
12855,Mycobacteroides_abscessus,1010,1011,1
12856,Mycobacteroides_abscessus,1068,1069,1
12857,Mycobacteroides_abscessus,1168,1169,1
12858,Mycobacteroides_abscessus,1185,1186,1
12859,Mycobacteroides_abscessus,1190,1192,2
12860,Mycobacteroides_abscessus,1211,1212,1
12861,Mycobacteroides_abscessus,1237,1238,1
12862,Mycobacteroides_abscessus,1398,1399,1
12863,Mycobacteroides_abscessus,1445,1446,1
12864,Mycobacteroides_abscessus,1457,1458,1
12865,Mycobacteroides_abscessus,1491,1492,1
12866,Mycobacteroides_abscessus,1560,1561,1
12867,Mycobacteroides_abscessus,1707,1708,1
12868,Mycobacteroides_abscessus,1748,1749,1
12869,Mycobacteroides_abscessus,1751,1752,1
12870,Mycobacteroides_abscessus,1756,1761,5
12871,Mycobacteroides_abscessus,1772,1777,5
12872,Mycobacteroides_abscessus,1784,1785,1
12873,Mycobacteroides_abscessus,1789,1791,2
12874,Mycobacteroides_abscessus,1802,1803,1
12875,Mycobacteroides_abscessus,1917,1919,2
12876,Mycobacteroides_abscessus,1954,1955,1
12877,Mycobacteroides_abscessus,1993,1994,1
12878,Mycobacteroides_abscessus,2119,2120,1
12879,Mycobacteroides_abscessus,2136,2139,3
12880,Mycobacteroides_abscessus,2145,2146,1
12881,Mycobacteroides_abscessus,2147,2152,5
12882,Mycobacteroides_abscessus,2162,2163,1
12883,Mycobacteroides_abscessus,2285,2294,9
12884,Mycobacteroides_abscessus,2296,2297,1
12885,Mycobacteroides_abscessus,2299,2313,14
12886,Mycobacteroides_abscessus,2316,2325,9
12887,Mycobacteroides_abscessus,2379,2380,1
12888,Mycobacteroides_abscessus,2664,2665,1
12889,Mycobacteroides_abscessus,2723,2850,127
12890,Mycobacteroides_abscessus,3376,3377,1
12891,Mycobacteroides_abscessus,3378,3379,1
12892,Mycobacteroides_abscessus,3433,3434,1
12893,Mycobacteroides_massiliense,1,2,1
12894,Mycobacteroides_massiliense,82,83,1
12895,Mycobacteroides_massiliense,186,187,1
12896,Mycobacteroides_massiliense,235,237,2
12897,Mycobacteroides_massiliense,238,240,2
12898,Mycobacteroides_massiliense,250,251,1
12899,Mycobacteroides_massiliense,295,296,1
12900,Mycobacteroides_massiliense,359,360,1
12901,Mycobacteroides_massiliense,373,374,1
12902,Mycobacteroides_massiliense,401,402,1
12903,Mycobacteroides_massiliense,416,417,1
12904,Mycobacteroides_massiliense,451,452,1
12905,Mycobacteroides_massiliense,471,574,103
12906,Mycobacteroides_massiliense,753,764,11
12907,Mycobacteroides_massiliense,766,771,5
12908,Mycobacteroides_massiliense,789,790,1
12909,Mycobacteroides_massiliense,839,840,1
12910,Mycobacteroides_massiliense,880,899,19
12911,Mycobacteroides_massiliense,900,905,5
12912,Mycobacteroides_massiliense,1010,1011,1
12913,Mycobacteroides_massiliense,1068,1069,1
12914,Mycobacteroides_massiliense,1168,1169,1
12915,Mycobacteroides_massiliense,1185,1186,1
12916,Mycobacteroides_massiliense,1190,1192,2
12917,Mycobacteroides_massiliense,1211,1212,1
12918,Mycobacteroides_massiliense,1237,1238,1
12919,Mycobacteroides_massiliense,1398,1399,1
12920,Mycobacteroides_massiliense,1445,1446,1
12921,Mycobacteroides_massiliense,1457,1458,1
12922,Mycobacteroides_massiliense,1491,1492,1
12923,Mycobacteroides_massiliense,1560,1561,1
12924,Mycobacteroides_massiliense,1707,1708,1
12925,Mycobacteroides_massiliense,1748,1749,1
12926,Mycobacteroides_massiliense,1751,1752,1
12927,Mycobacteroides_massiliense,1756,1761,5
12928,Mycobacteroides_massiliense,1772,1777,5
12929,Mycobacteroides_massiliense,1784,1785,1
12930,Mycobacteroides_massiliense,1789,1791,2
12931,Mycobacteroides_massiliense,1802,1803,1
12932,Mycobacteroides_massiliense,1917,1919,2
12933,Mycobacteroides_massiliense,1954,1955,1
12934,Mycobacteroides_massiliense,1993,1994,1
12935,Mycobacteroides_massiliense,2119,2120,1
12936,Mycobacteroides_massiliense,2136,2139,3
12937,Mycobacteroides_massiliense,2145,2146,1
12938,Mycobacteroides_massiliense,2147,2152,5
12939,Mycobacteroides_massiliense,2162,2163,1
12940,Mycobacteroides_massiliense,2285,2294,9
12941,Mycobacteroides_massiliense,2296,2297,1
12942,Mycobacteroides_massiliense,2299,2313,14
12943,Mycobacteroides_massiliense,2316,2325,9
12944,Mycobacteroides_massiliense,2379,2380,1
12945,Mycobacteroides_massiliense,2664,2665,1
12946,Mycobacteroides_massiliense,2723,2850,127
12947,Mycobacteroides_massiliense,3376,3377,1
12948,Mycobacteroides_massiliense,3378,3379,1
12949,Mycobacteroides_massiliense,3433,3434,1
12950,Mycobacteroides_franklinii,1,3,2
12951,Mycobacteroides_franklinii,82,83,1
12952,Mycobacteroides_franklinii,186,187,1
12953,Mycobacteroides_franklinii,235,237,2
12954,Mycobacteroides_franklinii,238,240,2
12955,Mycobacteroides_franklinii,250,251,1
12956,Mycobacteroides_franklinii,295,296,1
12957,Mycobacteroides_franklinii,359,360,1
12958,Mycobacteroides_franklinii,373,374,1
12959,Mycobacteroides_franklinii,401,402,1
12960,Mycobacteroides_franklinii,416,417,1
12961,Mycobacteroides_franklinii,451,452,1
12962,Mycobacteroides_franklinii,471,574,103
12963,Mycobacteroides_franklinii,753,764,11
12964,Mycobacteroides_franklinii,766,771,5
12965,Mycobacteroides_franklinii,789,790,1
12966,Mycobacteroides_franklinii,839,840,1
12967,Mycobacteroides_franklinii,880,899,19
12968,Mycobacteroides_franklinii,900,905,5
12969,Mycobacteroides_franklinii,1010,1011,1
12970,Mycobacteroides_franklinii,1068,1069,1
12971,Mycobacteroides_franklinii,1168,1169,1
12972,Mycobacteroides_franklinii,1185,1186,1
12973,Mycobacteroides_franklinii,1190,1192,2
12974,Mycobacteroides_franklinii,1211,1212,1
12975,Mycobacteroides_franklinii,1237,1238,1
12976,Mycobacteroides_franklinii,1398,1399,1
12977,Mycobacteroides_franklinii,1445,1446,1
12978,Mycobacteroides_franklinii,1457,1458,1
12979,Mycobacteroides_franklinii,1491,1492,1
12980,Mycobacteroides_franklinii,1560,1561,1
12981,Mycobacteroides_franklinii,1707,1708,1
12982,Mycobacteroides_franklinii,1748,1749,1
12983,Mycobacteroides_franklinii,1751,1752,1
12984,Mycobacteroides_franklinii,1756,1761,5
12985,Mycobacteroides_franklinii,1772,1777,5
12986,Mycobacteroides_franklinii,1784,1785,1
12987,Mycobacteroides_franklinii,1789,1791,2
12988,Mycobacteroides_franklinii,1802,1803,1
12989,Mycobacteroides_franklinii,1917,1919,2
12990,Mycobacteroides_franklinii,1954,1955,1
12991,Mycobacteroides_franklinii,1993,1994,1
12992,Mycobacteroides_franklinii,2119,2120,1
12993,Mycobacteroides_franklinii,2136,2139,3
12994,Mycobacteroides_franklinii,2145,2146,1
12995,Mycobacteroides_franklinii,2147,2152,5
12996,Mycobacteroides_franklinii,2162,2163,1
12997,Mycobacteroides_franklinii,2285,2294,9
12998,Mycobacteroides_franklinii,2296,2297,1
12999,Mycobacteroides_franklinii,2299,2313,14
13000,Mycobacteroides_franklinii,2316,2325,9
13001,Mycobacteroides_franklinii,2379,2380,1
13002,Mycobacteroides_franklinii,2664,2665,1
13003,Mycobacteroides_franklinii,2723,2850,127
13004,Mycobacteroides_franklinii,3376,3377,1
13005,Mycobacteroides_franklinii,3378,3379,1
13006,Mycobacteroides_franklinii,3433,3434,1
13007,Mycobacteroides_saopaulense,1,2,1
13008,Mycobacteroides_saopaulense,82,83,1
13009,Mycobacteroides_saopaulense,186,187,1
13010,Mycobacteroides_saopaulense,235,237,2
13011,Mycobacteroides_saopaulense,238,240,2
13012,Mycobacteroides_saopaulense,250,251,1
13013,Mycobacteroides_saopaulense,295,296,1
13014,Mycobacteroides_saopaulense,359,360,1
13015,Mycobacteroides_saopaulense,373,374,1
13016,Mycobacteroides_saopaulense,401,402,1
13017,Mycobacteroides_saopaulense,416,417,1
13018,Mycobacteroides_saopaulense,451,452,1
13019,Mycobacteroides_saopaulense,471,574,103
13020,Mycobacteroides_saopaulense,753,764,11
13021,Mycobacteroides_saopaulense,766,771,5
13022,Mycobacteroides_saopaulense,789,790,1
13023,Mycobacteroides_saopaulense,839,840,1
13024,Mycobacteroides_saopaulense,880,899,19
13025,Mycobacteroides_saopaulense,900,905,5
13026,Mycobacteroides_saopaulense,1010,1011,1
13027,Mycobacteroides_saopaulense,1068,1069,1
13028,Mycobacteroides_saopaulense,1168,1169,1
13029,Mycobacteroides_saopaulense,1185,1186,1
13030,Mycobacteroides_saopaulense,1190,1192,2
13031,Mycobacteroides_saopaulense,1211,1212,1
13032,Mycobacteroides_saopaulense,1237,1238,1
13033,Mycobacteroides_saopaulense,1398,1399,1
13034,Mycobacteroides_saopaulense,1445,1446,1
13035,Mycobacteroides_saopaulense,1457,1458,1
13036,Mycobacteroides_saopaulense,1491,1492,1
13037,Mycobacteroides_saopaulense,1560,1561,1
13038,Mycobacteroides_saopaulense,1707,1708,1
13039,Mycobacteroides_saopaulense,1748,1749,1
13040,Mycobacteroides_saopaulense,1751,1752,1
13041,Mycobacteroides_saopaulense,1756,1761,5
13042,Mycobacteroides_saopaulense,1772,1777,5
13043,Mycobacteroides_saopaulense,1784,1785,1
13044,Mycobacteroides_saopaulense,1789,1791,2
13045,Mycobacteroides_saopaulense,1802,1803,1
13046,Mycobacteroides_saopaulense,1917,1919,2
13047,Mycobacteroides_saopaulense,1954,1955,1
13048,Mycobacteroides_saopaulense,1993,1994,1
13049,Mycobacteroides_saopaulense,2119,2120,1
13050,Mycobacteroides_saopaulense,2136,2139,3
13051,Mycobacteroides_saopaulense,2145,2146,1
13052,Mycobacteroides_saopaulense,2147,2152,5
13053,Mycobacteroides_saopaulense,2162,2163,1
13054,Mycobacteroides_saopaulense,2285,2294,9
13055,Mycobacteroides_saopaulense,2296,2297,1
13056,Mycobacteroides_saopaulense,2299,2313,14
13057,Mycobacteroides_saopaulense,2316,2325,9
13058,Mycobacteroides_saopaulense,2379,2380,1
13059,Mycobacteroides_saopaulense,2664,2665,1
13060,Mycobacteroides_saopaulense,2723,2850,127
13061,Mycobacteroides_saopaulense,3376,3377,1
13062,Mycobacteroides_saopaulense,3378,3379,1
13063,Mycobacteroides_saopaulense,3433,3434,1
13064,Mycobacteroides_bolletii,1,2,1
13065,Mycobacteroides_bolletii,82,83,1
13066,Mycobacteroides_bolletii,186,187,1
13067,Mycobacteroides_bolletii,235,237,2
13068,Mycobacteroides_bolletii,238,240,2
13069,Mycobacteroides_bolletii,250,251,1
13070,Mycobacteroides_bolletii,295,296,1
13071,Mycobacteroides_bolletii,359,360,1
13072,Mycobacteroides_bolletii,373,374,1
13073,Mycobacteroides_bolletii,401,402,1
13074,Mycobacteroides_bolletii,416,417,1
13075,Mycobacteroides_bolletii,451,452,1
13076,Mycobacteroides_bolletii,471,574,103
13077,Mycobacteroides_bolletii,753,764,11
13078,Mycobacteroides_bolletii,766,771,5
13079,Mycobacteroides_bolletii,789,790,1
13080,Mycobacteroides_bolletii,839,840,1
13081,Mycobacteroides_bolletii,880,899,19
13082,Mycobacteroides_bolletii,900,905,5
13083,Mycobacteroides_bolletii,1010,1011,1
13084,Mycobacteroides_bolletii,1068,1069,1
13085,Mycobacteroides_bolletii,1168,1169,1
13086,Mycobacteroides_bolletii,1185,1186,1
13087,Mycobacteroides_bolletii,1190,1192,2
13088,Mycobacteroides_bolletii,1211,1212,1
13089,Mycobacteroides_bolletii,1237,1238,1
13090,Mycobacteroides_bolletii,1398,1399,1
13091,Mycobacteroides_bolletii,1445,1446,1
13092,Mycobacteroides_bolletii,1457,1458,1
13093,Mycobacteroides_bolletii,1491,1492,1
13094,Mycobacteroides_bolletii,1560,1561,1
13095,Mycobacteroides_bolletii,1707,1708,1
13096,Mycobacteroides_bolletii,1748,1749,1
13097,Mycobacteroides_bolletii,1751,1752,1
13098,Mycobacteroides_bolletii,1756,1761,5
13099,Mycobacteroides_bolletii,1772,1777,5
13100,Mycobacteroides_bolletii,1784,1785,1
13101,Mycobacteroides_bolletii,1789,1791,2
13102,Mycobacteroides_bolletii,1802,1803,1
13103,Mycobacteroides_bolletii,1917,1919,2
13104,Mycobacteroides_bolletii,1954,1955,1
13105,Mycobacteroides_bolletii,1993,1994,1
13106,Mycobacteroides_bolletii,2119,2120,1
13107,Mycobacteroides_bolletii,2136,2139,3
13108,Mycobacteroides_bolletii,2145,2146,1
13109,Mycobacteroides_bolletii,2147,2152,5
13110,Mycobacteroides_bolletii,2162,2163,1
13111,Mycobacteroides_bolletii,2285,2294,9
13112,Mycobacteroides_bolletii,2296,2297,1
13113,Mycobacteroides_bolletii,2299,2313,14
13114,Mycobacteroides_bolletii,2316,2325,9
13115,Mycobacteroides_bolletii,2379,2380,1
13116,Mycobacteroides_bolletii,2664,2665,1
13117,Mycobacteroides_bolletii,2723,2850,127
13118,Mycobacteroides_bolletii,3376,3377,1
13119,Mycobacteroides_bolletii,3378,3379,1
13120,Mycobacteroides_bolletii,3433,3434,1
13121,Mycobacteroides_salmoniphilum,1,2,1
13122,Mycobacteroides_salmoniphilum,82,83,1
13123,Mycobacteroides_salmoniphilum,186,187,1
13124,Mycobacteroides_salmoniphilum,235,237,2
13125,Mycobacteroides_salmoniphilum,238,240,2
13126,Mycobacteroides_salmoniphilum,250,251,1
13127,Mycobacteroides_salmoniphilum,295,296,1
13128,Mycobacteroides_salmoniphilum,359,360,1
13129,Mycobacteroides_salmoniphilum,373,374,1
13130,Mycobacteroides_salmoniphilum,401,402,1
13131,Mycobacteroides_salmoniphilum,416,417,1
13132,Mycobacteroides_salmoniphilum,451,452,1
13133,Mycobacteroides_salmoniphilum,471,574,103
13134,Mycobacteroides_salmoniphilum,753,764,11
13135,Mycobacteroides_salmoniphilum,766,771,5
13136,Mycobacteroides_salmoniphilum,789,790,1
13137,Mycobacteroides_salmoniphilum,839,840,1
13138,Mycobacteroides_salmoniphilum,880,899,19
13139,Mycobacteroides_salmoniphilum,900,905,5
13140,Mycobacteroides_salmoniphilum,1010,1011,1
13141,Mycobacteroides_salmoniphilum,1068,1069,1
13142,Mycobacteroides_salmoniphilum,1168,1169,1
13143,Mycobacteroides_salmoniphilum,1185,1186,1
13144,Mycobacteroides_salmoniphilum,1190,1192,2
13145,Mycobacteroides_salmoniphilum,1211,1212,1
13146,Mycobacteroides_salmoniphilum,1237,1238,1
13147,Mycobacteroides_salmoniphilum,1398,1399,1
13148,Mycobacteroides_salmoniphilum,1445,1446,1
13149,Mycobacteroides_salmoniphilum,1457,1458,1
13150,Mycobacteroides_salmoniphilum,1491,1492,1
13151,Mycobacteroides_salmoniphilum,1560,1561,1
13152,Mycobacteroides_salmoniphilum,1707,1708,1
13153,Mycobacteroides_salmoniphilum,1748,1749,1
13154,Mycobacteroides_salmoniphilum,1751,1752,1
13155,Mycobacteroides_salmoniphilum,1756,1761,5
13156,Mycobacteroides_salmoniphilum,1772,1777,5
13157,Mycobacteroides_salmoniphilum,1784,1785,1
13158,Mycobacteroides_salmoniphilum,1789,1791,2
13159,Mycobacteroides_salmoniphilum,1802,1803,1
13160,Mycobacteroides_salmoniphilum,1917,1919,2
13161,Mycobacteroides_salmoniphilum,1954,1955,1
13162,Mycobacteroides_salmoniphilum,1993,1994,1
13163,Mycobacteroides_salmoniphilum,2119,2120,1
13164,Mycobacteroides_salmoniphilum,2136,2139,3
13165,Mycobacteroides_salmoniphilum,2145,2146,1
13166,Mycobacteroides_salmoniphilum,2147,2152,5
13167,Mycobacteroides_salmoniphilum,2162,2163,1
13168,Mycobacteroides_salmoniphilum,2285,2294,9
13169,Mycobacteroides_salmoniphilum,2296,2297,1
13170,Mycobacteroides_salmoniphilum,2299,2313,14
13171,Mycobacteroides_salmoniphilum,2316,2325,9
13172,Mycobacteroides_salmoniphilum,2379,2380,1
13173,Mycobacteroides_salmoniphilum,2664,2665,1
13174,Mycobacteroides_salmoniphilum,2723,2850,127
13175,Mycobacteroides_salmoniphilum,3376,3377,1
13176,Mycobacteroides_salmoniphilum,3378,3379,1
13177,Mycobacteroides_salmoniphilum,3433,3434,1
13178,Mycobacteroides_chelonae,1,3,2
13179,Mycobacteroides_chelonae,82,83,1
13180,Mycobacteroides_chelonae,186,187,1
13181,Mycobacteroides_chelonae,235,237,2
13182,Mycobacteroides_chelonae,238,240,2
13183,Mycobacteroides_chelonae,250,251,1
13184,Mycobacteroides_chelonae,295,296,1
13185,Mycobacteroides_chelonae,359,360,1
13186,Mycobacteroides_chelonae,373,374,1
13187,Mycobacteroides_chelonae,401,402,1
13188,Mycobacteroides_chelonae,416,417,1
13189,Mycobacteroides_chelonae,451,452,1
13190,Mycobacteroides_chelonae,471,574,103
13191,Mycobacteroides_chelonae,753,764,11
13192,Mycobacteroides_chelonae,766,771,5
13193,Mycobacteroides_chelonae,789,790,1
13194,Mycobacteroides_chelonae,839,840,1
13195,Mycobacteroides_chelonae,880,899,19
13196,Mycobacteroides_chelonae,900,905,5
13197,Mycobacteroides_chelonae,1010,1011,1
13198,Mycobacteroides_chelonae,1068,1069,1
13199,Mycobacteroides_chelonae,1168,1169,1
13200,Mycobacteroides_chelonae,1185,1186,1
13201,Mycobacteroides_chelonae,1190,1192,2
13202,Mycobacteroides_chelonae,1211,1212,1
13203,Mycobacteroides_chelonae,1237,1238,1
13204,Mycobacteroides_chelonae,1398,1399,1
13205,Mycobacteroides_chelonae,1445,1446,1
13206,Mycobacteroides_chelonae,1457,1458,1
13207,Mycobacteroides_chelonae,1491,1492,1
13208,Mycobacteroides_chelonae,1560,1561,1
13209,Mycobacteroides_chelonae,1707,1708,1
13210,Mycobacteroides_chelonae,1748,1749,1
13211,Mycobacteroides_chelonae,1751,1752,1
13212,Mycobacteroides_chelonae,1756,1761,5
13213,Mycobacteroides_chelonae,1772,1777,5
13214,Mycobacteroides_chelonae,1784,1785,1
13215,Mycobacteroides_chelonae,1789,1791,2
13216,Mycobacteroides_chelonae,1802,1803,1
13217,Mycobacteroides_chelonae,1918,1919,1
13218,Mycobacteroides_chelonae,1954,1955,1
13219,Mycobacteroides_chelonae,1993,1994,1
13220,Mycobacteroides_chelonae,2119,2120,1
13221,Mycobacteroides_chelonae,2136,2139,3
13222,Mycobacteroides_chelonae,2145,2146,1
13223,Mycobacteroides_chelonae,2147,2152,5
13224,Mycobacteroides_chelonae,2162,2163,1
13225,Mycobacteroides_chelonae,2285,2294,9
13226,Mycobacteroides_chelonae,2296,2297,1
13227,Mycobacteroides_chelonae,2299,2313,14
13228,Mycobacteroides_chelonae,2316,2325,9
13229,Mycobacteroides_chelonae,2379,2380,1
13230,Mycobacteroides_chelonae,2664,2665,1
13231,Mycobacteroides_chelonae,2723,2850,127
13232,Mycobacteroides_chelonae,3376,3377,1
13233,Mycobacteroides_chelonae,3378,3379,1
13234,Mycobacteroides_chelonae,3433,3434,1
