sp,start,end,len
Mycobacterium_shinjukuense,1,3,2
Mycobacterium_shinjukuense,82,83,1
Mycobacterium_shinjukuense,186,187,1
Mycobacterium_shinjukuense,235,237,2
Mycobacterium_shinjukuense,238,240,2
Mycobacterium_shinjukuense,250,251,1
Mycobacterium_shinjukuense,295,296,1
Mycobacterium_shinjukuense,359,360,1
Mycobacterium_shinjukuense,373,374,1
Mycobacterium_shinjukuense,401,402,1
Mycobacterium_shinjukuense,416,417,1
Mycobacterium_shinjukuense,451,452,1
Mycobacterium_shinjukuense,472,574,102
Mycobacterium_shinjukuense,753,755,2
Mycobacterium_shinjukuense,757,771,14
Mycobacterium_shinjukuense,789,790,1
Mycobacterium_shinjukuense,839,840,1
Mycobacterium_shinjukuense,896,897,1
Mycobacterium_shinjukuense,1010,1011,1
Mycobacterium_shinjukuense,1068,1069,1
Mycobacterium_shinjukuense,1168,1169,1
Mycobacterium_shinjukuense,1185,1186,1
Mycobacterium_shinjukuense,1187,1188,1
Mycobacterium_shinjukuense,1190,1192,2
Mycobacterium_shinjukuense,1211,1212,1
Mycobacterium_shinjukuense,1237,1238,1
Mycobacterium_shinjukuense,1398,1399,1
Mycobacterium_shinjukuense,1430,1459,29
Mycobacterium_shinjukuense,1491,1492,1
Mycobacterium_shinjukuense,1515,1516,1
Mycobacterium_shinjukuense,1707,1708,1
Mycobacterium_shinjukuense,1748,1749,1
Mycobacterium_shinjukuense,1751,1752,1
Mycobacterium_shinjukuense,1756,1761,5
Mycobacterium_shinjukuense,1773,1775,2
Mycobacterium_shinjukuense,1776,1777,1
Mycobacterium_shinjukuense,1784,1785,1
Mycobacterium_shinjukuense,1789,1791,2
Mycobacterium_shinjukuense,1802,1803,1
Mycobacterium_shinjukuense,1918,1919,1
Mycobacterium_shinjukuense,1954,1955,1
Mycobacterium_shinjukuense,1993,1994,1
Mycobacterium_shinjukuense,2132,2133,1
Mycobacterium_shinjukuense,2136,2137,1
Mycobacterium_shinjukuense,2138,2139,1
Mycobacterium_shinjukuense,2143,2147,4
Mycobacterium_shinjukuense,2150,2152,2
Mycobacterium_shinjukuense,2162,2163,1
Mycobacterium_shinjukuense,2285,2294,9
Mycobacterium_shinjukuense,2296,2297,1
Mycobacterium_shinjukuense,2299,2305,6
Mycobacterium_shinjukuense,2309,2315,6
Mycobacterium_shinjukuense,2316,2325,9
Mycobacterium_shinjukuense,2379,2380,1
Mycobacterium_shinjukuense,2664,2665,1
Mycobacterium_shinjukuense,2723,2850,127
Mycobacterium_shinjukuense,3376,3377,1
Mycobacterium_shinjukuense,3378,3379,1
Mycobacterium_shinjukuense,3433,3434,1
Mycobacterium_lacus,1,3,2
Mycobacterium_lacus,82,83,1
Mycobacterium_lacus,186,187,1
Mycobacterium_lacus,235,237,2
Mycobacterium_lacus,238,240,2
Mycobacterium_lacus,250,251,1
Mycobacterium_lacus,295,296,1
Mycobacterium_lacus,359,360,1
Mycobacterium_lacus,373,374,1
Mycobacterium_lacus,401,402,1
Mycobacterium_lacus,416,417,1
Mycobacterium_lacus,451,452,1
Mycobacterium_lacus,471,574,103
Mycobacterium_lacus,753,755,2
Mycobacterium_lacus,789,790,1
Mycobacterium_lacus,839,840,1
Mycobacterium_lacus,883,892,9
Mycobacterium_lacus,896,897,1
Mycobacterium_lacus,901,902,1
Mycobacterium_lacus,1010,1011,1
Mycobacterium_lacus,1068,1069,1
Mycobacterium_lacus,1168,1169,1
Mycobacterium_lacus,1185,1186,1
Mycobacterium_lacus,1187,1188,1
Mycobacterium_lacus,1190,1192,2
Mycobacterium_lacus,1211,1212,1
Mycobacterium_lacus,1237,1238,1
Mycobacterium_lacus,1398,1399,1
Mycobacterium_lacus,1430,1436,6
Mycobacterium_lacus,1438,1439,1
Mycobacterium_lacus,1445,1446,1
Mycobacterium_lacus,1448,1459,11
Mycobacterium_lacus,1491,1492,1
Mycobacterium_lacus,1515,1516,1
Mycobacterium_lacus,1707,1708,1
Mycobacterium_lacus,1748,1749,1
Mycobacterium_lacus,1751,1752,1
Mycobacterium_lacus,1756,1761,5
Mycobacterium_lacus,1773,1775,2
Mycobacterium_lacus,1776,1777,1
Mycobacterium_lacus,1784,1785,1
Mycobacterium_lacus,1789,1791,2
Mycobacterium_lacus,1802,1803,1
Mycobacterium_lacus,1918,1919,1
Mycobacterium_lacus,1954,1955,1
Mycobacterium_lacus,1993,1994,1
Mycobacterium_lacus,2132,2133,1
Mycobacterium_lacus,2136,2137,1
Mycobacterium_lacus,2138,2139,1
Mycobacterium_lacus,2143,2147,4
Mycobacterium_lacus,2150,2152,2
Mycobacterium_lacus,2162,2163,1
Mycobacterium_lacus,2285,2294,9
Mycobacterium_lacus,2296,2297,1
Mycobacterium_lacus,2299,2305,6
Mycobacterium_lacus,2309,2315,6
Mycobacterium_lacus,2316,2325,9
Mycobacterium_lacus,2379,2380,1
Mycobacterium_lacus,2664,2665,1
Mycobacterium_lacus,2723,2850,127
Mycobacterium_lacus,3376,3377,1
Mycobacterium_lacus,3378,3379,1
Mycobacterium_lacus,3433,3434,1
Mycobacterium_spongiae,1,3,2
Mycobacterium_spongiae,82,83,1
Mycobacterium_spongiae,186,187,1
Mycobacterium_spongiae,235,237,2
Mycobacterium_spongiae,238,240,2
Mycobacterium_spongiae,250,251,1
Mycobacterium_spongiae,295,296,1
Mycobacterium_spongiae,359,360,1
Mycobacterium_spongiae,373,374,1
Mycobacterium_spongiae,401,402,1
Mycobacterium_spongiae,416,417,1
Mycobacterium_spongiae,451,452,1
Mycobacterium_spongiae,471,574,103
Mycobacterium_spongiae,753,755,2
Mycobacterium_spongiae,757,771,14
Mycobacterium_spongiae,789,790,1
Mycobacterium_spongiae,839,840,1
Mycobacterium_spongiae,883,891,8
Mycobacterium_spongiae,896,897,1
Mycobacterium_spongiae,1010,1011,1
Mycobacterium_spongiae,1068,1069,1
Mycobacterium_spongiae,1168,1169,1
Mycobacterium_spongiae,1185,1186,1
Mycobacterium_spongiae,1187,1188,1
Mycobacterium_spongiae,1190,1192,2
Mycobacterium_spongiae,1211,1212,1
Mycobacterium_spongiae,1237,1238,1
Mycobacterium_spongiae,1398,1399,1
Mycobacterium_spongiae,1430,1436,6
Mycobacterium_spongiae,1438,1439,1
Mycobacterium_spongiae,1445,1446,1
Mycobacterium_spongiae,1448,1459,11
Mycobacterium_spongiae,1491,1492,1
Mycobacterium_spongiae,1515,1516,1
Mycobacterium_spongiae,1707,1708,1
Mycobacterium_spongiae,1748,1749,1
Mycobacterium_spongiae,1751,1752,1
Mycobacterium_spongiae,1756,1761,5
Mycobacterium_spongiae,1773,1775,2
Mycobacterium_spongiae,1776,1777,1
Mycobacterium_spongiae,1784,1785,1
Mycobacterium_spongiae,1789,1791,2
Mycobacterium_spongiae,1802,1803,1
Mycobacterium_spongiae,1918,1919,1
Mycobacterium_spongiae,1954,1955,1
Mycobacterium_spongiae,1993,1994,1
Mycobacterium_spongiae,2132,2133,1
Mycobacterium_spongiae,2136,2137,1
Mycobacterium_spongiae,2138,2139,1
Mycobacterium_spongiae,2143,2147,4
Mycobacterium_spongiae,2150,2152,2
Mycobacterium_spongiae,2162,2163,1
Mycobacterium_spongiae,2285,2294,9
Mycobacterium_spongiae,2296,2297,1
Mycobacterium_spongiae,2299,2305,6
Mycobacterium_spongiae,2309,2315,6
Mycobacterium_spongiae,2316,2325,9
Mycobacterium_spongiae,2379,2380,1
Mycobacterium_spongiae,2664,2665,1
Mycobacterium_spongiae,2723,2850,127
Mycobacterium_spongiae,3376,3377,1
Mycobacterium_spongiae,3378,3379,1
Mycobacterium_spongiae,3433,3434,1
Mycobacterium_decipiens,1,3,2
Mycobacterium_decipiens,82,83,1
Mycobacterium_decipiens,186,187,1
Mycobacterium_decipiens,235,237,2
Mycobacterium_decipiens,238,240,2
Mycobacterium_decipiens,250,251,1
Mycobacterium_decipiens,295,296,1
Mycobacterium_decipiens,359,360,1
Mycobacterium_decipiens,373,374,1
Mycobacterium_decipiens,401,402,1
Mycobacterium_decipiens,416,417,1
Mycobacterium_decipiens,451,452,1
Mycobacterium_decipiens,471,574,103
Mycobacterium_decipiens,753,755,2
Mycobacterium_decipiens,757,771,14
Mycobacterium_decipiens,789,790,1
Mycobacterium_decipiens,839,840,1
Mycobacterium_decipiens,883,891,8
Mycobacterium_decipiens,896,897,1
Mycobacterium_decipiens,1010,1011,1
Mycobacterium_decipiens,1068,1069,1
Mycobacterium_decipiens,1168,1169,1
Mycobacterium_decipiens,1185,1186,1
Mycobacterium_decipiens,1187,1188,1
Mycobacterium_decipiens,1190,1192,2
Mycobacterium_decipiens,1211,1212,1
Mycobacterium_decipiens,1237,1238,1
Mycobacterium_decipiens,1398,1399,1
Mycobacterium_decipiens,1430,1436,6
Mycobacterium_decipiens,1438,1439,1
Mycobacterium_decipiens,1445,1459,14
Mycobacterium_decipiens,1491,1492,1
Mycobacterium_decipiens,1515,1516,1
Mycobacterium_decipiens,1707,1708,1
Mycobacterium_decipiens,1748,1749,1
Mycobacterium_decipiens,1751,1752,1
Mycobacterium_decipiens,1756,1761,5
Mycobacterium_decipiens,1773,1775,2
Mycobacterium_decipiens,1776,1777,1
Mycobacterium_decipiens,1784,1785,1
Mycobacterium_decipiens,1789,1791,2
Mycobacterium_decipiens,1802,1803,1
Mycobacterium_decipiens,1918,1919,1
Mycobacterium_decipiens,1954,1955,1
Mycobacterium_decipiens,1993,1994,1
Mycobacterium_decipiens,2132,2133,1
Mycobacterium_decipiens,2136,2137,1
Mycobacterium_decipiens,2138,2139,1
Mycobacterium_decipiens,2143,2147,4
Mycobacterium_decipiens,2150,2152,2
Mycobacterium_decipiens,2162,2163,1
Mycobacterium_decipiens,2285,2294,9
Mycobacterium_decipiens,2296,2297,1
Mycobacterium_decipiens,2299,2305,6
Mycobacterium_decipiens,2309,2315,6
Mycobacterium_decipiens,2316,2325,9
Mycobacterium_decipiens,2379,2380,1
Mycobacterium_decipiens,2664,2665,1
Mycobacterium_decipiens,2723,2850,127
Mycobacterium_decipiens,3376,3377,1
Mycobacterium_decipiens,3378,3379,1
Mycobacterium_decipiens,3433,3434,1
Mycobacterium_kansasii,1,3,2
Mycobacterium_kansasii,82,83,1
Mycobacterium_kansasii,186,187,1
Mycobacterium_kansasii,235,237,2
Mycobacterium_kansasii,238,240,2
Mycobacterium_kansasii,250,251,1
Mycobacterium_kansasii,295,296,1
Mycobacterium_kansasii,359,360,1
Mycobacterium_kansasii,373,374,1
Mycobacterium_kansasii,401,402,1
Mycobacterium_kansasii,416,417,1
Mycobacterium_kansasii,451,452,1
Mycobacterium_kansasii,471,574,103
Mycobacterium_kansasii,753,755,2
Mycobacterium_kansasii,757,771,14
Mycobacterium_kansasii,789,790,1
Mycobacterium_kansasii,839,840,1
Mycobacterium_kansasii,883,891,8
Mycobacterium_kansasii,896,897,1
Mycobacterium_kansasii,1010,1011,1
Mycobacterium_kansasii,1068,1069,1
Mycobacterium_kansasii,1168,1169,1
Mycobacterium_kansasii,1185,1186,1
Mycobacterium_kansasii,1187,1188,1
Mycobacterium_kansasii,1190,1192,2
Mycobacterium_kansasii,1211,1212,1
Mycobacterium_kansasii,1237,1238,1
Mycobacterium_kansasii,1398,1399,1
Mycobacterium_kansasii,1430,1459,29
Mycobacterium_kansasii,1491,1492,1
Mycobacterium_kansasii,1515,1516,1
Mycobacterium_kansasii,1707,1708,1
Mycobacterium_kansasii,1748,1749,1
Mycobacterium_kansasii,1751,1752,1
Mycobacterium_kansasii,1756,1761,5
Mycobacterium_kansasii,1773,1775,2
Mycobacterium_kansasii,1776,1777,1
Mycobacterium_kansasii,1784,1785,1
Mycobacterium_kansasii,1789,1791,2
Mycobacterium_kansasii,1802,1803,1
Mycobacterium_kansasii,1918,1919,1
Mycobacterium_kansasii,1954,1955,1
Mycobacterium_kansasii,1993,1994,1
Mycobacterium_kansasii,2132,2133,1
Mycobacterium_kansasii,2136,2137,1
Mycobacterium_kansasii,2138,2139,1
Mycobacterium_kansasii,2143,2147,4
Mycobacterium_kansasii,2150,2152,2
Mycobacterium_kansasii,2162,2163,1
Mycobacterium_kansasii,2285,2294,9
Mycobacterium_kansasii,2296,2297,1
Mycobacterium_kansasii,2299,2305,6
Mycobacterium_kansasii,2309,2315,6
Mycobacterium_kansasii,2316,2325,9
Mycobacterium_kansasii,2379,2380,1
Mycobacterium_kansasii,2664,2665,1
Mycobacterium_kansasii,2723,2850,127
Mycobacterium_kansasii,3376,3377,1
Mycobacterium_kansasii,3378,3379,1
Mycobacterium_kansasii,3433,3434,1
Mycobacterium_attenuatum,1,3,2
Mycobacterium_attenuatum,82,83,1
Mycobacterium_attenuatum,186,187,1
Mycobacterium_attenuatum,235,237,2
Mycobacterium_attenuatum,238,240,2
Mycobacterium_attenuatum,250,251,1
Mycobacterium_attenuatum,295,296,1
Mycobacterium_attenuatum,359,360,1
Mycobacterium_attenuatum,373,374,1
Mycobacterium_attenuatum,401,402,1
Mycobacterium_attenuatum,416,417,1
Mycobacterium_attenuatum,451,452,1
Mycobacterium_attenuatum,471,574,103
Mycobacterium_attenuatum,753,755,2
Mycobacterium_attenuatum,763,766,3
Mycobacterium_attenuatum,789,790,1
Mycobacterium_attenuatum,839,840,1
Mycobacterium_attenuatum,883,891,8
Mycobacterium_attenuatum,896,897,1
Mycobacterium_attenuatum,1010,1011,1
Mycobacterium_attenuatum,1068,1069,1
Mycobacterium_attenuatum,1168,1169,1
Mycobacterium_attenuatum,1185,1186,1
Mycobacterium_attenuatum,1187,1188,1
Mycobacterium_attenuatum,1190,1192,2
Mycobacterium_attenuatum,1211,1212,1
Mycobacterium_attenuatum,1237,1238,1
Mycobacterium_attenuatum,1398,1399,1
Mycobacterium_attenuatum,1430,1459,29
Mycobacterium_attenuatum,1491,1492,1
Mycobacterium_attenuatum,1515,1516,1
Mycobacterium_attenuatum,1707,1708,1
Mycobacterium_attenuatum,1748,1749,1
Mycobacterium_attenuatum,1751,1752,1
Mycobacterium_attenuatum,1756,1761,5
Mycobacterium_attenuatum,1773,1775,2
Mycobacterium_attenuatum,1776,1777,1
Mycobacterium_attenuatum,1784,1785,1
Mycobacterium_attenuatum,1789,1791,2
Mycobacterium_attenuatum,1802,1803,1
Mycobacterium_attenuatum,1918,1919,1
Mycobacterium_attenuatum,1954,1955,1
Mycobacterium_attenuatum,1993,1994,1
Mycobacterium_attenuatum,2132,2133,1
Mycobacterium_attenuatum,2136,2137,1
Mycobacterium_attenuatum,2138,2139,1
Mycobacterium_attenuatum,2143,2147,4
Mycobacterium_attenuatum,2150,2152,2
Mycobacterium_attenuatum,2162,2163,1
Mycobacterium_attenuatum,2285,2294,9
Mycobacterium_attenuatum,2296,2297,1
Mycobacterium_attenuatum,2299,2305,6
Mycobacterium_attenuatum,2309,2315,6
Mycobacterium_attenuatum,2316,2325,9
Mycobacterium_attenuatum,2379,2380,1
Mycobacterium_attenuatum,2664,2665,1
Mycobacterium_attenuatum,2723,2850,127
Mycobacterium_attenuatum,3376,3377,1
Mycobacterium_attenuatum,3378,3379,1
Mycobacterium_attenuatum,3433,3434,1
Mycobacterium_persicum,1,3,2
Mycobacterium_persicum,82,83,1
Mycobacterium_persicum,186,187,1
Mycobacterium_persicum,235,237,2
Mycobacterium_persicum,238,240,2
Mycobacterium_persicum,250,251,1
Mycobacterium_persicum,295,296,1
Mycobacterium_persicum,359,360,1
Mycobacterium_persicum,373,374,1
Mycobacterium_persicum,401,402,1
Mycobacterium_persicum,416,417,1
Mycobacterium_persicum,451,452,1
Mycobacterium_persicum,471,574,103
Mycobacterium_persicum,753,755,2
Mycobacterium_persicum,757,771,14
Mycobacterium_persicum,789,790,1
Mycobacterium_persicum,839,840,1
Mycobacterium_persicum,883,891,8
Mycobacterium_persicum,896,897,1
Mycobacterium_persicum,1010,1011,1
Mycobacterium_persicum,1068,1069,1
Mycobacterium_persicum,1168,1169,1
Mycobacterium_persicum,1185,1186,1
Mycobacterium_persicum,1187,1188,1
Mycobacterium_persicum,1190,1192,2
Mycobacterium_persicum,1211,1212,1
Mycobacterium_persicum,1237,1238,1
Mycobacterium_persicum,1398,1399,1
Mycobacterium_persicum,1430,1459,29
Mycobacterium_persicum,1491,1492,1
Mycobacterium_persicum,1515,1516,1
Mycobacterium_persicum,1707,1708,1
Mycobacterium_persicum,1748,1749,1
Mycobacterium_persicum,1751,1752,1
Mycobacterium_persicum,1756,1761,5
Mycobacterium_persicum,1773,1775,2
Mycobacterium_persicum,1776,1777,1
Mycobacterium_persicum,1784,1785,1
Mycobacterium_persicum,1789,1791,2
Mycobacterium_persicum,1802,1803,1
Mycobacterium_persicum,1916,1917,1
Mycobacterium_persicum,1918,1919,1
Mycobacterium_persicum,1954,1955,1
Mycobacterium_persicum,1993,1994,1
Mycobacterium_persicum,2132,2133,1
Mycobacterium_persicum,2136,2137,1
Mycobacterium_persicum,2138,2139,1
Mycobacterium_persicum,2143,2147,4
Mycobacterium_persicum,2150,2152,2
Mycobacterium_persicum,2162,2163,1
Mycobacterium_persicum,2285,2294,9
Mycobacterium_persicum,2296,2305,9
Mycobacterium_persicum,2309,2315,6
Mycobacterium_persicum,2316,2325,9
Mycobacterium_persicum,2379,2380,1
Mycobacterium_persicum,2664,2665,1
Mycobacterium_persicum,2723,2850,127
Mycobacterium_persicum,3376,3377,1
Mycobacterium_persicum,3378,3379,1
Mycobacterium_persicum,3433,3434,1
Mycobacterium_haemophilum,1,3,2
Mycobacterium_haemophilum,82,83,1
Mycobacterium_haemophilum,186,187,1
Mycobacterium_haemophilum,235,237,2
Mycobacterium_haemophilum,238,240,2
Mycobacterium_haemophilum,250,251,1
Mycobacterium_haemophilum,295,296,1
Mycobacterium_haemophilum,359,360,1
Mycobacterium_haemophilum,373,374,1
Mycobacterium_haemophilum,401,402,1
Mycobacterium_haemophilum,416,417,1
Mycobacterium_haemophilum,451,452,1
Mycobacterium_haemophilum,471,574,103
Mycobacterium_haemophilum,753,755,2
Mycobacterium_haemophilum,757,771,14
Mycobacterium_haemophilum,789,790,1
Mycobacterium_haemophilum,839,840,1
Mycobacterium_haemophilum,883,891,8
Mycobacterium_haemophilum,896,897,1
Mycobacterium_haemophilum,1010,1011,1
Mycobacterium_haemophilum,1068,1069,1
Mycobacterium_haemophilum,1168,1169,1
Mycobacterium_haemophilum,1185,1186,1
Mycobacterium_haemophilum,1187,1188,1
Mycobacterium_haemophilum,1190,1192,2
Mycobacterium_haemophilum,1211,1212,1
Mycobacterium_haemophilum,1237,1238,1
Mycobacterium_haemophilum,1398,1399,1
Mycobacterium_haemophilum,1430,1436,6
Mycobacterium_haemophilum,1438,1439,1
Mycobacterium_haemophilum,1445,1446,1
Mycobacterium_haemophilum,1448,1459,11
Mycobacterium_haemophilum,1491,1492,1
Mycobacterium_haemophilum,1515,1516,1
Mycobacterium_haemophilum,1707,1708,1
Mycobacterium_haemophilum,1748,1749,1
Mycobacterium_haemophilum,1751,1752,1
Mycobacterium_haemophilum,1756,1761,5
Mycobacterium_haemophilum,1773,1775,2
Mycobacterium_haemophilum,1776,1777,1
Mycobacterium_haemophilum,1784,1785,1
Mycobacterium_haemophilum,1789,1791,2
Mycobacterium_haemophilum,1802,1803,1
Mycobacterium_haemophilum,1918,1919,1
Mycobacterium_haemophilum,1954,1955,1
Mycobacterium_haemophilum,1993,1994,1
Mycobacterium_haemophilum,2132,2133,1
Mycobacterium_haemophilum,2136,2137,1
Mycobacterium_haemophilum,2138,2139,1
Mycobacterium_haemophilum,2143,2147,4
Mycobacterium_haemophilum,2150,2152,2
Mycobacterium_haemophilum,2162,2163,1
Mycobacterium_haemophilum,2285,2294,9
Mycobacterium_haemophilum,2296,2297,1
Mycobacterium_haemophilum,2299,2305,6
Mycobacterium_haemophilum,2309,2315,6
Mycobacterium_haemophilum,2316,2325,9
Mycobacterium_haemophilum,2379,2380,1
Mycobacterium_haemophilum,2664,2665,1
Mycobacterium_haemophilum,2723,2850,127
Mycobacterium_haemophilum,3376,3377,1
Mycobacterium_haemophilum,3378,3379,1
Mycobacterium_haemophilum,3433,3434,1
Mycobacterium_innocens,1,3,2
Mycobacterium_innocens,82,83,1
Mycobacterium_innocens,186,187,1
Mycobacterium_innocens,235,237,2
Mycobacterium_innocens,238,240,2
Mycobacterium_innocens,250,251,1
Mycobacterium_innocens,295,296,1
Mycobacterium_innocens,359,360,1
Mycobacterium_innocens,373,374,1
Mycobacterium_innocens,401,402,1
Mycobacterium_innocens,416,417,1
Mycobacterium_innocens,451,452,1
Mycobacterium_innocens,471,574,103
Mycobacterium_innocens,753,755,2
Mycobacterium_innocens,757,771,14
Mycobacterium_innocens,789,790,1
Mycobacterium_innocens,839,840,1
Mycobacterium_innocens,883,891,8
Mycobacterium_innocens,896,897,1
Mycobacterium_innocens,1010,1011,1
Mycobacterium_innocens,1068,1069,1
Mycobacterium_innocens,1168,1169,1
Mycobacterium_innocens,1185,1186,1
Mycobacterium_innocens,1187,1188,1
Mycobacterium_innocens,1190,1192,2
Mycobacterium_innocens,1211,1212,1
Mycobacterium_innocens,1237,1238,1
Mycobacterium_innocens,1398,1399,1
Mycobacterium_innocens,1430,1459,29
Mycobacterium_innocens,1491,1492,1
Mycobacterium_innocens,1515,1516,1
Mycobacterium_innocens,1707,1708,1
Mycobacterium_innocens,1748,1749,1
Mycobacterium_innocens,1751,1752,1
Mycobacterium_innocens,1756,1761,5
Mycobacterium_innocens,1773,1775,2
Mycobacterium_innocens,1776,1777,1
Mycobacterium_innocens,1784,1785,1
Mycobacterium_innocens,1789,1791,2
Mycobacterium_innocens,1802,1803,1
Mycobacterium_innocens,1918,1919,1
Mycobacterium_innocens,1954,1955,1
Mycobacterium_innocens,1993,1994,1
Mycobacterium_innocens,2132,2133,1
Mycobacterium_innocens,2136,2137,1
Mycobacterium_innocens,2138,2139,1
Mycobacterium_innocens,2143,2147,4
Mycobacterium_innocens,2150,2152,2
Mycobacterium_innocens,2162,2163,1
Mycobacterium_innocens,2285,2294,9
Mycobacterium_innocens,2296,2305,9
Mycobacterium_innocens,2309,2315,6
Mycobacterium_innocens,2316,2325,9
Mycobacterium_innocens,2379,2380,1
Mycobacterium_innocens,2664,2665,1
Mycobacterium_innocens,2723,2850,127
Mycobacterium_innocens,3376,3377,1
Mycobacterium_innocens,3378,3379,1
Mycobacterium_innocens,3433,3434,1
Mycobacterium_riyadhense,1,3,2
Mycobacterium_riyadhense,82,83,1
Mycobacterium_riyadhense,186,187,1
Mycobacterium_riyadhense,235,237,2
Mycobacterium_riyadhense,238,240,2
Mycobacterium_riyadhense,250,251,1
Mycobacterium_riyadhense,295,296,1
Mycobacterium_riyadhense,359,360,1
Mycobacterium_riyadhense,373,374,1
Mycobacterium_riyadhense,401,402,1
Mycobacterium_riyadhense,416,417,1
Mycobacterium_riyadhense,451,452,1
Mycobacterium_riyadhense,471,574,103
Mycobacterium_riyadhense,753,755,2
Mycobacterium_riyadhense,757,771,14
Mycobacterium_riyadhense,789,790,1
Mycobacterium_riyadhense,839,840,1
Mycobacterium_riyadhense,883,892,9
Mycobacterium_riyadhense,896,897,1
Mycobacterium_riyadhense,901,902,1
Mycobacterium_riyadhense,1010,1011,1
Mycobacterium_riyadhense,1068,1069,1
Mycobacterium_riyadhense,1168,1169,1
Mycobacterium_riyadhense,1185,1186,1
Mycobacterium_riyadhense,1187,1188,1
Mycobacterium_riyadhense,1190,1192,2
Mycobacterium_riyadhense,1211,1212,1
Mycobacterium_riyadhense,1237,1238,1
Mycobacterium_riyadhense,1398,1399,1
Mycobacterium_riyadhense,1430,1436,6
Mycobacterium_riyadhense,1438,1439,1
Mycobacterium_riyadhense,1445,1446,1
Mycobacterium_riyadhense,1448,1459,11
Mycobacterium_riyadhense,1491,1492,1
Mycobacterium_riyadhense,1515,1516,1
Mycobacterium_riyadhense,1707,1708,1
Mycobacterium_riyadhense,1748,1749,1
Mycobacterium_riyadhense,1751,1752,1
Mycobacterium_riyadhense,1756,1761,5
Mycobacterium_riyadhense,1773,1775,2
Mycobacterium_riyadhense,1776,1777,1
Mycobacterium_riyadhense,1784,1785,1
Mycobacterium_riyadhense,1789,1791,2
Mycobacterium_riyadhense,1802,1803,1
Mycobacterium_riyadhense,1918,1919,1
Mycobacterium_riyadhense,1954,1955,1
Mycobacterium_riyadhense,1993,1994,1
Mycobacterium_riyadhense,2132,2133,1
Mycobacterium_riyadhense,2136,2137,1
Mycobacterium_riyadhense,2138,2139,1
Mycobacterium_riyadhense,2143,2147,4
Mycobacterium_riyadhense,2150,2152,2
Mycobacterium_riyadhense,2162,2163,1
Mycobacterium_riyadhense,2285,2294,9
Mycobacterium_riyadhense,2296,2297,1
Mycobacterium_riyadhense,2299,2305,6
Mycobacterium_riyadhense,2309,2315,6
Mycobacterium_riyadhense,2316,2325,9
Mycobacterium_riyadhense,2379,2380,1
Mycobacterium_riyadhense,2664,2665,1
Mycobacterium_riyadhense,2723,2850,127
Mycobacterium_riyadhense,3376,3377,1
Mycobacterium_riyadhense,3378,3379,1
Mycobacterium_riyadhense,3433,3434,1
Mycobacterium_gastri,1,3,2
Mycobacterium_gastri,82,83,1
Mycobacterium_gastri,186,187,1
Mycobacterium_gastri,235,237,2
Mycobacterium_gastri,238,240,2
Mycobacterium_gastri,250,251,1
Mycobacterium_gastri,295,296,1
Mycobacterium_gastri,359,360,1
Mycobacterium_gastri,373,374,1
Mycobacterium_gastri,401,402,1
Mycobacterium_gastri,416,417,1
Mycobacterium_gastri,451,452,1
Mycobacterium_gastri,471,574,103
Mycobacterium_gastri,753,755,2
Mycobacterium_gastri,757,771,14
Mycobacterium_gastri,789,790,1
Mycobacterium_gastri,839,840,1
Mycobacterium_gastri,883,891,8
Mycobacterium_gastri,896,897,1
Mycobacterium_gastri,1010,1011,1
Mycobacterium_gastri,1068,1069,1
Mycobacterium_gastri,1168,1169,1
Mycobacterium_gastri,1185,1186,1
Mycobacterium_gastri,1187,1188,1
Mycobacterium_gastri,1190,1192,2
Mycobacterium_gastri,1211,1212,1
Mycobacterium_gastri,1237,1238,1
Mycobacterium_gastri,1398,1399,1
Mycobacterium_gastri,1430,1459,29
Mycobacterium_gastri,1491,1492,1
Mycobacterium_gastri,1515,1516,1
Mycobacterium_gastri,1707,1708,1
Mycobacterium_gastri,1748,1749,1
Mycobacterium_gastri,1751,1752,1
Mycobacterium_gastri,1756,1761,5
Mycobacterium_gastri,1773,1775,2
Mycobacterium_gastri,1776,1777,1
Mycobacterium_gastri,1784,1785,1
Mycobacterium_gastri,1789,1791,2
Mycobacterium_gastri,1802,1803,1
Mycobacterium_gastri,1918,1919,1
Mycobacterium_gastri,1954,1955,1
Mycobacterium_gastri,1993,1994,1
Mycobacterium_gastri,2132,2133,1
Mycobacterium_gastri,2136,2137,1
Mycobacterium_gastri,2138,2139,1
Mycobacterium_gastri,2143,2147,4
Mycobacterium_gastri,2150,2152,2
Mycobacterium_gastri,2162,2163,1
Mycobacterium_gastri,2285,2294,9
Mycobacterium_gastri,2296,2305,9
Mycobacterium_gastri,2309,2315,6
Mycobacterium_gastri,2316,2325,9
Mycobacterium_gastri,2379,2380,1
Mycobacterium_gastri,2664,2665,1
Mycobacterium_gastri,2723,2850,127
Mycobacterium_gastri,3376,3377,1
Mycobacterium_gastri,3378,3379,1
Mycobacterium_gastri,3433,3434,1
Mycobacterium_ostraviense,1,3,2
Mycobacterium_ostraviense,82,83,1
Mycobacterium_ostraviense,186,187,1
Mycobacterium_ostraviense,235,237,2
Mycobacterium_ostraviense,238,240,2
Mycobacterium_ostraviense,250,251,1
Mycobacterium_ostraviense,295,296,1
Mycobacterium_ostraviense,359,360,1
Mycobacterium_ostraviense,373,374,1
Mycobacterium_ostraviense,401,402,1
Mycobacterium_ostraviense,416,417,1
Mycobacterium_ostraviense,451,452,1
Mycobacterium_ostraviense,471,574,103
Mycobacterium_ostraviense,753,755,2
Mycobacterium_ostraviense,757,771,14
Mycobacterium_ostraviense,789,790,1
Mycobacterium_ostraviense,839,840,1
Mycobacterium_ostraviense,883,891,8
Mycobacterium_ostraviense,896,897,1
Mycobacterium_ostraviense,1010,1011,1
Mycobacterium_ostraviense,1068,1069,1
Mycobacterium_ostraviense,1168,1169,1
Mycobacterium_ostraviense,1185,1186,1
Mycobacterium_ostraviense,1187,1188,1
Mycobacterium_ostraviense,1190,1192,2
Mycobacterium_ostraviense,1211,1212,1
Mycobacterium_ostraviense,1237,1238,1
Mycobacterium_ostraviense,1398,1399,1
Mycobacterium_ostraviense,1430,1459,29
Mycobacterium_ostraviense,1491,1492,1
Mycobacterium_ostraviense,1515,1516,1
Mycobacterium_ostraviense,1707,1708,1
Mycobacterium_ostraviense,1748,1749,1
Mycobacterium_ostraviense,1751,1752,1
Mycobacterium_ostraviense,1756,1761,5
Mycobacterium_ostraviense,1773,1775,2
Mycobacterium_ostraviense,1776,1777,1
Mycobacterium_ostraviense,1784,1785,1
Mycobacterium_ostraviense,1789,1791,2
Mycobacterium_ostraviense,1802,1803,1
Mycobacterium_ostraviense,1918,1919,1
Mycobacterium_ostraviense,1954,1955,1
Mycobacterium_ostraviense,1993,1994,1
Mycobacterium_ostraviense,2132,2133,1
Mycobacterium_ostraviense,2136,2137,1
Mycobacterium_ostraviense,2138,2139,1
Mycobacterium_ostraviense,2143,2147,4
Mycobacterium_ostraviense,2150,2152,2
Mycobacterium_ostraviense,2162,2163,1
Mycobacterium_ostraviense,2285,2294,9
Mycobacterium_ostraviense,2296,2305,9
Mycobacterium_ostraviense,2309,2315,6
Mycobacterium_ostraviense,2316,2325,9
Mycobacterium_ostraviense,2379,2380,1
Mycobacterium_ostraviense,2664,2665,1
Mycobacterium_ostraviense,2723,2850,127
Mycobacterium_ostraviense,3376,3377,1
Mycobacterium_ostraviense,3378,3379,1
Mycobacterium_basiliense,1,3,2
Mycobacterium_basiliense,82,83,1
Mycobacterium_basiliense,186,187,1
Mycobacterium_basiliense,235,237,2
Mycobacterium_basiliense,238,240,2
Mycobacterium_basiliense,250,251,1
Mycobacterium_basiliense,295,296,1
Mycobacterium_basiliense,359,360,1
Mycobacterium_basiliense,373,374,1
Mycobacterium_basiliense,401,402,1
Mycobacterium_basiliense,416,417,1
Mycobacterium_basiliense,451,452,1
Mycobacterium_basiliense,471,574,103
Mycobacterium_basiliense,753,755,2
Mycobacterium_basiliense,757,771,14
Mycobacterium_basiliense,789,790,1
Mycobacterium_basiliense,839,840,1
Mycobacterium_basiliense,883,892,9
Mycobacterium_basiliense,896,897,1
Mycobacterium_basiliense,901,902,1
Mycobacterium_basiliense,1010,1011,1
Mycobacterium_basiliense,1068,1069,1
Mycobacterium_basiliense,1168,1169,1
Mycobacterium_basiliense,1185,1186,1
Mycobacterium_basiliense,1187,1188,1
Mycobacterium_basiliense,1190,1192,2
Mycobacterium_basiliense,1211,1212,1
Mycobacterium_basiliense,1237,1238,1
Mycobacterium_basiliense,1398,1399,1
Mycobacterium_basiliense,1430,1459,29
Mycobacterium_basiliense,1491,1492,1
Mycobacterium_basiliense,1515,1516,1
Mycobacterium_basiliense,1707,1708,1
Mycobacterium_basiliense,1748,1749,1
Mycobacterium_basiliense,1751,1752,1
Mycobacterium_basiliense,1756,1761,5
Mycobacterium_basiliense,1773,1775,2
Mycobacterium_basiliense,1776,1777,1
Mycobacterium_basiliense,1784,1785,1
Mycobacterium_basiliense,1789,1791,2
Mycobacterium_basiliense,1802,1803,1
Mycobacterium_basiliense,1918,1919,1
Mycobacterium_basiliense,1954,1955,1
Mycobacterium_basiliense,1993,1994,1
Mycobacterium_basiliense,2132,2133,1
Mycobacterium_basiliense,2136,2137,1
Mycobacterium_basiliense,2138,2139,1
Mycobacterium_basiliense,2143,2147,4
Mycobacterium_basiliense,2150,2152,2
Mycobacterium_basiliense,2162,2163,1
Mycobacterium_basiliense,2285,2294,9
Mycobacterium_basiliense,2296,2297,1
Mycobacterium_basiliense,2299,2305,6
Mycobacterium_basiliense,2309,2315,6
Mycobacterium_basiliense,2316,2325,9
Mycobacterium_basiliense,2379,2380,1
Mycobacterium_basiliense,2664,2665,1
Mycobacterium_basiliense,2723,2850,127
Mycobacterium_basiliense,3376,3377,1
Mycobacterium_basiliense,3378,3379,1
Mycobacterium_basiliense,3433,3434,1
Mycobacterium_chimaera,1,3,2
Mycobacterium_chimaera,82,83,1
Mycobacterium_chimaera,186,187,1
Mycobacterium_chimaera,235,237,2
Mycobacterium_chimaera,238,240,2
Mycobacterium_chimaera,250,251,1
Mycobacterium_chimaera,277,278,1
Mycobacterium_chimaera,295,296,1
Mycobacterium_chimaera,336,337,1
Mycobacterium_chimaera,359,360,1
Mycobacterium_chimaera,373,374,1
Mycobacterium_chimaera,401,402,1
Mycobacterium_chimaera,416,417,1
Mycobacterium_chimaera,451,452,1
Mycobacterium_chimaera,471,574,103
Mycobacterium_chimaera,753,755,2
Mycobacterium_chimaera,757,771,14
Mycobacterium_chimaera,789,790,1
Mycobacterium_chimaera,839,840,1
Mycobacterium_chimaera,890,902,12
Mycobacterium_chimaera,1010,1011,1
Mycobacterium_chimaera,1068,1069,1
Mycobacterium_chimaera,1168,1169,1
Mycobacterium_chimaera,1185,1186,1
Mycobacterium_chimaera,1187,1188,1
Mycobacterium_chimaera,1190,1192,2
Mycobacterium_chimaera,1211,1212,1
Mycobacterium_chimaera,1237,1238,1
Mycobacterium_chimaera,1398,1399,1
Mycobacterium_chimaera,1430,1436,6
Mycobacterium_chimaera,1438,1439,1
Mycobacterium_chimaera,1444,1446,2
Mycobacterium_chimaera,1448,1458,10
Mycobacterium_chimaera,1491,1492,1
Mycobacterium_chimaera,1515,1516,1
Mycobacterium_chimaera,1707,1708,1
Mycobacterium_chimaera,1748,1749,1
Mycobacterium_chimaera,1751,1752,1
Mycobacterium_chimaera,1756,1761,5
Mycobacterium_chimaera,1773,1775,2
Mycobacterium_chimaera,1776,1777,1
Mycobacterium_chimaera,1784,1785,1
Mycobacterium_chimaera,1789,1791,2
Mycobacterium_chimaera,1802,1803,1
Mycobacterium_chimaera,1918,1919,1
Mycobacterium_chimaera,1954,1955,1
Mycobacterium_chimaera,1993,1994,1
Mycobacterium_chimaera,2132,2133,1
Mycobacterium_chimaera,2136,2137,1
Mycobacterium_chimaera,2138,2139,1
Mycobacterium_chimaera,2143,2147,4
Mycobacterium_chimaera,2150,2152,2
Mycobacterium_chimaera,2162,2163,1
Mycobacterium_chimaera,2285,2294,9
Mycobacterium_chimaera,2296,2305,9
Mycobacterium_chimaera,2309,2315,6
Mycobacterium_chimaera,2316,2325,9
Mycobacterium_chimaera,2379,2380,1
Mycobacterium_chimaera,2663,2665,2
Mycobacterium_chimaera,2723,2850,127
Mycobacterium_chimaera,3376,3377,1
Mycobacterium_chimaera,3378,3379,1
Mycobacterium_chimaera,3433,3434,1
Mycobacterium_marinum,1,3,2
Mycobacterium_marinum,82,83,1
Mycobacterium_marinum,186,187,1
Mycobacterium_marinum,235,237,2
Mycobacterium_marinum,238,240,2
Mycobacterium_marinum,250,251,1
Mycobacterium_marinum,295,296,1
Mycobacterium_marinum,359,360,1
Mycobacterium_marinum,373,374,1
Mycobacterium_marinum,401,402,1
Mycobacterium_marinum,416,417,1
Mycobacterium_marinum,451,452,1
Mycobacterium_marinum,471,574,103
Mycobacterium_marinum,753,755,2
Mycobacterium_marinum,757,771,14
Mycobacterium_marinum,789,790,1
Mycobacterium_marinum,839,840,1
Mycobacterium_marinum,883,892,9
Mycobacterium_marinum,896,897,1
Mycobacterium_marinum,901,902,1
Mycobacterium_marinum,1010,1011,1
Mycobacterium_marinum,1068,1069,1
Mycobacterium_marinum,1168,1169,1
Mycobacterium_marinum,1185,1186,1
Mycobacterium_marinum,1187,1188,1
Mycobacterium_marinum,1190,1192,2
Mycobacterium_marinum,1211,1212,1
Mycobacterium_marinum,1237,1238,1
Mycobacterium_marinum,1398,1399,1
Mycobacterium_marinum,1430,1459,29
Mycobacterium_marinum,1491,1492,1
Mycobacterium_marinum,1515,1516,1
Mycobacterium_marinum,1707,1708,1
Mycobacterium_marinum,1748,1749,1
Mycobacterium_marinum,1751,1752,1
Mycobacterium_marinum,1756,1761,5
Mycobacterium_marinum,1773,1775,2
Mycobacterium_marinum,1776,1777,1
Mycobacterium_marinum,1784,1785,1
Mycobacterium_marinum,1789,1791,2
Mycobacterium_marinum,1802,1803,1
Mycobacterium_marinum,1918,1919,1
Mycobacterium_marinum,1954,1955,1
Mycobacterium_marinum,1993,1994,1
Mycobacterium_marinum,2132,2133,1
Mycobacterium_marinum,2136,2137,1
Mycobacterium_marinum,2138,2139,1
Mycobacterium_marinum,2143,2147,4
Mycobacterium_marinum,2150,2152,2
Mycobacterium_marinum,2162,2163,1
Mycobacterium_marinum,2285,2294,9
Mycobacterium_marinum,2296,2297,1
Mycobacterium_marinum,2299,2305,6
Mycobacterium_marinum,2309,2315,6
Mycobacterium_marinum,2316,2325,9
Mycobacterium_marinum,2379,2380,1
Mycobacterium_marinum,2664,2665,1
Mycobacterium_marinum,2723,2850,127
Mycobacterium_marinum,3376,3377,1
Mycobacterium_marinum,3378,3379,1
Mycobacterium_marinum,3433,3434,1
Mycobacterium_paraintracellulare,1,3,2
Mycobacterium_paraintracellulare,82,83,1
Mycobacterium_paraintracellulare,186,187,1
Mycobacterium_paraintracellulare,235,237,2
Mycobacterium_paraintracellulare,238,240,2
Mycobacterium_paraintracellulare,250,251,1
Mycobacterium_paraintracellulare,277,278,1
Mycobacterium_paraintracellulare,295,296,1
Mycobacterium_paraintracellulare,336,337,1
Mycobacterium_paraintracellulare,359,360,1
Mycobacterium_paraintracellulare,373,374,1
Mycobacterium_paraintracellulare,401,402,1
Mycobacterium_paraintracellulare,416,417,1
Mycobacterium_paraintracellulare,451,452,1
Mycobacterium_paraintracellulare,471,574,103
Mycobacterium_paraintracellulare,753,755,2
Mycobacterium_paraintracellulare,757,771,14
Mycobacterium_paraintracellulare,789,790,1
Mycobacterium_paraintracellulare,839,840,1
Mycobacterium_paraintracellulare,890,902,12
Mycobacterium_paraintracellulare,1010,1011,1
Mycobacterium_paraintracellulare,1068,1069,1
Mycobacterium_paraintracellulare,1168,1169,1
Mycobacterium_paraintracellulare,1185,1186,1
Mycobacterium_paraintracellulare,1187,1188,1
Mycobacterium_paraintracellulare,1190,1192,2
Mycobacterium_paraintracellulare,1211,1212,1
Mycobacterium_paraintracellulare,1237,1238,1
Mycobacterium_paraintracellulare,1398,1399,1
Mycobacterium_paraintracellulare,1430,1436,6
Mycobacterium_paraintracellulare,1438,1439,1
Mycobacterium_paraintracellulare,1444,1446,2
Mycobacterium_paraintracellulare,1448,1458,10
Mycobacterium_paraintracellulare,1491,1492,1
Mycobacterium_paraintracellulare,1515,1516,1
Mycobacterium_paraintracellulare,1707,1708,1
Mycobacterium_paraintracellulare,1748,1749,1
Mycobacterium_paraintracellulare,1751,1752,1
Mycobacterium_paraintracellulare,1756,1761,5
Mycobacterium_paraintracellulare,1773,1775,2
Mycobacterium_paraintracellulare,1776,1777,1
Mycobacterium_paraintracellulare,1784,1785,1
Mycobacterium_paraintracellulare,1789,1791,2
Mycobacterium_paraintracellulare,1802,1803,1
Mycobacterium_paraintracellulare,1918,1919,1
Mycobacterium_paraintracellulare,1954,1955,1
Mycobacterium_paraintracellulare,1993,1994,1
Mycobacterium_paraintracellulare,2132,2133,1
Mycobacterium_paraintracellulare,2136,2137,1
Mycobacterium_paraintracellulare,2138,2139,1
Mycobacterium_paraintracellulare,2143,2147,4
Mycobacterium_paraintracellulare,2150,2152,2
Mycobacterium_paraintracellulare,2162,2163,1
Mycobacterium_paraintracellulare,2285,2294,9
Mycobacterium_paraintracellulare,2296,2305,9
Mycobacterium_paraintracellulare,2309,2315,6
Mycobacterium_paraintracellulare,2316,2325,9
Mycobacterium_paraintracellulare,2379,2380,1
Mycobacterium_paraintracellulare,2663,2665,2
Mycobacterium_paraintracellulare,2723,2850,127
Mycobacterium_paraintracellulare,3376,3377,1
Mycobacterium_paraintracellulare,3378,3379,1
Mycobacterium_paraintracellulare,3433,3434,1
Mycobacterium_hominissuis,1,3,2
Mycobacterium_hominissuis,82,83,1
Mycobacterium_hominissuis,186,187,1
Mycobacterium_hominissuis,235,237,2
Mycobacterium_hominissuis,238,240,2
Mycobacterium_hominissuis,250,251,1
Mycobacterium_hominissuis,277,278,1
Mycobacterium_hominissuis,295,296,1
Mycobacterium_hominissuis,359,360,1
Mycobacterium_hominissuis,373,374,1
Mycobacterium_hominissuis,401,402,1
Mycobacterium_hominissuis,416,417,1
Mycobacterium_hominissuis,451,452,1
Mycobacterium_hominissuis,471,574,103
Mycobacterium_hominissuis,753,755,2
Mycobacterium_hominissuis,757,771,14
Mycobacterium_hominissuis,789,790,1
Mycobacterium_hominissuis,839,840,1
Mycobacterium_hominissuis,890,902,12
Mycobacterium_hominissuis,1010,1011,1
Mycobacterium_hominissuis,1068,1069,1
Mycobacterium_hominissuis,1168,1169,1
Mycobacterium_hominissuis,1185,1186,1
Mycobacterium_hominissuis,1187,1188,1
Mycobacterium_hominissuis,1190,1192,2
Mycobacterium_hominissuis,1211,1212,1
Mycobacterium_hominissuis,1237,1238,1
Mycobacterium_hominissuis,1398,1399,1
Mycobacterium_hominissuis,1430,1436,6
Mycobacterium_hominissuis,1438,1439,1
Mycobacterium_hominissuis,1445,1446,1
Mycobacterium_hominissuis,1448,1458,10
Mycobacterium_hominissuis,1491,1492,1
Mycobacterium_hominissuis,1515,1516,1
Mycobacterium_hominissuis,1707,1708,1
Mycobacterium_hominissuis,1748,1749,1
Mycobacterium_hominissuis,1751,1752,1
Mycobacterium_hominissuis,1756,1761,5
Mycobacterium_hominissuis,1773,1775,2
Mycobacterium_hominissuis,1776,1777,1
Mycobacterium_hominissuis,1784,1785,1
Mycobacterium_hominissuis,1789,1791,2
Mycobacterium_hominissuis,1802,1803,1
Mycobacterium_hominissuis,1918,1919,1
Mycobacterium_hominissuis,1954,1955,1
Mycobacterium_hominissuis,1993,1994,1
Mycobacterium_hominissuis,2132,2133,1
Mycobacterium_hominissuis,2136,2137,1
Mycobacterium_hominissuis,2138,2139,1
Mycobacterium_hominissuis,2143,2147,4
Mycobacterium_hominissuis,2150,2152,2
Mycobacterium_hominissuis,2162,2163,1
Mycobacterium_hominissuis,2285,2294,9
Mycobacterium_hominissuis,2296,2297,1
Mycobacterium_hominissuis,2299,2305,6
Mycobacterium_hominissuis,2309,2315,6
Mycobacterium_hominissuis,2316,2325,9
Mycobacterium_hominissuis,2379,2380,1
Mycobacterium_hominissuis,2663,2665,2
Mycobacterium_hominissuis,2723,2850,127
Mycobacterium_hominissuis,3376,3377,1
Mycobacterium_hominissuis,3378,3379,1
Mycobacterium_hominissuis,3433,3434,1
Mycobacterium_intracellulare,1,3,2
Mycobacterium_intracellulare,82,83,1
Mycobacterium_intracellulare,186,187,1
Mycobacterium_intracellulare,235,237,2
Mycobacterium_intracellulare,238,240,2
Mycobacterium_intracellulare,250,251,1
Mycobacterium_intracellulare,277,278,1
Mycobacterium_intracellulare,295,296,1
Mycobacterium_intracellulare,336,337,1
Mycobacterium_intracellulare,359,360,1
Mycobacterium_intracellulare,373,374,1
Mycobacterium_intracellulare,401,402,1
Mycobacterium_intracellulare,416,417,1
Mycobacterium_intracellulare,451,452,1
Mycobacterium_intracellulare,471,574,103
Mycobacterium_intracellulare,753,755,2
Mycobacterium_intracellulare,757,771,14
Mycobacterium_intracellulare,789,790,1
Mycobacterium_intracellulare,839,840,1
Mycobacterium_intracellulare,890,902,12
Mycobacterium_intracellulare,1010,1011,1
Mycobacterium_intracellulare,1068,1069,1
Mycobacterium_intracellulare,1168,1169,1
Mycobacterium_intracellulare,1185,1186,1
Mycobacterium_intracellulare,1187,1188,1
Mycobacterium_intracellulare,1190,1192,2
Mycobacterium_intracellulare,1211,1212,1
Mycobacterium_intracellulare,1237,1238,1
Mycobacterium_intracellulare,1398,1399,1
Mycobacterium_intracellulare,1430,1436,6
Mycobacterium_intracellulare,1438,1439,1
Mycobacterium_intracellulare,1444,1446,2
Mycobacterium_intracellulare,1448,1458,10
Mycobacterium_intracellulare,1491,1492,1
Mycobacterium_intracellulare,1515,1516,1
Mycobacterium_intracellulare,1707,1708,1
Mycobacterium_intracellulare,1748,1749,1
Mycobacterium_intracellulare,1751,1752,1
Mycobacterium_intracellulare,1756,1761,5
Mycobacterium_intracellulare,1773,1775,2
Mycobacterium_intracellulare,1776,1777,1
Mycobacterium_intracellulare,1784,1785,1
Mycobacterium_intracellulare,1789,1791,2
Mycobacterium_intracellulare,1802,1803,1
Mycobacterium_intracellulare,1918,1919,1
Mycobacterium_intracellulare,1954,1955,1
Mycobacterium_intracellulare,1993,1994,1
Mycobacterium_intracellulare,2132,2133,1
Mycobacterium_intracellulare,2136,2137,1
Mycobacterium_intracellulare,2138,2139,1
Mycobacterium_intracellulare,2143,2147,4
Mycobacterium_intracellulare,2150,2152,2
Mycobacterium_intracellulare,2162,2163,1
Mycobacterium_intracellulare,2285,2294,9
Mycobacterium_intracellulare,2296,2305,9
Mycobacterium_intracellulare,2309,2315,6
Mycobacterium_intracellulare,2316,2325,9
Mycobacterium_intracellulare,2379,2380,1
Mycobacterium_intracellulare,2663,2665,2
Mycobacterium_intracellulare,2723,2850,127
Mycobacterium_intracellulare,3376,3377,1
Mycobacterium_intracellulare,3378,3379,1
Mycobacterium_intracellulare,3433,3434,1
Mycobacterium_yongonense,1,3,2
Mycobacterium_yongonense,82,83,1
Mycobacterium_yongonense,186,187,1
Mycobacterium_yongonense,235,237,2
Mycobacterium_yongonense,238,240,2
Mycobacterium_yongonense,250,251,1
Mycobacterium_yongonense,277,278,1
Mycobacterium_yongonense,295,296,1
Mycobacterium_yongonense,336,337,1
Mycobacterium_yongonense,359,360,1
Mycobacterium_yongonense,373,374,1
Mycobacterium_yongonense,401,402,1
Mycobacterium_yongonense,416,417,1
Mycobacterium_yongonense,451,452,1
Mycobacterium_yongonense,471,574,103
Mycobacterium_yongonense,753,755,2
Mycobacterium_yongonense,757,771,14
Mycobacterium_yongonense,789,790,1
Mycobacterium_yongonense,839,840,1
Mycobacterium_yongonense,890,902,12
Mycobacterium_yongonense,1010,1011,1
Mycobacterium_yongonense,1068,1069,1
Mycobacterium_yongonense,1168,1169,1
Mycobacterium_yongonense,1185,1186,1
Mycobacterium_yongonense,1187,1188,1
Mycobacterium_yongonense,1190,1192,2
Mycobacterium_yongonense,1211,1212,1
Mycobacterium_yongonense,1237,1238,1
Mycobacterium_yongonense,1398,1399,1
Mycobacterium_yongonense,1430,1436,6
Mycobacterium_yongonense,1438,1439,1
Mycobacterium_yongonense,1444,1446,2
Mycobacterium_yongonense,1448,1458,10
Mycobacterium_yongonense,1491,1492,1
Mycobacterium_yongonense,1515,1516,1
Mycobacterium_yongonense,1707,1708,1
Mycobacterium_yongonense,1748,1749,1
Mycobacterium_yongonense,1751,1752,1
Mycobacterium_yongonense,1756,1761,5
Mycobacterium_yongonense,1773,1775,2
Mycobacterium_yongonense,1776,1777,1
Mycobacterium_yongonense,1784,1785,1
Mycobacterium_yongonense,1789,1791,2
Mycobacterium_yongonense,1802,1803,1
Mycobacterium_yongonense,1918,1919,1
Mycobacterium_yongonense,1954,1955,1
Mycobacterium_yongonense,1993,1994,1
Mycobacterium_yongonense,2132,2133,1
Mycobacterium_yongonense,2136,2137,1
Mycobacterium_yongonense,2138,2139,1
Mycobacterium_yongonense,2143,2147,4
Mycobacterium_yongonense,2150,2152,2
Mycobacterium_yongonense,2162,2163,1
Mycobacterium_yongonense,2285,2294,9
Mycobacterium_yongonense,2296,2305,9
Mycobacterium_yongonense,2309,2315,6
Mycobacterium_yongonense,2316,2325,9
Mycobacterium_yongonense,2379,2380,1
Mycobacterium_yongonense,2663,2665,2
Mycobacterium_yongonense,2723,2850,127
Mycobacterium_yongonense,3376,3377,1
Mycobacterium_yongonense,3378,3379,1
Mycobacterium_yongonense,3433,3434,1
Mycobacterium_bouchedurhonense,1,3,2
Mycobacterium_bouchedurhonense,82,83,1
Mycobacterium_bouchedurhonense,186,187,1
Mycobacterium_bouchedurhonense,235,237,2
Mycobacterium_bouchedurhonense,238,240,2
Mycobacterium_bouchedurhonense,250,251,1
Mycobacterium_bouchedurhonense,277,278,1
Mycobacterium_bouchedurhonense,295,296,1
Mycobacterium_bouchedurhonense,359,360,1
Mycobacterium_bouchedurhonense,373,374,1
Mycobacterium_bouchedurhonense,401,402,1
Mycobacterium_bouchedurhonense,416,417,1
Mycobacterium_bouchedurhonense,451,452,1
Mycobacterium_bouchedurhonense,471,574,103
Mycobacterium_bouchedurhonense,753,755,2
Mycobacterium_bouchedurhonense,757,771,14
Mycobacterium_bouchedurhonense,789,790,1
Mycobacterium_bouchedurhonense,839,840,1
Mycobacterium_bouchedurhonense,890,902,12
Mycobacterium_bouchedurhonense,1010,1011,1
Mycobacterium_bouchedurhonense,1068,1069,1
Mycobacterium_bouchedurhonense,1168,1169,1
Mycobacterium_bouchedurhonense,1185,1186,1
Mycobacterium_bouchedurhonense,1187,1188,1
Mycobacterium_bouchedurhonense,1190,1192,2
Mycobacterium_bouchedurhonense,1211,1212,1
Mycobacterium_bouchedurhonense,1237,1238,1
Mycobacterium_bouchedurhonense,1398,1399,1
Mycobacterium_bouchedurhonense,1430,1436,6
Mycobacterium_bouchedurhonense,1438,1439,1
Mycobacterium_bouchedurhonense,1445,1446,1
Mycobacterium_bouchedurhonense,1448,1458,10
Mycobacterium_bouchedurhonense,1491,1492,1
Mycobacterium_bouchedurhonense,1515,1516,1
Mycobacterium_bouchedurhonense,1707,1708,1
Mycobacterium_bouchedurhonense,1748,1749,1
Mycobacterium_bouchedurhonense,1751,1752,1
Mycobacterium_bouchedurhonense,1756,1761,5
Mycobacterium_bouchedurhonense,1773,1775,2
Mycobacterium_bouchedurhonense,1776,1777,1
Mycobacterium_bouchedurhonense,1784,1785,1
Mycobacterium_bouchedurhonense,1789,1791,2
Mycobacterium_bouchedurhonense,1802,1803,1
Mycobacterium_bouchedurhonense,1918,1919,1
Mycobacterium_bouchedurhonense,1954,1955,1
Mycobacterium_bouchedurhonense,1993,1994,1
Mycobacterium_bouchedurhonense,2132,2133,1
Mycobacterium_bouchedurhonense,2136,2137,1
Mycobacterium_bouchedurhonense,2138,2139,1
Mycobacterium_bouchedurhonense,2143,2147,4
Mycobacterium_bouchedurhonense,2150,2152,2
Mycobacterium_bouchedurhonense,2162,2163,1
Mycobacterium_bouchedurhonense,2285,2294,9
Mycobacterium_bouchedurhonense,2296,2297,1
Mycobacterium_bouchedurhonense,2299,2305,6
Mycobacterium_bouchedurhonense,2309,2315,6
Mycobacterium_bouchedurhonense,2316,2325,9
Mycobacterium_bouchedurhonense,2379,2380,1
Mycobacterium_bouchedurhonense,2663,2665,2
Mycobacterium_bouchedurhonense,2723,2850,127
Mycobacterium_bouchedurhonense,3376,3377,1
Mycobacterium_bouchedurhonense,3378,3379,1
Mycobacterium_bouchedurhonense,3433,3434,1
Mycobacterium_liflandii,1,3,2
Mycobacterium_liflandii,82,83,1
Mycobacterium_liflandii,186,187,1
Mycobacterium_liflandii,235,237,2
Mycobacterium_liflandii,238,240,2
Mycobacterium_liflandii,250,251,1
Mycobacterium_liflandii,295,296,1
Mycobacterium_liflandii,359,360,1
Mycobacterium_liflandii,373,374,1
Mycobacterium_liflandii,401,402,1
Mycobacterium_liflandii,416,417,1
Mycobacterium_liflandii,451,452,1
Mycobacterium_liflandii,471,574,103
Mycobacterium_liflandii,753,755,2
Mycobacterium_liflandii,757,771,14
Mycobacterium_liflandii,789,790,1
Mycobacterium_liflandii,839,840,1
Mycobacterium_liflandii,883,892,9
Mycobacterium_liflandii,896,897,1
Mycobacterium_liflandii,901,902,1
Mycobacterium_liflandii,1010,1011,1
Mycobacterium_liflandii,1068,1069,1
Mycobacterium_liflandii,1168,1169,1
Mycobacterium_liflandii,1185,1186,1
Mycobacterium_liflandii,1187,1188,1
Mycobacterium_liflandii,1190,1192,2
Mycobacterium_liflandii,1211,1212,1
Mycobacterium_liflandii,1237,1238,1
Mycobacterium_liflandii,1398,1399,1
Mycobacterium_liflandii,1430,1459,29
Mycobacterium_liflandii,1491,1492,1
Mycobacterium_liflandii,1515,1516,1
Mycobacterium_liflandii,1707,1708,1
Mycobacterium_liflandii,1748,1749,1
Mycobacterium_liflandii,1751,1752,1
Mycobacterium_liflandii,1756,1761,5
Mycobacterium_liflandii,1773,1775,2
Mycobacterium_liflandii,1776,1777,1
Mycobacterium_liflandii,1784,1785,1
Mycobacterium_liflandii,1789,1791,2
Mycobacterium_liflandii,1802,1803,1
Mycobacterium_liflandii,1918,1919,1
Mycobacterium_liflandii,1954,1955,1
Mycobacterium_liflandii,1993,1994,1
Mycobacterium_liflandii,2132,2133,1
Mycobacterium_liflandii,2136,2137,1
Mycobacterium_liflandii,2138,2139,1
Mycobacterium_liflandii,2143,2147,4
Mycobacterium_liflandii,2150,2152,2
Mycobacterium_liflandii,2162,2163,1
Mycobacterium_liflandii,2285,2294,9
Mycobacterium_liflandii,2296,2297,1
Mycobacterium_liflandii,2299,2305,6
Mycobacterium_liflandii,2309,2315,6
Mycobacterium_liflandii,2316,2325,9
Mycobacterium_liflandii,2379,2380,1
Mycobacterium_liflandii,2664,2665,1
Mycobacterium_liflandii,2723,2850,127
Mycobacterium_liflandii,3376,3377,1
Mycobacterium_liflandii,3378,3379,1
Mycobacterium_liflandii,3433,3434,1
Mycobacterium_bohemicum,1,3,2
Mycobacterium_bohemicum,82,83,1
Mycobacterium_bohemicum,186,187,1
Mycobacterium_bohemicum,235,237,2
Mycobacterium_bohemicum,238,240,2
Mycobacterium_bohemicum,250,251,1
Mycobacterium_bohemicum,277,278,1
Mycobacterium_bohemicum,295,296,1
Mycobacterium_bohemicum,359,360,1
Mycobacterium_bohemicum,373,374,1
Mycobacterium_bohemicum,401,402,1
Mycobacterium_bohemicum,416,417,1
Mycobacterium_bohemicum,451,452,1
Mycobacterium_bohemicum,471,574,103
Mycobacterium_bohemicum,753,755,2
Mycobacterium_bohemicum,757,771,14
Mycobacterium_bohemicum,789,790,1
Mycobacterium_bohemicum,839,840,1
Mycobacterium_bohemicum,890,902,12
Mycobacterium_bohemicum,1010,1011,1
Mycobacterium_bohemicum,1068,1069,1
Mycobacterium_bohemicum,1168,1169,1
Mycobacterium_bohemicum,1185,1186,1
Mycobacterium_bohemicum,1187,1188,1
Mycobacterium_bohemicum,1190,1192,2
Mycobacterium_bohemicum,1211,1212,1
Mycobacterium_bohemicum,1237,1238,1
Mycobacterium_bohemicum,1398,1399,1
Mycobacterium_bohemicum,1430,1459,29
Mycobacterium_bohemicum,1491,1492,1
Mycobacterium_bohemicum,1515,1516,1
Mycobacterium_bohemicum,1707,1708,1
Mycobacterium_bohemicum,1748,1749,1
Mycobacterium_bohemicum,1751,1752,1
Mycobacterium_bohemicum,1756,1761,5
Mycobacterium_bohemicum,1766,1768,2
Mycobacterium_bohemicum,1773,1775,2
Mycobacterium_bohemicum,1776,1777,1
Mycobacterium_bohemicum,1784,1785,1
Mycobacterium_bohemicum,1789,1791,2
Mycobacterium_bohemicum,1802,1803,1
Mycobacterium_bohemicum,1918,1919,1
Mycobacterium_bohemicum,1954,1955,1
Mycobacterium_bohemicum,1993,1994,1
Mycobacterium_bohemicum,2132,2133,1
Mycobacterium_bohemicum,2136,2137,1
Mycobacterium_bohemicum,2138,2140,2
Mycobacterium_bohemicum,2143,2147,4
Mycobacterium_bohemicum,2150,2152,2
Mycobacterium_bohemicum,2162,2163,1
Mycobacterium_bohemicum,2285,2294,9
Mycobacterium_bohemicum,2296,2305,9
Mycobacterium_bohemicum,2309,2315,6
Mycobacterium_bohemicum,2316,2325,9
Mycobacterium_bohemicum,2379,2380,1
Mycobacterium_bohemicum,2664,2665,1
Mycobacterium_bohemicum,2723,2850,127
Mycobacterium_bohemicum,3376,3377,1
Mycobacterium_bohemicum,3378,3379,1
Mycobacterium_bohemicum,3433,3434,1
Mycobacterium_avium,1,3,2
Mycobacterium_avium,82,83,1
Mycobacterium_avium,186,187,1
Mycobacterium_avium,235,237,2
Mycobacterium_avium,238,240,2
Mycobacterium_avium,250,251,1
Mycobacterium_avium,277,278,1
Mycobacterium_avium,295,296,1
Mycobacterium_avium,359,360,1
Mycobacterium_avium,373,374,1
Mycobacterium_avium,401,402,1
Mycobacterium_avium,416,417,1
Mycobacterium_avium,451,452,1
Mycobacterium_avium,471,574,103
Mycobacterium_avium,753,755,2
Mycobacterium_avium,757,771,14
Mycobacterium_avium,789,790,1
Mycobacterium_avium,839,840,1
Mycobacterium_avium,890,902,12
Mycobacterium_avium,1010,1011,1
Mycobacterium_avium,1068,1069,1
Mycobacterium_avium,1168,1169,1
Mycobacterium_avium,1185,1186,1
Mycobacterium_avium,1187,1188,1
Mycobacterium_avium,1190,1192,2
Mycobacterium_avium,1211,1212,1
Mycobacterium_avium,1237,1238,1
Mycobacterium_avium,1398,1399,1
Mycobacterium_avium,1430,1436,6
Mycobacterium_avium,1438,1439,1
Mycobacterium_avium,1445,1446,1
Mycobacterium_avium,1448,1458,10
Mycobacterium_avium,1491,1492,1
Mycobacterium_avium,1515,1516,1
Mycobacterium_avium,1707,1708,1
Mycobacterium_avium,1748,1749,1
Mycobacterium_avium,1751,1752,1
Mycobacterium_avium,1756,1761,5
Mycobacterium_avium,1773,1775,2
Mycobacterium_avium,1776,1777,1
Mycobacterium_avium,1784,1785,1
Mycobacterium_avium,1789,1791,2
Mycobacterium_avium,1802,1803,1
Mycobacterium_avium,1918,1919,1
Mycobacterium_avium,1954,1955,1
Mycobacterium_avium,1993,1994,1
Mycobacterium_avium,2132,2133,1
Mycobacterium_avium,2136,2137,1
Mycobacterium_avium,2138,2139,1
Mycobacterium_avium,2143,2147,4
Mycobacterium_avium,2150,2152,2
Mycobacterium_avium,2162,2163,1
Mycobacterium_avium,2285,2294,9
Mycobacterium_avium,2296,2297,1
Mycobacterium_avium,2299,2305,6
Mycobacterium_avium,2309,2315,6
Mycobacterium_avium,2316,2325,9
Mycobacterium_avium,2379,2380,1
Mycobacterium_avium,2663,2665,2
Mycobacterium_avium,2723,2850,127
Mycobacterium_avium,3376,3377,1
Mycobacterium_avium,3378,3379,1
Mycobacterium_avium,3433,3434,1
Mycobacterium_paraffinicum,82,83,1
Mycobacterium_paraffinicum,186,187,1
Mycobacterium_paraffinicum,235,237,2
Mycobacterium_paraffinicum,238,240,2
Mycobacterium_paraffinicum,250,251,1
Mycobacterium_paraffinicum,277,278,1
Mycobacterium_paraffinicum,295,296,1
Mycobacterium_paraffinicum,359,360,1
Mycobacterium_paraffinicum,373,374,1
Mycobacterium_paraffinicum,401,402,1
Mycobacterium_paraffinicum,416,417,1
Mycobacterium_paraffinicum,451,452,1
Mycobacterium_paraffinicum,471,574,103
Mycobacterium_paraffinicum,753,755,2
Mycobacterium_paraffinicum,757,771,14
Mycobacterium_paraffinicum,789,790,1
Mycobacterium_paraffinicum,839,840,1
Mycobacterium_paraffinicum,890,902,12
Mycobacterium_paraffinicum,1010,1011,1
Mycobacterium_paraffinicum,1068,1069,1
Mycobacterium_paraffinicum,1168,1169,1
Mycobacterium_paraffinicum,1185,1186,1
Mycobacterium_paraffinicum,1187,1188,1
Mycobacterium_paraffinicum,1190,1192,2
Mycobacterium_paraffinicum,1211,1212,1
Mycobacterium_paraffinicum,1237,1238,1
Mycobacterium_paraffinicum,1398,1399,1
Mycobacterium_paraffinicum,1430,1459,29
Mycobacterium_paraffinicum,1491,1492,1
Mycobacterium_paraffinicum,1515,1516,1
Mycobacterium_paraffinicum,1707,1708,1
Mycobacterium_paraffinicum,1748,1749,1
Mycobacterium_paraffinicum,1751,1752,1
Mycobacterium_paraffinicum,1756,1761,5
Mycobacterium_paraffinicum,1773,1775,2
Mycobacterium_paraffinicum,1776,1777,1
Mycobacterium_paraffinicum,1784,1785,1
Mycobacterium_paraffinicum,1787,1791,4
Mycobacterium_paraffinicum,1802,1803,1
Mycobacterium_paraffinicum,1918,1919,1
Mycobacterium_paraffinicum,1954,1955,1
Mycobacterium_paraffinicum,1993,1994,1
Mycobacterium_paraffinicum,2132,2133,1
Mycobacterium_paraffinicum,2136,2137,1
Mycobacterium_paraffinicum,2138,2139,1
Mycobacterium_paraffinicum,2143,2147,4
Mycobacterium_paraffinicum,2150,2152,2
Mycobacterium_paraffinicum,2162,2163,1
Mycobacterium_paraffinicum,2285,2294,9
Mycobacterium_paraffinicum,2296,2305,9
Mycobacterium_paraffinicum,2309,2315,6
Mycobacterium_paraffinicum,2316,2325,9
Mycobacterium_paraffinicum,2379,2380,1
Mycobacterium_paraffinicum,2663,2665,2
Mycobacterium_paraffinicum,2723,2850,127
Mycobacterium_paraffinicum,3376,3377,1
Mycobacterium_paraffinicum,3378,3379,1
Mycobacterium_paraffinicum,3433,3434,1
Mycobacterium_ulcerans,1,3,2
Mycobacterium_ulcerans,82,83,1
Mycobacterium_ulcerans,186,187,1
Mycobacterium_ulcerans,235,237,2
Mycobacterium_ulcerans,238,240,2
Mycobacterium_ulcerans,250,251,1
Mycobacterium_ulcerans,295,296,1
Mycobacterium_ulcerans,359,360,1
Mycobacterium_ulcerans,373,374,1
Mycobacterium_ulcerans,401,402,1
Mycobacterium_ulcerans,416,417,1
Mycobacterium_ulcerans,451,452,1
Mycobacterium_ulcerans,471,574,103
Mycobacterium_ulcerans,753,755,2
Mycobacterium_ulcerans,757,771,14
Mycobacterium_ulcerans,789,790,1
Mycobacterium_ulcerans,839,840,1
Mycobacterium_ulcerans,883,892,9
Mycobacterium_ulcerans,896,897,1
Mycobacterium_ulcerans,901,902,1
Mycobacterium_ulcerans,1010,1011,1
Mycobacterium_ulcerans,1068,1069,1
Mycobacterium_ulcerans,1168,1169,1
Mycobacterium_ulcerans,1185,1186,1
Mycobacterium_ulcerans,1187,1188,1
Mycobacterium_ulcerans,1190,1192,2
Mycobacterium_ulcerans,1211,1212,1
Mycobacterium_ulcerans,1237,1238,1
Mycobacterium_ulcerans,1398,1399,1
Mycobacterium_ulcerans,1430,1459,29
Mycobacterium_ulcerans,1491,1492,1
Mycobacterium_ulcerans,1515,1516,1
Mycobacterium_ulcerans,1707,1708,1
Mycobacterium_ulcerans,1748,1749,1
Mycobacterium_ulcerans,1751,1752,1
Mycobacterium_ulcerans,1756,1761,5
Mycobacterium_ulcerans,1773,1775,2
Mycobacterium_ulcerans,1776,1777,1
Mycobacterium_ulcerans,1784,1785,1
Mycobacterium_ulcerans,1789,1791,2
Mycobacterium_ulcerans,1802,1803,1
Mycobacterium_ulcerans,1918,1919,1
Mycobacterium_ulcerans,1954,1955,1
Mycobacterium_ulcerans,1993,1994,1
Mycobacterium_ulcerans,2132,2133,1
Mycobacterium_ulcerans,2136,2137,1
Mycobacterium_ulcerans,2138,2139,1
Mycobacterium_ulcerans,2143,2147,4
Mycobacterium_ulcerans,2150,2152,2
Mycobacterium_ulcerans,2162,2163,1
Mycobacterium_ulcerans,2285,2294,9
Mycobacterium_ulcerans,2296,2297,1
Mycobacterium_ulcerans,2299,2305,6
Mycobacterium_ulcerans,2309,2315,6
Mycobacterium_ulcerans,2316,2325,9
Mycobacterium_ulcerans,2379,2380,1
Mycobacterium_ulcerans,2664,2665,1
Mycobacterium_ulcerans,2723,2850,127
Mycobacterium_ulcerans,3376,3377,1
Mycobacterium_ulcerans,3378,3379,1
Mycobacterium_ulcerans,3433,3434,1
Mycobacterium_heidelbergense,1,3,2
Mycobacterium_heidelbergense,82,83,1
Mycobacterium_heidelbergense,186,187,1
Mycobacterium_heidelbergense,235,237,2
Mycobacterium_heidelbergense,238,240,2
Mycobacterium_heidelbergense,250,251,1
Mycobacterium_heidelbergense,295,296,1
Mycobacterium_heidelbergense,359,360,1
Mycobacterium_heidelbergense,373,374,1
Mycobacterium_heidelbergense,401,402,1
Mycobacterium_heidelbergense,416,417,1
Mycobacterium_heidelbergense,451,452,1
Mycobacterium_heidelbergense,471,574,103
Mycobacterium_heidelbergense,753,755,2
Mycobacterium_heidelbergense,757,771,14
Mycobacterium_heidelbergense,789,790,1
Mycobacterium_heidelbergense,839,840,1
Mycobacterium_heidelbergense,882,907,25
Mycobacterium_heidelbergense,1010,1011,1
Mycobacterium_heidelbergense,1068,1069,1
Mycobacterium_heidelbergense,1168,1169,1
Mycobacterium_heidelbergense,1185,1186,1
Mycobacterium_heidelbergense,1187,1188,1
Mycobacterium_heidelbergense,1190,1192,2
Mycobacterium_heidelbergense,1211,1212,1
Mycobacterium_heidelbergense,1237,1238,1
Mycobacterium_heidelbergense,1398,1399,1
Mycobacterium_heidelbergense,1430,1459,29
Mycobacterium_heidelbergense,1491,1492,1
Mycobacterium_heidelbergense,1515,1516,1
Mycobacterium_heidelbergense,1707,1708,1
Mycobacterium_heidelbergense,1748,1749,1
Mycobacterium_heidelbergense,1751,1752,1
Mycobacterium_heidelbergense,1756,1761,5
Mycobacterium_heidelbergense,1773,1775,2
Mycobacterium_heidelbergense,1776,1777,1
Mycobacterium_heidelbergense,1784,1785,1
Mycobacterium_heidelbergense,1789,1791,2
Mycobacterium_heidelbergense,1802,1803,1
Mycobacterium_heidelbergense,1918,1919,1
Mycobacterium_heidelbergense,1954,1955,1
Mycobacterium_heidelbergense,1993,1994,1
Mycobacterium_heidelbergense,2132,2133,1
Mycobacterium_heidelbergense,2136,2137,1
Mycobacterium_heidelbergense,2138,2139,1
Mycobacterium_heidelbergense,2143,2147,4
Mycobacterium_heidelbergense,2150,2152,2
Mycobacterium_heidelbergense,2162,2163,1
Mycobacterium_heidelbergense,2285,2294,9
Mycobacterium_heidelbergense,2296,2297,1
Mycobacterium_heidelbergense,2299,2305,6
Mycobacterium_heidelbergense,2309,2315,6
Mycobacterium_heidelbergense,2316,2325,9
Mycobacterium_heidelbergense,2379,2380,1
Mycobacterium_heidelbergense,2664,2665,1
Mycobacterium_heidelbergense,2723,2850,127
Mycobacterium_heidelbergense,3376,3377,1
Mycobacterium_heidelbergense,3378,3379,1
Mycobacterium_heidelbergense,3433,3434,1
Mycobacterium_paraense,1,3,2
Mycobacterium_paraense,82,83,1
Mycobacterium_paraense,186,187,1
Mycobacterium_paraense,235,237,2
Mycobacterium_paraense,238,240,2
Mycobacterium_paraense,250,251,1
Mycobacterium_paraense,295,296,1
Mycobacterium_paraense,359,360,1
Mycobacterium_paraense,373,374,1
Mycobacterium_paraense,401,402,1
Mycobacterium_paraense,416,417,1
Mycobacterium_paraense,451,452,1
Mycobacterium_paraense,471,574,103
Mycobacterium_paraense,753,755,2
Mycobacterium_paraense,757,771,14
Mycobacterium_paraense,789,790,1
Mycobacterium_paraense,839,840,1
Mycobacterium_paraense,890,902,12
Mycobacterium_paraense,1010,1011,1
Mycobacterium_paraense,1068,1069,1
Mycobacterium_paraense,1168,1169,1
Mycobacterium_paraense,1185,1186,1
Mycobacterium_paraense,1187,1188,1
Mycobacterium_paraense,1190,1192,2
Mycobacterium_paraense,1211,1212,1
Mycobacterium_paraense,1237,1238,1
Mycobacterium_paraense,1398,1399,1
Mycobacterium_paraense,1430,1459,29
Mycobacterium_paraense,1491,1492,1
Mycobacterium_paraense,1515,1516,1
Mycobacterium_paraense,1707,1708,1
Mycobacterium_paraense,1748,1749,1
Mycobacterium_paraense,1751,1752,1
Mycobacterium_paraense,1756,1761,5
Mycobacterium_paraense,1773,1775,2
Mycobacterium_paraense,1776,1777,1
Mycobacterium_paraense,1784,1785,1
Mycobacterium_paraense,1789,1791,2
Mycobacterium_paraense,1802,1803,1
Mycobacterium_paraense,1915,1916,1
Mycobacterium_paraense,1918,1919,1
Mycobacterium_paraense,1954,1955,1
Mycobacterium_paraense,1993,1994,1
Mycobacterium_paraense,2132,2133,1
Mycobacterium_paraense,2136,2137,1
Mycobacterium_paraense,2138,2139,1
Mycobacterium_paraense,2143,2147,4
Mycobacterium_paraense,2150,2152,2
Mycobacterium_paraense,2162,2163,1
Mycobacterium_paraense,2285,2294,9
Mycobacterium_paraense,2296,2305,9
Mycobacterium_paraense,2309,2315,6
Mycobacterium_paraense,2316,2325,9
Mycobacterium_paraense,2379,2380,1
Mycobacterium_paraense,2664,2665,1
Mycobacterium_paraense,2723,2850,127
Mycobacterium_paraense,3376,3377,1
Mycobacterium_paraense,3378,3379,1
Mycobacterium_paraense,3433,3434,1
Mycobacterium_kubicae,1,3,2
Mycobacterium_kubicae,82,83,1
Mycobacterium_kubicae,186,187,1
Mycobacterium_kubicae,235,237,2
Mycobacterium_kubicae,238,240,2
Mycobacterium_kubicae,250,251,1
Mycobacterium_kubicae,295,296,1
Mycobacterium_kubicae,341,342,1
Mycobacterium_kubicae,359,360,1
Mycobacterium_kubicae,373,374,1
Mycobacterium_kubicae,401,402,1
Mycobacterium_kubicae,416,417,1
Mycobacterium_kubicae,451,452,1
Mycobacterium_kubicae,465,466,1
Mycobacterium_kubicae,472,574,102
Mycobacterium_kubicae,753,755,2
Mycobacterium_kubicae,757,771,14
Mycobacterium_kubicae,789,790,1
Mycobacterium_kubicae,839,840,1
Mycobacterium_kubicae,884,891,7
Mycobacterium_kubicae,896,900,4
Mycobacterium_kubicae,1010,1011,1
Mycobacterium_kubicae,1068,1069,1
Mycobacterium_kubicae,1168,1169,1
Mycobacterium_kubicae,1185,1186,1
Mycobacterium_kubicae,1187,1188,1
Mycobacterium_kubicae,1190,1192,2
Mycobacterium_kubicae,1211,1212,1
Mycobacterium_kubicae,1237,1238,1
Mycobacterium_kubicae,1398,1399,1
Mycobacterium_kubicae,1430,1436,6
Mycobacterium_kubicae,1438,1439,1
Mycobacterium_kubicae,1445,1459,14
Mycobacterium_kubicae,1491,1492,1
Mycobacterium_kubicae,1515,1516,1
Mycobacterium_kubicae,1707,1708,1
Mycobacterium_kubicae,1748,1749,1
Mycobacterium_kubicae,1751,1752,1
Mycobacterium_kubicae,1756,1761,5
Mycobacterium_kubicae,1773,1775,2
Mycobacterium_kubicae,1776,1777,1
Mycobacterium_kubicae,1784,1785,1
Mycobacterium_kubicae,1789,1791,2
Mycobacterium_kubicae,1802,1803,1
Mycobacterium_kubicae,1918,1920,2
Mycobacterium_kubicae,1954,1955,1
Mycobacterium_kubicae,1993,1994,1
Mycobacterium_kubicae,2132,2133,1
Mycobacterium_kubicae,2136,2137,1
Mycobacterium_kubicae,2138,2139,1
Mycobacterium_kubicae,2143,2147,4
Mycobacterium_kubicae,2150,2152,2
Mycobacterium_kubicae,2162,2163,1
Mycobacterium_kubicae,2285,2294,9
Mycobacterium_kubicae,2296,2305,9
Mycobacterium_kubicae,2309,2315,6
Mycobacterium_kubicae,2316,2325,9
Mycobacterium_kubicae,2379,2380,1
Mycobacterium_kubicae,2664,2665,1
Mycobacterium_kubicae,2723,2850,127
Mycobacterium_kubicae,3376,3377,1
Mycobacterium_kubicae,3378,3379,1
Mycobacterium_kubicae,3433,3434,1
Mycobacterium_interjectum,1,3,2
Mycobacterium_interjectum,82,83,1
Mycobacterium_interjectum,186,187,1
Mycobacterium_interjectum,235,237,2
Mycobacterium_interjectum,238,240,2
Mycobacterium_interjectum,250,251,1
Mycobacterium_interjectum,295,296,1
Mycobacterium_interjectum,359,360,1
Mycobacterium_interjectum,373,374,1
Mycobacterium_interjectum,401,402,1
Mycobacterium_interjectum,416,417,1
Mycobacterium_interjectum,451,452,1
Mycobacterium_interjectum,471,574,103
Mycobacterium_interjectum,753,755,2
Mycobacterium_interjectum,757,771,14
Mycobacterium_interjectum,789,790,1
Mycobacterium_interjectum,839,840,1
Mycobacterium_interjectum,890,902,12
Mycobacterium_interjectum,1010,1011,1
Mycobacterium_interjectum,1068,1069,1
Mycobacterium_interjectum,1168,1169,1
Mycobacterium_interjectum,1185,1186,1
Mycobacterium_interjectum,1187,1188,1
Mycobacterium_interjectum,1190,1192,2
Mycobacterium_interjectum,1211,1212,1
Mycobacterium_interjectum,1237,1238,1
Mycobacterium_interjectum,1398,1399,1
Mycobacterium_interjectum,1430,1459,29
Mycobacterium_interjectum,1491,1492,1
Mycobacterium_interjectum,1515,1516,1
Mycobacterium_interjectum,1707,1708,1
Mycobacterium_interjectum,1748,1749,1
Mycobacterium_interjectum,1751,1752,1
Mycobacterium_interjectum,1756,1761,5
Mycobacterium_interjectum,1773,1775,2
Mycobacterium_interjectum,1776,1777,1
Mycobacterium_interjectum,1784,1785,1
Mycobacterium_interjectum,1789,1791,2
Mycobacterium_interjectum,1802,1803,1
Mycobacterium_interjectum,1915,1916,1
Mycobacterium_interjectum,1918,1919,1
Mycobacterium_interjectum,1954,1955,1
Mycobacterium_interjectum,1993,1994,1
Mycobacterium_interjectum,2132,2133,1
Mycobacterium_interjectum,2136,2137,1
Mycobacterium_interjectum,2138,2139,1
Mycobacterium_interjectum,2143,2147,4
Mycobacterium_interjectum,2150,2152,2
Mycobacterium_interjectum,2162,2163,1
Mycobacterium_interjectum,2285,2294,9
Mycobacterium_interjectum,2296,2305,9
Mycobacterium_interjectum,2309,2315,6
Mycobacterium_interjectum,2316,2325,9
Mycobacterium_interjectum,2379,2380,1
Mycobacterium_interjectum,2664,2665,1
Mycobacterium_interjectum,2723,2850,127
Mycobacterium_interjectum,3376,3377,1
Mycobacterium_interjectum,3378,3379,1
Mycobacterium_interjectum,3433,3434,1
Mycobacterium_pseudoshottsii,1,3,2
Mycobacterium_pseudoshottsii,82,83,1
Mycobacterium_pseudoshottsii,186,187,1
Mycobacterium_pseudoshottsii,235,237,2
Mycobacterium_pseudoshottsii,238,240,2
Mycobacterium_pseudoshottsii,250,251,1
Mycobacterium_pseudoshottsii,295,296,1
Mycobacterium_pseudoshottsii,359,360,1
Mycobacterium_pseudoshottsii,373,374,1
Mycobacterium_pseudoshottsii,401,402,1
Mycobacterium_pseudoshottsii,416,417,1
Mycobacterium_pseudoshottsii,451,452,1
Mycobacterium_pseudoshottsii,471,574,103
Mycobacterium_pseudoshottsii,753,755,2
Mycobacterium_pseudoshottsii,757,771,14
Mycobacterium_pseudoshottsii,789,790,1
Mycobacterium_pseudoshottsii,839,840,1
Mycobacterium_pseudoshottsii,883,892,9
Mycobacterium_pseudoshottsii,896,897,1
Mycobacterium_pseudoshottsii,901,902,1
Mycobacterium_pseudoshottsii,1010,1011,1
Mycobacterium_pseudoshottsii,1068,1069,1
Mycobacterium_pseudoshottsii,1168,1169,1
Mycobacterium_pseudoshottsii,1185,1186,1
Mycobacterium_pseudoshottsii,1187,1188,1
Mycobacterium_pseudoshottsii,1190,1192,2
Mycobacterium_pseudoshottsii,1211,1212,1
Mycobacterium_pseudoshottsii,1237,1238,1
Mycobacterium_pseudoshottsii,1398,1399,1
Mycobacterium_pseudoshottsii,1430,1459,29
Mycobacterium_pseudoshottsii,1491,1492,1
Mycobacterium_pseudoshottsii,1515,1516,1
Mycobacterium_pseudoshottsii,1707,1708,1
Mycobacterium_pseudoshottsii,1748,1749,1
Mycobacterium_pseudoshottsii,1751,1752,1
Mycobacterium_pseudoshottsii,1756,1761,5
Mycobacterium_pseudoshottsii,1773,1775,2
Mycobacterium_pseudoshottsii,1776,1777,1
Mycobacterium_pseudoshottsii,1784,1785,1
Mycobacterium_pseudoshottsii,1789,1791,2
Mycobacterium_pseudoshottsii,1802,1803,1
Mycobacterium_pseudoshottsii,1918,1919,1
Mycobacterium_pseudoshottsii,1954,1955,1
Mycobacterium_pseudoshottsii,1993,1994,1
Mycobacterium_pseudoshottsii,2132,2133,1
Mycobacterium_pseudoshottsii,2136,2137,1
Mycobacterium_pseudoshottsii,2138,2139,1
Mycobacterium_pseudoshottsii,2143,2147,4
Mycobacterium_pseudoshottsii,2150,2152,2
Mycobacterium_pseudoshottsii,2162,2163,1
Mycobacterium_pseudoshottsii,2285,2294,9
Mycobacterium_pseudoshottsii,2296,2297,1
Mycobacterium_pseudoshottsii,2299,2305,6
Mycobacterium_pseudoshottsii,2309,2315,6
Mycobacterium_pseudoshottsii,2316,2325,9
Mycobacterium_pseudoshottsii,2379,2380,1
Mycobacterium_pseudoshottsii,2664,2665,1
Mycobacterium_pseudoshottsii,2723,2850,127
Mycobacterium_pseudoshottsii,3376,3377,1
Mycobacterium_pseudoshottsii,3378,3379,1
Mycobacterium_pseudoshottsii,3433,3434,1
Mycobacterium_alsense,1,3,2
Mycobacterium_alsense,82,83,1
Mycobacterium_alsense,186,187,1
Mycobacterium_alsense,235,237,2
Mycobacterium_alsense,238,240,2
Mycobacterium_alsense,250,251,1
Mycobacterium_alsense,295,296,1
Mycobacterium_alsense,359,360,1
Mycobacterium_alsense,373,374,1
Mycobacterium_alsense,401,402,1
Mycobacterium_alsense,416,417,1
Mycobacterium_alsense,451,452,1
Mycobacterium_alsense,471,574,103
Mycobacterium_alsense,753,755,2
Mycobacterium_alsense,757,771,14
Mycobacterium_alsense,789,790,1
Mycobacterium_alsense,839,840,1
Mycobacterium_alsense,882,907,25
Mycobacterium_alsense,1010,1011,1
Mycobacterium_alsense,1068,1069,1
Mycobacterium_alsense,1168,1169,1
Mycobacterium_alsense,1185,1186,1
Mycobacterium_alsense,1190,1192,2
Mycobacterium_alsense,1211,1212,1
Mycobacterium_alsense,1237,1238,1
Mycobacterium_alsense,1398,1399,1
Mycobacterium_alsense,1430,1459,29
Mycobacterium_alsense,1491,1492,1
Mycobacterium_alsense,1515,1516,1
Mycobacterium_alsense,1707,1708,1
Mycobacterium_alsense,1748,1749,1
Mycobacterium_alsense,1751,1752,1
Mycobacterium_alsense,1756,1761,5
Mycobacterium_alsense,1773,1775,2
Mycobacterium_alsense,1776,1777,1
Mycobacterium_alsense,1784,1785,1
Mycobacterium_alsense,1789,1791,2
Mycobacterium_alsense,1802,1803,1
Mycobacterium_alsense,1918,1919,1
Mycobacterium_alsense,1954,1955,1
Mycobacterium_alsense,1993,1994,1
Mycobacterium_alsense,2132,2133,1
Mycobacterium_alsense,2136,2137,1
Mycobacterium_alsense,2138,2139,1
Mycobacterium_alsense,2143,2147,4
Mycobacterium_alsense,2150,2152,2
Mycobacterium_alsense,2162,2163,1
Mycobacterium_alsense,2285,2294,9
Mycobacterium_alsense,2296,2297,1
Mycobacterium_alsense,2299,2305,6
Mycobacterium_alsense,2309,2315,6
Mycobacterium_alsense,2316,2325,9
Mycobacterium_alsense,2379,2380,1
Mycobacterium_alsense,2664,2665,1
Mycobacterium_alsense,2723,2850,127
Mycobacterium_alsense,3376,3377,1
Mycobacterium_alsense,3378,3379,1
Mycobacterium_alsense,3433,3434,1
Mycobacterium_shinshuense,1,3,2
Mycobacterium_shinshuense,82,83,1
Mycobacterium_shinshuense,186,187,1
Mycobacterium_shinshuense,235,237,2
Mycobacterium_shinshuense,238,240,2
Mycobacterium_shinshuense,250,251,1
Mycobacterium_shinshuense,295,296,1
Mycobacterium_shinshuense,359,360,1
Mycobacterium_shinshuense,373,374,1
Mycobacterium_shinshuense,401,402,1
Mycobacterium_shinshuense,416,417,1
Mycobacterium_shinshuense,451,452,1
Mycobacterium_shinshuense,471,574,103
Mycobacterium_shinshuense,753,755,2
Mycobacterium_shinshuense,757,771,14
Mycobacterium_shinshuense,789,790,1
Mycobacterium_shinshuense,839,840,1
Mycobacterium_shinshuense,883,892,9
Mycobacterium_shinshuense,896,897,1
Mycobacterium_shinshuense,901,902,1
Mycobacterium_shinshuense,1010,1011,1
Mycobacterium_shinshuense,1068,1069,1
Mycobacterium_shinshuense,1168,1169,1
Mycobacterium_shinshuense,1185,1186,1
Mycobacterium_shinshuense,1187,1188,1
Mycobacterium_shinshuense,1190,1192,2
Mycobacterium_shinshuense,1211,1212,1
Mycobacterium_shinshuense,1237,1238,1
Mycobacterium_shinshuense,1398,1399,1
Mycobacterium_shinshuense,1430,1459,29
Mycobacterium_shinshuense,1491,1492,1
Mycobacterium_shinshuense,1515,1516,1
Mycobacterium_shinshuense,1707,1708,1
Mycobacterium_shinshuense,1748,1749,1
Mycobacterium_shinshuense,1751,1752,1
Mycobacterium_shinshuense,1756,1761,5
Mycobacterium_shinshuense,1773,1775,2
Mycobacterium_shinshuense,1776,1777,1
Mycobacterium_shinshuense,1784,1785,1
Mycobacterium_shinshuense,1789,1791,2
Mycobacterium_shinshuense,1802,1803,1
Mycobacterium_shinshuense,1918,1919,1
Mycobacterium_shinshuense,1954,1955,1
Mycobacterium_shinshuense,1993,1994,1
Mycobacterium_shinshuense,2132,2133,1
Mycobacterium_shinshuense,2136,2137,1
Mycobacterium_shinshuense,2138,2139,1
Mycobacterium_shinshuense,2143,2147,4
Mycobacterium_shinshuense,2150,2152,2
Mycobacterium_shinshuense,2162,2163,1
Mycobacterium_shinshuense,2285,2294,9
Mycobacterium_shinshuense,2296,2297,1
Mycobacterium_shinshuense,2299,2305,6
Mycobacterium_shinshuense,2309,2315,6
Mycobacterium_shinshuense,2316,2325,9
Mycobacterium_shinshuense,2379,2380,1
Mycobacterium_shinshuense,2664,2665,1
Mycobacterium_shinshuense,2723,2850,127
Mycobacterium_shinshuense,3376,3377,1
Mycobacterium_shinshuense,3378,3379,1
Mycobacterium_shinshuense,3433,3434,1
Mycobacterium_terramassiliense,1,3,2
Mycobacterium_terramassiliense,82,83,1
Mycobacterium_terramassiliense,186,187,1
Mycobacterium_terramassiliense,235,237,2
Mycobacterium_terramassiliense,238,240,2
Mycobacterium_terramassiliense,250,251,1
Mycobacterium_terramassiliense,295,296,1
Mycobacterium_terramassiliense,359,360,1
Mycobacterium_terramassiliense,373,374,1
Mycobacterium_terramassiliense,401,402,1
Mycobacterium_terramassiliense,416,417,1
Mycobacterium_terramassiliense,451,452,1
Mycobacterium_terramassiliense,471,574,103
Mycobacterium_terramassiliense,753,755,2
Mycobacterium_terramassiliense,757,771,14
Mycobacterium_terramassiliense,789,790,1
Mycobacterium_terramassiliense,839,840,1
Mycobacterium_terramassiliense,890,902,12
Mycobacterium_terramassiliense,1010,1011,1
Mycobacterium_terramassiliense,1068,1069,1
Mycobacterium_terramassiliense,1168,1169,1
Mycobacterium_terramassiliense,1185,1186,1
Mycobacterium_terramassiliense,1187,1188,1
Mycobacterium_terramassiliense,1190,1192,2
Mycobacterium_terramassiliense,1211,1212,1
Mycobacterium_terramassiliense,1237,1238,1
Mycobacterium_terramassiliense,1398,1399,1
Mycobacterium_terramassiliense,1430,1459,29
Mycobacterium_terramassiliense,1491,1492,1
Mycobacterium_terramassiliense,1515,1516,1
Mycobacterium_terramassiliense,1707,1708,1
Mycobacterium_terramassiliense,1748,1749,1
Mycobacterium_terramassiliense,1751,1752,1
Mycobacterium_terramassiliense,1756,1761,5
Mycobacterium_terramassiliense,1773,1775,2
Mycobacterium_terramassiliense,1776,1777,1
Mycobacterium_terramassiliense,1784,1785,1
Mycobacterium_terramassiliense,1789,1791,2
Mycobacterium_terramassiliense,1802,1803,1
Mycobacterium_terramassiliense,1915,1916,1
Mycobacterium_terramassiliense,1918,1919,1
Mycobacterium_terramassiliense,1954,1955,1
Mycobacterium_terramassiliense,1993,1994,1
Mycobacterium_terramassiliense,2132,2133,1
Mycobacterium_terramassiliense,2136,2137,1
Mycobacterium_terramassiliense,2138,2139,1
Mycobacterium_terramassiliense,2143,2147,4
Mycobacterium_terramassiliense,2150,2152,2
Mycobacterium_terramassiliense,2162,2163,1
Mycobacterium_terramassiliense,2285,2294,9
Mycobacterium_terramassiliense,2296,2305,9
Mycobacterium_terramassiliense,2309,2315,6
Mycobacterium_terramassiliense,2316,2325,9
Mycobacterium_terramassiliense,2379,2380,1
Mycobacterium_terramassiliense,2664,2665,1
Mycobacterium_terramassiliense,2723,2850,127
Mycobacterium_terramassiliense,3376,3377,1
Mycobacterium_terramassiliense,3378,3379,1
Mycobacterium_terramassiliense,3433,3434,1
Mycobacterium_malmoense,1,3,2
Mycobacterium_malmoense,82,83,1
Mycobacterium_malmoense,186,187,1
Mycobacterium_malmoense,235,237,2
Mycobacterium_malmoense,238,240,2
Mycobacterium_malmoense,250,251,1
Mycobacterium_malmoense,295,296,1
Mycobacterium_malmoense,359,360,1
Mycobacterium_malmoense,373,374,1
Mycobacterium_malmoense,401,402,1
Mycobacterium_malmoense,416,417,1
Mycobacterium_malmoense,451,452,1
Mycobacterium_malmoense,471,574,103
Mycobacterium_malmoense,753,755,2
Mycobacterium_malmoense,757,771,14
Mycobacterium_malmoense,789,790,1
Mycobacterium_malmoense,839,840,1
Mycobacterium_malmoense,882,907,25
Mycobacterium_malmoense,1010,1011,1
Mycobacterium_malmoense,1068,1069,1
Mycobacterium_malmoense,1168,1169,1
Mycobacterium_malmoense,1185,1186,1
Mycobacterium_malmoense,1187,1188,1
Mycobacterium_malmoense,1190,1192,2
Mycobacterium_malmoense,1211,1212,1
Mycobacterium_malmoense,1237,1238,1
Mycobacterium_malmoense,1398,1399,1
Mycobacterium_malmoense,1430,1459,29
Mycobacterium_malmoense,1491,1492,1
Mycobacterium_malmoense,1515,1516,1
Mycobacterium_malmoense,1707,1708,1
Mycobacterium_malmoense,1748,1749,1
Mycobacterium_malmoense,1751,1752,1
Mycobacterium_malmoense,1756,1761,5
Mycobacterium_malmoense,1773,1775,2
Mycobacterium_malmoense,1776,1777,1
Mycobacterium_malmoense,1784,1785,1
Mycobacterium_malmoense,1789,1791,2
Mycobacterium_malmoense,1802,1803,1
Mycobacterium_malmoense,1918,1919,1
Mycobacterium_malmoense,1954,1955,1
Mycobacterium_malmoense,1993,1994,1
Mycobacterium_malmoense,2132,2133,1
Mycobacterium_malmoense,2136,2137,1
Mycobacterium_malmoense,2138,2139,1
Mycobacterium_malmoense,2143,2147,4
Mycobacterium_malmoense,2150,2152,2
Mycobacterium_malmoense,2162,2163,1
Mycobacterium_malmoense,2285,2294,9
Mycobacterium_malmoense,2296,2297,1
Mycobacterium_malmoense,2299,2305,6
Mycobacterium_malmoense,2309,2315,6
Mycobacterium_malmoense,2316,2325,9
Mycobacterium_malmoense,2379,2380,1
Mycobacterium_malmoense,2664,2665,1
Mycobacterium_malmoense,2723,2850,127
Mycobacterium_malmoense,3376,3377,1
Mycobacterium_malmoense,3378,3379,1
Mycobacterium_malmoense,3433,3434,1
Mycobacterium_paraseoulense,1,3,2
Mycobacterium_paraseoulense,82,83,1
Mycobacterium_paraseoulense,186,187,1
Mycobacterium_paraseoulense,235,237,2
Mycobacterium_paraseoulense,238,240,2
Mycobacterium_paraseoulense,250,251,1
Mycobacterium_paraseoulense,277,278,1
Mycobacterium_paraseoulense,295,296,1
Mycobacterium_paraseoulense,359,360,1
Mycobacterium_paraseoulense,373,374,1
Mycobacterium_paraseoulense,401,402,1
Mycobacterium_paraseoulense,416,417,1
Mycobacterium_paraseoulense,451,452,1
Mycobacterium_paraseoulense,471,574,103
Mycobacterium_paraseoulense,753,755,2
Mycobacterium_paraseoulense,757,771,14
Mycobacterium_paraseoulense,789,790,1
Mycobacterium_paraseoulense,839,840,1
Mycobacterium_paraseoulense,890,902,12
Mycobacterium_paraseoulense,1010,1011,1
Mycobacterium_paraseoulense,1068,1069,1
Mycobacterium_paraseoulense,1168,1169,1
Mycobacterium_paraseoulense,1185,1186,1
Mycobacterium_paraseoulense,1187,1188,1
Mycobacterium_paraseoulense,1190,1192,2
Mycobacterium_paraseoulense,1211,1212,1
Mycobacterium_paraseoulense,1237,1238,1
Mycobacterium_paraseoulense,1398,1399,1
Mycobacterium_paraseoulense,1430,1459,29
Mycobacterium_paraseoulense,1491,1492,1
Mycobacterium_paraseoulense,1707,1708,1
Mycobacterium_paraseoulense,1748,1749,1
Mycobacterium_paraseoulense,1751,1752,1
Mycobacterium_paraseoulense,1756,1761,5
Mycobacterium_paraseoulense,1773,1775,2
Mycobacterium_paraseoulense,1776,1777,1
Mycobacterium_paraseoulense,1784,1785,1
Mycobacterium_paraseoulense,1789,1791,2
Mycobacterium_paraseoulense,1802,1803,1
Mycobacterium_paraseoulense,1918,1919,1
Mycobacterium_paraseoulense,1954,1955,1
Mycobacterium_paraseoulense,1993,1994,1
Mycobacterium_paraseoulense,2132,2133,1
Mycobacterium_paraseoulense,2136,2137,1
Mycobacterium_paraseoulense,2138,2139,1
Mycobacterium_paraseoulense,2143,2147,4
Mycobacterium_paraseoulense,2150,2152,2
Mycobacterium_paraseoulense,2162,2163,1
Mycobacterium_paraseoulense,2285,2294,9
Mycobacterium_paraseoulense,2296,2305,9
Mycobacterium_paraseoulense,2309,2315,6
Mycobacterium_paraseoulense,2316,2325,9
Mycobacterium_paraseoulense,2379,2380,1
Mycobacterium_paraseoulense,2663,2665,2
Mycobacterium_paraseoulense,2723,2850,127
Mycobacterium_paraseoulense,3376,3377,1
Mycobacterium_paraseoulense,3378,3379,1
Mycobacterium_paraseoulense,3433,3434,1
Mycobacterium_shottsii,1,3,2
Mycobacterium_shottsii,82,83,1
Mycobacterium_shottsii,186,187,1
Mycobacterium_shottsii,235,237,2
Mycobacterium_shottsii,238,240,2
Mycobacterium_shottsii,250,251,1
Mycobacterium_shottsii,295,296,1
Mycobacterium_shottsii,359,360,1
Mycobacterium_shottsii,373,374,1
Mycobacterium_shottsii,401,402,1
Mycobacterium_shottsii,416,417,1
Mycobacterium_shottsii,451,452,1
Mycobacterium_shottsii,471,574,103
Mycobacterium_shottsii,753,755,2
Mycobacterium_shottsii,757,771,14
Mycobacterium_shottsii,789,790,1
Mycobacterium_shottsii,839,840,1
Mycobacterium_shottsii,883,892,9
Mycobacterium_shottsii,896,897,1
Mycobacterium_shottsii,901,902,1
Mycobacterium_shottsii,1010,1011,1
Mycobacterium_shottsii,1068,1069,1
Mycobacterium_shottsii,1168,1169,1
Mycobacterium_shottsii,1185,1186,1
Mycobacterium_shottsii,1187,1188,1
Mycobacterium_shottsii,1190,1192,2
Mycobacterium_shottsii,1211,1212,1
Mycobacterium_shottsii,1237,1238,1
Mycobacterium_shottsii,1398,1399,1
Mycobacterium_shottsii,1430,1459,29
Mycobacterium_shottsii,1491,1492,1
Mycobacterium_shottsii,1515,1516,1
Mycobacterium_shottsii,1707,1708,1
Mycobacterium_shottsii,1748,1749,1
Mycobacterium_shottsii,1751,1752,1
Mycobacterium_shottsii,1756,1761,5
Mycobacterium_shottsii,1773,1775,2
Mycobacterium_shottsii,1776,1777,1
Mycobacterium_shottsii,1784,1785,1
Mycobacterium_shottsii,1789,1791,2
Mycobacterium_shottsii,1802,1803,1
Mycobacterium_shottsii,1918,1919,1
Mycobacterium_shottsii,1954,1955,1
Mycobacterium_shottsii,1993,1994,1
Mycobacterium_shottsii,2132,2133,1
Mycobacterium_shottsii,2136,2137,1
Mycobacterium_shottsii,2138,2139,1
Mycobacterium_shottsii,2143,2147,4
Mycobacterium_shottsii,2150,2152,2
Mycobacterium_shottsii,2162,2163,1
Mycobacterium_shottsii,2285,2294,9
Mycobacterium_shottsii,2296,2297,1
Mycobacterium_shottsii,2299,2305,6
Mycobacterium_shottsii,2309,2315,6
Mycobacterium_shottsii,2316,2325,9
Mycobacterium_shottsii,2379,2380,1
Mycobacterium_shottsii,2664,2665,1
Mycobacterium_shottsii,2723,2850,127
Mycobacterium_shottsii,3376,3377,1
Mycobacterium_shottsii,3378,3379,1
Mycobacterium_shottsii,3433,3434,1
Mycobacterium_timonense,1,3,2
Mycobacterium_timonense,82,83,1
Mycobacterium_timonense,186,187,1
Mycobacterium_timonense,235,237,2
Mycobacterium_timonense,238,240,2
Mycobacterium_timonense,250,251,1
Mycobacterium_timonense,277,278,1
Mycobacterium_timonense,295,296,1
Mycobacterium_timonense,336,337,1
Mycobacterium_timonense,359,360,1
Mycobacterium_timonense,373,374,1
Mycobacterium_timonense,401,402,1
Mycobacterium_timonense,416,417,1
Mycobacterium_timonense,451,452,1
Mycobacterium_timonense,471,574,103
Mycobacterium_timonense,753,755,2
Mycobacterium_timonense,757,771,14
Mycobacterium_timonense,789,790,1
Mycobacterium_timonense,839,840,1
Mycobacterium_timonense,890,902,12
Mycobacterium_timonense,1010,1011,1
Mycobacterium_timonense,1068,1069,1
Mycobacterium_timonense,1168,1169,1
Mycobacterium_timonense,1185,1186,1
Mycobacterium_timonense,1187,1188,1
Mycobacterium_timonense,1190,1192,2
Mycobacterium_timonense,1211,1212,1
Mycobacterium_timonense,1237,1238,1
Mycobacterium_timonense,1398,1399,1
Mycobacterium_timonense,1430,1436,6
Mycobacterium_timonense,1438,1439,1
Mycobacterium_timonense,1444,1446,2
Mycobacterium_timonense,1448,1458,10
Mycobacterium_timonense,1491,1492,1
Mycobacterium_timonense,1515,1516,1
Mycobacterium_timonense,1707,1708,1
Mycobacterium_timonense,1748,1749,1
Mycobacterium_timonense,1751,1752,1
Mycobacterium_timonense,1756,1761,5
Mycobacterium_timonense,1773,1775,2
Mycobacterium_timonense,1776,1777,1
Mycobacterium_timonense,1784,1785,1
Mycobacterium_timonense,1789,1791,2
Mycobacterium_timonense,1802,1803,1
Mycobacterium_timonense,1918,1919,1
Mycobacterium_timonense,1954,1955,1
Mycobacterium_timonense,1993,1994,1
Mycobacterium_timonense,2132,2133,1
Mycobacterium_timonense,2136,2137,1
Mycobacterium_timonense,2138,2139,1
Mycobacterium_timonense,2143,2147,4
Mycobacterium_timonense,2150,2152,2
Mycobacterium_timonense,2162,2163,1
Mycobacterium_timonense,2285,2294,9
Mycobacterium_timonense,2296,2305,9
Mycobacterium_timonense,2309,2315,6
Mycobacterium_timonense,2316,2325,9
Mycobacterium_timonense,2379,2380,1
Mycobacterium_timonense,2664,2665,1
Mycobacterium_timonense,2723,2850,127
Mycobacterium_timonense,3376,3377,1
Mycobacterium_timonense,3378,3379,1
Mycobacterium_timonense,3433,3434,1
Mycobacterium_mantenii,1,3,2
Mycobacterium_mantenii,82,83,1
Mycobacterium_mantenii,186,187,1
Mycobacterium_mantenii,235,237,2
Mycobacterium_mantenii,238,240,2
Mycobacterium_mantenii,250,251,1
Mycobacterium_mantenii,277,278,1
Mycobacterium_mantenii,295,296,1
Mycobacterium_mantenii,359,360,1
Mycobacterium_mantenii,373,374,1
Mycobacterium_mantenii,401,402,1
Mycobacterium_mantenii,416,417,1
Mycobacterium_mantenii,451,452,1
Mycobacterium_mantenii,471,574,103
Mycobacterium_mantenii,753,755,2
Mycobacterium_mantenii,757,771,14
Mycobacterium_mantenii,789,790,1
Mycobacterium_mantenii,839,840,1
Mycobacterium_mantenii,890,902,12
Mycobacterium_mantenii,1010,1011,1
Mycobacterium_mantenii,1068,1069,1
Mycobacterium_mantenii,1168,1169,1
Mycobacterium_mantenii,1185,1186,1
Mycobacterium_mantenii,1187,1188,1
Mycobacterium_mantenii,1190,1192,2
Mycobacterium_mantenii,1211,1212,1
Mycobacterium_mantenii,1237,1238,1
Mycobacterium_mantenii,1398,1399,1
Mycobacterium_mantenii,1430,1436,6
Mycobacterium_mantenii,1438,1439,1
Mycobacterium_mantenii,1444,1446,2
Mycobacterium_mantenii,1448,1458,10
Mycobacterium_mantenii,1491,1492,1
Mycobacterium_mantenii,1515,1516,1
Mycobacterium_mantenii,1707,1708,1
Mycobacterium_mantenii,1748,1749,1
Mycobacterium_mantenii,1751,1752,1
Mycobacterium_mantenii,1756,1761,5
Mycobacterium_mantenii,1773,1775,2
Mycobacterium_mantenii,1776,1777,1
Mycobacterium_mantenii,1784,1785,1
Mycobacterium_mantenii,1789,1791,2
Mycobacterium_mantenii,1802,1803,1
Mycobacterium_mantenii,1918,1919,1
Mycobacterium_mantenii,1954,1955,1
Mycobacterium_mantenii,1993,1994,1
Mycobacterium_mantenii,2132,2133,1
Mycobacterium_mantenii,2136,2137,1
Mycobacterium_mantenii,2138,2139,1
Mycobacterium_mantenii,2143,2147,4
Mycobacterium_mantenii,2150,2152,2
Mycobacterium_mantenii,2162,2163,1
Mycobacterium_mantenii,2285,2294,9
Mycobacterium_mantenii,2296,2305,9
Mycobacterium_mantenii,2309,2315,6
Mycobacterium_mantenii,2316,2325,9
Mycobacterium_mantenii,2379,2380,1
Mycobacterium_mantenii,2663,2665,2
Mycobacterium_mantenii,2723,2850,127
Mycobacterium_mantenii,3376,3377,1
Mycobacterium_mantenii,3378,3379,1
Mycobacterium_mantenii,3433,3434,1
Mycobacterium_seoulense,1,3,2
Mycobacterium_seoulense,82,83,1
Mycobacterium_seoulense,186,187,1
Mycobacterium_seoulense,235,237,2
Mycobacterium_seoulense,238,240,2
Mycobacterium_seoulense,250,251,1
Mycobacterium_seoulense,277,278,1
Mycobacterium_seoulense,295,296,1
Mycobacterium_seoulense,359,360,1
Mycobacterium_seoulense,373,374,1
Mycobacterium_seoulense,401,402,1
Mycobacterium_seoulense,416,417,1
Mycobacterium_seoulense,451,452,1
Mycobacterium_seoulense,471,574,103
Mycobacterium_seoulense,753,755,2
Mycobacterium_seoulense,757,771,14
Mycobacterium_seoulense,789,790,1
Mycobacterium_seoulense,839,840,1
Mycobacterium_seoulense,890,902,12
Mycobacterium_seoulense,1010,1011,1
Mycobacterium_seoulense,1068,1069,1
Mycobacterium_seoulense,1168,1169,1
Mycobacterium_seoulense,1185,1186,1
Mycobacterium_seoulense,1187,1188,1
Mycobacterium_seoulense,1190,1192,2
Mycobacterium_seoulense,1211,1212,1
Mycobacterium_seoulense,1237,1238,1
Mycobacterium_seoulense,1398,1399,1
Mycobacterium_seoulense,1430,1459,29
Mycobacterium_seoulense,1491,1492,1
Mycobacterium_seoulense,1707,1708,1
Mycobacterium_seoulense,1748,1749,1
Mycobacterium_seoulense,1751,1752,1
Mycobacterium_seoulense,1756,1761,5
Mycobacterium_seoulense,1773,1775,2
Mycobacterium_seoulense,1776,1777,1
Mycobacterium_seoulense,1784,1785,1
Mycobacterium_seoulense,1789,1791,2
Mycobacterium_seoulense,1802,1803,1
Mycobacterium_seoulense,1918,1919,1
Mycobacterium_seoulense,1954,1955,1
Mycobacterium_seoulense,1993,1994,1
Mycobacterium_seoulense,2132,2133,1
Mycobacterium_seoulense,2136,2137,1
Mycobacterium_seoulense,2138,2139,1
Mycobacterium_seoulense,2143,2147,4
Mycobacterium_seoulense,2150,2152,2
Mycobacterium_seoulense,2162,2163,1
Mycobacterium_seoulense,2285,2294,9
Mycobacterium_seoulense,2296,2305,9
Mycobacterium_seoulense,2309,2315,6
Mycobacterium_seoulense,2316,2325,9
Mycobacterium_seoulense,2379,2380,1
Mycobacterium_seoulense,2663,2665,2
Mycobacterium_seoulense,2723,2850,127
Mycobacterium_seoulense,3376,3377,1
Mycobacterium_seoulense,3378,3379,1
Mycobacterium_seoulense,3433,3434,1
Mycobacterium_marseillense,1,3,2
Mycobacterium_marseillense,82,83,1
Mycobacterium_marseillense,186,187,1
Mycobacterium_marseillense,235,237,2
Mycobacterium_marseillense,238,240,2
Mycobacterium_marseillense,250,251,1
Mycobacterium_marseillense,277,278,1
Mycobacterium_marseillense,295,296,1
Mycobacterium_marseillense,336,337,1
Mycobacterium_marseillense,359,360,1
Mycobacterium_marseillense,373,374,1
Mycobacterium_marseillense,401,402,1
Mycobacterium_marseillense,416,417,1
Mycobacterium_marseillense,451,452,1
Mycobacterium_marseillense,471,574,103
Mycobacterium_marseillense,753,755,2
Mycobacterium_marseillense,757,771,14
Mycobacterium_marseillense,789,790,1
Mycobacterium_marseillense,839,840,1
Mycobacterium_marseillense,890,902,12
Mycobacterium_marseillense,1010,1011,1
Mycobacterium_marseillense,1068,1069,1
Mycobacterium_marseillense,1168,1169,1
Mycobacterium_marseillense,1185,1186,1
Mycobacterium_marseillense,1187,1188,1
Mycobacterium_marseillense,1190,1192,2
Mycobacterium_marseillense,1211,1212,1
Mycobacterium_marseillense,1237,1238,1
Mycobacterium_marseillense,1398,1399,1
Mycobacterium_marseillense,1430,1436,6
Mycobacterium_marseillense,1438,1439,1
Mycobacterium_marseillense,1444,1446,2
Mycobacterium_marseillense,1448,1458,10
Mycobacterium_marseillense,1491,1492,1
Mycobacterium_marseillense,1515,1516,1
Mycobacterium_marseillense,1707,1708,1
Mycobacterium_marseillense,1748,1749,1
Mycobacterium_marseillense,1751,1752,1
Mycobacterium_marseillense,1756,1761,5
Mycobacterium_marseillense,1773,1775,2
Mycobacterium_marseillense,1776,1777,1
Mycobacterium_marseillense,1784,1785,1
Mycobacterium_marseillense,1789,1791,2
Mycobacterium_marseillense,1802,1803,1
Mycobacterium_marseillense,1918,1919,1
Mycobacterium_marseillense,1954,1955,1
Mycobacterium_marseillense,1993,1994,1
Mycobacterium_marseillense,2132,2133,1
Mycobacterium_marseillense,2136,2137,1
Mycobacterium_marseillense,2138,2139,1
Mycobacterium_marseillense,2143,2147,4
Mycobacterium_marseillense,2150,2152,2
Mycobacterium_marseillense,2162,2163,1
Mycobacterium_marseillense,2285,2294,9
Mycobacterium_marseillense,2296,2305,9
Mycobacterium_marseillense,2309,2315,6
Mycobacterium_marseillense,2316,2325,9
Mycobacterium_marseillense,2379,2380,1
Mycobacterium_marseillense,2664,2665,1
Mycobacterium_marseillense,2723,2850,127
Mycobacterium_marseillense,3376,3377,1
Mycobacterium_marseillense,3378,3379,1
Mycobacterium_marseillense,3433,3434,1
Mycobacterium_senriense,1,3,2
Mycobacterium_senriense,82,83,1
Mycobacterium_senriense,186,187,1
Mycobacterium_senriense,235,237,2
Mycobacterium_senriense,238,240,2
Mycobacterium_senriense,250,251,1
Mycobacterium_senriense,277,278,1
Mycobacterium_senriense,295,296,1
Mycobacterium_senriense,359,360,1
Mycobacterium_senriense,373,374,1
Mycobacterium_senriense,401,402,1
Mycobacterium_senriense,416,417,1
Mycobacterium_senriense,451,452,1
Mycobacterium_senriense,471,574,103
Mycobacterium_senriense,753,755,2
Mycobacterium_senriense,757,771,14
Mycobacterium_senriense,789,790,1
Mycobacterium_senriense,839,840,1
Mycobacterium_senriense,890,902,12
Mycobacterium_senriense,1010,1011,1
Mycobacterium_senriense,1068,1069,1
Mycobacterium_senriense,1168,1169,1
Mycobacterium_senriense,1185,1186,1
Mycobacterium_senriense,1187,1188,1
Mycobacterium_senriense,1190,1192,2
Mycobacterium_senriense,1211,1212,1
Mycobacterium_senriense,1237,1238,1
Mycobacterium_senriense,1398,1399,1
Mycobacterium_senriense,1430,1436,6
Mycobacterium_senriense,1438,1439,1
Mycobacterium_senriense,1444,1446,2
Mycobacterium_senriense,1448,1458,10
Mycobacterium_senriense,1491,1492,1
Mycobacterium_senriense,1515,1516,1
Mycobacterium_senriense,1707,1708,1
Mycobacterium_senriense,1748,1749,1
Mycobacterium_senriense,1751,1752,1
Mycobacterium_senriense,1756,1761,5
Mycobacterium_senriense,1773,1775,2
Mycobacterium_senriense,1776,1777,1
Mycobacterium_senriense,1784,1785,1
Mycobacterium_senriense,1789,1791,2
Mycobacterium_senriense,1802,1803,1
Mycobacterium_senriense,1918,1919,1
Mycobacterium_senriense,1954,1955,1
Mycobacterium_senriense,1993,1994,1
Mycobacterium_senriense,2132,2133,1
Mycobacterium_senriense,2136,2137,1
Mycobacterium_senriense,2138,2139,1
Mycobacterium_senriense,2143,2147,4
Mycobacterium_senriense,2150,2152,2
Mycobacterium_senriense,2162,2163,1
Mycobacterium_senriense,2285,2294,9
Mycobacterium_senriense,2296,2305,9
Mycobacterium_senriense,2309,2315,6
Mycobacterium_senriense,2316,2325,9
Mycobacterium_senriense,2379,2380,1
Mycobacterium_senriense,2663,2665,2
Mycobacterium_senriense,2723,2850,127
Mycobacterium_senriense,3376,3377,1
Mycobacterium_senriense,3378,3379,1
Mycobacterium_senriense,3433,3434,1
Mycobacterium_bourgelatii,1,3,2
Mycobacterium_bourgelatii,82,83,1
Mycobacterium_bourgelatii,186,187,1
Mycobacterium_bourgelatii,235,237,2
Mycobacterium_bourgelatii,238,240,2
Mycobacterium_bourgelatii,250,251,1
Mycobacterium_bourgelatii,295,296,1
Mycobacterium_bourgelatii,359,360,1
Mycobacterium_bourgelatii,373,374,1
Mycobacterium_bourgelatii,401,402,1
Mycobacterium_bourgelatii,416,417,1
Mycobacterium_bourgelatii,451,452,1
Mycobacterium_bourgelatii,471,574,103
Mycobacterium_bourgelatii,753,755,2
Mycobacterium_bourgelatii,757,771,14
Mycobacterium_bourgelatii,789,790,1
Mycobacterium_bourgelatii,839,840,1
Mycobacterium_bourgelatii,884,891,7
Mycobacterium_bourgelatii,896,900,4
Mycobacterium_bourgelatii,1010,1011,1
Mycobacterium_bourgelatii,1068,1069,1
Mycobacterium_bourgelatii,1168,1169,1
Mycobacterium_bourgelatii,1185,1186,1
Mycobacterium_bourgelatii,1187,1188,1
Mycobacterium_bourgelatii,1190,1192,2
Mycobacterium_bourgelatii,1211,1212,1
Mycobacterium_bourgelatii,1237,1238,1
Mycobacterium_bourgelatii,1398,1399,1
Mycobacterium_bourgelatii,1430,1436,6
Mycobacterium_bourgelatii,1438,1439,1
Mycobacterium_bourgelatii,1445,1459,14
Mycobacterium_bourgelatii,1491,1492,1
Mycobacterium_bourgelatii,1515,1516,1
Mycobacterium_bourgelatii,1707,1708,1
Mycobacterium_bourgelatii,1748,1749,1
Mycobacterium_bourgelatii,1751,1752,1
Mycobacterium_bourgelatii,1756,1761,5
Mycobacterium_bourgelatii,1766,1768,2
Mycobacterium_bourgelatii,1773,1775,2
Mycobacterium_bourgelatii,1776,1777,1
Mycobacterium_bourgelatii,1784,1785,1
Mycobacterium_bourgelatii,1789,1791,2
Mycobacterium_bourgelatii,1802,1803,1
Mycobacterium_bourgelatii,1918,1919,1
Mycobacterium_bourgelatii,1954,1955,1
Mycobacterium_bourgelatii,1993,1994,1
Mycobacterium_bourgelatii,2132,2133,1
Mycobacterium_bourgelatii,2136,2137,1
Mycobacterium_bourgelatii,2138,2139,1
Mycobacterium_bourgelatii,2143,2147,4
Mycobacterium_bourgelatii,2150,2152,2
Mycobacterium_bourgelatii,2162,2163,1
Mycobacterium_bourgelatii,2285,2294,9
Mycobacterium_bourgelatii,2296,2297,1
Mycobacterium_bourgelatii,2299,2305,6
Mycobacterium_bourgelatii,2309,2315,6
Mycobacterium_bourgelatii,2316,2325,9
Mycobacterium_bourgelatii,2379,2380,1
Mycobacterium_bourgelatii,2664,2665,1
Mycobacterium_bourgelatii,2723,2850,127
Mycobacterium_bourgelatii,3376,3377,1
Mycobacterium_bourgelatii,3378,3379,1
Mycobacterium_bourgelatii,3433,3434,1
Mycobacterium_arosiense,1,3,2
Mycobacterium_arosiense,82,83,1
Mycobacterium_arosiense,186,187,1
Mycobacterium_arosiense,235,237,2
Mycobacterium_arosiense,238,240,2
Mycobacterium_arosiense,250,251,1
Mycobacterium_arosiense,277,278,1
Mycobacterium_arosiense,295,296,1
Mycobacterium_arosiense,359,360,1
Mycobacterium_arosiense,373,374,1
Mycobacterium_arosiense,401,402,1
Mycobacterium_arosiense,416,417,1
Mycobacterium_arosiense,451,452,1
Mycobacterium_arosiense,471,574,103
Mycobacterium_arosiense,753,755,2
Mycobacterium_arosiense,757,771,14
Mycobacterium_arosiense,789,790,1
Mycobacterium_arosiense,839,840,1
Mycobacterium_arosiense,890,902,12
Mycobacterium_arosiense,1010,1011,1
Mycobacterium_arosiense,1068,1069,1
Mycobacterium_arosiense,1168,1169,1
Mycobacterium_arosiense,1185,1186,1
Mycobacterium_arosiense,1187,1188,1
Mycobacterium_arosiense,1190,1192,2
Mycobacterium_arosiense,1211,1212,1
Mycobacterium_arosiense,1237,1238,1
Mycobacterium_arosiense,1398,1399,1
Mycobacterium_arosiense,1430,1436,6
Mycobacterium_arosiense,1438,1439,1
Mycobacterium_arosiense,1445,1446,1
Mycobacterium_arosiense,1448,1458,10
Mycobacterium_arosiense,1491,1492,1
Mycobacterium_arosiense,1515,1516,1
Mycobacterium_arosiense,1707,1708,1
Mycobacterium_arosiense,1748,1749,1
Mycobacterium_arosiense,1751,1752,1
Mycobacterium_arosiense,1756,1761,5
Mycobacterium_arosiense,1773,1775,2
Mycobacterium_arosiense,1776,1777,1
Mycobacterium_arosiense,1784,1785,1
Mycobacterium_arosiense,1789,1791,2
Mycobacterium_arosiense,1802,1803,1
Mycobacterium_arosiense,1918,1919,1
Mycobacterium_arosiense,1954,1955,1
Mycobacterium_arosiense,1993,1994,1
Mycobacterium_arosiense,2132,2133,1
Mycobacterium_arosiense,2136,2137,1
Mycobacterium_arosiense,2138,2139,1
Mycobacterium_arosiense,2143,2147,4
Mycobacterium_arosiense,2150,2152,2
Mycobacterium_arosiense,2162,2163,1
Mycobacterium_arosiense,2285,2294,9
Mycobacterium_arosiense,2296,2305,9
Mycobacterium_arosiense,2309,2315,6
Mycobacterium_arosiense,2316,2325,9
Mycobacterium_arosiense,2379,2380,1
Mycobacterium_arosiense,2663,2665,2
Mycobacterium_arosiense,2723,2850,127
Mycobacterium_arosiense,3376,3377,1
Mycobacterium_arosiense,3378,3379,1
Mycobacterium_arosiense,3433,3434,1
Mycobacterium_vicinigordonae,1,3,2
Mycobacterium_vicinigordonae,82,83,1
Mycobacterium_vicinigordonae,186,187,1
Mycobacterium_vicinigordonae,235,237,2
Mycobacterium_vicinigordonae,238,240,2
Mycobacterium_vicinigordonae,250,251,1
Mycobacterium_vicinigordonae,295,296,1
Mycobacterium_vicinigordonae,359,360,1
Mycobacterium_vicinigordonae,373,374,1
Mycobacterium_vicinigordonae,401,402,1
Mycobacterium_vicinigordonae,416,417,1
Mycobacterium_vicinigordonae,451,452,1
Mycobacterium_vicinigordonae,472,574,102
Mycobacterium_vicinigordonae,753,755,2
Mycobacterium_vicinigordonae,757,771,14
Mycobacterium_vicinigordonae,789,790,1
Mycobacterium_vicinigordonae,839,840,1
Mycobacterium_vicinigordonae,884,891,7
Mycobacterium_vicinigordonae,896,900,4
Mycobacterium_vicinigordonae,1010,1011,1
Mycobacterium_vicinigordonae,1068,1069,1
Mycobacterium_vicinigordonae,1168,1169,1
Mycobacterium_vicinigordonae,1185,1186,1
Mycobacterium_vicinigordonae,1187,1188,1
Mycobacterium_vicinigordonae,1190,1192,2
Mycobacterium_vicinigordonae,1211,1212,1
Mycobacterium_vicinigordonae,1237,1238,1
Mycobacterium_vicinigordonae,1398,1399,1
Mycobacterium_vicinigordonae,1430,1436,6
Mycobacterium_vicinigordonae,1438,1439,1
Mycobacterium_vicinigordonae,1445,1459,14
Mycobacterium_vicinigordonae,1491,1492,1
Mycobacterium_vicinigordonae,1515,1516,1
Mycobacterium_vicinigordonae,1707,1708,1
Mycobacterium_vicinigordonae,1748,1749,1
Mycobacterium_vicinigordonae,1751,1752,1
Mycobacterium_vicinigordonae,1756,1761,5
Mycobacterium_vicinigordonae,1766,1768,2
Mycobacterium_vicinigordonae,1773,1775,2
Mycobacterium_vicinigordonae,1776,1777,1
Mycobacterium_vicinigordonae,1784,1785,1
Mycobacterium_vicinigordonae,1789,1791,2
Mycobacterium_vicinigordonae,1802,1803,1
Mycobacterium_vicinigordonae,1918,1919,1
Mycobacterium_vicinigordonae,1954,1955,1
Mycobacterium_vicinigordonae,1993,1994,1
Mycobacterium_vicinigordonae,2132,2133,1
Mycobacterium_vicinigordonae,2136,2137,1
Mycobacterium_vicinigordonae,2138,2139,1
Mycobacterium_vicinigordonae,2143,2147,4
Mycobacterium_vicinigordonae,2150,2152,2
Mycobacterium_vicinigordonae,2162,2163,1
Mycobacterium_vicinigordonae,2285,2294,9
Mycobacterium_vicinigordonae,2296,2297,1
Mycobacterium_vicinigordonae,2299,2305,6
Mycobacterium_vicinigordonae,2309,2315,6
Mycobacterium_vicinigordonae,2316,2325,9
Mycobacterium_vicinigordonae,2379,2380,1
Mycobacterium_vicinigordonae,2664,2665,1
Mycobacterium_vicinigordonae,2723,2850,127
Mycobacterium_vicinigordonae,3376,3377,1
Mycobacterium_vicinigordonae,3378,3379,1
Mycobacterium_vicinigordonae,3433,3434,1
Mycobacterium_palustre,82,83,1
Mycobacterium_palustre,186,187,1
Mycobacterium_palustre,235,237,2
Mycobacterium_palustre,238,240,2
Mycobacterium_palustre,250,251,1
Mycobacterium_palustre,295,296,1
Mycobacterium_palustre,359,360,1
Mycobacterium_palustre,373,374,1
Mycobacterium_palustre,401,402,1
Mycobacterium_palustre,416,417,1
Mycobacterium_palustre,451,452,1
Mycobacterium_palustre,471,574,103
Mycobacterium_palustre,753,755,2
Mycobacterium_palustre,757,771,14
Mycobacterium_palustre,789,790,1
Mycobacterium_palustre,839,840,1
Mycobacterium_palustre,882,907,25
Mycobacterium_palustre,1010,1011,1
Mycobacterium_palustre,1068,1069,1
Mycobacterium_palustre,1168,1169,1
Mycobacterium_palustre,1185,1186,1
Mycobacterium_palustre,1187,1188,1
Mycobacterium_palustre,1190,1192,2
Mycobacterium_palustre,1211,1212,1
Mycobacterium_palustre,1237,1238,1
Mycobacterium_palustre,1398,1399,1
Mycobacterium_palustre,1430,1459,29
Mycobacterium_palustre,1491,1492,1
Mycobacterium_palustre,1515,1516,1
Mycobacterium_palustre,1707,1708,1
Mycobacterium_palustre,1748,1749,1
Mycobacterium_palustre,1751,1752,1
Mycobacterium_palustre,1756,1761,5
Mycobacterium_palustre,1773,1775,2
Mycobacterium_palustre,1776,1777,1
Mycobacterium_palustre,1784,1785,1
Mycobacterium_palustre,1789,1791,2
Mycobacterium_palustre,1802,1803,1
Mycobacterium_palustre,1915,1916,1
Mycobacterium_palustre,1918,1919,1
Mycobacterium_palustre,1954,1955,1
Mycobacterium_palustre,1993,1994,1
Mycobacterium_palustre,2132,2133,1
Mycobacterium_palustre,2136,2137,1
Mycobacterium_palustre,2138,2139,1
Mycobacterium_palustre,2143,2147,4
Mycobacterium_palustre,2150,2152,2
Mycobacterium_palustre,2162,2163,1
Mycobacterium_palustre,2285,2294,9
Mycobacterium_palustre,2296,2305,9
Mycobacterium_palustre,2309,2315,6
Mycobacterium_palustre,2316,2325,9
Mycobacterium_palustre,2379,2380,1
Mycobacterium_palustre,2664,2665,1
Mycobacterium_palustre,2723,2850,127
Mycobacterium_palustre,3376,3377,1
Mycobacterium_palustre,3378,3379,1
Mycobacterium_palustre,3433,3434,1
Mycolicibacterium_vulneris,1,3,2
Mycolicibacterium_vulneris,82,83,1
Mycolicibacterium_vulneris,186,187,1
Mycolicibacterium_vulneris,235,237,2
Mycolicibacterium_vulneris,238,240,2
Mycolicibacterium_vulneris,250,251,1
Mycolicibacterium_vulneris,277,278,1
Mycolicibacterium_vulneris,295,296,1
Mycolicibacterium_vulneris,359,360,1
Mycolicibacterium_vulneris,373,374,1
Mycolicibacterium_vulneris,401,402,1
Mycolicibacterium_vulneris,416,417,1
Mycolicibacterium_vulneris,451,452,1
Mycolicibacterium_vulneris,471,574,103
Mycolicibacterium_vulneris,753,755,2
Mycolicibacterium_vulneris,757,771,14
Mycolicibacterium_vulneris,789,790,1
Mycolicibacterium_vulneris,839,840,1
Mycolicibacterium_vulneris,890,902,12
Mycolicibacterium_vulneris,1010,1011,1
Mycolicibacterium_vulneris,1068,1069,1
Mycolicibacterium_vulneris,1168,1169,1
Mycolicibacterium_vulneris,1185,1186,1
Mycolicibacterium_vulneris,1187,1188,1
Mycolicibacterium_vulneris,1190,1192,2
Mycolicibacterium_vulneris,1211,1212,1
Mycolicibacterium_vulneris,1237,1238,1
Mycolicibacterium_vulneris,1398,1399,1
Mycolicibacterium_vulneris,1430,1436,6
Mycolicibacterium_vulneris,1438,1439,1
Mycolicibacterium_vulneris,1444,1446,2
Mycolicibacterium_vulneris,1448,1458,10
Mycolicibacterium_vulneris,1491,1492,1
Mycolicibacterium_vulneris,1515,1516,1
Mycolicibacterium_vulneris,1707,1708,1
Mycolicibacterium_vulneris,1748,1749,1
Mycolicibacterium_vulneris,1751,1752,1
Mycolicibacterium_vulneris,1756,1761,5
Mycolicibacterium_vulneris,1773,1775,2
Mycolicibacterium_vulneris,1776,1777,1
Mycolicibacterium_vulneris,1784,1785,1
Mycolicibacterium_vulneris,1789,1791,2
Mycolicibacterium_vulneris,1802,1803,1
Mycolicibacterium_vulneris,1918,1919,1
Mycolicibacterium_vulneris,1954,1955,1
Mycolicibacterium_vulneris,1993,1994,1
Mycolicibacterium_vulneris,2132,2133,1
Mycolicibacterium_vulneris,2136,2137,1
Mycolicibacterium_vulneris,2138,2139,1
Mycolicibacterium_vulneris,2143,2147,4
Mycolicibacterium_vulneris,2150,2152,2
Mycolicibacterium_vulneris,2162,2163,1
Mycolicibacterium_vulneris,2285,2294,9
Mycolicibacterium_vulneris,2296,2305,9
Mycolicibacterium_vulneris,2309,2315,6
Mycolicibacterium_vulneris,2316,2325,9
Mycolicibacterium_vulneris,2379,2380,1
Mycolicibacterium_vulneris,2663,2665,2
Mycolicibacterium_vulneris,2723,2850,127
Mycolicibacterium_vulneris,3376,3377,1
Mycolicibacterium_vulneris,3378,3379,1
Mycolicibacterium_vulneris,3433,3434,1
Mycobacterium_colombiense,1,3,2
Mycobacterium_colombiense,82,83,1
Mycobacterium_colombiense,186,187,1
Mycobacterium_colombiense,235,237,2
Mycobacterium_colombiense,238,240,2
Mycobacterium_colombiense,250,251,1
Mycobacterium_colombiense,277,278,1
Mycobacterium_colombiense,295,296,1
Mycobacterium_colombiense,359,360,1
Mycobacterium_colombiense,373,374,1
Mycobacterium_colombiense,401,402,1
Mycobacterium_colombiense,416,417,1
Mycobacterium_colombiense,451,452,1
Mycobacterium_colombiense,471,574,103
Mycobacterium_colombiense,753,755,2
Mycobacterium_colombiense,757,771,14
Mycobacterium_colombiense,789,790,1
Mycobacterium_colombiense,839,840,1
Mycobacterium_colombiense,890,902,12
Mycobacterium_colombiense,1010,1011,1
Mycobacterium_colombiense,1068,1069,1
Mycobacterium_colombiense,1168,1169,1
Mycobacterium_colombiense,1185,1186,1
Mycobacterium_colombiense,1187,1188,1
Mycobacterium_colombiense,1190,1192,2
Mycobacterium_colombiense,1211,1212,1
Mycobacterium_colombiense,1237,1238,1
Mycobacterium_colombiense,1398,1399,1
Mycobacterium_colombiense,1430,1436,6
Mycobacterium_colombiense,1438,1439,1
Mycobacterium_colombiense,1444,1446,2
Mycobacterium_colombiense,1448,1458,10
Mycobacterium_colombiense,1491,1492,1
Mycobacterium_colombiense,1515,1516,1
Mycobacterium_colombiense,1707,1708,1
Mycobacterium_colombiense,1748,1749,1
Mycobacterium_colombiense,1751,1752,1
Mycobacterium_colombiense,1756,1761,5
Mycobacterium_colombiense,1773,1775,2
Mycobacterium_colombiense,1776,1777,1
Mycobacterium_colombiense,1784,1785,1
Mycobacterium_colombiense,1789,1791,2
Mycobacterium_colombiense,1802,1803,1
Mycobacterium_colombiense,1918,1919,1
Mycobacterium_colombiense,1954,1955,1
Mycobacterium_colombiense,1993,1994,1
Mycobacterium_colombiense,2132,2133,1
Mycobacterium_colombiense,2136,2137,1
Mycobacterium_colombiense,2138,2139,1
Mycobacterium_colombiense,2143,2147,4
Mycobacterium_colombiense,2150,2152,2
Mycobacterium_colombiense,2162,2163,1
Mycobacterium_colombiense,2285,2294,9
Mycobacterium_colombiense,2296,2305,9
Mycobacterium_colombiense,2309,2315,6
Mycobacterium_colombiense,2316,2325,9
Mycobacterium_colombiense,2379,2380,1
Mycobacterium_colombiense,2663,2665,2
Mycobacterium_colombiense,2723,2850,127
Mycobacterium_colombiense,3376,3377,1
Mycobacterium_colombiense,3378,3379,1
Mycobacterium_colombiense,3433,3434,1
Mycobacterium_europaeum,1,3,2
Mycobacterium_europaeum,82,83,1
Mycobacterium_europaeum,186,187,1
Mycobacterium_europaeum,235,237,2
Mycobacterium_europaeum,238,240,2
Mycobacterium_europaeum,250,251,1
Mycobacterium_europaeum,277,278,1
Mycobacterium_europaeum,295,296,1
Mycobacterium_europaeum,359,360,1
Mycobacterium_europaeum,373,374,1
Mycobacterium_europaeum,401,402,1
Mycobacterium_europaeum,416,417,1
Mycobacterium_europaeum,451,452,1
Mycobacterium_europaeum,471,574,103
Mycobacterium_europaeum,753,755,2
Mycobacterium_europaeum,757,771,14
Mycobacterium_europaeum,789,790,1
Mycobacterium_europaeum,839,840,1
Mycobacterium_europaeum,890,902,12
Mycobacterium_europaeum,1010,1011,1
Mycobacterium_europaeum,1068,1069,1
Mycobacterium_europaeum,1168,1169,1
Mycobacterium_europaeum,1185,1186,1
Mycobacterium_europaeum,1187,1188,1
Mycobacterium_europaeum,1190,1192,2
Mycobacterium_europaeum,1211,1212,1
Mycobacterium_europaeum,1237,1238,1
Mycobacterium_europaeum,1398,1399,1
Mycobacterium_europaeum,1430,1459,29
Mycobacterium_europaeum,1491,1492,1
Mycobacterium_europaeum,1707,1708,1
Mycobacterium_europaeum,1748,1749,1
Mycobacterium_europaeum,1751,1752,1
Mycobacterium_europaeum,1756,1761,5
Mycobacterium_europaeum,1773,1775,2
Mycobacterium_europaeum,1776,1777,1
Mycobacterium_europaeum,1784,1785,1
Mycobacterium_europaeum,1787,1791,4
Mycobacterium_europaeum,1802,1803,1
Mycobacterium_europaeum,1918,1919,1
Mycobacterium_europaeum,1954,1955,1
Mycobacterium_europaeum,1993,1994,1
Mycobacterium_europaeum,2132,2133,1
Mycobacterium_europaeum,2136,2137,1
Mycobacterium_europaeum,2138,2139,1
Mycobacterium_europaeum,2143,2147,4
Mycobacterium_europaeum,2150,2152,2
Mycobacterium_europaeum,2162,2163,1
Mycobacterium_europaeum,2285,2294,9
Mycobacterium_europaeum,2296,2305,9
Mycobacterium_europaeum,2309,2315,6
Mycobacterium_europaeum,2316,2325,9
Mycobacterium_europaeum,2379,2380,1
Mycobacterium_europaeum,2663,2665,2
Mycobacterium_europaeum,2723,2850,127
Mycobacterium_europaeum,3376,3377,1
Mycobacterium_europaeum,3378,3379,1
Mycobacterium_europaeum,3433,3434,1
Mycobacterium_parmense,1,3,2
Mycobacterium_parmense,82,83,1
Mycobacterium_parmense,186,187,1
Mycobacterium_parmense,235,237,2
Mycobacterium_parmense,238,240,2
Mycobacterium_parmense,250,251,1
Mycobacterium_parmense,277,278,1
Mycobacterium_parmense,295,296,1
Mycobacterium_parmense,359,360,1
Mycobacterium_parmense,373,374,1
Mycobacterium_parmense,401,402,1
Mycobacterium_parmense,416,417,1
Mycobacterium_parmense,451,452,1
Mycobacterium_parmense,471,574,103
Mycobacterium_parmense,753,755,2
Mycobacterium_parmense,757,771,14
Mycobacterium_parmense,789,790,1
Mycobacterium_parmense,839,840,1
Mycobacterium_parmense,887,900,13
Mycobacterium_parmense,1010,1011,1
Mycobacterium_parmense,1068,1069,1
Mycobacterium_parmense,1168,1169,1
Mycobacterium_parmense,1185,1186,1
Mycobacterium_parmense,1187,1188,1
Mycobacterium_parmense,1190,1192,2
Mycobacterium_parmense,1211,1212,1
Mycobacterium_parmense,1237,1238,1
Mycobacterium_parmense,1398,1399,1
Mycobacterium_parmense,1430,1459,29
Mycobacterium_parmense,1491,1492,1
Mycobacterium_parmense,1515,1516,1
Mycobacterium_parmense,1707,1708,1
Mycobacterium_parmense,1748,1749,1
Mycobacterium_parmense,1751,1752,1
Mycobacterium_parmense,1756,1761,5
Mycobacterium_parmense,1766,1768,2
Mycobacterium_parmense,1773,1775,2
Mycobacterium_parmense,1776,1777,1
Mycobacterium_parmense,1784,1785,1
Mycobacterium_parmense,1789,1791,2
Mycobacterium_parmense,1802,1803,1
Mycobacterium_parmense,1915,1916,1
Mycobacterium_parmense,1918,1919,1
Mycobacterium_parmense,1954,1955,1
Mycobacterium_parmense,1993,1994,1
Mycobacterium_parmense,2132,2133,1
Mycobacterium_parmense,2136,2137,1
Mycobacterium_parmense,2138,2140,2
Mycobacterium_parmense,2143,2147,4
Mycobacterium_parmense,2150,2152,2
Mycobacterium_parmense,2162,2163,1
Mycobacterium_parmense,2285,2294,9
Mycobacterium_parmense,2296,2305,9
Mycobacterium_parmense,2309,2315,6
Mycobacterium_parmense,2316,2325,9
Mycobacterium_parmense,2379,2380,1
Mycobacterium_parmense,2664,2665,1
Mycobacterium_parmense,2723,2850,127
Mycobacterium_parmense,3376,3377,1
Mycobacterium_parmense,3378,3379,1
Mycobacterium_parmense,3433,3434,1
Mycobacterium_leprae,1,3,2
Mycobacterium_leprae,82,83,1
Mycobacterium_leprae,186,187,1
Mycobacterium_leprae,235,237,2
Mycobacterium_leprae,238,240,2
Mycobacterium_leprae,250,251,1
Mycobacterium_leprae,295,296,1
Mycobacterium_leprae,359,360,1
Mycobacterium_leprae,373,374,1
Mycobacterium_leprae,401,402,1
Mycobacterium_leprae,416,417,1
Mycobacterium_leprae,451,452,1
Mycobacterium_leprae,471,574,103
Mycobacterium_leprae,753,755,2
Mycobacterium_leprae,757,771,14
Mycobacterium_leprae,789,790,1
Mycobacterium_leprae,839,840,1
Mycobacterium_leprae,883,891,8
Mycobacterium_leprae,896,897,1
Mycobacterium_leprae,1010,1011,1
Mycobacterium_leprae,1068,1069,1
Mycobacterium_leprae,1168,1169,1
Mycobacterium_leprae,1185,1186,1
Mycobacterium_leprae,1190,1192,2
Mycobacterium_leprae,1211,1212,1
Mycobacterium_leprae,1237,1238,1
Mycobacterium_leprae,1398,1399,1
Mycobacterium_leprae,1430,1436,6
Mycobacterium_leprae,1438,1439,1
Mycobacterium_leprae,1445,1446,1
Mycobacterium_leprae,1448,1456,8
Mycobacterium_leprae,1457,1458,1
Mycobacterium_leprae,1491,1492,1
Mycobacterium_leprae,1515,1516,1
Mycobacterium_leprae,1707,1708,1
Mycobacterium_leprae,1748,1749,1
Mycobacterium_leprae,1756,1761,5
Mycobacterium_leprae,1774,1775,1
Mycobacterium_leprae,1776,1777,1
Mycobacterium_leprae,1784,1785,1
Mycobacterium_leprae,1789,1791,2
Mycobacterium_leprae,1802,1803,1
Mycobacterium_leprae,1918,1919,1
Mycobacterium_leprae,1954,1955,1
Mycobacterium_leprae,1993,1994,1
Mycobacterium_leprae,2132,2133,1
Mycobacterium_leprae,2136,2137,1
Mycobacterium_leprae,2138,2139,1
Mycobacterium_leprae,2143,2147,4
Mycobacterium_leprae,2150,2152,2
Mycobacterium_leprae,2162,2163,1
Mycobacterium_leprae,2285,2294,9
Mycobacterium_leprae,2296,2297,1
Mycobacterium_leprae,2299,2305,6
Mycobacterium_leprae,2309,2315,6
Mycobacterium_leprae,2316,2325,9
Mycobacterium_leprae,2379,2380,1
Mycobacterium_leprae,2664,2665,1
Mycobacterium_leprae,2723,2850,127
Mycobacterium_leprae,3376,3377,1
Mycobacterium_leprae,3378,3379,1
Mycobacterium_leprae,3433,3434,1
Mycobacterium_helveticum,1,3,2
Mycobacterium_helveticum,82,83,1
Mycobacterium_helveticum,186,187,1
Mycobacterium_helveticum,235,237,2
Mycobacterium_helveticum,238,240,2
Mycobacterium_helveticum,250,251,1
Mycobacterium_helveticum,277,278,1
Mycobacterium_helveticum,295,296,1
Mycobacterium_helveticum,359,360,1
Mycobacterium_helveticum,373,374,1
Mycobacterium_helveticum,401,402,1
Mycobacterium_helveticum,416,417,1
Mycobacterium_helveticum,451,452,1
Mycobacterium_helveticum,471,574,103
Mycobacterium_helveticum,753,755,2
Mycobacterium_helveticum,757,771,14
Mycobacterium_helveticum,789,790,1
Mycobacterium_helveticum,839,840,1
Mycobacterium_helveticum,882,907,25
Mycobacterium_helveticum,1010,1011,1
Mycobacterium_helveticum,1068,1069,1
Mycobacterium_helveticum,1168,1169,1
Mycobacterium_helveticum,1185,1186,1
Mycobacterium_helveticum,1187,1188,1
Mycobacterium_helveticum,1190,1192,2
Mycobacterium_helveticum,1211,1212,1
Mycobacterium_helveticum,1237,1238,1
Mycobacterium_helveticum,1398,1399,1
Mycobacterium_helveticum,1430,1459,29
Mycobacterium_helveticum,1491,1492,1
Mycobacterium_helveticum,1515,1516,1
Mycobacterium_helveticum,1707,1708,1
Mycobacterium_helveticum,1748,1749,1
Mycobacterium_helveticum,1751,1752,1
Mycobacterium_helveticum,1756,1761,5
Mycobacterium_helveticum,1773,1775,2
Mycobacterium_helveticum,1776,1777,1
Mycobacterium_helveticum,1784,1785,1
Mycobacterium_helveticum,1789,1791,2
Mycobacterium_helveticum,1802,1803,1
Mycobacterium_helveticum,1918,1919,1
Mycobacterium_helveticum,1954,1955,1
Mycobacterium_helveticum,1993,1994,1
Mycobacterium_helveticum,2132,2133,1
Mycobacterium_helveticum,2136,2137,1
Mycobacterium_helveticum,2138,2139,1
Mycobacterium_helveticum,2143,2147,4
Mycobacterium_helveticum,2150,2152,2
Mycobacterium_helveticum,2162,2163,1
Mycobacterium_helveticum,2285,2294,9
Mycobacterium_helveticum,2296,2305,9
Mycobacterium_helveticum,2309,2315,6
Mycobacterium_helveticum,2316,2325,9
Mycobacterium_helveticum,2379,2380,1
Mycobacterium_helveticum,2664,2665,1
Mycobacterium_helveticum,2723,2850,127
Mycobacterium_helveticum,3376,3377,1
Mycobacterium_helveticum,3378,3379,1
Mycobacterium_helveticum,3433,3434,1
Mycobacterium_parascrofulaceum,1,3,2
Mycobacterium_parascrofulaceum,82,83,1
Mycobacterium_parascrofulaceum,186,187,1
Mycobacterium_parascrofulaceum,235,237,2
Mycobacterium_parascrofulaceum,238,240,2
Mycobacterium_parascrofulaceum,250,251,1
Mycobacterium_parascrofulaceum,277,278,1
Mycobacterium_parascrofulaceum,295,296,1
Mycobacterium_parascrofulaceum,359,360,1
Mycobacterium_parascrofulaceum,373,374,1
Mycobacterium_parascrofulaceum,401,402,1
Mycobacterium_parascrofulaceum,416,417,1
Mycobacterium_parascrofulaceum,451,452,1
Mycobacterium_parascrofulaceum,471,574,103
Mycobacterium_parascrofulaceum,753,755,2
Mycobacterium_parascrofulaceum,757,771,14
Mycobacterium_parascrofulaceum,789,790,1
Mycobacterium_parascrofulaceum,839,840,1
Mycobacterium_parascrofulaceum,890,902,12
Mycobacterium_parascrofulaceum,1010,1011,1
Mycobacterium_parascrofulaceum,1068,1069,1
Mycobacterium_parascrofulaceum,1168,1169,1
Mycobacterium_parascrofulaceum,1185,1186,1
Mycobacterium_parascrofulaceum,1187,1188,1
Mycobacterium_parascrofulaceum,1190,1192,2
Mycobacterium_parascrofulaceum,1211,1212,1
Mycobacterium_parascrofulaceum,1237,1238,1
Mycobacterium_parascrofulaceum,1398,1399,1
Mycobacterium_parascrofulaceum,1430,1459,29
Mycobacterium_parascrofulaceum,1491,1492,1
Mycobacterium_parascrofulaceum,1515,1516,1
Mycobacterium_parascrofulaceum,1707,1708,1
Mycobacterium_parascrofulaceum,1748,1749,1
Mycobacterium_parascrofulaceum,1751,1752,1
Mycobacterium_parascrofulaceum,1756,1761,5
Mycobacterium_parascrofulaceum,1773,1775,2
Mycobacterium_parascrofulaceum,1776,1777,1
Mycobacterium_parascrofulaceum,1784,1785,1
Mycobacterium_parascrofulaceum,1789,1791,2
Mycobacterium_parascrofulaceum,1802,1803,1
Mycobacterium_parascrofulaceum,1918,1919,1
Mycobacterium_parascrofulaceum,1954,1955,1
Mycobacterium_parascrofulaceum,1993,1994,1
Mycobacterium_parascrofulaceum,2132,2133,1
Mycobacterium_parascrofulaceum,2136,2137,1
Mycobacterium_parascrofulaceum,2138,2139,1
Mycobacterium_parascrofulaceum,2143,2147,4
Mycobacterium_parascrofulaceum,2150,2152,2
Mycobacterium_parascrofulaceum,2162,2163,1
Mycobacterium_parascrofulaceum,2285,2294,9
Mycobacterium_parascrofulaceum,2296,2305,9
Mycobacterium_parascrofulaceum,2309,2315,6
Mycobacterium_parascrofulaceum,2316,2325,9
Mycobacterium_parascrofulaceum,2379,2380,1
Mycobacterium_parascrofulaceum,2663,2665,2
Mycobacterium_parascrofulaceum,2723,2850,127
Mycobacterium_parascrofulaceum,3376,3377,1
Mycobacterium_parascrofulaceum,3378,3379,1
Mycobacterium_parascrofulaceum,3433,3434,1
Mycobacterium_intermedium,1,3,2
Mycobacterium_intermedium,82,83,1
Mycobacterium_intermedium,186,187,1
Mycobacterium_intermedium,235,237,2
Mycobacterium_intermedium,238,240,2
Mycobacterium_intermedium,250,251,1
Mycobacterium_intermedium,295,296,1
Mycobacterium_intermedium,359,360,1
Mycobacterium_intermedium,373,374,1
Mycobacterium_intermedium,401,402,1
Mycobacterium_intermedium,416,417,1
Mycobacterium_intermedium,451,452,1
Mycobacterium_intermedium,471,574,103
Mycobacterium_intermedium,753,755,2
Mycobacterium_intermedium,757,771,14
Mycobacterium_intermedium,789,790,1
Mycobacterium_intermedium,839,840,1
Mycobacterium_intermedium,884,891,7
Mycobacterium_intermedium,896,900,4
Mycobacterium_intermedium,1010,1011,1
Mycobacterium_intermedium,1068,1069,1
Mycobacterium_intermedium,1168,1169,1
Mycobacterium_intermedium,1185,1186,1
Mycobacterium_intermedium,1187,1188,1
Mycobacterium_intermedium,1190,1192,2
Mycobacterium_intermedium,1211,1212,1
Mycobacterium_intermedium,1237,1238,1
Mycobacterium_intermedium,1398,1399,1
Mycobacterium_intermedium,1430,1436,6
Mycobacterium_intermedium,1438,1439,1
Mycobacterium_intermedium,1445,1459,14
Mycobacterium_intermedium,1491,1492,1
Mycobacterium_intermedium,1515,1516,1
Mycobacterium_intermedium,1707,1708,1
Mycobacterium_intermedium,1748,1749,1
Mycobacterium_intermedium,1751,1752,1
Mycobacterium_intermedium,1756,1761,5
Mycobacterium_intermedium,1766,1768,2
Mycobacterium_intermedium,1773,1775,2
Mycobacterium_intermedium,1776,1777,1
Mycobacterium_intermedium,1784,1785,1
Mycobacterium_intermedium,1789,1791,2
Mycobacterium_intermedium,1802,1803,1
Mycobacterium_intermedium,1918,1919,1
Mycobacterium_intermedium,1954,1955,1
Mycobacterium_intermedium,1993,1994,1
Mycobacterium_intermedium,2132,2133,1
Mycobacterium_intermedium,2136,2137,1
Mycobacterium_intermedium,2138,2139,1
Mycobacterium_intermedium,2143,2147,4
Mycobacterium_intermedium,2150,2152,2
Mycobacterium_intermedium,2162,2163,1
Mycobacterium_intermedium,2285,2294,9
Mycobacterium_intermedium,2296,2297,1
Mycobacterium_intermedium,2299,2305,6
Mycobacterium_intermedium,2309,2315,6
Mycobacterium_intermedium,2316,2325,9
Mycobacterium_intermedium,2379,2380,1
Mycobacterium_intermedium,2664,2665,1
Mycobacterium_intermedium,2723,2850,127
Mycobacterium_intermedium,3376,3377,1
Mycobacterium_intermedium,3378,3379,1
Mycobacterium_intermedium,3433,3434,1
Mycobacterium_asiaticum,1,3,2
Mycobacterium_asiaticum,82,83,1
Mycobacterium_asiaticum,186,187,1
Mycobacterium_asiaticum,235,237,2
Mycobacterium_asiaticum,238,240,2
Mycobacterium_asiaticum,250,251,1
Mycobacterium_asiaticum,295,296,1
Mycobacterium_asiaticum,340,341,1
Mycobacterium_asiaticum,359,360,1
Mycobacterium_asiaticum,373,374,1
Mycobacterium_asiaticum,401,402,1
Mycobacterium_asiaticum,416,417,1
Mycobacterium_asiaticum,451,452,1
Mycobacterium_asiaticum,465,466,1
Mycobacterium_asiaticum,472,574,102
Mycobacterium_asiaticum,753,755,2
Mycobacterium_asiaticum,757,771,14
Mycobacterium_asiaticum,789,790,1
Mycobacterium_asiaticum,839,840,1
Mycobacterium_asiaticum,884,891,7
Mycobacterium_asiaticum,896,900,4
Mycobacterium_asiaticum,1010,1011,1
Mycobacterium_asiaticum,1068,1069,1
Mycobacterium_asiaticum,1168,1169,1
Mycobacterium_asiaticum,1185,1186,1
Mycobacterium_asiaticum,1187,1188,1
Mycobacterium_asiaticum,1190,1192,2
Mycobacterium_asiaticum,1211,1212,1
Mycobacterium_asiaticum,1237,1238,1
Mycobacterium_asiaticum,1398,1399,1
Mycobacterium_asiaticum,1430,1436,6
Mycobacterium_asiaticum,1438,1439,1
Mycobacterium_asiaticum,1445,1459,14
Mycobacterium_asiaticum,1491,1492,1
Mycobacterium_asiaticum,1515,1516,1
Mycobacterium_asiaticum,1707,1708,1
Mycobacterium_asiaticum,1748,1749,1
Mycobacterium_asiaticum,1751,1752,1
Mycobacterium_asiaticum,1756,1761,5
Mycobacterium_asiaticum,1766,1768,2
Mycobacterium_asiaticum,1773,1775,2
Mycobacterium_asiaticum,1776,1777,1
Mycobacterium_asiaticum,1784,1785,1
Mycobacterium_asiaticum,1789,1791,2
Mycobacterium_asiaticum,1802,1803,1
Mycobacterium_asiaticum,1918,1919,1
Mycobacterium_asiaticum,1954,1955,1
Mycobacterium_asiaticum,1993,1994,1
Mycobacterium_asiaticum,2132,2133,1
Mycobacterium_asiaticum,2136,2137,1
Mycobacterium_asiaticum,2138,2139,1
Mycobacterium_asiaticum,2143,2147,4
Mycobacterium_asiaticum,2150,2152,2
Mycobacterium_asiaticum,2162,2163,1
Mycobacterium_asiaticum,2285,2294,9
Mycobacterium_asiaticum,2296,2297,1
Mycobacterium_asiaticum,2299,2305,6
Mycobacterium_asiaticum,2309,2315,6
Mycobacterium_asiaticum,2316,2325,9
Mycobacterium_asiaticum,2379,2380,1
Mycobacterium_asiaticum,2664,2665,1
Mycobacterium_asiaticum,2723,2850,127
Mycobacterium_asiaticum,3376,3377,1
Mycobacterium_asiaticum,3378,3379,1
Mycobacterium_asiaticum,3433,3434,1
Mycobacterium_gordonae,1,3,2
Mycobacterium_gordonae,82,83,1
Mycobacterium_gordonae,186,187,1
Mycobacterium_gordonae,235,237,2
Mycobacterium_gordonae,238,240,2
Mycobacterium_gordonae,250,251,1
Mycobacterium_gordonae,277,278,1
Mycobacterium_gordonae,295,296,1
Mycobacterium_gordonae,340,341,1
Mycobacterium_gordonae,359,360,1
Mycobacterium_gordonae,373,374,1
Mycobacterium_gordonae,401,402,1
Mycobacterium_gordonae,416,417,1
Mycobacterium_gordonae,451,452,1
Mycobacterium_gordonae,465,466,1
Mycobacterium_gordonae,472,574,102
Mycobacterium_gordonae,753,755,2
Mycobacterium_gordonae,757,771,14
Mycobacterium_gordonae,789,790,1
Mycobacterium_gordonae,839,840,1
Mycobacterium_gordonae,884,891,7
Mycobacterium_gordonae,896,900,4
Mycobacterium_gordonae,1010,1011,1
Mycobacterium_gordonae,1068,1069,1
Mycobacterium_gordonae,1168,1169,1
Mycobacterium_gordonae,1185,1186,1
Mycobacterium_gordonae,1187,1188,1
Mycobacterium_gordonae,1190,1192,2
Mycobacterium_gordonae,1211,1212,1
Mycobacterium_gordonae,1237,1238,1
Mycobacterium_gordonae,1398,1399,1
Mycobacterium_gordonae,1430,1436,6
Mycobacterium_gordonae,1438,1439,1
Mycobacterium_gordonae,1445,1459,14
Mycobacterium_gordonae,1491,1492,1
Mycobacterium_gordonae,1515,1516,1
Mycobacterium_gordonae,1707,1708,1
Mycobacterium_gordonae,1748,1749,1
Mycobacterium_gordonae,1751,1752,1
Mycobacterium_gordonae,1756,1761,5
Mycobacterium_gordonae,1766,1768,2
Mycobacterium_gordonae,1773,1775,2
Mycobacterium_gordonae,1776,1777,1
Mycobacterium_gordonae,1784,1785,1
Mycobacterium_gordonae,1789,1791,2
Mycobacterium_gordonae,1802,1803,1
Mycobacterium_gordonae,1918,1919,1
Mycobacterium_gordonae,1954,1955,1
Mycobacterium_gordonae,1993,1994,1
Mycobacterium_gordonae,2132,2133,1
Mycobacterium_gordonae,2136,2137,1
Mycobacterium_gordonae,2138,2139,1
Mycobacterium_gordonae,2143,2147,4
Mycobacterium_gordonae,2150,2152,2
Mycobacterium_gordonae,2162,2163,1
Mycobacterium_gordonae,2285,2294,9
Mycobacterium_gordonae,2296,2297,1
Mycobacterium_gordonae,2299,2305,6
Mycobacterium_gordonae,2309,2315,6
Mycobacterium_gordonae,2316,2325,9
Mycobacterium_gordonae,2379,2380,1
Mycobacterium_gordonae,2664,2665,1
Mycobacterium_gordonae,2723,2850,127
Mycobacterium_gordonae,3376,3377,1
Mycobacterium_gordonae,3378,3379,1
Mycobacterium_gordonae,3433,3434,1
Mycobacterium_scrofulaceum,1,3,2
Mycobacterium_scrofulaceum,82,83,1
Mycobacterium_scrofulaceum,186,187,1
Mycobacterium_scrofulaceum,235,237,2
Mycobacterium_scrofulaceum,238,240,2
Mycobacterium_scrofulaceum,250,251,1
Mycobacterium_scrofulaceum,277,278,1
Mycobacterium_scrofulaceum,295,296,1
Mycobacterium_scrofulaceum,359,360,1
Mycobacterium_scrofulaceum,373,374,1
Mycobacterium_scrofulaceum,401,402,1
Mycobacterium_scrofulaceum,416,417,1
Mycobacterium_scrofulaceum,451,452,1
Mycobacterium_scrofulaceum,471,574,103
Mycobacterium_scrofulaceum,753,755,2
Mycobacterium_scrofulaceum,757,771,14
Mycobacterium_scrofulaceum,789,790,1
Mycobacterium_scrofulaceum,839,840,1
Mycobacterium_scrofulaceum,890,902,12
Mycobacterium_scrofulaceum,1010,1011,1
Mycobacterium_scrofulaceum,1068,1069,1
Mycobacterium_scrofulaceum,1168,1169,1
Mycobacterium_scrofulaceum,1185,1186,1
Mycobacterium_scrofulaceum,1187,1188,1
Mycobacterium_scrofulaceum,1190,1192,2
Mycobacterium_scrofulaceum,1211,1212,1
Mycobacterium_scrofulaceum,1237,1238,1
Mycobacterium_scrofulaceum,1398,1399,1
Mycobacterium_scrofulaceum,1430,1459,29
Mycobacterium_scrofulaceum,1491,1492,1
Mycobacterium_scrofulaceum,1515,1516,1
Mycobacterium_scrofulaceum,1707,1708,1
Mycobacterium_scrofulaceum,1748,1749,1
Mycobacterium_scrofulaceum,1751,1752,1
Mycobacterium_scrofulaceum,1756,1761,5
Mycobacterium_scrofulaceum,1773,1775,2
Mycobacterium_scrofulaceum,1776,1777,1
Mycobacterium_scrofulaceum,1784,1785,1
Mycobacterium_scrofulaceum,1789,1791,2
Mycobacterium_scrofulaceum,1802,1803,1
Mycobacterium_scrofulaceum,1918,1919,1
Mycobacterium_scrofulaceum,1954,1955,1
Mycobacterium_scrofulaceum,1993,1994,1
Mycobacterium_scrofulaceum,2132,2133,1
Mycobacterium_scrofulaceum,2136,2137,1
Mycobacterium_scrofulaceum,2138,2139,1
Mycobacterium_scrofulaceum,2143,2147,4
Mycobacterium_scrofulaceum,2150,2152,2
Mycobacterium_scrofulaceum,2162,2163,1
Mycobacterium_scrofulaceum,2285,2294,9
Mycobacterium_scrofulaceum,2296,2305,9
Mycobacterium_scrofulaceum,2309,2315,6
Mycobacterium_scrofulaceum,2316,2325,9
Mycobacterium_scrofulaceum,2379,2380,1
Mycobacterium_scrofulaceum,2663,2665,2
Mycobacterium_scrofulaceum,2723,2850,127
Mycobacterium_scrofulaceum,3376,3377,1
Mycobacterium_scrofulaceum,3378,3379,1
Mycobacterium_scrofulaceum,3433,3434,1
Mycobacterium_paragordonae,1,3,2
Mycobacterium_paragordonae,82,83,1
Mycobacterium_paragordonae,186,187,1
Mycobacterium_paragordonae,235,237,2
Mycobacterium_paragordonae,238,240,2
Mycobacterium_paragordonae,250,251,1
Mycobacterium_paragordonae,277,278,1
Mycobacterium_paragordonae,295,296,1
Mycobacterium_paragordonae,340,341,1
Mycobacterium_paragordonae,359,360,1
Mycobacterium_paragordonae,373,374,1
Mycobacterium_paragordonae,401,402,1
Mycobacterium_paragordonae,416,417,1
Mycobacterium_paragordonae,451,452,1
Mycobacterium_paragordonae,465,466,1
Mycobacterium_paragordonae,472,574,102
Mycobacterium_paragordonae,753,755,2
Mycobacterium_paragordonae,757,771,14
Mycobacterium_paragordonae,789,790,1
Mycobacterium_paragordonae,839,840,1
Mycobacterium_paragordonae,884,891,7
Mycobacterium_paragordonae,896,900,4
Mycobacterium_paragordonae,1010,1011,1
Mycobacterium_paragordonae,1068,1069,1
Mycobacterium_paragordonae,1168,1169,1
Mycobacterium_paragordonae,1185,1186,1
Mycobacterium_paragordonae,1187,1188,1
Mycobacterium_paragordonae,1190,1192,2
Mycobacterium_paragordonae,1211,1212,1
Mycobacterium_paragordonae,1237,1238,1
Mycobacterium_paragordonae,1398,1399,1
Mycobacterium_paragordonae,1430,1436,6
Mycobacterium_paragordonae,1438,1439,1
Mycobacterium_paragordonae,1445,1459,14
Mycobacterium_paragordonae,1491,1492,1
Mycobacterium_paragordonae,1515,1516,1
Mycobacterium_paragordonae,1707,1708,1
Mycobacterium_paragordonae,1748,1749,1
Mycobacterium_paragordonae,1751,1752,1
Mycobacterium_paragordonae,1756,1761,5
Mycobacterium_paragordonae,1766,1768,2
Mycobacterium_paragordonae,1773,1775,2
Mycobacterium_paragordonae,1776,1777,1
Mycobacterium_paragordonae,1784,1785,1
Mycobacterium_paragordonae,1789,1791,2
Mycobacterium_paragordonae,1802,1803,1
Mycobacterium_paragordonae,1918,1919,1
Mycobacterium_paragordonae,1954,1955,1
Mycobacterium_paragordonae,1993,1994,1
Mycobacterium_paragordonae,2132,2133,1
Mycobacterium_paragordonae,2136,2137,1
Mycobacterium_paragordonae,2138,2139,1
Mycobacterium_paragordonae,2143,2147,4
Mycobacterium_paragordonae,2150,2152,2
Mycobacterium_paragordonae,2162,2163,1
Mycobacterium_paragordonae,2285,2294,9
Mycobacterium_paragordonae,2296,2297,1
Mycobacterium_paragordonae,2299,2305,6
Mycobacterium_paragordonae,2309,2315,6
Mycobacterium_paragordonae,2316,2325,9
Mycobacterium_paragordonae,2379,2380,1
Mycobacterium_paragordonae,2664,2665,1
Mycobacterium_paragordonae,2723,2850,127
Mycobacterium_paragordonae,3376,3377,1
Mycobacterium_paragordonae,3378,3379,1
Mycobacterium_paragordonae,3433,3434,1
Mycobacterium_lepromatosis,1,3,2
Mycobacterium_lepromatosis,82,83,1
Mycobacterium_lepromatosis,186,187,1
Mycobacterium_lepromatosis,235,237,2
Mycobacterium_lepromatosis,238,240,2
Mycobacterium_lepromatosis,250,251,1
Mycobacterium_lepromatosis,295,296,1
Mycobacterium_lepromatosis,359,360,1
Mycobacterium_lepromatosis,373,374,1
Mycobacterium_lepromatosis,401,402,1
Mycobacterium_lepromatosis,416,417,1
Mycobacterium_lepromatosis,451,452,1
Mycobacterium_lepromatosis,471,574,103
Mycobacterium_lepromatosis,753,755,2
Mycobacterium_lepromatosis,757,771,14
Mycobacterium_lepromatosis,789,790,1
Mycobacterium_lepromatosis,839,840,1
Mycobacterium_lepromatosis,883,891,8
Mycobacterium_lepromatosis,896,897,1
Mycobacterium_lepromatosis,1010,1011,1
Mycobacterium_lepromatosis,1068,1069,1
Mycobacterium_lepromatosis,1168,1169,1
Mycobacterium_lepromatosis,1185,1186,1
Mycobacterium_lepromatosis,1187,1188,1
Mycobacterium_lepromatosis,1190,1192,2
Mycobacterium_lepromatosis,1211,1212,1
Mycobacterium_lepromatosis,1237,1238,1
Mycobacterium_lepromatosis,1398,1399,1
Mycobacterium_lepromatosis,1430,1436,6
Mycobacterium_lepromatosis,1438,1439,1
Mycobacterium_lepromatosis,1445,1446,1
Mycobacterium_lepromatosis,1448,1455,7
Mycobacterium_lepromatosis,1457,1458,1
Mycobacterium_lepromatosis,1491,1492,1
Mycobacterium_lepromatosis,1515,1516,1
Mycobacterium_lepromatosis,1707,1708,1
Mycobacterium_lepromatosis,1748,1749,1
Mycobacterium_lepromatosis,1756,1761,5
Mycobacterium_lepromatosis,1774,1775,1
Mycobacterium_lepromatosis,1776,1777,1
Mycobacterium_lepromatosis,1784,1785,1
Mycobacterium_lepromatosis,1789,1791,2
Mycobacterium_lepromatosis,1802,1803,1
Mycobacterium_lepromatosis,1918,1919,1
Mycobacterium_lepromatosis,1954,1955,1
Mycobacterium_lepromatosis,1993,1994,1
Mycobacterium_lepromatosis,2132,2133,1
Mycobacterium_lepromatosis,2136,2137,1
Mycobacterium_lepromatosis,2138,2139,1
Mycobacterium_lepromatosis,2143,2147,4
Mycobacterium_lepromatosis,2150,2152,2
Mycobacterium_lepromatosis,2162,2163,1
Mycobacterium_lepromatosis,2285,2294,9
Mycobacterium_lepromatosis,2296,2297,1
Mycobacterium_lepromatosis,2299,2305,6
Mycobacterium_lepromatosis,2309,2315,6
Mycobacterium_lepromatosis,2316,2325,9
Mycobacterium_lepromatosis,2379,2380,1
Mycobacterium_lepromatosis,2664,2665,1
Mycobacterium_lepromatosis,2723,2850,127
Mycobacterium_lepromatosis,3376,3377,1
Mycobacterium_lepromatosis,3378,3379,1
Mycobacterium_lepromatosis,3433,3434,1
Mycobacterium_saskatchewanense,1,3,2
Mycobacterium_saskatchewanense,82,83,1
Mycobacterium_saskatchewanense,186,187,1
Mycobacterium_saskatchewanense,235,237,2
Mycobacterium_saskatchewanense,238,240,2
Mycobacterium_saskatchewanense,250,251,1
Mycobacterium_saskatchewanense,277,278,1
Mycobacterium_saskatchewanense,295,296,1
Mycobacterium_saskatchewanense,359,360,1
Mycobacterium_saskatchewanense,373,374,1
Mycobacterium_saskatchewanense,401,402,1
Mycobacterium_saskatchewanense,416,417,1
Mycobacterium_saskatchewanense,451,452,1
Mycobacterium_saskatchewanense,471,574,103
Mycobacterium_saskatchewanense,753,755,2
Mycobacterium_saskatchewanense,757,771,14
Mycobacterium_saskatchewanense,789,790,1
Mycobacterium_saskatchewanense,839,840,1
Mycobacterium_saskatchewanense,890,902,12
Mycobacterium_saskatchewanense,1010,1011,1
Mycobacterium_saskatchewanense,1068,1069,1
Mycobacterium_saskatchewanense,1168,1169,1
Mycobacterium_saskatchewanense,1185,1186,1
Mycobacterium_saskatchewanense,1187,1188,1
Mycobacterium_saskatchewanense,1190,1192,2
Mycobacterium_saskatchewanense,1211,1212,1
Mycobacterium_saskatchewanense,1237,1238,1
Mycobacterium_saskatchewanense,1398,1399,1
Mycobacterium_saskatchewanense,1430,1459,29
Mycobacterium_saskatchewanense,1491,1492,1
Mycobacterium_saskatchewanense,1515,1516,1
Mycobacterium_saskatchewanense,1707,1708,1
Mycobacterium_saskatchewanense,1748,1749,1
Mycobacterium_saskatchewanense,1751,1752,1
Mycobacterium_saskatchewanense,1756,1761,5
Mycobacterium_saskatchewanense,1773,1775,2
Mycobacterium_saskatchewanense,1776,1777,1
Mycobacterium_saskatchewanense,1784,1785,1
Mycobacterium_saskatchewanense,1789,1791,2
Mycobacterium_saskatchewanense,1802,1803,1
Mycobacterium_saskatchewanense,1915,1916,1
Mycobacterium_saskatchewanense,1918,1919,1
Mycobacterium_saskatchewanense,1954,1955,1
Mycobacterium_saskatchewanense,1993,1994,1
Mycobacterium_saskatchewanense,2132,2133,1
Mycobacterium_saskatchewanense,2136,2137,1
Mycobacterium_saskatchewanense,2138,2140,2
Mycobacterium_saskatchewanense,2143,2147,4
Mycobacterium_saskatchewanense,2150,2152,2
Mycobacterium_saskatchewanense,2162,2163,1
Mycobacterium_saskatchewanense,2285,2294,9
Mycobacterium_saskatchewanense,2296,2305,9
Mycobacterium_saskatchewanense,2309,2315,6
Mycobacterium_saskatchewanense,2316,2325,9
Mycobacterium_saskatchewanense,2379,2380,1
Mycobacterium_saskatchewanense,2663,2665,2
Mycobacterium_saskatchewanense,2723,2850,127
Mycobacterium_saskatchewanense,3376,3377,1
Mycobacterium_saskatchewanense,3378,3379,1
Mycobacterium_saskatchewanense,3433,3434,1
Mycobacterium_angelicum,82,83,1
Mycobacterium_angelicum,186,187,1
Mycobacterium_angelicum,235,237,2
Mycobacterium_angelicum,238,240,2
Mycobacterium_angelicum,250,251,1
Mycobacterium_angelicum,295,296,1
Mycobacterium_angelicum,336,337,1
Mycobacterium_angelicum,359,360,1
Mycobacterium_angelicum,373,374,1
Mycobacterium_angelicum,401,402,1
Mycobacterium_angelicum,416,417,1
Mycobacterium_angelicum,451,452,1
Mycobacterium_angelicum,471,574,103
Mycobacterium_angelicum,753,755,2
Mycobacterium_angelicum,757,771,14
Mycobacterium_angelicum,789,790,1
Mycobacterium_angelicum,839,840,1
Mycobacterium_angelicum,884,891,7
Mycobacterium_angelicum,896,900,4
Mycobacterium_angelicum,1010,1011,1
Mycobacterium_angelicum,1068,1069,1
Mycobacterium_angelicum,1168,1169,1
Mycobacterium_angelicum,1185,1186,1
Mycobacterium_angelicum,1187,1188,1
Mycobacterium_angelicum,1190,1192,2
Mycobacterium_angelicum,1211,1212,1
Mycobacterium_angelicum,1237,1238,1
Mycobacterium_angelicum,1398,1399,1
Mycobacterium_angelicum,1430,1459,29
Mycobacterium_angelicum,1491,1492,1
Mycobacterium_angelicum,1515,1516,1
Mycobacterium_angelicum,1707,1708,1
Mycobacterium_angelicum,1748,1749,1
Mycobacterium_angelicum,1751,1752,1
Mycobacterium_angelicum,1756,1761,5
Mycobacterium_angelicum,1766,1768,2
Mycobacterium_angelicum,1773,1775,2
Mycobacterium_angelicum,1776,1777,1
Mycobacterium_angelicum,1784,1785,1
Mycobacterium_angelicum,1789,1791,2
Mycobacterium_angelicum,1802,1803,1
Mycobacterium_angelicum,1918,1919,1
Mycobacterium_angelicum,1954,1955,1
Mycobacterium_angelicum,1993,1994,1
Mycobacterium_angelicum,2132,2133,1
Mycobacterium_angelicum,2136,2137,1
Mycobacterium_angelicum,2138,2139,1
Mycobacterium_angelicum,2143,2147,4
Mycobacterium_angelicum,2150,2152,2
Mycobacterium_angelicum,2162,2163,1
Mycobacterium_angelicum,2285,2294,9
Mycobacterium_angelicum,2296,2297,1
Mycobacterium_angelicum,2299,2305,6
Mycobacterium_angelicum,2309,2315,6
Mycobacterium_angelicum,2316,2325,9
Mycobacterium_angelicum,2379,2380,1
Mycobacterium_angelicum,2664,2665,1
Mycobacterium_angelicum,2723,2850,127
Mycobacterium_angelicum,3376,3377,1
Mycobacterium_angelicum,3378,3379,1
Mycobacterium_angelicum,3433,3434,1
Mycobacterium_conspicuum,1,3,2
Mycobacterium_conspicuum,82,83,1
Mycobacterium_conspicuum,186,187,1
Mycobacterium_conspicuum,235,237,2
Mycobacterium_conspicuum,238,240,2
Mycobacterium_conspicuum,250,251,1
Mycobacterium_conspicuum,277,278,1
Mycobacterium_conspicuum,295,296,1
Mycobacterium_conspicuum,336,337,1
Mycobacterium_conspicuum,359,360,1
Mycobacterium_conspicuum,373,374,1
Mycobacterium_conspicuum,401,402,1
Mycobacterium_conspicuum,416,417,1
Mycobacterium_conspicuum,451,452,1
Mycobacterium_conspicuum,471,574,103
Mycobacterium_conspicuum,753,755,2
Mycobacterium_conspicuum,757,771,14
Mycobacterium_conspicuum,789,790,1
Mycobacterium_conspicuum,839,840,1
Mycobacterium_conspicuum,883,908,25
Mycobacterium_conspicuum,1010,1011,1
Mycobacterium_conspicuum,1068,1069,1
Mycobacterium_conspicuum,1168,1169,1
Mycobacterium_conspicuum,1185,1186,1
Mycobacterium_conspicuum,1187,1188,1
Mycobacterium_conspicuum,1190,1192,2
Mycobacterium_conspicuum,1211,1212,1
Mycobacterium_conspicuum,1237,1238,1
Mycobacterium_conspicuum,1398,1399,1
Mycobacterium_conspicuum,1430,1459,29
Mycobacterium_conspicuum,1491,1492,1
Mycobacterium_conspicuum,1515,1516,1
Mycobacterium_conspicuum,1707,1708,1
Mycobacterium_conspicuum,1748,1749,1
Mycobacterium_conspicuum,1751,1752,1
Mycobacterium_conspicuum,1756,1761,5
Mycobacterium_conspicuum,1772,1777,5
Mycobacterium_conspicuum,1784,1785,1
Mycobacterium_conspicuum,1789,1791,2
Mycobacterium_conspicuum,1802,1803,1
Mycobacterium_conspicuum,1918,1920,2
Mycobacterium_conspicuum,1954,1955,1
Mycobacterium_conspicuum,1993,1994,1
Mycobacterium_conspicuum,2132,2133,1
Mycobacterium_conspicuum,2136,2137,1
Mycobacterium_conspicuum,2138,2139,1
Mycobacterium_conspicuum,2143,2147,4
Mycobacterium_conspicuum,2150,2152,2
Mycobacterium_conspicuum,2162,2163,1
Mycobacterium_conspicuum,2285,2294,9
Mycobacterium_conspicuum,2296,2297,1
Mycobacterium_conspicuum,2299,2305,6
Mycobacterium_conspicuum,2309,2315,6
Mycobacterium_conspicuum,2316,2325,9
Mycobacterium_conspicuum,2379,2380,1
Mycobacterium_conspicuum,2664,2665,1
Mycobacterium_conspicuum,2723,2850,127
Mycobacterium_conspicuum,3376,3377,1
Mycobacterium_conspicuum,3378,3379,1
Mycobacterium_conspicuum,3433,3434,1
Mycobacterium_szulgai,1,3,2
Mycobacterium_szulgai,82,83,1
Mycobacterium_szulgai,186,187,1
Mycobacterium_szulgai,235,237,2
Mycobacterium_szulgai,238,240,2
Mycobacterium_szulgai,250,251,1
Mycobacterium_szulgai,295,296,1
Mycobacterium_szulgai,336,337,1
Mycobacterium_szulgai,359,360,1
Mycobacterium_szulgai,373,374,1
Mycobacterium_szulgai,401,402,1
Mycobacterium_szulgai,416,417,1
Mycobacterium_szulgai,451,452,1
Mycobacterium_szulgai,471,574,103
Mycobacterium_szulgai,753,755,2
Mycobacterium_szulgai,757,771,14
Mycobacterium_szulgai,789,790,1
Mycobacterium_szulgai,839,840,1
Mycobacterium_szulgai,884,891,7
Mycobacterium_szulgai,896,900,4
Mycobacterium_szulgai,1010,1011,1
Mycobacterium_szulgai,1068,1069,1
Mycobacterium_szulgai,1168,1169,1
Mycobacterium_szulgai,1185,1186,1
Mycobacterium_szulgai,1187,1188,1
Mycobacterium_szulgai,1190,1192,2
Mycobacterium_szulgai,1211,1212,1
Mycobacterium_szulgai,1237,1238,1
Mycobacterium_szulgai,1398,1399,1
Mycobacterium_szulgai,1430,1459,29
Mycobacterium_szulgai,1491,1492,1
Mycobacterium_szulgai,1515,1516,1
Mycobacterium_szulgai,1707,1708,1
Mycobacterium_szulgai,1748,1749,1
Mycobacterium_szulgai,1751,1752,1
Mycobacterium_szulgai,1756,1761,5
Mycobacterium_szulgai,1766,1768,2
Mycobacterium_szulgai,1773,1775,2
Mycobacterium_szulgai,1776,1777,1
Mycobacterium_szulgai,1784,1785,1
Mycobacterium_szulgai,1789,1791,2
Mycobacterium_szulgai,1802,1803,1
Mycobacterium_szulgai,1918,1919,1
Mycobacterium_szulgai,1954,1955,1
Mycobacterium_szulgai,1993,1994,1
Mycobacterium_szulgai,2132,2133,1
Mycobacterium_szulgai,2136,2137,1
Mycobacterium_szulgai,2138,2139,1
Mycobacterium_szulgai,2143,2147,4
Mycobacterium_szulgai,2150,2152,2
Mycobacterium_szulgai,2162,2163,1
Mycobacterium_szulgai,2285,2294,9
Mycobacterium_szulgai,2296,2297,1
Mycobacterium_szulgai,2299,2305,6
Mycobacterium_szulgai,2309,2315,6
Mycobacterium_szulgai,2316,2325,9
Mycobacterium_szulgai,2379,2380,1
Mycobacterium_szulgai,2664,2665,1
Mycobacterium_szulgai,3376,3377,1
Mycobacterium_szulgai,3378,3379,1
Mycobacterium_szulgai,3433,3434,1
Mycobacterium_triplex,1,3,2
Mycobacterium_triplex,82,83,1
Mycobacterium_triplex,186,187,1
Mycobacterium_triplex,235,237,2
Mycobacterium_triplex,238,240,2
Mycobacterium_triplex,250,251,1
Mycobacterium_triplex,277,278,1
Mycobacterium_triplex,295,296,1
Mycobacterium_triplex,359,360,1
Mycobacterium_triplex,373,374,1
Mycobacterium_triplex,401,402,1
Mycobacterium_triplex,416,417,1
Mycobacterium_triplex,451,452,1
Mycobacterium_triplex,471,574,103
Mycobacterium_triplex,753,755,2
Mycobacterium_triplex,757,771,14
Mycobacterium_triplex,789,790,1
Mycobacterium_triplex,839,840,1
Mycobacterium_triplex,883,908,25
Mycobacterium_triplex,1010,1011,1
Mycobacterium_triplex,1068,1069,1
Mycobacterium_triplex,1168,1169,1
Mycobacterium_triplex,1185,1186,1
Mycobacterium_triplex,1187,1188,1
Mycobacterium_triplex,1190,1192,2
Mycobacterium_triplex,1211,1212,1
Mycobacterium_triplex,1237,1238,1
Mycobacterium_triplex,1398,1399,1
Mycobacterium_triplex,1430,1459,29
Mycobacterium_triplex,1491,1492,1
Mycobacterium_triplex,1515,1516,1
Mycobacterium_triplex,1707,1708,1
Mycobacterium_triplex,1748,1749,1
Mycobacterium_triplex,1751,1752,1
Mycobacterium_triplex,1756,1761,5
Mycobacterium_triplex,1772,1777,5
Mycobacterium_triplex,1784,1785,1
Mycobacterium_triplex,1789,1791,2
Mycobacterium_triplex,1802,1803,1
Mycobacterium_triplex,1918,1920,2
Mycobacterium_triplex,1954,1955,1
Mycobacterium_triplex,1993,1994,1
Mycobacterium_triplex,2132,2133,1
Mycobacterium_triplex,2136,2137,1
Mycobacterium_triplex,2138,2139,1
Mycobacterium_triplex,2143,2147,4
Mycobacterium_triplex,2150,2152,2
Mycobacterium_triplex,2162,2163,1
Mycobacterium_triplex,2285,2294,9
Mycobacterium_triplex,2296,2297,1
Mycobacterium_triplex,2299,2305,6
Mycobacterium_triplex,2309,2315,6
Mycobacterium_triplex,2316,2325,9
Mycobacterium_triplex,2379,2380,1
Mycobacterium_triplex,2663,2665,2
Mycobacterium_triplex,2723,2850,127
Mycobacterium_triplex,3376,3377,1
Mycobacterium_triplex,3378,3379,1
Mycobacterium_triplex,3433,3434,1
Mycobacterium_shigaense,1,3,2
Mycobacterium_shigaense,82,83,1
Mycobacterium_shigaense,186,187,1
Mycobacterium_shigaense,235,237,2
Mycobacterium_shigaense,238,240,2
Mycobacterium_shigaense,250,251,1
Mycobacterium_shigaense,277,278,1
Mycobacterium_shigaense,295,296,1
Mycobacterium_shigaense,359,360,1
Mycobacterium_shigaense,373,374,1
Mycobacterium_shigaense,401,402,1
Mycobacterium_shigaense,416,417,1
Mycobacterium_shigaense,451,452,1
Mycobacterium_shigaense,471,574,103
Mycobacterium_shigaense,753,755,2
Mycobacterium_shigaense,757,771,14
Mycobacterium_shigaense,789,790,1
Mycobacterium_shigaense,839,840,1
Mycobacterium_shigaense,883,908,25
Mycobacterium_shigaense,1010,1011,1
Mycobacterium_shigaense,1068,1069,1
Mycobacterium_shigaense,1168,1169,1
Mycobacterium_shigaense,1185,1186,1
Mycobacterium_shigaense,1187,1188,1
Mycobacterium_shigaense,1190,1192,2
Mycobacterium_shigaense,1211,1212,1
Mycobacterium_shigaense,1237,1238,1
Mycobacterium_shigaense,1398,1399,1
Mycobacterium_shigaense,1430,1459,29
Mycobacterium_shigaense,1491,1492,1
Mycobacterium_shigaense,1515,1516,1
Mycobacterium_shigaense,1707,1708,1
Mycobacterium_shigaense,1748,1749,1
Mycobacterium_shigaense,1751,1752,1
Mycobacterium_shigaense,1756,1761,5
Mycobacterium_shigaense,1772,1777,5
Mycobacterium_shigaense,1784,1785,1
Mycobacterium_shigaense,1789,1791,2
Mycobacterium_shigaense,1802,1803,1
Mycobacterium_shigaense,1918,1920,2
Mycobacterium_shigaense,1954,1955,1
Mycobacterium_shigaense,1993,1994,1
Mycobacterium_shigaense,2132,2133,1
Mycobacterium_shigaense,2136,2137,1
Mycobacterium_shigaense,2138,2139,1
Mycobacterium_shigaense,2143,2147,4
Mycobacterium_shigaense,2150,2152,2
Mycobacterium_shigaense,2162,2163,1
Mycobacterium_shigaense,2285,2294,9
Mycobacterium_shigaense,2296,2297,1
Mycobacterium_shigaense,2299,2305,6
Mycobacterium_shigaense,2309,2315,6
Mycobacterium_shigaense,2316,2325,9
Mycobacterium_shigaense,2379,2380,1
Mycobacterium_shigaense,2664,2665,1
Mycobacterium_shigaense,2723,2850,127
Mycobacterium_shigaense,3376,3377,1
Mycobacterium_shigaense,3378,3379,1
Mycobacterium_shigaense,3433,3434,1
Mycobacterium_genavense,1,3,2
Mycobacterium_genavense,82,83,1
Mycobacterium_genavense,186,187,1
Mycobacterium_genavense,235,237,2
Mycobacterium_genavense,238,240,2
Mycobacterium_genavense,277,278,1
Mycobacterium_genavense,295,296,1
Mycobacterium_genavense,340,341,1
Mycobacterium_genavense,359,360,1
Mycobacterium_genavense,373,374,1
Mycobacterium_genavense,401,402,1
Mycobacterium_genavense,416,417,1
Mycobacterium_genavense,451,452,1
Mycobacterium_genavense,464,465,1
Mycobacterium_genavense,471,574,103
Mycobacterium_genavense,753,755,2
Mycobacterium_genavense,757,771,14
Mycobacterium_genavense,789,790,1
Mycobacterium_genavense,839,840,1
Mycobacterium_genavense,883,908,25
Mycobacterium_genavense,1010,1011,1
Mycobacterium_genavense,1068,1069,1
Mycobacterium_genavense,1168,1169,1
Mycobacterium_genavense,1185,1186,1
Mycobacterium_genavense,1187,1188,1
Mycobacterium_genavense,1190,1192,2
Mycobacterium_genavense,1211,1212,1
Mycobacterium_genavense,1237,1238,1
Mycobacterium_genavense,1398,1399,1
Mycobacterium_genavense,1430,1459,29
Mycobacterium_genavense,1491,1492,1
Mycobacterium_genavense,1515,1516,1
Mycobacterium_genavense,1707,1708,1
Mycobacterium_genavense,1748,1749,1
Mycobacterium_genavense,1751,1752,1
Mycobacterium_genavense,1756,1761,5
Mycobacterium_genavense,1772,1777,5
Mycobacterium_genavense,1784,1785,1
Mycobacterium_genavense,1789,1791,2
Mycobacterium_genavense,1918,1920,2
Mycobacterium_genavense,1954,1955,1
Mycobacterium_genavense,1993,1994,1
Mycobacterium_genavense,2132,2133,1
Mycobacterium_genavense,2136,2137,1
Mycobacterium_genavense,2138,2139,1
Mycobacterium_genavense,2143,2147,4
Mycobacterium_genavense,2150,2152,2
Mycobacterium_genavense,2162,2163,1
Mycobacterium_genavense,2285,2294,9
Mycobacterium_genavense,2296,2297,1
Mycobacterium_genavense,2299,2305,6
Mycobacterium_genavense,2309,2315,6
Mycobacterium_genavense,2316,2325,9
Mycobacterium_genavense,2379,2380,1
Mycobacterium_genavense,2663,2665,2
Mycobacterium_genavense,2723,2850,127
Mycobacterium_genavense,3376,3377,1
Mycobacterium_genavense,3378,3379,1
Mycobacterium_genavense,3433,3434,1
Mycobacterium_sherrisii,1,3,2
Mycobacterium_sherrisii,82,83,1
Mycobacterium_sherrisii,186,187,1
Mycobacterium_sherrisii,235,237,2
Mycobacterium_sherrisii,238,240,2
Mycobacterium_sherrisii,250,251,1
Mycobacterium_sherrisii,295,296,1
Mycobacterium_sherrisii,359,360,1
Mycobacterium_sherrisii,373,374,1
Mycobacterium_sherrisii,401,402,1
Mycobacterium_sherrisii,416,417,1
Mycobacterium_sherrisii,451,452,1
Mycobacterium_sherrisii,471,574,103
Mycobacterium_sherrisii,753,755,2
Mycobacterium_sherrisii,757,771,14
Mycobacterium_sherrisii,789,790,1
Mycobacterium_sherrisii,839,840,1
Mycobacterium_sherrisii,883,908,25
Mycobacterium_sherrisii,1010,1011,1
Mycobacterium_sherrisii,1068,1069,1
Mycobacterium_sherrisii,1168,1169,1
Mycobacterium_sherrisii,1185,1186,1
Mycobacterium_sherrisii,1187,1188,1
Mycobacterium_sherrisii,1190,1192,2
Mycobacterium_sherrisii,1211,1212,1
Mycobacterium_sherrisii,1237,1238,1
Mycobacterium_sherrisii,1398,1399,1
Mycobacterium_sherrisii,1430,1459,29
Mycobacterium_sherrisii,1491,1492,1
Mycobacterium_sherrisii,1515,1516,1
Mycobacterium_sherrisii,1707,1708,1
Mycobacterium_sherrisii,1748,1749,1
Mycobacterium_sherrisii,1751,1752,1
Mycobacterium_sherrisii,1756,1761,5
Mycobacterium_sherrisii,1772,1777,5
Mycobacterium_sherrisii,1784,1785,1
Mycobacterium_sherrisii,1789,1791,2
Mycobacterium_sherrisii,1802,1803,1
Mycobacterium_sherrisii,1918,1920,2
Mycobacterium_sherrisii,1954,1955,1
Mycobacterium_sherrisii,1993,1994,1
Mycobacterium_sherrisii,2132,2133,1
Mycobacterium_sherrisii,2136,2137,1
Mycobacterium_sherrisii,2138,2139,1
Mycobacterium_sherrisii,2143,2147,4
Mycobacterium_sherrisii,2150,2152,2
Mycobacterium_sherrisii,2162,2163,1
Mycobacterium_sherrisii,2285,2294,9
Mycobacterium_sherrisii,2296,2297,1
Mycobacterium_sherrisii,2299,2305,6
Mycobacterium_sherrisii,2309,2315,6
Mycobacterium_sherrisii,2316,2325,9
Mycobacterium_sherrisii,2379,2380,1
Mycobacterium_sherrisii,2663,2665,2
Mycobacterium_sherrisii,2723,2850,127
Mycobacterium_sherrisii,3376,3377,1
Mycobacterium_sherrisii,3378,3379,1
Mycobacterium_sherrisii,3433,3434,1
Mycobacterium_numidiamassiliense,1,3,2
Mycobacterium_numidiamassiliense,82,83,1
Mycobacterium_numidiamassiliense,186,187,1
Mycobacterium_numidiamassiliense,235,237,2
Mycobacterium_numidiamassiliense,238,240,2
Mycobacterium_numidiamassiliense,250,251,1
Mycobacterium_numidiamassiliense,277,278,1
Mycobacterium_numidiamassiliense,295,296,1
Mycobacterium_numidiamassiliense,359,360,1
Mycobacterium_numidiamassiliense,373,374,1
Mycobacterium_numidiamassiliense,401,402,1
Mycobacterium_numidiamassiliense,416,417,1
Mycobacterium_numidiamassiliense,451,452,1
Mycobacterium_numidiamassiliense,471,574,103
Mycobacterium_numidiamassiliense,753,755,2
Mycobacterium_numidiamassiliense,757,771,14
Mycobacterium_numidiamassiliense,789,790,1
Mycobacterium_numidiamassiliense,839,840,1
Mycobacterium_numidiamassiliense,883,908,25
Mycobacterium_numidiamassiliense,1010,1011,1
Mycobacterium_numidiamassiliense,1068,1069,1
Mycobacterium_numidiamassiliense,1168,1169,1
Mycobacterium_numidiamassiliense,1185,1186,1
Mycobacterium_numidiamassiliense,1187,1188,1
Mycobacterium_numidiamassiliense,1190,1192,2
Mycobacterium_numidiamassiliense,1211,1212,1
Mycobacterium_numidiamassiliense,1237,1238,1
Mycobacterium_numidiamassiliense,1398,1399,1
Mycobacterium_numidiamassiliense,1430,1459,29
Mycobacterium_numidiamassiliense,1491,1492,1
Mycobacterium_numidiamassiliense,1515,1516,1
Mycobacterium_numidiamassiliense,1707,1708,1
Mycobacterium_numidiamassiliense,1748,1749,1
Mycobacterium_numidiamassiliense,1751,1752,1
Mycobacterium_numidiamassiliense,1756,1761,5
Mycobacterium_numidiamassiliense,1772,1777,5
Mycobacterium_numidiamassiliense,1784,1785,1
Mycobacterium_numidiamassiliense,1789,1791,2
Mycobacterium_numidiamassiliense,1802,1803,1
Mycobacterium_numidiamassiliense,1918,1920,2
Mycobacterium_numidiamassiliense,1954,1955,1
Mycobacterium_numidiamassiliense,1993,1994,1
Mycobacterium_numidiamassiliense,2132,2133,1
Mycobacterium_numidiamassiliense,2136,2137,1
Mycobacterium_numidiamassiliense,2138,2139,1
Mycobacterium_numidiamassiliense,2143,2147,4
Mycobacterium_numidiamassiliense,2150,2152,2
Mycobacterium_numidiamassiliense,2162,2163,1
Mycobacterium_numidiamassiliense,2285,2294,9
Mycobacterium_numidiamassiliense,2296,2297,1
Mycobacterium_numidiamassiliense,2299,2305,6
Mycobacterium_numidiamassiliense,2309,2315,6
Mycobacterium_numidiamassiliense,2316,2325,9
Mycobacterium_numidiamassiliense,2379,2380,1
Mycobacterium_numidiamassiliense,2664,2665,1
Mycobacterium_numidiamassiliense,2723,2850,127
Mycobacterium_numidiamassiliense,3376,3377,1
Mycobacterium_numidiamassiliense,3378,3379,1
Mycobacterium_numidiamassiliense,3433,3434,1
Mycobacterium_montefiorense,1,3,2
Mycobacterium_montefiorense,82,83,1
Mycobacterium_montefiorense,186,187,1
Mycobacterium_montefiorense,235,237,2
Mycobacterium_montefiorense,238,240,2
Mycobacterium_montefiorense,250,251,1
Mycobacterium_montefiorense,295,296,1
Mycobacterium_montefiorense,359,360,1
Mycobacterium_montefiorense,373,374,1
Mycobacterium_montefiorense,401,402,1
Mycobacterium_montefiorense,416,417,1
Mycobacterium_montefiorense,451,452,1
Mycobacterium_montefiorense,471,574,103
Mycobacterium_montefiorense,753,755,2
Mycobacterium_montefiorense,757,771,14
Mycobacterium_montefiorense,789,790,1
Mycobacterium_montefiorense,839,840,1
Mycobacterium_montefiorense,883,908,25
Mycobacterium_montefiorense,1010,1011,1
Mycobacterium_montefiorense,1068,1069,1
Mycobacterium_montefiorense,1168,1169,1
Mycobacterium_montefiorense,1185,1186,1
Mycobacterium_montefiorense,1187,1188,1
Mycobacterium_montefiorense,1190,1192,2
Mycobacterium_montefiorense,1211,1212,1
Mycobacterium_montefiorense,1237,1238,1
Mycobacterium_montefiorense,1398,1399,1
Mycobacterium_montefiorense,1430,1459,29
Mycobacterium_montefiorense,1491,1492,1
Mycobacterium_montefiorense,1515,1516,1
Mycobacterium_montefiorense,1707,1708,1
Mycobacterium_montefiorense,1748,1749,1
Mycobacterium_montefiorense,1751,1752,1
Mycobacterium_montefiorense,1756,1761,5
Mycobacterium_montefiorense,1772,1777,5
Mycobacterium_montefiorense,1784,1785,1
Mycobacterium_montefiorense,1789,1791,2
Mycobacterium_montefiorense,1802,1803,1
Mycobacterium_montefiorense,1918,1920,2
Mycobacterium_montefiorense,1954,1955,1
Mycobacterium_montefiorense,1993,1994,1
Mycobacterium_montefiorense,2132,2133,1
Mycobacterium_montefiorense,2136,2137,1
Mycobacterium_montefiorense,2138,2139,1
Mycobacterium_montefiorense,2143,2147,4
Mycobacterium_montefiorense,2150,2152,2
Mycobacterium_montefiorense,2162,2163,1
Mycobacterium_montefiorense,2285,2294,9
Mycobacterium_montefiorense,2296,2297,1
Mycobacterium_montefiorense,2299,2305,6
Mycobacterium_montefiorense,2309,2315,6
Mycobacterium_montefiorense,2316,2325,9
Mycobacterium_montefiorense,2379,2380,1
Mycobacterium_montefiorense,2663,2665,2
Mycobacterium_montefiorense,2723,2850,127
Mycobacterium_montefiorense,3376,3377,1
Mycobacterium_montefiorense,3378,3379,1
Mycobacterium_montefiorense,3433,3434,1
Mycobacterium_simiae,1,3,2
Mycobacterium_simiae,82,83,1
Mycobacterium_simiae,186,187,1
Mycobacterium_simiae,235,237,2
Mycobacterium_simiae,238,240,2
Mycobacterium_simiae,250,251,1
Mycobacterium_simiae,295,296,1
Mycobacterium_simiae,359,360,1
Mycobacterium_simiae,373,374,1
Mycobacterium_simiae,401,402,1
Mycobacterium_simiae,416,417,1
Mycobacterium_simiae,451,452,1
Mycobacterium_simiae,471,574,103
Mycobacterium_simiae,753,755,2
Mycobacterium_simiae,757,771,14
Mycobacterium_simiae,789,790,1
Mycobacterium_simiae,839,840,1
Mycobacterium_simiae,883,908,25
Mycobacterium_simiae,1010,1011,1
Mycobacterium_simiae,1068,1069,1
Mycobacterium_simiae,1168,1169,1
Mycobacterium_simiae,1185,1186,1
Mycobacterium_simiae,1187,1188,1
Mycobacterium_simiae,1190,1192,2
Mycobacterium_simiae,1211,1212,1
Mycobacterium_simiae,1237,1238,1
Mycobacterium_simiae,1398,1399,1
Mycobacterium_simiae,1430,1459,29
Mycobacterium_simiae,1491,1492,1
Mycobacterium_simiae,1515,1516,1
Mycobacterium_simiae,1707,1708,1
Mycobacterium_simiae,1748,1749,1
Mycobacterium_simiae,1751,1752,1
Mycobacterium_simiae,1756,1761,5
Mycobacterium_simiae,1772,1777,5
Mycobacterium_simiae,1784,1785,1
Mycobacterium_simiae,1789,1791,2
Mycobacterium_simiae,1802,1803,1
Mycobacterium_simiae,1918,1920,2
Mycobacterium_simiae,1954,1955,1
Mycobacterium_simiae,1993,1994,1
Mycobacterium_simiae,2132,2133,1
Mycobacterium_simiae,2136,2137,1
Mycobacterium_simiae,2138,2139,1
Mycobacterium_simiae,2143,2147,4
Mycobacterium_simiae,2150,2152,2
Mycobacterium_simiae,2162,2163,1
Mycobacterium_simiae,2285,2294,9
Mycobacterium_simiae,2296,2297,1
Mycobacterium_simiae,2299,2305,6
Mycobacterium_simiae,2309,2315,6
Mycobacterium_simiae,2316,2325,9
Mycobacterium_simiae,2379,2380,1
Mycobacterium_simiae,2663,2665,2
Mycobacterium_simiae,2723,2850,127
Mycobacterium_simiae,3376,3377,1
Mycobacterium_simiae,3378,3379,1
Mycobacterium_simiae,3433,3434,1
Mycobacterium_florentinum,1,3,2
Mycobacterium_florentinum,82,83,1
Mycobacterium_florentinum,186,187,1
Mycobacterium_florentinum,235,237,2
Mycobacterium_florentinum,238,240,2
Mycobacterium_florentinum,250,251,1
Mycobacterium_florentinum,277,278,1
Mycobacterium_florentinum,295,296,1
Mycobacterium_florentinum,340,341,1
Mycobacterium_florentinum,359,360,1
Mycobacterium_florentinum,373,374,1
Mycobacterium_florentinum,401,402,1
Mycobacterium_florentinum,416,417,1
Mycobacterium_florentinum,451,452,1
Mycobacterium_florentinum,464,465,1
Mycobacterium_florentinum,471,574,103
Mycobacterium_florentinum,753,755,2
Mycobacterium_florentinum,757,771,14
Mycobacterium_florentinum,789,790,1
Mycobacterium_florentinum,839,840,1
Mycobacterium_florentinum,883,908,25
Mycobacterium_florentinum,1010,1011,1
Mycobacterium_florentinum,1068,1069,1
Mycobacterium_florentinum,1168,1169,1
Mycobacterium_florentinum,1185,1186,1
Mycobacterium_florentinum,1187,1188,1
Mycobacterium_florentinum,1190,1192,2
Mycobacterium_florentinum,1211,1212,1
Mycobacterium_florentinum,1237,1238,1
Mycobacterium_florentinum,1398,1399,1
Mycobacterium_florentinum,1430,1459,29
Mycobacterium_florentinum,1491,1492,1
Mycobacterium_florentinum,1515,1516,1
Mycobacterium_florentinum,1707,1708,1
Mycobacterium_florentinum,1748,1749,1
Mycobacterium_florentinum,1751,1752,1
Mycobacterium_florentinum,1756,1761,5
Mycobacterium_florentinum,1772,1777,5
Mycobacterium_florentinum,1784,1785,1
Mycobacterium_florentinum,1789,1791,2
Mycobacterium_florentinum,1802,1803,1
Mycobacterium_florentinum,1918,1920,2
Mycobacterium_florentinum,1954,1955,1
Mycobacterium_florentinum,1993,1994,1
Mycobacterium_florentinum,2132,2133,1
Mycobacterium_florentinum,2136,2137,1
Mycobacterium_florentinum,2138,2139,1
Mycobacterium_florentinum,2143,2147,4
Mycobacterium_florentinum,2150,2152,2
Mycobacterium_florentinum,2162,2163,1
Mycobacterium_florentinum,2285,2295,10
Mycobacterium_florentinum,2296,2297,1
Mycobacterium_florentinum,2299,2305,6
Mycobacterium_florentinum,2308,2315,7
Mycobacterium_florentinum,2316,2325,9
Mycobacterium_florentinum,2379,2380,1
Mycobacterium_florentinum,2663,2665,2
Mycobacterium_florentinum,2723,2850,127
Mycobacterium_florentinum,3376,3377,1
Mycobacterium_florentinum,3378,3379,1
Mycobacterium_florentinum,3433,3434,1
Mycobacterium_lentiflavum,1,3,2
Mycobacterium_lentiflavum,82,83,1
Mycobacterium_lentiflavum,186,187,1
Mycobacterium_lentiflavum,235,237,2
Mycobacterium_lentiflavum,238,240,2
Mycobacterium_lentiflavum,250,251,1
Mycobacterium_lentiflavum,277,278,1
Mycobacterium_lentiflavum,295,296,1
Mycobacterium_lentiflavum,359,360,1
Mycobacterium_lentiflavum,373,374,1
Mycobacterium_lentiflavum,401,402,1
Mycobacterium_lentiflavum,416,417,1
Mycobacterium_lentiflavum,451,452,1
Mycobacterium_lentiflavum,471,574,103
Mycobacterium_lentiflavum,753,755,2
Mycobacterium_lentiflavum,757,771,14
Mycobacterium_lentiflavum,789,790,1
Mycobacterium_lentiflavum,839,840,1
Mycobacterium_lentiflavum,883,908,25
Mycobacterium_lentiflavum,1010,1011,1
Mycobacterium_lentiflavum,1068,1069,1
Mycobacterium_lentiflavum,1168,1169,1
Mycobacterium_lentiflavum,1185,1186,1
Mycobacterium_lentiflavum,1187,1188,1
Mycobacterium_lentiflavum,1190,1192,2
Mycobacterium_lentiflavum,1211,1212,1
Mycobacterium_lentiflavum,1237,1238,1
Mycobacterium_lentiflavum,1398,1399,1
Mycobacterium_lentiflavum,1430,1459,29
Mycobacterium_lentiflavum,1491,1492,1
Mycobacterium_lentiflavum,1515,1516,1
Mycobacterium_lentiflavum,1707,1708,1
Mycobacterium_lentiflavum,1748,1749,1
Mycobacterium_lentiflavum,1751,1752,1
Mycobacterium_lentiflavum,1756,1761,5
Mycobacterium_lentiflavum,1772,1777,5
Mycobacterium_lentiflavum,1784,1785,1
Mycobacterium_lentiflavum,1789,1791,2
Mycobacterium_lentiflavum,1802,1803,1
Mycobacterium_lentiflavum,1918,1920,2
Mycobacterium_lentiflavum,1954,1955,1
Mycobacterium_lentiflavum,1993,1994,1
Mycobacterium_lentiflavum,2132,2133,1
Mycobacterium_lentiflavum,2136,2137,1
Mycobacterium_lentiflavum,2138,2139,1
Mycobacterium_lentiflavum,2143,2147,4
Mycobacterium_lentiflavum,2150,2152,2
Mycobacterium_lentiflavum,2162,2163,1
Mycobacterium_lentiflavum,2285,2295,10
Mycobacterium_lentiflavum,2296,2297,1
Mycobacterium_lentiflavum,2299,2305,6
Mycobacterium_lentiflavum,2308,2315,7
Mycobacterium_lentiflavum,2316,2325,9
Mycobacterium_lentiflavum,2379,2380,1
Mycobacterium_lentiflavum,2663,2665,2
Mycobacterium_lentiflavum,2723,2850,127
Mycobacterium_lentiflavum,3376,3377,1
Mycobacterium_lentiflavum,3378,3379,1
Mycobacterium_lentiflavum,3433,3434,1
Mycobacterium_rhizamassiliense,1,3,2
Mycobacterium_rhizamassiliense,82,83,1
Mycobacterium_rhizamassiliense,186,187,1
Mycobacterium_rhizamassiliense,235,237,2
Mycobacterium_rhizamassiliense,238,240,2
Mycobacterium_rhizamassiliense,250,251,1
Mycobacterium_rhizamassiliense,277,278,1
Mycobacterium_rhizamassiliense,295,296,1
Mycobacterium_rhizamassiliense,359,360,1
Mycobacterium_rhizamassiliense,373,374,1
Mycobacterium_rhizamassiliense,401,402,1
Mycobacterium_rhizamassiliense,416,417,1
Mycobacterium_rhizamassiliense,451,452,1
Mycobacterium_rhizamassiliense,471,574,103
Mycobacterium_rhizamassiliense,753,755,2
Mycobacterium_rhizamassiliense,757,771,14
Mycobacterium_rhizamassiliense,789,790,1
Mycobacterium_rhizamassiliense,839,840,1
Mycobacterium_rhizamassiliense,883,908,25
Mycobacterium_rhizamassiliense,1010,1011,1
Mycobacterium_rhizamassiliense,1068,1069,1
Mycobacterium_rhizamassiliense,1168,1169,1
Mycobacterium_rhizamassiliense,1185,1186,1
Mycobacterium_rhizamassiliense,1187,1188,1
Mycobacterium_rhizamassiliense,1190,1192,2
Mycobacterium_rhizamassiliense,1211,1212,1
Mycobacterium_rhizamassiliense,1237,1238,1
Mycobacterium_rhizamassiliense,1398,1399,1
Mycobacterium_rhizamassiliense,1430,1459,29
Mycobacterium_rhizamassiliense,1491,1492,1
Mycobacterium_rhizamassiliense,1515,1516,1
Mycobacterium_rhizamassiliense,1707,1708,1
Mycobacterium_rhizamassiliense,1748,1749,1
Mycobacterium_rhizamassiliense,1751,1752,1
Mycobacterium_rhizamassiliense,1756,1761,5
Mycobacterium_rhizamassiliense,1772,1777,5
Mycobacterium_rhizamassiliense,1784,1785,1
Mycobacterium_rhizamassiliense,1789,1791,2
Mycobacterium_rhizamassiliense,1802,1803,1
Mycobacterium_rhizamassiliense,1918,1920,2
Mycobacterium_rhizamassiliense,1954,1955,1
Mycobacterium_rhizamassiliense,1993,1994,1
Mycobacterium_rhizamassiliense,2132,2133,1
Mycobacterium_rhizamassiliense,2136,2137,1
Mycobacterium_rhizamassiliense,2138,2139,1
Mycobacterium_rhizamassiliense,2143,2147,4
Mycobacterium_rhizamassiliense,2150,2152,2
Mycobacterium_rhizamassiliense,2162,2163,1
Mycobacterium_rhizamassiliense,2285,2294,9
Mycobacterium_rhizamassiliense,2296,2297,1
Mycobacterium_rhizamassiliense,2299,2305,6
Mycobacterium_rhizamassiliense,2309,2315,6
Mycobacterium_rhizamassiliense,2316,2325,9
Mycobacterium_rhizamassiliense,2379,2380,1
Mycobacterium_rhizamassiliense,2664,2665,1
Mycobacterium_rhizamassiliense,2723,2850,127
Mycobacterium_rhizamassiliense,3376,3377,1
Mycobacterium_rhizamassiliense,3378,3379,1
Mycobacterium_rhizamassiliense,3433,3434,1
Mycobacterium_ahvazicum,1,3,2
Mycobacterium_ahvazicum,82,83,1
Mycobacterium_ahvazicum,186,187,1
Mycobacterium_ahvazicum,235,237,2
Mycobacterium_ahvazicum,238,240,2
Mycobacterium_ahvazicum,250,251,1
Mycobacterium_ahvazicum,277,278,1
Mycobacterium_ahvazicum,295,296,1
Mycobacterium_ahvazicum,359,360,1
Mycobacterium_ahvazicum,373,374,1
Mycobacterium_ahvazicum,401,402,1
Mycobacterium_ahvazicum,416,417,1
Mycobacterium_ahvazicum,451,452,1
Mycobacterium_ahvazicum,471,574,103
Mycobacterium_ahvazicum,753,755,2
Mycobacterium_ahvazicum,757,771,14
Mycobacterium_ahvazicum,789,790,1
Mycobacterium_ahvazicum,839,840,1
Mycobacterium_ahvazicum,883,908,25
Mycobacterium_ahvazicum,1010,1011,1
Mycobacterium_ahvazicum,1068,1069,1
Mycobacterium_ahvazicum,1168,1169,1
Mycobacterium_ahvazicum,1185,1186,1
Mycobacterium_ahvazicum,1187,1188,1
Mycobacterium_ahvazicum,1190,1192,2
Mycobacterium_ahvazicum,1211,1212,1
Mycobacterium_ahvazicum,1237,1238,1
Mycobacterium_ahvazicum,1398,1399,1
Mycobacterium_ahvazicum,1430,1459,29
Mycobacterium_ahvazicum,1491,1492,1
Mycobacterium_ahvazicum,1515,1516,1
Mycobacterium_ahvazicum,1707,1708,1
Mycobacterium_ahvazicum,1748,1749,1
Mycobacterium_ahvazicum,1751,1752,1
Mycobacterium_ahvazicum,1756,1761,5
Mycobacterium_ahvazicum,1772,1777,5
Mycobacterium_ahvazicum,1784,1785,1
Mycobacterium_ahvazicum,1789,1791,2
Mycobacterium_ahvazicum,1802,1803,1
Mycobacterium_ahvazicum,1918,1920,2
Mycobacterium_ahvazicum,1954,1955,1
Mycobacterium_ahvazicum,1993,1994,1
Mycobacterium_ahvazicum,2132,2133,1
Mycobacterium_ahvazicum,2136,2137,1
Mycobacterium_ahvazicum,2138,2139,1
Mycobacterium_ahvazicum,2143,2147,4
Mycobacterium_ahvazicum,2150,2152,2
Mycobacterium_ahvazicum,2162,2163,1
Mycobacterium_ahvazicum,2285,2295,10
Mycobacterium_ahvazicum,2296,2297,1
Mycobacterium_ahvazicum,2299,2305,6
Mycobacterium_ahvazicum,2308,2315,7
Mycobacterium_ahvazicum,2316,2325,9
Mycobacterium_ahvazicum,2379,2380,1
Mycobacterium_ahvazicum,2663,2665,2
Mycobacterium_ahvazicum,2723,2850,127
Mycobacterium_ahvazicum,3376,3377,1
Mycobacterium_ahvazicum,3378,3379,1
Mycobacterium_ahvazicum,3433,3434,1
Mycobacterium_stomatepiae,1,3,2
Mycobacterium_stomatepiae,82,83,1
Mycobacterium_stomatepiae,186,187,1
Mycobacterium_stomatepiae,235,237,2
Mycobacterium_stomatepiae,238,240,2
Mycobacterium_stomatepiae,250,251,1
Mycobacterium_stomatepiae,277,278,1
Mycobacterium_stomatepiae,295,296,1
Mycobacterium_stomatepiae,359,360,1
Mycobacterium_stomatepiae,373,374,1
Mycobacterium_stomatepiae,401,402,1
Mycobacterium_stomatepiae,416,417,1
Mycobacterium_stomatepiae,451,452,1
Mycobacterium_stomatepiae,471,574,103
Mycobacterium_stomatepiae,753,755,2
Mycobacterium_stomatepiae,757,771,14
Mycobacterium_stomatepiae,789,790,1
Mycobacterium_stomatepiae,839,840,1
Mycobacterium_stomatepiae,883,908,25
Mycobacterium_stomatepiae,1010,1011,1
Mycobacterium_stomatepiae,1068,1069,1
Mycobacterium_stomatepiae,1168,1169,1
Mycobacterium_stomatepiae,1185,1186,1
Mycobacterium_stomatepiae,1187,1188,1
Mycobacterium_stomatepiae,1190,1192,2
Mycobacterium_stomatepiae,1211,1212,1
Mycobacterium_stomatepiae,1237,1238,1
Mycobacterium_stomatepiae,1398,1399,1
Mycobacterium_stomatepiae,1430,1459,29
Mycobacterium_stomatepiae,1491,1492,1
Mycobacterium_stomatepiae,1515,1516,1
Mycobacterium_stomatepiae,1707,1708,1
Mycobacterium_stomatepiae,1748,1749,1
Mycobacterium_stomatepiae,1751,1752,1
Mycobacterium_stomatepiae,1756,1761,5
Mycobacterium_stomatepiae,1772,1777,5
Mycobacterium_stomatepiae,1784,1785,1
Mycobacterium_stomatepiae,1789,1791,2
Mycobacterium_stomatepiae,1802,1803,1
Mycobacterium_stomatepiae,1918,1920,2
Mycobacterium_stomatepiae,1954,1955,1
Mycobacterium_stomatepiae,1993,1994,1
Mycobacterium_stomatepiae,2132,2133,1
Mycobacterium_stomatepiae,2136,2137,1
Mycobacterium_stomatepiae,2138,2139,1
Mycobacterium_stomatepiae,2143,2147,4
Mycobacterium_stomatepiae,2150,2152,2
Mycobacterium_stomatepiae,2162,2163,1
Mycobacterium_stomatepiae,2285,2295,10
Mycobacterium_stomatepiae,2296,2297,1
Mycobacterium_stomatepiae,2299,2305,6
Mycobacterium_stomatepiae,2308,2315,7
Mycobacterium_stomatepiae,2316,2325,9
Mycobacterium_stomatepiae,2379,2380,1
Mycobacterium_stomatepiae,2663,2665,2
Mycobacterium_stomatepiae,2723,2850,127
Mycobacterium_stomatepiae,3376,3377,1
Mycobacterium_stomatepiae,3378,3379,1
Mycobacterium_stomatepiae,3433,3434,1
Mycobacterium_tilburgii,1,3,2
Mycobacterium_tilburgii,82,83,1
Mycobacterium_tilburgii,186,187,1
Mycobacterium_tilburgii,235,237,2
Mycobacterium_tilburgii,238,240,2
Mycobacterium_tilburgii,250,251,1
Mycobacterium_tilburgii,295,296,1
Mycobacterium_tilburgii,359,360,1
Mycobacterium_tilburgii,373,374,1
Mycobacterium_tilburgii,401,402,1
Mycobacterium_tilburgii,416,417,1
Mycobacterium_tilburgii,451,452,1
Mycobacterium_tilburgii,471,574,103
Mycobacterium_tilburgii,753,755,2
Mycobacterium_tilburgii,757,771,14
Mycobacterium_tilburgii,789,790,1
Mycobacterium_tilburgii,839,840,1
Mycobacterium_tilburgii,883,908,25
Mycobacterium_tilburgii,1010,1011,1
Mycobacterium_tilburgii,1068,1069,1
Mycobacterium_tilburgii,1168,1169,1
Mycobacterium_tilburgii,1185,1186,1
Mycobacterium_tilburgii,1187,1188,1
Mycobacterium_tilburgii,1190,1192,2
Mycobacterium_tilburgii,1211,1212,1
Mycobacterium_tilburgii,1237,1238,1
Mycobacterium_tilburgii,1398,1399,1
Mycobacterium_tilburgii,1430,1459,29
Mycobacterium_tilburgii,1491,1492,1
Mycobacterium_tilburgii,1515,1516,1
Mycobacterium_tilburgii,1707,1708,1
Mycobacterium_tilburgii,1748,1749,1
Mycobacterium_tilburgii,1751,1752,1
Mycobacterium_tilburgii,1756,1761,5
Mycobacterium_tilburgii,1772,1777,5
Mycobacterium_tilburgii,1784,1785,1
Mycobacterium_tilburgii,1789,1791,2
Mycobacterium_tilburgii,1802,1803,1
Mycobacterium_tilburgii,1918,1920,2
Mycobacterium_tilburgii,1993,1994,1
Mycobacterium_tilburgii,2132,2133,1
Mycobacterium_tilburgii,2136,2137,1
Mycobacterium_tilburgii,2138,2139,1
Mycobacterium_tilburgii,2143,2147,4
Mycobacterium_tilburgii,2150,2152,2
Mycobacterium_tilburgii,2162,2163,1
Mycobacterium_tilburgii,2285,2294,9
Mycobacterium_tilburgii,2296,2297,1
Mycobacterium_tilburgii,2299,2305,6
Mycobacterium_tilburgii,2309,2315,6
Mycobacterium_tilburgii,2316,2325,9
Mycobacterium_tilburgii,2379,2380,1
Mycobacterium_tilburgii,2663,2665,2
Mycobacterium_tilburgii,2723,2850,127
Mycobacterium_tilburgii,3376,3377,1
Mycobacterium_tilburgii,3433,3434,1
Mycobacterium_celatum,1,3,2
Mycobacterium_celatum,82,83,1
Mycobacterium_celatum,186,187,1
Mycobacterium_celatum,235,237,2
Mycobacterium_celatum,238,240,2
Mycobacterium_celatum,250,251,1
Mycobacterium_celatum,295,296,1
Mycobacterium_celatum,359,360,1
Mycobacterium_celatum,373,374,1
Mycobacterium_celatum,401,402,1
Mycobacterium_celatum,416,417,1
Mycobacterium_celatum,451,452,1
Mycobacterium_celatum,471,574,103
Mycobacterium_celatum,753,755,2
Mycobacterium_celatum,760,768,8
Mycobacterium_celatum,789,790,1
Mycobacterium_celatum,884,886,2
Mycobacterium_celatum,890,891,1
Mycobacterium_celatum,1010,1011,1
Mycobacterium_celatum,1068,1069,1
Mycobacterium_celatum,1168,1169,1
Mycobacterium_celatum,1184,1186,2
Mycobacterium_celatum,1190,1192,2
Mycobacterium_celatum,1211,1212,1
Mycobacterium_celatum,1237,1238,1
Mycobacterium_celatum,1398,1399,1
Mycobacterium_celatum,1430,1437,7
Mycobacterium_celatum,1438,1439,1
Mycobacterium_celatum,1445,1446,1
Mycobacterium_celatum,1449,1459,10
Mycobacterium_celatum,1491,1492,1
Mycobacterium_celatum,1707,1708,1
Mycobacterium_celatum,1748,1749,1
Mycobacterium_celatum,1756,1761,5
Mycobacterium_celatum,1772,1775,3
Mycobacterium_celatum,1776,1777,1
Mycobacterium_celatum,1784,1785,1
Mycobacterium_celatum,1789,1791,2
Mycobacterium_celatum,1802,1803,1
Mycobacterium_celatum,1954,1955,1
Mycobacterium_celatum,1993,1994,1
Mycobacterium_celatum,2132,2133,1
Mycobacterium_celatum,2136,2137,1
Mycobacterium_celatum,2138,2139,1
Mycobacterium_celatum,2143,2147,4
Mycobacterium_celatum,2151,2152,1
Mycobacterium_celatum,2154,2155,1
Mycobacterium_celatum,2162,2163,1
Mycobacterium_celatum,2285,2294,9
Mycobacterium_celatum,2296,2305,9
Mycobacterium_celatum,2316,2325,9
Mycobacterium_celatum,2379,2380,1
Mycobacterium_celatum,2664,2665,1
Mycobacterium_celatum,2723,2850,127
Mycobacterium_celatum,3376,3377,1
Mycobacterium_celatum,3378,3379,1
Mycobacterium_celatum,3433,3434,1
Mycolicibacterium_thermoresistibile,1,3,2
Mycolicibacterium_thermoresistibile,82,83,1
Mycolicibacterium_thermoresistibile,186,187,1
Mycolicibacterium_thermoresistibile,235,237,2
Mycolicibacterium_thermoresistibile,238,240,2
Mycolicibacterium_thermoresistibile,250,251,1
Mycolicibacterium_thermoresistibile,277,278,1
Mycolicibacterium_thermoresistibile,295,296,1
Mycolicibacterium_thermoresistibile,341,342,1
Mycolicibacterium_thermoresistibile,359,360,1
Mycolicibacterium_thermoresistibile,373,374,1
Mycolicibacterium_thermoresistibile,401,402,1
Mycolicibacterium_thermoresistibile,416,417,1
Mycolicibacterium_thermoresistibile,451,452,1
Mycolicibacterium_thermoresistibile,471,574,103
Mycolicibacterium_thermoresistibile,754,755,1
Mycolicibacterium_thermoresistibile,763,767,4
Mycolicibacterium_thermoresistibile,789,790,1
Mycolicibacterium_thermoresistibile,890,891,1
Mycolicibacterium_thermoresistibile,896,900,4
Mycolicibacterium_thermoresistibile,1010,1011,1
Mycolicibacterium_thermoresistibile,1068,1069,1
Mycolicibacterium_thermoresistibile,1168,1169,1
Mycolicibacterium_thermoresistibile,1185,1186,1
Mycolicibacterium_thermoresistibile,1190,1192,2
Mycolicibacterium_thermoresistibile,1211,1212,1
Mycolicibacterium_thermoresistibile,1237,1238,1
Mycolicibacterium_thermoresistibile,1398,1399,1
Mycolicibacterium_thermoresistibile,1430,1437,7
Mycolicibacterium_thermoresistibile,1445,1446,1
Mycolicibacterium_thermoresistibile,1449,1456,7
Mycolicibacterium_thermoresistibile,1457,1458,1
Mycolicibacterium_thermoresistibile,1491,1492,1
Mycolicibacterium_thermoresistibile,1707,1708,1
Mycolicibacterium_thermoresistibile,1748,1749,1
Mycolicibacterium_thermoresistibile,1751,1752,1
Mycolicibacterium_thermoresistibile,1756,1761,5
Mycolicibacterium_thermoresistibile,1772,1777,5
Mycolicibacterium_thermoresistibile,1784,1785,1
Mycolicibacterium_thermoresistibile,1789,1791,2
Mycolicibacterium_thermoresistibile,1802,1803,1
Mycolicibacterium_thermoresistibile,1918,1919,1
Mycolicibacterium_thermoresistibile,1954,1955,1
Mycolicibacterium_thermoresistibile,1993,1994,1
Mycolicibacterium_thermoresistibile,2121,2122,1
Mycolicibacterium_thermoresistibile,2132,2133,1
Mycolicibacterium_thermoresistibile,2136,2137,1
Mycolicibacterium_thermoresistibile,2138,2139,1
Mycolicibacterium_thermoresistibile,2143,2147,4
Mycolicibacterium_thermoresistibile,2150,2152,2
Mycolicibacterium_thermoresistibile,2162,2163,1
Mycolicibacterium_thermoresistibile,2285,2294,9
Mycolicibacterium_thermoresistibile,2296,2297,1
Mycolicibacterium_thermoresistibile,2299,2300,1
Mycolicibacterium_thermoresistibile,2304,2305,1
Mycolicibacterium_thermoresistibile,2309,2315,6
Mycolicibacterium_thermoresistibile,2316,2325,9
Mycolicibacterium_thermoresistibile,2379,2380,1
Mycolicibacterium_thermoresistibile,2664,2665,1
Mycolicibacterium_thermoresistibile,2723,2850,127
Mycolicibacterium_thermoresistibile,3376,3377,1
Mycolicibacterium_thermoresistibile,3378,3379,1
Mycolicibacterium_thermoresistibile,3433,3434,1
Mycolicibacillus_parakoreensis,1,3,2
Mycolicibacillus_parakoreensis,82,83,1
Mycolicibacillus_parakoreensis,186,187,1
Mycolicibacillus_parakoreensis,235,237,2
Mycolicibacillus_parakoreensis,238,240,2
Mycolicibacillus_parakoreensis,250,251,1
Mycolicibacillus_parakoreensis,295,296,1
Mycolicibacillus_parakoreensis,341,342,1
Mycolicibacillus_parakoreensis,359,360,1
Mycolicibacillus_parakoreensis,373,374,1
Mycolicibacillus_parakoreensis,401,402,1
Mycolicibacillus_parakoreensis,416,417,1
Mycolicibacillus_parakoreensis,451,452,1
Mycolicibacillus_parakoreensis,471,574,103
Mycolicibacillus_parakoreensis,753,755,2
Mycolicibacillus_parakoreensis,760,771,11
Mycolicibacillus_parakoreensis,789,790,1
Mycolicibacillus_parakoreensis,839,840,1
Mycolicibacillus_parakoreensis,896,900,4
Mycolicibacillus_parakoreensis,1010,1011,1
Mycolicibacillus_parakoreensis,1068,1069,1
Mycolicibacillus_parakoreensis,1168,1169,1
Mycolicibacillus_parakoreensis,1190,1192,2
Mycolicibacillus_parakoreensis,1211,1212,1
Mycolicibacillus_parakoreensis,1237,1238,1
Mycolicibacillus_parakoreensis,1398,1399,1
Mycolicibacillus_parakoreensis,1430,1437,7
Mycolicibacillus_parakoreensis,1438,1439,1
Mycolicibacillus_parakoreensis,1443,1448,5
Mycolicibacillus_parakoreensis,1449,1458,9
Mycolicibacillus_parakoreensis,1491,1492,1
Mycolicibacillus_parakoreensis,1707,1708,1
Mycolicibacillus_parakoreensis,1756,1761,5
Mycolicibacillus_parakoreensis,1784,1790,6
Mycolicibacillus_parakoreensis,1802,1803,1
Mycolicibacillus_parakoreensis,1918,1919,1
Mycolicibacillus_parakoreensis,1954,1955,1
Mycolicibacillus_parakoreensis,1993,1994,1
Mycolicibacillus_parakoreensis,2132,2133,1
Mycolicibacillus_parakoreensis,2136,2137,1
Mycolicibacillus_parakoreensis,2138,2139,1
Mycolicibacillus_parakoreensis,2143,2147,4
Mycolicibacillus_parakoreensis,2151,2152,1
Mycolicibacillus_parakoreensis,2162,2163,1
Mycolicibacillus_parakoreensis,2285,2305,20
Mycolicibacillus_parakoreensis,2310,2315,5
Mycolicibacillus_parakoreensis,2316,2318,2
Mycolicibacillus_parakoreensis,2379,2380,1
Mycolicibacillus_parakoreensis,2664,2665,1
Mycolicibacillus_parakoreensis,2723,2850,127
Mycolicibacillus_parakoreensis,3376,3377,1
Mycolicibacillus_parakoreensis,3378,3379,1
Mycolicibacillus_parakoreensis,3433,3434,1
Mycobacterium_cookii,1,3,2
Mycobacterium_cookii,82,83,1
Mycobacterium_cookii,186,187,1
Mycobacterium_cookii,235,237,2
Mycobacterium_cookii,238,240,2
Mycobacterium_cookii,250,251,1
Mycobacterium_cookii,295,296,1
Mycobacterium_cookii,341,342,1
Mycobacterium_cookii,359,360,1
Mycobacterium_cookii,373,379,6
Mycobacterium_cookii,386,387,1
Mycobacterium_cookii,401,402,1
Mycobacterium_cookii,416,417,1
Mycobacterium_cookii,451,452,1
Mycobacterium_cookii,471,574,103
Mycobacterium_cookii,753,755,2
Mycobacterium_cookii,760,768,8
Mycobacterium_cookii,789,790,1
Mycobacterium_cookii,839,840,1
Mycobacterium_cookii,890,899,9
Mycobacterium_cookii,1010,1011,1
Mycobacterium_cookii,1068,1069,1
Mycobacterium_cookii,1168,1169,1
Mycobacterium_cookii,1185,1186,1
Mycobacterium_cookii,1190,1192,2
Mycobacterium_cookii,1211,1212,1
Mycobacterium_cookii,1237,1238,1
Mycobacterium_cookii,1398,1399,1
Mycobacterium_cookii,1430,1437,7
Mycobacterium_cookii,1438,1439,1
Mycobacterium_cookii,1445,1446,1
Mycobacterium_cookii,1449,1464,15
Mycobacterium_cookii,1491,1492,1
Mycobacterium_cookii,1707,1708,1
Mycobacterium_cookii,1748,1749,1
Mycobacterium_cookii,1751,1752,1
Mycobacterium_cookii,1756,1761,5
Mycobacterium_cookii,1771,1775,4
Mycobacterium_cookii,1776,1777,1
Mycobacterium_cookii,1789,1791,2
Mycobacterium_cookii,1802,1803,1
Mycobacterium_cookii,1954,1955,1
Mycobacterium_cookii,1993,1994,1
Mycobacterium_cookii,2132,2133,1
Mycobacterium_cookii,2136,2137,1
Mycobacterium_cookii,2138,2139,1
Mycobacterium_cookii,2143,2147,4
Mycobacterium_cookii,2151,2152,1
Mycobacterium_cookii,2162,2163,1
Mycobacterium_cookii,2285,2294,9
Mycobacterium_cookii,2296,2297,1
Mycobacterium_cookii,2299,2300,1
Mycobacterium_cookii,2302,2307,5
Mycobacterium_cookii,2309,2315,6
Mycobacterium_cookii,2316,2325,9
Mycobacterium_cookii,2379,2380,1
Mycobacterium_cookii,2664,2665,1
Mycobacterium_cookii,2723,2850,127
Mycobacterium_cookii,3378,3379,1
Mycobacterium_cookii,3433,3434,1
Mycolicibacterium_arabiense,1,3,2
Mycolicibacterium_arabiense,82,83,1
Mycolicibacterium_arabiense,186,187,1
Mycolicibacterium_arabiense,235,237,2
Mycolicibacterium_arabiense,238,240,2
Mycolicibacterium_arabiense,250,251,1
Mycolicibacterium_arabiense,295,296,1
Mycolicibacterium_arabiense,341,342,1
Mycolicibacterium_arabiense,359,360,1
Mycolicibacterium_arabiense,373,374,1
Mycolicibacterium_arabiense,416,417,1
Mycolicibacterium_arabiense,451,452,1
Mycolicibacterium_arabiense,472,574,102
Mycolicibacterium_arabiense,753,755,2
Mycolicibacterium_arabiense,760,768,8
Mycolicibacterium_arabiense,789,790,1
Mycolicibacterium_arabiense,839,840,1
Mycolicibacterium_arabiense,890,891,1
Mycolicibacterium_arabiense,896,900,4
Mycolicibacterium_arabiense,1010,1011,1
Mycolicibacterium_arabiense,1068,1069,1
Mycolicibacterium_arabiense,1168,1169,1
Mycolicibacterium_arabiense,1185,1186,1
Mycolicibacterium_arabiense,1191,1192,1
Mycolicibacterium_arabiense,1211,1212,1
Mycolicibacterium_arabiense,1237,1238,1
Mycolicibacterium_arabiense,1398,1399,1
Mycolicibacterium_arabiense,1430,1437,7
Mycolicibacterium_arabiense,1438,1439,1
Mycolicibacterium_arabiense,1445,1446,1
Mycolicibacterium_arabiense,1452,1460,8
Mycolicibacterium_arabiense,1707,1708,1
Mycolicibacterium_arabiense,1748,1749,1
Mycolicibacterium_arabiense,1751,1752,1
Mycolicibacterium_arabiense,1756,1761,5
Mycolicibacterium_arabiense,1771,1775,4
Mycolicibacterium_arabiense,1776,1777,1
Mycolicibacterium_arabiense,1784,1785,1
Mycolicibacterium_arabiense,1802,1803,1
Mycolicibacterium_arabiense,1918,1919,1
Mycolicibacterium_arabiense,1954,1955,1
Mycolicibacterium_arabiense,1993,1994,1
Mycolicibacterium_arabiense,2132,2133,1
Mycolicibacterium_arabiense,2136,2137,1
Mycolicibacterium_arabiense,2138,2139,1
Mycolicibacterium_arabiense,2143,2147,4
Mycolicibacterium_arabiense,2151,2152,1
Mycolicibacterium_arabiense,2162,2163,1
Mycolicibacterium_arabiense,2286,2293,7
Mycolicibacterium_arabiense,2296,2297,1
Mycolicibacterium_arabiense,2299,2300,1
Mycolicibacterium_arabiense,2303,2306,3
Mycolicibacterium_arabiense,2309,2315,6
Mycolicibacterium_arabiense,2316,2325,9
Mycolicibacterium_arabiense,2379,2380,1
Mycolicibacterium_arabiense,2664,2665,1
Mycolicibacterium_arabiense,2723,2850,127
Mycolicibacterium_arabiense,3376,3377,1
Mycolicibacterium_arabiense,3378,3379,1
Mycolicibacterium_arabiense,3433,3434,1
Mycolicibacillus_koreensis,1,3,2
Mycolicibacillus_koreensis,82,83,1
Mycolicibacillus_koreensis,186,187,1
Mycolicibacillus_koreensis,236,237,1
Mycolicibacillus_koreensis,238,240,2
Mycolicibacillus_koreensis,250,251,1
Mycolicibacillus_koreensis,295,296,1
Mycolicibacillus_koreensis,341,342,1
Mycolicibacillus_koreensis,359,360,1
Mycolicibacillus_koreensis,373,374,1
Mycolicibacillus_koreensis,401,402,1
Mycolicibacillus_koreensis,416,417,1
Mycolicibacillus_koreensis,451,452,1
Mycolicibacillus_koreensis,471,574,103
Mycolicibacillus_koreensis,697,701,4
Mycolicibacillus_koreensis,753,755,2
Mycolicibacillus_koreensis,760,767,7
Mycolicibacillus_koreensis,789,790,1
Mycolicibacillus_koreensis,839,840,1
Mycolicibacillus_koreensis,896,900,4
Mycolicibacillus_koreensis,1010,1011,1
Mycolicibacillus_koreensis,1068,1069,1
Mycolicibacillus_koreensis,1168,1169,1
Mycolicibacillus_koreensis,1190,1192,2
Mycolicibacillus_koreensis,1211,1212,1
Mycolicibacillus_koreensis,1237,1239,2
Mycolicibacillus_koreensis,1398,1399,1
Mycolicibacillus_koreensis,1430,1437,7
Mycolicibacillus_koreensis,1438,1458,20
Mycolicibacillus_koreensis,1491,1492,1
Mycolicibacillus_koreensis,1707,1708,1
Mycolicibacillus_koreensis,1751,1757,6
Mycolicibacillus_koreensis,1772,1777,5
Mycolicibacillus_koreensis,1784,1785,1
Mycolicibacillus_koreensis,1789,1790,1
Mycolicibacillus_koreensis,1802,1803,1
Mycolicibacillus_koreensis,1918,1919,1
Mycolicibacillus_koreensis,1954,1955,1
Mycolicibacillus_koreensis,2132,2133,1
Mycolicibacillus_koreensis,2136,2137,1
Mycolicibacillus_koreensis,2138,2139,1
Mycolicibacillus_koreensis,2143,2147,4
Mycolicibacillus_koreensis,2151,2152,1
Mycolicibacillus_koreensis,2162,2163,1
Mycolicibacillus_koreensis,2285,2305,20
Mycolicibacillus_koreensis,2310,2315,5
Mycolicibacillus_koreensis,2316,2318,2
Mycolicibacillus_koreensis,2379,2380,1
Mycolicibacillus_koreensis,2664,2665,1
Mycolicibacillus_koreensis,2723,2850,127
Mycolicibacillus_koreensis,3376,3377,1
Mycolicibacillus_koreensis,3378,3379,1
Mycolicibacillus_koreensis,3393,3394,1
Mycolicibacillus_koreensis,3433,3434,1
Mycobacterium_talmoniae,1,3,2
Mycobacterium_talmoniae,82,83,1
Mycobacterium_talmoniae,186,187,1
Mycobacterium_talmoniae,235,237,2
Mycobacterium_talmoniae,238,240,2
Mycobacterium_talmoniae,250,251,1
Mycobacterium_talmoniae,295,296,1
Mycobacterium_talmoniae,341,342,1
Mycobacterium_talmoniae,359,360,1
Mycobacterium_talmoniae,373,374,1
Mycobacterium_talmoniae,401,402,1
Mycobacterium_talmoniae,416,417,1
Mycobacterium_talmoniae,451,452,1
Mycobacterium_talmoniae,473,574,101
Mycobacterium_talmoniae,753,755,2
Mycobacterium_talmoniae,757,758,1
Mycobacterium_talmoniae,760,768,8
Mycobacterium_talmoniae,789,790,1
Mycobacterium_talmoniae,839,840,1
Mycobacterium_talmoniae,884,891,7
Mycobacterium_talmoniae,896,900,4
Mycobacterium_talmoniae,1010,1011,1
Mycobacterium_talmoniae,1068,1069,1
Mycobacterium_talmoniae,1168,1169,1
Mycobacterium_talmoniae,1185,1186,1
Mycobacterium_talmoniae,1189,1192,3
Mycobacterium_talmoniae,1211,1212,1
Mycobacterium_talmoniae,1237,1238,1
Mycobacterium_talmoniae,1398,1399,1
Mycobacterium_talmoniae,1430,1437,7
Mycobacterium_talmoniae,1438,1439,1
Mycobacterium_talmoniae,1441,1456,15
Mycobacterium_talmoniae,1457,1458,1
Mycobacterium_talmoniae,1491,1492,1
Mycobacterium_talmoniae,1707,1708,1
Mycobacterium_talmoniae,1748,1749,1
Mycobacterium_talmoniae,1751,1752,1
Mycobacterium_talmoniae,1756,1761,5
Mycobacterium_talmoniae,1772,1777,5
Mycobacterium_talmoniae,1784,1785,1
Mycobacterium_talmoniae,1789,1791,2
Mycobacterium_talmoniae,1802,1803,1
Mycobacterium_talmoniae,1954,1955,1
Mycobacterium_talmoniae,1993,1994,1
Mycobacterium_talmoniae,2132,2133,1
Mycobacterium_talmoniae,2136,2137,1
Mycobacterium_talmoniae,2138,2139,1
Mycobacterium_talmoniae,2143,2147,4
Mycobacterium_talmoniae,2150,2152,2
Mycobacterium_talmoniae,2162,2163,1
Mycobacterium_talmoniae,2285,2294,9
Mycobacterium_talmoniae,2295,2307,12
Mycobacterium_talmoniae,2309,2315,6
Mycobacterium_talmoniae,2379,2380,1
Mycobacterium_talmoniae,2664,2665,1
Mycobacterium_talmoniae,2723,2850,127
Mycobacterium_talmoniae,3376,3377,1
Mycobacterium_talmoniae,3378,3379,1
Mycobacterium_talmoniae,3433,3434,1
Mycolicibacillus_trivialis,1,3,2
Mycolicibacillus_trivialis,82,83,1
Mycolicibacillus_trivialis,186,187,1
Mycolicibacillus_trivialis,235,237,2
Mycolicibacillus_trivialis,238,240,2
Mycolicibacillus_trivialis,250,251,1
Mycolicibacillus_trivialis,295,296,1
Mycolicibacillus_trivialis,341,342,1
Mycolicibacillus_trivialis,373,374,1
Mycolicibacillus_trivialis,401,402,1
Mycolicibacillus_trivialis,416,417,1
Mycolicibacillus_trivialis,451,452,1
Mycolicibacillus_trivialis,471,574,103
Mycolicibacillus_trivialis,753,755,2
Mycolicibacillus_trivialis,760,767,7
Mycolicibacillus_trivialis,789,790,1
Mycolicibacillus_trivialis,839,840,1
Mycolicibacillus_trivialis,887,902,15
Mycolicibacillus_trivialis,1010,1011,1
Mycolicibacillus_trivialis,1068,1069,1
Mycolicibacillus_trivialis,1168,1169,1
Mycolicibacillus_trivialis,1190,1192,2
Mycolicibacillus_trivialis,1211,1212,1
Mycolicibacillus_trivialis,1237,1238,1
Mycolicibacillus_trivialis,1398,1399,1
Mycolicibacillus_trivialis,1430,1437,7
Mycolicibacillus_trivialis,1438,1439,1
Mycolicibacillus_trivialis,1445,1446,1
Mycolicibacillus_trivialis,1449,1458,9
Mycolicibacillus_trivialis,1491,1492,1
Mycolicibacillus_trivialis,1707,1708,1
Mycolicibacillus_trivialis,1748,1749,1
Mycolicibacillus_trivialis,1756,1761,5
Mycolicibacillus_trivialis,1776,1777,1
Mycolicibacillus_trivialis,1784,1790,6
Mycolicibacillus_trivialis,1802,1803,1
Mycolicibacillus_trivialis,1954,1955,1
Mycolicibacillus_trivialis,1993,1994,1
Mycolicibacillus_trivialis,2132,2133,1
Mycolicibacillus_trivialis,2136,2137,1
Mycolicibacillus_trivialis,2138,2139,1
Mycolicibacillus_trivialis,2143,2147,4
Mycolicibacillus_trivialis,2151,2152,1
Mycolicibacillus_trivialis,2162,2163,1
Mycolicibacillus_trivialis,2285,2305,20
Mycolicibacillus_trivialis,2310,2315,5
Mycolicibacillus_trivialis,2316,2318,2
Mycolicibacillus_trivialis,2379,2380,1
Mycolicibacillus_trivialis,2664,2665,1
Mycolicibacillus_trivialis,2723,2850,127
Mycolicibacillus_trivialis,3376,3377,1
Mycolicibacillus_trivialis,3378,3379,1
Mycolicibacillus_trivialis,3433,3434,1
Mycolicibacterium_madagascariense,1,3,2
Mycolicibacterium_madagascariense,82,83,1
Mycolicibacterium_madagascariense,186,187,1
Mycolicibacterium_madagascariense,235,237,2
Mycolicibacterium_madagascariense,238,240,2
Mycolicibacterium_madagascariense,250,251,1
Mycolicibacterium_madagascariense,295,296,1
Mycolicibacterium_madagascariense,321,323,2
Mycolicibacterium_madagascariense,340,342,2
Mycolicibacterium_madagascariense,355,356,1
Mycolicibacterium_madagascariense,359,360,1
Mycolicibacterium_madagascariense,373,374,1
Mycolicibacterium_madagascariense,401,402,1
Mycolicibacterium_madagascariense,416,417,1
Mycolicibacterium_madagascariense,451,452,1
Mycolicibacterium_madagascariense,472,574,102
Mycolicibacterium_madagascariense,753,756,3
Mycolicibacterium_madagascariense,760,768,8
Mycolicibacterium_madagascariense,789,790,1
Mycolicibacterium_madagascariense,839,840,1
Mycolicibacterium_madagascariense,890,891,1
Mycolicibacterium_madagascariense,896,900,4
Mycolicibacterium_madagascariense,1010,1011,1
Mycolicibacterium_madagascariense,1068,1069,1
Mycolicibacterium_madagascariense,1168,1169,1
Mycolicibacterium_madagascariense,1185,1186,1
Mycolicibacterium_madagascariense,1191,1192,1
Mycolicibacterium_madagascariense,1211,1212,1
Mycolicibacterium_madagascariense,1237,1238,1
Mycolicibacterium_madagascariense,1398,1399,1
Mycolicibacterium_madagascariense,1430,1437,7
Mycolicibacterium_madagascariense,1438,1439,1
Mycolicibacterium_madagascariense,1445,1446,1
Mycolicibacterium_madagascariense,1452,1456,4
Mycolicibacterium_madagascariense,1457,1458,1
Mycolicibacterium_madagascariense,1491,1492,1
Mycolicibacterium_madagascariense,1707,1708,1
Mycolicibacterium_madagascariense,1748,1749,1
Mycolicibacterium_madagascariense,1751,1752,1
Mycolicibacterium_madagascariense,1756,1761,5
Mycolicibacterium_madagascariense,1771,1775,4
Mycolicibacterium_madagascariense,1776,1777,1
Mycolicibacterium_madagascariense,1784,1785,1
Mycolicibacterium_madagascariense,1789,1791,2
Mycolicibacterium_madagascariense,1802,1803,1
Mycolicibacterium_madagascariense,1954,1955,1
Mycolicibacterium_madagascariense,1993,1994,1
Mycolicibacterium_madagascariense,2121,2122,1
Mycolicibacterium_madagascariense,2132,2133,1
Mycolicibacterium_madagascariense,2136,2137,1
Mycolicibacterium_madagascariense,2138,2139,1
Mycolicibacterium_madagascariense,2143,2147,4
Mycolicibacterium_madagascariense,2151,2152,1
Mycolicibacterium_madagascariense,2162,2163,1
Mycolicibacterium_madagascariense,2285,2294,9
Mycolicibacterium_madagascariense,2296,2297,1
Mycolicibacterium_madagascariense,2299,2300,1
Mycolicibacterium_madagascariense,2303,2306,3
Mycolicibacterium_madagascariense,2309,2315,6
Mycolicibacterium_madagascariense,2316,2325,9
Mycolicibacterium_madagascariense,2379,2380,1
Mycolicibacterium_madagascariense,2664,2665,1
Mycolicibacterium_madagascariense,2723,2850,127
Mycolicibacterium_madagascariense,3376,3377,1
Mycolicibacterium_madagascariense,3378,3379,1
Mycolicibacterium_madagascariense,3433,3434,1
Mycolicibacter_kumamotonensis,1,3,2
Mycolicibacter_kumamotonensis,82,83,1
Mycolicibacter_kumamotonensis,236,237,1
Mycolicibacter_kumamotonensis,238,240,2
Mycolicibacter_kumamotonensis,250,251,1
Mycolicibacter_kumamotonensis,277,278,1
Mycolicibacter_kumamotonensis,295,296,1
Mycolicibacter_kumamotonensis,341,342,1
Mycolicibacter_kumamotonensis,359,360,1
Mycolicibacter_kumamotonensis,373,374,1
Mycolicibacter_kumamotonensis,401,402,1
Mycolicibacter_kumamotonensis,416,417,1
Mycolicibacter_kumamotonensis,451,452,1
Mycolicibacter_kumamotonensis,472,574,102
Mycolicibacter_kumamotonensis,753,755,2
Mycolicibacter_kumamotonensis,760,768,8
Mycolicibacter_kumamotonensis,789,790,1
Mycolicibacter_kumamotonensis,839,840,1
Mycolicibacter_kumamotonensis,890,891,1
Mycolicibacter_kumamotonensis,896,900,4
Mycolicibacter_kumamotonensis,1010,1011,1
Mycolicibacter_kumamotonensis,1068,1069,1
Mycolicibacter_kumamotonensis,1168,1169,1
Mycolicibacter_kumamotonensis,1185,1186,1
Mycolicibacter_kumamotonensis,1190,1192,2
Mycolicibacter_kumamotonensis,1211,1212,1
Mycolicibacter_kumamotonensis,1237,1238,1
Mycolicibacter_kumamotonensis,1398,1399,1
Mycolicibacter_kumamotonensis,1430,1437,7
Mycolicibacter_kumamotonensis,1438,1439,1
Mycolicibacter_kumamotonensis,1440,1458,18
Mycolicibacter_kumamotonensis,1462,1463,1
Mycolicibacter_kumamotonensis,1491,1492,1
Mycolicibacter_kumamotonensis,1707,1708,1
Mycolicibacter_kumamotonensis,1748,1749,1
Mycolicibacter_kumamotonensis,1756,1761,5
Mycolicibacter_kumamotonensis,1772,1775,3
Mycolicibacter_kumamotonensis,1776,1777,1
Mycolicibacter_kumamotonensis,1784,1785,1
Mycolicibacter_kumamotonensis,1789,1791,2
Mycolicibacter_kumamotonensis,1802,1803,1
Mycolicibacter_kumamotonensis,1918,1919,1
Mycolicibacter_kumamotonensis,1954,1955,1
Mycolicibacter_kumamotonensis,1993,1994,1
Mycolicibacter_kumamotonensis,2132,2133,1
Mycolicibacter_kumamotonensis,2136,2137,1
Mycolicibacter_kumamotonensis,2138,2139,1
Mycolicibacter_kumamotonensis,2143,2147,4
Mycolicibacter_kumamotonensis,2151,2152,1
Mycolicibacter_kumamotonensis,2162,2163,1
Mycolicibacter_kumamotonensis,2285,2294,9
Mycolicibacter_kumamotonensis,2296,2297,1
Mycolicibacter_kumamotonensis,2299,2300,1
Mycolicibacter_kumamotonensis,2302,2307,5
Mycolicibacter_kumamotonensis,2309,2315,6
Mycolicibacter_kumamotonensis,2316,2325,9
Mycolicibacter_kumamotonensis,2379,2380,1
Mycolicibacter_kumamotonensis,2664,2665,1
Mycolicibacter_kumamotonensis,2723,2850,127
Mycolicibacter_kumamotonensis,3376,3377,1
Mycolicibacter_kumamotonensis,3378,3379,1
Mycolicibacter_kumamotonensis,3433,3434,1
Mycobacterium_branderi,1,3,2
Mycobacterium_branderi,82,83,1
Mycobacterium_branderi,186,187,1
Mycobacterium_branderi,235,237,2
Mycobacterium_branderi,238,240,2
Mycobacterium_branderi,250,251,1
Mycobacterium_branderi,295,296,1
Mycobacterium_branderi,359,360,1
Mycobacterium_branderi,373,374,1
Mycobacterium_branderi,386,387,1
Mycobacterium_branderi,401,402,1
Mycobacterium_branderi,416,417,1
Mycobacterium_branderi,451,452,1
Mycobacterium_branderi,471,574,103
Mycobacterium_branderi,753,769,16
Mycobacterium_branderi,789,790,1
Mycobacterium_branderi,884,886,2
Mycobacterium_branderi,890,891,1
Mycobacterium_branderi,896,900,4
Mycobacterium_branderi,1010,1011,1
Mycobacterium_branderi,1068,1069,1
Mycobacterium_branderi,1168,1169,1
Mycobacterium_branderi,1184,1186,2
Mycobacterium_branderi,1190,1192,2
Mycobacterium_branderi,1211,1212,1
Mycobacterium_branderi,1237,1238,1
Mycobacterium_branderi,1398,1399,1
Mycobacterium_branderi,1430,1437,7
Mycobacterium_branderi,1438,1439,1
Mycobacterium_branderi,1445,1458,13
Mycobacterium_branderi,1491,1492,1
Mycobacterium_branderi,1707,1708,1
Mycobacterium_branderi,1748,1749,1
Mycobacterium_branderi,1756,1761,5
Mycobacterium_branderi,1772,1775,3
Mycobacterium_branderi,1776,1777,1
Mycobacterium_branderi,1784,1785,1
Mycobacterium_branderi,1789,1791,2
Mycobacterium_branderi,1802,1803,1
Mycobacterium_branderi,1917,1919,2
Mycobacterium_branderi,1954,1955,1
Mycobacterium_branderi,1993,1994,1
Mycobacterium_branderi,2132,2133,1
Mycobacterium_branderi,2136,2137,1
Mycobacterium_branderi,2138,2139,1
Mycobacterium_branderi,2143,2147,4
Mycobacterium_branderi,2151,2152,1
Mycobacterium_branderi,2154,2155,1
Mycobacterium_branderi,2162,2163,1
Mycobacterium_branderi,2285,2294,9
Mycobacterium_branderi,2296,2305,9
Mycobacterium_branderi,2316,2325,9
Mycobacterium_branderi,2379,2380,1
Mycobacterium_branderi,2664,2665,1
Mycobacterium_branderi,2723,2850,127
Mycobacterium_branderi,3376,3377,1
Mycobacterium_branderi,3378,3379,1
Mycobacterium_branderi,3433,3434,1
Mycolicibacterium_lacusdiani,82,83,1
Mycolicibacterium_lacusdiani,186,187,1
Mycolicibacterium_lacusdiani,235,237,2
Mycolicibacterium_lacusdiani,238,240,2
Mycolicibacterium_lacusdiani,250,251,1
Mycolicibacterium_lacusdiani,295,296,1
Mycolicibacterium_lacusdiani,341,342,1
Mycolicibacterium_lacusdiani,359,360,1
Mycolicibacterium_lacusdiani,373,374,1
Mycolicibacterium_lacusdiani,416,417,1
Mycolicibacterium_lacusdiani,451,452,1
Mycolicibacterium_lacusdiani,471,574,103
Mycolicibacterium_lacusdiani,760,768,8
Mycolicibacterium_lacusdiani,789,790,1
Mycolicibacterium_lacusdiani,839,840,1
Mycolicibacterium_lacusdiani,890,891,1
Mycolicibacterium_lacusdiani,896,900,4
Mycolicibacterium_lacusdiani,1010,1011,1
Mycolicibacterium_lacusdiani,1068,1069,1
Mycolicibacterium_lacusdiani,1168,1169,1
Mycolicibacterium_lacusdiani,1185,1186,1
Mycolicibacterium_lacusdiani,1191,1192,1
Mycolicibacterium_lacusdiani,1211,1212,1
Mycolicibacterium_lacusdiani,1237,1238,1
Mycolicibacterium_lacusdiani,1398,1399,1
Mycolicibacterium_lacusdiani,1430,1437,7
Mycolicibacterium_lacusdiani,1438,1439,1
Mycolicibacterium_lacusdiani,1445,1465,20
Mycolicibacterium_lacusdiani,1707,1708,1
Mycolicibacterium_lacusdiani,1748,1749,1
Mycolicibacterium_lacusdiani,1751,1752,1
Mycolicibacterium_lacusdiani,1756,1761,5
Mycolicibacterium_lacusdiani,1771,1775,4
Mycolicibacterium_lacusdiani,1776,1777,1
Mycolicibacterium_lacusdiani,1784,1785,1
Mycolicibacterium_lacusdiani,1802,1803,1
Mycolicibacterium_lacusdiani,1918,1919,1
Mycolicibacterium_lacusdiani,1954,1955,1
Mycolicibacterium_lacusdiani,1993,1994,1
Mycolicibacterium_lacusdiani,2132,2133,1
Mycolicibacterium_lacusdiani,2136,2137,1
Mycolicibacterium_lacusdiani,2138,2139,1
Mycolicibacterium_lacusdiani,2143,2147,4
Mycolicibacterium_lacusdiani,2151,2152,1
Mycolicibacterium_lacusdiani,2162,2163,1
Mycolicibacterium_lacusdiani,2286,2293,7
Mycolicibacterium_lacusdiani,2296,2297,1
Mycolicibacterium_lacusdiani,2299,2300,1
Mycolicibacterium_lacusdiani,2303,2306,3
Mycolicibacterium_lacusdiani,2309,2315,6
Mycolicibacterium_lacusdiani,2316,2325,9
Mycolicibacterium_lacusdiani,2379,2380,1
Mycolicibacterium_lacusdiani,2664,2665,1
Mycolicibacterium_lacusdiani,2723,2850,127
Mycolicibacterium_lacusdiani,3376,3377,1
Mycolicibacterium_lacusdiani,3378,3379,1
Mycolicibacterium_lacusdiani,3433,3434,1
Mycolicibacter_heraklionensis,1,3,2
Mycolicibacter_heraklionensis,82,83,1
Mycolicibacter_heraklionensis,236,237,1
Mycolicibacter_heraklionensis,238,240,2
Mycolicibacter_heraklionensis,250,251,1
Mycolicibacter_heraklionensis,295,296,1
Mycolicibacter_heraklionensis,341,342,1
Mycolicibacter_heraklionensis,359,360,1
Mycolicibacter_heraklionensis,373,374,1
Mycolicibacter_heraklionensis,401,402,1
Mycolicibacter_heraklionensis,416,417,1
Mycolicibacter_heraklionensis,451,452,1
Mycolicibacter_heraklionensis,471,574,103
Mycolicibacter_heraklionensis,753,755,2
Mycolicibacter_heraklionensis,759,768,9
Mycolicibacter_heraklionensis,789,790,1
Mycolicibacter_heraklionensis,839,840,1
Mycolicibacter_heraklionensis,890,891,1
Mycolicibacter_heraklionensis,896,900,4
Mycolicibacter_heraklionensis,1010,1011,1
Mycolicibacter_heraklionensis,1068,1069,1
Mycolicibacter_heraklionensis,1168,1169,1
Mycolicibacter_heraklionensis,1185,1186,1
Mycolicibacter_heraklionensis,1190,1192,2
Mycolicibacter_heraklionensis,1211,1212,1
Mycolicibacter_heraklionensis,1237,1238,1
Mycolicibacter_heraklionensis,1398,1399,1
Mycolicibacter_heraklionensis,1430,1437,7
Mycolicibacter_heraklionensis,1438,1439,1
Mycolicibacter_heraklionensis,1440,1458,18
Mycolicibacter_heraklionensis,1491,1492,1
Mycolicibacter_heraklionensis,1707,1708,1
Mycolicibacter_heraklionensis,1756,1761,5
Mycolicibacter_heraklionensis,1772,1775,3
Mycolicibacter_heraklionensis,1776,1777,1
Mycolicibacter_heraklionensis,1784,1785,1
Mycolicibacter_heraklionensis,1789,1790,1
Mycolicibacter_heraklionensis,1802,1803,1
Mycolicibacter_heraklionensis,1917,1919,2
Mycolicibacter_heraklionensis,1954,1955,1
Mycolicibacter_heraklionensis,1993,1994,1
Mycolicibacter_heraklionensis,2132,2133,1
Mycolicibacter_heraklionensis,2136,2137,1
Mycolicibacter_heraklionensis,2138,2139,1
Mycolicibacter_heraklionensis,2143,2147,4
Mycolicibacter_heraklionensis,2162,2163,1
Mycolicibacter_heraklionensis,2285,2294,9
Mycolicibacter_heraklionensis,2296,2297,1
Mycolicibacter_heraklionensis,2299,2300,1
Mycolicibacter_heraklionensis,2302,2307,5
Mycolicibacter_heraklionensis,2309,2315,6
Mycolicibacter_heraklionensis,2316,2325,9
Mycolicibacter_heraklionensis,2379,2380,1
Mycolicibacter_heraklionensis,2664,2665,1
Mycolicibacter_heraklionensis,2723,2850,127
Mycolicibacter_heraklionensis,3376,3377,1
Mycolicibacter_heraklionensis,3378,3379,1
Mycolicibacter_heraklionensis,3433,3434,1
Mycolicibacter_nonchromogenicus,1,3,2
Mycolicibacter_nonchromogenicus,82,83,1
Mycolicibacter_nonchromogenicus,236,237,1
Mycolicibacter_nonchromogenicus,238,240,2
Mycolicibacter_nonchromogenicus,250,251,1
Mycolicibacter_nonchromogenicus,295,296,1
Mycolicibacter_nonchromogenicus,341,342,1
Mycolicibacter_nonchromogenicus,359,360,1
Mycolicibacter_nonchromogenicus,373,374,1
Mycolicibacter_nonchromogenicus,401,402,1
Mycolicibacter_nonchromogenicus,416,417,1
Mycolicibacter_nonchromogenicus,451,452,1
Mycolicibacter_nonchromogenicus,471,574,103
Mycolicibacter_nonchromogenicus,753,755,2
Mycolicibacter_nonchromogenicus,759,768,9
Mycolicibacter_nonchromogenicus,789,790,1
Mycolicibacter_nonchromogenicus,839,840,1
Mycolicibacter_nonchromogenicus,890,891,1
Mycolicibacter_nonchromogenicus,896,900,4
Mycolicibacter_nonchromogenicus,1010,1011,1
Mycolicibacter_nonchromogenicus,1068,1069,1
Mycolicibacter_nonchromogenicus,1168,1169,1
Mycolicibacter_nonchromogenicus,1185,1186,1
Mycolicibacter_nonchromogenicus,1190,1192,2
Mycolicibacter_nonchromogenicus,1211,1212,1
Mycolicibacter_nonchromogenicus,1237,1238,1
Mycolicibacter_nonchromogenicus,1398,1399,1
Mycolicibacter_nonchromogenicus,1430,1437,7
Mycolicibacter_nonchromogenicus,1438,1439,1
Mycolicibacter_nonchromogenicus,1440,1458,18
Mycolicibacter_nonchromogenicus,1462,1463,1
Mycolicibacter_nonchromogenicus,1491,1492,1
Mycolicibacter_nonchromogenicus,1707,1708,1
Mycolicibacter_nonchromogenicus,1748,1749,1
Mycolicibacter_nonchromogenicus,1751,1752,1
Mycolicibacter_nonchromogenicus,1756,1761,5
Mycolicibacter_nonchromogenicus,1772,1777,5
Mycolicibacter_nonchromogenicus,1784,1785,1
Mycolicibacter_nonchromogenicus,1789,1791,2
Mycolicibacter_nonchromogenicus,1802,1803,1
Mycolicibacter_nonchromogenicus,1954,1955,1
Mycolicibacter_nonchromogenicus,1993,1994,1
Mycolicibacter_nonchromogenicus,2132,2133,1
Mycolicibacter_nonchromogenicus,2136,2137,1
Mycolicibacter_nonchromogenicus,2138,2139,1
Mycolicibacter_nonchromogenicus,2143,2147,4
Mycolicibacter_nonchromogenicus,2151,2152,1
Mycolicibacter_nonchromogenicus,2162,2163,1
Mycolicibacter_nonchromogenicus,2285,2294,9
Mycolicibacter_nonchromogenicus,2296,2297,1
Mycolicibacter_nonchromogenicus,2299,2300,1
Mycolicibacter_nonchromogenicus,2302,2307,5
Mycolicibacter_nonchromogenicus,2309,2315,6
Mycolicibacter_nonchromogenicus,2316,2325,9
Mycolicibacter_nonchromogenicus,2379,2380,1
Mycolicibacter_nonchromogenicus,2664,2665,1
Mycolicibacter_nonchromogenicus,2723,2850,127
Mycolicibacter_nonchromogenicus,3376,3377,1
Mycolicibacter_nonchromogenicus,3378,3379,1
Mycolicibacter_nonchromogenicus,3433,3434,1
Mycobacterium_yunnanensis,1,3,2
Mycobacterium_yunnanensis,82,83,1
Mycobacterium_yunnanensis,186,187,1
Mycobacterium_yunnanensis,235,237,2
Mycobacterium_yunnanensis,238,240,2
Mycobacterium_yunnanensis,250,251,1
Mycobacterium_yunnanensis,295,296,1
Mycobacterium_yunnanensis,341,342,1
Mycobacterium_yunnanensis,359,360,1
Mycobacterium_yunnanensis,373,374,1
Mycobacterium_yunnanensis,416,417,1
Mycobacterium_yunnanensis,451,452,1
Mycobacterium_yunnanensis,472,574,102
Mycobacterium_yunnanensis,753,756,3
Mycobacterium_yunnanensis,760,768,8
Mycobacterium_yunnanensis,789,790,1
Mycobacterium_yunnanensis,839,840,1
Mycobacterium_yunnanensis,890,891,1
Mycobacterium_yunnanensis,896,900,4
Mycobacterium_yunnanensis,1010,1011,1
Mycobacterium_yunnanensis,1068,1069,1
Mycobacterium_yunnanensis,1168,1169,1
Mycobacterium_yunnanensis,1185,1186,1
Mycobacterium_yunnanensis,1191,1192,1
Mycobacterium_yunnanensis,1211,1212,1
Mycobacterium_yunnanensis,1237,1238,1
Mycobacterium_yunnanensis,1398,1399,1
Mycobacterium_yunnanensis,1430,1437,7
Mycobacterium_yunnanensis,1438,1439,1
Mycobacterium_yunnanensis,1440,1461,21
Mycobacterium_yunnanensis,1707,1708,1
Mycobacterium_yunnanensis,1748,1749,1
Mycobacterium_yunnanensis,1751,1752,1
Mycobacterium_yunnanensis,1756,1761,5
Mycobacterium_yunnanensis,1771,1775,4
Mycobacterium_yunnanensis,1776,1777,1
Mycobacterium_yunnanensis,1784,1785,1
Mycobacterium_yunnanensis,1802,1803,1
Mycobacterium_yunnanensis,1918,1919,1
Mycobacterium_yunnanensis,1954,1955,1
Mycobacterium_yunnanensis,1993,1994,1
Mycobacterium_yunnanensis,2121,2122,1
Mycobacterium_yunnanensis,2132,2133,1
Mycobacterium_yunnanensis,2136,2137,1
Mycobacterium_yunnanensis,2138,2139,1
Mycobacterium_yunnanensis,2143,2147,4
Mycobacterium_yunnanensis,2151,2152,1
Mycobacterium_yunnanensis,2162,2163,1
Mycobacterium_yunnanensis,2285,2294,9
Mycobacterium_yunnanensis,2296,2297,1
Mycobacterium_yunnanensis,2299,2300,1
Mycobacterium_yunnanensis,2303,2306,3
Mycobacterium_yunnanensis,2307,2315,8
Mycobacterium_yunnanensis,2316,2325,9
Mycobacterium_yunnanensis,2379,2380,1
Mycobacterium_yunnanensis,2664,2665,1
Mycobacterium_yunnanensis,2723,2850,127
Mycobacterium_yunnanensis,3376,3377,1
Mycobacterium_yunnanensis,3378,3379,1
Mycobacterium_yunnanensis,3433,3434,1
Mycolicibacter_longobardus,1,3,2
Mycolicibacter_longobardus,82,83,1
Mycolicibacter_longobardus,236,237,1
Mycolicibacter_longobardus,238,240,2
Mycolicibacter_longobardus,250,251,1
Mycolicibacter_longobardus,295,296,1
Mycolicibacter_longobardus,341,342,1
Mycolicibacter_longobardus,359,360,1
Mycolicibacter_longobardus,373,374,1
Mycolicibacter_longobardus,401,402,1
Mycolicibacter_longobardus,416,417,1
Mycolicibacter_longobardus,451,452,1
Mycolicibacter_longobardus,471,574,103
Mycolicibacter_longobardus,753,755,2
Mycolicibacter_longobardus,760,768,8
Mycolicibacter_longobardus,789,790,1
Mycolicibacter_longobardus,839,840,1
Mycolicibacter_longobardus,890,891,1
Mycolicibacter_longobardus,896,900,4
Mycolicibacter_longobardus,1010,1011,1
Mycolicibacter_longobardus,1068,1069,1
Mycolicibacter_longobardus,1168,1169,1
Mycolicibacter_longobardus,1185,1186,1
Mycolicibacter_longobardus,1190,1192,2
Mycolicibacter_longobardus,1211,1212,1
Mycolicibacter_longobardus,1237,1238,1
Mycolicibacter_longobardus,1398,1399,1
Mycolicibacter_longobardus,1430,1437,7
Mycolicibacter_longobardus,1438,1439,1
Mycolicibacter_longobardus,1440,1458,18
Mycolicibacter_longobardus,1462,1463,1
Mycolicibacter_longobardus,1491,1492,1
Mycolicibacter_longobardus,1707,1708,1
Mycolicibacter_longobardus,1748,1749,1
Mycolicibacter_longobardus,1756,1761,5
Mycolicibacter_longobardus,1772,1775,3
Mycolicibacter_longobardus,1776,1777,1
Mycolicibacter_longobardus,1784,1785,1
Mycolicibacter_longobardus,1789,1791,2
Mycolicibacter_longobardus,1802,1803,1
Mycolicibacter_longobardus,1918,1919,1
Mycolicibacter_longobardus,1954,1955,1
Mycolicibacter_longobardus,1993,1994,1
Mycolicibacter_longobardus,2132,2133,1
Mycolicibacter_longobardus,2136,2137,1
Mycolicibacter_longobardus,2138,2139,1
Mycolicibacter_longobardus,2143,2147,4
Mycolicibacter_longobardus,2151,2152,1
Mycolicibacter_longobardus,2162,2163,1
Mycolicibacter_longobardus,2285,2294,9
Mycolicibacter_longobardus,2296,2297,1
Mycolicibacter_longobardus,2299,2300,1
Mycolicibacter_longobardus,2302,2307,5
Mycolicibacter_longobardus,2309,2315,6
Mycolicibacter_longobardus,2316,2325,9
Mycolicibacter_longobardus,2379,2380,1
Mycolicibacter_longobardus,2664,2665,1
Mycolicibacter_longobardus,2723,2850,127
Mycolicibacter_longobardus,3376,3377,1
Mycolicibacter_longobardus,3378,3379,1
Mycolicibacter_longobardus,3433,3434,1
Mycobacterium_fragae,1,3,2
Mycobacterium_fragae,82,83,1
Mycobacterium_fragae,186,187,1
Mycobacterium_fragae,235,237,2
Mycobacterium_fragae,238,240,2
Mycobacterium_fragae,250,251,1
Mycobacterium_fragae,359,360,1
Mycobacterium_fragae,386,387,1
Mycobacterium_fragae,401,402,1
Mycobacterium_fragae,416,417,1
Mycobacterium_fragae,451,452,1
Mycobacterium_fragae,472,574,102
Mycobacterium_fragae,753,768,15
Mycobacterium_fragae,789,790,1
Mycobacterium_fragae,839,840,1
Mycobacterium_fragae,883,891,8
Mycobacterium_fragae,896,897,1
Mycobacterium_fragae,1010,1011,1
Mycobacterium_fragae,1068,1069,1
Mycobacterium_fragae,1168,1169,1
Mycobacterium_fragae,1184,1186,2
Mycobacterium_fragae,1190,1192,2
Mycobacterium_fragae,1211,1212,1
Mycobacterium_fragae,1237,1238,1
Mycobacterium_fragae,1398,1399,1
Mycobacterium_fragae,1430,1437,7
Mycobacterium_fragae,1438,1439,1
Mycobacterium_fragae,1445,1462,17
Mycobacterium_fragae,1491,1492,1
Mycobacterium_fragae,1518,1519,1
Mycobacterium_fragae,1707,1708,1
Mycobacterium_fragae,1748,1749,1
Mycobacterium_fragae,1756,1761,5
Mycobacterium_fragae,1772,1775,3
Mycobacterium_fragae,1776,1777,1
Mycobacterium_fragae,1784,1785,1
Mycobacterium_fragae,1789,1791,2
Mycobacterium_fragae,1802,1803,1
Mycobacterium_fragae,1917,1919,2
Mycobacterium_fragae,1954,1955,1
Mycobacterium_fragae,1993,1994,1
Mycobacterium_fragae,2132,2133,1
Mycobacterium_fragae,2136,2137,1
Mycobacterium_fragae,2138,2139,1
Mycobacterium_fragae,2143,2147,4
Mycobacterium_fragae,2151,2152,1
Mycobacterium_fragae,2162,2163,1
Mycobacterium_fragae,2285,2294,9
Mycobacterium_fragae,2296,2297,1
Mycobacterium_fragae,2299,2300,1
Mycobacterium_fragae,2303,2305,2
Mycobacterium_fragae,2309,2315,6
Mycobacterium_fragae,2316,2325,9
Mycobacterium_fragae,2379,2380,1
Mycobacterium_fragae,2664,2665,1
Mycobacterium_fragae,2723,2850,127
Mycobacterium_fragae,3378,3379,1
Mycobacterium_fragae,3433,3434,1
Mycolicibacterium_mageritense,1,3,2
Mycolicibacterium_mageritense,82,83,1
Mycolicibacterium_mageritense,186,187,1
Mycolicibacterium_mageritense,235,237,2
Mycolicibacterium_mageritense,238,240,2
Mycolicibacterium_mageritense,250,251,1
Mycolicibacterium_mageritense,295,296,1
Mycolicibacterium_mageritense,341,342,1
Mycolicibacterium_mageritense,359,360,1
Mycolicibacterium_mageritense,373,374,1
Mycolicibacterium_mageritense,401,402,1
Mycolicibacterium_mageritense,416,417,1
Mycolicibacterium_mageritense,451,452,1
Mycolicibacterium_mageritense,472,574,102
Mycolicibacterium_mageritense,753,755,2
Mycolicibacterium_mageritense,760,768,8
Mycolicibacterium_mageritense,789,790,1
Mycolicibacterium_mageritense,839,840,1
Mycolicibacterium_mageritense,890,891,1
Mycolicibacterium_mageritense,896,900,4
Mycolicibacterium_mageritense,1010,1011,1
Mycolicibacterium_mageritense,1068,1069,1
Mycolicibacterium_mageritense,1168,1169,1
Mycolicibacterium_mageritense,1185,1186,1
Mycolicibacterium_mageritense,1211,1212,1
Mycolicibacterium_mageritense,1237,1238,1
Mycolicibacterium_mageritense,1266,1267,1
Mycolicibacterium_mageritense,1398,1399,1
Mycolicibacterium_mageritense,1430,1437,7
Mycolicibacterium_mageritense,1438,1439,1
Mycolicibacterium_mageritense,1445,1446,1
Mycolicibacterium_mageritense,1449,1464,15
Mycolicibacterium_mageritense,1491,1492,1
Mycolicibacterium_mageritense,1707,1708,1
Mycolicibacterium_mageritense,1748,1749,1
Mycolicibacterium_mageritense,1751,1752,1
Mycolicibacterium_mageritense,1756,1761,5
Mycolicibacterium_mageritense,1771,1775,4
Mycolicibacterium_mageritense,1776,1777,1
Mycolicibacterium_mageritense,1784,1785,1
Mycolicibacterium_mageritense,1789,1790,1
Mycolicibacterium_mageritense,1802,1803,1
Mycolicibacterium_mageritense,1918,1919,1
Mycolicibacterium_mageritense,1954,1955,1
Mycolicibacterium_mageritense,1993,1994,1
Mycolicibacterium_mageritense,2114,2118,4
Mycolicibacterium_mageritense,2132,2133,1
Mycolicibacterium_mageritense,2136,2137,1
Mycolicibacterium_mageritense,2138,2139,1
Mycolicibacterium_mageritense,2143,2147,4
Mycolicibacterium_mageritense,2151,2152,1
Mycolicibacterium_mageritense,2162,2163,1
Mycolicibacterium_mageritense,2285,2297,12
Mycolicibacterium_mageritense,2299,2300,1
Mycolicibacterium_mageritense,2303,2306,3
Mycolicibacterium_mageritense,2309,2315,6
Mycolicibacterium_mageritense,2316,2325,9
Mycolicibacterium_mageritense,2379,2380,1
Mycolicibacterium_mageritense,2664,2665,1
Mycolicibacterium_mageritense,2723,2850,127
Mycolicibacterium_mageritense,3376,3377,1
Mycolicibacterium_mageritense,3378,3379,1
Mycolicibacterium_mageritense,3433,3434,1
Mycolicibacterium_hodleri,1,3,2
Mycolicibacterium_hodleri,82,83,1
Mycolicibacterium_hodleri,186,187,1
Mycolicibacterium_hodleri,235,237,2
Mycolicibacterium_hodleri,238,240,2
Mycolicibacterium_hodleri,250,251,1
Mycolicibacterium_hodleri,295,296,1
Mycolicibacterium_hodleri,341,342,1
Mycolicibacterium_hodleri,359,360,1
Mycolicibacterium_hodleri,373,374,1
Mycolicibacterium_hodleri,416,417,1
Mycolicibacterium_hodleri,451,452,1
Mycolicibacterium_hodleri,472,574,102
Mycolicibacterium_hodleri,753,756,3
Mycolicibacterium_hodleri,760,768,8
Mycolicibacterium_hodleri,789,790,1
Mycolicibacterium_hodleri,839,840,1
Mycolicibacterium_hodleri,890,891,1
Mycolicibacterium_hodleri,896,900,4
Mycolicibacterium_hodleri,1010,1011,1
Mycolicibacterium_hodleri,1068,1069,1
Mycolicibacterium_hodleri,1168,1169,1
Mycolicibacterium_hodleri,1185,1186,1
Mycolicibacterium_hodleri,1191,1192,1
Mycolicibacterium_hodleri,1211,1212,1
Mycolicibacterium_hodleri,1237,1238,1
Mycolicibacterium_hodleri,1398,1399,1
Mycolicibacterium_hodleri,1430,1437,7
Mycolicibacterium_hodleri,1438,1439,1
Mycolicibacterium_hodleri,1445,1446,1
Mycolicibacterium_hodleri,1452,1456,4
Mycolicibacterium_hodleri,1457,1458,1
Mycolicibacterium_hodleri,1707,1708,1
Mycolicibacterium_hodleri,1748,1749,1
Mycolicibacterium_hodleri,1751,1752,1
Mycolicibacterium_hodleri,1756,1761,5
Mycolicibacterium_hodleri,1771,1775,4
Mycolicibacterium_hodleri,1776,1777,1
Mycolicibacterium_hodleri,1784,1785,1
Mycolicibacterium_hodleri,1789,1791,2
Mycolicibacterium_hodleri,1802,1803,1
Mycolicibacterium_hodleri,1918,1919,1
Mycolicibacterium_hodleri,1954,1955,1
Mycolicibacterium_hodleri,1993,1994,1
Mycolicibacterium_hodleri,2121,2122,1
Mycolicibacterium_hodleri,2132,2133,1
Mycolicibacterium_hodleri,2136,2137,1
Mycolicibacterium_hodleri,2138,2139,1
Mycolicibacterium_hodleri,2143,2147,4
Mycolicibacterium_hodleri,2151,2152,1
Mycolicibacterium_hodleri,2162,2163,1
Mycolicibacterium_hodleri,2285,2294,9
Mycolicibacterium_hodleri,2296,2297,1
Mycolicibacterium_hodleri,2299,2300,1
Mycolicibacterium_hodleri,2303,2306,3
Mycolicibacterium_hodleri,2307,2315,8
Mycolicibacterium_hodleri,2316,2325,9
Mycolicibacterium_hodleri,2379,2380,1
Mycolicibacterium_hodleri,2664,2665,1
Mycolicibacterium_hodleri,2723,2850,127
Mycolicibacterium_hodleri,3376,3377,1
Mycolicibacterium_hodleri,3378,3379,1
Mycolicibacterium_hodleri,3433,3434,1
Mycolicibacter_minnesotensis,1,3,2
Mycolicibacter_minnesotensis,82,83,1
Mycolicibacter_minnesotensis,236,237,1
Mycolicibacter_minnesotensis,238,240,2
Mycolicibacter_minnesotensis,250,251,1
Mycolicibacter_minnesotensis,295,296,1
Mycolicibacter_minnesotensis,341,342,1
Mycolicibacter_minnesotensis,359,360,1
Mycolicibacter_minnesotensis,373,374,1
Mycolicibacter_minnesotensis,401,402,1
Mycolicibacter_minnesotensis,416,417,1
Mycolicibacter_minnesotensis,451,452,1
Mycolicibacter_minnesotensis,472,574,102
Mycolicibacter_minnesotensis,753,755,2
Mycolicibacter_minnesotensis,760,768,8
Mycolicibacter_minnesotensis,789,790,1
Mycolicibacter_minnesotensis,839,840,1
Mycolicibacter_minnesotensis,890,891,1
Mycolicibacter_minnesotensis,896,900,4
Mycolicibacter_minnesotensis,1010,1011,1
Mycolicibacter_minnesotensis,1068,1069,1
Mycolicibacter_minnesotensis,1168,1169,1
Mycolicibacter_minnesotensis,1185,1186,1
Mycolicibacter_minnesotensis,1190,1192,2
Mycolicibacter_minnesotensis,1211,1212,1
Mycolicibacter_minnesotensis,1237,1238,1
Mycolicibacter_minnesotensis,1398,1399,1
Mycolicibacter_minnesotensis,1430,1437,7
Mycolicibacter_minnesotensis,1438,1439,1
Mycolicibacter_minnesotensis,1440,1458,18
Mycolicibacter_minnesotensis,1462,1463,1
Mycolicibacter_minnesotensis,1491,1492,1
Mycolicibacter_minnesotensis,1707,1708,1
Mycolicibacter_minnesotensis,1748,1749,1
Mycolicibacter_minnesotensis,1751,1752,1
Mycolicibacter_minnesotensis,1756,1761,5
Mycolicibacter_minnesotensis,1772,1777,5
Mycolicibacter_minnesotensis,1784,1785,1
Mycolicibacter_minnesotensis,1789,1791,2
Mycolicibacter_minnesotensis,1802,1803,1
Mycolicibacter_minnesotensis,1918,1919,1
Mycolicibacter_minnesotensis,1954,1955,1
Mycolicibacter_minnesotensis,1993,1994,1
Mycolicibacter_minnesotensis,2092,2093,1
Mycolicibacter_minnesotensis,2132,2133,1
Mycolicibacter_minnesotensis,2136,2137,1
Mycolicibacter_minnesotensis,2138,2139,1
Mycolicibacter_minnesotensis,2143,2147,4
Mycolicibacter_minnesotensis,2151,2152,1
Mycolicibacter_minnesotensis,2162,2163,1
Mycolicibacter_minnesotensis,2285,2294,9
Mycolicibacter_minnesotensis,2296,2297,1
Mycolicibacter_minnesotensis,2299,2300,1
Mycolicibacter_minnesotensis,2302,2307,5
Mycolicibacter_minnesotensis,2309,2315,6
Mycolicibacter_minnesotensis,2316,2325,9
Mycolicibacter_minnesotensis,2379,2380,1
Mycolicibacter_minnesotensis,2664,2665,1
Mycolicibacter_minnesotensis,2723,2850,127
Mycolicibacter_minnesotensis,3376,3377,1
Mycolicibacter_minnesotensis,3378,3379,1
Mycolicibacter_minnesotensis,3433,3434,1
Mycolicibacter_icosiumassiliensis,1,3,2
Mycolicibacter_icosiumassiliensis,82,83,1
Mycolicibacter_icosiumassiliensis,236,237,1
Mycolicibacter_icosiumassiliensis,238,240,2
Mycolicibacter_icosiumassiliensis,250,251,1
Mycolicibacter_icosiumassiliensis,295,296,1
Mycolicibacter_icosiumassiliensis,341,342,1
Mycolicibacter_icosiumassiliensis,359,360,1
Mycolicibacter_icosiumassiliensis,373,374,1
Mycolicibacter_icosiumassiliensis,401,402,1
Mycolicibacter_icosiumassiliensis,416,417,1
Mycolicibacter_icosiumassiliensis,451,452,1
Mycolicibacter_icosiumassiliensis,472,574,102
Mycolicibacter_icosiumassiliensis,753,755,2
Mycolicibacter_icosiumassiliensis,759,768,9
Mycolicibacter_icosiumassiliensis,789,790,1
Mycolicibacter_icosiumassiliensis,839,840,1
Mycolicibacter_icosiumassiliensis,890,891,1
Mycolicibacter_icosiumassiliensis,896,900,4
Mycolicibacter_icosiumassiliensis,1010,1011,1
Mycolicibacter_icosiumassiliensis,1068,1069,1
Mycolicibacter_icosiumassiliensis,1168,1169,1
Mycolicibacter_icosiumassiliensis,1185,1186,1
Mycolicibacter_icosiumassiliensis,1190,1192,2
Mycolicibacter_icosiumassiliensis,1211,1212,1
Mycolicibacter_icosiumassiliensis,1237,1238,1
Mycolicibacter_icosiumassiliensis,1398,1399,1
Mycolicibacter_icosiumassiliensis,1430,1437,7
Mycolicibacter_icosiumassiliensis,1438,1439,1
Mycolicibacter_icosiumassiliensis,1440,1458,18
Mycolicibacter_icosiumassiliensis,1462,1463,1
Mycolicibacter_icosiumassiliensis,1491,1492,1
Mycolicibacter_icosiumassiliensis,1707,1708,1
Mycolicibacter_icosiumassiliensis,1748,1749,1
Mycolicibacter_icosiumassiliensis,1751,1752,1
Mycolicibacter_icosiumassiliensis,1756,1761,5
Mycolicibacter_icosiumassiliensis,1772,1777,5
Mycolicibacter_icosiumassiliensis,1784,1785,1
Mycolicibacter_icosiumassiliensis,1789,1791,2
Mycolicibacter_icosiumassiliensis,1802,1803,1
Mycolicibacter_icosiumassiliensis,1918,1919,1
Mycolicibacter_icosiumassiliensis,1954,1955,1
Mycolicibacter_icosiumassiliensis,1993,1994,1
Mycolicibacter_icosiumassiliensis,2132,2133,1
Mycolicibacter_icosiumassiliensis,2136,2137,1
Mycolicibacter_icosiumassiliensis,2138,2139,1
Mycolicibacter_icosiumassiliensis,2143,2147,4
Mycolicibacter_icosiumassiliensis,2151,2152,1
Mycolicibacter_icosiumassiliensis,2162,2163,1
Mycolicibacter_icosiumassiliensis,2285,2294,9
Mycolicibacter_icosiumassiliensis,2296,2297,1
Mycolicibacter_icosiumassiliensis,2299,2300,1
Mycolicibacter_icosiumassiliensis,2302,2307,5
Mycolicibacter_icosiumassiliensis,2309,2315,6
Mycolicibacter_icosiumassiliensis,2316,2325,9
Mycolicibacter_icosiumassiliensis,2379,2380,1
Mycolicibacter_icosiumassiliensis,2664,2665,1
Mycolicibacter_icosiumassiliensis,2723,2850,127
Mycolicibacter_icosiumassiliensis,3376,3377,1
Mycolicibacter_icosiumassiliensis,3378,3379,1
Mycolicibacter_icosiumassiliensis,3433,3434,1
Mycolicibacter_engbaekii,1,3,2
Mycolicibacter_engbaekii,82,83,1
Mycolicibacter_engbaekii,236,237,1
Mycolicibacter_engbaekii,238,240,2
Mycolicibacter_engbaekii,250,251,1
Mycolicibacter_engbaekii,277,278,1
Mycolicibacter_engbaekii,295,296,1
Mycolicibacter_engbaekii,341,342,1
Mycolicibacter_engbaekii,359,360,1
Mycolicibacter_engbaekii,373,374,1
Mycolicibacter_engbaekii,401,402,1
Mycolicibacter_engbaekii,416,417,1
Mycolicibacter_engbaekii,451,452,1
Mycolicibacter_engbaekii,471,574,103
Mycolicibacter_engbaekii,753,755,2
Mycolicibacter_engbaekii,759,768,9
Mycolicibacter_engbaekii,789,790,1
Mycolicibacter_engbaekii,839,840,1
Mycolicibacter_engbaekii,890,891,1
Mycolicibacter_engbaekii,896,900,4
Mycolicibacter_engbaekii,1010,1011,1
Mycolicibacter_engbaekii,1068,1069,1
Mycolicibacter_engbaekii,1168,1169,1
Mycolicibacter_engbaekii,1185,1186,1
Mycolicibacter_engbaekii,1190,1192,2
Mycolicibacter_engbaekii,1211,1212,1
Mycolicibacter_engbaekii,1237,1238,1
Mycolicibacter_engbaekii,1398,1399,1
Mycolicibacter_engbaekii,1430,1437,7
Mycolicibacter_engbaekii,1438,1439,1
Mycolicibacter_engbaekii,1440,1458,18
Mycolicibacter_engbaekii,1462,1463,1
Mycolicibacter_engbaekii,1491,1492,1
Mycolicibacter_engbaekii,1707,1708,1
Mycolicibacter_engbaekii,1748,1749,1
Mycolicibacter_engbaekii,1751,1752,1
Mycolicibacter_engbaekii,1756,1761,5
Mycolicibacter_engbaekii,1772,1777,5
Mycolicibacter_engbaekii,1784,1785,1
Mycolicibacter_engbaekii,1789,1791,2
Mycolicibacter_engbaekii,1802,1803,1
Mycolicibacter_engbaekii,1918,1919,1
Mycolicibacter_engbaekii,1954,1955,1
Mycolicibacter_engbaekii,1993,1994,1
Mycolicibacter_engbaekii,2132,2133,1
Mycolicibacter_engbaekii,2136,2137,1
Mycolicibacter_engbaekii,2138,2139,1
Mycolicibacter_engbaekii,2143,2147,4
Mycolicibacter_engbaekii,2151,2152,1
Mycolicibacter_engbaekii,2162,2163,1
Mycolicibacter_engbaekii,2285,2294,9
Mycolicibacter_engbaekii,2296,2297,1
Mycolicibacter_engbaekii,2299,2300,1
Mycolicibacter_engbaekii,2302,2307,5
Mycolicibacter_engbaekii,2309,2315,6
Mycolicibacter_engbaekii,2316,2325,9
Mycolicibacter_engbaekii,2379,2380,1
Mycolicibacter_engbaekii,2664,2665,1
Mycolicibacter_engbaekii,2723,2850,127
Mycolicibacter_engbaekii,3376,3377,1
Mycolicibacter_engbaekii,3378,3379,1
Mycolicibacter_engbaekii,3433,3434,1
Mycolicibacter_sinensis,1,3,2
Mycolicibacter_sinensis,82,83,1
Mycolicibacter_sinensis,235,237,2
Mycolicibacter_sinensis,238,240,2
Mycolicibacter_sinensis,250,251,1
Mycolicibacter_sinensis,295,296,1
Mycolicibacter_sinensis,341,342,1
Mycolicibacter_sinensis,373,374,1
Mycolicibacter_sinensis,401,402,1
Mycolicibacter_sinensis,416,417,1
Mycolicibacter_sinensis,451,452,1
Mycolicibacter_sinensis,472,574,102
Mycolicibacter_sinensis,753,755,2
Mycolicibacter_sinensis,761,768,7
Mycolicibacter_sinensis,789,790,1
Mycolicibacter_sinensis,839,840,1
Mycolicibacter_sinensis,890,891,1
Mycolicibacter_sinensis,896,900,4
Mycolicibacter_sinensis,1010,1011,1
Mycolicibacter_sinensis,1068,1069,1
Mycolicibacter_sinensis,1168,1169,1
Mycolicibacter_sinensis,1185,1186,1
Mycolicibacter_sinensis,1190,1192,2
Mycolicibacter_sinensis,1211,1212,1
Mycolicibacter_sinensis,1237,1238,1
Mycolicibacter_sinensis,1398,1399,1
Mycolicibacter_sinensis,1430,1437,7
Mycolicibacter_sinensis,1438,1439,1
Mycolicibacter_sinensis,1440,1458,18
Mycolicibacter_sinensis,1491,1492,1
Mycolicibacter_sinensis,1707,1708,1
Mycolicibacter_sinensis,1748,1749,1
Mycolicibacter_sinensis,1756,1761,5
Mycolicibacter_sinensis,1772,1775,3
Mycolicibacter_sinensis,1776,1777,1
Mycolicibacter_sinensis,1784,1785,1
Mycolicibacter_sinensis,1789,1791,2
Mycolicibacter_sinensis,1802,1803,1
Mycolicibacter_sinensis,1918,1919,1
Mycolicibacter_sinensis,1954,1955,1
Mycolicibacter_sinensis,1993,1994,1
Mycolicibacter_sinensis,2132,2133,1
Mycolicibacter_sinensis,2136,2137,1
Mycolicibacter_sinensis,2138,2139,1
Mycolicibacter_sinensis,2143,2147,4
Mycolicibacter_sinensis,2151,2152,1
Mycolicibacter_sinensis,2162,2163,1
Mycolicibacter_sinensis,2285,2294,9
Mycolicibacter_sinensis,2296,2297,1
Mycolicibacter_sinensis,2299,2300,1
Mycolicibacter_sinensis,2303,2306,3
Mycolicibacter_sinensis,2309,2315,6
Mycolicibacter_sinensis,2316,2325,9
Mycolicibacter_sinensis,2379,2380,1
Mycolicibacter_sinensis,2664,2665,1
Mycolicibacter_sinensis,2723,2850,127
Mycolicibacter_sinensis,3378,3379,1
Mycolicibacter_sinensis,3433,3434,1
Mycolicibacterium_goodii,1,3,2
Mycolicibacterium_goodii,82,83,1
Mycolicibacterium_goodii,186,187,1
Mycolicibacterium_goodii,235,237,2
Mycolicibacterium_goodii,250,251,1
Mycolicibacterium_goodii,295,296,1
Mycolicibacterium_goodii,341,342,1
Mycolicibacterium_goodii,359,360,1
Mycolicibacterium_goodii,373,374,1
Mycolicibacterium_goodii,401,402,1
Mycolicibacterium_goodii,416,417,1
Mycolicibacterium_goodii,451,452,1
Mycolicibacterium_goodii,472,574,102
Mycolicibacterium_goodii,753,755,2
Mycolicibacterium_goodii,760,768,8
Mycolicibacterium_goodii,789,790,1
Mycolicibacterium_goodii,839,840,1
Mycolicibacterium_goodii,890,891,1
Mycolicibacterium_goodii,896,900,4
Mycolicibacterium_goodii,1010,1011,1
Mycolicibacterium_goodii,1068,1069,1
Mycolicibacterium_goodii,1168,1169,1
Mycolicibacterium_goodii,1185,1186,1
Mycolicibacterium_goodii,1211,1212,1
Mycolicibacterium_goodii,1237,1238,1
Mycolicibacterium_goodii,1398,1399,1
Mycolicibacterium_goodii,1430,1437,7
Mycolicibacterium_goodii,1438,1439,1
Mycolicibacterium_goodii,1445,1464,19
Mycolicibacterium_goodii,1491,1492,1
Mycolicibacterium_goodii,1707,1708,1
Mycolicibacterium_goodii,1748,1749,1
Mycolicibacterium_goodii,1751,1752,1
Mycolicibacterium_goodii,1756,1761,5
Mycolicibacterium_goodii,1771,1775,4
Mycolicibacterium_goodii,1776,1777,1
Mycolicibacterium_goodii,1784,1785,1
Mycolicibacterium_goodii,1789,1790,1
Mycolicibacterium_goodii,1802,1803,1
Mycolicibacterium_goodii,1918,1920,2
Mycolicibacterium_goodii,1954,1955,1
Mycolicibacterium_goodii,1993,1994,1
Mycolicibacterium_goodii,2132,2133,1
Mycolicibacterium_goodii,2136,2137,1
Mycolicibacterium_goodii,2138,2139,1
Mycolicibacterium_goodii,2143,2147,4
Mycolicibacterium_goodii,2151,2153,2
Mycolicibacterium_goodii,2162,2163,1
Mycolicibacterium_goodii,2285,2297,12
Mycolicibacterium_goodii,2299,2300,1
Mycolicibacterium_goodii,2303,2306,3
Mycolicibacterium_goodii,2309,2315,6
Mycolicibacterium_goodii,2316,2325,9
Mycolicibacterium_goodii,2379,2380,1
Mycolicibacterium_goodii,2664,2665,1
Mycolicibacterium_goodii,2723,2850,127
Mycolicibacterium_goodii,3376,3377,1
Mycolicibacterium_goodii,3378,3379,1
Mycolicibacterium_goodii,3433,3434,1
Mycobacterium_novum,1,3,2
Mycobacterium_novum,82,83,1
Mycobacterium_novum,235,237,2
Mycobacterium_novum,238,240,2
Mycobacterium_novum,250,251,1
Mycobacterium_novum,295,296,1
Mycobacterium_novum,341,342,1
Mycobacterium_novum,373,374,1
Mycobacterium_novum,401,402,1
Mycobacterium_novum,416,417,1
Mycobacterium_novum,451,452,1
Mycobacterium_novum,472,574,102
Mycobacterium_novum,753,755,2
Mycobacterium_novum,761,768,7
Mycobacterium_novum,789,790,1
Mycobacterium_novum,839,840,1
Mycobacterium_novum,890,891,1
Mycobacterium_novum,896,900,4
Mycobacterium_novum,1010,1011,1
Mycobacterium_novum,1068,1069,1
Mycobacterium_novum,1168,1169,1
Mycobacterium_novum,1185,1186,1
Mycobacterium_novum,1190,1192,2
Mycobacterium_novum,1211,1212,1
Mycobacterium_novum,1237,1238,1
Mycobacterium_novum,1398,1399,1
Mycobacterium_novum,1430,1437,7
Mycobacterium_novum,1438,1439,1
Mycobacterium_novum,1440,1458,18
Mycobacterium_novum,1491,1492,1
Mycobacterium_novum,1707,1708,1
Mycobacterium_novum,1748,1749,1
Mycobacterium_novum,1756,1761,5
Mycobacterium_novum,1772,1775,3
Mycobacterium_novum,1776,1777,1
Mycobacterium_novum,1784,1785,1
Mycobacterium_novum,1789,1791,2
Mycobacterium_novum,1792,1795,3
Mycobacterium_novum,1802,1803,1
Mycobacterium_novum,1918,1919,1
Mycobacterium_novum,1954,1955,1
Mycobacterium_novum,1993,1994,1
Mycobacterium_novum,2132,2133,1
Mycobacterium_novum,2136,2137,1
Mycobacterium_novum,2138,2139,1
Mycobacterium_novum,2143,2147,4
Mycobacterium_novum,2151,2152,1
Mycobacterium_novum,2162,2163,1
Mycobacterium_novum,2285,2294,9
Mycobacterium_novum,2296,2297,1
Mycobacterium_novum,2299,2300,1
Mycobacterium_novum,2303,2306,3
Mycobacterium_novum,2309,2315,6
Mycobacterium_novum,2316,2325,9
Mycobacterium_novum,2379,2380,1
Mycobacterium_novum,2664,2665,1
Mycobacterium_novum,2723,2850,127
Mycobacterium_novum,3378,3379,1
Mycobacterium_novum,3433,3434,1
Mycobacterium_novum,3452,3453,1
Mycolicibacter_hiberniae,1,3,2
Mycolicibacter_hiberniae,82,83,1
Mycolicibacter_hiberniae,236,237,1
Mycolicibacter_hiberniae,238,240,2
Mycolicibacter_hiberniae,250,251,1
Mycolicibacter_hiberniae,295,296,1
Mycolicibacter_hiberniae,341,342,1
Mycolicibacter_hiberniae,359,360,1
Mycolicibacter_hiberniae,373,374,1
Mycolicibacter_hiberniae,401,402,1
Mycolicibacter_hiberniae,416,417,1
Mycolicibacter_hiberniae,451,452,1
Mycolicibacter_hiberniae,471,574,103
Mycolicibacter_hiberniae,753,755,2
Mycolicibacter_hiberniae,759,768,9
Mycolicibacter_hiberniae,789,790,1
Mycolicibacter_hiberniae,839,840,1
Mycolicibacter_hiberniae,890,891,1
Mycolicibacter_hiberniae,896,900,4
Mycolicibacter_hiberniae,1010,1011,1
Mycolicibacter_hiberniae,1068,1069,1
Mycolicibacter_hiberniae,1168,1169,1
Mycolicibacter_hiberniae,1185,1186,1
Mycolicibacter_hiberniae,1190,1192,2
Mycolicibacter_hiberniae,1211,1212,1
Mycolicibacter_hiberniae,1237,1238,1
Mycolicibacter_hiberniae,1398,1399,1
Mycolicibacter_hiberniae,1430,1437,7
Mycolicibacter_hiberniae,1438,1439,1
Mycolicibacter_hiberniae,1440,1458,18
Mycolicibacter_hiberniae,1462,1463,1
Mycolicibacter_hiberniae,1491,1492,1
Mycolicibacter_hiberniae,1707,1708,1
Mycolicibacter_hiberniae,1748,1749,1
Mycolicibacter_hiberniae,1751,1752,1
Mycolicibacter_hiberniae,1756,1761,5
Mycolicibacter_hiberniae,1772,1777,5
Mycolicibacter_hiberniae,1784,1785,1
Mycolicibacter_hiberniae,1789,1791,2
Mycolicibacter_hiberniae,1802,1803,1
Mycolicibacter_hiberniae,1918,1919,1
Mycolicibacter_hiberniae,1954,1955,1
Mycolicibacter_hiberniae,1993,1994,1
Mycolicibacter_hiberniae,2132,2133,1
Mycolicibacter_hiberniae,2136,2137,1
Mycolicibacter_hiberniae,2138,2139,1
Mycolicibacter_hiberniae,2143,2147,4
Mycolicibacter_hiberniae,2151,2152,1
Mycolicibacter_hiberniae,2162,2163,1
Mycolicibacter_hiberniae,2285,2294,9
Mycolicibacter_hiberniae,2296,2297,1
Mycolicibacter_hiberniae,2299,2300,1
Mycolicibacter_hiberniae,2302,2307,5
Mycolicibacter_hiberniae,2309,2315,6
Mycolicibacter_hiberniae,2316,2325,9
Mycolicibacter_hiberniae,2379,2380,1
Mycolicibacter_hiberniae,2520,2521,1
Mycolicibacter_hiberniae,2664,2665,1
Mycolicibacter_hiberniae,2723,2850,127
Mycolicibacter_hiberniae,3376,3377,1
Mycolicibacter_hiberniae,3378,3379,1
Mycolicibacter_hiberniae,3433,3434,1
Mycolicibacterium_bacteremicum,1,3,2
Mycolicibacterium_bacteremicum,82,83,1
Mycolicibacterium_bacteremicum,186,187,1
Mycolicibacterium_bacteremicum,235,237,2
Mycolicibacterium_bacteremicum,238,240,2
Mycolicibacterium_bacteremicum,250,251,1
Mycolicibacterium_bacteremicum,295,296,1
Mycolicibacterium_bacteremicum,341,342,1
Mycolicibacterium_bacteremicum,359,360,1
Mycolicibacterium_bacteremicum,373,374,1
Mycolicibacterium_bacteremicum,386,387,1
Mycolicibacterium_bacteremicum,400,402,2
Mycolicibacterium_bacteremicum,416,417,1
Mycolicibacterium_bacteremicum,451,452,1
Mycolicibacterium_bacteremicum,472,574,102
Mycolicibacterium_bacteremicum,753,755,2
Mycolicibacterium_bacteremicum,760,768,8
Mycolicibacterium_bacteremicum,789,790,1
Mycolicibacterium_bacteremicum,839,840,1
Mycolicibacterium_bacteremicum,890,891,1
Mycolicibacterium_bacteremicum,896,900,4
Mycolicibacterium_bacteremicum,1010,1011,1
Mycolicibacterium_bacteremicum,1068,1069,1
Mycolicibacterium_bacteremicum,1168,1169,1
Mycolicibacterium_bacteremicum,1185,1186,1
Mycolicibacterium_bacteremicum,1190,1192,2
Mycolicibacterium_bacteremicum,1211,1212,1
Mycolicibacterium_bacteremicum,1237,1238,1
Mycolicibacterium_bacteremicum,1398,1399,1
Mycolicibacterium_bacteremicum,1430,1437,7
Mycolicibacterium_bacteremicum,1438,1439,1
Mycolicibacterium_bacteremicum,1445,1456,11
Mycolicibacterium_bacteremicum,1457,1458,1
Mycolicibacterium_bacteremicum,1459,1460,1
Mycolicibacterium_bacteremicum,1491,1492,1
Mycolicibacterium_bacteremicum,1707,1708,1
Mycolicibacterium_bacteremicum,1748,1749,1
Mycolicibacterium_bacteremicum,1751,1752,1
Mycolicibacterium_bacteremicum,1756,1761,5
Mycolicibacterium_bacteremicum,1771,1775,4
Mycolicibacterium_bacteremicum,1776,1777,1
Mycolicibacterium_bacteremicum,1784,1785,1
Mycolicibacterium_bacteremicum,1802,1803,1
Mycolicibacterium_bacteremicum,1918,1920,2
Mycolicibacterium_bacteremicum,1954,1955,1
Mycolicibacterium_bacteremicum,1993,1994,1
Mycolicibacterium_bacteremicum,2132,2133,1
Mycolicibacterium_bacteremicum,2136,2137,1
Mycolicibacterium_bacteremicum,2138,2139,1
Mycolicibacterium_bacteremicum,2143,2147,4
Mycolicibacterium_bacteremicum,2151,2152,1
Mycolicibacterium_bacteremicum,2162,2163,1
Mycolicibacterium_bacteremicum,2285,2294,9
Mycolicibacterium_bacteremicum,2296,2297,1
Mycolicibacterium_bacteremicum,2299,2300,1
Mycolicibacterium_bacteremicum,2302,2307,5
Mycolicibacterium_bacteremicum,2309,2315,6
Mycolicibacterium_bacteremicum,2316,2325,9
Mycolicibacterium_bacteremicum,2379,2380,1
Mycolicibacterium_bacteremicum,2664,2665,1
Mycolicibacterium_bacteremicum,2723,2850,127
Mycolicibacterium_bacteremicum,3376,3377,1
Mycolicibacterium_bacteremicum,3378,3379,1
Mycolicibacterium_bacteremicum,3433,3434,1
Mycobacterium_paraterrae,1,3,2
Mycobacterium_paraterrae,82,83,1
Mycobacterium_paraterrae,186,187,1
Mycobacterium_paraterrae,235,237,2
Mycobacterium_paraterrae,238,240,2
Mycobacterium_paraterrae,250,251,1
Mycobacterium_paraterrae,295,296,1
Mycobacterium_paraterrae,341,342,1
Mycobacterium_paraterrae,359,360,1
Mycobacterium_paraterrae,373,379,6
Mycobacterium_paraterrae,386,387,1
Mycobacterium_paraterrae,401,402,1
Mycobacterium_paraterrae,416,417,1
Mycobacterium_paraterrae,451,452,1
Mycobacterium_paraterrae,469,472,3
Mycobacterium_paraterrae,473,574,101
Mycobacterium_paraterrae,753,755,2
Mycobacterium_paraterrae,760,768,8
Mycobacterium_paraterrae,789,790,1
Mycobacterium_paraterrae,839,840,1
Mycobacterium_paraterrae,885,887,2
Mycobacterium_paraterrae,890,891,1
Mycobacterium_paraterrae,896,900,4
Mycobacterium_paraterrae,902,903,1
Mycobacterium_paraterrae,1010,1011,1
Mycobacterium_paraterrae,1068,1069,1
Mycobacterium_paraterrae,1168,1169,1
Mycobacterium_paraterrae,1185,1186,1
Mycobacterium_paraterrae,1190,1192,2
Mycobacterium_paraterrae,1211,1212,1
Mycobacterium_paraterrae,1237,1238,1
Mycobacterium_paraterrae,1398,1399,1
Mycobacterium_paraterrae,1430,1437,7
Mycobacterium_paraterrae,1438,1439,1
Mycobacterium_paraterrae,1445,1462,17
Mycobacterium_paraterrae,1491,1492,1
Mycobacterium_paraterrae,1707,1708,1
Mycobacterium_paraterrae,1748,1749,1
Mycobacterium_paraterrae,1751,1752,1
Mycobacterium_paraterrae,1756,1760,4
Mycobacterium_paraterrae,1772,1775,3
Mycobacterium_paraterrae,1776,1777,1
Mycobacterium_paraterrae,1784,1785,1
Mycobacterium_paraterrae,1789,1791,2
Mycobacterium_paraterrae,1802,1803,1
Mycobacterium_paraterrae,1918,1919,1
Mycobacterium_paraterrae,1954,1955,1
Mycobacterium_paraterrae,1993,1994,1
Mycobacterium_paraterrae,2132,2133,1
Mycobacterium_paraterrae,2136,2137,1
Mycobacterium_paraterrae,2138,2139,1
Mycobacterium_paraterrae,2143,2147,4
Mycobacterium_paraterrae,2151,2152,1
Mycobacterium_paraterrae,2162,2163,1
Mycobacterium_paraterrae,2285,2294,9
Mycobacterium_paraterrae,2296,2297,1
Mycobacterium_paraterrae,2299,2300,1
Mycobacterium_paraterrae,2303,2306,3
Mycobacterium_paraterrae,2309,2315,6
Mycobacterium_paraterrae,2316,2325,9
Mycobacterium_paraterrae,2379,2380,1
Mycobacterium_paraterrae,2664,2665,1
Mycobacterium_paraterrae,2723,2850,127
Mycobacterium_paraterrae,3376,3377,1
Mycobacterium_paraterrae,3378,3379,1
Mycobacterium_paraterrae,3433,3434,1
Mycolicibacterium_wolinskyi,1,3,2
Mycolicibacterium_wolinskyi,82,83,1
Mycolicibacterium_wolinskyi,186,187,1
Mycolicibacterium_wolinskyi,235,237,2
Mycolicibacterium_wolinskyi,238,240,2
Mycolicibacterium_wolinskyi,250,251,1
Mycolicibacterium_wolinskyi,295,296,1
Mycolicibacterium_wolinskyi,341,342,1
Mycolicibacterium_wolinskyi,359,360,1
Mycolicibacterium_wolinskyi,373,374,1
Mycolicibacterium_wolinskyi,401,402,1
Mycolicibacterium_wolinskyi,416,417,1
Mycolicibacterium_wolinskyi,451,452,1
Mycolicibacterium_wolinskyi,472,574,102
Mycolicibacterium_wolinskyi,753,755,2
Mycolicibacterium_wolinskyi,760,768,8
Mycolicibacterium_wolinskyi,789,790,1
Mycolicibacterium_wolinskyi,839,840,1
Mycolicibacterium_wolinskyi,890,891,1
Mycolicibacterium_wolinskyi,896,900,4
Mycolicibacterium_wolinskyi,1010,1011,1
Mycolicibacterium_wolinskyi,1068,1069,1
Mycolicibacterium_wolinskyi,1168,1169,1
Mycolicibacterium_wolinskyi,1185,1186,1
Mycolicibacterium_wolinskyi,1211,1212,1
Mycolicibacterium_wolinskyi,1237,1238,1
Mycolicibacterium_wolinskyi,1398,1399,1
Mycolicibacterium_wolinskyi,1430,1437,7
Mycolicibacterium_wolinskyi,1438,1439,1
Mycolicibacterium_wolinskyi,1445,1446,1
Mycolicibacterium_wolinskyi,1449,1464,15
Mycolicibacterium_wolinskyi,1491,1492,1
Mycolicibacterium_wolinskyi,1707,1708,1
Mycolicibacterium_wolinskyi,1748,1749,1
Mycolicibacterium_wolinskyi,1751,1752,1
Mycolicibacterium_wolinskyi,1756,1761,5
Mycolicibacterium_wolinskyi,1771,1775,4
Mycolicibacterium_wolinskyi,1776,1777,1
Mycolicibacterium_wolinskyi,1784,1785,1
Mycolicibacterium_wolinskyi,1789,1790,1
Mycolicibacterium_wolinskyi,1802,1803,1
Mycolicibacterium_wolinskyi,1918,1919,1
Mycolicibacterium_wolinskyi,1954,1955,1
Mycolicibacterium_wolinskyi,1993,1994,1
Mycolicibacterium_wolinskyi,2136,2137,1
Mycolicibacterium_wolinskyi,2138,2139,1
Mycolicibacterium_wolinskyi,2143,2147,4
Mycolicibacterium_wolinskyi,2151,2152,1
Mycolicibacterium_wolinskyi,2162,2163,1
Mycolicibacterium_wolinskyi,2285,2297,12
Mycolicibacterium_wolinskyi,2299,2300,1
Mycolicibacterium_wolinskyi,2303,2306,3
Mycolicibacterium_wolinskyi,2309,2315,6
Mycolicibacterium_wolinskyi,2316,2325,9
Mycolicibacterium_wolinskyi,2379,2380,1
Mycolicibacterium_wolinskyi,2664,2665,1
Mycolicibacterium_wolinskyi,2723,2850,127
Mycolicibacterium_wolinskyi,3376,3377,1
Mycolicibacterium_wolinskyi,3378,3379,1
Mycolicibacterium_wolinskyi,3433,3434,1
Mycolicibacter_virginiensis,1,3,2
Mycolicibacter_virginiensis,82,83,1
Mycolicibacter_virginiensis,236,237,1
Mycolicibacter_virginiensis,238,240,2
Mycolicibacter_virginiensis,250,251,1
Mycolicibacter_virginiensis,295,296,1
Mycolicibacter_virginiensis,341,342,1
Mycolicibacter_virginiensis,359,360,1
Mycolicibacter_virginiensis,373,374,1
Mycolicibacter_virginiensis,401,402,1
Mycolicibacter_virginiensis,416,417,1
Mycolicibacter_virginiensis,451,452,1
Mycolicibacter_virginiensis,472,574,102
Mycolicibacter_virginiensis,753,755,2
Mycolicibacter_virginiensis,759,768,9
Mycolicibacter_virginiensis,789,790,1
Mycolicibacter_virginiensis,839,840,1
Mycolicibacter_virginiensis,890,891,1
Mycolicibacter_virginiensis,896,900,4
Mycolicibacter_virginiensis,1010,1011,1
Mycolicibacter_virginiensis,1068,1069,1
Mycolicibacter_virginiensis,1168,1169,1
Mycolicibacter_virginiensis,1185,1186,1
Mycolicibacter_virginiensis,1190,1192,2
Mycolicibacter_virginiensis,1211,1212,1
Mycolicibacter_virginiensis,1237,1238,1
Mycolicibacter_virginiensis,1398,1399,1
Mycolicibacter_virginiensis,1430,1437,7
Mycolicibacter_virginiensis,1438,1439,1
Mycolicibacter_virginiensis,1440,1458,18
Mycolicibacter_virginiensis,1462,1463,1
Mycolicibacter_virginiensis,1491,1492,1
Mycolicibacter_virginiensis,1707,1708,1
Mycolicibacter_virginiensis,1748,1749,1
Mycolicibacter_virginiensis,1751,1752,1
Mycolicibacter_virginiensis,1756,1761,5
Mycolicibacter_virginiensis,1772,1777,5
Mycolicibacter_virginiensis,1784,1785,1
Mycolicibacter_virginiensis,1789,1791,2
Mycolicibacter_virginiensis,1802,1803,1
Mycolicibacter_virginiensis,1918,1919,1
Mycolicibacter_virginiensis,1954,1955,1
Mycolicibacter_virginiensis,1993,1994,1
Mycolicibacter_virginiensis,2132,2133,1
Mycolicibacter_virginiensis,2136,2137,1
Mycolicibacter_virginiensis,2138,2139,1
Mycolicibacter_virginiensis,2143,2147,4
Mycolicibacter_virginiensis,2151,2152,1
Mycolicibacter_virginiensis,2162,2163,1
Mycolicibacter_virginiensis,2285,2294,9
Mycolicibacter_virginiensis,2296,2297,1
Mycolicibacter_virginiensis,2299,2300,1
Mycolicibacter_virginiensis,2302,2307,5
Mycolicibacter_virginiensis,2309,2315,6
Mycolicibacter_virginiensis,2316,2325,9
Mycolicibacter_virginiensis,2379,2380,1
Mycolicibacter_virginiensis,2664,2665,1
Mycolicibacter_virginiensis,2723,2850,127
Mycolicibacter_virginiensis,3376,3377,1
Mycolicibacter_virginiensis,3378,3379,1
Mycolicibacter_virginiensis,3433,3434,1
Mycobacterium_dioxanotrophicus,1,3,2
Mycobacterium_dioxanotrophicus,82,83,1
Mycobacterium_dioxanotrophicus,186,187,1
Mycobacterium_dioxanotrophicus,235,237,2
Mycobacterium_dioxanotrophicus,238,240,2
Mycobacterium_dioxanotrophicus,250,251,1
Mycobacterium_dioxanotrophicus,295,296,1
Mycobacterium_dioxanotrophicus,341,342,1
Mycobacterium_dioxanotrophicus,359,360,1
Mycobacterium_dioxanotrophicus,373,374,1
Mycobacterium_dioxanotrophicus,401,402,1
Mycobacterium_dioxanotrophicus,416,417,1
Mycobacterium_dioxanotrophicus,451,452,1
Mycobacterium_dioxanotrophicus,471,574,103
Mycobacterium_dioxanotrophicus,754,755,1
Mycobacterium_dioxanotrophicus,760,768,8
Mycobacterium_dioxanotrophicus,789,790,1
Mycobacterium_dioxanotrophicus,839,840,1
Mycobacterium_dioxanotrophicus,890,891,1
Mycobacterium_dioxanotrophicus,896,900,4
Mycobacterium_dioxanotrophicus,1010,1011,1
Mycobacterium_dioxanotrophicus,1068,1069,1
Mycobacterium_dioxanotrophicus,1168,1169,1
Mycobacterium_dioxanotrophicus,1185,1186,1
Mycobacterium_dioxanotrophicus,1211,1212,1
Mycobacterium_dioxanotrophicus,1237,1238,1
Mycobacterium_dioxanotrophicus,1398,1399,1
Mycobacterium_dioxanotrophicus,1430,1437,7
Mycobacterium_dioxanotrophicus,1438,1439,1
Mycobacterium_dioxanotrophicus,1445,1446,1
Mycobacterium_dioxanotrophicus,1449,1464,15
Mycobacterium_dioxanotrophicus,1491,1492,1
Mycobacterium_dioxanotrophicus,1707,1708,1
Mycobacterium_dioxanotrophicus,1748,1749,1
Mycobacterium_dioxanotrophicus,1751,1752,1
Mycobacterium_dioxanotrophicus,1756,1761,5
Mycobacterium_dioxanotrophicus,1771,1775,4
Mycobacterium_dioxanotrophicus,1776,1777,1
Mycobacterium_dioxanotrophicus,1784,1785,1
Mycobacterium_dioxanotrophicus,1789,1791,2
Mycobacterium_dioxanotrophicus,1802,1803,1
Mycobacterium_dioxanotrophicus,1918,1919,1
Mycobacterium_dioxanotrophicus,1954,1955,1
Mycobacterium_dioxanotrophicus,1993,1994,1
Mycobacterium_dioxanotrophicus,2132,2133,1
Mycobacterium_dioxanotrophicus,2136,2137,1
Mycobacterium_dioxanotrophicus,2138,2139,1
Mycobacterium_dioxanotrophicus,2143,2147,4
Mycobacterium_dioxanotrophicus,2151,2152,1
Mycobacterium_dioxanotrophicus,2285,2294,9
Mycobacterium_dioxanotrophicus,2296,2298,2
Mycobacterium_dioxanotrophicus,2299,2300,1
Mycobacterium_dioxanotrophicus,2303,2306,3
Mycobacterium_dioxanotrophicus,2309,2315,6
Mycobacterium_dioxanotrophicus,2316,2325,9
Mycobacterium_dioxanotrophicus,2379,2380,1
Mycobacterium_dioxanotrophicus,2664,2665,1
Mycobacterium_dioxanotrophicus,2723,2850,127
Mycobacterium_dioxanotrophicus,3376,3377,1
Mycobacterium_dioxanotrophicus,3378,3379,1
Mycobacterium_dioxanotrophicus,3433,3434,1
Mycolicibacterium_stellerae,1,3,2
Mycolicibacterium_stellerae,82,83,1
Mycolicibacterium_stellerae,186,187,1
Mycolicibacterium_stellerae,235,237,2
Mycolicibacterium_stellerae,238,240,2
Mycolicibacterium_stellerae,250,251,1
Mycolicibacterium_stellerae,295,296,1
Mycolicibacterium_stellerae,341,342,1
Mycolicibacterium_stellerae,359,360,1
Mycolicibacterium_stellerae,373,374,1
Mycolicibacterium_stellerae,386,387,1
Mycolicibacterium_stellerae,401,402,1
Mycolicibacterium_stellerae,416,417,1
Mycolicibacterium_stellerae,451,452,1
Mycolicibacterium_stellerae,473,574,101
Mycolicibacterium_stellerae,753,755,2
Mycolicibacterium_stellerae,760,761,1
Mycolicibacterium_stellerae,762,768,6
Mycolicibacterium_stellerae,789,790,1
Mycolicibacterium_stellerae,884,891,7
Mycolicibacterium_stellerae,896,900,4
Mycolicibacterium_stellerae,1010,1011,1
Mycolicibacterium_stellerae,1068,1069,1
Mycolicibacterium_stellerae,1168,1169,1
Mycolicibacterium_stellerae,1185,1186,1
Mycolicibacterium_stellerae,1191,1192,1
Mycolicibacterium_stellerae,1211,1212,1
Mycolicibacterium_stellerae,1237,1238,1
Mycolicibacterium_stellerae,1398,1399,1
Mycolicibacterium_stellerae,1430,1437,7
Mycolicibacterium_stellerae,1438,1439,1
Mycolicibacterium_stellerae,1445,1446,1
Mycolicibacterium_stellerae,1449,1464,15
Mycolicibacterium_stellerae,1491,1492,1
Mycolicibacterium_stellerae,1707,1708,1
Mycolicibacterium_stellerae,1748,1749,1
Mycolicibacterium_stellerae,1751,1752,1
Mycolicibacterium_stellerae,1756,1760,4
Mycolicibacterium_stellerae,1772,1775,3
Mycolicibacterium_stellerae,1776,1777,1
Mycolicibacterium_stellerae,1784,1785,1
Mycolicibacterium_stellerae,1789,1791,2
Mycolicibacterium_stellerae,1802,1803,1
Mycolicibacterium_stellerae,1918,1919,1
Mycolicibacterium_stellerae,1954,1955,1
Mycolicibacterium_stellerae,1993,1994,1
Mycolicibacterium_stellerae,2121,2122,1
Mycolicibacterium_stellerae,2132,2133,1
Mycolicibacterium_stellerae,2136,2137,1
Mycolicibacterium_stellerae,2138,2139,1
Mycolicibacterium_stellerae,2143,2147,4
Mycolicibacterium_stellerae,2151,2152,1
Mycolicibacterium_stellerae,2162,2163,1
Mycolicibacterium_stellerae,2285,2294,9
Mycolicibacterium_stellerae,2296,2297,1
Mycolicibacterium_stellerae,2299,2300,1
Mycolicibacterium_stellerae,2304,2305,1
Mycolicibacterium_stellerae,2309,2315,6
Mycolicibacterium_stellerae,2316,2325,9
Mycolicibacterium_stellerae,2379,2380,1
Mycolicibacterium_stellerae,2664,2665,1
Mycolicibacterium_stellerae,2723,2850,127
Mycolicibacterium_stellerae,3376,3377,1
Mycolicibacterium_stellerae,3378,3379,1
Mycolicibacterium_stellerae,3433,3434,1
Mycolicibacterium_stellerae,3448,3449,1
Mycobacterium_lehmannii,1,3,2
Mycobacterium_lehmannii,82,83,1
Mycobacterium_lehmannii,186,187,1
Mycobacterium_lehmannii,235,237,2
Mycobacterium_lehmannii,238,240,2
Mycobacterium_lehmannii,250,251,1
Mycobacterium_lehmannii,295,296,1
Mycobacterium_lehmannii,341,342,1
Mycobacterium_lehmannii,359,360,1
Mycobacterium_lehmannii,373,374,1
Mycobacterium_lehmannii,386,387,1
Mycobacterium_lehmannii,401,402,1
Mycobacterium_lehmannii,416,417,1
Mycobacterium_lehmannii,451,452,1
Mycobacterium_lehmannii,471,574,103
Mycobacterium_lehmannii,753,755,2
Mycobacterium_lehmannii,762,768,6
Mycobacterium_lehmannii,789,790,1
Mycobacterium_lehmannii,839,840,1
Mycobacterium_lehmannii,890,891,1
Mycobacterium_lehmannii,896,900,4
Mycobacterium_lehmannii,1010,1011,1
Mycobacterium_lehmannii,1068,1069,1
Mycobacterium_lehmannii,1168,1169,1
Mycobacterium_lehmannii,1185,1186,1
Mycobacterium_lehmannii,1190,1192,2
Mycobacterium_lehmannii,1211,1212,1
Mycobacterium_lehmannii,1237,1238,1
Mycobacterium_lehmannii,1398,1399,1
Mycobacterium_lehmannii,1430,1437,7
Mycobacterium_lehmannii,1438,1440,2
Mycobacterium_lehmannii,1445,1446,1
Mycobacterium_lehmannii,1448,1450,2
Mycobacterium_lehmannii,1455,1463,8
Mycobacterium_lehmannii,1491,1492,1
Mycobacterium_lehmannii,1707,1708,1
Mycobacterium_lehmannii,1748,1749,1
Mycobacterium_lehmannii,1751,1752,1
Mycobacterium_lehmannii,1756,1761,5
Mycobacterium_lehmannii,1771,1775,4
Mycobacterium_lehmannii,1776,1777,1
Mycobacterium_lehmannii,1784,1785,1
Mycobacterium_lehmannii,1789,1791,2
Mycobacterium_lehmannii,1802,1803,1
Mycobacterium_lehmannii,1918,1919,1
Mycobacterium_lehmannii,1954,1955,1
Mycobacterium_lehmannii,1993,1994,1
Mycobacterium_lehmannii,2132,2133,1
Mycobacterium_lehmannii,2136,2137,1
Mycobacterium_lehmannii,2138,2139,1
Mycobacterium_lehmannii,2143,2147,4
Mycobacterium_lehmannii,2151,2152,1
Mycobacterium_lehmannii,2162,2163,1
Mycobacterium_lehmannii,2285,2294,9
Mycobacterium_lehmannii,2296,2297,1
Mycobacterium_lehmannii,2299,2300,1
Mycobacterium_lehmannii,2303,2306,3
Mycobacterium_lehmannii,2309,2315,6
Mycobacterium_lehmannii,2316,2325,9
Mycobacterium_lehmannii,2379,2380,1
Mycobacterium_lehmannii,2664,2665,1
Mycobacterium_lehmannii,2723,2850,127
Mycobacterium_lehmannii,3378,3379,1
Mycobacterium_lehmannii,3433,3434,1
Mycolicibacter_terrae,1,3,2
Mycolicibacter_terrae,82,83,1
Mycolicibacter_terrae,236,237,1
Mycolicibacter_terrae,238,240,2
Mycolicibacter_terrae,250,251,1
Mycolicibacter_terrae,295,296,1
Mycolicibacter_terrae,341,342,1
Mycolicibacter_terrae,359,360,1
Mycolicibacter_terrae,373,374,1
Mycolicibacter_terrae,386,387,1
Mycolicibacter_terrae,401,402,1
Mycolicibacter_terrae,416,417,1
Mycolicibacter_terrae,451,452,1
Mycolicibacter_terrae,471,574,103
Mycolicibacter_terrae,753,755,2
Mycolicibacter_terrae,760,768,8
Mycolicibacter_terrae,789,790,1
Mycolicibacter_terrae,839,840,1
Mycolicibacter_terrae,890,891,1
Mycolicibacter_terrae,896,900,4
Mycolicibacter_terrae,1010,1011,1
Mycolicibacter_terrae,1068,1069,1
Mycolicibacter_terrae,1168,1169,1
Mycolicibacter_terrae,1185,1186,1
Mycolicibacter_terrae,1190,1192,2
Mycolicibacter_terrae,1211,1212,1
Mycolicibacter_terrae,1237,1238,1
Mycolicibacter_terrae,1398,1399,1
Mycolicibacter_terrae,1430,1437,7
Mycolicibacter_terrae,1438,1439,1
Mycolicibacter_terrae,1440,1458,18
Mycolicibacter_terrae,1462,1463,1
Mycolicibacter_terrae,1491,1492,1
Mycolicibacter_terrae,1707,1708,1
Mycolicibacter_terrae,1748,1749,1
Mycolicibacter_terrae,1756,1761,5
Mycolicibacter_terrae,1772,1775,3
Mycolicibacter_terrae,1776,1777,1
Mycolicibacter_terrae,1784,1785,1
Mycolicibacter_terrae,1789,1791,2
Mycolicibacter_terrae,1802,1803,1
Mycolicibacter_terrae,1918,1919,1
Mycolicibacter_terrae,1954,1955,1
Mycolicibacter_terrae,1993,1994,1
Mycolicibacter_terrae,2132,2133,1
Mycolicibacter_terrae,2136,2137,1
Mycolicibacter_terrae,2138,2139,1
Mycolicibacter_terrae,2143,2147,4
Mycolicibacter_terrae,2151,2152,1
Mycolicibacter_terrae,2162,2163,1
Mycolicibacter_terrae,2285,2294,9
Mycolicibacter_terrae,2296,2297,1
Mycolicibacter_terrae,2299,2300,1
Mycolicibacter_terrae,2302,2307,5
Mycolicibacter_terrae,2309,2315,6
Mycolicibacter_terrae,2316,2325,9
Mycolicibacter_terrae,2379,2380,1
Mycolicibacter_terrae,2664,2665,1
Mycolicibacter_terrae,2723,2850,127
Mycolicibacter_terrae,3378,3379,1
Mycolicibacter_terrae,3433,3434,1
Mycolicibacter_arupensis,1,3,2
Mycolicibacter_arupensis,82,83,1
Mycolicibacter_arupensis,236,237,1
Mycolicibacter_arupensis,238,240,2
Mycolicibacter_arupensis,250,251,1
Mycolicibacter_arupensis,295,296,1
Mycolicibacter_arupensis,341,342,1
Mycolicibacter_arupensis,359,360,1
Mycolicibacter_arupensis,373,374,1
Mycolicibacter_arupensis,401,402,1
Mycolicibacter_arupensis,416,417,1
Mycolicibacter_arupensis,451,452,1
Mycolicibacter_arupensis,472,574,102
Mycolicibacter_arupensis,753,755,2
Mycolicibacter_arupensis,759,768,9
Mycolicibacter_arupensis,789,790,1
Mycolicibacter_arupensis,839,840,1
Mycolicibacter_arupensis,890,891,1
Mycolicibacter_arupensis,896,900,4
Mycolicibacter_arupensis,1010,1011,1
Mycolicibacter_arupensis,1068,1069,1
Mycolicibacter_arupensis,1168,1169,1
Mycolicibacter_arupensis,1185,1186,1
Mycolicibacter_arupensis,1190,1192,2
Mycolicibacter_arupensis,1211,1212,1
Mycolicibacter_arupensis,1237,1238,1
Mycolicibacter_arupensis,1398,1399,1
Mycolicibacter_arupensis,1430,1437,7
Mycolicibacter_arupensis,1438,1439,1
Mycolicibacter_arupensis,1440,1458,18
Mycolicibacter_arupensis,1462,1463,1
Mycolicibacter_arupensis,1491,1492,1
Mycolicibacter_arupensis,1707,1708,1
Mycolicibacter_arupensis,1748,1749,1
Mycolicibacter_arupensis,1751,1752,1
Mycolicibacter_arupensis,1756,1761,5
Mycolicibacter_arupensis,1772,1777,5
Mycolicibacter_arupensis,1784,1785,1
Mycolicibacter_arupensis,1789,1791,2
Mycolicibacter_arupensis,1802,1803,1
Mycolicibacter_arupensis,1918,1919,1
Mycolicibacter_arupensis,1954,1955,1
Mycolicibacter_arupensis,1993,1994,1
Mycolicibacter_arupensis,2132,2133,1
Mycolicibacter_arupensis,2136,2137,1
Mycolicibacter_arupensis,2138,2139,1
Mycolicibacter_arupensis,2143,2147,4
Mycolicibacter_arupensis,2151,2152,1
Mycolicibacter_arupensis,2162,2163,1
Mycolicibacter_arupensis,2285,2294,9
Mycolicibacter_arupensis,2296,2297,1
Mycolicibacter_arupensis,2299,2300,1
Mycolicibacter_arupensis,2302,2307,5
Mycolicibacter_arupensis,2309,2315,6
Mycolicibacter_arupensis,2316,2325,9
Mycolicibacter_arupensis,2379,2380,1
Mycolicibacter_arupensis,2664,2665,1
Mycolicibacter_arupensis,2723,2850,127
Mycolicibacter_arupensis,3376,3377,1
Mycolicibacter_arupensis,3378,3379,1
Mycolicibacter_arupensis,3433,3434,1
Mycolicibacter_senuensis,1,3,2
Mycolicibacter_senuensis,82,83,1
Mycolicibacter_senuensis,235,237,2
Mycolicibacter_senuensis,238,240,2
Mycolicibacter_senuensis,250,251,1
Mycolicibacter_senuensis,295,296,1
Mycolicibacter_senuensis,341,342,1
Mycolicibacter_senuensis,373,374,1
Mycolicibacter_senuensis,401,402,1
Mycolicibacter_senuensis,416,417,1
Mycolicibacter_senuensis,451,452,1
Mycolicibacter_senuensis,472,574,102
Mycolicibacter_senuensis,753,755,2
Mycolicibacter_senuensis,760,768,8
Mycolicibacter_senuensis,789,790,1
Mycolicibacter_senuensis,839,840,1
Mycolicibacter_senuensis,890,891,1
Mycolicibacter_senuensis,896,900,4
Mycolicibacter_senuensis,1010,1011,1
Mycolicibacter_senuensis,1068,1070,2
Mycolicibacter_senuensis,1168,1169,1
Mycolicibacter_senuensis,1185,1186,1
Mycolicibacter_senuensis,1190,1192,2
Mycolicibacter_senuensis,1211,1212,1
Mycolicibacter_senuensis,1237,1238,1
Mycolicibacter_senuensis,1398,1399,1
Mycolicibacter_senuensis,1430,1437,7
Mycolicibacter_senuensis,1438,1439,1
Mycolicibacter_senuensis,1440,1458,18
Mycolicibacter_senuensis,1462,1463,1
Mycolicibacter_senuensis,1491,1492,1
Mycolicibacter_senuensis,1707,1708,1
Mycolicibacter_senuensis,1748,1749,1
Mycolicibacter_senuensis,1756,1761,5
Mycolicibacter_senuensis,1772,1775,3
Mycolicibacter_senuensis,1776,1777,1
Mycolicibacter_senuensis,1784,1785,1
Mycolicibacter_senuensis,1789,1791,2
Mycolicibacter_senuensis,1802,1803,1
Mycolicibacter_senuensis,1918,1919,1
Mycolicibacter_senuensis,1954,1955,1
Mycolicibacter_senuensis,1993,1994,1
Mycolicibacter_senuensis,2132,2133,1
Mycolicibacter_senuensis,2136,2137,1
Mycolicibacter_senuensis,2138,2139,1
Mycolicibacter_senuensis,2143,2147,4
Mycolicibacter_senuensis,2151,2152,1
Mycolicibacter_senuensis,2162,2163,1
Mycolicibacter_senuensis,2285,2294,9
Mycolicibacter_senuensis,2296,2297,1
Mycolicibacter_senuensis,2299,2300,1
Mycolicibacter_senuensis,2302,2307,5
Mycolicibacter_senuensis,2309,2315,6
Mycolicibacter_senuensis,2316,2325,9
Mycolicibacter_senuensis,2379,2380,1
Mycolicibacter_senuensis,2664,2665,1
Mycolicibacter_senuensis,2723,2850,127
Mycolicibacter_senuensis,3376,3379,3
Mycolicibacter_senuensis,3433,3434,1
Mycolicibacterium_novocastrense,1,3,2
Mycolicibacterium_novocastrense,82,83,1
Mycolicibacterium_novocastrense,186,187,1
Mycolicibacterium_novocastrense,235,237,2
Mycolicibacterium_novocastrense,238,240,2
Mycolicibacterium_novocastrense,250,251,1
Mycolicibacterium_novocastrense,295,296,1
Mycolicibacterium_novocastrense,359,360,1
Mycolicibacterium_novocastrense,373,374,1
Mycolicibacterium_novocastrense,386,387,1
Mycolicibacterium_novocastrense,401,402,1
Mycolicibacterium_novocastrense,416,417,1
Mycolicibacterium_novocastrense,473,574,101
Mycolicibacterium_novocastrense,753,755,2
Mycolicibacterium_novocastrense,760,761,1
Mycolicibacterium_novocastrense,762,768,6
Mycolicibacterium_novocastrense,789,790,1
Mycolicibacterium_novocastrense,839,840,1
Mycolicibacterium_novocastrense,890,891,1
Mycolicibacterium_novocastrense,896,900,4
Mycolicibacterium_novocastrense,1010,1011,1
Mycolicibacterium_novocastrense,1068,1069,1
Mycolicibacterium_novocastrense,1168,1169,1
Mycolicibacterium_novocastrense,1185,1186,1
Mycolicibacterium_novocastrense,1190,1192,2
Mycolicibacterium_novocastrense,1211,1212,1
Mycolicibacterium_novocastrense,1237,1238,1
Mycolicibacterium_novocastrense,1398,1399,1
Mycolicibacterium_novocastrense,1430,1437,7
Mycolicibacterium_novocastrense,1438,1440,2
Mycolicibacterium_novocastrense,1445,1446,1
Mycolicibacterium_novocastrense,1448,1449,1
Mycolicibacterium_novocastrense,1455,1463,8
Mycolicibacterium_novocastrense,1491,1492,1
Mycolicibacterium_novocastrense,1707,1708,1
Mycolicibacterium_novocastrense,1748,1749,1
Mycolicibacterium_novocastrense,1751,1752,1
Mycolicibacterium_novocastrense,1756,1761,5
Mycolicibacterium_novocastrense,1771,1775,4
Mycolicibacterium_novocastrense,1776,1777,1
Mycolicibacterium_novocastrense,1784,1785,1
Mycolicibacterium_novocastrense,1789,1791,2
Mycolicibacterium_novocastrense,1802,1803,1
Mycolicibacterium_novocastrense,1918,1920,2
Mycolicibacterium_novocastrense,1954,1955,1
Mycolicibacterium_novocastrense,1993,1994,1
Mycolicibacterium_novocastrense,2132,2133,1
Mycolicibacterium_novocastrense,2136,2137,1
Mycolicibacterium_novocastrense,2138,2139,1
Mycolicibacterium_novocastrense,2143,2147,4
Mycolicibacterium_novocastrense,2151,2152,1
Mycolicibacterium_novocastrense,2162,2163,1
Mycolicibacterium_novocastrense,2285,2294,9
Mycolicibacterium_novocastrense,2296,2297,1
Mycolicibacterium_novocastrense,2299,2302,3
Mycolicibacterium_novocastrense,2303,2306,3
Mycolicibacterium_novocastrense,2309,2315,6
Mycolicibacterium_novocastrense,2316,2325,9
Mycolicibacterium_novocastrense,2379,2380,1
Mycolicibacterium_novocastrense,2664,2665,1
Mycolicibacterium_novocastrense,2723,2850,127
Mycolicibacterium_novocastrense,3378,3379,1
Mycolicibacterium_novocastrense,3433,3434,1
Mycobacterium_manitobense,1,3,2
Mycobacterium_manitobense,82,83,1
Mycobacterium_manitobense,186,187,1
Mycobacterium_manitobense,235,237,2
Mycobacterium_manitobense,238,240,2
Mycobacterium_manitobense,250,251,1
Mycobacterium_manitobense,295,296,1
Mycobacterium_manitobense,341,342,1
Mycobacterium_manitobense,359,360,1
Mycobacterium_manitobense,373,374,1
Mycobacterium_manitobense,386,387,1
Mycobacterium_manitobense,416,417,1
Mycobacterium_manitobense,451,452,1
Mycobacterium_manitobense,471,574,103
Mycobacterium_manitobense,753,755,2
Mycobacterium_manitobense,760,768,8
Mycobacterium_manitobense,789,790,1
Mycobacterium_manitobense,839,840,1
Mycobacterium_manitobense,890,891,1
Mycobacterium_manitobense,896,900,4
Mycobacterium_manitobense,1010,1011,1
Mycobacterium_manitobense,1068,1069,1
Mycobacterium_manitobense,1168,1169,1
Mycobacterium_manitobense,1185,1186,1
Mycobacterium_manitobense,1190,1192,2
Mycobacterium_manitobense,1211,1212,1
Mycobacterium_manitobense,1237,1238,1
Mycobacterium_manitobense,1398,1399,1
Mycobacterium_manitobense,1430,1437,7
Mycobacterium_manitobense,1438,1439,1
Mycobacterium_manitobense,1445,1460,15
Mycobacterium_manitobense,1491,1492,1
Mycobacterium_manitobense,1707,1708,1
Mycobacterium_manitobense,1748,1749,1
Mycobacterium_manitobense,1751,1752,1
Mycobacterium_manitobense,1756,1761,5
Mycobacterium_manitobense,1771,1775,4
Mycobacterium_manitobense,1776,1777,1
Mycobacterium_manitobense,1784,1785,1
Mycobacterium_manitobense,1802,1803,1
Mycobacterium_manitobense,1917,1919,2
Mycobacterium_manitobense,1954,1955,1
Mycobacterium_manitobense,1993,1994,1
Mycobacterium_manitobense,2132,2133,1
Mycobacterium_manitobense,2136,2137,1
Mycobacterium_manitobense,2143,2147,4
Mycobacterium_manitobense,2151,2152,1
Mycobacterium_manitobense,2162,2163,1
Mycobacterium_manitobense,2285,2294,9
Mycobacterium_manitobense,2296,2297,1
Mycobacterium_manitobense,2299,2300,1
Mycobacterium_manitobense,2302,2307,5
Mycobacterium_manitobense,2309,2315,6
Mycobacterium_manitobense,2316,2325,9
Mycobacterium_manitobense,2379,2380,1
Mycobacterium_manitobense,2664,2665,1
Mycobacterium_manitobense,2723,2850,127
Mycobacterium_manitobense,3378,3379,1
Mycobacterium_manitobense,3433,3434,1
Mycobacterium_neumannii,1,3,2
Mycobacterium_neumannii,82,83,1
Mycobacterium_neumannii,186,187,1
Mycobacterium_neumannii,235,237,2
Mycobacterium_neumannii,238,240,2
Mycobacterium_neumannii,250,251,1
Mycobacterium_neumannii,295,296,1
Mycobacterium_neumannii,341,342,1
Mycobacterium_neumannii,359,360,1
Mycobacterium_neumannii,373,374,1
Mycobacterium_neumannii,386,387,1
Mycobacterium_neumannii,401,402,1
Mycobacterium_neumannii,416,417,1
Mycobacterium_neumannii,451,452,1
Mycobacterium_neumannii,471,574,103
Mycobacterium_neumannii,753,755,2
Mycobacterium_neumannii,760,761,1
Mycobacterium_neumannii,762,768,6
Mycobacterium_neumannii,789,790,1
Mycobacterium_neumannii,839,840,1
Mycobacterium_neumannii,890,891,1
Mycobacterium_neumannii,896,900,4
Mycobacterium_neumannii,1010,1011,1
Mycobacterium_neumannii,1068,1069,1
Mycobacterium_neumannii,1168,1169,1
Mycobacterium_neumannii,1185,1186,1
Mycobacterium_neumannii,1190,1192,2
Mycobacterium_neumannii,1211,1212,1
Mycobacterium_neumannii,1237,1238,1
Mycobacterium_neumannii,1398,1399,1
Mycobacterium_neumannii,1430,1437,7
Mycobacterium_neumannii,1438,1440,2
Mycobacterium_neumannii,1445,1446,1
Mycobacterium_neumannii,1448,1450,2
Mycobacterium_neumannii,1455,1463,8
Mycobacterium_neumannii,1491,1492,1
Mycobacterium_neumannii,1707,1708,1
Mycobacterium_neumannii,1748,1749,1
Mycobacterium_neumannii,1751,1752,1
Mycobacterium_neumannii,1756,1761,5
Mycobacterium_neumannii,1771,1775,4
Mycobacterium_neumannii,1776,1777,1
Mycobacterium_neumannii,1784,1785,1
Mycobacterium_neumannii,1789,1791,2
Mycobacterium_neumannii,1802,1803,1
Mycobacterium_neumannii,1918,1919,1
Mycobacterium_neumannii,1954,1955,1
Mycobacterium_neumannii,1993,1994,1
Mycobacterium_neumannii,2132,2133,1
Mycobacterium_neumannii,2136,2137,1
Mycobacterium_neumannii,2138,2139,1
Mycobacterium_neumannii,2143,2147,4
Mycobacterium_neumannii,2151,2152,1
Mycobacterium_neumannii,2162,2163,1
Mycobacterium_neumannii,2285,2294,9
Mycobacterium_neumannii,2296,2297,1
Mycobacterium_neumannii,2298,2301,3
Mycobacterium_neumannii,2303,2306,3
Mycobacterium_neumannii,2309,2315,6
Mycobacterium_neumannii,2316,2325,9
Mycobacterium_neumannii,2379,2380,1
Mycobacterium_neumannii,2664,2665,1
Mycobacterium_neumannii,2723,2850,127
Mycobacterium_neumannii,3378,3379,1
Mycobacterium_neumannii,3433,3434,1
Mycolicibacter_algericus,1,3,2
Mycolicibacter_algericus,82,83,1
Mycolicibacter_algericus,235,237,2
Mycolicibacter_algericus,238,240,2
Mycolicibacter_algericus,250,251,1
Mycolicibacter_algericus,295,296,1
Mycolicibacter_algericus,341,342,1
Mycolicibacter_algericus,373,374,1
Mycolicibacter_algericus,401,402,1
Mycolicibacter_algericus,416,417,1
Mycolicibacter_algericus,451,452,1
Mycolicibacter_algericus,472,574,102
Mycolicibacter_algericus,753,755,2
Mycolicibacter_algericus,761,768,7
Mycolicibacter_algericus,789,790,1
Mycolicibacter_algericus,839,840,1
Mycolicibacter_algericus,890,891,1
Mycolicibacter_algericus,896,900,4
Mycolicibacter_algericus,1010,1011,1
Mycolicibacter_algericus,1068,1069,1
Mycolicibacter_algericus,1168,1169,1
Mycolicibacter_algericus,1185,1186,1
Mycolicibacter_algericus,1190,1192,2
Mycolicibacter_algericus,1211,1212,1
Mycolicibacter_algericus,1237,1238,1
Mycolicibacter_algericus,1256,1260,4
Mycolicibacter_algericus,1398,1399,1
Mycolicibacter_algericus,1430,1437,7
Mycolicibacter_algericus,1438,1439,1
Mycolicibacter_algericus,1440,1458,18
Mycolicibacter_algericus,1462,1463,1
Mycolicibacter_algericus,1491,1492,1
Mycolicibacter_algericus,1707,1708,1
Mycolicibacter_algericus,1748,1749,1
Mycolicibacter_algericus,1756,1761,5
Mycolicibacter_algericus,1772,1775,3
Mycolicibacter_algericus,1776,1777,1
Mycolicibacter_algericus,1784,1785,1
Mycolicibacter_algericus,1788,1791,3
Mycolicibacter_algericus,1802,1803,1
Mycolicibacter_algericus,1918,1919,1
Mycolicibacter_algericus,1954,1955,1
Mycolicibacter_algericus,1993,1994,1
Mycolicibacter_algericus,2132,2133,1
Mycolicibacter_algericus,2136,2137,1
Mycolicibacter_algericus,2138,2139,1
Mycolicibacter_algericus,2143,2147,4
Mycolicibacter_algericus,2150,2153,3
Mycolicibacter_algericus,2162,2163,1
Mycolicibacter_algericus,2200,2201,1
Mycolicibacter_algericus,2285,2294,9
Mycolicibacter_algericus,2296,2297,1
Mycolicibacter_algericus,2299,2300,1
Mycolicibacter_algericus,2303,2306,3
Mycolicibacter_algericus,2309,2315,6
Mycolicibacter_algericus,2316,2325,9
Mycolicibacter_algericus,2379,2380,1
Mycolicibacter_algericus,2664,2665,1
Mycolicibacter_algericus,2723,2850,127
Mycolicibacter_algericus,3378,3379,1
Mycolicibacter_algericus,3433,3434,1
Mycolicibacterium_komanii,1,3,2
Mycolicibacterium_komanii,82,83,1
Mycolicibacterium_komanii,186,187,1
Mycolicibacterium_komanii,235,237,2
Mycolicibacterium_komanii,238,240,2
Mycolicibacterium_komanii,250,251,1
Mycolicibacterium_komanii,295,296,1
Mycolicibacterium_komanii,341,342,1
Mycolicibacterium_komanii,359,360,1
Mycolicibacterium_komanii,373,374,1
Mycolicibacterium_komanii,386,387,1
Mycolicibacterium_komanii,401,402,1
Mycolicibacterium_komanii,416,417,1
Mycolicibacterium_komanii,451,452,1
Mycolicibacterium_komanii,473,574,101
Mycolicibacterium_komanii,753,755,2
Mycolicibacterium_komanii,760,761,1
Mycolicibacterium_komanii,762,768,6
Mycolicibacterium_komanii,789,790,1
Mycolicibacterium_komanii,839,840,1
Mycolicibacterium_komanii,890,891,1
Mycolicibacterium_komanii,896,900,4
Mycolicibacterium_komanii,1010,1011,1
Mycolicibacterium_komanii,1068,1069,1
Mycolicibacterium_komanii,1168,1169,1
Mycolicibacterium_komanii,1185,1186,1
Mycolicibacterium_komanii,1190,1192,2
Mycolicibacterium_komanii,1211,1212,1
Mycolicibacterium_komanii,1237,1238,1
Mycolicibacterium_komanii,1398,1399,1
Mycolicibacterium_komanii,1430,1437,7
Mycolicibacterium_komanii,1438,1439,1
Mycolicibacterium_komanii,1445,1446,1
Mycolicibacterium_komanii,1448,1462,14
Mycolicibacterium_komanii,1491,1492,1
Mycolicibacterium_komanii,1707,1708,1
Mycolicibacterium_komanii,1748,1749,1
Mycolicibacterium_komanii,1751,1752,1
Mycolicibacterium_komanii,1756,1761,5
Mycolicibacterium_komanii,1771,1775,4
Mycolicibacterium_komanii,1776,1777,1
Mycolicibacterium_komanii,1784,1785,1
Mycolicibacterium_komanii,1789,1791,2
Mycolicibacterium_komanii,1802,1803,1
Mycolicibacterium_komanii,1918,1919,1
Mycolicibacterium_komanii,1954,1955,1
Mycolicibacterium_komanii,1993,1994,1
Mycolicibacterium_komanii,2132,2133,1
Mycolicibacterium_komanii,2136,2137,1
Mycolicibacterium_komanii,2138,2139,1
Mycolicibacterium_komanii,2143,2147,4
Mycolicibacterium_komanii,2151,2152,1
Mycolicibacterium_komanii,2162,2163,1
Mycolicibacterium_komanii,2285,2294,9
Mycolicibacterium_komanii,2296,2297,1
Mycolicibacterium_komanii,2299,2300,1
Mycolicibacterium_komanii,2303,2306,3
Mycolicibacterium_komanii,2309,2315,6
Mycolicibacterium_komanii,2316,2325,9
Mycolicibacterium_komanii,2379,2380,1
Mycolicibacterium_komanii,2664,2665,1
Mycolicibacterium_komanii,2723,2850,127
Mycolicibacterium_komanii,3378,3379,1
Mycolicibacterium_komanii,3433,3434,1
Mycobacterium_aquaticum,1,3,2
Mycobacterium_aquaticum,82,83,1
Mycobacterium_aquaticum,186,187,1
Mycobacterium_aquaticum,235,237,2
Mycobacterium_aquaticum,238,240,2
Mycobacterium_aquaticum,250,251,1
Mycobacterium_aquaticum,295,296,1
Mycobacterium_aquaticum,341,342,1
Mycobacterium_aquaticum,359,360,1
Mycobacterium_aquaticum,373,374,1
Mycobacterium_aquaticum,401,402,1
Mycobacterium_aquaticum,416,417,1
Mycobacterium_aquaticum,451,452,1
Mycobacterium_aquaticum,471,574,103
Mycobacterium_aquaticum,753,755,2
Mycobacterium_aquaticum,760,768,8
Mycobacterium_aquaticum,789,790,1
Mycobacterium_aquaticum,839,840,1
Mycobacterium_aquaticum,890,891,1
Mycobacterium_aquaticum,896,900,4
Mycobacterium_aquaticum,1010,1011,1
Mycobacterium_aquaticum,1068,1069,1
Mycobacterium_aquaticum,1168,1169,1
Mycobacterium_aquaticum,1185,1186,1
Mycobacterium_aquaticum,1211,1212,1
Mycobacterium_aquaticum,1237,1238,1
Mycobacterium_aquaticum,1398,1399,1
Mycobacterium_aquaticum,1430,1437,7
Mycobacterium_aquaticum,1438,1439,1
Mycobacterium_aquaticum,1445,1464,19
Mycobacterium_aquaticum,1491,1492,1
Mycobacterium_aquaticum,1707,1708,1
Mycobacterium_aquaticum,1748,1749,1
Mycobacterium_aquaticum,1751,1752,1
Mycobacterium_aquaticum,1756,1761,5
Mycobacterium_aquaticum,1771,1775,4
Mycobacterium_aquaticum,1776,1777,1
Mycobacterium_aquaticum,1784,1785,1
Mycobacterium_aquaticum,1788,1790,2
Mycobacterium_aquaticum,1802,1803,1
Mycobacterium_aquaticum,1918,1919,1
Mycobacterium_aquaticum,1954,1955,1
Mycobacterium_aquaticum,1993,1994,1
Mycobacterium_aquaticum,2132,2133,1
Mycobacterium_aquaticum,2136,2137,1
Mycobacterium_aquaticum,2143,2147,4
Mycobacterium_aquaticum,2151,2152,1
Mycobacterium_aquaticum,2162,2163,1
Mycobacterium_aquaticum,2285,2294,9
Mycobacterium_aquaticum,2296,2297,1
Mycobacterium_aquaticum,2299,2300,1
Mycobacterium_aquaticum,2303,2306,3
Mycobacterium_aquaticum,2309,2315,6
Mycobacterium_aquaticum,2316,2325,9
Mycobacterium_aquaticum,2379,2380,1
Mycobacterium_aquaticum,2664,2665,1
Mycobacterium_aquaticum,2723,2850,127
Mycobacterium_aquaticum,3376,3377,1
Mycobacterium_aquaticum,3378,3379,1
Mycobacterium_aquaticum,3433,3434,1
Mycolicibacterium_malmesburyense,1,3,2
Mycolicibacterium_malmesburyense,82,83,1
Mycolicibacterium_malmesburyense,186,187,1
Mycolicibacterium_malmesburyense,235,237,2
Mycolicibacterium_malmesburyense,238,240,2
Mycolicibacterium_malmesburyense,250,251,1
Mycolicibacterium_malmesburyense,295,296,1
Mycolicibacterium_malmesburyense,341,342,1
Mycolicibacterium_malmesburyense,359,360,1
Mycolicibacterium_malmesburyense,373,374,1
Mycolicibacterium_malmesburyense,386,387,1
Mycolicibacterium_malmesburyense,401,402,1
Mycolicibacterium_malmesburyense,416,417,1
Mycolicibacterium_malmesburyense,451,452,1
Mycolicibacterium_malmesburyense,473,574,101
Mycolicibacterium_malmesburyense,753,755,2
Mycolicibacterium_malmesburyense,762,768,6
Mycolicibacterium_malmesburyense,789,790,1
Mycolicibacterium_malmesburyense,839,840,1
Mycolicibacterium_malmesburyense,890,891,1
Mycolicibacterium_malmesburyense,896,900,4
Mycolicibacterium_malmesburyense,1010,1011,1
Mycolicibacterium_malmesburyense,1068,1069,1
Mycolicibacterium_malmesburyense,1168,1169,1
Mycolicibacterium_malmesburyense,1185,1186,1
Mycolicibacterium_malmesburyense,1190,1192,2
Mycolicibacterium_malmesburyense,1211,1212,1
Mycolicibacterium_malmesburyense,1237,1238,1
Mycolicibacterium_malmesburyense,1398,1399,1
Mycolicibacterium_malmesburyense,1430,1437,7
Mycolicibacterium_malmesburyense,1438,1440,2
Mycolicibacterium_malmesburyense,1445,1446,1
Mycolicibacterium_malmesburyense,1448,1450,2
Mycolicibacterium_malmesburyense,1455,1463,8
Mycolicibacterium_malmesburyense,1491,1492,1
Mycolicibacterium_malmesburyense,1707,1708,1
Mycolicibacterium_malmesburyense,1748,1749,1
Mycolicibacterium_malmesburyense,1751,1752,1
Mycolicibacterium_malmesburyense,1756,1761,5
Mycolicibacterium_malmesburyense,1771,1775,4
Mycolicibacterium_malmesburyense,1776,1777,1
Mycolicibacterium_malmesburyense,1784,1785,1
Mycolicibacterium_malmesburyense,1789,1791,2
Mycolicibacterium_malmesburyense,1802,1803,1
Mycolicibacterium_malmesburyense,1918,1920,2
Mycolicibacterium_malmesburyense,1954,1955,1
Mycolicibacterium_malmesburyense,1993,1994,1
Mycolicibacterium_malmesburyense,2132,2133,1
Mycolicibacterium_malmesburyense,2136,2137,1
Mycolicibacterium_malmesburyense,2138,2139,1
Mycolicibacterium_malmesburyense,2143,2147,4
Mycolicibacterium_malmesburyense,2151,2152,1
Mycolicibacterium_malmesburyense,2162,2163,1
Mycolicibacterium_malmesburyense,2285,2294,9
Mycolicibacterium_malmesburyense,2296,2297,1
Mycolicibacterium_malmesburyense,2299,2300,1
Mycolicibacterium_malmesburyense,2302,2307,5
Mycolicibacterium_malmesburyense,2309,2315,6
Mycolicibacterium_malmesburyense,2316,2325,9
Mycolicibacterium_malmesburyense,2379,2380,1
Mycolicibacterium_malmesburyense,2664,2665,1
Mycolicibacterium_malmesburyense,2723,2850,127
Mycolicibacterium_malmesburyense,3378,3379,1
Mycolicibacterium_malmesburyense,3433,3434,1
Mycobacterium_grossiae,1,3,2
Mycobacterium_grossiae,82,83,1
Mycobacterium_grossiae,186,187,1
Mycobacterium_grossiae,235,237,2
Mycobacterium_grossiae,238,240,2
Mycobacterium_grossiae,250,251,1
Mycobacterium_grossiae,295,296,1
Mycobacterium_grossiae,341,342,1
Mycobacterium_grossiae,359,360,1
Mycobacterium_grossiae,373,374,1
Mycobacterium_grossiae,416,417,1
Mycobacterium_grossiae,451,452,1
Mycobacterium_grossiae,471,574,103
Mycobacterium_grossiae,753,756,3
Mycobacterium_grossiae,760,768,8
Mycobacterium_grossiae,789,790,1
Mycobacterium_grossiae,839,840,1
Mycobacterium_grossiae,890,891,1
Mycobacterium_grossiae,896,900,4
Mycobacterium_grossiae,1010,1011,1
Mycobacterium_grossiae,1068,1069,1
Mycobacterium_grossiae,1168,1169,1
Mycobacterium_grossiae,1185,1186,1
Mycobacterium_grossiae,1211,1212,1
Mycobacterium_grossiae,1237,1238,1
Mycobacterium_grossiae,1398,1399,1
Mycobacterium_grossiae,1430,1437,7
Mycobacterium_grossiae,1438,1439,1
Mycobacterium_grossiae,1445,1464,19
Mycobacterium_grossiae,1491,1492,1
Mycobacterium_grossiae,1707,1708,1
Mycobacterium_grossiae,1748,1749,1
Mycobacterium_grossiae,1751,1752,1
Mycobacterium_grossiae,1756,1761,5
Mycobacterium_grossiae,1771,1775,4
Mycobacterium_grossiae,1776,1777,1
Mycobacterium_grossiae,1784,1785,1
Mycobacterium_grossiae,1789,1791,2
Mycobacterium_grossiae,1802,1803,1
Mycobacterium_grossiae,1918,1919,1
Mycobacterium_grossiae,1954,1955,1
Mycobacterium_grossiae,1993,1994,1
Mycobacterium_grossiae,2132,2133,1
Mycobacterium_grossiae,2136,2137,1
Mycobacterium_grossiae,2138,2139,1
Mycobacterium_grossiae,2143,2147,4
Mycobacterium_grossiae,2151,2152,1
Mycobacterium_grossiae,2162,2163,1
Mycobacterium_grossiae,2285,2294,9
Mycobacterium_grossiae,2296,2297,1
Mycobacterium_grossiae,2299,2300,1
Mycobacterium_grossiae,2303,2306,3
Mycobacterium_grossiae,2309,2315,6
Mycobacterium_grossiae,2316,2325,9
Mycobacterium_grossiae,2379,2380,1
Mycobacterium_grossiae,2664,2665,1
Mycobacterium_grossiae,2723,2850,127
Mycobacterium_grossiae,3376,3377,1
Mycobacterium_grossiae,3378,3379,1
Mycobacterium_grossiae,3433,3434,1
Mycolicibacterium_chubuense,1,3,2
Mycolicibacterium_chubuense,82,83,1
Mycolicibacterium_chubuense,186,187,1
Mycolicibacterium_chubuense,235,237,2
Mycolicibacterium_chubuense,238,240,2
Mycolicibacterium_chubuense,250,251,1
Mycolicibacterium_chubuense,295,296,1
Mycolicibacterium_chubuense,341,342,1
Mycolicibacterium_chubuense,359,360,1
Mycolicibacterium_chubuense,373,374,1
Mycolicibacterium_chubuense,386,387,1
Mycolicibacterium_chubuense,401,402,1
Mycolicibacterium_chubuense,416,417,1
Mycolicibacterium_chubuense,451,452,1
Mycolicibacterium_chubuense,473,574,101
Mycolicibacterium_chubuense,753,755,2
Mycolicibacterium_chubuense,760,761,1
Mycolicibacterium_chubuense,762,768,6
Mycolicibacterium_chubuense,789,790,1
Mycolicibacterium_chubuense,839,840,1
Mycolicibacterium_chubuense,890,891,1
Mycolicibacterium_chubuense,896,900,4
Mycolicibacterium_chubuense,1010,1011,1
Mycolicibacterium_chubuense,1068,1069,1
Mycolicibacterium_chubuense,1168,1169,1
Mycolicibacterium_chubuense,1185,1186,1
Mycolicibacterium_chubuense,1190,1192,2
Mycolicibacterium_chubuense,1211,1212,1
Mycolicibacterium_chubuense,1237,1238,1
Mycolicibacterium_chubuense,1398,1399,1
Mycolicibacterium_chubuense,1430,1437,7
Mycolicibacterium_chubuense,1438,1439,1
Mycolicibacterium_chubuense,1445,1446,1
Mycolicibacterium_chubuense,1448,1462,14
Mycolicibacterium_chubuense,1491,1492,1
Mycolicibacterium_chubuense,1707,1708,1
Mycolicibacterium_chubuense,1748,1749,1
Mycolicibacterium_chubuense,1751,1752,1
Mycolicibacterium_chubuense,1756,1761,5
Mycolicibacterium_chubuense,1771,1775,4
Mycolicibacterium_chubuense,1776,1777,1
Mycolicibacterium_chubuense,1784,1785,1
Mycolicibacterium_chubuense,1789,1791,2
Mycolicibacterium_chubuense,1802,1803,1
Mycolicibacterium_chubuense,1918,1919,1
Mycolicibacterium_chubuense,1954,1955,1
Mycolicibacterium_chubuense,1993,1994,1
Mycolicibacterium_chubuense,2132,2133,1
Mycolicibacterium_chubuense,2136,2137,1
Mycolicibacterium_chubuense,2138,2139,1
Mycolicibacterium_chubuense,2143,2147,4
Mycolicibacterium_chubuense,2151,2152,1
Mycolicibacterium_chubuense,2162,2163,1
Mycolicibacterium_chubuense,2285,2294,9
Mycolicibacterium_chubuense,2296,2297,1
Mycolicibacterium_chubuense,2299,2300,1
Mycolicibacterium_chubuense,2303,2306,3
Mycolicibacterium_chubuense,2309,2315,6
Mycolicibacterium_chubuense,2316,2325,9
Mycolicibacterium_chubuense,2379,2380,1
Mycolicibacterium_chubuense,2664,2665,1
Mycolicibacterium_chubuense,2723,2850,127
Mycolicibacterium_chubuense,3378,3379,1
Mycolicibacterium_chubuense,3433,3434,1
Mycolicibacterium_rutilum,1,3,2
Mycolicibacterium_rutilum,82,83,1
Mycolicibacterium_rutilum,186,187,1
Mycolicibacterium_rutilum,235,237,2
Mycolicibacterium_rutilum,238,240,2
Mycolicibacterium_rutilum,250,251,1
Mycolicibacterium_rutilum,295,296,1
Mycolicibacterium_rutilum,341,342,1
Mycolicibacterium_rutilum,359,360,1
Mycolicibacterium_rutilum,373,374,1
Mycolicibacterium_rutilum,386,387,1
Mycolicibacterium_rutilum,401,402,1
Mycolicibacterium_rutilum,416,417,1
Mycolicibacterium_rutilum,451,452,1
Mycolicibacterium_rutilum,473,574,101
Mycolicibacterium_rutilum,753,755,2
Mycolicibacterium_rutilum,760,768,8
Mycolicibacterium_rutilum,789,790,1
Mycolicibacterium_rutilum,839,840,1
Mycolicibacterium_rutilum,890,891,1
Mycolicibacterium_rutilum,896,900,4
Mycolicibacterium_rutilum,1010,1011,1
Mycolicibacterium_rutilum,1068,1069,1
Mycolicibacterium_rutilum,1168,1169,1
Mycolicibacterium_rutilum,1185,1186,1
Mycolicibacterium_rutilum,1190,1192,2
Mycolicibacterium_rutilum,1211,1212,1
Mycolicibacterium_rutilum,1237,1238,1
Mycolicibacterium_rutilum,1398,1399,1
Mycolicibacterium_rutilum,1430,1437,7
Mycolicibacterium_rutilum,1438,1439,1
Mycolicibacterium_rutilum,1445,1456,11
Mycolicibacterium_rutilum,1491,1492,1
Mycolicibacterium_rutilum,1707,1708,1
Mycolicibacterium_rutilum,1748,1749,1
Mycolicibacterium_rutilum,1751,1752,1
Mycolicibacterium_rutilum,1756,1761,5
Mycolicibacterium_rutilum,1771,1775,4
Mycolicibacterium_rutilum,1776,1777,1
Mycolicibacterium_rutilum,1784,1785,1
Mycolicibacterium_rutilum,1789,1791,2
Mycolicibacterium_rutilum,1802,1803,1
Mycolicibacterium_rutilum,1918,1919,1
Mycolicibacterium_rutilum,1954,1955,1
Mycolicibacterium_rutilum,1993,1994,1
Mycolicibacterium_rutilum,2132,2133,1
Mycolicibacterium_rutilum,2136,2137,1
Mycolicibacterium_rutilum,2138,2139,1
Mycolicibacterium_rutilum,2143,2147,4
Mycolicibacterium_rutilum,2151,2152,1
Mycolicibacterium_rutilum,2162,2163,1
Mycolicibacterium_rutilum,2285,2294,9
Mycolicibacterium_rutilum,2296,2297,1
Mycolicibacterium_rutilum,2299,2302,3
Mycolicibacterium_rutilum,2303,2306,3
Mycolicibacterium_rutilum,2309,2315,6
Mycolicibacterium_rutilum,2316,2325,9
Mycolicibacterium_rutilum,2379,2380,1
Mycolicibacterium_rutilum,2664,2665,1
Mycolicibacterium_rutilum,2723,2850,127
Mycolicibacterium_rutilum,3376,3377,1
Mycolicibacterium_rutilum,3378,3379,1
Mycolicibacterium_rutilum,3433,3434,1
Mycolicibacterium_phlei,1,3,2
Mycolicibacterium_phlei,82,83,1
Mycolicibacterium_phlei,179,180,1
Mycolicibacterium_phlei,186,187,1
Mycolicibacterium_phlei,235,237,2
Mycolicibacterium_phlei,238,240,2
Mycolicibacterium_phlei,250,251,1
Mycolicibacterium_phlei,295,296,1
Mycolicibacterium_phlei,341,342,1
Mycolicibacterium_phlei,359,360,1
Mycolicibacterium_phlei,373,374,1
Mycolicibacterium_phlei,386,387,1
Mycolicibacterium_phlei,401,402,1
Mycolicibacterium_phlei,416,417,1
Mycolicibacterium_phlei,451,452,1
Mycolicibacterium_phlei,470,574,104
Mycolicibacterium_phlei,753,757,4
Mycolicibacterium_phlei,760,761,1
Mycolicibacterium_phlei,762,768,6
Mycolicibacterium_phlei,789,790,1
Mycolicibacterium_phlei,839,840,1
Mycolicibacterium_phlei,890,891,1
Mycolicibacterium_phlei,896,900,4
Mycolicibacterium_phlei,1010,1011,1
Mycolicibacterium_phlei,1068,1069,1
Mycolicibacterium_phlei,1168,1169,1
Mycolicibacterium_phlei,1185,1186,1
Mycolicibacterium_phlei,1190,1192,2
Mycolicibacterium_phlei,1211,1212,1
Mycolicibacterium_phlei,1237,1238,1
Mycolicibacterium_phlei,1398,1399,1
Mycolicibacterium_phlei,1430,1437,7
Mycolicibacterium_phlei,1438,1439,1
Mycolicibacterium_phlei,1445,1446,1
Mycolicibacterium_phlei,1449,1460,11
Mycolicibacterium_phlei,1491,1492,1
Mycolicibacterium_phlei,1707,1708,1
Mycolicibacterium_phlei,1748,1749,1
Mycolicibacterium_phlei,1751,1754,3
Mycolicibacterium_phlei,1756,1761,5
Mycolicibacterium_phlei,1771,1774,3
Mycolicibacterium_phlei,1776,1777,1
Mycolicibacterium_phlei,1784,1790,6
Mycolicibacterium_phlei,1802,1803,1
Mycolicibacterium_phlei,1918,1920,2
Mycolicibacterium_phlei,1954,1955,1
Mycolicibacterium_phlei,1993,1994,1
Mycolicibacterium_phlei,2132,2133,1
Mycolicibacterium_phlei,2136,2137,1
Mycolicibacterium_phlei,2138,2139,1
Mycolicibacterium_phlei,2143,2147,4
Mycolicibacterium_phlei,2151,2152,1
Mycolicibacterium_phlei,2162,2163,1
Mycolicibacterium_phlei,2285,2294,9
Mycolicibacterium_phlei,2296,2297,1
Mycolicibacterium_phlei,2299,2300,1
Mycolicibacterium_phlei,2303,2306,3
Mycolicibacterium_phlei,2309,2315,6
Mycolicibacterium_phlei,2316,2325,9
Mycolicibacterium_phlei,2379,2380,1
Mycolicibacterium_phlei,2664,2665,1
Mycolicibacterium_phlei,2723,2850,127
Mycolicibacterium_phlei,3376,3377,1
Mycolicibacterium_phlei,3378,3379,1
Mycolicibacterium_phlei,3433,3434,1
Mycolicibacterium_neoaurum,1,3,2
Mycolicibacterium_neoaurum,82,83,1
Mycolicibacterium_neoaurum,186,187,1
Mycolicibacterium_neoaurum,235,237,2
Mycolicibacterium_neoaurum,238,240,2
Mycolicibacterium_neoaurum,250,251,1
Mycolicibacterium_neoaurum,295,296,1
Mycolicibacterium_neoaurum,315,316,1
Mycolicibacterium_neoaurum,341,342,1
Mycolicibacterium_neoaurum,359,360,1
Mycolicibacterium_neoaurum,373,374,1
Mycolicibacterium_neoaurum,386,387,1
Mycolicibacterium_neoaurum,400,402,2
Mycolicibacterium_neoaurum,416,417,1
Mycolicibacterium_neoaurum,451,452,1
Mycolicibacterium_neoaurum,472,574,102
Mycolicibacterium_neoaurum,753,757,4
Mycolicibacterium_neoaurum,760,767,7
Mycolicibacterium_neoaurum,789,790,1
Mycolicibacterium_neoaurum,839,840,1
Mycolicibacterium_neoaurum,890,891,1
Mycolicibacterium_neoaurum,896,900,4
Mycolicibacterium_neoaurum,1010,1011,1
Mycolicibacterium_neoaurum,1068,1069,1
Mycolicibacterium_neoaurum,1168,1169,1
Mycolicibacterium_neoaurum,1185,1186,1
Mycolicibacterium_neoaurum,1190,1192,2
Mycolicibacterium_neoaurum,1211,1212,1
Mycolicibacterium_neoaurum,1237,1238,1
Mycolicibacterium_neoaurum,1398,1399,1
Mycolicibacterium_neoaurum,1430,1437,7
Mycolicibacterium_neoaurum,1438,1439,1
Mycolicibacterium_neoaurum,1445,1462,17
Mycolicibacterium_neoaurum,1491,1492,1
Mycolicibacterium_neoaurum,1707,1708,1
Mycolicibacterium_neoaurum,1738,1742,4
Mycolicibacterium_neoaurum,1748,1749,1
Mycolicibacterium_neoaurum,1751,1752,1
Mycolicibacterium_neoaurum,1758,1760,2
Mycolicibacterium_neoaurum,1771,1775,4
Mycolicibacterium_neoaurum,1776,1777,1
Mycolicibacterium_neoaurum,1784,1785,1
Mycolicibacterium_neoaurum,1789,1790,1
Mycolicibacterium_neoaurum,1802,1803,1
Mycolicibacterium_neoaurum,1918,1920,2
Mycolicibacterium_neoaurum,1954,1955,1
Mycolicibacterium_neoaurum,1993,1994,1
Mycolicibacterium_neoaurum,2132,2133,1
Mycolicibacterium_neoaurum,2136,2137,1
Mycolicibacterium_neoaurum,2138,2139,1
Mycolicibacterium_neoaurum,2143,2147,4
Mycolicibacterium_neoaurum,2151,2152,1
Mycolicibacterium_neoaurum,2162,2163,1
Mycolicibacterium_neoaurum,2285,2294,9
Mycolicibacterium_neoaurum,2296,2297,1
Mycolicibacterium_neoaurum,2299,2300,1
Mycolicibacterium_neoaurum,2302,2307,5
Mycolicibacterium_neoaurum,2309,2315,6
Mycolicibacterium_neoaurum,2316,2325,9
Mycolicibacterium_neoaurum,2379,2380,1
Mycolicibacterium_neoaurum,2664,2665,1
Mycolicibacterium_neoaurum,2723,2850,127
Mycolicibacterium_neoaurum,3376,3377,1
Mycolicibacterium_neoaurum,3378,3379,1
Mycolicibacterium_neoaurum,3433,3434,1
Mycolicibacterium_crocinum,1,3,2
Mycolicibacterium_crocinum,82,83,1
Mycolicibacterium_crocinum,186,187,1
Mycolicibacterium_crocinum,235,237,2
Mycolicibacterium_crocinum,238,240,2
Mycolicibacterium_crocinum,250,251,1
Mycolicibacterium_crocinum,295,296,1
Mycolicibacterium_crocinum,341,342,1
Mycolicibacterium_crocinum,359,360,1
Mycolicibacterium_crocinum,373,374,1
Mycolicibacterium_crocinum,386,387,1
Mycolicibacterium_crocinum,401,402,1
Mycolicibacterium_crocinum,416,417,1
Mycolicibacterium_crocinum,451,452,1
Mycolicibacterium_crocinum,471,574,103
Mycolicibacterium_crocinum,753,755,2
Mycolicibacterium_crocinum,760,761,1
Mycolicibacterium_crocinum,762,768,6
Mycolicibacterium_crocinum,789,790,1
Mycolicibacterium_crocinum,839,840,1
Mycolicibacterium_crocinum,890,891,1
Mycolicibacterium_crocinum,896,900,4
Mycolicibacterium_crocinum,1010,1011,1
Mycolicibacterium_crocinum,1068,1069,1
Mycolicibacterium_crocinum,1168,1169,1
Mycolicibacterium_crocinum,1185,1186,1
Mycolicibacterium_crocinum,1190,1192,2
Mycolicibacterium_crocinum,1211,1212,1
Mycolicibacterium_crocinum,1237,1238,1
Mycolicibacterium_crocinum,1398,1399,1
Mycolicibacterium_crocinum,1430,1437,7
Mycolicibacterium_crocinum,1438,1439,1
Mycolicibacterium_crocinum,1445,1446,1
Mycolicibacterium_crocinum,1448,1462,14
Mycolicibacterium_crocinum,1707,1708,1
Mycolicibacterium_crocinum,1748,1749,1
Mycolicibacterium_crocinum,1751,1752,1
Mycolicibacterium_crocinum,1756,1761,5
Mycolicibacterium_crocinum,1771,1775,4
Mycolicibacterium_crocinum,1776,1777,1
Mycolicibacterium_crocinum,1784,1785,1
Mycolicibacterium_crocinum,1789,1791,2
Mycolicibacterium_crocinum,1802,1803,1
Mycolicibacterium_crocinum,1918,1919,1
Mycolicibacterium_crocinum,1954,1955,1
Mycolicibacterium_crocinum,1993,1994,1
Mycolicibacterium_crocinum,2121,2122,1
Mycolicibacterium_crocinum,2132,2133,1
Mycolicibacterium_crocinum,2136,2137,1
Mycolicibacterium_crocinum,2138,2139,1
Mycolicibacterium_crocinum,2143,2147,4
Mycolicibacterium_crocinum,2151,2152,1
Mycolicibacterium_crocinum,2162,2163,1
Mycolicibacterium_crocinum,2285,2294,9
Mycolicibacterium_crocinum,2296,2297,1
Mycolicibacterium_crocinum,2299,2300,1
Mycolicibacterium_crocinum,2304,2305,1
Mycolicibacterium_crocinum,2309,2315,6
Mycolicibacterium_crocinum,2316,2325,9
Mycolicibacterium_crocinum,2379,2380,1
Mycolicibacterium_crocinum,2664,2665,1
Mycolicibacterium_crocinum,2723,2850,127
Mycolicibacterium_crocinum,3376,3377,1
Mycolicibacterium_crocinum,3378,3379,1
Mycolicibacterium_crocinum,3433,3434,1
Mycolicibacterium_chlorophenolicum,1,3,2
Mycolicibacterium_chlorophenolicum,82,83,1
Mycolicibacterium_chlorophenolicum,186,187,1
Mycolicibacterium_chlorophenolicum,235,237,2
Mycolicibacterium_chlorophenolicum,238,240,2
Mycolicibacterium_chlorophenolicum,250,251,1
Mycolicibacterium_chlorophenolicum,295,296,1
Mycolicibacterium_chlorophenolicum,341,342,1
Mycolicibacterium_chlorophenolicum,359,360,1
Mycolicibacterium_chlorophenolicum,373,374,1
Mycolicibacterium_chlorophenolicum,386,387,1
Mycolicibacterium_chlorophenolicum,401,402,1
Mycolicibacterium_chlorophenolicum,416,417,1
Mycolicibacterium_chlorophenolicum,451,452,1
Mycolicibacterium_chlorophenolicum,473,574,101
Mycolicibacterium_chlorophenolicum,753,755,2
Mycolicibacterium_chlorophenolicum,760,761,1
Mycolicibacterium_chlorophenolicum,762,768,6
Mycolicibacterium_chlorophenolicum,789,790,1
Mycolicibacterium_chlorophenolicum,839,840,1
Mycolicibacterium_chlorophenolicum,890,891,1
Mycolicibacterium_chlorophenolicum,896,900,4
Mycolicibacterium_chlorophenolicum,1010,1011,1
Mycolicibacterium_chlorophenolicum,1068,1069,1
Mycolicibacterium_chlorophenolicum,1168,1169,1
Mycolicibacterium_chlorophenolicum,1185,1186,1
Mycolicibacterium_chlorophenolicum,1190,1192,2
Mycolicibacterium_chlorophenolicum,1211,1212,1
Mycolicibacterium_chlorophenolicum,1237,1238,1
Mycolicibacterium_chlorophenolicum,1398,1399,1
Mycolicibacterium_chlorophenolicum,1430,1437,7
Mycolicibacterium_chlorophenolicum,1438,1439,1
Mycolicibacterium_chlorophenolicum,1445,1446,1
Mycolicibacterium_chlorophenolicum,1448,1462,14
Mycolicibacterium_chlorophenolicum,1491,1492,1
Mycolicibacterium_chlorophenolicum,1707,1708,1
Mycolicibacterium_chlorophenolicum,1748,1749,1
Mycolicibacterium_chlorophenolicum,1751,1752,1
Mycolicibacterium_chlorophenolicum,1756,1761,5
Mycolicibacterium_chlorophenolicum,1771,1775,4
Mycolicibacterium_chlorophenolicum,1776,1777,1
Mycolicibacterium_chlorophenolicum,1784,1785,1
Mycolicibacterium_chlorophenolicum,1789,1791,2
Mycolicibacterium_chlorophenolicum,1802,1803,1
Mycolicibacterium_chlorophenolicum,1918,1919,1
Mycolicibacterium_chlorophenolicum,1954,1955,1
Mycolicibacterium_chlorophenolicum,1993,1994,1
Mycolicibacterium_chlorophenolicum,2132,2133,1
Mycolicibacterium_chlorophenolicum,2136,2137,1
Mycolicibacterium_chlorophenolicum,2138,2139,1
Mycolicibacterium_chlorophenolicum,2143,2147,4
Mycolicibacterium_chlorophenolicum,2151,2152,1
Mycolicibacterium_chlorophenolicum,2154,2155,1
Mycolicibacterium_chlorophenolicum,2162,2163,1
Mycolicibacterium_chlorophenolicum,2285,2294,9
Mycolicibacterium_chlorophenolicum,2296,2297,1
Mycolicibacterium_chlorophenolicum,2299,2300,1
Mycolicibacterium_chlorophenolicum,2302,2307,5
Mycolicibacterium_chlorophenolicum,2309,2315,6
Mycolicibacterium_chlorophenolicum,2316,2325,9
Mycolicibacterium_chlorophenolicum,2379,2380,1
Mycolicibacterium_chlorophenolicum,2664,2665,1
Mycolicibacterium_chlorophenolicum,2723,2850,127
Mycolicibacterium_chlorophenolicum,3378,3379,1
Mycolicibacterium_chlorophenolicum,3433,3434,1
Mycolicibacterium_flavescens,1,3,2
Mycolicibacterium_flavescens,82,83,1
Mycolicibacterium_flavescens,186,187,1
Mycolicibacterium_flavescens,235,237,2
Mycolicibacterium_flavescens,238,240,2
Mycolicibacterium_flavescens,250,251,1
Mycolicibacterium_flavescens,295,296,1
Mycolicibacterium_flavescens,341,342,1
Mycolicibacterium_flavescens,359,360,1
Mycolicibacterium_flavescens,373,374,1
Mycolicibacterium_flavescens,386,387,1
Mycolicibacterium_flavescens,401,402,1
Mycolicibacterium_flavescens,416,417,1
Mycolicibacterium_flavescens,451,452,1
Mycolicibacterium_flavescens,473,574,101
Mycolicibacterium_flavescens,753,755,2
Mycolicibacterium_flavescens,760,761,1
Mycolicibacterium_flavescens,762,768,6
Mycolicibacterium_flavescens,789,790,1
Mycolicibacterium_flavescens,839,840,1
Mycolicibacterium_flavescens,890,891,1
Mycolicibacterium_flavescens,896,900,4
Mycolicibacterium_flavescens,1010,1011,1
Mycolicibacterium_flavescens,1068,1069,1
Mycolicibacterium_flavescens,1168,1169,1
Mycolicibacterium_flavescens,1185,1186,1
Mycolicibacterium_flavescens,1190,1192,2
Mycolicibacterium_flavescens,1211,1212,1
Mycolicibacterium_flavescens,1237,1238,1
Mycolicibacterium_flavescens,1398,1399,1
Mycolicibacterium_flavescens,1430,1437,7
Mycolicibacterium_flavescens,1438,1439,1
Mycolicibacterium_flavescens,1445,1456,11
Mycolicibacterium_flavescens,1491,1492,1
Mycolicibacterium_flavescens,1707,1708,1
Mycolicibacterium_flavescens,1748,1749,1
Mycolicibacterium_flavescens,1751,1752,1
Mycolicibacterium_flavescens,1756,1761,5
Mycolicibacterium_flavescens,1771,1775,4
Mycolicibacterium_flavescens,1776,1777,1
Mycolicibacterium_flavescens,1784,1785,1
Mycolicibacterium_flavescens,1789,1791,2
Mycolicibacterium_flavescens,1802,1803,1
Mycolicibacterium_flavescens,1918,1919,1
Mycolicibacterium_flavescens,1954,1955,1
Mycolicibacterium_flavescens,1993,1994,1
Mycolicibacterium_flavescens,2132,2133,1
Mycolicibacterium_flavescens,2136,2137,1
Mycolicibacterium_flavescens,2138,2139,1
Mycolicibacterium_flavescens,2143,2147,4
Mycolicibacterium_flavescens,2151,2152,1
Mycolicibacterium_flavescens,2162,2163,1
Mycolicibacterium_flavescens,2285,2294,9
Mycolicibacterium_flavescens,2296,2297,1
Mycolicibacterium_flavescens,2299,2302,3
Mycolicibacterium_flavescens,2303,2306,3
Mycolicibacterium_flavescens,2309,2315,6
Mycolicibacterium_flavescens,2316,2325,9
Mycolicibacterium_flavescens,2379,2380,1
Mycolicibacterium_flavescens,2664,2665,1
Mycolicibacterium_flavescens,2723,2850,127
Mycolicibacterium_flavescens,3376,3377,1
Mycolicibacterium_flavescens,3378,3379,1
Mycolicibacterium_flavescens,3433,3434,1
Mycolicibacterium_smegmatis,1,3,2
Mycolicibacterium_smegmatis,82,83,1
Mycolicibacterium_smegmatis,186,187,1
Mycolicibacterium_smegmatis,235,237,2
Mycolicibacterium_smegmatis,238,239,1
Mycolicibacterium_smegmatis,250,251,1
Mycolicibacterium_smegmatis,295,296,1
Mycolicibacterium_smegmatis,341,342,1
Mycolicibacterium_smegmatis,359,360,1
Mycolicibacterium_smegmatis,373,374,1
Mycolicibacterium_smegmatis,401,402,1
Mycolicibacterium_smegmatis,416,417,1
Mycolicibacterium_smegmatis,451,452,1
Mycolicibacterium_smegmatis,471,574,103
Mycolicibacterium_smegmatis,753,755,2
Mycolicibacterium_smegmatis,760,768,8
Mycolicibacterium_smegmatis,789,790,1
Mycolicibacterium_smegmatis,839,840,1
Mycolicibacterium_smegmatis,890,891,1
Mycolicibacterium_smegmatis,896,900,4
Mycolicibacterium_smegmatis,1010,1011,1
Mycolicibacterium_smegmatis,1068,1069,1
Mycolicibacterium_smegmatis,1168,1169,1
Mycolicibacterium_smegmatis,1185,1186,1
Mycolicibacterium_smegmatis,1211,1212,1
Mycolicibacterium_smegmatis,1237,1238,1
Mycolicibacterium_smegmatis,1398,1399,1
Mycolicibacterium_smegmatis,1430,1437,7
Mycolicibacterium_smegmatis,1438,1439,1
Mycolicibacterium_smegmatis,1445,1446,1
Mycolicibacterium_smegmatis,1449,1465,16
Mycolicibacterium_smegmatis,1491,1492,1
Mycolicibacterium_smegmatis,1707,1708,1
Mycolicibacterium_smegmatis,1748,1749,1
Mycolicibacterium_smegmatis,1751,1752,1
Mycolicibacterium_smegmatis,1756,1761,5
Mycolicibacterium_smegmatis,1771,1775,4
Mycolicibacterium_smegmatis,1776,1777,1
Mycolicibacterium_smegmatis,1784,1785,1
Mycolicibacterium_smegmatis,1789,1790,1
Mycolicibacterium_smegmatis,1802,1803,1
Mycolicibacterium_smegmatis,1918,1919,1
Mycolicibacterium_smegmatis,1954,1955,1
Mycolicibacterium_smegmatis,1993,1994,1
Mycolicibacterium_smegmatis,2132,2133,1
Mycolicibacterium_smegmatis,2136,2137,1
Mycolicibacterium_smegmatis,2138,2139,1
Mycolicibacterium_smegmatis,2143,2147,4
Mycolicibacterium_smegmatis,2151,2153,2
Mycolicibacterium_smegmatis,2162,2163,1
Mycolicibacterium_smegmatis,2285,2294,9
Mycolicibacterium_smegmatis,2299,2300,1
Mycolicibacterium_smegmatis,2303,2306,3
Mycolicibacterium_smegmatis,2309,2315,6
Mycolicibacterium_smegmatis,2316,2325,9
Mycolicibacterium_smegmatis,2379,2380,1
Mycolicibacterium_smegmatis,2664,2665,1
Mycolicibacterium_smegmatis,2723,2850,127
Mycolicibacterium_smegmatis,3376,3377,1
Mycolicibacterium_smegmatis,3378,3379,1
Mycolicibacterium_smegmatis,3433,3434,1
Mycolicibacterium_pallens,1,3,2
Mycolicibacterium_pallens,82,83,1
Mycolicibacterium_pallens,186,187,1
Mycolicibacterium_pallens,235,237,2
Mycolicibacterium_pallens,238,240,2
Mycolicibacterium_pallens,250,251,1
Mycolicibacterium_pallens,295,296,1
Mycolicibacterium_pallens,341,342,1
Mycolicibacterium_pallens,359,360,1
Mycolicibacterium_pallens,373,374,1
Mycolicibacterium_pallens,386,387,1
Mycolicibacterium_pallens,401,402,1
Mycolicibacterium_pallens,416,417,1
Mycolicibacterium_pallens,451,452,1
Mycolicibacterium_pallens,471,574,103
Mycolicibacterium_pallens,753,755,2
Mycolicibacterium_pallens,760,761,1
Mycolicibacterium_pallens,762,768,6
Mycolicibacterium_pallens,789,790,1
Mycolicibacterium_pallens,839,840,1
Mycolicibacterium_pallens,890,891,1
Mycolicibacterium_pallens,896,900,4
Mycolicibacterium_pallens,1010,1011,1
Mycolicibacterium_pallens,1068,1069,1
Mycolicibacterium_pallens,1168,1169,1
Mycolicibacterium_pallens,1185,1186,1
Mycolicibacterium_pallens,1190,1192,2
Mycolicibacterium_pallens,1211,1212,1
Mycolicibacterium_pallens,1237,1238,1
Mycolicibacterium_pallens,1398,1399,1
Mycolicibacterium_pallens,1430,1437,7
Mycolicibacterium_pallens,1438,1439,1
Mycolicibacterium_pallens,1445,1446,1
Mycolicibacterium_pallens,1448,1462,14
Mycolicibacterium_pallens,1707,1708,1
Mycolicibacterium_pallens,1748,1749,1
Mycolicibacterium_pallens,1751,1752,1
Mycolicibacterium_pallens,1756,1761,5
Mycolicibacterium_pallens,1771,1775,4
Mycolicibacterium_pallens,1776,1777,1
Mycolicibacterium_pallens,1784,1785,1
Mycolicibacterium_pallens,1789,1791,2
Mycolicibacterium_pallens,1802,1803,1
Mycolicibacterium_pallens,1918,1919,1
Mycolicibacterium_pallens,1954,1955,1
Mycolicibacterium_pallens,1993,1994,1
Mycolicibacterium_pallens,2121,2122,1
Mycolicibacterium_pallens,2132,2133,1
Mycolicibacterium_pallens,2136,2137,1
Mycolicibacterium_pallens,2138,2139,1
Mycolicibacterium_pallens,2143,2147,4
Mycolicibacterium_pallens,2151,2152,1
Mycolicibacterium_pallens,2162,2163,1
Mycolicibacterium_pallens,2285,2294,9
Mycolicibacterium_pallens,2296,2297,1
Mycolicibacterium_pallens,2299,2300,1
Mycolicibacterium_pallens,2303,2307,4
Mycolicibacterium_pallens,2309,2315,6
Mycolicibacterium_pallens,2316,2325,9
Mycolicibacterium_pallens,2379,2380,1
Mycolicibacterium_pallens,2664,2665,1
Mycolicibacterium_pallens,2723,2850,127
Mycolicibacterium_pallens,3376,3377,1
Mycolicibacterium_pallens,3378,3379,1
Mycolicibacterium_pallens,3433,3434,1
Mycobacterium_frederiksbergense,1,3,2
Mycobacterium_frederiksbergense,82,83,1
Mycobacterium_frederiksbergense,185,187,2
Mycobacterium_frederiksbergense,235,237,2
Mycobacterium_frederiksbergense,238,240,2
Mycobacterium_frederiksbergense,250,251,1
Mycobacterium_frederiksbergense,295,296,1
Mycobacterium_frederiksbergense,308,309,1
Mycobacterium_frederiksbergense,341,342,1
Mycobacterium_frederiksbergense,359,360,1
Mycobacterium_frederiksbergense,373,374,1
Mycobacterium_frederiksbergense,386,387,1
Mycobacterium_frederiksbergense,416,417,1
Mycobacterium_frederiksbergense,451,452,1
Mycobacterium_frederiksbergense,471,574,103
Mycobacterium_frederiksbergense,753,755,2
Mycobacterium_frederiksbergense,760,768,8
Mycobacterium_frederiksbergense,789,790,1
Mycobacterium_frederiksbergense,839,840,1
Mycobacterium_frederiksbergense,890,891,1
Mycobacterium_frederiksbergense,896,900,4
Mycobacterium_frederiksbergense,1010,1011,1
Mycobacterium_frederiksbergense,1068,1069,1
Mycobacterium_frederiksbergense,1168,1169,1
Mycobacterium_frederiksbergense,1185,1186,1
Mycobacterium_frederiksbergense,1190,1192,2
Mycobacterium_frederiksbergense,1211,1212,1
Mycobacterium_frederiksbergense,1237,1238,1
Mycobacterium_frederiksbergense,1266,1267,1
Mycobacterium_frederiksbergense,1398,1399,1
Mycobacterium_frederiksbergense,1430,1437,7
Mycobacterium_frederiksbergense,1438,1439,1
Mycobacterium_frederiksbergense,1443,1459,16
Mycobacterium_frederiksbergense,1491,1492,1
Mycobacterium_frederiksbergense,1707,1708,1
Mycobacterium_frederiksbergense,1748,1749,1
Mycobacterium_frederiksbergense,1751,1752,1
Mycobacterium_frederiksbergense,1756,1761,5
Mycobacterium_frederiksbergense,1771,1775,4
Mycobacterium_frederiksbergense,1776,1777,1
Mycobacterium_frederiksbergense,1784,1785,1
Mycobacterium_frederiksbergense,1802,1803,1
Mycobacterium_frederiksbergense,1918,1919,1
Mycobacterium_frederiksbergense,1954,1955,1
Mycobacterium_frederiksbergense,1993,1994,1
Mycobacterium_frederiksbergense,2120,2122,2
Mycobacterium_frederiksbergense,2132,2133,1
Mycobacterium_frederiksbergense,2136,2137,1
Mycobacterium_frederiksbergense,2138,2139,1
Mycobacterium_frederiksbergense,2143,2147,4
Mycobacterium_frederiksbergense,2151,2152,1
Mycobacterium_frederiksbergense,2161,2163,2
Mycobacterium_frederiksbergense,2285,2294,9
Mycobacterium_frederiksbergense,2296,2297,1
Mycobacterium_frederiksbergense,2299,2300,1
Mycobacterium_frederiksbergense,2302,2307,5
Mycobacterium_frederiksbergense,2309,2315,6
Mycobacterium_frederiksbergense,2316,2325,9
Mycobacterium_frederiksbergense,2379,2380,1
Mycobacterium_frederiksbergense,2664,2665,1
Mycobacterium_frederiksbergense,2723,2850,127
Mycobacterium_frederiksbergense,3376,3377,1
Mycobacterium_frederiksbergense,3378,3379,1
Mycobacterium_frederiksbergense,3393,3394,1
Mycobacterium_frederiksbergense,3433,3434,1
Mycolicibacter_acidiphilus,1,3,2
Mycolicibacter_acidiphilus,82,83,1
Mycolicibacter_acidiphilus,236,237,1
Mycolicibacter_acidiphilus,238,240,2
Mycolicibacter_acidiphilus,250,251,1
Mycolicibacter_acidiphilus,295,296,1
Mycolicibacter_acidiphilus,341,342,1
Mycolicibacter_acidiphilus,359,360,1
Mycolicibacter_acidiphilus,373,374,1
Mycolicibacter_acidiphilus,386,387,1
Mycolicibacter_acidiphilus,401,402,1
Mycolicibacter_acidiphilus,416,417,1
Mycolicibacter_acidiphilus,451,452,1
Mycolicibacter_acidiphilus,471,574,103
Mycolicibacter_acidiphilus,753,755,2
Mycolicibacter_acidiphilus,756,758,2
Mycolicibacter_acidiphilus,761,768,7
Mycolicibacter_acidiphilus,789,790,1
Mycolicibacter_acidiphilus,839,840,1
Mycolicibacter_acidiphilus,890,891,1
Mycolicibacter_acidiphilus,896,900,4
Mycolicibacter_acidiphilus,1010,1011,1
Mycolicibacter_acidiphilus,1068,1069,1
Mycolicibacter_acidiphilus,1168,1169,1
Mycolicibacter_acidiphilus,1185,1186,1
Mycolicibacter_acidiphilus,1190,1192,2
Mycolicibacter_acidiphilus,1211,1212,1
Mycolicibacter_acidiphilus,1237,1238,1
Mycolicibacter_acidiphilus,1398,1399,1
Mycolicibacter_acidiphilus,1430,1437,7
Mycolicibacter_acidiphilus,1438,1439,1
Mycolicibacter_acidiphilus,1440,1458,18
Mycolicibacter_acidiphilus,1462,1463,1
Mycolicibacter_acidiphilus,1491,1492,1
Mycolicibacter_acidiphilus,1707,1708,1
Mycolicibacter_acidiphilus,1748,1750,2
Mycolicibacter_acidiphilus,1756,1761,5
Mycolicibacter_acidiphilus,1772,1775,3
Mycolicibacter_acidiphilus,1776,1777,1
Mycolicibacter_acidiphilus,1784,1785,1
Mycolicibacter_acidiphilus,1788,1791,3
Mycolicibacter_acidiphilus,1802,1803,1
Mycolicibacter_acidiphilus,1918,1919,1
Mycolicibacter_acidiphilus,1954,1955,1
Mycolicibacter_acidiphilus,1993,1994,1
Mycolicibacter_acidiphilus,2132,2133,1
Mycolicibacter_acidiphilus,2136,2137,1
Mycolicibacter_acidiphilus,2138,2139,1
Mycolicibacter_acidiphilus,2143,2147,4
Mycolicibacter_acidiphilus,2151,2152,1
Mycolicibacter_acidiphilus,2162,2163,1
Mycolicibacter_acidiphilus,2285,2294,9
Mycolicibacter_acidiphilus,2296,2297,1
Mycolicibacter_acidiphilus,2299,2300,1
Mycolicibacter_acidiphilus,2302,2307,5
Mycolicibacter_acidiphilus,2309,2315,6
Mycolicibacter_acidiphilus,2316,2325,9
Mycolicibacter_acidiphilus,2379,2380,1
Mycolicibacter_acidiphilus,2664,2665,1
Mycolicibacter_acidiphilus,2723,2850,127
Mycolicibacter_acidiphilus,3376,3377,1
Mycolicibacter_acidiphilus,3378,3379,1
Mycolicibacter_acidiphilus,3433,3434,1
Mycolicibacterium_cosmeticum,1,3,2
Mycolicibacterium_cosmeticum,82,83,1
Mycolicibacterium_cosmeticum,186,187,1
Mycolicibacterium_cosmeticum,235,237,2
Mycolicibacterium_cosmeticum,238,240,2
Mycolicibacterium_cosmeticum,250,251,1
Mycolicibacterium_cosmeticum,295,296,1
Mycolicibacterium_cosmeticum,341,342,1
Mycolicibacterium_cosmeticum,359,360,1
Mycolicibacterium_cosmeticum,373,374,1
Mycolicibacterium_cosmeticum,386,387,1
Mycolicibacterium_cosmeticum,416,417,1
Mycolicibacterium_cosmeticum,451,452,1
Mycolicibacterium_cosmeticum,471,574,103
Mycolicibacterium_cosmeticum,753,757,4
Mycolicibacterium_cosmeticum,760,767,7
Mycolicibacterium_cosmeticum,789,790,1
Mycolicibacterium_cosmeticum,839,840,1
Mycolicibacterium_cosmeticum,890,893,3
Mycolicibacterium_cosmeticum,896,900,4
Mycolicibacterium_cosmeticum,1010,1011,1
Mycolicibacterium_cosmeticum,1068,1069,1
Mycolicibacterium_cosmeticum,1168,1169,1
Mycolicibacterium_cosmeticum,1185,1186,1
Mycolicibacterium_cosmeticum,1190,1192,2
Mycolicibacterium_cosmeticum,1211,1212,1
Mycolicibacterium_cosmeticum,1237,1238,1
Mycolicibacterium_cosmeticum,1398,1399,1
Mycolicibacterium_cosmeticum,1430,1437,7
Mycolicibacterium_cosmeticum,1438,1439,1
Mycolicibacterium_cosmeticum,1441,1460,19
Mycolicibacterium_cosmeticum,1491,1492,1
Mycolicibacterium_cosmeticum,1707,1708,1
Mycolicibacterium_cosmeticum,1738,1742,4
Mycolicibacterium_cosmeticum,1748,1749,1
Mycolicibacterium_cosmeticum,1751,1752,1
Mycolicibacterium_cosmeticum,1758,1760,2
Mycolicibacterium_cosmeticum,1771,1775,4
Mycolicibacterium_cosmeticum,1776,1777,1
Mycolicibacterium_cosmeticum,1784,1785,1
Mycolicibacterium_cosmeticum,1789,1790,1
Mycolicibacterium_cosmeticum,1802,1803,1
Mycolicibacterium_cosmeticum,1918,1919,1
Mycolicibacterium_cosmeticum,1954,1955,1
Mycolicibacterium_cosmeticum,1993,1994,1
Mycolicibacterium_cosmeticum,2121,2122,1
Mycolicibacterium_cosmeticum,2132,2133,1
Mycolicibacterium_cosmeticum,2136,2137,1
Mycolicibacterium_cosmeticum,2138,2139,1
Mycolicibacterium_cosmeticum,2143,2147,4
Mycolicibacterium_cosmeticum,2151,2152,1
Mycolicibacterium_cosmeticum,2162,2163,1
Mycolicibacterium_cosmeticum,2285,2294,9
Mycolicibacterium_cosmeticum,2296,2297,1
Mycolicibacterium_cosmeticum,2299,2300,1
Mycolicibacterium_cosmeticum,2302,2307,5
Mycolicibacterium_cosmeticum,2309,2315,6
Mycolicibacterium_cosmeticum,2316,2325,9
Mycolicibacterium_cosmeticum,2379,2380,1
Mycolicibacterium_cosmeticum,2664,2665,1
Mycolicibacterium_cosmeticum,2723,2850,127
Mycolicibacterium_cosmeticum,3376,3377,1
Mycolicibacterium_cosmeticum,3378,3379,1
Mycolicibacterium_cosmeticum,3433,3434,1
Mycolicibacterium_hippocampi,1,3,2
Mycolicibacterium_hippocampi,82,83,1
Mycolicibacterium_hippocampi,186,187,1
Mycolicibacterium_hippocampi,235,237,2
Mycolicibacterium_hippocampi,238,240,2
Mycolicibacterium_hippocampi,250,251,1
Mycolicibacterium_hippocampi,295,296,1
Mycolicibacterium_hippocampi,341,342,1
Mycolicibacterium_hippocampi,359,360,1
Mycolicibacterium_hippocampi,373,374,1
Mycolicibacterium_hippocampi,386,387,1
Mycolicibacterium_hippocampi,401,402,1
Mycolicibacterium_hippocampi,416,417,1
Mycolicibacterium_hippocampi,451,452,1
Mycolicibacterium_hippocampi,471,574,103
Mycolicibacterium_hippocampi,753,757,4
Mycolicibacterium_hippocampi,760,761,1
Mycolicibacterium_hippocampi,762,768,6
Mycolicibacterium_hippocampi,789,790,1
Mycolicibacterium_hippocampi,839,840,1
Mycolicibacterium_hippocampi,890,891,1
Mycolicibacterium_hippocampi,896,900,4
Mycolicibacterium_hippocampi,1010,1011,1
Mycolicibacterium_hippocampi,1168,1169,1
Mycolicibacterium_hippocampi,1185,1186,1
Mycolicibacterium_hippocampi,1190,1192,2
Mycolicibacterium_hippocampi,1211,1212,1
Mycolicibacterium_hippocampi,1398,1399,1
Mycolicibacterium_hippocampi,1430,1437,7
Mycolicibacterium_hippocampi,1438,1439,1
Mycolicibacterium_hippocampi,1445,1446,1
Mycolicibacterium_hippocampi,1448,1463,15
Mycolicibacterium_hippocampi,1491,1492,1
Mycolicibacterium_hippocampi,1707,1708,1
Mycolicibacterium_hippocampi,1748,1749,1
Mycolicibacterium_hippocampi,1751,1752,1
Mycolicibacterium_hippocampi,1756,1761,5
Mycolicibacterium_hippocampi,1772,1774,2
Mycolicibacterium_hippocampi,1776,1777,1
Mycolicibacterium_hippocampi,1784,1785,1
Mycolicibacterium_hippocampi,1789,1791,2
Mycolicibacterium_hippocampi,1802,1803,1
Mycolicibacterium_hippocampi,1918,1919,1
Mycolicibacterium_hippocampi,1954,1955,1
Mycolicibacterium_hippocampi,1993,1994,1
Mycolicibacterium_hippocampi,2132,2133,1
Mycolicibacterium_hippocampi,2136,2137,1
Mycolicibacterium_hippocampi,2143,2147,4
Mycolicibacterium_hippocampi,2151,2152,1
Mycolicibacterium_hippocampi,2162,2163,1
Mycolicibacterium_hippocampi,2285,2294,9
Mycolicibacterium_hippocampi,2296,2297,1
Mycolicibacterium_hippocampi,2299,2300,1
Mycolicibacterium_hippocampi,2302,2307,5
Mycolicibacterium_hippocampi,2309,2315,6
Mycolicibacterium_hippocampi,2316,2325,9
Mycolicibacterium_hippocampi,2379,2380,1
Mycolicibacterium_hippocampi,2664,2665,1
Mycolicibacterium_hippocampi,2723,2850,127
Mycolicibacterium_hippocampi,3376,3377,1
Mycolicibacterium_hippocampi,3378,3379,1
Mycolicibacterium_hippocampi,3433,3434,1
Mycolicibacterium_anyangense,1,3,2
Mycolicibacterium_anyangense,82,83,1
Mycolicibacterium_anyangense,186,187,1
Mycolicibacterium_anyangense,235,237,2
Mycolicibacterium_anyangense,238,240,2
Mycolicibacterium_anyangense,250,251,1
Mycolicibacterium_anyangense,295,296,1
Mycolicibacterium_anyangense,341,342,1
Mycolicibacterium_anyangense,359,360,1
Mycolicibacterium_anyangense,373,374,1
Mycolicibacterium_anyangense,386,387,1
Mycolicibacterium_anyangense,401,402,1
Mycolicibacterium_anyangense,416,417,1
Mycolicibacterium_anyangense,451,452,1
Mycolicibacterium_anyangense,471,574,103
Mycolicibacterium_anyangense,753,757,4
Mycolicibacterium_anyangense,760,761,1
Mycolicibacterium_anyangense,762,768,6
Mycolicibacterium_anyangense,789,790,1
Mycolicibacterium_anyangense,839,840,1
Mycolicibacterium_anyangense,890,891,1
Mycolicibacterium_anyangense,896,900,4
Mycolicibacterium_anyangense,1010,1011,1
Mycolicibacterium_anyangense,1068,1069,1
Mycolicibacterium_anyangense,1168,1169,1
Mycolicibacterium_anyangense,1185,1186,1
Mycolicibacterium_anyangense,1211,1212,1
Mycolicibacterium_anyangense,1237,1238,1
Mycolicibacterium_anyangense,1398,1399,1
Mycolicibacterium_anyangense,1430,1437,7
Mycolicibacterium_anyangense,1438,1439,1
Mycolicibacterium_anyangense,1445,1462,17
Mycolicibacterium_anyangense,1491,1492,1
Mycolicibacterium_anyangense,1748,1749,1
Mycolicibacterium_anyangense,1751,1752,1
Mycolicibacterium_anyangense,1756,1761,5
Mycolicibacterium_anyangense,1771,1775,4
Mycolicibacterium_anyangense,1776,1777,1
Mycolicibacterium_anyangense,1784,1785,1
Mycolicibacterium_anyangense,1789,1791,2
Mycolicibacterium_anyangense,1802,1803,1
Mycolicibacterium_anyangense,1918,1919,1
Mycolicibacterium_anyangense,1954,1955,1
Mycolicibacterium_anyangense,1993,1994,1
Mycolicibacterium_anyangense,2121,2122,1
Mycolicibacterium_anyangense,2132,2133,1
Mycolicibacterium_anyangense,2136,2137,1
Mycolicibacterium_anyangense,2138,2139,1
Mycolicibacterium_anyangense,2143,2147,4
Mycolicibacterium_anyangense,2151,2152,1
Mycolicibacterium_anyangense,2162,2163,1
Mycolicibacterium_anyangense,2285,2294,9
Mycolicibacterium_anyangense,2296,2297,1
Mycolicibacterium_anyangense,2299,2300,1
Mycolicibacterium_anyangense,2301,2308,7
Mycolicibacterium_anyangense,2309,2315,6
Mycolicibacterium_anyangense,2316,2325,9
Mycolicibacterium_anyangense,2379,2380,1
Mycolicibacterium_anyangense,2519,2520,1
Mycolicibacterium_anyangense,2664,2665,1
Mycolicibacterium_anyangense,2723,2850,127
Mycolicibacterium_anyangense,3045,3046,1
Mycolicibacterium_anyangense,3376,3377,1
Mycolicibacterium_anyangense,3378,3379,1
Mycolicibacterium_anyangense,3433,3434,1
Mycobacterium_noviomagense,1,3,2
Mycobacterium_noviomagense,82,83,1
Mycobacterium_noviomagense,186,187,1
Mycobacterium_noviomagense,235,237,2
Mycobacterium_noviomagense,238,240,2
Mycobacterium_noviomagense,250,251,1
Mycobacterium_noviomagense,277,278,1
Mycobacterium_noviomagense,295,296,1
Mycobacterium_noviomagense,359,360,1
Mycobacterium_noviomagense,373,374,1
Mycobacterium_noviomagense,386,387,1
Mycobacterium_noviomagense,401,402,1
Mycobacterium_noviomagense,416,417,1
Mycobacterium_noviomagense,451,452,1
Mycobacterium_noviomagense,471,574,103
Mycobacterium_noviomagense,753,755,2
Mycobacterium_noviomagense,758,769,11
Mycobacterium_noviomagense,789,790,1
Mycobacterium_noviomagense,839,840,1
Mycobacterium_noviomagense,885,891,6
Mycobacterium_noviomagense,896,900,4
Mycobacterium_noviomagense,1010,1011,1
Mycobacterium_noviomagense,1068,1069,1
Mycobacterium_noviomagense,1168,1169,1
Mycobacterium_noviomagense,1185,1186,1
Mycobacterium_noviomagense,1190,1192,2
Mycobacterium_noviomagense,1211,1212,1
Mycobacterium_noviomagense,1237,1238,1
Mycobacterium_noviomagense,1398,1399,1
Mycobacterium_noviomagense,1430,1437,7
Mycobacterium_noviomagense,1438,1439,1
Mycobacterium_noviomagense,1445,1446,1
Mycobacterium_noviomagense,1449,1465,16
Mycobacterium_noviomagense,1491,1492,1
Mycobacterium_noviomagense,1707,1708,1
Mycobacterium_noviomagense,1748,1749,1
Mycobacterium_noviomagense,1756,1761,5
Mycobacterium_noviomagense,1772,1775,3
Mycobacterium_noviomagense,1776,1777,1
Mycobacterium_noviomagense,1784,1785,1
Mycobacterium_noviomagense,1789,1791,2
Mycobacterium_noviomagense,1802,1803,1
Mycobacterium_noviomagense,1954,1955,1
Mycobacterium_noviomagense,1993,1994,1
Mycobacterium_noviomagense,2132,2133,1
Mycobacterium_noviomagense,2136,2137,1
Mycobacterium_noviomagense,2138,2139,1
Mycobacterium_noviomagense,2143,2147,4
Mycobacterium_noviomagense,2151,2152,1
Mycobacterium_noviomagense,2162,2163,1
Mycobacterium_noviomagense,2285,2294,9
Mycobacterium_noviomagense,2296,2297,1
Mycobacterium_noviomagense,2299,2305,6
Mycobacterium_noviomagense,2309,2315,6
Mycobacterium_noviomagense,2316,2325,9
Mycobacterium_noviomagense,2379,2380,1
Mycobacterium_noviomagense,2664,2665,1
Mycobacterium_noviomagense,2723,2851,128
Mycobacterium_noviomagense,3378,3379,1
Mycobacterium_noviomagense,3433,3434,1
Mycolicibacterium_xanthum,82,83,1
Mycolicibacterium_xanthum,186,187,1
Mycolicibacterium_xanthum,235,237,2
Mycolicibacterium_xanthum,238,240,2
Mycolicibacterium_xanthum,250,251,1
Mycolicibacterium_xanthum,295,296,1
Mycolicibacterium_xanthum,341,342,1
Mycolicibacterium_xanthum,359,360,1
Mycolicibacterium_xanthum,373,374,1
Mycolicibacterium_xanthum,386,387,1
Mycolicibacterium_xanthum,401,402,1
Mycolicibacterium_xanthum,416,417,1
Mycolicibacterium_xanthum,451,452,1
Mycolicibacterium_xanthum,470,574,104
Mycolicibacterium_xanthum,753,755,2
Mycolicibacterium_xanthum,760,761,1
Mycolicibacterium_xanthum,762,768,6
Mycolicibacterium_xanthum,789,790,1
Mycolicibacterium_xanthum,839,840,1
Mycolicibacterium_xanthum,890,891,1
Mycolicibacterium_xanthum,896,900,4
Mycolicibacterium_xanthum,1010,1011,1
Mycolicibacterium_xanthum,1068,1069,1
Mycolicibacterium_xanthum,1168,1169,1
Mycolicibacterium_xanthum,1185,1186,1
Mycolicibacterium_xanthum,1190,1192,2
Mycolicibacterium_xanthum,1211,1212,1
Mycolicibacterium_xanthum,1237,1238,1
Mycolicibacterium_xanthum,1398,1399,1
Mycolicibacterium_xanthum,1430,1437,7
Mycolicibacterium_xanthum,1438,1439,1
Mycolicibacterium_xanthum,1445,1462,17
Mycolicibacterium_xanthum,1491,1492,1
Mycolicibacterium_xanthum,1707,1708,1
Mycolicibacterium_xanthum,1748,1749,1
Mycolicibacterium_xanthum,1751,1752,1
Mycolicibacterium_xanthum,1756,1761,5
Mycolicibacterium_xanthum,1771,1775,4
Mycolicibacterium_xanthum,1776,1777,1
Mycolicibacterium_xanthum,1789,1791,2
Mycolicibacterium_xanthum,1802,1803,1
Mycolicibacterium_xanthum,1918,1919,1
Mycolicibacterium_xanthum,1954,1955,1
Mycolicibacterium_xanthum,1993,1994,1
Mycolicibacterium_xanthum,2132,2133,1
Mycolicibacterium_xanthum,2136,2137,1
Mycolicibacterium_xanthum,2138,2139,1
Mycolicibacterium_xanthum,2143,2147,4
Mycolicibacterium_xanthum,2151,2152,1
Mycolicibacterium_xanthum,2162,2163,1
Mycolicibacterium_xanthum,2285,2294,9
Mycolicibacterium_xanthum,2296,2297,1
Mycolicibacterium_xanthum,2299,2300,1
Mycolicibacterium_xanthum,2303,2306,3
Mycolicibacterium_xanthum,2309,2315,6
Mycolicibacterium_xanthum,2316,2325,9
Mycolicibacterium_xanthum,2379,2380,1
Mycolicibacterium_xanthum,2664,2665,1
Mycolicibacterium_xanthum,2723,2850,127
Mycolicibacterium_xanthum,3376,3377,1
Mycolicibacterium_xanthum,3378,3379,1
Mycolicibacterium_xanthum,3433,3434,1
Mycolicibacterium_canariasense,1,3,2
Mycolicibacterium_canariasense,82,83,1
Mycolicibacterium_canariasense,186,187,1
Mycolicibacterium_canariasense,235,237,2
Mycolicibacterium_canariasense,238,240,2
Mycolicibacterium_canariasense,250,251,1
Mycolicibacterium_canariasense,295,296,1
Mycolicibacterium_canariasense,341,342,1
Mycolicibacterium_canariasense,359,360,1
Mycolicibacterium_canariasense,373,374,1
Mycolicibacterium_canariasense,386,387,1
Mycolicibacterium_canariasense,416,417,1
Mycolicibacterium_canariasense,451,452,1
Mycolicibacterium_canariasense,471,574,103
Mycolicibacterium_canariasense,753,757,4
Mycolicibacterium_canariasense,760,767,7
Mycolicibacterium_canariasense,789,790,1
Mycolicibacterium_canariasense,839,840,1
Mycolicibacterium_canariasense,890,891,1
Mycolicibacterium_canariasense,896,900,4
Mycolicibacterium_canariasense,1010,1011,1
Mycolicibacterium_canariasense,1068,1069,1
Mycolicibacterium_canariasense,1168,1169,1
Mycolicibacterium_canariasense,1185,1186,1
Mycolicibacterium_canariasense,1190,1192,2
Mycolicibacterium_canariasense,1211,1212,1
Mycolicibacterium_canariasense,1237,1238,1
Mycolicibacterium_canariasense,1398,1399,1
Mycolicibacterium_canariasense,1430,1437,7
Mycolicibacterium_canariasense,1438,1439,1
Mycolicibacterium_canariasense,1441,1460,19
Mycolicibacterium_canariasense,1491,1492,1
Mycolicibacterium_canariasense,1707,1708,1
Mycolicibacterium_canariasense,1738,1742,4
Mycolicibacterium_canariasense,1748,1749,1
Mycolicibacterium_canariasense,1751,1752,1
Mycolicibacterium_canariasense,1758,1760,2
Mycolicibacterium_canariasense,1771,1775,4
Mycolicibacterium_canariasense,1776,1777,1
Mycolicibacterium_canariasense,1784,1785,1
Mycolicibacterium_canariasense,1789,1790,1
Mycolicibacterium_canariasense,1802,1803,1
Mycolicibacterium_canariasense,1918,1919,1
Mycolicibacterium_canariasense,1954,1955,1
Mycolicibacterium_canariasense,1993,1994,1
Mycolicibacterium_canariasense,2121,2122,1
Mycolicibacterium_canariasense,2132,2133,1
Mycolicibacterium_canariasense,2136,2137,1
Mycolicibacterium_canariasense,2138,2139,1
Mycolicibacterium_canariasense,2143,2147,4
Mycolicibacterium_canariasense,2151,2152,1
Mycolicibacterium_canariasense,2162,2163,1
Mycolicibacterium_canariasense,2285,2294,9
Mycolicibacterium_canariasense,2296,2297,1
Mycolicibacterium_canariasense,2299,2300,1
Mycolicibacterium_canariasense,2302,2307,5
Mycolicibacterium_canariasense,2309,2315,6
Mycolicibacterium_canariasense,2316,2325,9
Mycolicibacterium_canariasense,2379,2380,1
Mycolicibacterium_canariasense,2664,2665,1
Mycolicibacterium_canariasense,2723,2850,127
Mycolicibacterium_canariasense,3376,3377,1
Mycolicibacterium_canariasense,3378,3379,1
Mycolicibacterium_canariasense,3433,3434,1
Mycobacterium_hackensackense,1,3,2
Mycobacterium_hackensackense,82,83,1
Mycobacterium_hackensackense,186,187,1
Mycobacterium_hackensackense,235,237,2
Mycobacterium_hackensackense,238,240,2
Mycobacterium_hackensackense,250,251,1
Mycobacterium_hackensackense,295,296,1
Mycobacterium_hackensackense,341,342,1
Mycobacterium_hackensackense,359,360,1
Mycobacterium_hackensackense,373,374,1
Mycobacterium_hackensackense,386,387,1
Mycobacterium_hackensackense,416,417,1
Mycobacterium_hackensackense,451,452,1
Mycobacterium_hackensackense,471,574,103
Mycobacterium_hackensackense,753,755,2
Mycobacterium_hackensackense,760,768,8
Mycobacterium_hackensackense,789,790,1
Mycobacterium_hackensackense,839,840,1
Mycobacterium_hackensackense,890,891,1
Mycobacterium_hackensackense,896,900,4
Mycobacterium_hackensackense,1010,1011,1
Mycobacterium_hackensackense,1068,1069,1
Mycobacterium_hackensackense,1168,1169,1
Mycobacterium_hackensackense,1185,1186,1
Mycobacterium_hackensackense,1190,1192,2
Mycobacterium_hackensackense,1211,1212,1
Mycobacterium_hackensackense,1237,1238,1
Mycobacterium_hackensackense,1398,1399,1
Mycobacterium_hackensackense,1430,1437,7
Mycobacterium_hackensackense,1438,1439,1
Mycobacterium_hackensackense,1445,1446,1
Mycobacterium_hackensackense,1449,1464,15
Mycobacterium_hackensackense,1491,1492,1
Mycobacterium_hackensackense,1707,1708,1
Mycobacterium_hackensackense,1748,1749,1
Mycobacterium_hackensackense,1751,1752,1
Mycobacterium_hackensackense,1756,1761,5
Mycobacterium_hackensackense,1771,1775,4
Mycobacterium_hackensackense,1776,1777,1
Mycobacterium_hackensackense,1784,1785,1
Mycobacterium_hackensackense,1802,1803,1
Mycobacterium_hackensackense,1918,1919,1
Mycobacterium_hackensackense,1954,1955,1
Mycobacterium_hackensackense,1993,1994,1
Mycobacterium_hackensackense,2121,2122,1
Mycobacterium_hackensackense,2132,2133,1
Mycobacterium_hackensackense,2136,2137,1
Mycobacterium_hackensackense,2138,2139,1
Mycobacterium_hackensackense,2143,2147,4
Mycobacterium_hackensackense,2151,2152,1
Mycobacterium_hackensackense,2162,2163,1
Mycobacterium_hackensackense,2285,2294,9
Mycobacterium_hackensackense,2296,2297,1
Mycobacterium_hackensackense,2299,2300,1
Mycobacterium_hackensackense,2302,2307,5
Mycobacterium_hackensackense,2309,2315,6
Mycobacterium_hackensackense,2316,2325,9
Mycobacterium_hackensackense,2379,2380,1
Mycobacterium_hackensackense,2664,2665,1
Mycobacterium_hackensackense,2723,2850,127
Mycobacterium_hackensackense,3376,3377,1
Mycobacterium_hackensackense,3378,3379,1
Mycobacterium_hackensackense,3433,3434,1
Mycolicibacterium_brisbanense,82,83,1
Mycolicibacterium_brisbanense,186,187,1
Mycolicibacterium_brisbanense,235,237,2
Mycolicibacterium_brisbanense,238,240,2
Mycolicibacterium_brisbanense,250,251,1
Mycolicibacterium_brisbanense,295,296,1
Mycolicibacterium_brisbanense,341,342,1
Mycolicibacterium_brisbanense,359,360,1
Mycolicibacterium_brisbanense,373,374,1
Mycolicibacterium_brisbanense,401,402,1
Mycolicibacterium_brisbanense,416,417,1
Mycolicibacterium_brisbanense,451,452,1
Mycolicibacterium_brisbanense,471,574,103
Mycolicibacterium_brisbanense,753,755,2
Mycolicibacterium_brisbanense,760,768,8
Mycolicibacterium_brisbanense,789,790,1
Mycolicibacterium_brisbanense,839,840,1
Mycolicibacterium_brisbanense,890,891,1
Mycolicibacterium_brisbanense,896,900,4
Mycolicibacterium_brisbanense,1010,1011,1
Mycolicibacterium_brisbanense,1068,1069,1
Mycolicibacterium_brisbanense,1168,1169,1
Mycolicibacterium_brisbanense,1185,1186,1
Mycolicibacterium_brisbanense,1211,1212,1
Mycolicibacterium_brisbanense,1237,1238,1
Mycolicibacterium_brisbanense,1398,1399,1
Mycolicibacterium_brisbanense,1430,1437,7
Mycolicibacterium_brisbanense,1438,1439,1
Mycolicibacterium_brisbanense,1444,1446,2
Mycolicibacterium_brisbanense,1449,1464,15
Mycolicibacterium_brisbanense,1491,1492,1
Mycolicibacterium_brisbanense,1707,1708,1
Mycolicibacterium_brisbanense,1748,1749,1
Mycolicibacterium_brisbanense,1751,1752,1
Mycolicibacterium_brisbanense,1756,1761,5
Mycolicibacterium_brisbanense,1771,1775,4
Mycolicibacterium_brisbanense,1776,1777,1
Mycolicibacterium_brisbanense,1784,1785,1
Mycolicibacterium_brisbanense,1789,1791,2
Mycolicibacterium_brisbanense,1802,1803,1
Mycolicibacterium_brisbanense,1918,1919,1
Mycolicibacterium_brisbanense,1954,1955,1
Mycolicibacterium_brisbanense,1993,1994,1
Mycolicibacterium_brisbanense,2132,2133,1
Mycolicibacterium_brisbanense,2136,2137,1
Mycolicibacterium_brisbanense,2138,2139,1
Mycolicibacterium_brisbanense,2143,2147,4
Mycolicibacterium_brisbanense,2151,2152,1
Mycolicibacterium_brisbanense,2162,2163,1
Mycolicibacterium_brisbanense,2285,2294,9
Mycolicibacterium_brisbanense,2296,2297,1
Mycolicibacterium_brisbanense,2299,2300,1
Mycolicibacterium_brisbanense,2303,2306,3
Mycolicibacterium_brisbanense,2309,2315,6
Mycolicibacterium_brisbanense,2316,2325,9
Mycolicibacterium_brisbanense,2379,2380,1
Mycolicibacterium_brisbanense,2664,2665,1
Mycolicibacterium_brisbanense,2723,2850,127
Mycolicibacterium_brisbanense,3376,3377,1
Mycolicibacterium_brisbanense,3378,3379,1
Mycolicibacterium_brisbanense,3433,3434,1
Mycobacterium_kyogaense,1,3,2
Mycobacterium_kyogaense,82,83,1
Mycobacterium_kyogaense,186,187,1
Mycobacterium_kyogaense,235,237,2
Mycobacterium_kyogaense,238,240,2
Mycobacterium_kyogaense,250,251,1
Mycobacterium_kyogaense,295,296,1
Mycobacterium_kyogaense,341,342,1
Mycobacterium_kyogaense,359,360,1
Mycobacterium_kyogaense,373,374,1
Mycobacterium_kyogaense,386,387,1
Mycobacterium_kyogaense,401,402,1
Mycobacterium_kyogaense,416,417,1
Mycobacterium_kyogaense,451,452,1
Mycobacterium_kyogaense,473,574,101
Mycobacterium_kyogaense,753,755,2
Mycobacterium_kyogaense,760,761,1
Mycobacterium_kyogaense,762,768,6
Mycobacterium_kyogaense,789,790,1
Mycobacterium_kyogaense,839,840,1
Mycobacterium_kyogaense,890,891,1
Mycobacterium_kyogaense,896,900,4
Mycobacterium_kyogaense,1010,1011,1
Mycobacterium_kyogaense,1068,1069,1
Mycobacterium_kyogaense,1168,1169,1
Mycobacterium_kyogaense,1185,1186,1
Mycobacterium_kyogaense,1190,1192,2
Mycobacterium_kyogaense,1211,1212,1
Mycobacterium_kyogaense,1237,1238,1
Mycobacterium_kyogaense,1398,1399,1
Mycobacterium_kyogaense,1430,1437,7
Mycobacterium_kyogaense,1438,1439,1
Mycobacterium_kyogaense,1445,1446,1
Mycobacterium_kyogaense,1449,1462,13
Mycobacterium_kyogaense,1491,1492,1
Mycobacterium_kyogaense,1707,1708,1
Mycobacterium_kyogaense,1748,1749,1
Mycobacterium_kyogaense,1751,1752,1
Mycobacterium_kyogaense,1756,1761,5
Mycobacterium_kyogaense,1771,1775,4
Mycobacterium_kyogaense,1776,1777,1
Mycobacterium_kyogaense,1784,1785,1
Mycobacterium_kyogaense,1789,1791,2
Mycobacterium_kyogaense,1802,1803,1
Mycobacterium_kyogaense,1918,1919,1
Mycobacterium_kyogaense,1954,1955,1
Mycobacterium_kyogaense,1993,1994,1
Mycobacterium_kyogaense,2132,2133,1
Mycobacterium_kyogaense,2136,2137,1
Mycobacterium_kyogaense,2138,2139,1
Mycobacterium_kyogaense,2143,2147,4
Mycobacterium_kyogaense,2151,2152,1
Mycobacterium_kyogaense,2154,2155,1
Mycobacterium_kyogaense,2162,2163,1
Mycobacterium_kyogaense,2285,2294,9
Mycobacterium_kyogaense,2296,2297,1
Mycobacterium_kyogaense,2299,2300,1
Mycobacterium_kyogaense,2302,2307,5
Mycobacterium_kyogaense,2309,2315,6
Mycobacterium_kyogaense,2316,2325,9
Mycobacterium_kyogaense,2379,2380,1
Mycobacterium_kyogaense,2664,2665,1
Mycobacterium_kyogaense,2723,2850,127
Mycobacterium_kyogaense,3376,3377,1
Mycobacterium_kyogaense,3378,3379,1
Mycobacterium_kyogaense,3433,3434,1
Mycolicibacterium_lutetiense,1,3,2
Mycolicibacterium_lutetiense,82,83,1
Mycolicibacterium_lutetiense,186,187,1
Mycolicibacterium_lutetiense,235,237,2
Mycolicibacterium_lutetiense,238,240,2
Mycolicibacterium_lutetiense,250,251,1
Mycolicibacterium_lutetiense,295,296,1
Mycolicibacterium_lutetiense,341,342,1
Mycolicibacterium_lutetiense,359,360,1
Mycolicibacterium_lutetiense,373,374,1
Mycolicibacterium_lutetiense,401,402,1
Mycolicibacterium_lutetiense,416,417,1
Mycolicibacterium_lutetiense,451,452,1
Mycolicibacterium_lutetiense,472,574,102
Mycolicibacterium_lutetiense,753,755,2
Mycolicibacterium_lutetiense,760,768,8
Mycolicibacterium_lutetiense,789,790,1
Mycolicibacterium_lutetiense,839,840,1
Mycolicibacterium_lutetiense,890,891,1
Mycolicibacterium_lutetiense,896,900,4
Mycolicibacterium_lutetiense,1010,1011,1
Mycolicibacterium_lutetiense,1068,1069,1
Mycolicibacterium_lutetiense,1168,1169,1
Mycolicibacterium_lutetiense,1185,1186,1
Mycolicibacterium_lutetiense,1211,1212,1
Mycolicibacterium_lutetiense,1237,1238,1
Mycolicibacterium_lutetiense,1398,1399,1
Mycolicibacterium_lutetiense,1430,1437,7
Mycolicibacterium_lutetiense,1438,1439,1
Mycolicibacterium_lutetiense,1449,1463,14
Mycolicibacterium_lutetiense,1491,1492,1
Mycolicibacterium_lutetiense,1707,1708,1
Mycolicibacterium_lutetiense,1748,1749,1
Mycolicibacterium_lutetiense,1751,1752,1
Mycolicibacterium_lutetiense,1756,1760,4
Mycolicibacterium_lutetiense,1771,1775,4
Mycolicibacterium_lutetiense,1776,1777,1
Mycolicibacterium_lutetiense,1784,1785,1
Mycolicibacterium_lutetiense,1789,1790,1
Mycolicibacterium_lutetiense,1802,1803,1
Mycolicibacterium_lutetiense,1918,1919,1
Mycolicibacterium_lutetiense,1954,1955,1
Mycolicibacterium_lutetiense,1993,1994,1
Mycolicibacterium_lutetiense,2132,2133,1
Mycolicibacterium_lutetiense,2136,2137,1
Mycolicibacterium_lutetiense,2138,2139,1
Mycolicibacterium_lutetiense,2143,2147,4
Mycolicibacterium_lutetiense,2151,2152,1
Mycolicibacterium_lutetiense,2162,2163,1
Mycolicibacterium_lutetiense,2285,2297,12
Mycolicibacterium_lutetiense,2299,2300,1
Mycolicibacterium_lutetiense,2303,2306,3
Mycolicibacterium_lutetiense,2309,2315,6
Mycolicibacterium_lutetiense,2316,2325,9
Mycolicibacterium_lutetiense,2379,2380,1
Mycolicibacterium_lutetiense,2664,2665,1
Mycolicibacterium_lutetiense,2723,2850,127
Mycolicibacterium_lutetiense,3376,3377,1
Mycolicibacterium_lutetiense,3378,3379,1
Mycolicibacterium_lutetiense,3433,3434,1
Mycolicibacterium_litorale,1,3,2
Mycolicibacterium_litorale,82,83,1
Mycolicibacterium_litorale,186,187,1
Mycolicibacterium_litorale,235,237,2
Mycolicibacterium_litorale,238,240,2
Mycolicibacterium_litorale,250,251,1
Mycolicibacterium_litorale,295,296,1
Mycolicibacterium_litorale,359,360,1
Mycolicibacterium_litorale,373,374,1
Mycolicibacterium_litorale,386,387,1
Mycolicibacterium_litorale,401,402,1
Mycolicibacterium_litorale,416,417,1
Mycolicibacterium_litorale,451,452,1
Mycolicibacterium_litorale,470,574,104
Mycolicibacterium_litorale,753,755,2
Mycolicibacterium_litorale,760,767,7
Mycolicibacterium_litorale,789,790,1
Mycolicibacterium_litorale,839,840,1
Mycolicibacterium_litorale,890,891,1
Mycolicibacterium_litorale,896,900,4
Mycolicibacterium_litorale,1068,1069,1
Mycolicibacterium_litorale,1168,1169,1
Mycolicibacterium_litorale,1185,1186,1
Mycolicibacterium_litorale,1190,1192,2
Mycolicibacterium_litorale,1237,1238,1
Mycolicibacterium_litorale,1398,1399,1
Mycolicibacterium_litorale,1430,1437,7
Mycolicibacterium_litorale,1438,1439,1
Mycolicibacterium_litorale,1445,1446,1
Mycolicibacterium_litorale,1449,1460,11
Mycolicibacterium_litorale,1491,1492,1
Mycolicibacterium_litorale,1707,1708,1
Mycolicibacterium_litorale,1748,1749,1
Mycolicibacterium_litorale,1751,1752,1
Mycolicibacterium_litorale,1756,1761,5
Mycolicibacterium_litorale,1771,1777,6
Mycolicibacterium_litorale,1784,1785,1
Mycolicibacterium_litorale,1789,1790,1
Mycolicibacterium_litorale,1802,1803,1
Mycolicibacterium_litorale,1918,1919,1
Mycolicibacterium_litorale,1954,1955,1
Mycolicibacterium_litorale,1993,1994,1
Mycolicibacterium_litorale,2132,2133,1
Mycolicibacterium_litorale,2136,2137,1
Mycolicibacterium_litorale,2138,2139,1
Mycolicibacterium_litorale,2143,2147,4
Mycolicibacterium_litorale,2151,2153,2
Mycolicibacterium_litorale,2162,2163,1
Mycolicibacterium_litorale,2285,2294,9
Mycolicibacterium_litorale,2296,2297,1
Mycolicibacterium_litorale,2299,2300,1
Mycolicibacterium_litorale,2302,2307,5
Mycolicibacterium_litorale,2309,2315,6
Mycolicibacterium_litorale,2316,2325,9
Mycolicibacterium_litorale,2379,2380,1
Mycolicibacterium_litorale,2664,2665,1
Mycolicibacterium_litorale,2723,2850,127
Mycolicibacterium_litorale,3376,3377,1
Mycolicibacterium_litorale,3378,3379,1
Mycolicibacterium_litorale,3433,3434,1
Mycolicibacterium_vaccae,1,3,2
Mycolicibacterium_vaccae,82,83,1
Mycolicibacterium_vaccae,186,187,1
Mycolicibacterium_vaccae,235,237,2
Mycolicibacterium_vaccae,238,240,2
Mycolicibacterium_vaccae,250,251,1
Mycolicibacterium_vaccae,295,296,1
Mycolicibacterium_vaccae,341,342,1
Mycolicibacterium_vaccae,359,360,1
Mycolicibacterium_vaccae,373,374,1
Mycolicibacterium_vaccae,386,387,1
Mycolicibacterium_vaccae,401,402,1
Mycolicibacterium_vaccae,416,417,1
Mycolicibacterium_vaccae,451,452,1
Mycolicibacterium_vaccae,472,574,102
Mycolicibacterium_vaccae,753,757,4
Mycolicibacterium_vaccae,760,761,1
Mycolicibacterium_vaccae,762,768,6
Mycolicibacterium_vaccae,789,790,1
Mycolicibacterium_vaccae,839,840,1
Mycolicibacterium_vaccae,890,891,1
Mycolicibacterium_vaccae,896,900,4
Mycolicibacterium_vaccae,1010,1011,1
Mycolicibacterium_vaccae,1068,1069,1
Mycolicibacterium_vaccae,1168,1169,1
Mycolicibacterium_vaccae,1185,1186,1
Mycolicibacterium_vaccae,1190,1192,2
Mycolicibacterium_vaccae,1211,1212,1
Mycolicibacterium_vaccae,1237,1238,1
Mycolicibacterium_vaccae,1398,1399,1
Mycolicibacterium_vaccae,1430,1437,7
Mycolicibacterium_vaccae,1438,1439,1
Mycolicibacterium_vaccae,1445,1446,1
Mycolicibacterium_vaccae,1448,1463,15
Mycolicibacterium_vaccae,1491,1492,1
Mycolicibacterium_vaccae,1707,1708,1
Mycolicibacterium_vaccae,1748,1749,1
Mycolicibacterium_vaccae,1751,1752,1
Mycolicibacterium_vaccae,1756,1761,5
Mycolicibacterium_vaccae,1771,1775,4
Mycolicibacterium_vaccae,1776,1777,1
Mycolicibacterium_vaccae,1784,1785,1
Mycolicibacterium_vaccae,1789,1791,2
Mycolicibacterium_vaccae,1802,1803,1
Mycolicibacterium_vaccae,1918,1919,1
Mycolicibacterium_vaccae,1954,1955,1
Mycolicibacterium_vaccae,1993,1994,1
Mycolicibacterium_vaccae,2132,2133,1
Mycolicibacterium_vaccae,2136,2137,1
Mycolicibacterium_vaccae,2138,2139,1
Mycolicibacterium_vaccae,2143,2147,4
Mycolicibacterium_vaccae,2151,2152,1
Mycolicibacterium_vaccae,2162,2163,1
Mycolicibacterium_vaccae,2285,2294,9
Mycolicibacterium_vaccae,2296,2297,1
Mycolicibacterium_vaccae,2299,2300,1
Mycolicibacterium_vaccae,2302,2307,5
Mycolicibacterium_vaccae,2309,2315,6
Mycolicibacterium_vaccae,2316,2325,9
Mycolicibacterium_vaccae,2379,2380,1
Mycolicibacterium_vaccae,2664,2665,1
Mycolicibacterium_vaccae,2723,2850,127
Mycolicibacterium_vaccae,3376,3377,1
Mycolicibacterium_vaccae,3378,3379,1
Mycolicibacterium_vaccae,3433,3434,1
Mycolicibacterium_mucogenicum,1,3,2
Mycolicibacterium_mucogenicum,82,83,1
Mycolicibacterium_mucogenicum,186,187,1
Mycolicibacterium_mucogenicum,235,237,2
Mycolicibacterium_mucogenicum,238,240,2
Mycolicibacterium_mucogenicum,250,251,1
Mycolicibacterium_mucogenicum,277,278,1
Mycolicibacterium_mucogenicum,295,296,1
Mycolicibacterium_mucogenicum,341,342,1
Mycolicibacterium_mucogenicum,359,360,1
Mycolicibacterium_mucogenicum,373,374,1
Mycolicibacterium_mucogenicum,401,402,1
Mycolicibacterium_mucogenicum,416,417,1
Mycolicibacterium_mucogenicum,451,452,1
Mycolicibacterium_mucogenicum,471,574,103
Mycolicibacterium_mucogenicum,702,703,1
Mycolicibacterium_mucogenicum,753,757,4
Mycolicibacterium_mucogenicum,760,768,8
Mycolicibacterium_mucogenicum,789,790,1
Mycolicibacterium_mucogenicum,839,840,1
Mycolicibacterium_mucogenicum,890,891,1
Mycolicibacterium_mucogenicum,892,902,10
Mycolicibacterium_mucogenicum,1010,1011,1
Mycolicibacterium_mucogenicum,1068,1069,1
Mycolicibacterium_mucogenicum,1168,1169,1
Mycolicibacterium_mucogenicum,1185,1186,1
Mycolicibacterium_mucogenicum,1191,1192,1
Mycolicibacterium_mucogenicum,1211,1212,1
Mycolicibacterium_mucogenicum,1237,1238,1
Mycolicibacterium_mucogenicum,1398,1399,1
Mycolicibacterium_mucogenicum,1430,1459,29
Mycolicibacterium_mucogenicum,1491,1492,1
Mycolicibacterium_mucogenicum,1707,1708,1
Mycolicibacterium_mucogenicum,1748,1749,1
Mycolicibacterium_mucogenicum,1750,1752,2
Mycolicibacterium_mucogenicum,1756,1761,5
Mycolicibacterium_mucogenicum,1771,1775,4
Mycolicibacterium_mucogenicum,1776,1777,1
Mycolicibacterium_mucogenicum,1784,1785,1
Mycolicibacterium_mucogenicum,1789,1791,2
Mycolicibacterium_mucogenicum,1802,1803,1
Mycolicibacterium_mucogenicum,1918,1920,2
Mycolicibacterium_mucogenicum,1954,1955,1
Mycolicibacterium_mucogenicum,1993,1994,1
Mycolicibacterium_mucogenicum,2132,2133,1
Mycolicibacterium_mucogenicum,2136,2137,1
Mycolicibacterium_mucogenicum,2138,2139,1
Mycolicibacterium_mucogenicum,2143,2147,4
Mycolicibacterium_mucogenicum,2151,2152,1
Mycolicibacterium_mucogenicum,2162,2163,1
Mycolicibacterium_mucogenicum,2285,2294,9
Mycolicibacterium_mucogenicum,2296,2297,1
Mycolicibacterium_mucogenicum,2299,2300,1
Mycolicibacterium_mucogenicum,2303,2306,3
Mycolicibacterium_mucogenicum,2309,2315,6
Mycolicibacterium_mucogenicum,2316,2325,9
Mycolicibacterium_mucogenicum,2379,2380,1
Mycolicibacterium_mucogenicum,2664,2665,1
Mycolicibacterium_mucogenicum,2723,2850,127
Mycolicibacterium_mucogenicum,3376,3377,1
Mycolicibacterium_mucogenicum,3378,3379,1
Mycolicibacterium_mucogenicum,3433,3434,1
Mycolicibacterium_vanbaalenii,1,3,2
Mycolicibacterium_vanbaalenii,82,83,1
Mycolicibacterium_vanbaalenii,186,187,1
Mycolicibacterium_vanbaalenii,235,237,2
Mycolicibacterium_vanbaalenii,238,240,2
Mycolicibacterium_vanbaalenii,250,251,1
Mycolicibacterium_vanbaalenii,295,296,1
Mycolicibacterium_vanbaalenii,341,342,1
Mycolicibacterium_vanbaalenii,359,360,1
Mycolicibacterium_vanbaalenii,373,374,1
Mycolicibacterium_vanbaalenii,386,387,1
Mycolicibacterium_vanbaalenii,401,402,1
Mycolicibacterium_vanbaalenii,416,417,1
Mycolicibacterium_vanbaalenii,451,452,1
Mycolicibacterium_vanbaalenii,472,574,102
Mycolicibacterium_vanbaalenii,753,757,4
Mycolicibacterium_vanbaalenii,760,761,1
Mycolicibacterium_vanbaalenii,762,768,6
Mycolicibacterium_vanbaalenii,789,790,1
Mycolicibacterium_vanbaalenii,839,840,1
Mycolicibacterium_vanbaalenii,890,891,1
Mycolicibacterium_vanbaalenii,896,900,4
Mycolicibacterium_vanbaalenii,1010,1011,1
Mycolicibacterium_vanbaalenii,1068,1069,1
Mycolicibacterium_vanbaalenii,1168,1169,1
Mycolicibacterium_vanbaalenii,1185,1186,1
Mycolicibacterium_vanbaalenii,1190,1192,2
Mycolicibacterium_vanbaalenii,1211,1212,1
Mycolicibacterium_vanbaalenii,1237,1238,1
Mycolicibacterium_vanbaalenii,1398,1399,1
Mycolicibacterium_vanbaalenii,1430,1437,7
Mycolicibacterium_vanbaalenii,1438,1439,1
Mycolicibacterium_vanbaalenii,1445,1446,1
Mycolicibacterium_vanbaalenii,1448,1463,15
Mycolicibacterium_vanbaalenii,1491,1492,1
Mycolicibacterium_vanbaalenii,1707,1708,1
Mycolicibacterium_vanbaalenii,1748,1749,1
Mycolicibacterium_vanbaalenii,1751,1752,1
Mycolicibacterium_vanbaalenii,1756,1761,5
Mycolicibacterium_vanbaalenii,1771,1775,4
Mycolicibacterium_vanbaalenii,1776,1777,1
Mycolicibacterium_vanbaalenii,1784,1785,1
Mycolicibacterium_vanbaalenii,1789,1791,2
Mycolicibacterium_vanbaalenii,1802,1803,1
Mycolicibacterium_vanbaalenii,1918,1919,1
Mycolicibacterium_vanbaalenii,1954,1955,1
Mycolicibacterium_vanbaalenii,1993,1994,1
Mycolicibacterium_vanbaalenii,2132,2133,1
Mycolicibacterium_vanbaalenii,2136,2137,1
Mycolicibacterium_vanbaalenii,2138,2139,1
Mycolicibacterium_vanbaalenii,2143,2147,4
Mycolicibacterium_vanbaalenii,2151,2152,1
Mycolicibacterium_vanbaalenii,2162,2163,1
Mycolicibacterium_vanbaalenii,2285,2294,9
Mycolicibacterium_vanbaalenii,2296,2297,1
Mycolicibacterium_vanbaalenii,2299,2300,1
Mycolicibacterium_vanbaalenii,2302,2307,5
Mycolicibacterium_vanbaalenii,2309,2315,6
Mycolicibacterium_vanbaalenii,2316,2325,9
Mycolicibacterium_vanbaalenii,2379,2380,1
Mycolicibacterium_vanbaalenii,2664,2665,1
Mycolicibacterium_vanbaalenii,2723,2850,127
Mycolicibacterium_vanbaalenii,3376,3377,1
Mycolicibacterium_vanbaalenii,3378,3379,1
Mycolicibacterium_vanbaalenii,3433,3434,1
Mycolicibacterium_duvalii,1,3,2
Mycolicibacterium_duvalii,179,180,1
Mycolicibacterium_duvalii,186,187,1
Mycolicibacterium_duvalii,192,193,1
Mycolicibacterium_duvalii,235,237,2
Mycolicibacterium_duvalii,238,240,2
Mycolicibacterium_duvalii,250,251,1
Mycolicibacterium_duvalii,295,296,1
Mycolicibacterium_duvalii,341,342,1
Mycolicibacterium_duvalii,359,360,1
Mycolicibacterium_duvalii,373,374,1
Mycolicibacterium_duvalii,386,387,1
Mycolicibacterium_duvalii,401,402,1
Mycolicibacterium_duvalii,416,417,1
Mycolicibacterium_duvalii,451,452,1
Mycolicibacterium_duvalii,473,574,101
Mycolicibacterium_duvalii,753,755,2
Mycolicibacterium_duvalii,760,761,1
Mycolicibacterium_duvalii,762,768,6
Mycolicibacterium_duvalii,789,790,1
Mycolicibacterium_duvalii,839,840,1
Mycolicibacterium_duvalii,890,891,1
Mycolicibacterium_duvalii,896,900,4
Mycolicibacterium_duvalii,1010,1011,1
Mycolicibacterium_duvalii,1068,1069,1
Mycolicibacterium_duvalii,1168,1169,1
Mycolicibacterium_duvalii,1185,1186,1
Mycolicibacterium_duvalii,1190,1192,2
Mycolicibacterium_duvalii,1211,1212,1
Mycolicibacterium_duvalii,1237,1238,1
Mycolicibacterium_duvalii,1398,1399,1
Mycolicibacterium_duvalii,1430,1437,7
Mycolicibacterium_duvalii,1438,1439,1
Mycolicibacterium_duvalii,1445,1446,1
Mycolicibacterium_duvalii,1449,1462,13
Mycolicibacterium_duvalii,1491,1492,1
Mycolicibacterium_duvalii,1707,1708,1
Mycolicibacterium_duvalii,1748,1749,1
Mycolicibacterium_duvalii,1751,1752,1
Mycolicibacterium_duvalii,1756,1761,5
Mycolicibacterium_duvalii,1772,1774,2
Mycolicibacterium_duvalii,1776,1777,1
Mycolicibacterium_duvalii,1784,1785,1
Mycolicibacterium_duvalii,1789,1791,2
Mycolicibacterium_duvalii,1802,1803,1
Mycolicibacterium_duvalii,1918,1919,1
Mycolicibacterium_duvalii,1954,1955,1
Mycolicibacterium_duvalii,1993,1994,1
Mycolicibacterium_duvalii,2132,2133,1
Mycolicibacterium_duvalii,2136,2137,1
Mycolicibacterium_duvalii,2138,2139,1
Mycolicibacterium_duvalii,2143,2147,4
Mycolicibacterium_duvalii,2151,2152,1
Mycolicibacterium_duvalii,2162,2163,1
Mycolicibacterium_duvalii,2200,2201,1
Mycolicibacterium_duvalii,2285,2294,9
Mycolicibacterium_duvalii,2296,2297,1
Mycolicibacterium_duvalii,2299,2300,1
Mycolicibacterium_duvalii,2302,2307,5
Mycolicibacterium_duvalii,2309,2315,6
Mycolicibacterium_duvalii,2316,2325,9
Mycolicibacterium_duvalii,2344,2345,1
Mycolicibacterium_duvalii,2379,2380,1
Mycolicibacterium_duvalii,2664,2665,1
Mycolicibacterium_duvalii,2723,2850,127
Mycolicibacterium_duvalii,3376,3377,1
Mycolicibacterium_duvalii,3378,3379,1
Mycolicibacterium_duvalii,3433,3434,1
Mycobacterium_shimoidei,1,3,2
Mycobacterium_shimoidei,82,83,1
Mycobacterium_shimoidei,186,187,1
Mycobacterium_shimoidei,238,240,2
Mycobacterium_shimoidei,250,251,1
Mycobacterium_shimoidei,295,296,1
Mycobacterium_shimoidei,341,342,1
Mycobacterium_shimoidei,359,360,1
Mycobacterium_shimoidei,373,379,6
Mycobacterium_shimoidei,386,387,1
Mycobacterium_shimoidei,401,402,1
Mycobacterium_shimoidei,416,417,1
Mycobacterium_shimoidei,451,452,1
Mycobacterium_shimoidei,471,574,103
Mycobacterium_shimoidei,753,755,2
Mycobacterium_shimoidei,760,768,8
Mycobacterium_shimoidei,789,790,1
Mycobacterium_shimoidei,839,840,1
Mycobacterium_shimoidei,884,886,2
Mycobacterium_shimoidei,890,891,1
Mycobacterium_shimoidei,896,900,4
Mycobacterium_shimoidei,1010,1011,1
Mycobacterium_shimoidei,1068,1069,1
Mycobacterium_shimoidei,1168,1169,1
Mycobacterium_shimoidei,1184,1186,2
Mycobacterium_shimoidei,1190,1192,2
Mycobacterium_shimoidei,1211,1212,1
Mycobacterium_shimoidei,1237,1238,1
Mycobacterium_shimoidei,1398,1399,1
Mycobacterium_shimoidei,1430,1437,7
Mycobacterium_shimoidei,1438,1439,1
Mycobacterium_shimoidei,1440,1443,3
Mycobacterium_shimoidei,1445,1446,1
Mycobacterium_shimoidei,1449,1455,6
Mycobacterium_shimoidei,1457,1458,1
Mycobacterium_shimoidei,1491,1492,1
Mycobacterium_shimoidei,1707,1708,1
Mycobacterium_shimoidei,1748,1749,1
Mycobacterium_shimoidei,1756,1761,5
Mycobacterium_shimoidei,1773,1777,4
Mycobacterium_shimoidei,1784,1785,1
Mycobacterium_shimoidei,1789,1791,2
Mycobacterium_shimoidei,1802,1803,1
Mycobacterium_shimoidei,1917,1919,2
Mycobacterium_shimoidei,1954,1955,1
Mycobacterium_shimoidei,1993,1994,1
Mycobacterium_shimoidei,2132,2133,1
Mycobacterium_shimoidei,2138,2139,1
Mycobacterium_shimoidei,2143,2147,4
Mycobacterium_shimoidei,2151,2152,1
Mycobacterium_shimoidei,2162,2163,1
Mycobacterium_shimoidei,2285,2294,9
Mycobacterium_shimoidei,2296,2297,1
Mycobacterium_shimoidei,2299,2300,1
Mycobacterium_shimoidei,2309,2315,6
Mycobacterium_shimoidei,2316,2325,9
Mycobacterium_shimoidei,2379,2380,1
Mycobacterium_shimoidei,2664,2665,1
Mycobacterium_shimoidei,2723,2850,127
Mycobacterium_shimoidei,3378,3379,1
Mycobacterium_shimoidei,3433,3434,1
Mycolicibacterium_fluoranthenivorans,1,3,2
Mycolicibacterium_fluoranthenivorans,82,83,1
Mycolicibacterium_fluoranthenivorans,186,187,1
Mycolicibacterium_fluoranthenivorans,235,237,2
Mycolicibacterium_fluoranthenivorans,238,240,2
Mycolicibacterium_fluoranthenivorans,250,251,1
Mycolicibacterium_fluoranthenivorans,295,296,1
Mycolicibacterium_fluoranthenivorans,341,342,1
Mycolicibacterium_fluoranthenivorans,359,360,1
Mycolicibacterium_fluoranthenivorans,373,374,1
Mycolicibacterium_fluoranthenivorans,386,387,1
Mycolicibacterium_fluoranthenivorans,416,417,1
Mycolicibacterium_fluoranthenivorans,451,452,1
Mycolicibacterium_fluoranthenivorans,471,574,103
Mycolicibacterium_fluoranthenivorans,753,755,2
Mycolicibacterium_fluoranthenivorans,760,768,8
Mycolicibacterium_fluoranthenivorans,789,790,1
Mycolicibacterium_fluoranthenivorans,839,840,1
Mycolicibacterium_fluoranthenivorans,890,891,1
Mycolicibacterium_fluoranthenivorans,896,900,4
Mycolicibacterium_fluoranthenivorans,1010,1011,1
Mycolicibacterium_fluoranthenivorans,1068,1069,1
Mycolicibacterium_fluoranthenivorans,1168,1169,1
Mycolicibacterium_fluoranthenivorans,1185,1186,1
Mycolicibacterium_fluoranthenivorans,1190,1192,2
Mycolicibacterium_fluoranthenivorans,1211,1212,1
Mycolicibacterium_fluoranthenivorans,1237,1238,1
Mycolicibacterium_fluoranthenivorans,1398,1399,1
Mycolicibacterium_fluoranthenivorans,1430,1437,7
Mycolicibacterium_fluoranthenivorans,1438,1439,1
Mycolicibacterium_fluoranthenivorans,1445,1460,15
Mycolicibacterium_fluoranthenivorans,1491,1492,1
Mycolicibacterium_fluoranthenivorans,1707,1708,1
Mycolicibacterium_fluoranthenivorans,1748,1749,1
Mycolicibacterium_fluoranthenivorans,1751,1752,1
Mycolicibacterium_fluoranthenivorans,1756,1761,5
Mycolicibacterium_fluoranthenivorans,1771,1775,4
Mycolicibacterium_fluoranthenivorans,1776,1777,1
Mycolicibacterium_fluoranthenivorans,1784,1785,1
Mycolicibacterium_fluoranthenivorans,1802,1803,1
Mycolicibacterium_fluoranthenivorans,1918,1919,1
Mycolicibacterium_fluoranthenivorans,1954,1955,1
Mycolicibacterium_fluoranthenivorans,1993,1994,1
Mycolicibacterium_fluoranthenivorans,2121,2122,1
Mycolicibacterium_fluoranthenivorans,2132,2133,1
Mycolicibacterium_fluoranthenivorans,2136,2137,1
Mycolicibacterium_fluoranthenivorans,2138,2139,1
Mycolicibacterium_fluoranthenivorans,2143,2147,4
Mycolicibacterium_fluoranthenivorans,2151,2152,1
Mycolicibacterium_fluoranthenivorans,2162,2163,1
Mycolicibacterium_fluoranthenivorans,2285,2294,9
Mycolicibacterium_fluoranthenivorans,2296,2297,1
Mycolicibacterium_fluoranthenivorans,2299,2300,1
Mycolicibacterium_fluoranthenivorans,2302,2307,5
Mycolicibacterium_fluoranthenivorans,2309,2315,6
Mycolicibacterium_fluoranthenivorans,2316,2325,9
Mycolicibacterium_fluoranthenivorans,2379,2380,1
Mycolicibacterium_fluoranthenivorans,2664,2665,1
Mycolicibacterium_fluoranthenivorans,2723,2850,127
Mycolicibacterium_fluoranthenivorans,3376,3377,1
Mycolicibacterium_fluoranthenivorans,3378,3379,1
Mycolicibacterium_fluoranthenivorans,3433,3434,1
Mycolicibacterium_diernhoferi,1,3,2
Mycolicibacterium_diernhoferi,82,83,1
Mycolicibacterium_diernhoferi,186,187,1
Mycolicibacterium_diernhoferi,235,237,2
Mycolicibacterium_diernhoferi,238,240,2
Mycolicibacterium_diernhoferi,250,251,1
Mycolicibacterium_diernhoferi,295,296,1
Mycolicibacterium_diernhoferi,341,342,1
Mycolicibacterium_diernhoferi,359,360,1
Mycolicibacterium_diernhoferi,373,374,1
Mycolicibacterium_diernhoferi,386,387,1
Mycolicibacterium_diernhoferi,416,417,1
Mycolicibacterium_diernhoferi,451,452,1
Mycolicibacterium_diernhoferi,471,574,103
Mycolicibacterium_diernhoferi,753,755,2
Mycolicibacterium_diernhoferi,760,768,8
Mycolicibacterium_diernhoferi,789,790,1
Mycolicibacterium_diernhoferi,839,840,1
Mycolicibacterium_diernhoferi,890,891,1
Mycolicibacterium_diernhoferi,896,900,4
Mycolicibacterium_diernhoferi,1010,1011,1
Mycolicibacterium_diernhoferi,1068,1069,1
Mycolicibacterium_diernhoferi,1168,1169,1
Mycolicibacterium_diernhoferi,1185,1186,1
Mycolicibacterium_diernhoferi,1190,1192,2
Mycolicibacterium_diernhoferi,1211,1212,1
Mycolicibacterium_diernhoferi,1237,1238,1
Mycolicibacterium_diernhoferi,1398,1399,1
Mycolicibacterium_diernhoferi,1430,1437,7
Mycolicibacterium_diernhoferi,1438,1439,1
Mycolicibacterium_diernhoferi,1444,1456,12
Mycolicibacterium_diernhoferi,1457,1458,1
Mycolicibacterium_diernhoferi,1459,1460,1
Mycolicibacterium_diernhoferi,1491,1492,1
Mycolicibacterium_diernhoferi,1707,1708,1
Mycolicibacterium_diernhoferi,1748,1749,1
Mycolicibacterium_diernhoferi,1751,1752,1
Mycolicibacterium_diernhoferi,1755,1762,7
Mycolicibacterium_diernhoferi,1771,1775,4
Mycolicibacterium_diernhoferi,1776,1777,1
Mycolicibacterium_diernhoferi,1784,1785,1
Mycolicibacterium_diernhoferi,1791,1792,1
Mycolicibacterium_diernhoferi,1802,1803,1
Mycolicibacterium_diernhoferi,1918,1919,1
Mycolicibacterium_diernhoferi,1954,1955,1
Mycolicibacterium_diernhoferi,1993,1994,1
Mycolicibacterium_diernhoferi,2121,2122,1
Mycolicibacterium_diernhoferi,2132,2133,1
Mycolicibacterium_diernhoferi,2136,2137,1
Mycolicibacterium_diernhoferi,2138,2139,1
Mycolicibacterium_diernhoferi,2143,2147,4
Mycolicibacterium_diernhoferi,2151,2152,1
Mycolicibacterium_diernhoferi,2162,2163,1
Mycolicibacterium_diernhoferi,2285,2294,9
Mycolicibacterium_diernhoferi,2296,2297,1
Mycolicibacterium_diernhoferi,2299,2300,1
Mycolicibacterium_diernhoferi,2302,2307,5
Mycolicibacterium_diernhoferi,2309,2315,6
Mycolicibacterium_diernhoferi,2316,2325,9
Mycolicibacterium_diernhoferi,2379,2380,1
Mycolicibacterium_diernhoferi,2664,2665,1
Mycolicibacterium_diernhoferi,2723,2850,127
Mycolicibacterium_diernhoferi,3376,3377,1
Mycolicibacterium_diernhoferi,3378,3379,1
Mycolicibacterium_diernhoferi,3433,3434,1
Mycolicibacterium_monacense,1,3,2
Mycolicibacterium_monacense,82,83,1
Mycolicibacterium_monacense,186,187,1
Mycolicibacterium_monacense,235,237,2
Mycolicibacterium_monacense,238,240,2
Mycolicibacterium_monacense,250,251,1
Mycolicibacterium_monacense,295,296,1
Mycolicibacterium_monacense,359,360,1
Mycolicibacterium_monacense,373,374,1
Mycolicibacterium_monacense,386,387,1
Mycolicibacterium_monacense,401,402,1
Mycolicibacterium_monacense,416,417,1
Mycolicibacterium_monacense,451,452,1
Mycolicibacterium_monacense,470,574,104
Mycolicibacterium_monacense,753,755,2
Mycolicibacterium_monacense,760,768,8
Mycolicibacterium_monacense,789,790,1
Mycolicibacterium_monacense,839,840,1
Mycolicibacterium_monacense,890,891,1
Mycolicibacterium_monacense,896,900,4
Mycolicibacterium_monacense,1010,1011,1
Mycolicibacterium_monacense,1068,1069,1
Mycolicibacterium_monacense,1168,1169,1
Mycolicibacterium_monacense,1185,1186,1
Mycolicibacterium_monacense,1190,1192,2
Mycolicibacterium_monacense,1211,1212,1
Mycolicibacterium_monacense,1237,1238,1
Mycolicibacterium_monacense,1398,1399,1
Mycolicibacterium_monacense,1430,1437,7
Mycolicibacterium_monacense,1438,1439,1
Mycolicibacterium_monacense,1443,1444,1
Mycolicibacterium_monacense,1445,1446,1
Mycolicibacterium_monacense,1449,1460,11
Mycolicibacterium_monacense,1491,1492,1
Mycolicibacterium_monacense,1707,1708,1
Mycolicibacterium_monacense,1748,1749,1
Mycolicibacterium_monacense,1751,1752,1
Mycolicibacterium_monacense,1756,1761,5
Mycolicibacterium_monacense,1771,1777,6
Mycolicibacterium_monacense,1784,1785,1
Mycolicibacterium_monacense,1789,1790,1
Mycolicibacterium_monacense,1802,1803,1
Mycolicibacterium_monacense,1918,1919,1
Mycolicibacterium_monacense,1954,1955,1
Mycolicibacterium_monacense,1993,1994,1
Mycolicibacterium_monacense,2132,2133,1
Mycolicibacterium_monacense,2136,2137,1
Mycolicibacterium_monacense,2138,2139,1
Mycolicibacterium_monacense,2150,2155,5
Mycolicibacterium_monacense,2162,2163,1
Mycolicibacterium_monacense,2285,2294,9
Mycolicibacterium_monacense,2296,2297,1
Mycolicibacterium_monacense,2299,2300,1
Mycolicibacterium_monacense,2302,2307,5
Mycolicibacterium_monacense,2309,2315,6
Mycolicibacterium_monacense,2316,2325,9
Mycolicibacterium_monacense,2379,2380,1
Mycolicibacterium_monacense,2664,2665,1
Mycolicibacterium_monacense,2723,2850,127
Mycolicibacterium_monacense,3378,3379,1
Mycolicibacterium_monacense,3433,3434,1
Mycolicibacterium_psychrotolerans,1,3,2
Mycolicibacterium_psychrotolerans,82,83,1
Mycolicibacterium_psychrotolerans,186,187,1
Mycolicibacterium_psychrotolerans,235,237,2
Mycolicibacterium_psychrotolerans,238,240,2
Mycolicibacterium_psychrotolerans,250,251,1
Mycolicibacterium_psychrotolerans,295,296,1
Mycolicibacterium_psychrotolerans,341,342,1
Mycolicibacterium_psychrotolerans,359,360,1
Mycolicibacterium_psychrotolerans,373,374,1
Mycolicibacterium_psychrotolerans,386,387,1
Mycolicibacterium_psychrotolerans,401,402,1
Mycolicibacterium_psychrotolerans,416,417,1
Mycolicibacterium_psychrotolerans,451,452,1
Mycolicibacterium_psychrotolerans,473,574,101
Mycolicibacterium_psychrotolerans,753,755,2
Mycolicibacterium_psychrotolerans,760,768,8
Mycolicibacterium_psychrotolerans,789,790,1
Mycolicibacterium_psychrotolerans,839,840,1
Mycolicibacterium_psychrotolerans,890,891,1
Mycolicibacterium_psychrotolerans,896,900,4
Mycolicibacterium_psychrotolerans,1010,1011,1
Mycolicibacterium_psychrotolerans,1068,1070,2
Mycolicibacterium_psychrotolerans,1168,1169,1
Mycolicibacterium_psychrotolerans,1185,1186,1
Mycolicibacterium_psychrotolerans,1190,1192,2
Mycolicibacterium_psychrotolerans,1211,1212,1
Mycolicibacterium_psychrotolerans,1237,1238,1
Mycolicibacterium_psychrotolerans,1398,1399,1
Mycolicibacterium_psychrotolerans,1424,1427,3
Mycolicibacterium_psychrotolerans,1430,1437,7
Mycolicibacterium_psychrotolerans,1438,1439,1
Mycolicibacterium_psychrotolerans,1445,1446,1
Mycolicibacterium_psychrotolerans,1449,1462,13
Mycolicibacterium_psychrotolerans,1491,1492,1
Mycolicibacterium_psychrotolerans,1707,1708,1
Mycolicibacterium_psychrotolerans,1748,1749,1
Mycolicibacterium_psychrotolerans,1751,1752,1
Mycolicibacterium_psychrotolerans,1756,1761,5
Mycolicibacterium_psychrotolerans,1772,1774,2
Mycolicibacterium_psychrotolerans,1776,1777,1
Mycolicibacterium_psychrotolerans,1784,1785,1
Mycolicibacterium_psychrotolerans,1789,1791,2
Mycolicibacterium_psychrotolerans,1802,1803,1
Mycolicibacterium_psychrotolerans,1918,1919,1
Mycolicibacterium_psychrotolerans,1954,1955,1
Mycolicibacterium_psychrotolerans,1993,1994,1
Mycolicibacterium_psychrotolerans,2132,2133,1
Mycolicibacterium_psychrotolerans,2136,2137,1
Mycolicibacterium_psychrotolerans,2138,2139,1
Mycolicibacterium_psychrotolerans,2143,2147,4
Mycolicibacterium_psychrotolerans,2151,2152,1
Mycolicibacterium_psychrotolerans,2154,2155,1
Mycolicibacterium_psychrotolerans,2162,2163,1
Mycolicibacterium_psychrotolerans,2285,2294,9
Mycolicibacterium_psychrotolerans,2296,2297,1
Mycolicibacterium_psychrotolerans,2299,2300,1
Mycolicibacterium_psychrotolerans,2303,2306,3
Mycolicibacterium_psychrotolerans,2309,2315,6
Mycolicibacterium_psychrotolerans,2316,2325,9
Mycolicibacterium_psychrotolerans,2379,2380,1
Mycolicibacterium_psychrotolerans,2664,2665,1
Mycolicibacterium_psychrotolerans,2723,2850,127
Mycolicibacterium_psychrotolerans,3289,3290,1
Mycolicibacterium_psychrotolerans,3378,3379,1
Mycolicibacterium_psychrotolerans,3433,3434,1
Mycolicibacterium_houstonense,1,3,2
Mycolicibacterium_houstonense,82,83,1
Mycolicibacterium_houstonense,186,187,1
Mycolicibacterium_houstonense,235,237,2
Mycolicibacterium_houstonense,238,239,1
Mycolicibacterium_houstonense,250,251,1
Mycolicibacterium_houstonense,295,296,1
Mycolicibacterium_houstonense,341,342,1
Mycolicibacterium_houstonense,359,360,1
Mycolicibacterium_houstonense,373,374,1
Mycolicibacterium_houstonense,401,402,1
Mycolicibacterium_houstonense,416,417,1
Mycolicibacterium_houstonense,451,452,1
Mycolicibacterium_houstonense,472,574,102
Mycolicibacterium_houstonense,754,755,1
Mycolicibacterium_houstonense,760,768,8
Mycolicibacterium_houstonense,789,790,1
Mycolicibacterium_houstonense,839,840,1
Mycolicibacterium_houstonense,890,891,1
Mycolicibacterium_houstonense,896,900,4
Mycolicibacterium_houstonense,1010,1011,1
Mycolicibacterium_houstonense,1068,1069,1
Mycolicibacterium_houstonense,1168,1169,1
Mycolicibacterium_houstonense,1185,1186,1
Mycolicibacterium_houstonense,1211,1212,1
Mycolicibacterium_houstonense,1237,1238,1
Mycolicibacterium_houstonense,1398,1399,1
Mycolicibacterium_houstonense,1430,1437,7
Mycolicibacterium_houstonense,1438,1439,1
Mycolicibacterium_houstonense,1441,1442,1
Mycolicibacterium_houstonense,1445,1446,1
Mycolicibacterium_houstonense,1449,1466,17
Mycolicibacterium_houstonense,1491,1492,1
Mycolicibacterium_houstonense,1707,1708,1
Mycolicibacterium_houstonense,1748,1749,1
Mycolicibacterium_houstonense,1751,1752,1
Mycolicibacterium_houstonense,1756,1761,5
Mycolicibacterium_houstonense,1771,1775,4
Mycolicibacterium_houstonense,1776,1777,1
Mycolicibacterium_houstonense,1784,1785,1
Mycolicibacterium_houstonense,1789,1790,1
Mycolicibacterium_houstonense,1802,1803,1
Mycolicibacterium_houstonense,1918,1919,1
Mycolicibacterium_houstonense,1954,1955,1
Mycolicibacterium_houstonense,1993,1994,1
Mycolicibacterium_houstonense,2132,2133,1
Mycolicibacterium_houstonense,2136,2137,1
Mycolicibacterium_houstonense,2138,2139,1
Mycolicibacterium_houstonense,2143,2147,4
Mycolicibacterium_houstonense,2151,2152,1
Mycolicibacterium_houstonense,2162,2163,1
Mycolicibacterium_houstonense,2285,2297,12
Mycolicibacterium_houstonense,2299,2300,1
Mycolicibacterium_houstonense,2303,2306,3
Mycolicibacterium_houstonense,2309,2315,6
Mycolicibacterium_houstonense,2316,2325,9
Mycolicibacterium_houstonense,2379,2380,1
Mycolicibacterium_houstonense,2664,2665,1
Mycolicibacterium_houstonense,2723,2850,127
Mycolicibacterium_houstonense,3376,3377,1
Mycolicibacterium_houstonense,3378,3379,1
Mycolicibacterium_houstonense,3433,3434,1
Mycolicibacterium_pyrenivorans,82,83,1
Mycolicibacterium_pyrenivorans,186,187,1
Mycolicibacterium_pyrenivorans,235,237,2
Mycolicibacterium_pyrenivorans,238,240,2
Mycolicibacterium_pyrenivorans,250,251,1
Mycolicibacterium_pyrenivorans,295,296,1
Mycolicibacterium_pyrenivorans,341,342,1
Mycolicibacterium_pyrenivorans,359,360,1
Mycolicibacterium_pyrenivorans,373,374,1
Mycolicibacterium_pyrenivorans,386,387,1
Mycolicibacterium_pyrenivorans,401,402,1
Mycolicibacterium_pyrenivorans,416,417,1
Mycolicibacterium_pyrenivorans,451,452,1
Mycolicibacterium_pyrenivorans,473,574,101
Mycolicibacterium_pyrenivorans,754,755,1
Mycolicibacterium_pyrenivorans,760,761,1
Mycolicibacterium_pyrenivorans,762,768,6
Mycolicibacterium_pyrenivorans,789,790,1
Mycolicibacterium_pyrenivorans,839,840,1
Mycolicibacterium_pyrenivorans,890,891,1
Mycolicibacterium_pyrenivorans,896,900,4
Mycolicibacterium_pyrenivorans,1010,1011,1
Mycolicibacterium_pyrenivorans,1068,1069,1
Mycolicibacterium_pyrenivorans,1168,1169,1
Mycolicibacterium_pyrenivorans,1185,1186,1
Mycolicibacterium_pyrenivorans,1190,1192,2
Mycolicibacterium_pyrenivorans,1211,1212,1
Mycolicibacterium_pyrenivorans,1237,1238,1
Mycolicibacterium_pyrenivorans,1398,1399,1
Mycolicibacterium_pyrenivorans,1430,1437,7
Mycolicibacterium_pyrenivorans,1438,1439,1
Mycolicibacterium_pyrenivorans,1445,1446,1
Mycolicibacterium_pyrenivorans,1448,1463,15
Mycolicibacterium_pyrenivorans,1491,1492,1
Mycolicibacterium_pyrenivorans,1707,1708,1
Mycolicibacterium_pyrenivorans,1748,1749,1
Mycolicibacterium_pyrenivorans,1751,1752,1
Mycolicibacterium_pyrenivorans,1756,1761,5
Mycolicibacterium_pyrenivorans,1771,1775,4
Mycolicibacterium_pyrenivorans,1776,1777,1
Mycolicibacterium_pyrenivorans,1784,1785,1
Mycolicibacterium_pyrenivorans,1802,1803,1
Mycolicibacterium_pyrenivorans,1954,1955,1
Mycolicibacterium_pyrenivorans,1993,1994,1
Mycolicibacterium_pyrenivorans,2132,2133,1
Mycolicibacterium_pyrenivorans,2136,2137,1
Mycolicibacterium_pyrenivorans,2138,2139,1
Mycolicibacterium_pyrenivorans,2143,2147,4
Mycolicibacterium_pyrenivorans,2151,2152,1
Mycolicibacterium_pyrenivorans,2162,2163,1
Mycolicibacterium_pyrenivorans,2285,2294,9
Mycolicibacterium_pyrenivorans,2296,2297,1
Mycolicibacterium_pyrenivorans,2299,2300,1
Mycolicibacterium_pyrenivorans,2303,2306,3
Mycolicibacterium_pyrenivorans,2309,2315,6
Mycolicibacterium_pyrenivorans,2316,2325,9
Mycolicibacterium_pyrenivorans,2379,2380,1
Mycolicibacterium_pyrenivorans,2664,2665,1
Mycolicibacterium_pyrenivorans,2723,2850,127
Mycolicibacterium_pyrenivorans,3376,3377,1
Mycolicibacterium_pyrenivorans,3378,3379,1
Mycolicibacterium_pyrenivorans,3433,3434,1
Mycolicibacterium_rufum,1,3,2
Mycolicibacterium_rufum,82,83,1
Mycolicibacterium_rufum,186,187,1
Mycolicibacterium_rufum,235,237,2
Mycolicibacterium_rufum,238,240,2
Mycolicibacterium_rufum,250,251,1
Mycolicibacterium_rufum,295,296,1
Mycolicibacterium_rufum,341,342,1
Mycolicibacterium_rufum,359,360,1
Mycolicibacterium_rufum,373,374,1
Mycolicibacterium_rufum,386,387,1
Mycolicibacterium_rufum,401,402,1
Mycolicibacterium_rufum,416,417,1
Mycolicibacterium_rufum,451,452,1
Mycolicibacterium_rufum,473,574,101
Mycolicibacterium_rufum,753,756,3
Mycolicibacterium_rufum,760,761,1
Mycolicibacterium_rufum,762,768,6
Mycolicibacterium_rufum,789,790,1
Mycolicibacterium_rufum,839,840,1
Mycolicibacterium_rufum,890,891,1
Mycolicibacterium_rufum,896,900,4
Mycolicibacterium_rufum,1010,1011,1
Mycolicibacterium_rufum,1068,1069,1
Mycolicibacterium_rufum,1168,1169,1
Mycolicibacterium_rufum,1185,1186,1
Mycolicibacterium_rufum,1190,1192,2
Mycolicibacterium_rufum,1211,1212,1
Mycolicibacterium_rufum,1237,1238,1
Mycolicibacterium_rufum,1398,1399,1
Mycolicibacterium_rufum,1430,1437,7
Mycolicibacterium_rufum,1438,1439,1
Mycolicibacterium_rufum,1445,1446,1
Mycolicibacterium_rufum,1448,1463,15
Mycolicibacterium_rufum,1491,1492,1
Mycolicibacterium_rufum,1707,1708,1
Mycolicibacterium_rufum,1748,1749,1
Mycolicibacterium_rufum,1751,1752,1
Mycolicibacterium_rufum,1756,1761,5
Mycolicibacterium_rufum,1771,1775,4
Mycolicibacterium_rufum,1776,1777,1
Mycolicibacterium_rufum,1784,1785,1
Mycolicibacterium_rufum,1789,1791,2
Mycolicibacterium_rufum,1802,1803,1
Mycolicibacterium_rufum,1918,1919,1
Mycolicibacterium_rufum,1954,1955,1
Mycolicibacterium_rufum,1993,1994,1
Mycolicibacterium_rufum,2132,2133,1
Mycolicibacterium_rufum,2136,2137,1
Mycolicibacterium_rufum,2138,2139,1
Mycolicibacterium_rufum,2143,2147,4
Mycolicibacterium_rufum,2151,2152,1
Mycolicibacterium_rufum,2154,2155,1
Mycolicibacterium_rufum,2162,2163,1
Mycolicibacterium_rufum,2285,2294,9
Mycolicibacterium_rufum,2296,2297,1
Mycolicibacterium_rufum,2299,2300,1
Mycolicibacterium_rufum,2303,2307,4
Mycolicibacterium_rufum,2309,2315,6
Mycolicibacterium_rufum,2316,2325,9
Mycolicibacterium_rufum,2379,2380,1
Mycolicibacterium_rufum,2664,2665,1
Mycolicibacterium_rufum,2723,2850,127
Mycolicibacterium_rufum,3378,3379,1
Mycolicibacterium_rufum,3433,3434,1
Mycolicibacterium_brumae,1,3,2
Mycolicibacterium_brumae,82,83,1
Mycolicibacterium_brumae,235,237,2
Mycolicibacterium_brumae,238,240,2
Mycolicibacterium_brumae,250,251,1
Mycolicibacterium_brumae,295,296,1
Mycolicibacterium_brumae,341,342,1
Mycolicibacterium_brumae,359,360,1
Mycolicibacterium_brumae,373,374,1
Mycolicibacterium_brumae,386,387,1
Mycolicibacterium_brumae,401,402,1
Mycolicibacterium_brumae,416,417,1
Mycolicibacterium_brumae,451,452,1
Mycolicibacterium_brumae,470,574,104
Mycolicibacterium_brumae,753,755,2
Mycolicibacterium_brumae,760,761,1
Mycolicibacterium_brumae,762,768,6
Mycolicibacterium_brumae,789,790,1
Mycolicibacterium_brumae,839,840,1
Mycolicibacterium_brumae,886,893,7
Mycolicibacterium_brumae,896,900,4
Mycolicibacterium_brumae,1010,1011,1
Mycolicibacterium_brumae,1068,1069,1
Mycolicibacterium_brumae,1168,1169,1
Mycolicibacterium_brumae,1185,1186,1
Mycolicibacterium_brumae,1190,1192,2
Mycolicibacterium_brumae,1211,1212,1
Mycolicibacterium_brumae,1237,1238,1
Mycolicibacterium_brumae,1398,1399,1
Mycolicibacterium_brumae,1431,1436,5
Mycolicibacterium_brumae,1438,1439,1
Mycolicibacterium_brumae,1445,1464,19
Mycolicibacterium_brumae,1491,1492,1
Mycolicibacterium_brumae,1707,1708,1
Mycolicibacterium_brumae,1748,1749,1
Mycolicibacterium_brumae,1751,1752,1
Mycolicibacterium_brumae,1756,1761,5
Mycolicibacterium_brumae,1772,1775,3
Mycolicibacterium_brumae,1776,1777,1
Mycolicibacterium_brumae,1784,1785,1
Mycolicibacterium_brumae,1789,1791,2
Mycolicibacterium_brumae,1802,1803,1
Mycolicibacterium_brumae,1918,1920,2
Mycolicibacterium_brumae,1954,1955,1
Mycolicibacterium_brumae,1993,1994,1
Mycolicibacterium_brumae,2132,2133,1
Mycolicibacterium_brumae,2136,2137,1
Mycolicibacterium_brumae,2138,2139,1
Mycolicibacterium_brumae,2143,2147,4
Mycolicibacterium_brumae,2151,2152,1
Mycolicibacterium_brumae,2162,2163,1
Mycolicibacterium_brumae,2285,2297,12
Mycolicibacterium_brumae,2309,2315,6
Mycolicibacterium_brumae,2316,2325,9
Mycolicibacterium_brumae,2379,2380,1
Mycolicibacterium_brumae,2664,2665,1
Mycolicibacterium_brumae,2723,2850,127
Mycolicibacterium_brumae,3376,3377,1
Mycolicibacterium_brumae,3378,3379,1
Mycolicibacterium_brumae,3433,3434,1
Mycolicibacterium_aichiense,1,3,2
Mycolicibacterium_aichiense,82,83,1
Mycolicibacterium_aichiense,186,187,1
Mycolicibacterium_aichiense,235,237,2
Mycolicibacterium_aichiense,238,240,2
Mycolicibacterium_aichiense,250,251,1
Mycolicibacterium_aichiense,295,296,1
Mycolicibacterium_aichiense,341,342,1
Mycolicibacterium_aichiense,359,360,1
Mycolicibacterium_aichiense,373,374,1
Mycolicibacterium_aichiense,386,387,1
Mycolicibacterium_aichiense,401,402,1
Mycolicibacterium_aichiense,416,417,1
Mycolicibacterium_aichiense,451,452,1
Mycolicibacterium_aichiense,471,574,103
Mycolicibacterium_aichiense,753,757,4
Mycolicibacterium_aichiense,760,761,1
Mycolicibacterium_aichiense,762,768,6
Mycolicibacterium_aichiense,789,790,1
Mycolicibacterium_aichiense,839,840,1
Mycolicibacterium_aichiense,890,891,1
Mycolicibacterium_aichiense,896,900,4
Mycolicibacterium_aichiense,1010,1011,1
Mycolicibacterium_aichiense,1068,1069,1
Mycolicibacterium_aichiense,1168,1170,2
Mycolicibacterium_aichiense,1185,1186,1
Mycolicibacterium_aichiense,1190,1192,2
Mycolicibacterium_aichiense,1211,1212,1
Mycolicibacterium_aichiense,1237,1238,1
Mycolicibacterium_aichiense,1340,1341,1
Mycolicibacterium_aichiense,1398,1399,1
Mycolicibacterium_aichiense,1430,1437,7
Mycolicibacterium_aichiense,1438,1439,1
Mycolicibacterium_aichiense,1445,1446,1
Mycolicibacterium_aichiense,1448,1462,14
Mycolicibacterium_aichiense,1465,1466,1
Mycolicibacterium_aichiense,1707,1708,1
Mycolicibacterium_aichiense,1748,1749,1
Mycolicibacterium_aichiense,1751,1752,1
Mycolicibacterium_aichiense,1756,1761,5
Mycolicibacterium_aichiense,1771,1775,4
Mycolicibacterium_aichiense,1776,1777,1
Mycolicibacterium_aichiense,1784,1785,1
Mycolicibacterium_aichiense,1789,1791,2
Mycolicibacterium_aichiense,1802,1803,1
Mycolicibacterium_aichiense,1918,1919,1
Mycolicibacterium_aichiense,1954,1955,1
Mycolicibacterium_aichiense,1993,1994,1
Mycolicibacterium_aichiense,2121,2122,1
Mycolicibacterium_aichiense,2132,2133,1
Mycolicibacterium_aichiense,2136,2137,1
Mycolicibacterium_aichiense,2138,2139,1
Mycolicibacterium_aichiense,2143,2147,4
Mycolicibacterium_aichiense,2151,2152,1
Mycolicibacterium_aichiense,2162,2163,1
Mycolicibacterium_aichiense,2285,2294,9
Mycolicibacterium_aichiense,2296,2297,1
Mycolicibacterium_aichiense,2299,2300,1
Mycolicibacterium_aichiense,2303,2308,5
Mycolicibacterium_aichiense,2309,2315,6
Mycolicibacterium_aichiense,2316,2325,9
Mycolicibacterium_aichiense,2379,2380,1
Mycolicibacterium_aichiense,2664,2665,1
Mycolicibacterium_aichiense,2723,2850,127
Mycolicibacterium_aichiense,3376,3377,1
Mycolicibacterium_aichiense,3378,3379,1
Mycolicibacterium_aichiense,3433,3434,1
Mycolicibacterium_elephantis,1,3,2
Mycolicibacterium_elephantis,82,83,1
Mycolicibacterium_elephantis,186,187,1
Mycolicibacterium_elephantis,235,237,2
Mycolicibacterium_elephantis,238,240,2
Mycolicibacterium_elephantis,250,251,1
Mycolicibacterium_elephantis,295,296,1
Mycolicibacterium_elephantis,359,360,1
Mycolicibacterium_elephantis,373,374,1
Mycolicibacterium_elephantis,386,387,1
Mycolicibacterium_elephantis,401,402,1
Mycolicibacterium_elephantis,416,417,1
Mycolicibacterium_elephantis,451,452,1
Mycolicibacterium_elephantis,473,574,101
Mycolicibacterium_elephantis,753,755,2
Mycolicibacterium_elephantis,759,771,12
Mycolicibacterium_elephantis,789,790,1
Mycolicibacterium_elephantis,839,840,1
Mycolicibacterium_elephantis,890,891,1
Mycolicibacterium_elephantis,896,900,4
Mycolicibacterium_elephantis,1010,1011,1
Mycolicibacterium_elephantis,1068,1069,1
Mycolicibacterium_elephantis,1168,1169,1
Mycolicibacterium_elephantis,1185,1186,1
Mycolicibacterium_elephantis,1191,1192,1
Mycolicibacterium_elephantis,1211,1212,1
Mycolicibacterium_elephantis,1237,1238,1
Mycolicibacterium_elephantis,1398,1399,1
Mycolicibacterium_elephantis,1430,1437,7
Mycolicibacterium_elephantis,1438,1439,1
Mycolicibacterium_elephantis,1445,1446,1
Mycolicibacterium_elephantis,1455,1459,4
Mycolicibacterium_elephantis,1491,1492,1
Mycolicibacterium_elephantis,1707,1708,1
Mycolicibacterium_elephantis,1748,1749,1
Mycolicibacterium_elephantis,1756,1761,5
Mycolicibacterium_elephantis,1776,1777,1
Mycolicibacterium_elephantis,1784,1790,6
Mycolicibacterium_elephantis,1802,1803,1
Mycolicibacterium_elephantis,1918,1920,2
Mycolicibacterium_elephantis,1954,1955,1
Mycolicibacterium_elephantis,1993,1994,1
Mycolicibacterium_elephantis,2132,2133,1
Mycolicibacterium_elephantis,2136,2137,1
Mycolicibacterium_elephantis,2138,2139,1
Mycolicibacterium_elephantis,2143,2147,4
Mycolicibacterium_elephantis,2151,2152,1
Mycolicibacterium_elephantis,2154,2155,1
Mycolicibacterium_elephantis,2162,2163,1
Mycolicibacterium_elephantis,2285,2294,9
Mycolicibacterium_elephantis,2296,2297,1
Mycolicibacterium_elephantis,2299,2300,1
Mycolicibacterium_elephantis,2304,2305,1
Mycolicibacterium_elephantis,2309,2315,6
Mycolicibacterium_elephantis,2316,2325,9
Mycolicibacterium_elephantis,2379,2380,1
Mycolicibacterium_elephantis,2664,2665,1
Mycolicibacterium_elephantis,2723,2850,127
Mycolicibacterium_elephantis,3376,3377,1
Mycolicibacterium_elephantis,3378,3379,1
Mycolicibacterium_elephantis,3433,3434,1
Mycolicibacterium_phocaicum,1,3,2
Mycolicibacterium_phocaicum,82,83,1
Mycolicibacterium_phocaicum,186,187,1
Mycolicibacterium_phocaicum,235,237,2
Mycolicibacterium_phocaicum,238,240,2
Mycolicibacterium_phocaicum,250,251,1
Mycolicibacterium_phocaicum,277,278,1
Mycolicibacterium_phocaicum,295,296,1
Mycolicibacterium_phocaicum,341,342,1
Mycolicibacterium_phocaicum,359,360,1
Mycolicibacterium_phocaicum,373,374,1
Mycolicibacterium_phocaicum,401,402,1
Mycolicibacterium_phocaicum,416,417,1
Mycolicibacterium_phocaicum,451,452,1
Mycolicibacterium_phocaicum,471,574,103
Mycolicibacterium_phocaicum,753,757,4
Mycolicibacterium_phocaicum,760,768,8
Mycolicibacterium_phocaicum,770,771,1
Mycolicibacterium_phocaicum,789,790,1
Mycolicibacterium_phocaicum,839,840,1
Mycolicibacterium_phocaicum,890,891,1
Mycolicibacterium_phocaicum,892,902,10
Mycolicibacterium_phocaicum,1010,1011,1
Mycolicibacterium_phocaicum,1068,1069,1
Mycolicibacterium_phocaicum,1168,1169,1
Mycolicibacterium_phocaicum,1185,1186,1
Mycolicibacterium_phocaicum,1191,1192,1
Mycolicibacterium_phocaicum,1211,1212,1
Mycolicibacterium_phocaicum,1237,1238,1
Mycolicibacterium_phocaicum,1398,1399,1
Mycolicibacterium_phocaicum,1430,1459,29
Mycolicibacterium_phocaicum,1491,1492,1
Mycolicibacterium_phocaicum,1707,1708,1
Mycolicibacterium_phocaicum,1748,1749,1
Mycolicibacterium_phocaicum,1750,1752,2
Mycolicibacterium_phocaicum,1756,1761,5
Mycolicibacterium_phocaicum,1771,1775,4
Mycolicibacterium_phocaicum,1776,1777,1
Mycolicibacterium_phocaicum,1784,1785,1
Mycolicibacterium_phocaicum,1789,1791,2
Mycolicibacterium_phocaicum,1802,1803,1
Mycolicibacterium_phocaicum,1918,1919,1
Mycolicibacterium_phocaicum,1954,1955,1
Mycolicibacterium_phocaicum,1993,1994,1
Mycolicibacterium_phocaicum,2132,2133,1
Mycolicibacterium_phocaicum,2136,2137,1
Mycolicibacterium_phocaicum,2138,2139,1
Mycolicibacterium_phocaicum,2143,2147,4
Mycolicibacterium_phocaicum,2151,2152,1
Mycolicibacterium_phocaicum,2154,2155,1
Mycolicibacterium_phocaicum,2162,2163,1
Mycolicibacterium_phocaicum,2285,2294,9
Mycolicibacterium_phocaicum,2296,2297,1
Mycolicibacterium_phocaicum,2299,2300,1
Mycolicibacterium_phocaicum,2303,2306,3
Mycolicibacterium_phocaicum,2309,2315,6
Mycolicibacterium_phocaicum,2316,2325,9
Mycolicibacterium_phocaicum,2379,2380,1
Mycolicibacterium_phocaicum,2664,2665,1
Mycolicibacterium_phocaicum,2723,2850,127
Mycolicibacterium_phocaicum,3376,3377,1
Mycolicibacterium_phocaicum,3378,3379,1
Mycolicibacterium_phocaicum,3433,3434,1
Mycolicibacterium_aurum,1,3,2
Mycolicibacterium_aurum,82,83,1
Mycolicibacterium_aurum,186,187,1
Mycolicibacterium_aurum,235,237,2
Mycolicibacterium_aurum,238,240,2
Mycolicibacterium_aurum,250,251,1
Mycolicibacterium_aurum,295,296,1
Mycolicibacterium_aurum,341,342,1
Mycolicibacterium_aurum,359,360,1
Mycolicibacterium_aurum,373,374,1
Mycolicibacterium_aurum,386,387,1
Mycolicibacterium_aurum,401,402,1
Mycolicibacterium_aurum,416,417,1
Mycolicibacterium_aurum,451,452,1
Mycolicibacterium_aurum,470,574,104
Mycolicibacterium_aurum,753,757,4
Mycolicibacterium_aurum,760,761,1
Mycolicibacterium_aurum,762,768,6
Mycolicibacterium_aurum,789,790,1
Mycolicibacterium_aurum,839,840,1
Mycolicibacterium_aurum,890,891,1
Mycolicibacterium_aurum,896,900,4
Mycolicibacterium_aurum,1010,1011,1
Mycolicibacterium_aurum,1068,1069,1
Mycolicibacterium_aurum,1168,1169,1
Mycolicibacterium_aurum,1185,1186,1
Mycolicibacterium_aurum,1190,1192,2
Mycolicibacterium_aurum,1211,1212,1
Mycolicibacterium_aurum,1237,1238,1
Mycolicibacterium_aurum,1398,1399,1
Mycolicibacterium_aurum,1430,1437,7
Mycolicibacterium_aurum,1438,1439,1
Mycolicibacterium_aurum,1445,1446,1
Mycolicibacterium_aurum,1448,1463,15
Mycolicibacterium_aurum,1491,1492,1
Mycolicibacterium_aurum,1707,1708,1
Mycolicibacterium_aurum,1748,1749,1
Mycolicibacterium_aurum,1751,1752,1
Mycolicibacterium_aurum,1756,1761,5
Mycolicibacterium_aurum,1771,1775,4
Mycolicibacterium_aurum,1776,1777,1
Mycolicibacterium_aurum,1784,1785,1
Mycolicibacterium_aurum,1789,1791,2
Mycolicibacterium_aurum,1802,1803,1
Mycolicibacterium_aurum,1918,1920,2
Mycolicibacterium_aurum,1954,1955,1
Mycolicibacterium_aurum,1993,1994,1
Mycolicibacterium_aurum,2132,2133,1
Mycolicibacterium_aurum,2136,2137,1
Mycolicibacterium_aurum,2138,2139,1
Mycolicibacterium_aurum,2143,2147,4
Mycolicibacterium_aurum,2151,2152,1
Mycolicibacterium_aurum,2162,2163,1
Mycolicibacterium_aurum,2285,2294,9
Mycolicibacterium_aurum,2296,2297,1
Mycolicibacterium_aurum,2299,2300,1
Mycolicibacterium_aurum,2302,2307,5
Mycolicibacterium_aurum,2309,2315,6
Mycolicibacterium_aurum,2316,2325,9
Mycolicibacterium_aurum,2379,2380,1
Mycolicibacterium_aurum,2664,2665,1
Mycolicibacterium_aurum,2723,2850,127
Mycolicibacterium_aurum,3376,3377,1
Mycolicibacterium_aurum,3378,3379,1
Mycolicibacterium_aurum,3433,3434,1
Mycolicibacterium_holsaticum,1,3,2
Mycolicibacterium_holsaticum,82,83,1
Mycolicibacterium_holsaticum,186,187,1
Mycolicibacterium_holsaticum,236,237,1
Mycolicibacterium_holsaticum,238,240,2
Mycolicibacterium_holsaticum,250,251,1
Mycolicibacterium_holsaticum,295,296,1
Mycolicibacterium_holsaticum,341,342,1
Mycolicibacterium_holsaticum,359,360,1
Mycolicibacterium_holsaticum,373,374,1
Mycolicibacterium_holsaticum,386,387,1
Mycolicibacterium_holsaticum,401,402,1
Mycolicibacterium_holsaticum,416,417,1
Mycolicibacterium_holsaticum,451,452,1
Mycolicibacterium_holsaticum,471,574,103
Mycolicibacterium_holsaticum,753,755,2
Mycolicibacterium_holsaticum,760,761,1
Mycolicibacterium_holsaticum,762,768,6
Mycolicibacterium_holsaticum,789,790,1
Mycolicibacterium_holsaticum,839,840,1
Mycolicibacterium_holsaticum,890,891,1
Mycolicibacterium_holsaticum,896,900,4
Mycolicibacterium_holsaticum,1010,1011,1
Mycolicibacterium_holsaticum,1068,1069,1
Mycolicibacterium_holsaticum,1168,1169,1
Mycolicibacterium_holsaticum,1185,1186,1
Mycolicibacterium_holsaticum,1190,1192,2
Mycolicibacterium_holsaticum,1211,1212,1
Mycolicibacterium_holsaticum,1237,1238,1
Mycolicibacterium_holsaticum,1398,1399,1
Mycolicibacterium_holsaticum,1430,1437,7
Mycolicibacterium_holsaticum,1438,1440,2
Mycolicibacterium_holsaticum,1445,1446,1
Mycolicibacterium_holsaticum,1455,1463,8
Mycolicibacterium_holsaticum,1491,1492,1
Mycolicibacterium_holsaticum,1707,1708,1
Mycolicibacterium_holsaticum,1748,1749,1
Mycolicibacterium_holsaticum,1751,1752,1
Mycolicibacterium_holsaticum,1756,1761,5
Mycolicibacterium_holsaticum,1771,1775,4
Mycolicibacterium_holsaticum,1776,1777,1
Mycolicibacterium_holsaticum,1784,1785,1
Mycolicibacterium_holsaticum,1789,1791,2
Mycolicibacterium_holsaticum,1802,1803,1
Mycolicibacterium_holsaticum,1918,1919,1
Mycolicibacterium_holsaticum,1954,1955,1
Mycolicibacterium_holsaticum,1993,1994,1
Mycolicibacterium_holsaticum,2132,2133,1
Mycolicibacterium_holsaticum,2136,2137,1
Mycolicibacterium_holsaticum,2138,2139,1
Mycolicibacterium_holsaticum,2143,2147,4
Mycolicibacterium_holsaticum,2151,2152,1
Mycolicibacterium_holsaticum,2162,2163,1
Mycolicibacterium_holsaticum,2285,2294,9
Mycolicibacterium_holsaticum,2296,2297,1
Mycolicibacterium_holsaticum,2299,2300,1
Mycolicibacterium_holsaticum,2304,2306,2
Mycolicibacterium_holsaticum,2309,2315,6
Mycolicibacterium_holsaticum,2316,2325,9
Mycolicibacterium_holsaticum,2379,2380,1
Mycolicibacterium_holsaticum,2664,2665,1
Mycolicibacterium_holsaticum,2723,2850,127
Mycolicibacterium_holsaticum,3350,3351,1
Mycolicibacterium_holsaticum,3376,3377,1
Mycolicibacterium_holsaticum,3378,3379,1
Mycolicibacterium_holsaticum,3433,3434,1
Mycolicibacterium_llatzerense,82,83,1
Mycolicibacterium_llatzerense,186,187,1
Mycolicibacterium_llatzerense,235,237,2
Mycolicibacterium_llatzerense,238,240,2
Mycolicibacterium_llatzerense,250,251,1
Mycolicibacterium_llatzerense,277,278,1
Mycolicibacterium_llatzerense,295,296,1
Mycolicibacterium_llatzerense,341,342,1
Mycolicibacterium_llatzerense,359,360,1
Mycolicibacterium_llatzerense,373,374,1
Mycolicibacterium_llatzerense,401,402,1
Mycolicibacterium_llatzerense,416,417,1
Mycolicibacterium_llatzerense,451,452,1
Mycolicibacterium_llatzerense,471,574,103
Mycolicibacterium_llatzerense,753,757,4
Mycolicibacterium_llatzerense,760,768,8
Mycolicibacterium_llatzerense,789,790,1
Mycolicibacterium_llatzerense,839,840,1
Mycolicibacterium_llatzerense,884,885,1
Mycolicibacterium_llatzerense,890,891,1
Mycolicibacterium_llatzerense,892,903,11
Mycolicibacterium_llatzerense,1010,1011,1
Mycolicibacterium_llatzerense,1068,1069,1
Mycolicibacterium_llatzerense,1168,1169,1
Mycolicibacterium_llatzerense,1185,1186,1
Mycolicibacterium_llatzerense,1191,1192,1
Mycolicibacterium_llatzerense,1211,1212,1
Mycolicibacterium_llatzerense,1237,1238,1
Mycolicibacterium_llatzerense,1398,1399,1
Mycolicibacterium_llatzerense,1430,1459,29
Mycolicibacterium_llatzerense,1491,1492,1
Mycolicibacterium_llatzerense,1707,1708,1
Mycolicibacterium_llatzerense,1748,1749,1
Mycolicibacterium_llatzerense,1750,1752,2
Mycolicibacterium_llatzerense,1756,1761,5
Mycolicibacterium_llatzerense,1771,1775,4
Mycolicibacterium_llatzerense,1776,1777,1
Mycolicibacterium_llatzerense,1784,1785,1
Mycolicibacterium_llatzerense,1789,1791,2
Mycolicibacterium_llatzerense,1802,1803,1
Mycolicibacterium_llatzerense,1918,1920,2
Mycolicibacterium_llatzerense,1954,1955,1
Mycolicibacterium_llatzerense,1993,1994,1
Mycolicibacterium_llatzerense,2121,2122,1
Mycolicibacterium_llatzerense,2132,2133,1
Mycolicibacterium_llatzerense,2136,2137,1
Mycolicibacterium_llatzerense,2138,2139,1
Mycolicibacterium_llatzerense,2143,2147,4
Mycolicibacterium_llatzerense,2151,2152,1
Mycolicibacterium_llatzerense,2162,2163,1
Mycolicibacterium_llatzerense,2285,2294,9
Mycolicibacterium_llatzerense,2296,2297,1
Mycolicibacterium_llatzerense,2299,2300,1
Mycolicibacterium_llatzerense,2303,2306,3
Mycolicibacterium_llatzerense,2309,2315,6
Mycolicibacterium_llatzerense,2316,2325,9
Mycolicibacterium_llatzerense,2379,2380,1
Mycolicibacterium_llatzerense,2664,2665,1
Mycolicibacterium_llatzerense,2723,2850,127
Mycolicibacterium_llatzerense,3376,3377,1
Mycolicibacterium_llatzerense,3378,3379,1
Mycolicibacterium_llatzerense,3433,3434,1
Mycolicibacterium_sediminis,1,3,2
Mycolicibacterium_sediminis,82,83,1
Mycolicibacterium_sediminis,186,187,1
Mycolicibacterium_sediminis,235,237,2
Mycolicibacterium_sediminis,238,240,2
Mycolicibacterium_sediminis,250,251,1
Mycolicibacterium_sediminis,295,296,1
Mycolicibacterium_sediminis,341,342,1
Mycolicibacterium_sediminis,359,360,1
Mycolicibacterium_sediminis,373,374,1
Mycolicibacterium_sediminis,401,402,1
Mycolicibacterium_sediminis,416,417,1
Mycolicibacterium_sediminis,451,452,1
Mycolicibacterium_sediminis,472,574,102
Mycolicibacterium_sediminis,753,755,2
Mycolicibacterium_sediminis,760,768,8
Mycolicibacterium_sediminis,789,790,1
Mycolicibacterium_sediminis,839,840,1
Mycolicibacterium_sediminis,890,891,1
Mycolicibacterium_sediminis,896,900,4
Mycolicibacterium_sediminis,1010,1011,1
Mycolicibacterium_sediminis,1068,1069,1
Mycolicibacterium_sediminis,1168,1169,1
Mycolicibacterium_sediminis,1185,1186,1
Mycolicibacterium_sediminis,1191,1192,1
Mycolicibacterium_sediminis,1211,1212,1
Mycolicibacterium_sediminis,1237,1238,1
Mycolicibacterium_sediminis,1398,1399,1
Mycolicibacterium_sediminis,1430,1437,7
Mycolicibacterium_sediminis,1438,1439,1
Mycolicibacterium_sediminis,1442,1463,21
Mycolicibacterium_sediminis,1707,1708,1
Mycolicibacterium_sediminis,1748,1749,1
Mycolicibacterium_sediminis,1751,1752,1
Mycolicibacterium_sediminis,1756,1761,5
Mycolicibacterium_sediminis,1771,1775,4
Mycolicibacterium_sediminis,1776,1777,1
Mycolicibacterium_sediminis,1784,1785,1
Mycolicibacterium_sediminis,1802,1803,1
Mycolicibacterium_sediminis,1954,1955,1
Mycolicibacterium_sediminis,1993,1994,1
Mycolicibacterium_sediminis,2121,2122,1
Mycolicibacterium_sediminis,2132,2133,1
Mycolicibacterium_sediminis,2136,2137,1
Mycolicibacterium_sediminis,2138,2139,1
Mycolicibacterium_sediminis,2143,2147,4
Mycolicibacterium_sediminis,2151,2152,1
Mycolicibacterium_sediminis,2162,2163,1
Mycolicibacterium_sediminis,2286,2293,7
Mycolicibacterium_sediminis,2296,2297,1
Mycolicibacterium_sediminis,2299,2300,1
Mycolicibacterium_sediminis,2303,2306,3
Mycolicibacterium_sediminis,2309,2315,6
Mycolicibacterium_sediminis,2316,2325,9
Mycolicibacterium_sediminis,2379,2380,1
Mycolicibacterium_sediminis,2664,2665,1
Mycolicibacterium_sediminis,2723,2850,127
Mycolicibacterium_sediminis,3376,3377,1
Mycolicibacterium_sediminis,3378,3379,1
Mycolicibacterium_sediminis,3433,3434,1
Mycolicibacterium_baixiangningiae,1,3,2
Mycolicibacterium_baixiangningiae,82,83,1
Mycolicibacterium_baixiangningiae,186,187,1
Mycolicibacterium_baixiangningiae,235,237,2
Mycolicibacterium_baixiangningiae,238,240,2
Mycolicibacterium_baixiangningiae,250,251,1
Mycolicibacterium_baixiangningiae,295,296,1
Mycolicibacterium_baixiangningiae,359,360,1
Mycolicibacterium_baixiangningiae,373,374,1
Mycolicibacterium_baixiangningiae,386,387,1
Mycolicibacterium_baixiangningiae,401,402,1
Mycolicibacterium_baixiangningiae,416,417,1
Mycolicibacterium_baixiangningiae,451,452,1
Mycolicibacterium_baixiangningiae,470,574,104
Mycolicibacterium_baixiangningiae,753,755,2
Mycolicibacterium_baixiangningiae,760,767,7
Mycolicibacterium_baixiangningiae,789,790,1
Mycolicibacterium_baixiangningiae,839,840,1
Mycolicibacterium_baixiangningiae,890,891,1
Mycolicibacterium_baixiangningiae,896,900,4
Mycolicibacterium_baixiangningiae,1010,1011,1
Mycolicibacterium_baixiangningiae,1068,1069,1
Mycolicibacterium_baixiangningiae,1168,1169,1
Mycolicibacterium_baixiangningiae,1185,1186,1
Mycolicibacterium_baixiangningiae,1190,1192,2
Mycolicibacterium_baixiangningiae,1211,1212,1
Mycolicibacterium_baixiangningiae,1237,1238,1
Mycolicibacterium_baixiangningiae,1398,1399,1
Mycolicibacterium_baixiangningiae,1430,1437,7
Mycolicibacterium_baixiangningiae,1438,1439,1
Mycolicibacterium_baixiangningiae,1443,1444,1
Mycolicibacterium_baixiangningiae,1445,1446,1
Mycolicibacterium_baixiangningiae,1449,1460,11
Mycolicibacterium_baixiangningiae,1491,1492,1
Mycolicibacterium_baixiangningiae,1707,1708,1
Mycolicibacterium_baixiangningiae,1748,1749,1
Mycolicibacterium_baixiangningiae,1751,1752,1
Mycolicibacterium_baixiangningiae,1756,1761,5
Mycolicibacterium_baixiangningiae,1771,1775,4
Mycolicibacterium_baixiangningiae,1776,1777,1
Mycolicibacterium_baixiangningiae,1784,1785,1
Mycolicibacterium_baixiangningiae,1789,1791,2
Mycolicibacterium_baixiangningiae,1802,1803,1
Mycolicibacterium_baixiangningiae,1918,1919,1
Mycolicibacterium_baixiangningiae,1954,1955,1
Mycolicibacterium_baixiangningiae,1993,1994,1
Mycolicibacterium_baixiangningiae,2132,2133,1
Mycolicibacterium_baixiangningiae,2136,2137,1
Mycolicibacterium_baixiangningiae,2138,2139,1
Mycolicibacterium_baixiangningiae,2143,2147,4
Mycolicibacterium_baixiangningiae,2151,2153,2
Mycolicibacterium_baixiangningiae,2162,2163,1
Mycolicibacterium_baixiangningiae,2285,2294,9
Mycolicibacterium_baixiangningiae,2296,2297,1
Mycolicibacterium_baixiangningiae,2299,2300,1
Mycolicibacterium_baixiangningiae,2302,2307,5
Mycolicibacterium_baixiangningiae,2309,2315,6
Mycolicibacterium_baixiangningiae,2316,2325,9
Mycolicibacterium_baixiangningiae,2379,2380,1
Mycolicibacterium_baixiangningiae,2664,2665,1
Mycolicibacterium_baixiangningiae,2723,2850,127
Mycolicibacterium_baixiangningiae,3376,3377,1
Mycolicibacterium_baixiangningiae,3378,3379,1
Mycolicibacterium_baixiangningiae,3433,3434,1
Mycolicibacterium_agri,1,3,2
Mycolicibacterium_agri,82,83,1
Mycolicibacterium_agri,186,187,1
Mycolicibacterium_agri,235,237,2
Mycolicibacterium_agri,238,240,2
Mycolicibacterium_agri,250,251,1
Mycolicibacterium_agri,295,296,1
Mycolicibacterium_agri,359,360,1
Mycolicibacterium_agri,373,374,1
Mycolicibacterium_agri,386,387,1
Mycolicibacterium_agri,401,402,1
Mycolicibacterium_agri,416,417,1
Mycolicibacterium_agri,451,452,1
Mycolicibacterium_agri,472,574,102
Mycolicibacterium_agri,753,757,4
Mycolicibacterium_agri,760,761,1
Mycolicibacterium_agri,762,768,6
Mycolicibacterium_agri,789,790,1
Mycolicibacterium_agri,839,840,1
Mycolicibacterium_agri,890,891,1
Mycolicibacterium_agri,896,900,4
Mycolicibacterium_agri,1010,1011,1
Mycolicibacterium_agri,1068,1069,1
Mycolicibacterium_agri,1168,1169,1
Mycolicibacterium_agri,1185,1186,1
Mycolicibacterium_agri,1190,1192,2
Mycolicibacterium_agri,1211,1212,1
Mycolicibacterium_agri,1237,1238,1
Mycolicibacterium_agri,1398,1399,1
Mycolicibacterium_agri,1431,1436,5
Mycolicibacterium_agri,1438,1439,1
Mycolicibacterium_agri,1445,1446,1
Mycolicibacterium_agri,1450,1462,12
Mycolicibacterium_agri,1491,1492,1
Mycolicibacterium_agri,1707,1708,1
Mycolicibacterium_agri,1748,1749,1
Mycolicibacterium_agri,1751,1752,1
Mycolicibacterium_agri,1756,1761,5
Mycolicibacterium_agri,1771,1775,4
Mycolicibacterium_agri,1776,1777,1
Mycolicibacterium_agri,1784,1785,1
Mycolicibacterium_agri,1789,1791,2
Mycolicibacterium_agri,1802,1803,1
Mycolicibacterium_agri,1918,1919,1
Mycolicibacterium_agri,1954,1955,1
Mycolicibacterium_agri,1993,1994,1
Mycolicibacterium_agri,2132,2133,1
Mycolicibacterium_agri,2136,2137,1
Mycolicibacterium_agri,2138,2139,1
Mycolicibacterium_agri,2143,2147,4
Mycolicibacterium_agri,2151,2152,1
Mycolicibacterium_agri,2162,2163,1
Mycolicibacterium_agri,2285,2294,9
Mycolicibacterium_agri,2296,2297,1
Mycolicibacterium_agri,2299,2300,1
Mycolicibacterium_agri,2304,2305,1
Mycolicibacterium_agri,2309,2315,6
Mycolicibacterium_agri,2316,2325,9
Mycolicibacterium_agri,2379,2380,1
Mycolicibacterium_agri,2664,2665,1
Mycolicibacterium_agri,2723,2850,127
Mycolicibacterium_agri,3376,3377,1
Mycolicibacterium_agri,3378,3379,1
Mycolicibacterium_agri,3433,3434,1
Mycolicibacterium_aromaticivorans,1,3,2
Mycolicibacterium_aromaticivorans,82,83,1
Mycolicibacterium_aromaticivorans,186,187,1
Mycolicibacterium_aromaticivorans,235,237,2
Mycolicibacterium_aromaticivorans,238,240,2
Mycolicibacterium_aromaticivorans,250,251,1
Mycolicibacterium_aromaticivorans,295,296,1
Mycolicibacterium_aromaticivorans,341,342,1
Mycolicibacterium_aromaticivorans,359,360,1
Mycolicibacterium_aromaticivorans,373,374,1
Mycolicibacterium_aromaticivorans,386,387,1
Mycolicibacterium_aromaticivorans,401,402,1
Mycolicibacterium_aromaticivorans,416,417,1
Mycolicibacterium_aromaticivorans,451,452,1
Mycolicibacterium_aromaticivorans,471,574,103
Mycolicibacterium_aromaticivorans,753,755,2
Mycolicibacterium_aromaticivorans,760,768,8
Mycolicibacterium_aromaticivorans,789,790,1
Mycolicibacterium_aromaticivorans,839,840,1
Mycolicibacterium_aromaticivorans,890,891,1
Mycolicibacterium_aromaticivorans,896,900,4
Mycolicibacterium_aromaticivorans,1010,1011,1
Mycolicibacterium_aromaticivorans,1068,1069,1
Mycolicibacterium_aromaticivorans,1168,1169,1
Mycolicibacterium_aromaticivorans,1185,1186,1
Mycolicibacterium_aromaticivorans,1190,1192,2
Mycolicibacterium_aromaticivorans,1211,1212,1
Mycolicibacterium_aromaticivorans,1237,1238,1
Mycolicibacterium_aromaticivorans,1398,1399,1
Mycolicibacterium_aromaticivorans,1430,1437,7
Mycolicibacterium_aromaticivorans,1438,1439,1
Mycolicibacterium_aromaticivorans,1445,1446,1
Mycolicibacterium_aromaticivorans,1448,1462,14
Mycolicibacterium_aromaticivorans,1463,1464,1
Mycolicibacterium_aromaticivorans,1465,1466,1
Mycolicibacterium_aromaticivorans,1707,1708,1
Mycolicibacterium_aromaticivorans,1748,1749,1
Mycolicibacterium_aromaticivorans,1751,1752,1
Mycolicibacterium_aromaticivorans,1756,1761,5
Mycolicibacterium_aromaticivorans,1771,1775,4
Mycolicibacterium_aromaticivorans,1776,1777,1
Mycolicibacterium_aromaticivorans,1784,1785,1
Mycolicibacterium_aromaticivorans,1789,1791,2
Mycolicibacterium_aromaticivorans,1802,1803,1
Mycolicibacterium_aromaticivorans,1918,1919,1
Mycolicibacterium_aromaticivorans,1954,1955,1
Mycolicibacterium_aromaticivorans,1993,1994,1
Mycolicibacterium_aromaticivorans,2121,2122,1
Mycolicibacterium_aromaticivorans,2132,2133,1
Mycolicibacterium_aromaticivorans,2136,2137,1
Mycolicibacterium_aromaticivorans,2138,2139,1
Mycolicibacterium_aromaticivorans,2143,2147,4
Mycolicibacterium_aromaticivorans,2151,2152,1
Mycolicibacterium_aromaticivorans,2162,2163,1
Mycolicibacterium_aromaticivorans,2285,2294,9
Mycolicibacterium_aromaticivorans,2296,2297,1
Mycolicibacterium_aromaticivorans,2299,2300,1
Mycolicibacterium_aromaticivorans,2303,2307,4
Mycolicibacterium_aromaticivorans,2309,2315,6
Mycolicibacterium_aromaticivorans,2316,2325,9
Mycolicibacterium_aromaticivorans,2379,2380,1
Mycolicibacterium_aromaticivorans,2664,2665,1
Mycolicibacterium_aromaticivorans,2723,2850,127
Mycolicibacterium_aromaticivorans,3376,3377,1
Mycolicibacterium_aromaticivorans,3378,3379,1
Mycolicibacterium_aromaticivorans,3433,3434,1
Mycolicibacterium_celeriflavum,1,3,2
Mycolicibacterium_celeriflavum,82,83,1
Mycolicibacterium_celeriflavum,186,187,1
Mycolicibacterium_celeriflavum,236,237,1
Mycolicibacterium_celeriflavum,238,240,2
Mycolicibacterium_celeriflavum,250,251,1
Mycolicibacterium_celeriflavum,295,296,1
Mycolicibacterium_celeriflavum,359,360,1
Mycolicibacterium_celeriflavum,373,374,1
Mycolicibacterium_celeriflavum,386,387,1
Mycolicibacterium_celeriflavum,401,402,1
Mycolicibacterium_celeriflavum,416,417,1
Mycolicibacterium_celeriflavum,451,452,1
Mycolicibacterium_celeriflavum,473,574,101
Mycolicibacterium_celeriflavum,753,755,2
Mycolicibacterium_celeriflavum,762,768,6
Mycolicibacterium_celeriflavum,789,790,1
Mycolicibacterium_celeriflavum,839,840,1
Mycolicibacterium_celeriflavum,890,891,1
Mycolicibacterium_celeriflavum,896,900,4
Mycolicibacterium_celeriflavum,1010,1011,1
Mycolicibacterium_celeriflavum,1068,1069,1
Mycolicibacterium_celeriflavum,1168,1169,1
Mycolicibacterium_celeriflavum,1185,1186,1
Mycolicibacterium_celeriflavum,1190,1192,2
Mycolicibacterium_celeriflavum,1211,1212,1
Mycolicibacterium_celeriflavum,1237,1238,1
Mycolicibacterium_celeriflavum,1398,1399,1
Mycolicibacterium_celeriflavum,1430,1435,5
Mycolicibacterium_celeriflavum,1438,1439,1
Mycolicibacterium_celeriflavum,1445,1446,1
Mycolicibacterium_celeriflavum,1448,1462,14
Mycolicibacterium_celeriflavum,1491,1492,1
Mycolicibacterium_celeriflavum,1707,1708,1
Mycolicibacterium_celeriflavum,1748,1749,1
Mycolicibacterium_celeriflavum,1751,1752,1
Mycolicibacterium_celeriflavum,1756,1761,5
Mycolicibacterium_celeriflavum,1771,1775,4
Mycolicibacterium_celeriflavum,1776,1777,1
Mycolicibacterium_celeriflavum,1784,1785,1
Mycolicibacterium_celeriflavum,1789,1791,2
Mycolicibacterium_celeriflavum,1802,1803,1
Mycolicibacterium_celeriflavum,1918,1920,2
Mycolicibacterium_celeriflavum,1954,1955,1
Mycolicibacterium_celeriflavum,1993,1994,1
Mycolicibacterium_celeriflavum,2132,2133,1
Mycolicibacterium_celeriflavum,2136,2137,1
Mycolicibacterium_celeriflavum,2138,2139,1
Mycolicibacterium_celeriflavum,2143,2147,4
Mycolicibacterium_celeriflavum,2151,2152,1
Mycolicibacterium_celeriflavum,2162,2163,1
Mycolicibacterium_celeriflavum,2285,2294,9
Mycolicibacterium_celeriflavum,2296,2297,1
Mycolicibacterium_celeriflavum,2299,2300,1
Mycolicibacterium_celeriflavum,2303,2306,3
Mycolicibacterium_celeriflavum,2309,2315,6
Mycolicibacterium_celeriflavum,2316,2325,9
Mycolicibacterium_celeriflavum,2379,2380,1
Mycolicibacterium_celeriflavum,2664,2665,1
Mycolicibacterium_celeriflavum,2723,2850,127
Mycolicibacterium_celeriflavum,3045,3046,1
Mycolicibacterium_celeriflavum,3376,3377,1
Mycolicibacterium_celeriflavum,3378,3379,1
Mycolicibacterium_celeriflavum,3433,3434,1
Mycolicibacterium_aubagnense,1,3,2
Mycolicibacterium_aubagnense,82,83,1
Mycolicibacterium_aubagnense,186,187,1
Mycolicibacterium_aubagnense,235,237,2
Mycolicibacterium_aubagnense,238,240,2
Mycolicibacterium_aubagnense,250,251,1
Mycolicibacterium_aubagnense,277,278,1
Mycolicibacterium_aubagnense,295,296,1
Mycolicibacterium_aubagnense,341,342,1
Mycolicibacterium_aubagnense,359,360,1
Mycolicibacterium_aubagnense,373,374,1
Mycolicibacterium_aubagnense,401,402,1
Mycolicibacterium_aubagnense,416,417,1
Mycolicibacterium_aubagnense,451,452,1
Mycolicibacterium_aubagnense,471,574,103
Mycolicibacterium_aubagnense,753,757,4
Mycolicibacterium_aubagnense,760,768,8
Mycolicibacterium_aubagnense,789,790,1
Mycolicibacterium_aubagnense,839,840,1
Mycolicibacterium_aubagnense,890,902,12
Mycolicibacterium_aubagnense,1010,1011,1
Mycolicibacterium_aubagnense,1068,1069,1
Mycolicibacterium_aubagnense,1168,1169,1
Mycolicibacterium_aubagnense,1185,1186,1
Mycolicibacterium_aubagnense,1191,1192,1
Mycolicibacterium_aubagnense,1211,1212,1
Mycolicibacterium_aubagnense,1237,1238,1
Mycolicibacterium_aubagnense,1398,1399,1
Mycolicibacterium_aubagnense,1430,1459,29
Mycolicibacterium_aubagnense,1491,1492,1
Mycolicibacterium_aubagnense,1707,1708,1
Mycolicibacterium_aubagnense,1748,1749,1
Mycolicibacterium_aubagnense,1750,1752,2
Mycolicibacterium_aubagnense,1756,1761,5
Mycolicibacterium_aubagnense,1771,1775,4
Mycolicibacterium_aubagnense,1776,1777,1
Mycolicibacterium_aubagnense,1784,1785,1
Mycolicibacterium_aubagnense,1789,1791,2
Mycolicibacterium_aubagnense,1802,1803,1
Mycolicibacterium_aubagnense,1918,1919,1
Mycolicibacterium_aubagnense,1954,1955,1
Mycolicibacterium_aubagnense,1993,1994,1
Mycolicibacterium_aubagnense,2132,2133,1
Mycolicibacterium_aubagnense,2136,2137,1
Mycolicibacterium_aubagnense,2138,2139,1
Mycolicibacterium_aubagnense,2143,2147,4
Mycolicibacterium_aubagnense,2151,2152,1
Mycolicibacterium_aubagnense,2154,2155,1
Mycolicibacterium_aubagnense,2162,2163,1
Mycolicibacterium_aubagnense,2285,2294,9
Mycolicibacterium_aubagnense,2296,2297,1
Mycolicibacterium_aubagnense,2299,2300,1
Mycolicibacterium_aubagnense,2303,2306,3
Mycolicibacterium_aubagnense,2309,2315,6
Mycolicibacterium_aubagnense,2316,2325,9
Mycolicibacterium_aubagnense,2379,2380,1
Mycolicibacterium_aubagnense,2664,2665,1
Mycolicibacterium_aubagnense,2723,2850,127
Mycolicibacterium_aubagnense,3376,3377,1
Mycolicibacterium_aubagnense,3378,3379,1
Mycolicibacterium_aubagnense,3433,3434,1
Mycolicibacterium_chitae,1,3,2
Mycolicibacterium_chitae,82,83,1
Mycolicibacterium_chitae,186,187,1
Mycolicibacterium_chitae,235,237,2
Mycolicibacterium_chitae,238,240,2
Mycolicibacterium_chitae,250,251,1
Mycolicibacterium_chitae,277,278,1
Mycolicibacterium_chitae,295,296,1
Mycolicibacterium_chitae,341,342,1
Mycolicibacterium_chitae,359,360,1
Mycolicibacterium_chitae,373,374,1
Mycolicibacterium_chitae,386,387,1
Mycolicibacterium_chitae,401,402,1
Mycolicibacterium_chitae,416,417,1
Mycolicibacterium_chitae,451,452,1
Mycolicibacterium_chitae,471,574,103
Mycolicibacterium_chitae,753,755,2
Mycolicibacterium_chitae,761,770,9
Mycolicibacterium_chitae,789,790,1
Mycolicibacterium_chitae,839,840,1
Mycolicibacterium_chitae,886,893,7
Mycolicibacterium_chitae,896,900,4
Mycolicibacterium_chitae,1010,1011,1
Mycolicibacterium_chitae,1068,1069,1
Mycolicibacterium_chitae,1168,1169,1
Mycolicibacterium_chitae,1185,1186,1
Mycolicibacterium_chitae,1190,1192,2
Mycolicibacterium_chitae,1211,1212,1
Mycolicibacterium_chitae,1237,1238,1
Mycolicibacterium_chitae,1398,1399,1
Mycolicibacterium_chitae,1430,1437,7
Mycolicibacterium_chitae,1438,1439,1
Mycolicibacterium_chitae,1443,1444,1
Mycolicibacterium_chitae,1445,1446,1
Mycolicibacterium_chitae,1448,1463,15
Mycolicibacterium_chitae,1491,1492,1
Mycolicibacterium_chitae,1707,1708,1
Mycolicibacterium_chitae,1748,1749,1
Mycolicibacterium_chitae,1751,1752,1
Mycolicibacterium_chitae,1756,1761,5
Mycolicibacterium_chitae,1771,1775,4
Mycolicibacterium_chitae,1776,1777,1
Mycolicibacterium_chitae,1784,1785,1
Mycolicibacterium_chitae,1789,1791,2
Mycolicibacterium_chitae,1802,1803,1
Mycolicibacterium_chitae,1918,1920,2
Mycolicibacterium_chitae,1954,1955,1
Mycolicibacterium_chitae,1993,1994,1
Mycolicibacterium_chitae,2136,2137,1
Mycolicibacterium_chitae,2138,2139,1
Mycolicibacterium_chitae,2143,2147,4
Mycolicibacterium_chitae,2151,2152,1
Mycolicibacterium_chitae,2162,2163,1
Mycolicibacterium_chitae,2285,2294,9
Mycolicibacterium_chitae,2296,2297,1
Mycolicibacterium_chitae,2299,2300,1
Mycolicibacterium_chitae,2303,2306,3
Mycolicibacterium_chitae,2309,2315,6
Mycolicibacterium_chitae,2316,2325,9
Mycolicibacterium_chitae,2379,2380,1
Mycolicibacterium_chitae,2664,2665,1
Mycolicibacterium_chitae,2723,2850,127
Mycolicibacterium_chitae,3376,3377,1
Mycolicibacterium_chitae,3378,3379,1
Mycolicibacterium_chitae,3433,3434,1
Mycolicibacterium_pulveris,1,3,2
Mycolicibacterium_pulveris,82,83,1
Mycolicibacterium_pulveris,186,187,1
Mycolicibacterium_pulveris,235,237,2
Mycolicibacterium_pulveris,238,240,2
Mycolicibacterium_pulveris,250,251,1
Mycolicibacterium_pulveris,295,296,1
Mycolicibacterium_pulveris,359,360,1
Mycolicibacterium_pulveris,373,374,1
Mycolicibacterium_pulveris,386,387,1
Mycolicibacterium_pulveris,401,402,1
Mycolicibacterium_pulveris,416,417,1
Mycolicibacterium_pulveris,451,452,1
Mycolicibacterium_pulveris,473,574,101
Mycolicibacterium_pulveris,753,755,2
Mycolicibacterium_pulveris,760,761,1
Mycolicibacterium_pulveris,762,768,6
Mycolicibacterium_pulveris,789,790,1
Mycolicibacterium_pulveris,839,840,1
Mycolicibacterium_pulveris,890,891,1
Mycolicibacterium_pulveris,896,900,4
Mycolicibacterium_pulveris,1010,1011,1
Mycolicibacterium_pulveris,1068,1069,1
Mycolicibacterium_pulveris,1168,1169,1
Mycolicibacterium_pulveris,1185,1186,1
Mycolicibacterium_pulveris,1191,1192,1
Mycolicibacterium_pulveris,1211,1212,1
Mycolicibacterium_pulveris,1237,1238,1
Mycolicibacterium_pulveris,1398,1399,1
Mycolicibacterium_pulveris,1430,1437,7
Mycolicibacterium_pulveris,1438,1439,1
Mycolicibacterium_pulveris,1445,1460,15
Mycolicibacterium_pulveris,1475,1476,1
Mycolicibacterium_pulveris,1491,1492,1
Mycolicibacterium_pulveris,1707,1708,1
Mycolicibacterium_pulveris,1748,1749,1
Mycolicibacterium_pulveris,1756,1761,5
Mycolicibacterium_pulveris,1776,1777,1
Mycolicibacterium_pulveris,1784,1790,6
Mycolicibacterium_pulveris,1802,1803,1
Mycolicibacterium_pulveris,1918,1920,2
Mycolicibacterium_pulveris,1954,1955,1
Mycolicibacterium_pulveris,1993,1994,1
Mycolicibacterium_pulveris,2136,2137,1
Mycolicibacterium_pulveris,2138,2139,1
Mycolicibacterium_pulveris,2143,2147,4
Mycolicibacterium_pulveris,2151,2152,1
Mycolicibacterium_pulveris,2154,2155,1
Mycolicibacterium_pulveris,2162,2163,1
Mycolicibacterium_pulveris,2285,2294,9
Mycolicibacterium_pulveris,2296,2297,1
Mycolicibacterium_pulveris,2299,2300,1
Mycolicibacterium_pulveris,2302,2307,5
Mycolicibacterium_pulveris,2309,2315,6
Mycolicibacterium_pulveris,2316,2325,9
Mycolicibacterium_pulveris,2379,2380,1
Mycolicibacterium_pulveris,2664,2665,1
Mycolicibacterium_pulveris,2723,2850,127
Mycolicibacterium_pulveris,3045,3046,1
Mycolicibacterium_pulveris,3378,3379,1
Mycolicibacterium_pulveris,3433,3434,1
Mycolicibacterium_poriferae,1,3,2
Mycolicibacterium_poriferae,82,83,1
Mycolicibacterium_poriferae,186,187,1
Mycolicibacterium_poriferae,236,237,1
Mycolicibacterium_poriferae,238,240,2
Mycolicibacterium_poriferae,250,251,1
Mycolicibacterium_poriferae,295,296,1
Mycolicibacterium_poriferae,341,342,1
Mycolicibacterium_poriferae,359,360,1
Mycolicibacterium_poriferae,373,374,1
Mycolicibacterium_poriferae,386,387,1
Mycolicibacterium_poriferae,401,402,1
Mycolicibacterium_poriferae,416,417,1
Mycolicibacterium_poriferae,451,452,1
Mycolicibacterium_poriferae,471,574,103
Mycolicibacterium_poriferae,753,756,3
Mycolicibacterium_poriferae,760,761,1
Mycolicibacterium_poriferae,762,768,6
Mycolicibacterium_poriferae,770,771,1
Mycolicibacterium_poriferae,789,790,1
Mycolicibacterium_poriferae,839,840,1
Mycolicibacterium_poriferae,890,891,1
Mycolicibacterium_poriferae,896,900,4
Mycolicibacterium_poriferae,1010,1011,1
Mycolicibacterium_poriferae,1068,1069,1
Mycolicibacterium_poriferae,1168,1169,1
Mycolicibacterium_poriferae,1185,1186,1
Mycolicibacterium_poriferae,1190,1192,2
Mycolicibacterium_poriferae,1211,1212,1
Mycolicibacterium_poriferae,1237,1238,1
Mycolicibacterium_poriferae,1398,1399,1
Mycolicibacterium_poriferae,1430,1437,7
Mycolicibacterium_poriferae,1438,1439,1
Mycolicibacterium_poriferae,1445,1446,1
Mycolicibacterium_poriferae,1448,1462,14
Mycolicibacterium_poriferae,1491,1492,1
Mycolicibacterium_poriferae,1707,1708,1
Mycolicibacterium_poriferae,1748,1749,1
Mycolicibacterium_poriferae,1751,1752,1
Mycolicibacterium_poriferae,1756,1761,5
Mycolicibacterium_poriferae,1771,1775,4
Mycolicibacterium_poriferae,1776,1777,1
Mycolicibacterium_poriferae,1784,1785,1
Mycolicibacterium_poriferae,1789,1791,2
Mycolicibacterium_poriferae,1802,1803,1
Mycolicibacterium_poriferae,1918,1919,1
Mycolicibacterium_poriferae,1954,1955,1
Mycolicibacterium_poriferae,1993,1994,1
Mycolicibacterium_poriferae,2132,2133,1
Mycolicibacterium_poriferae,2136,2137,1
Mycolicibacterium_poriferae,2138,2139,1
Mycolicibacterium_poriferae,2143,2147,4
Mycolicibacterium_poriferae,2151,2152,1
Mycolicibacterium_poriferae,2154,2155,1
Mycolicibacterium_poriferae,2162,2163,1
Mycolicibacterium_poriferae,2285,2294,9
Mycolicibacterium_poriferae,2296,2297,1
Mycolicibacterium_poriferae,2299,2300,1
Mycolicibacterium_poriferae,2302,2307,5
Mycolicibacterium_poriferae,2309,2315,6
Mycolicibacterium_poriferae,2316,2325,9
Mycolicibacterium_poriferae,2379,2380,1
Mycolicibacterium_poriferae,2664,2665,1
Mycolicibacterium_poriferae,2723,2850,127
Mycolicibacterium_poriferae,2994,2995,1
Mycolicibacterium_poriferae,3376,3377,1
Mycolicibacterium_poriferae,3378,3379,1
Mycolicibacterium_poriferae,3433,3434,1
Mycolicibacterium_komossense,1,3,2
Mycolicibacterium_komossense,82,83,1
Mycolicibacterium_komossense,186,187,1
Mycolicibacterium_komossense,235,237,2
Mycolicibacterium_komossense,238,240,2
Mycolicibacterium_komossense,250,251,1
Mycolicibacterium_komossense,295,296,1
Mycolicibacterium_komossense,341,342,1
Mycolicibacterium_komossense,359,360,1
Mycolicibacterium_komossense,373,374,1
Mycolicibacterium_komossense,386,387,1
Mycolicibacterium_komossense,401,402,1
Mycolicibacterium_komossense,416,417,1
Mycolicibacterium_komossense,471,574,103
Mycolicibacterium_komossense,753,755,2
Mycolicibacterium_komossense,760,768,8
Mycolicibacterium_komossense,789,790,1
Mycolicibacterium_komossense,839,840,1
Mycolicibacterium_komossense,886,893,7
Mycolicibacterium_komossense,896,900,4
Mycolicibacterium_komossense,1010,1011,1
Mycolicibacterium_komossense,1068,1069,1
Mycolicibacterium_komossense,1168,1169,1
Mycolicibacterium_komossense,1185,1186,1
Mycolicibacterium_komossense,1190,1192,2
Mycolicibacterium_komossense,1211,1212,1
Mycolicibacterium_komossense,1237,1238,1
Mycolicibacterium_komossense,1398,1399,1
Mycolicibacterium_komossense,1430,1437,7
Mycolicibacterium_komossense,1438,1439,1
Mycolicibacterium_komossense,1445,1446,1
Mycolicibacterium_komossense,1449,1461,12
Mycolicibacterium_komossense,1491,1492,1
Mycolicibacterium_komossense,1707,1708,1
Mycolicibacterium_komossense,1748,1749,1
Mycolicibacterium_komossense,1751,1752,1
Mycolicibacterium_komossense,1756,1761,5
Mycolicibacterium_komossense,1771,1775,4
Mycolicibacterium_komossense,1776,1777,1
Mycolicibacterium_komossense,1784,1785,1
Mycolicibacterium_komossense,1802,1803,1
Mycolicibacterium_komossense,1918,1919,1
Mycolicibacterium_komossense,1954,1955,1
Mycolicibacterium_komossense,1993,1994,1
Mycolicibacterium_komossense,2132,2133,1
Mycolicibacterium_komossense,2136,2137,1
Mycolicibacterium_komossense,2138,2139,1
Mycolicibacterium_komossense,2143,2147,4
Mycolicibacterium_komossense,2151,2152,1
Mycolicibacterium_komossense,2162,2163,1
Mycolicibacterium_komossense,2285,2294,9
Mycolicibacterium_komossense,2296,2297,1
Mycolicibacterium_komossense,2299,2300,1
Mycolicibacterium_komossense,2302,2307,5
Mycolicibacterium_komossense,2309,2315,6
Mycolicibacterium_komossense,2316,2325,9
Mycolicibacterium_komossense,2379,2380,1
Mycolicibacterium_komossense,2664,2665,1
Mycolicibacterium_komossense,2723,2850,127
Mycolicibacterium_komossense,3376,3377,1
Mycolicibacterium_komossense,3378,3379,1
Mycolicibacterium_komossense,3433,3434,1
Mycolicibacterium_tusciae,1,3,2
Mycolicibacterium_tusciae,82,83,1
Mycolicibacterium_tusciae,186,187,1
Mycolicibacterium_tusciae,235,237,2
Mycolicibacterium_tusciae,238,240,2
Mycolicibacterium_tusciae,250,251,1
Mycolicibacterium_tusciae,295,296,1
Mycolicibacterium_tusciae,341,342,1
Mycolicibacterium_tusciae,359,360,1
Mycolicibacterium_tusciae,373,374,1
Mycolicibacterium_tusciae,386,387,1
Mycolicibacterium_tusciae,401,402,1
Mycolicibacterium_tusciae,451,452,1
Mycolicibacterium_tusciae,471,574,103
Mycolicibacterium_tusciae,753,755,2
Mycolicibacterium_tusciae,760,768,8
Mycolicibacterium_tusciae,789,790,1
Mycolicibacterium_tusciae,839,840,1
Mycolicibacterium_tusciae,890,891,1
Mycolicibacterium_tusciae,896,900,4
Mycolicibacterium_tusciae,1010,1011,1
Mycolicibacterium_tusciae,1068,1069,1
Mycolicibacterium_tusciae,1168,1169,1
Mycolicibacterium_tusciae,1185,1186,1
Mycolicibacterium_tusciae,1211,1212,1
Mycolicibacterium_tusciae,1237,1238,1
Mycolicibacterium_tusciae,1398,1399,1
Mycolicibacterium_tusciae,1430,1437,7
Mycolicibacterium_tusciae,1438,1439,1
Mycolicibacterium_tusciae,1445,1446,1
Mycolicibacterium_tusciae,1455,1460,5
Mycolicibacterium_tusciae,1491,1492,1
Mycolicibacterium_tusciae,1707,1708,1
Mycolicibacterium_tusciae,1748,1749,1
Mycolicibacterium_tusciae,1756,1761,5
Mycolicibacterium_tusciae,1771,1775,4
Mycolicibacterium_tusciae,1776,1777,1
Mycolicibacterium_tusciae,1789,1791,2
Mycolicibacterium_tusciae,1802,1803,1
Mycolicibacterium_tusciae,1918,1919,1
Mycolicibacterium_tusciae,1954,1955,1
Mycolicibacterium_tusciae,1993,1994,1
Mycolicibacterium_tusciae,2121,2122,1
Mycolicibacterium_tusciae,2132,2133,1
Mycolicibacterium_tusciae,2136,2137,1
Mycolicibacterium_tusciae,2138,2139,1
Mycolicibacterium_tusciae,2143,2147,4
Mycolicibacterium_tusciae,2151,2152,1
Mycolicibacterium_tusciae,2162,2163,1
Mycolicibacterium_tusciae,2285,2294,9
Mycolicibacterium_tusciae,2296,2297,1
Mycolicibacterium_tusciae,2299,2300,1
Mycolicibacterium_tusciae,2302,2307,5
Mycolicibacterium_tusciae,2309,2315,6
Mycolicibacterium_tusciae,2316,2325,9
Mycolicibacterium_tusciae,2379,2380,1
Mycolicibacterium_tusciae,2664,2665,1
Mycolicibacterium_tusciae,2723,2850,127
Mycolicibacterium_tusciae,3376,3377,1
Mycolicibacterium_tusciae,3378,3379,1
Mycolicibacterium_tusciae,3433,3434,1
Mycolicibacterium_porcinum,1,3,2
Mycolicibacterium_porcinum,82,83,1
Mycolicibacterium_porcinum,186,187,1
Mycolicibacterium_porcinum,235,237,2
Mycolicibacterium_porcinum,238,239,1
Mycolicibacterium_porcinum,250,251,1
Mycolicibacterium_porcinum,295,296,1
Mycolicibacterium_porcinum,341,342,1
Mycolicibacterium_porcinum,359,360,1
Mycolicibacterium_porcinum,373,374,1
Mycolicibacterium_porcinum,401,402,1
Mycolicibacterium_porcinum,416,417,1
Mycolicibacterium_porcinum,451,452,1
Mycolicibacterium_porcinum,464,465,1
Mycolicibacterium_porcinum,472,574,102
Mycolicibacterium_porcinum,754,755,1
Mycolicibacterium_porcinum,760,768,8
Mycolicibacterium_porcinum,789,790,1
Mycolicibacterium_porcinum,839,840,1
Mycolicibacterium_porcinum,890,891,1
Mycolicibacterium_porcinum,896,900,4
Mycolicibacterium_porcinum,1010,1011,1
Mycolicibacterium_porcinum,1068,1069,1
Mycolicibacterium_porcinum,1168,1169,1
Mycolicibacterium_porcinum,1185,1186,1
Mycolicibacterium_porcinum,1211,1212,1
Mycolicibacterium_porcinum,1237,1238,1
Mycolicibacterium_porcinum,1398,1399,1
Mycolicibacterium_porcinum,1430,1437,7
Mycolicibacterium_porcinum,1438,1439,1
Mycolicibacterium_porcinum,1441,1442,1
Mycolicibacterium_porcinum,1445,1446,1
Mycolicibacterium_porcinum,1449,1466,17
Mycolicibacterium_porcinum,1491,1492,1
Mycolicibacterium_porcinum,1707,1708,1
Mycolicibacterium_porcinum,1748,1749,1
Mycolicibacterium_porcinum,1751,1752,1
Mycolicibacterium_porcinum,1756,1761,5
Mycolicibacterium_porcinum,1771,1775,4
Mycolicibacterium_porcinum,1776,1777,1
Mycolicibacterium_porcinum,1784,1785,1
Mycolicibacterium_porcinum,1789,1790,1
Mycolicibacterium_porcinum,1802,1803,1
Mycolicibacterium_porcinum,1918,1919,1
Mycolicibacterium_porcinum,1954,1955,1
Mycolicibacterium_porcinum,1993,1994,1
Mycolicibacterium_porcinum,2132,2133,1
Mycolicibacterium_porcinum,2136,2137,1
Mycolicibacterium_porcinum,2138,2139,1
Mycolicibacterium_porcinum,2143,2147,4
Mycolicibacterium_porcinum,2151,2152,1
Mycolicibacterium_porcinum,2162,2163,1
Mycolicibacterium_porcinum,2285,2297,12
Mycolicibacterium_porcinum,2299,2300,1
Mycolicibacterium_porcinum,2303,2306,3
Mycolicibacterium_porcinum,2309,2315,6
Mycolicibacterium_porcinum,2316,2325,9
Mycolicibacterium_porcinum,2379,2380,1
Mycolicibacterium_porcinum,2664,2665,1
Mycolicibacterium_porcinum,2723,2850,127
Mycolicibacterium_porcinum,3376,3377,1
Mycolicibacterium_porcinum,3378,3379,1
Mycolicibacterium_porcinum,3433,3434,1
Mycolicibacterium_alvei,1,3,2
Mycolicibacterium_alvei,82,83,1
Mycolicibacterium_alvei,186,187,1
Mycolicibacterium_alvei,235,237,2
Mycolicibacterium_alvei,238,240,2
Mycolicibacterium_alvei,250,251,1
Mycolicibacterium_alvei,295,296,1
Mycolicibacterium_alvei,341,342,1
Mycolicibacterium_alvei,359,360,1
Mycolicibacterium_alvei,373,374,1
Mycolicibacterium_alvei,401,402,1
Mycolicibacterium_alvei,416,417,1
Mycolicibacterium_alvei,451,452,1
Mycolicibacterium_alvei,472,574,102
Mycolicibacterium_alvei,753,756,3
Mycolicibacterium_alvei,760,768,8
Mycolicibacterium_alvei,789,790,1
Mycolicibacterium_alvei,839,840,1
Mycolicibacterium_alvei,890,891,1
Mycolicibacterium_alvei,896,900,4
Mycolicibacterium_alvei,1010,1011,1
Mycolicibacterium_alvei,1068,1069,1
Mycolicibacterium_alvei,1168,1169,1
Mycolicibacterium_alvei,1185,1186,1
Mycolicibacterium_alvei,1211,1212,1
Mycolicibacterium_alvei,1237,1238,1
Mycolicibacterium_alvei,1398,1399,1
Mycolicibacterium_alvei,1430,1437,7
Mycolicibacterium_alvei,1438,1439,1
Mycolicibacterium_alvei,1445,1446,1
Mycolicibacterium_alvei,1449,1464,15
Mycolicibacterium_alvei,1491,1492,1
Mycolicibacterium_alvei,1707,1708,1
Mycolicibacterium_alvei,1748,1749,1
Mycolicibacterium_alvei,1751,1752,1
Mycolicibacterium_alvei,1756,1761,5
Mycolicibacterium_alvei,1771,1775,4
Mycolicibacterium_alvei,1776,1777,1
Mycolicibacterium_alvei,1784,1785,1
Mycolicibacterium_alvei,1789,1790,1
Mycolicibacterium_alvei,1802,1803,1
Mycolicibacterium_alvei,1918,1919,1
Mycolicibacterium_alvei,1954,1955,1
Mycolicibacterium_alvei,1993,1994,1
Mycolicibacterium_alvei,2132,2133,1
Mycolicibacterium_alvei,2136,2137,1
Mycolicibacterium_alvei,2138,2139,1
Mycolicibacterium_alvei,2143,2147,4
Mycolicibacterium_alvei,2151,2152,1
Mycolicibacterium_alvei,2162,2163,1
Mycolicibacterium_alvei,2285,2297,12
Mycolicibacterium_alvei,2299,2300,1
Mycolicibacterium_alvei,2303,2306,3
Mycolicibacterium_alvei,2309,2315,6
Mycolicibacterium_alvei,2316,2325,9
Mycolicibacterium_alvei,2379,2380,1
Mycolicibacterium_alvei,2664,2665,1
Mycolicibacterium_alvei,2723,2850,127
Mycolicibacterium_alvei,3350,3352,2
Mycolicibacterium_alvei,3369,3371,2
Mycolicibacterium_alvei,3376,3377,1
Mycolicibacterium_alvei,3378,3379,1
Mycolicibacterium_alvei,3393,3395,2
Mycolicibacterium_alvei,3433,3434,1
Mycolicibacterium_vinylchloridicum,1,3,2
Mycolicibacterium_vinylchloridicum,82,83,1
Mycolicibacterium_vinylchloridicum,186,187,1
Mycolicibacterium_vinylchloridicum,235,237,2
Mycolicibacterium_vinylchloridicum,238,240,2
Mycolicibacterium_vinylchloridicum,250,251,1
Mycolicibacterium_vinylchloridicum,295,296,1
Mycolicibacterium_vinylchloridicum,341,342,1
Mycolicibacterium_vinylchloridicum,359,360,1
Mycolicibacterium_vinylchloridicum,373,374,1
Mycolicibacterium_vinylchloridicum,386,387,1
Mycolicibacterium_vinylchloridicum,401,402,1
Mycolicibacterium_vinylchloridicum,416,417,1
Mycolicibacterium_vinylchloridicum,451,452,1
Mycolicibacterium_vinylchloridicum,470,574,104
Mycolicibacterium_vinylchloridicum,753,755,2
Mycolicibacterium_vinylchloridicum,760,768,8
Mycolicibacterium_vinylchloridicum,789,790,1
Mycolicibacterium_vinylchloridicum,839,840,1
Mycolicibacterium_vinylchloridicum,878,904,26
Mycolicibacterium_vinylchloridicum,1010,1011,1
Mycolicibacterium_vinylchloridicum,1068,1069,1
Mycolicibacterium_vinylchloridicum,1168,1169,1
Mycolicibacterium_vinylchloridicum,1185,1186,1
Mycolicibacterium_vinylchloridicum,1190,1192,2
Mycolicibacterium_vinylchloridicum,1211,1212,1
Mycolicibacterium_vinylchloridicum,1237,1238,1
Mycolicibacterium_vinylchloridicum,1398,1399,1
Mycolicibacterium_vinylchloridicum,1430,1437,7
Mycolicibacterium_vinylchloridicum,1438,1439,1
Mycolicibacterium_vinylchloridicum,1445,1446,1
Mycolicibacterium_vinylchloridicum,1448,1462,14
Mycolicibacterium_vinylchloridicum,1491,1492,1
Mycolicibacterium_vinylchloridicum,1707,1708,1
Mycolicibacterium_vinylchloridicum,1748,1749,1
Mycolicibacterium_vinylchloridicum,1751,1752,1
Mycolicibacterium_vinylchloridicum,1756,1761,5
Mycolicibacterium_vinylchloridicum,1771,1775,4
Mycolicibacterium_vinylchloridicum,1776,1777,1
Mycolicibacterium_vinylchloridicum,1784,1785,1
Mycolicibacterium_vinylchloridicum,1789,1791,2
Mycolicibacterium_vinylchloridicum,1802,1803,1
Mycolicibacterium_vinylchloridicum,1918,1919,1
Mycolicibacterium_vinylchloridicum,1954,1955,1
Mycolicibacterium_vinylchloridicum,1993,1994,1
Mycolicibacterium_vinylchloridicum,2121,2122,1
Mycolicibacterium_vinylchloridicum,2132,2133,1
Mycolicibacterium_vinylchloridicum,2136,2137,1
Mycolicibacterium_vinylchloridicum,2138,2139,1
Mycolicibacterium_vinylchloridicum,2143,2147,4
Mycolicibacterium_vinylchloridicum,2151,2152,1
Mycolicibacterium_vinylchloridicum,2162,2163,1
Mycolicibacterium_vinylchloridicum,2285,2294,9
Mycolicibacterium_vinylchloridicum,2296,2297,1
Mycolicibacterium_vinylchloridicum,2299,2300,1
Mycolicibacterium_vinylchloridicum,2303,2308,5
Mycolicibacterium_vinylchloridicum,2309,2315,6
Mycolicibacterium_vinylchloridicum,2316,2325,9
Mycolicibacterium_vinylchloridicum,2379,2380,1
Mycolicibacterium_vinylchloridicum,2664,2665,1
Mycolicibacterium_vinylchloridicum,2723,2850,127
Mycolicibacterium_vinylchloridicum,3376,3377,1
Mycolicibacterium_vinylchloridicum,3378,3379,1
Mycolicibacterium_vinylchloridicum,3433,3434,1
Mycolicibacterium_setense,1,3,2
Mycolicibacterium_setense,82,83,1
Mycolicibacterium_setense,186,187,1
Mycolicibacterium_setense,235,237,2
Mycolicibacterium_setense,238,240,2
Mycolicibacterium_setense,250,251,1
Mycolicibacterium_setense,295,296,1
Mycolicibacterium_setense,341,342,1
Mycolicibacterium_setense,359,360,1
Mycolicibacterium_setense,373,374,1
Mycolicibacterium_setense,401,402,1
Mycolicibacterium_setense,416,417,1
Mycolicibacterium_setense,451,452,1
Mycolicibacterium_setense,472,574,102
Mycolicibacterium_setense,753,756,3
Mycolicibacterium_setense,760,768,8
Mycolicibacterium_setense,789,790,1
Mycolicibacterium_setense,839,840,1
Mycolicibacterium_setense,890,891,1
Mycolicibacterium_setense,896,900,4
Mycolicibacterium_setense,1010,1011,1
Mycolicibacterium_setense,1068,1069,1
Mycolicibacterium_setense,1168,1169,1
Mycolicibacterium_setense,1185,1186,1
Mycolicibacterium_setense,1211,1212,1
Mycolicibacterium_setense,1237,1238,1
Mycolicibacterium_setense,1398,1399,1
Mycolicibacterium_setense,1430,1437,7
Mycolicibacterium_setense,1445,1446,1
Mycolicibacterium_setense,1449,1464,15
Mycolicibacterium_setense,1491,1492,1
Mycolicibacterium_setense,1707,1708,1
Mycolicibacterium_setense,1748,1749,1
Mycolicibacterium_setense,1751,1752,1
Mycolicibacterium_setense,1756,1761,5
Mycolicibacterium_setense,1771,1775,4
Mycolicibacterium_setense,1776,1777,1
Mycolicibacterium_setense,1784,1785,1
Mycolicibacterium_setense,1789,1790,1
Mycolicibacterium_setense,1802,1803,1
Mycolicibacterium_setense,1918,1920,2
Mycolicibacterium_setense,1954,1955,1
Mycolicibacterium_setense,1993,1994,1
Mycolicibacterium_setense,2132,2133,1
Mycolicibacterium_setense,2136,2137,1
Mycolicibacterium_setense,2138,2139,1
Mycolicibacterium_setense,2143,2147,4
Mycolicibacterium_setense,2151,2152,1
Mycolicibacterium_setense,2162,2163,1
Mycolicibacterium_setense,2285,2297,12
Mycolicibacterium_setense,2299,2300,1
Mycolicibacterium_setense,2303,2306,3
Mycolicibacterium_setense,2309,2315,6
Mycolicibacterium_setense,2316,2325,9
Mycolicibacterium_setense,2379,2380,1
Mycolicibacterium_setense,2664,2665,1
Mycolicibacterium_setense,2723,2850,127
Mycolicibacterium_setense,3376,3377,1
Mycolicibacterium_setense,3378,3379,1
Mycolicibacterium_setense,3433,3434,1
Mycolicibacterium_senegalense,1,3,2
Mycolicibacterium_senegalense,82,83,1
Mycolicibacterium_senegalense,186,187,1
Mycolicibacterium_senegalense,235,237,2
Mycolicibacterium_senegalense,238,239,1
Mycolicibacterium_senegalense,250,251,1
Mycolicibacterium_senegalense,295,296,1
Mycolicibacterium_senegalense,341,342,1
Mycolicibacterium_senegalense,359,360,1
Mycolicibacterium_senegalense,373,374,1
Mycolicibacterium_senegalense,401,402,1
Mycolicibacterium_senegalense,416,417,1
Mycolicibacterium_senegalense,451,452,1
Mycolicibacterium_senegalense,464,465,1
Mycolicibacterium_senegalense,472,574,102
Mycolicibacterium_senegalense,753,756,3
Mycolicibacterium_senegalense,760,768,8
Mycolicibacterium_senegalense,789,790,1
Mycolicibacterium_senegalense,839,840,1
Mycolicibacterium_senegalense,890,891,1
Mycolicibacterium_senegalense,896,900,4
Mycolicibacterium_senegalense,1010,1011,1
Mycolicibacterium_senegalense,1068,1069,1
Mycolicibacterium_senegalense,1168,1169,1
Mycolicibacterium_senegalense,1185,1186,1
Mycolicibacterium_senegalense,1211,1212,1
Mycolicibacterium_senegalense,1237,1238,1
Mycolicibacterium_senegalense,1398,1399,1
Mycolicibacterium_senegalense,1430,1437,7
Mycolicibacterium_senegalense,1438,1439,1
Mycolicibacterium_senegalense,1441,1442,1
Mycolicibacterium_senegalense,1445,1446,1
Mycolicibacterium_senegalense,1449,1466,17
Mycolicibacterium_senegalense,1491,1492,1
Mycolicibacterium_senegalense,1707,1708,1
Mycolicibacterium_senegalense,1748,1749,1
Mycolicibacterium_senegalense,1751,1752,1
Mycolicibacterium_senegalense,1756,1761,5
Mycolicibacterium_senegalense,1771,1775,4
Mycolicibacterium_senegalense,1776,1777,1
Mycolicibacterium_senegalense,1784,1785,1
Mycolicibacterium_senegalense,1789,1790,1
Mycolicibacterium_senegalense,1802,1803,1
Mycolicibacterium_senegalense,1918,1919,1
Mycolicibacterium_senegalense,1954,1955,1
Mycolicibacterium_senegalense,1993,1994,1
Mycolicibacterium_senegalense,2132,2133,1
Mycolicibacterium_senegalense,2136,2137,1
Mycolicibacterium_senegalense,2138,2139,1
Mycolicibacterium_senegalense,2143,2147,4
Mycolicibacterium_senegalense,2151,2152,1
Mycolicibacterium_senegalense,2162,2163,1
Mycolicibacterium_senegalense,2285,2297,12
Mycolicibacterium_senegalense,2299,2300,1
Mycolicibacterium_senegalense,2303,2306,3
Mycolicibacterium_senegalense,2309,2315,6
Mycolicibacterium_senegalense,2316,2325,9
Mycolicibacterium_senegalense,2664,2665,1
Mycolicibacterium_senegalense,2723,2850,127
Mycolicibacterium_senegalense,3376,3377,1
Mycolicibacterium_senegalense,3378,3379,1
Mycolicibacterium_senegalense,3433,3434,1
Mycobacterium_botniense,1,3,2
Mycobacterium_botniense,82,83,1
Mycobacterium_botniense,186,187,1
Mycobacterium_botniense,236,237,1
Mycobacterium_botniense,238,240,2
Mycobacterium_botniense,250,251,1
Mycobacterium_botniense,295,296,1
Mycobacterium_botniense,359,360,1
Mycobacterium_botniense,373,374,1
Mycobacterium_botniense,386,387,1
Mycobacterium_botniense,401,402,1
Mycobacterium_botniense,416,417,1
Mycobacterium_botniense,451,452,1
Mycobacterium_botniense,471,574,103
Mycobacterium_botniense,753,755,2
Mycobacterium_botniense,762,768,6
Mycobacterium_botniense,789,790,1
Mycobacterium_botniense,839,840,1
Mycobacterium_botniense,890,891,1
Mycobacterium_botniense,896,900,4
Mycobacterium_botniense,1010,1011,1
Mycobacterium_botniense,1068,1069,1
Mycobacterium_botniense,1168,1169,1
Mycobacterium_botniense,1184,1186,2
Mycobacterium_botniense,1190,1192,2
Mycobacterium_botniense,1211,1213,2
Mycobacterium_botniense,1237,1238,1
Mycobacterium_botniense,1398,1399,1
Mycobacterium_botniense,1430,1437,7
Mycobacterium_botniense,1438,1439,1
Mycobacterium_botniense,1445,1446,1
Mycobacterium_botniense,1449,1462,13
Mycobacterium_botniense,1491,1492,1
Mycobacterium_botniense,1515,1516,1
Mycobacterium_botniense,1707,1708,1
Mycobacterium_botniense,1748,1749,1
Mycobacterium_botniense,1757,1761,4
Mycobacterium_botniense,1772,1775,3
Mycobacterium_botniense,1784,1785,1
Mycobacterium_botniense,1789,1791,2
Mycobacterium_botniense,1802,1803,1
Mycobacterium_botniense,1918,1919,1
Mycobacterium_botniense,1954,1955,1
Mycobacterium_botniense,1993,1994,1
Mycobacterium_botniense,2132,2133,1
Mycobacterium_botniense,2136,2137,1
Mycobacterium_botniense,2138,2139,1
Mycobacterium_botniense,2143,2147,4
Mycobacterium_botniense,2151,2152,1
Mycobacterium_botniense,2162,2163,1
Mycobacterium_botniense,2285,2294,9
Mycobacterium_botniense,2296,2297,1
Mycobacterium_botniense,2299,2303,4
Mycobacterium_botniense,2309,2315,6
Mycobacterium_botniense,2316,2325,9
Mycobacterium_botniense,2379,2380,1
Mycobacterium_botniense,2723,2850,127
Mycobacterium_botniense,3376,3377,1
Mycobacterium_botniense,3378,3379,1
Mycobacterium_botniense,3433,3434,1
Mycolicibacterium_iranicum,1,3,2
Mycolicibacterium_iranicum,82,83,1
Mycolicibacterium_iranicum,186,187,1
Mycolicibacterium_iranicum,235,237,2
Mycolicibacterium_iranicum,238,240,2
Mycolicibacterium_iranicum,250,251,1
Mycolicibacterium_iranicum,295,296,1
Mycolicibacterium_iranicum,341,342,1
Mycolicibacterium_iranicum,359,360,1
Mycolicibacterium_iranicum,373,374,1
Mycolicibacterium_iranicum,386,387,1
Mycolicibacterium_iranicum,401,402,1
Mycolicibacterium_iranicum,451,452,1
Mycolicibacterium_iranicum,753,756,3
Mycolicibacterium_iranicum,760,761,1
Mycolicibacterium_iranicum,762,768,6
Mycolicibacterium_iranicum,789,790,1
Mycolicibacterium_iranicum,839,840,1
Mycolicibacterium_iranicum,890,891,1
Mycolicibacterium_iranicum,896,900,4
Mycolicibacterium_iranicum,1010,1011,1
Mycolicibacterium_iranicum,1068,1069,1
Mycolicibacterium_iranicum,1168,1169,1
Mycolicibacterium_iranicum,1185,1186,1
Mycolicibacterium_iranicum,1190,1192,2
Mycolicibacterium_iranicum,1211,1212,1
Mycolicibacterium_iranicum,1237,1238,1
Mycolicibacterium_iranicum,1398,1399,1
Mycolicibacterium_iranicum,1430,1437,7
Mycolicibacterium_iranicum,1438,1439,1
Mycolicibacterium_iranicum,1445,1462,17
Mycolicibacterium_iranicum,1491,1492,1
Mycolicibacterium_iranicum,1707,1708,1
Mycolicibacterium_iranicum,1748,1749,1
Mycolicibacterium_iranicum,1751,1752,1
Mycolicibacterium_iranicum,1756,1761,5
Mycolicibacterium_iranicum,1771,1775,4
Mycolicibacterium_iranicum,1776,1777,1
Mycolicibacterium_iranicum,1784,1785,1
Mycolicibacterium_iranicum,1789,1791,2
Mycolicibacterium_iranicum,1802,1803,1
Mycolicibacterium_iranicum,1918,1920,2
Mycolicibacterium_iranicum,1954,1955,1
Mycolicibacterium_iranicum,1993,1994,1
Mycolicibacterium_iranicum,2132,2133,1
Mycolicibacterium_iranicum,2136,2137,1
Mycolicibacterium_iranicum,2138,2139,1
Mycolicibacterium_iranicum,2143,2147,4
Mycolicibacterium_iranicum,2151,2152,1
Mycolicibacterium_iranicum,2162,2163,1
Mycolicibacterium_iranicum,2285,2294,9
Mycolicibacterium_iranicum,2296,2297,1
Mycolicibacterium_iranicum,2299,2300,1
Mycolicibacterium_iranicum,2302,2307,5
Mycolicibacterium_iranicum,2309,2315,6
Mycolicibacterium_iranicum,2316,2325,9
Mycolicibacterium_iranicum,2379,2380,1
Mycolicibacterium_iranicum,2664,2665,1
Mycolicibacterium_iranicum,2723,2850,127
Mycolicibacterium_iranicum,3376,3377,1
Mycolicibacterium_iranicum,3378,3379,1
Mycolicibacterium_iranicum,3433,3434,1
Mycolicibacterium_farcinogenes,1,3,2
Mycolicibacterium_farcinogenes,82,83,1
Mycolicibacterium_farcinogenes,186,187,1
Mycolicibacterium_farcinogenes,235,237,2
Mycolicibacterium_farcinogenes,238,239,1
Mycolicibacterium_farcinogenes,250,251,1
Mycolicibacterium_farcinogenes,295,296,1
Mycolicibacterium_farcinogenes,341,342,1
Mycolicibacterium_farcinogenes,359,360,1
Mycolicibacterium_farcinogenes,373,374,1
Mycolicibacterium_farcinogenes,401,402,1
Mycolicibacterium_farcinogenes,416,417,1
Mycolicibacterium_farcinogenes,451,452,1
Mycolicibacterium_farcinogenes,464,465,1
Mycolicibacterium_farcinogenes,472,574,102
Mycolicibacterium_farcinogenes,753,756,3
Mycolicibacterium_farcinogenes,760,768,8
Mycolicibacterium_farcinogenes,789,790,1
Mycolicibacterium_farcinogenes,839,840,1
Mycolicibacterium_farcinogenes,890,891,1
Mycolicibacterium_farcinogenes,896,900,4
Mycolicibacterium_farcinogenes,1010,1011,1
Mycolicibacterium_farcinogenes,1068,1069,1
Mycolicibacterium_farcinogenes,1168,1169,1
Mycolicibacterium_farcinogenes,1185,1186,1
Mycolicibacterium_farcinogenes,1211,1212,1
Mycolicibacterium_farcinogenes,1237,1238,1
Mycolicibacterium_farcinogenes,1398,1399,1
Mycolicibacterium_farcinogenes,1430,1437,7
Mycolicibacterium_farcinogenes,1438,1439,1
Mycolicibacterium_farcinogenes,1441,1442,1
Mycolicibacterium_farcinogenes,1445,1446,1
Mycolicibacterium_farcinogenes,1449,1466,17
Mycolicibacterium_farcinogenes,1491,1492,1
Mycolicibacterium_farcinogenes,1707,1708,1
Mycolicibacterium_farcinogenes,1748,1749,1
Mycolicibacterium_farcinogenes,1751,1752,1
Mycolicibacterium_farcinogenes,1756,1761,5
Mycolicibacterium_farcinogenes,1771,1775,4
Mycolicibacterium_farcinogenes,1776,1777,1
Mycolicibacterium_farcinogenes,1784,1785,1
Mycolicibacterium_farcinogenes,1789,1790,1
Mycolicibacterium_farcinogenes,1802,1803,1
Mycolicibacterium_farcinogenes,1918,1919,1
Mycolicibacterium_farcinogenes,1954,1955,1
Mycolicibacterium_farcinogenes,1993,1994,1
Mycolicibacterium_farcinogenes,2132,2133,1
Mycolicibacterium_farcinogenes,2136,2137,1
Mycolicibacterium_farcinogenes,2138,2139,1
Mycolicibacterium_farcinogenes,2143,2147,4
Mycolicibacterium_farcinogenes,2151,2152,1
Mycolicibacterium_farcinogenes,2162,2163,1
Mycolicibacterium_farcinogenes,2285,2297,12
Mycolicibacterium_farcinogenes,2299,2300,1
Mycolicibacterium_farcinogenes,2303,2306,3
Mycolicibacterium_farcinogenes,2309,2315,6
Mycolicibacterium_farcinogenes,2316,2325,9
Mycolicibacterium_farcinogenes,2379,2380,1
Mycolicibacterium_farcinogenes,2664,2665,1
Mycolicibacterium_farcinogenes,2723,2850,127
Mycolicibacterium_farcinogenes,3376,3377,1
Mycolicibacterium_farcinogenes,3378,3379,1
Mycolicibacterium_farcinogenes,3433,3434,1
Mycolicibacterium_hassiacum,1,3,2
Mycolicibacterium_hassiacum,82,83,1
Mycolicibacterium_hassiacum,186,187,1
Mycolicibacterium_hassiacum,235,237,2
Mycolicibacterium_hassiacum,238,240,2
Mycolicibacterium_hassiacum,250,251,1
Mycolicibacterium_hassiacum,277,278,1
Mycolicibacterium_hassiacum,295,296,1
Mycolicibacterium_hassiacum,359,360,1
Mycolicibacterium_hassiacum,373,374,1
Mycolicibacterium_hassiacum,386,387,1
Mycolicibacterium_hassiacum,401,402,1
Mycolicibacterium_hassiacum,416,417,1
Mycolicibacterium_hassiacum,451,452,1
Mycolicibacterium_hassiacum,472,574,102
Mycolicibacterium_hassiacum,753,768,15
Mycolicibacterium_hassiacum,789,790,1
Mycolicibacterium_hassiacum,890,891,1
Mycolicibacterium_hassiacum,896,900,4
Mycolicibacterium_hassiacum,1010,1011,1
Mycolicibacterium_hassiacum,1068,1069,1
Mycolicibacterium_hassiacum,1168,1169,1
Mycolicibacterium_hassiacum,1185,1186,1
Mycolicibacterium_hassiacum,1190,1192,2
Mycolicibacterium_hassiacum,1211,1212,1
Mycolicibacterium_hassiacum,1237,1238,1
Mycolicibacterium_hassiacum,1398,1399,1
Mycolicibacterium_hassiacum,1430,1437,7
Mycolicibacterium_hassiacum,1445,1462,17
Mycolicibacterium_hassiacum,1491,1492,1
Mycolicibacterium_hassiacum,1515,1516,1
Mycolicibacterium_hassiacum,1707,1708,1
Mycolicibacterium_hassiacum,1748,1749,1
Mycolicibacterium_hassiacum,1751,1760,9
Mycolicibacterium_hassiacum,1771,1777,6
Mycolicibacterium_hassiacum,1784,1785,1
Mycolicibacterium_hassiacum,1789,1791,2
Mycolicibacterium_hassiacum,1802,1803,1
Mycolicibacterium_hassiacum,1918,1920,2
Mycolicibacterium_hassiacum,1954,1955,1
Mycolicibacterium_hassiacum,1993,1994,1
Mycolicibacterium_hassiacum,2132,2133,1
Mycolicibacterium_hassiacum,2136,2137,1
Mycolicibacterium_hassiacum,2138,2139,1
Mycolicibacterium_hassiacum,2143,2147,4
Mycolicibacterium_hassiacum,2150,2152,2
Mycolicibacterium_hassiacum,2162,2163,1
Mycolicibacterium_hassiacum,2285,2294,9
Mycolicibacterium_hassiacum,2296,2297,1
Mycolicibacterium_hassiacum,2299,2300,1
Mycolicibacterium_hassiacum,2302,2307,5
Mycolicibacterium_hassiacum,2309,2315,6
Mycolicibacterium_hassiacum,2316,2325,9
Mycolicibacterium_hassiacum,2379,2380,1
Mycolicibacterium_hassiacum,2664,2665,1
Mycolicibacterium_hassiacum,2723,2850,127
Mycolicibacterium_hassiacum,3376,3377,1
Mycolicibacterium_hassiacum,3378,3379,1
Mycolicibacterium_hassiacum,3433,3434,1
Mycolicibacterium_neworleansense,82,83,1
Mycolicibacterium_neworleansense,186,187,1
Mycolicibacterium_neworleansense,235,237,2
Mycolicibacterium_neworleansense,238,239,1
Mycolicibacterium_neworleansense,250,251,1
Mycolicibacterium_neworleansense,295,296,1
Mycolicibacterium_neworleansense,341,342,1
Mycolicibacterium_neworleansense,359,360,1
Mycolicibacterium_neworleansense,373,374,1
Mycolicibacterium_neworleansense,401,402,1
Mycolicibacterium_neworleansense,416,417,1
Mycolicibacterium_neworleansense,451,452,1
Mycolicibacterium_neworleansense,472,574,102
Mycolicibacterium_neworleansense,753,755,2
Mycolicibacterium_neworleansense,760,768,8
Mycolicibacterium_neworleansense,789,790,1
Mycolicibacterium_neworleansense,839,840,1
Mycolicibacterium_neworleansense,890,891,1
Mycolicibacterium_neworleansense,896,900,4
Mycolicibacterium_neworleansense,1010,1011,1
Mycolicibacterium_neworleansense,1068,1069,1
Mycolicibacterium_neworleansense,1168,1169,1
Mycolicibacterium_neworleansense,1185,1186,1
Mycolicibacterium_neworleansense,1211,1212,1
Mycolicibacterium_neworleansense,1237,1238,1
Mycolicibacterium_neworleansense,1398,1399,1
Mycolicibacterium_neworleansense,1430,1437,7
Mycolicibacterium_neworleansense,1438,1439,1
Mycolicibacterium_neworleansense,1445,1446,1
Mycolicibacterium_neworleansense,1449,1465,16
Mycolicibacterium_neworleansense,1491,1492,1
Mycolicibacterium_neworleansense,1707,1708,1
Mycolicibacterium_neworleansense,1748,1749,1
Mycolicibacterium_neworleansense,1751,1752,1
Mycolicibacterium_neworleansense,1756,1761,5
Mycolicibacterium_neworleansense,1771,1775,4
Mycolicibacterium_neworleansense,1776,1777,1
Mycolicibacterium_neworleansense,1784,1785,1
Mycolicibacterium_neworleansense,1789,1790,1
Mycolicibacterium_neworleansense,1802,1803,1
Mycolicibacterium_neworleansense,1918,1919,1
Mycolicibacterium_neworleansense,1954,1955,1
Mycolicibacterium_neworleansense,1993,1994,1
Mycolicibacterium_neworleansense,2132,2133,1
Mycolicibacterium_neworleansense,2136,2137,1
Mycolicibacterium_neworleansense,2138,2139,1
Mycolicibacterium_neworleansense,2143,2147,4
Mycolicibacterium_neworleansense,2151,2152,1
Mycolicibacterium_neworleansense,2162,2163,1
Mycolicibacterium_neworleansense,2285,2297,12
Mycolicibacterium_neworleansense,2299,2300,1
Mycolicibacterium_neworleansense,2303,2306,3
Mycolicibacterium_neworleansense,2309,2315,6
Mycolicibacterium_neworleansense,2316,2325,9
Mycolicibacterium_neworleansense,2379,2380,1
Mycolicibacterium_neworleansense,2664,2665,1
Mycolicibacterium_neworleansense,2723,2850,127
Mycolicibacterium_neworleansense,3376,3377,1
Mycolicibacterium_neworleansense,3378,3379,1
Mycolicibacterium_neworleansense,3433,3434,1
Mycolicibacterium_acetamidolyticum,1,3,2
Mycolicibacterium_acetamidolyticum,82,83,1
Mycolicibacterium_acetamidolyticum,186,187,1
Mycolicibacterium_acetamidolyticum,235,237,2
Mycolicibacterium_acetamidolyticum,238,239,1
Mycolicibacterium_acetamidolyticum,250,251,1
Mycolicibacterium_acetamidolyticum,295,296,1
Mycolicibacterium_acetamidolyticum,341,342,1
Mycolicibacterium_acetamidolyticum,359,360,1
Mycolicibacterium_acetamidolyticum,373,374,1
Mycolicibacterium_acetamidolyticum,401,402,1
Mycolicibacterium_acetamidolyticum,416,417,1
Mycolicibacterium_acetamidolyticum,451,452,1
Mycolicibacterium_acetamidolyticum,472,574,102
Mycolicibacterium_acetamidolyticum,754,755,1
Mycolicibacterium_acetamidolyticum,760,768,8
Mycolicibacterium_acetamidolyticum,789,790,1
Mycolicibacterium_acetamidolyticum,839,840,1
Mycolicibacterium_acetamidolyticum,890,891,1
Mycolicibacterium_acetamidolyticum,896,900,4
Mycolicibacterium_acetamidolyticum,1010,1011,1
Mycolicibacterium_acetamidolyticum,1068,1069,1
Mycolicibacterium_acetamidolyticum,1168,1169,1
Mycolicibacterium_acetamidolyticum,1185,1186,1
Mycolicibacterium_acetamidolyticum,1211,1212,1
Mycolicibacterium_acetamidolyticum,1237,1238,1
Mycolicibacterium_acetamidolyticum,1398,1399,1
Mycolicibacterium_acetamidolyticum,1430,1437,7
Mycolicibacterium_acetamidolyticum,1438,1439,1
Mycolicibacterium_acetamidolyticum,1441,1442,1
Mycolicibacterium_acetamidolyticum,1445,1446,1
Mycolicibacterium_acetamidolyticum,1449,1466,17
Mycolicibacterium_acetamidolyticum,1491,1492,1
Mycolicibacterium_acetamidolyticum,1707,1708,1
Mycolicibacterium_acetamidolyticum,1748,1749,1
Mycolicibacterium_acetamidolyticum,1751,1752,1
Mycolicibacterium_acetamidolyticum,1756,1761,5
Mycolicibacterium_acetamidolyticum,1771,1775,4
Mycolicibacterium_acetamidolyticum,1776,1777,1
Mycolicibacterium_acetamidolyticum,1784,1785,1
Mycolicibacterium_acetamidolyticum,1789,1790,1
Mycolicibacterium_acetamidolyticum,1802,1803,1
Mycolicibacterium_acetamidolyticum,1918,1919,1
Mycolicibacterium_acetamidolyticum,1954,1955,1
Mycolicibacterium_acetamidolyticum,1993,1994,1
Mycolicibacterium_acetamidolyticum,2132,2133,1
Mycolicibacterium_acetamidolyticum,2136,2137,1
Mycolicibacterium_acetamidolyticum,2138,2139,1
Mycolicibacterium_acetamidolyticum,2143,2147,4
Mycolicibacterium_acetamidolyticum,2151,2152,1
Mycolicibacterium_acetamidolyticum,2162,2163,1
Mycolicibacterium_acetamidolyticum,2285,2297,12
Mycolicibacterium_acetamidolyticum,2299,2300,1
Mycolicibacterium_acetamidolyticum,2303,2306,3
Mycolicibacterium_acetamidolyticum,2309,2315,6
Mycolicibacterium_acetamidolyticum,2316,2325,9
Mycolicibacterium_acetamidolyticum,2379,2380,1
Mycolicibacterium_acetamidolyticum,2664,2665,1
Mycolicibacterium_acetamidolyticum,2723,2850,127
Mycolicibacterium_acetamidolyticum,3376,3377,1
Mycolicibacterium_acetamidolyticum,3378,3379,1
Mycolicibacterium_acetamidolyticum,3433,3434,1
Mycolicibacterium_gadium,1,3,2
Mycolicibacterium_gadium,82,83,1
Mycolicibacterium_gadium,186,187,1
Mycolicibacterium_gadium,235,237,2
Mycolicibacterium_gadium,238,240,2
Mycolicibacterium_gadium,250,251,1
Mycolicibacterium_gadium,295,296,1
Mycolicibacterium_gadium,341,342,1
Mycolicibacterium_gadium,359,360,1
Mycolicibacterium_gadium,373,374,1
Mycolicibacterium_gadium,386,387,1
Mycolicibacterium_gadium,401,402,1
Mycolicibacterium_gadium,416,417,1
Mycolicibacterium_gadium,451,452,1
Mycolicibacterium_gadium,471,574,103
Mycolicibacterium_gadium,696,699,3
Mycolicibacterium_gadium,753,755,2
Mycolicibacterium_gadium,760,761,1
Mycolicibacterium_gadium,762,768,6
Mycolicibacterium_gadium,789,790,1
Mycolicibacterium_gadium,839,840,1
Mycolicibacterium_gadium,890,891,1
Mycolicibacterium_gadium,896,900,4
Mycolicibacterium_gadium,1010,1011,1
Mycolicibacterium_gadium,1068,1069,1
Mycolicibacterium_gadium,1168,1169,1
Mycolicibacterium_gadium,1185,1186,1
Mycolicibacterium_gadium,1211,1212,1
Mycolicibacterium_gadium,1237,1238,1
Mycolicibacterium_gadium,1398,1399,1
Mycolicibacterium_gadium,1430,1437,7
Mycolicibacterium_gadium,1438,1439,1
Mycolicibacterium_gadium,1445,1446,1
Mycolicibacterium_gadium,1455,1459,4
Mycolicibacterium_gadium,1491,1492,1
Mycolicibacterium_gadium,1707,1708,1
Mycolicibacterium_gadium,1748,1749,1
Mycolicibacterium_gadium,1756,1761,5
Mycolicibacterium_gadium,1771,1775,4
Mycolicibacterium_gadium,1776,1777,1
Mycolicibacterium_gadium,1789,1791,2
Mycolicibacterium_gadium,1802,1803,1
Mycolicibacterium_gadium,1918,1919,1
Mycolicibacterium_gadium,1954,1955,1
Mycolicibacterium_gadium,1993,1994,1
Mycolicibacterium_gadium,2132,2133,1
Mycolicibacterium_gadium,2136,2137,1
Mycolicibacterium_gadium,2138,2139,1
Mycolicibacterium_gadium,2143,2147,4
Mycolicibacterium_gadium,2151,2152,1
Mycolicibacterium_gadium,2162,2163,1
Mycolicibacterium_gadium,2285,2294,9
Mycolicibacterium_gadium,2296,2297,1
Mycolicibacterium_gadium,2299,2300,1
Mycolicibacterium_gadium,2303,2306,3
Mycolicibacterium_gadium,2309,2315,6
Mycolicibacterium_gadium,2316,2325,9
Mycolicibacterium_gadium,2379,2380,1
Mycolicibacterium_gadium,2664,2665,1
Mycolicibacterium_gadium,2723,2850,127
Mycolicibacterium_gadium,3376,3377,1
Mycolicibacterium_gadium,3378,3379,1
Mycolicibacterium_gadium,3433,3434,1
Mycolicibacterium_fortuitum,1,3,2
Mycolicibacterium_fortuitum,82,83,1
Mycolicibacterium_fortuitum,186,187,1
Mycolicibacterium_fortuitum,235,237,2
Mycolicibacterium_fortuitum,238,239,1
Mycolicibacterium_fortuitum,250,251,1
Mycolicibacterium_fortuitum,295,296,1
Mycolicibacterium_fortuitum,341,342,1
Mycolicibacterium_fortuitum,359,360,1
Mycolicibacterium_fortuitum,373,374,1
Mycolicibacterium_fortuitum,401,402,1
Mycolicibacterium_fortuitum,416,417,1
Mycolicibacterium_fortuitum,451,452,1
Mycolicibacterium_fortuitum,472,574,102
Mycolicibacterium_fortuitum,754,755,1
Mycolicibacterium_fortuitum,760,768,8
Mycolicibacterium_fortuitum,789,790,1
Mycolicibacterium_fortuitum,839,840,1
Mycolicibacterium_fortuitum,890,891,1
Mycolicibacterium_fortuitum,896,900,4
Mycolicibacterium_fortuitum,1010,1011,1
Mycolicibacterium_fortuitum,1068,1069,1
Mycolicibacterium_fortuitum,1168,1169,1
Mycolicibacterium_fortuitum,1185,1186,1
Mycolicibacterium_fortuitum,1211,1212,1
Mycolicibacterium_fortuitum,1237,1238,1
Mycolicibacterium_fortuitum,1398,1399,1
Mycolicibacterium_fortuitum,1430,1437,7
Mycolicibacterium_fortuitum,1438,1439,1
Mycolicibacterium_fortuitum,1441,1442,1
Mycolicibacterium_fortuitum,1445,1446,1
Mycolicibacterium_fortuitum,1449,1466,17
Mycolicibacterium_fortuitum,1491,1492,1
Mycolicibacterium_fortuitum,1707,1708,1
Mycolicibacterium_fortuitum,1748,1749,1
Mycolicibacterium_fortuitum,1751,1752,1
Mycolicibacterium_fortuitum,1756,1761,5
Mycolicibacterium_fortuitum,1771,1775,4
Mycolicibacterium_fortuitum,1776,1777,1
Mycolicibacterium_fortuitum,1784,1785,1
Mycolicibacterium_fortuitum,1789,1790,1
Mycolicibacterium_fortuitum,1802,1803,1
Mycolicibacterium_fortuitum,1918,1919,1
Mycolicibacterium_fortuitum,1954,1955,1
Mycolicibacterium_fortuitum,1993,1994,1
Mycolicibacterium_fortuitum,2132,2133,1
Mycolicibacterium_fortuitum,2136,2137,1
Mycolicibacterium_fortuitum,2138,2139,1
Mycolicibacterium_fortuitum,2143,2147,4
Mycolicibacterium_fortuitum,2151,2152,1
Mycolicibacterium_fortuitum,2162,2163,1
Mycolicibacterium_fortuitum,2285,2297,12
Mycolicibacterium_fortuitum,2299,2300,1
Mycolicibacterium_fortuitum,2303,2306,3
Mycolicibacterium_fortuitum,2309,2315,6
Mycolicibacterium_fortuitum,2316,2325,9
Mycolicibacterium_fortuitum,2379,2380,1
Mycolicibacterium_fortuitum,2664,2665,1
Mycolicibacterium_fortuitum,2723,2850,127
Mycolicibacterium_fortuitum,3376,3377,1
Mycolicibacterium_fortuitum,3378,3379,1
Mycolicibacterium_fortuitum,3433,3434,1
Mycolicibacterium_fallax,1,3,2
Mycolicibacterium_fallax,82,83,1
Mycolicibacterium_fallax,186,187,1
Mycolicibacterium_fallax,235,237,2
Mycolicibacterium_fallax,238,240,2
Mycolicibacterium_fallax,250,251,1
Mycolicibacterium_fallax,295,296,1
Mycolicibacterium_fallax,341,342,1
Mycolicibacterium_fallax,359,360,1
Mycolicibacterium_fallax,373,374,1
Mycolicibacterium_fallax,386,387,1
Mycolicibacterium_fallax,401,402,1
Mycolicibacterium_fallax,416,417,1
Mycolicibacterium_fallax,451,452,1
Mycolicibacterium_fallax,471,574,103
Mycolicibacterium_fallax,753,755,2
Mycolicibacterium_fallax,760,761,1
Mycolicibacterium_fallax,762,768,6
Mycolicibacterium_fallax,789,790,1
Mycolicibacterium_fallax,839,840,1
Mycolicibacterium_fallax,886,893,7
Mycolicibacterium_fallax,896,900,4
Mycolicibacterium_fallax,1010,1011,1
Mycolicibacterium_fallax,1068,1069,1
Mycolicibacterium_fallax,1185,1186,1
Mycolicibacterium_fallax,1190,1192,2
Mycolicibacterium_fallax,1211,1212,1
Mycolicibacterium_fallax,1237,1238,1
Mycolicibacterium_fallax,1431,1436,5
Mycolicibacterium_fallax,1438,1439,1
Mycolicibacterium_fallax,1445,1462,17
Mycolicibacterium_fallax,1491,1492,1
Mycolicibacterium_fallax,1707,1708,1
Mycolicibacterium_fallax,1744,1745,1
Mycolicibacterium_fallax,1748,1749,1
Mycolicibacterium_fallax,1751,1752,1
Mycolicibacterium_fallax,1756,1761,5
Mycolicibacterium_fallax,1772,1778,6
Mycolicibacterium_fallax,1784,1785,1
Mycolicibacterium_fallax,1789,1791,2
Mycolicibacterium_fallax,1802,1803,1
Mycolicibacterium_fallax,1918,1920,2
Mycolicibacterium_fallax,1954,1955,1
Mycolicibacterium_fallax,1993,1994,1
Mycolicibacterium_fallax,2132,2133,1
Mycolicibacterium_fallax,2136,2137,1
Mycolicibacterium_fallax,2138,2139,1
Mycolicibacterium_fallax,2143,2147,4
Mycolicibacterium_fallax,2151,2152,1
Mycolicibacterium_fallax,2162,2163,1
Mycolicibacterium_fallax,2200,2201,1
Mycolicibacterium_fallax,2296,2297,1
Mycolicibacterium_fallax,2299,2325,26
Mycolicibacterium_fallax,2379,2380,1
Mycolicibacterium_fallax,2664,2665,1
Mycolicibacterium_fallax,2723,2850,127
Mycolicibacterium_fallax,3376,3377,1
Mycolicibacterium_fallax,3378,3379,1
Mycolicibacterium_fallax,3433,3434,1
Mycolicibacterium_murale,1,3,2
Mycolicibacterium_murale,82,83,1
Mycolicibacterium_murale,186,187,1
Mycolicibacterium_murale,235,237,2
Mycolicibacterium_murale,238,240,2
Mycolicibacterium_murale,250,251,1
Mycolicibacterium_murale,295,296,1
Mycolicibacterium_murale,341,342,1
Mycolicibacterium_murale,359,360,1
Mycolicibacterium_murale,373,374,1
Mycolicibacterium_murale,386,387,1
Mycolicibacterium_murale,401,402,1
Mycolicibacterium_murale,416,417,1
Mycolicibacterium_murale,451,452,1
Mycolicibacterium_murale,471,574,103
Mycolicibacterium_murale,753,757,4
Mycolicibacterium_murale,760,767,7
Mycolicibacterium_murale,789,790,1
Mycolicibacterium_murale,839,840,1
Mycolicibacterium_murale,886,893,7
Mycolicibacterium_murale,896,900,4
Mycolicibacterium_murale,1010,1012,2
Mycolicibacterium_murale,1068,1069,1
Mycolicibacterium_murale,1168,1169,1
Mycolicibacterium_murale,1185,1186,1
Mycolicibacterium_murale,1190,1192,2
Mycolicibacterium_murale,1211,1212,1
Mycolicibacterium_murale,1237,1238,1
Mycolicibacterium_murale,1398,1399,1
Mycolicibacterium_murale,1409,1411,2
Mycolicibacterium_murale,1430,1437,7
Mycolicibacterium_murale,1438,1439,1
Mycolicibacterium_murale,1443,1444,1
Mycolicibacterium_murale,1445,1446,1
Mycolicibacterium_murale,1448,1464,16
Mycolicibacterium_murale,1491,1492,1
Mycolicibacterium_murale,1707,1708,1
Mycolicibacterium_murale,1748,1749,1
Mycolicibacterium_murale,1751,1752,1
Mycolicibacterium_murale,1756,1761,5
Mycolicibacterium_murale,1771,1775,4
Mycolicibacterium_murale,1776,1777,1
Mycolicibacterium_murale,1784,1785,1
Mycolicibacterium_murale,1789,1791,2
Mycolicibacterium_murale,1802,1803,1
Mycolicibacterium_murale,1918,1919,1
Mycolicibacterium_murale,1954,1955,1
Mycolicibacterium_murale,1993,1994,1
Mycolicibacterium_murale,2132,2133,1
Mycolicibacterium_murale,2136,2137,1
Mycolicibacterium_murale,2138,2139,1
Mycolicibacterium_murale,2143,2147,4
Mycolicibacterium_murale,2150,2152,2
Mycolicibacterium_murale,2162,2163,1
Mycolicibacterium_murale,2285,2294,9
Mycolicibacterium_murale,2296,2297,1
Mycolicibacterium_murale,2299,2307,8
Mycolicibacterium_murale,2309,2315,6
Mycolicibacterium_murale,2316,2325,9
Mycolicibacterium_murale,2379,2380,1
Mycolicibacterium_murale,2664,2665,1
Mycolicibacterium_murale,2723,2850,127
Mycolicibacterium_murale,3021,3022,1
Mycolicibacterium_murale,3376,3377,1
Mycolicibacterium_murale,3378,3379,1
Mycolicibacterium_murale,3433,3434,1
Mycolicibacterium_murale,3447,3448,1
Mycolicibacterium_moriokaense,1,3,2
Mycolicibacterium_moriokaense,82,83,1
Mycolicibacterium_moriokaense,186,187,1
Mycolicibacterium_moriokaense,235,237,2
Mycolicibacterium_moriokaense,238,240,2
Mycolicibacterium_moriokaense,250,251,1
Mycolicibacterium_moriokaense,295,296,1
Mycolicibacterium_moriokaense,341,342,1
Mycolicibacterium_moriokaense,359,360,1
Mycolicibacterium_moriokaense,373,374,1
Mycolicibacterium_moriokaense,386,387,1
Mycolicibacterium_moriokaense,401,402,1
Mycolicibacterium_moriokaense,416,417,1
Mycolicibacterium_moriokaense,451,452,1
Mycolicibacterium_moriokaense,471,574,103
Mycolicibacterium_moriokaense,753,755,2
Mycolicibacterium_moriokaense,760,761,1
Mycolicibacterium_moriokaense,762,768,6
Mycolicibacterium_moriokaense,789,790,1
Mycolicibacterium_moriokaense,839,840,1
Mycolicibacterium_moriokaense,890,891,1
Mycolicibacterium_moriokaense,896,900,4
Mycolicibacterium_moriokaense,1010,1011,1
Mycolicibacterium_moriokaense,1068,1069,1
Mycolicibacterium_moriokaense,1168,1169,1
Mycolicibacterium_moriokaense,1185,1186,1
Mycolicibacterium_moriokaense,1211,1212,1
Mycolicibacterium_moriokaense,1237,1238,1
Mycolicibacterium_moriokaense,1398,1399,1
Mycolicibacterium_moriokaense,1430,1437,7
Mycolicibacterium_moriokaense,1438,1439,1
Mycolicibacterium_moriokaense,1445,1446,1
Mycolicibacterium_moriokaense,1448,1467,19
Mycolicibacterium_moriokaense,1491,1492,1
Mycolicibacterium_moriokaense,1707,1708,1
Mycolicibacterium_moriokaense,1748,1749,1
Mycolicibacterium_moriokaense,1756,1761,5
Mycolicibacterium_moriokaense,1771,1775,4
Mycolicibacterium_moriokaense,1776,1777,1
Mycolicibacterium_moriokaense,1784,1785,1
Mycolicibacterium_moriokaense,1789,1791,2
Mycolicibacterium_moriokaense,1802,1803,1
Mycolicibacterium_moriokaense,1918,1919,1
Mycolicibacterium_moriokaense,1954,1955,1
Mycolicibacterium_moriokaense,1993,1994,1
Mycolicibacterium_moriokaense,2132,2133,1
Mycolicibacterium_moriokaense,2136,2137,1
Mycolicibacterium_moriokaense,2143,2147,4
Mycolicibacterium_moriokaense,2151,2152,1
Mycolicibacterium_moriokaense,2162,2163,1
Mycolicibacterium_moriokaense,2285,2294,9
Mycolicibacterium_moriokaense,2296,2297,1
Mycolicibacterium_moriokaense,2299,2300,1
Mycolicibacterium_moriokaense,2303,2306,3
Mycolicibacterium_moriokaense,2309,2315,6
Mycolicibacterium_moriokaense,2316,2325,9
Mycolicibacterium_moriokaense,2379,2380,1
Mycolicibacterium_moriokaense,2664,2665,1
Mycolicibacterium_moriokaense,2723,2850,127
Mycolicibacterium_moriokaense,3378,3379,1
Mycolicibacterium_moriokaense,3433,3434,1
Mycolicibacterium_helvum,1,3,2
Mycolicibacterium_helvum,82,83,1
Mycolicibacterium_helvum,179,181,2
Mycolicibacterium_helvum,186,187,1
Mycolicibacterium_helvum,235,237,2
Mycolicibacterium_helvum,250,251,1
Mycolicibacterium_helvum,295,296,1
Mycolicibacterium_helvum,341,342,1
Mycolicibacterium_helvum,359,360,1
Mycolicibacterium_helvum,373,374,1
Mycolicibacterium_helvum,386,387,1
Mycolicibacterium_helvum,401,402,1
Mycolicibacterium_helvum,416,417,1
Mycolicibacterium_helvum,451,452,1
Mycolicibacterium_helvum,470,574,104
Mycolicibacterium_helvum,753,757,4
Mycolicibacterium_helvum,760,761,1
Mycolicibacterium_helvum,762,768,6
Mycolicibacterium_helvum,770,771,1
Mycolicibacterium_helvum,789,790,1
Mycolicibacterium_helvum,839,840,1
Mycolicibacterium_helvum,890,891,1
Mycolicibacterium_helvum,896,900,4
Mycolicibacterium_helvum,1010,1011,1
Mycolicibacterium_helvum,1068,1069,1
Mycolicibacterium_helvum,1168,1169,1
Mycolicibacterium_helvum,1185,1186,1
Mycolicibacterium_helvum,1190,1192,2
Mycolicibacterium_helvum,1211,1212,1
Mycolicibacterium_helvum,1237,1238,1
Mycolicibacterium_helvum,1398,1399,1
Mycolicibacterium_helvum,1430,1437,7
Mycolicibacterium_helvum,1438,1439,1
Mycolicibacterium_helvum,1445,1446,1
Mycolicibacterium_helvum,1448,1462,14
Mycolicibacterium_helvum,1707,1708,1
Mycolicibacterium_helvum,1748,1749,1
Mycolicibacterium_helvum,1751,1752,1
Mycolicibacterium_helvum,1756,1761,5
Mycolicibacterium_helvum,1771,1775,4
Mycolicibacterium_helvum,1776,1777,1
Mycolicibacterium_helvum,1784,1785,1
Mycolicibacterium_helvum,1789,1791,2
Mycolicibacterium_helvum,1802,1803,1
Mycolicibacterium_helvum,1918,1919,1
Mycolicibacterium_helvum,1954,1955,1
Mycolicibacterium_helvum,1993,1994,1
Mycolicibacterium_helvum,2121,2122,1
Mycolicibacterium_helvum,2132,2133,1
Mycolicibacterium_helvum,2136,2137,1
Mycolicibacterium_helvum,2138,2139,1
Mycolicibacterium_helvum,2143,2147,4
Mycolicibacterium_helvum,2151,2152,1
Mycolicibacterium_helvum,2162,2163,1
Mycolicibacterium_helvum,2285,2294,9
Mycolicibacterium_helvum,2296,2297,1
Mycolicibacterium_helvum,2299,2300,1
Mycolicibacterium_helvum,2303,2308,5
Mycolicibacterium_helvum,2309,2315,6
Mycolicibacterium_helvum,2316,2325,9
Mycolicibacterium_helvum,2379,2380,1
Mycolicibacterium_helvum,2519,2521,2
Mycolicibacterium_helvum,2664,2665,1
Mycolicibacterium_helvum,2723,2850,127
Mycolicibacterium_helvum,3376,3377,1
Mycolicibacterium_helvum,3378,3379,1
Mycolicibacterium_helvum,3433,3434,1
Mycolicibacterium_peregrinum,1,3,2
Mycolicibacterium_peregrinum,82,83,1
Mycolicibacterium_peregrinum,186,187,1
Mycolicibacterium_peregrinum,235,237,2
Mycolicibacterium_peregrinum,238,240,2
Mycolicibacterium_peregrinum,250,251,1
Mycolicibacterium_peregrinum,295,296,1
Mycolicibacterium_peregrinum,341,342,1
Mycolicibacterium_peregrinum,359,360,1
Mycolicibacterium_peregrinum,373,374,1
Mycolicibacterium_peregrinum,401,402,1
Mycolicibacterium_peregrinum,416,417,1
Mycolicibacterium_peregrinum,451,452,1
Mycolicibacterium_peregrinum,472,574,102
Mycolicibacterium_peregrinum,754,755,1
Mycolicibacterium_peregrinum,760,768,8
Mycolicibacterium_peregrinum,789,790,1
Mycolicibacterium_peregrinum,839,840,1
Mycolicibacterium_peregrinum,890,891,1
Mycolicibacterium_peregrinum,896,900,4
Mycolicibacterium_peregrinum,1010,1011,1
Mycolicibacterium_peregrinum,1068,1069,1
Mycolicibacterium_peregrinum,1168,1169,1
Mycolicibacterium_peregrinum,1185,1186,1
Mycolicibacterium_peregrinum,1211,1212,1
Mycolicibacterium_peregrinum,1237,1238,1
Mycolicibacterium_peregrinum,1398,1399,1
Mycolicibacterium_peregrinum,1430,1437,7
Mycolicibacterium_peregrinum,1438,1439,1
Mycolicibacterium_peregrinum,1445,1446,1
Mycolicibacterium_peregrinum,1449,1465,16
Mycolicibacterium_peregrinum,1491,1492,1
Mycolicibacterium_peregrinum,1707,1708,1
Mycolicibacterium_peregrinum,1748,1749,1
Mycolicibacterium_peregrinum,1751,1752,1
Mycolicibacterium_peregrinum,1756,1761,5
Mycolicibacterium_peregrinum,1771,1775,4
Mycolicibacterium_peregrinum,1776,1777,1
Mycolicibacterium_peregrinum,1784,1785,1
Mycolicibacterium_peregrinum,1789,1790,1
Mycolicibacterium_peregrinum,1802,1803,1
Mycolicibacterium_peregrinum,1918,1920,2
Mycolicibacterium_peregrinum,1954,1955,1
Mycolicibacterium_peregrinum,1993,1994,1
Mycolicibacterium_peregrinum,2132,2133,1
Mycolicibacterium_peregrinum,2136,2137,1
Mycolicibacterium_peregrinum,2138,2139,1
Mycolicibacterium_peregrinum,2143,2147,4
Mycolicibacterium_peregrinum,2151,2152,1
Mycolicibacterium_peregrinum,2162,2163,1
Mycolicibacterium_peregrinum,2285,2297,12
Mycolicibacterium_peregrinum,2299,2300,1
Mycolicibacterium_peregrinum,2303,2306,3
Mycolicibacterium_peregrinum,2309,2315,6
Mycolicibacterium_peregrinum,2316,2325,9
Mycolicibacterium_peregrinum,2379,2380,1
Mycolicibacterium_peregrinum,2664,2665,1
Mycolicibacterium_peregrinum,2723,2850,127
Mycolicibacterium_peregrinum,3376,3377,1
Mycolicibacterium_peregrinum,3378,3379,1
Mycolicibacterium_peregrinum,3433,3434,1
Mycolicibacterium_nivoides,1,3,2
Mycolicibacterium_nivoides,82,83,1
Mycolicibacterium_nivoides,186,187,1
Mycolicibacterium_nivoides,235,237,2
Mycolicibacterium_nivoides,238,240,2
Mycolicibacterium_nivoides,250,251,1
Mycolicibacterium_nivoides,295,296,1
Mycolicibacterium_nivoides,341,342,1
Mycolicibacterium_nivoides,359,360,1
Mycolicibacterium_nivoides,373,374,1
Mycolicibacterium_nivoides,401,402,1
Mycolicibacterium_nivoides,416,417,1
Mycolicibacterium_nivoides,451,452,1
Mycolicibacterium_nivoides,464,465,1
Mycolicibacterium_nivoides,472,574,102
Mycolicibacterium_nivoides,753,756,3
Mycolicibacterium_nivoides,760,768,8
Mycolicibacterium_nivoides,789,790,1
Mycolicibacterium_nivoides,839,840,1
Mycolicibacterium_nivoides,890,891,1
Mycolicibacterium_nivoides,896,900,4
Mycolicibacterium_nivoides,1010,1011,1
Mycolicibacterium_nivoides,1068,1069,1
Mycolicibacterium_nivoides,1168,1169,1
Mycolicibacterium_nivoides,1185,1186,1
Mycolicibacterium_nivoides,1211,1212,1
Mycolicibacterium_nivoides,1237,1238,1
Mycolicibacterium_nivoides,1398,1399,1
Mycolicibacterium_nivoides,1430,1437,7
Mycolicibacterium_nivoides,1438,1439,1
Mycolicibacterium_nivoides,1441,1442,1
Mycolicibacterium_nivoides,1445,1446,1
Mycolicibacterium_nivoides,1449,1466,17
Mycolicibacterium_nivoides,1491,1492,1
Mycolicibacterium_nivoides,1707,1708,1
Mycolicibacterium_nivoides,1748,1749,1
Mycolicibacterium_nivoides,1751,1752,1
Mycolicibacterium_nivoides,1756,1761,5
Mycolicibacterium_nivoides,1771,1775,4
Mycolicibacterium_nivoides,1776,1777,1
Mycolicibacterium_nivoides,1784,1785,1
Mycolicibacterium_nivoides,1789,1790,1
Mycolicibacterium_nivoides,1802,1803,1
Mycolicibacterium_nivoides,1918,1919,1
Mycolicibacterium_nivoides,1954,1955,1
Mycolicibacterium_nivoides,1993,1994,1
Mycolicibacterium_nivoides,2132,2133,1
Mycolicibacterium_nivoides,2136,2137,1
Mycolicibacterium_nivoides,2138,2139,1
Mycolicibacterium_nivoides,2143,2147,4
Mycolicibacterium_nivoides,2151,2152,1
Mycolicibacterium_nivoides,2162,2163,1
Mycolicibacterium_nivoides,2285,2297,12
Mycolicibacterium_nivoides,2299,2300,1
Mycolicibacterium_nivoides,2303,2306,3
Mycolicibacterium_nivoides,2309,2315,6
Mycolicibacterium_nivoides,2316,2325,9
Mycolicibacterium_nivoides,2379,2380,1
Mycolicibacterium_nivoides,2664,2665,1
Mycolicibacterium_nivoides,2723,2850,127
Mycolicibacterium_nivoides,3376,3377,1
Mycolicibacterium_nivoides,3378,3379,1
Mycolicibacterium_nivoides,3433,3434,1
Mycolicibacterium_septicum,1,3,2
Mycolicibacterium_septicum,82,83,1
Mycolicibacterium_septicum,186,187,1
Mycolicibacterium_septicum,235,237,2
Mycolicibacterium_septicum,238,240,2
Mycolicibacterium_septicum,250,251,1
Mycolicibacterium_septicum,295,296,1
Mycolicibacterium_septicum,341,342,1
Mycolicibacterium_septicum,359,360,1
Mycolicibacterium_septicum,373,374,1
Mycolicibacterium_septicum,401,402,1
Mycolicibacterium_septicum,416,417,1
Mycolicibacterium_septicum,451,452,1
Mycolicibacterium_septicum,464,465,1
Mycolicibacterium_septicum,472,574,102
Mycolicibacterium_septicum,754,755,1
Mycolicibacterium_septicum,760,768,8
Mycolicibacterium_septicum,789,790,1
Mycolicibacterium_septicum,839,840,1
Mycolicibacterium_septicum,890,891,1
Mycolicibacterium_septicum,896,900,4
Mycolicibacterium_septicum,1010,1011,1
Mycolicibacterium_septicum,1068,1069,1
Mycolicibacterium_septicum,1168,1169,1
Mycolicibacterium_septicum,1185,1186,1
Mycolicibacterium_septicum,1211,1212,1
Mycolicibacterium_septicum,1237,1238,1
Mycolicibacterium_septicum,1398,1399,1
Mycolicibacterium_septicum,1430,1437,7
Mycolicibacterium_septicum,1438,1439,1
Mycolicibacterium_septicum,1441,1442,1
Mycolicibacterium_septicum,1445,1446,1
Mycolicibacterium_septicum,1449,1463,14
Mycolicibacterium_septicum,1491,1492,1
Mycolicibacterium_septicum,1707,1708,1
Mycolicibacterium_septicum,1748,1749,1
Mycolicibacterium_septicum,1751,1752,1
Mycolicibacterium_septicum,1756,1761,5
Mycolicibacterium_septicum,1771,1775,4
Mycolicibacterium_septicum,1776,1777,1
Mycolicibacterium_septicum,1784,1785,1
Mycolicibacterium_septicum,1789,1790,1
Mycolicibacterium_septicum,1802,1803,1
Mycolicibacterium_septicum,1918,1919,1
Mycolicibacterium_septicum,1954,1955,1
Mycolicibacterium_septicum,1993,1994,1
Mycolicibacterium_septicum,2132,2133,1
Mycolicibacterium_septicum,2136,2137,1
Mycolicibacterium_septicum,2138,2139,1
Mycolicibacterium_septicum,2143,2147,4
Mycolicibacterium_septicum,2151,2152,1
Mycolicibacterium_septicum,2162,2163,1
Mycolicibacterium_septicum,2285,2297,12
Mycolicibacterium_septicum,2299,2300,1
Mycolicibacterium_septicum,2303,2306,3
Mycolicibacterium_septicum,2309,2315,6
Mycolicibacterium_septicum,2316,2325,9
Mycolicibacterium_septicum,2379,2380,1
Mycolicibacterium_septicum,2664,2665,1
Mycolicibacterium_septicum,2723,2850,127
Mycolicibacterium_septicum,3376,3377,1
Mycolicibacterium_septicum,3378,3379,1
Mycolicibacterium_septicum,3433,3434,1
Mycolicibacterium_boenickei,1,3,2
Mycolicibacterium_boenickei,82,83,1
Mycolicibacterium_boenickei,186,187,1
Mycolicibacterium_boenickei,235,237,2
Mycolicibacterium_boenickei,238,240,2
Mycolicibacterium_boenickei,250,251,1
Mycolicibacterium_boenickei,295,296,1
Mycolicibacterium_boenickei,341,342,1
Mycolicibacterium_boenickei,359,360,1
Mycolicibacterium_boenickei,373,374,1
Mycolicibacterium_boenickei,401,402,1
Mycolicibacterium_boenickei,416,417,1
Mycolicibacterium_boenickei,451,452,1
Mycolicibacterium_boenickei,464,465,1
Mycolicibacterium_boenickei,472,574,102
Mycolicibacterium_boenickei,753,756,3
Mycolicibacterium_boenickei,760,768,8
Mycolicibacterium_boenickei,789,790,1
Mycolicibacterium_boenickei,839,840,1
Mycolicibacterium_boenickei,890,891,1
Mycolicibacterium_boenickei,896,900,4
Mycolicibacterium_boenickei,1010,1011,1
Mycolicibacterium_boenickei,1068,1069,1
Mycolicibacterium_boenickei,1168,1169,1
Mycolicibacterium_boenickei,1185,1186,1
Mycolicibacterium_boenickei,1211,1212,1
Mycolicibacterium_boenickei,1237,1238,1
Mycolicibacterium_boenickei,1398,1399,1
Mycolicibacterium_boenickei,1430,1437,7
Mycolicibacterium_boenickei,1438,1439,1
Mycolicibacterium_boenickei,1441,1442,1
Mycolicibacterium_boenickei,1445,1446,1
Mycolicibacterium_boenickei,1449,1466,17
Mycolicibacterium_boenickei,1491,1492,1
Mycolicibacterium_boenickei,1707,1708,1
Mycolicibacterium_boenickei,1748,1749,1
Mycolicibacterium_boenickei,1751,1752,1
Mycolicibacterium_boenickei,1756,1761,5
Mycolicibacterium_boenickei,1771,1775,4
Mycolicibacterium_boenickei,1776,1777,1
Mycolicibacterium_boenickei,1784,1785,1
Mycolicibacterium_boenickei,1789,1790,1
Mycolicibacterium_boenickei,1802,1803,1
Mycolicibacterium_boenickei,1918,1919,1
Mycolicibacterium_boenickei,1954,1955,1
Mycolicibacterium_boenickei,1993,1994,1
Mycolicibacterium_boenickei,2132,2133,1
Mycolicibacterium_boenickei,2136,2137,1
Mycolicibacterium_boenickei,2138,2139,1
Mycolicibacterium_boenickei,2143,2147,4
Mycolicibacterium_boenickei,2151,2152,1
Mycolicibacterium_boenickei,2162,2163,1
Mycolicibacterium_boenickei,2285,2297,12
Mycolicibacterium_boenickei,2299,2300,1
Mycolicibacterium_boenickei,2303,2306,3
Mycolicibacterium_boenickei,2309,2315,6
Mycolicibacterium_boenickei,2316,2325,9
Mycolicibacterium_boenickei,2379,2380,1
Mycolicibacterium_boenickei,2664,2665,1
Mycolicibacterium_boenickei,2723,2850,127
Mycolicibacterium_boenickei,3376,3377,1
Mycolicibacterium_boenickei,3378,3379,1
Mycolicibacterium_boenickei,3433,3434,1
Mycolicibacterium_insubricum,1,3,2
Mycolicibacterium_insubricum,82,83,1
Mycolicibacterium_insubricum,184,187,3
Mycolicibacterium_insubricum,192,193,1
Mycolicibacterium_insubricum,235,237,2
Mycolicibacterium_insubricum,238,240,2
Mycolicibacterium_insubricum,250,251,1
Mycolicibacterium_insubricum,295,296,1
Mycolicibacterium_insubricum,341,342,1
Mycolicibacterium_insubricum,359,360,1
Mycolicibacterium_insubricum,373,374,1
Mycolicibacterium_insubricum,386,387,1
Mycolicibacterium_insubricum,401,402,1
Mycolicibacterium_insubricum,416,417,1
Mycolicibacterium_insubricum,451,452,1
Mycolicibacterium_insubricum,470,574,104
Mycolicibacterium_insubricum,753,755,2
Mycolicibacterium_insubricum,760,761,1
Mycolicibacterium_insubricum,762,768,6
Mycolicibacterium_insubricum,789,790,1
Mycolicibacterium_insubricum,839,840,1
Mycolicibacterium_insubricum,886,893,7
Mycolicibacterium_insubricum,896,900,4
Mycolicibacterium_insubricum,1010,1011,1
Mycolicibacterium_insubricum,1068,1069,1
Mycolicibacterium_insubricum,1168,1169,1
Mycolicibacterium_insubricum,1185,1186,1
Mycolicibacterium_insubricum,1190,1192,2
Mycolicibacterium_insubricum,1211,1212,1
Mycolicibacterium_insubricum,1237,1238,1
Mycolicibacterium_insubricum,1398,1399,1
Mycolicibacterium_insubricum,1431,1436,5
Mycolicibacterium_insubricum,1438,1439,1
Mycolicibacterium_insubricum,1443,1464,21
Mycolicibacterium_insubricum,1491,1492,1
Mycolicibacterium_insubricum,1707,1708,1
Mycolicibacterium_insubricum,1748,1749,1
Mycolicibacterium_insubricum,1751,1752,1
Mycolicibacterium_insubricum,1756,1761,5
Mycolicibacterium_insubricum,1772,1777,5
Mycolicibacterium_insubricum,1784,1785,1
Mycolicibacterium_insubricum,1789,1791,2
Mycolicibacterium_insubricum,1802,1803,1
Mycolicibacterium_insubricum,1918,1919,1
Mycolicibacterium_insubricum,1954,1955,1
Mycolicibacterium_insubricum,1993,1994,1
Mycolicibacterium_insubricum,2121,2122,1
Mycolicibacterium_insubricum,2132,2133,1
Mycolicibacterium_insubricum,2136,2137,1
Mycolicibacterium_insubricum,2138,2139,1
Mycolicibacterium_insubricum,2143,2147,4
Mycolicibacterium_insubricum,2151,2152,1
Mycolicibacterium_insubricum,2162,2163,1
Mycolicibacterium_insubricum,2285,2294,9
Mycolicibacterium_insubricum,2299,2305,6
Mycolicibacterium_insubricum,2309,2325,16
Mycolicibacterium_insubricum,2379,2380,1
Mycolicibacterium_insubricum,2664,2665,1
Mycolicibacterium_insubricum,2723,2850,127
Mycolicibacterium_insubricum,3376,3377,1
Mycolicibacterium_insubricum,3378,3379,1
Mycolicibacterium_insubricum,3433,3434,1
Mycolicibacterium_gilvum,1,3,2
Mycolicibacterium_gilvum,82,83,1
Mycolicibacterium_gilvum,186,187,1
Mycolicibacterium_gilvum,235,237,2
Mycolicibacterium_gilvum,238,240,2
Mycolicibacterium_gilvum,250,251,1
Mycolicibacterium_gilvum,295,296,1
Mycolicibacterium_gilvum,341,342,1
Mycolicibacterium_gilvum,359,360,1
Mycolicibacterium_gilvum,373,374,1
Mycolicibacterium_gilvum,386,387,1
Mycolicibacterium_gilvum,401,402,1
Mycolicibacterium_gilvum,416,417,1
Mycolicibacterium_gilvum,451,452,1
Mycolicibacterium_gilvum,471,574,103
Mycolicibacterium_gilvum,753,757,4
Mycolicibacterium_gilvum,760,761,1
Mycolicibacterium_gilvum,762,768,6
Mycolicibacterium_gilvum,789,790,1
Mycolicibacterium_gilvum,839,840,1
Mycolicibacterium_gilvum,890,891,1
Mycolicibacterium_gilvum,896,900,4
Mycolicibacterium_gilvum,1010,1011,1
Mycolicibacterium_gilvum,1068,1069,1
Mycolicibacterium_gilvum,1168,1169,1
Mycolicibacterium_gilvum,1185,1186,1
Mycolicibacterium_gilvum,1190,1192,2
Mycolicibacterium_gilvum,1211,1212,1
Mycolicibacterium_gilvum,1237,1238,1
Mycolicibacterium_gilvum,1398,1399,1
Mycolicibacterium_gilvum,1430,1437,7
Mycolicibacterium_gilvum,1438,1439,1
Mycolicibacterium_gilvum,1445,1446,1
Mycolicibacterium_gilvum,1448,1462,14
Mycolicibacterium_gilvum,1491,1492,1
Mycolicibacterium_gilvum,1707,1708,1
Mycolicibacterium_gilvum,1748,1749,1
Mycolicibacterium_gilvum,1751,1752,1
Mycolicibacterium_gilvum,1756,1761,5
Mycolicibacterium_gilvum,1771,1775,4
Mycolicibacterium_gilvum,1776,1777,1
Mycolicibacterium_gilvum,1784,1785,1
Mycolicibacterium_gilvum,1802,1803,1
Mycolicibacterium_gilvum,1918,1919,1
Mycolicibacterium_gilvum,1954,1955,1
Mycolicibacterium_gilvum,1993,1994,1
Mycolicibacterium_gilvum,2132,2133,1
Mycolicibacterium_gilvum,2136,2137,1
Mycolicibacterium_gilvum,2138,2139,1
Mycolicibacterium_gilvum,2143,2147,4
Mycolicibacterium_gilvum,2151,2152,1
Mycolicibacterium_gilvum,2162,2163,1
Mycolicibacterium_gilvum,2285,2294,9
Mycolicibacterium_gilvum,2296,2297,1
Mycolicibacterium_gilvum,2299,2300,1
Mycolicibacterium_gilvum,2302,2307,5
Mycolicibacterium_gilvum,2309,2315,6
Mycolicibacterium_gilvum,2316,2325,9
Mycolicibacterium_gilvum,2379,2380,1
Mycolicibacterium_gilvum,2664,2665,1
Mycolicibacterium_gilvum,2723,2850,127
Mycolicibacterium_gilvum,3378,3379,1
Mycolicibacterium_gilvum,3433,3434,1
Mycolicibacterium_mengxianglii,1,3,2
Mycolicibacterium_mengxianglii,82,83,1
Mycolicibacterium_mengxianglii,186,187,1
Mycolicibacterium_mengxianglii,235,237,2
Mycolicibacterium_mengxianglii,238,240,2
Mycolicibacterium_mengxianglii,250,251,1
Mycolicibacterium_mengxianglii,295,296,1
Mycolicibacterium_mengxianglii,341,342,1
Mycolicibacterium_mengxianglii,359,360,1
Mycolicibacterium_mengxianglii,373,374,1
Mycolicibacterium_mengxianglii,386,387,1
Mycolicibacterium_mengxianglii,401,402,1
Mycolicibacterium_mengxianglii,416,417,1
Mycolicibacterium_mengxianglii,451,452,1
Mycolicibacterium_mengxianglii,471,574,103
Mycolicibacterium_mengxianglii,753,755,2
Mycolicibacterium_mengxianglii,762,768,6
Mycolicibacterium_mengxianglii,789,790,1
Mycolicibacterium_mengxianglii,839,840,1
Mycolicibacterium_mengxianglii,886,893,7
Mycolicibacterium_mengxianglii,896,900,4
Mycolicibacterium_mengxianglii,1010,1011,1
Mycolicibacterium_mengxianglii,1068,1069,1
Mycolicibacterium_mengxianglii,1168,1169,1
Mycolicibacterium_mengxianglii,1185,1186,1
Mycolicibacterium_mengxianglii,1190,1192,2
Mycolicibacterium_mengxianglii,1211,1212,1
Mycolicibacterium_mengxianglii,1237,1238,1
Mycolicibacterium_mengxianglii,1398,1399,1
Mycolicibacterium_mengxianglii,1430,1437,7
Mycolicibacterium_mengxianglii,1438,1439,1
Mycolicibacterium_mengxianglii,1443,1444,1
Mycolicibacterium_mengxianglii,1445,1446,1
Mycolicibacterium_mengxianglii,1448,1464,16
Mycolicibacterium_mengxianglii,1491,1492,1
Mycolicibacterium_mengxianglii,1707,1708,1
Mycolicibacterium_mengxianglii,1748,1749,1
Mycolicibacterium_mengxianglii,1751,1752,1
Mycolicibacterium_mengxianglii,1756,1761,5
Mycolicibacterium_mengxianglii,1771,1775,4
Mycolicibacterium_mengxianglii,1776,1777,1
Mycolicibacterium_mengxianglii,1784,1785,1
Mycolicibacterium_mengxianglii,1789,1791,2
Mycolicibacterium_mengxianglii,1802,1803,1
Mycolicibacterium_mengxianglii,1918,1919,1
Mycolicibacterium_mengxianglii,1954,1955,1
Mycolicibacterium_mengxianglii,1993,1994,1
Mycolicibacterium_mengxianglii,2132,2133,1
Mycolicibacterium_mengxianglii,2136,2137,1
Mycolicibacterium_mengxianglii,2138,2139,1
Mycolicibacterium_mengxianglii,2143,2147,4
Mycolicibacterium_mengxianglii,2151,2152,1
Mycolicibacterium_mengxianglii,2162,2163,1
Mycolicibacterium_mengxianglii,2285,2294,9
Mycolicibacterium_mengxianglii,2296,2297,1
Mycolicibacterium_mengxianglii,2299,2300,1
Mycolicibacterium_mengxianglii,2303,2306,3
Mycolicibacterium_mengxianglii,2309,2315,6
Mycolicibacterium_mengxianglii,2316,2325,9
Mycolicibacterium_mengxianglii,2379,2380,1
Mycolicibacterium_mengxianglii,2664,2665,1
Mycolicibacterium_mengxianglii,2723,2850,127
Mycolicibacterium_mengxianglii,3376,3377,1
Mycolicibacterium_mengxianglii,3378,3379,1
Mycolicibacterium_mengxianglii,3433,3434,1
Mycolicibacterium_sphagni,1,3,2
Mycolicibacterium_sphagni,82,83,1
Mycolicibacterium_sphagni,186,187,1
Mycolicibacterium_sphagni,235,237,2
Mycolicibacterium_sphagni,250,251,1
Mycolicibacterium_sphagni,295,296,1
Mycolicibacterium_sphagni,341,342,1
Mycolicibacterium_sphagni,359,360,1
Mycolicibacterium_sphagni,373,374,1
Mycolicibacterium_sphagni,386,387,1
Mycolicibacterium_sphagni,401,402,1
Mycolicibacterium_sphagni,416,417,1
Mycolicibacterium_sphagni,451,452,1
Mycolicibacterium_sphagni,470,574,104
Mycolicibacterium_sphagni,753,757,4
Mycolicibacterium_sphagni,760,761,1
Mycolicibacterium_sphagni,762,768,6
Mycolicibacterium_sphagni,789,790,1
Mycolicibacterium_sphagni,839,840,1
Mycolicibacterium_sphagni,890,891,1
Mycolicibacterium_sphagni,896,900,4
Mycolicibacterium_sphagni,1010,1011,1
Mycolicibacterium_sphagni,1068,1069,1
Mycolicibacterium_sphagni,1168,1169,1
Mycolicibacterium_sphagni,1185,1186,1
Mycolicibacterium_sphagni,1190,1192,2
Mycolicibacterium_sphagni,1211,1212,1
Mycolicibacterium_sphagni,1237,1238,1
Mycolicibacterium_sphagni,1398,1399,1
Mycolicibacterium_sphagni,1430,1437,7
Mycolicibacterium_sphagni,1438,1439,1
Mycolicibacterium_sphagni,1445,1446,1
Mycolicibacterium_sphagni,1448,1462,14
Mycolicibacterium_sphagni,1707,1708,1
Mycolicibacterium_sphagni,1748,1749,1
Mycolicibacterium_sphagni,1751,1752,1
Mycolicibacterium_sphagni,1756,1761,5
Mycolicibacterium_sphagni,1771,1775,4
Mycolicibacterium_sphagni,1776,1777,1
Mycolicibacterium_sphagni,1784,1785,1
Mycolicibacterium_sphagni,1789,1791,2
Mycolicibacterium_sphagni,1802,1803,1
Mycolicibacterium_sphagni,1918,1919,1
Mycolicibacterium_sphagni,1954,1955,1
Mycolicibacterium_sphagni,1993,1994,1
Mycolicibacterium_sphagni,2121,2122,1
Mycolicibacterium_sphagni,2132,2133,1
Mycolicibacterium_sphagni,2136,2137,1
Mycolicibacterium_sphagni,2138,2139,1
Mycolicibacterium_sphagni,2143,2147,4
Mycolicibacterium_sphagni,2151,2152,1
Mycolicibacterium_sphagni,2162,2163,1
Mycolicibacterium_sphagni,2285,2294,9
Mycolicibacterium_sphagni,2296,2297,1
Mycolicibacterium_sphagni,2299,2300,1
Mycolicibacterium_sphagni,2303,2308,5
Mycolicibacterium_sphagni,2309,2315,6
Mycolicibacterium_sphagni,2316,2325,9
Mycolicibacterium_sphagni,2379,2380,1
Mycolicibacterium_sphagni,2664,2665,1
Mycolicibacterium_sphagni,2723,2850,127
Mycolicibacterium_sphagni,3376,3377,1
Mycolicibacterium_sphagni,3378,3379,1
Mycolicibacterium_sphagni,3433,3434,1
Mycolicibacterium_doricum,1,3,2
Mycolicibacterium_doricum,82,83,1
Mycolicibacterium_doricum,186,187,1
Mycolicibacterium_doricum,235,237,2
Mycolicibacterium_doricum,238,240,2
Mycolicibacterium_doricum,250,251,1
Mycolicibacterium_doricum,295,296,1
Mycolicibacterium_doricum,359,360,1
Mycolicibacterium_doricum,373,374,1
Mycolicibacterium_doricum,386,387,1
Mycolicibacterium_doricum,401,402,1
Mycolicibacterium_doricum,416,417,1
Mycolicibacterium_doricum,451,452,1
Mycolicibacterium_doricum,470,574,104
Mycolicibacterium_doricum,753,755,2
Mycolicibacterium_doricum,762,768,6
Mycolicibacterium_doricum,789,790,1
Mycolicibacterium_doricum,839,840,1
Mycolicibacterium_doricum,890,891,1
Mycolicibacterium_doricum,896,900,4
Mycolicibacterium_doricum,1010,1011,1
Mycolicibacterium_doricum,1068,1069,1
Mycolicibacterium_doricum,1168,1169,1
Mycolicibacterium_doricum,1185,1186,1
Mycolicibacterium_doricum,1190,1192,2
Mycolicibacterium_doricum,1211,1212,1
Mycolicibacterium_doricum,1237,1238,1
Mycolicibacterium_doricum,1398,1399,1
Mycolicibacterium_doricum,1430,1437,7
Mycolicibacterium_doricum,1438,1439,1
Mycolicibacterium_doricum,1443,1444,1
Mycolicibacterium_doricum,1445,1446,1
Mycolicibacterium_doricum,1449,1460,11
Mycolicibacterium_doricum,1491,1492,1
Mycolicibacterium_doricum,1707,1708,1
Mycolicibacterium_doricum,1748,1749,1
Mycolicibacterium_doricum,1751,1752,1
Mycolicibacterium_doricum,1756,1761,5
Mycolicibacterium_doricum,1771,1777,6
Mycolicibacterium_doricum,1789,1790,1
Mycolicibacterium_doricum,1802,1803,1
Mycolicibacterium_doricum,1918,1919,1
Mycolicibacterium_doricum,1954,1955,1
Mycolicibacterium_doricum,1993,1994,1
Mycolicibacterium_doricum,2136,2137,1
Mycolicibacterium_doricum,2138,2139,1
Mycolicibacterium_doricum,2143,2147,4
Mycolicibacterium_doricum,2151,2152,1
Mycolicibacterium_doricum,2162,2163,1
Mycolicibacterium_doricum,2200,2201,1
Mycolicibacterium_doricum,2253,2254,1
Mycolicibacterium_doricum,2285,2294,9
Mycolicibacterium_doricum,2296,2297,1
Mycolicibacterium_doricum,2299,2300,1
Mycolicibacterium_doricum,2302,2307,5
Mycolicibacterium_doricum,2309,2315,6
Mycolicibacterium_doricum,2316,2325,9
Mycolicibacterium_doricum,2379,2380,1
Mycolicibacterium_doricum,2664,2665,1
Mycolicibacterium_doricum,2723,2850,127
Mycolicibacterium_doricum,3376,3377,1
Mycolicibacterium_doricum,3378,3379,1
Mycolicibacterium_doricum,3433,3434,1
Mycobacterium_syngnathidarum,1,3,2
Mycobacterium_syngnathidarum,82,83,1
Mycobacterium_syngnathidarum,186,187,1
Mycobacterium_syngnathidarum,235,237,2
Mycobacterium_syngnathidarum,238,240,2
Mycobacterium_syngnathidarum,250,251,1
Mycobacterium_syngnathidarum,295,296,1
Mycobacterium_syngnathidarum,341,342,1
Mycobacterium_syngnathidarum,359,360,1
Mycobacterium_syngnathidarum,373,374,1
Mycobacterium_syngnathidarum,401,402,1
Mycobacterium_syngnathidarum,416,417,1
Mycobacterium_syngnathidarum,451,452,1
Mycobacterium_syngnathidarum,464,465,1
Mycobacterium_syngnathidarum,472,574,102
Mycobacterium_syngnathidarum,753,756,3
Mycobacterium_syngnathidarum,760,768,8
Mycobacterium_syngnathidarum,789,790,1
Mycobacterium_syngnathidarum,839,840,1
Mycobacterium_syngnathidarum,890,891,1
Mycobacterium_syngnathidarum,896,900,4
Mycobacterium_syngnathidarum,1010,1011,1
Mycobacterium_syngnathidarum,1068,1069,1
Mycobacterium_syngnathidarum,1168,1169,1
Mycobacterium_syngnathidarum,1185,1186,1
Mycobacterium_syngnathidarum,1211,1212,1
Mycobacterium_syngnathidarum,1237,1238,1
Mycobacterium_syngnathidarum,1398,1399,1
Mycobacterium_syngnathidarum,1430,1437,7
Mycobacterium_syngnathidarum,1438,1439,1
Mycobacterium_syngnathidarum,1441,1442,1
Mycobacterium_syngnathidarum,1445,1446,1
Mycobacterium_syngnathidarum,1449,1466,17
Mycobacterium_syngnathidarum,1491,1492,1
Mycobacterium_syngnathidarum,1707,1708,1
Mycobacterium_syngnathidarum,1748,1749,1
Mycobacterium_syngnathidarum,1751,1752,1
Mycobacterium_syngnathidarum,1756,1761,5
Mycobacterium_syngnathidarum,1771,1775,4
Mycobacterium_syngnathidarum,1776,1777,1
Mycobacterium_syngnathidarum,1784,1785,1
Mycobacterium_syngnathidarum,1789,1790,1
Mycobacterium_syngnathidarum,1802,1803,1
Mycobacterium_syngnathidarum,1918,1920,2
Mycobacterium_syngnathidarum,1954,1955,1
Mycobacterium_syngnathidarum,1993,1994,1
Mycobacterium_syngnathidarum,2132,2133,1
Mycobacterium_syngnathidarum,2136,2137,1
Mycobacterium_syngnathidarum,2138,2139,1
Mycobacterium_syngnathidarum,2143,2147,4
Mycobacterium_syngnathidarum,2151,2152,1
Mycobacterium_syngnathidarum,2162,2163,1
Mycobacterium_syngnathidarum,2285,2297,12
Mycobacterium_syngnathidarum,2299,2300,1
Mycobacterium_syngnathidarum,2303,2306,3
Mycobacterium_syngnathidarum,2309,2315,6
Mycobacterium_syngnathidarum,2316,2325,9
Mycobacterium_syngnathidarum,2379,2380,1
Mycobacterium_syngnathidarum,2664,2665,1
Mycobacterium_syngnathidarum,2723,2850,127
Mycobacterium_syngnathidarum,3376,3377,1
Mycobacterium_syngnathidarum,3378,3379,1
Mycobacterium_syngnathidarum,3433,3434,1
Mycobacterium_neglectum,1,3,2
Mycobacterium_neglectum,82,83,1
Mycobacterium_neglectum,186,187,1
Mycobacterium_neglectum,235,237,2
Mycobacterium_neglectum,238,240,2
Mycobacterium_neglectum,250,251,1
Mycobacterium_neglectum,295,296,1
Mycobacterium_neglectum,341,342,1
Mycobacterium_neglectum,359,360,1
Mycobacterium_neglectum,373,374,1
Mycobacterium_neglectum,386,387,1
Mycobacterium_neglectum,401,402,1
Mycobacterium_neglectum,416,417,1
Mycobacterium_neglectum,451,452,1
Mycobacterium_neglectum,471,574,103
Mycobacterium_neglectum,753,755,2
Mycobacterium_neglectum,760,761,1
Mycobacterium_neglectum,762,768,6
Mycobacterium_neglectum,789,790,1
Mycobacterium_neglectum,839,840,1
Mycobacterium_neglectum,890,891,1
Mycobacterium_neglectum,896,900,4
Mycobacterium_neglectum,1010,1011,1
Mycobacterium_neglectum,1068,1069,1
Mycobacterium_neglectum,1168,1169,1
Mycobacterium_neglectum,1185,1186,1
Mycobacterium_neglectum,1211,1212,1
Mycobacterium_neglectum,1237,1238,1
Mycobacterium_neglectum,1398,1399,1
Mycobacterium_neglectum,1430,1437,7
Mycobacterium_neglectum,1438,1439,1
Mycobacterium_neglectum,1445,1446,1
Mycobacterium_neglectum,1454,1467,13
Mycobacterium_neglectum,1491,1492,1
Mycobacterium_neglectum,1707,1708,1
Mycobacterium_neglectum,1748,1749,1
Mycobacterium_neglectum,1756,1761,5
Mycobacterium_neglectum,1771,1775,4
Mycobacterium_neglectum,1776,1777,1
Mycobacterium_neglectum,1789,1791,2
Mycobacterium_neglectum,1802,1803,1
Mycobacterium_neglectum,1918,1919,1
Mycobacterium_neglectum,1954,1955,1
Mycobacterium_neglectum,1993,1994,1
Mycobacterium_neglectum,2121,2122,1
Mycobacterium_neglectum,2132,2133,1
Mycobacterium_neglectum,2136,2137,1
Mycobacterium_neglectum,2138,2139,1
Mycobacterium_neglectum,2143,2147,4
Mycobacterium_neglectum,2151,2152,1
Mycobacterium_neglectum,2162,2163,1
Mycobacterium_neglectum,2285,2294,9
Mycobacterium_neglectum,2296,2297,1
Mycobacterium_neglectum,2299,2300,1
Mycobacterium_neglectum,2302,2307,5
Mycobacterium_neglectum,2309,2315,6
Mycobacterium_neglectum,2316,2325,9
Mycobacterium_neglectum,2379,2380,1
Mycobacterium_neglectum,2664,2665,1
Mycobacterium_neglectum,2723,2850,127
Mycobacterium_neglectum,3376,3377,1
Mycobacterium_neglectum,3378,3379,1
Mycobacterium_neglectum,3433,3434,1
Mycolicibacterium_rhodesiae,1,3,2
Mycolicibacterium_rhodesiae,82,83,1
Mycolicibacterium_rhodesiae,179,180,1
Mycolicibacterium_rhodesiae,186,187,1
Mycolicibacterium_rhodesiae,235,237,2
Mycolicibacterium_rhodesiae,238,240,2
Mycolicibacterium_rhodesiae,250,251,1
Mycolicibacterium_rhodesiae,295,296,1
Mycolicibacterium_rhodesiae,341,342,1
Mycolicibacterium_rhodesiae,359,360,1
Mycolicibacterium_rhodesiae,373,374,1
Mycolicibacterium_rhodesiae,386,387,1
Mycolicibacterium_rhodesiae,401,402,1
Mycolicibacterium_rhodesiae,416,417,1
Mycolicibacterium_rhodesiae,451,452,1
Mycolicibacterium_rhodesiae,471,574,103
Mycolicibacterium_rhodesiae,753,755,2
Mycolicibacterium_rhodesiae,760,761,1
Mycolicibacterium_rhodesiae,762,768,6
Mycolicibacterium_rhodesiae,789,790,1
Mycolicibacterium_rhodesiae,839,840,1
Mycolicibacterium_rhodesiae,890,891,1
Mycolicibacterium_rhodesiae,896,900,4
Mycolicibacterium_rhodesiae,1010,1011,1
Mycolicibacterium_rhodesiae,1068,1069,1
Mycolicibacterium_rhodesiae,1168,1169,1
Mycolicibacterium_rhodesiae,1185,1186,1
Mycolicibacterium_rhodesiae,1211,1212,1
Mycolicibacterium_rhodesiae,1237,1238,1
Mycolicibacterium_rhodesiae,1398,1399,1
Mycolicibacterium_rhodesiae,1430,1437,7
Mycolicibacterium_rhodesiae,1438,1439,1
Mycolicibacterium_rhodesiae,1445,1446,1
Mycolicibacterium_rhodesiae,1455,1460,5
Mycolicibacterium_rhodesiae,1491,1492,1
Mycolicibacterium_rhodesiae,1707,1708,1
Mycolicibacterium_rhodesiae,1748,1749,1
Mycolicibacterium_rhodesiae,1751,1752,1
Mycolicibacterium_rhodesiae,1756,1760,4
Mycolicibacterium_rhodesiae,1771,1777,6
Mycolicibacterium_rhodesiae,1784,1785,1
Mycolicibacterium_rhodesiae,1802,1803,1
Mycolicibacterium_rhodesiae,1918,1920,2
Mycolicibacterium_rhodesiae,1954,1955,1
Mycolicibacterium_rhodesiae,1993,1994,1
Mycolicibacterium_rhodesiae,2136,2137,1
Mycolicibacterium_rhodesiae,2138,2139,1
Mycolicibacterium_rhodesiae,2143,2147,4
Mycolicibacterium_rhodesiae,2151,2152,1
Mycolicibacterium_rhodesiae,2162,2163,1
Mycolicibacterium_rhodesiae,2285,2294,9
Mycolicibacterium_rhodesiae,2296,2297,1
Mycolicibacterium_rhodesiae,2299,2302,3
Mycolicibacterium_rhodesiae,2303,2306,3
Mycolicibacterium_rhodesiae,2309,2315,6
Mycolicibacterium_rhodesiae,2316,2325,9
Mycolicibacterium_rhodesiae,2379,2380,1
Mycolicibacterium_rhodesiae,2664,2665,1
Mycolicibacterium_rhodesiae,2723,2850,127
Mycolicibacterium_rhodesiae,3378,3379,1
Mycolicibacterium_rhodesiae,3433,3434,1
Mycobacterium_xenopi,1,3,2
Mycobacterium_xenopi,82,83,1
Mycobacterium_xenopi,186,187,1
Mycobacterium_xenopi,235,237,2
Mycobacterium_xenopi,238,240,2
Mycobacterium_xenopi,250,251,1
Mycobacterium_xenopi,295,296,1
Mycobacterium_xenopi,341,342,1
Mycobacterium_xenopi,359,360,1
Mycobacterium_xenopi,373,374,1
Mycobacterium_xenopi,386,387,1
Mycobacterium_xenopi,401,402,1
Mycobacterium_xenopi,416,417,1
Mycobacterium_xenopi,451,452,1
Mycobacterium_xenopi,471,574,103
Mycobacterium_xenopi,753,769,16
Mycobacterium_xenopi,789,790,1
Mycobacterium_xenopi,839,840,1
Mycobacterium_xenopi,883,891,8
Mycobacterium_xenopi,1010,1011,1
Mycobacterium_xenopi,1068,1069,1
Mycobacterium_xenopi,1168,1169,1
Mycobacterium_xenopi,1184,1186,2
Mycobacterium_xenopi,1190,1192,2
Mycobacterium_xenopi,1211,1212,1
Mycobacterium_xenopi,1237,1238,1
Mycobacterium_xenopi,1398,1399,1
Mycobacterium_xenopi,1430,1437,7
Mycobacterium_xenopi,1438,1439,1
Mycobacterium_xenopi,1445,1446,1
Mycobacterium_xenopi,1448,1466,18
Mycobacterium_xenopi,1491,1492,1
Mycobacterium_xenopi,1515,1516,1
Mycobacterium_xenopi,1707,1708,1
Mycobacterium_xenopi,1748,1749,1
Mycobacterium_xenopi,1756,1761,5
Mycobacterium_xenopi,1772,1775,3
Mycobacterium_xenopi,1776,1777,1
Mycobacterium_xenopi,1784,1785,1
Mycobacterium_xenopi,1789,1791,2
Mycobacterium_xenopi,1802,1803,1
Mycobacterium_xenopi,1954,1955,1
Mycobacterium_xenopi,1993,1994,1
Mycobacterium_xenopi,2132,2133,1
Mycobacterium_xenopi,2136,2137,1
Mycobacterium_xenopi,2138,2139,1
Mycobacterium_xenopi,2143,2147,4
Mycobacterium_xenopi,2151,2152,1
Mycobacterium_xenopi,2162,2163,1
Mycobacterium_xenopi,2285,2294,9
Mycobacterium_xenopi,2296,2297,1
Mycobacterium_xenopi,2299,2300,1
Mycobacterium_xenopi,2309,2315,6
Mycobacterium_xenopi,2316,2325,9
Mycobacterium_xenopi,2379,2380,1
Mycobacterium_xenopi,2664,2665,1
Mycobacterium_xenopi,2723,2850,127
Mycobacterium_xenopi,3376,3377,1
Mycobacterium_xenopi,3378,3379,1
Mycobacterium_xenopi,3393,3394,1
Mycobacterium_xenopi,3433,3434,1
Mycobacterium_palauense,1,3,2
Mycobacterium_palauense,82,83,1
Mycobacterium_palauense,186,187,1
Mycobacterium_palauense,235,237,2
Mycobacterium_palauense,238,240,2
Mycobacterium_palauense,250,251,1
Mycobacterium_palauense,277,278,1
Mycobacterium_palauense,295,296,1
Mycobacterium_palauense,341,342,1
Mycobacterium_palauense,359,360,1
Mycobacterium_palauense,373,374,1
Mycobacterium_palauense,386,387,1
Mycobacterium_palauense,401,402,1
Mycobacterium_palauense,416,417,1
Mycobacterium_palauense,451,452,1
Mycobacterium_palauense,471,574,103
Mycobacterium_palauense,753,755,2
Mycobacterium_palauense,760,768,8
Mycobacterium_palauense,789,790,1
Mycobacterium_palauense,839,840,1
Mycobacterium_palauense,890,891,1
Mycobacterium_palauense,894,904,10
Mycobacterium_palauense,1010,1011,1
Mycobacterium_palauense,1068,1069,1
Mycobacterium_palauense,1168,1169,1
Mycobacterium_palauense,1185,1186,1
Mycobacterium_palauense,1190,1192,2
Mycobacterium_palauense,1211,1212,1
Mycobacterium_palauense,1237,1238,1
Mycobacterium_palauense,1398,1399,1
Mycobacterium_palauense,1430,1437,7
Mycobacterium_palauense,1438,1439,1
Mycobacterium_palauense,1441,1460,19
Mycobacterium_palauense,1491,1492,1
Mycobacterium_palauense,1707,1708,1
Mycobacterium_palauense,1748,1749,1
Mycobacterium_palauense,1756,1761,5
Mycobacterium_palauense,1771,1775,4
Mycobacterium_palauense,1776,1777,1
Mycobacterium_palauense,1784,1785,1
Mycobacterium_palauense,1789,1790,1
Mycobacterium_palauense,1802,1803,1
Mycobacterium_palauense,1918,1920,2
Mycobacterium_palauense,1954,1955,1
Mycobacterium_palauense,1993,1994,1
Mycobacterium_palauense,2121,2122,1
Mycobacterium_palauense,2132,2133,1
Mycobacterium_palauense,2136,2137,1
Mycobacterium_palauense,2138,2139,1
Mycobacterium_palauense,2143,2147,4
Mycobacterium_palauense,2151,2152,1
Mycobacterium_palauense,2162,2163,1
Mycobacterium_palauense,2285,2294,9
Mycobacterium_palauense,2296,2297,1
Mycobacterium_palauense,2299,2305,6
Mycobacterium_palauense,2309,2315,6
Mycobacterium_palauense,2316,2325,9
Mycobacterium_palauense,2379,2380,1
Mycobacterium_palauense,2664,2665,1
Mycobacterium_palauense,2723,2850,127
Mycobacterium_palauense,3376,3377,1
Mycobacterium_palauense,3378,3379,1
Mycobacterium_palauense,3433,3434,1
Mycolicibacterium_confluentis,1,3,2
Mycolicibacterium_confluentis,82,83,1
Mycolicibacterium_confluentis,186,187,1
Mycolicibacterium_confluentis,235,237,2
Mycolicibacterium_confluentis,238,240,2
Mycolicibacterium_confluentis,250,251,1
Mycolicibacterium_confluentis,295,296,1
Mycolicibacterium_confluentis,308,310,2
Mycolicibacterium_confluentis,334,335,1
Mycolicibacterium_confluentis,341,342,1
Mycolicibacterium_confluentis,359,360,1
Mycolicibacterium_confluentis,373,374,1
Mycolicibacterium_confluentis,386,387,1
Mycolicibacterium_confluentis,401,402,1
Mycolicibacterium_confluentis,416,417,1
Mycolicibacterium_confluentis,451,452,1
Mycolicibacterium_confluentis,471,574,103
Mycolicibacterium_confluentis,665,666,1
Mycolicibacterium_confluentis,753,755,2
Mycolicibacterium_confluentis,761,768,7
Mycolicibacterium_confluentis,789,790,1
Mycolicibacterium_confluentis,839,840,1
Mycolicibacterium_confluentis,886,893,7
Mycolicibacterium_confluentis,896,900,4
Mycolicibacterium_confluentis,1010,1011,1
Mycolicibacterium_confluentis,1068,1069,1
Mycolicibacterium_confluentis,1168,1169,1
Mycolicibacterium_confluentis,1185,1186,1
Mycolicibacterium_confluentis,1190,1192,2
Mycolicibacterium_confluentis,1211,1212,1
Mycolicibacterium_confluentis,1237,1238,1
Mycolicibacterium_confluentis,1398,1399,1
Mycolicibacterium_confluentis,1430,1437,7
Mycolicibacterium_confluentis,1438,1439,1
Mycolicibacterium_confluentis,1445,1460,15
Mycolicibacterium_confluentis,1491,1492,1
Mycolicibacterium_confluentis,1707,1708,1
Mycolicibacterium_confluentis,1748,1749,1
Mycolicibacterium_confluentis,1751,1752,1
Mycolicibacterium_confluentis,1756,1761,5
Mycolicibacterium_confluentis,1771,1775,4
Mycolicibacterium_confluentis,1776,1777,1
Mycolicibacterium_confluentis,1784,1785,1
Mycolicibacterium_confluentis,1789,1791,2
Mycolicibacterium_confluentis,1802,1803,1
Mycolicibacterium_confluentis,1918,1919,1
Mycolicibacterium_confluentis,1943,1944,1
Mycolicibacterium_confluentis,1954,1955,1
Mycolicibacterium_confluentis,1982,1983,1
Mycolicibacterium_confluentis,1993,1994,1
Mycolicibacterium_confluentis,2136,2137,1
Mycolicibacterium_confluentis,2138,2139,1
Mycolicibacterium_confluentis,2143,2147,4
Mycolicibacterium_confluentis,2151,2152,1
Mycolicibacterium_confluentis,2162,2163,1
Mycolicibacterium_confluentis,2200,2201,1
Mycolicibacterium_confluentis,2285,2294,9
Mycolicibacterium_confluentis,2296,2297,1
Mycolicibacterium_confluentis,2299,2300,1
Mycolicibacterium_confluentis,2302,2307,5
Mycolicibacterium_confluentis,2309,2315,6
Mycolicibacterium_confluentis,2316,2325,9
Mycolicibacterium_confluentis,2379,2380,1
Mycolicibacterium_confluentis,2664,2665,1
Mycolicibacterium_confluentis,2723,2850,127
Mycolicibacterium_confluentis,3376,3377,1
Mycolicibacterium_confluentis,3378,3379,1
Mycolicibacterium_confluentis,3433,3434,1
Mycolicibacterium_tokaiense,1,3,2
Mycolicibacterium_tokaiense,82,83,1
Mycolicibacterium_tokaiense,186,187,1
Mycolicibacterium_tokaiense,235,237,2
Mycolicibacterium_tokaiense,238,240,2
Mycolicibacterium_tokaiense,250,251,1
Mycolicibacterium_tokaiense,295,296,1
Mycolicibacterium_tokaiense,341,342,1
Mycolicibacterium_tokaiense,359,360,1
Mycolicibacterium_tokaiense,373,376,3
Mycolicibacterium_tokaiense,386,387,1
Mycolicibacterium_tokaiense,401,402,1
Mycolicibacterium_tokaiense,416,417,1
Mycolicibacterium_tokaiense,451,452,1
Mycolicibacterium_tokaiense,471,574,103
Mycolicibacterium_tokaiense,696,699,3
Mycolicibacterium_tokaiense,753,757,4
Mycolicibacterium_tokaiense,760,767,7
Mycolicibacterium_tokaiense,789,790,1
Mycolicibacterium_tokaiense,839,840,1
Mycolicibacterium_tokaiense,886,893,7
Mycolicibacterium_tokaiense,896,900,4
Mycolicibacterium_tokaiense,1010,1011,1
Mycolicibacterium_tokaiense,1068,1069,1
Mycolicibacterium_tokaiense,1168,1170,2
Mycolicibacterium_tokaiense,1185,1186,1
Mycolicibacterium_tokaiense,1190,1192,2
Mycolicibacterium_tokaiense,1211,1212,1
Mycolicibacterium_tokaiense,1237,1238,1
Mycolicibacterium_tokaiense,1398,1399,1
Mycolicibacterium_tokaiense,1430,1437,7
Mycolicibacterium_tokaiense,1438,1458,20
Mycolicibacterium_tokaiense,1491,1492,1
Mycolicibacterium_tokaiense,1707,1708,1
Mycolicibacterium_tokaiense,1748,1749,1
Mycolicibacterium_tokaiense,1751,1752,1
Mycolicibacterium_tokaiense,1756,1761,5
Mycolicibacterium_tokaiense,1771,1775,4
Mycolicibacterium_tokaiense,1776,1777,1
Mycolicibacterium_tokaiense,1784,1785,1
Mycolicibacterium_tokaiense,1789,1791,2
Mycolicibacterium_tokaiense,1802,1803,1
Mycolicibacterium_tokaiense,1918,1919,1
Mycolicibacterium_tokaiense,1954,1955,1
Mycolicibacterium_tokaiense,1993,1994,1
Mycolicibacterium_tokaiense,2132,2133,1
Mycolicibacterium_tokaiense,2136,2137,1
Mycolicibacterium_tokaiense,2138,2139,1
Mycolicibacterium_tokaiense,2143,2147,4
Mycolicibacterium_tokaiense,2150,2152,2
Mycolicibacterium_tokaiense,2162,2163,1
Mycolicibacterium_tokaiense,2285,2294,9
Mycolicibacterium_tokaiense,2296,2297,1
Mycolicibacterium_tokaiense,2299,2307,8
Mycolicibacterium_tokaiense,2309,2315,6
Mycolicibacterium_tokaiense,2316,2325,9
Mycolicibacterium_tokaiense,2379,2380,1
Mycolicibacterium_tokaiense,2664,2665,1
Mycolicibacterium_tokaiense,2723,2850,127
Mycolicibacterium_tokaiense,2983,2984,1
Mycolicibacterium_tokaiense,2994,2995,1
Mycolicibacterium_tokaiense,3376,3377,1
Mycolicibacterium_tokaiense,3378,3379,1
Mycolicibacterium_tokaiense,3433,3434,1
Mycolicibacterium_tokaiense,3447,3448,1
Mycolicibacterium_parafortuitum,1,3,2
Mycolicibacterium_parafortuitum,82,83,1
Mycolicibacterium_parafortuitum,186,187,1
Mycolicibacterium_parafortuitum,235,237,2
Mycolicibacterium_parafortuitum,238,240,2
Mycolicibacterium_parafortuitum,250,251,1
Mycolicibacterium_parafortuitum,295,296,1
Mycolicibacterium_parafortuitum,341,342,1
Mycolicibacterium_parafortuitum,359,360,1
Mycolicibacterium_parafortuitum,373,374,1
Mycolicibacterium_parafortuitum,386,387,1
Mycolicibacterium_parafortuitum,401,402,1
Mycolicibacterium_parafortuitum,416,417,1
Mycolicibacterium_parafortuitum,451,452,1
Mycolicibacterium_parafortuitum,472,574,102
Mycolicibacterium_parafortuitum,753,757,4
Mycolicibacterium_parafortuitum,760,761,1
Mycolicibacterium_parafortuitum,762,768,6
Mycolicibacterium_parafortuitum,789,790,1
Mycolicibacterium_parafortuitum,839,840,1
Mycolicibacterium_parafortuitum,890,891,1
Mycolicibacterium_parafortuitum,896,900,4
Mycolicibacterium_parafortuitum,1010,1011,1
Mycolicibacterium_parafortuitum,1068,1069,1
Mycolicibacterium_parafortuitum,1168,1169,1
Mycolicibacterium_parafortuitum,1185,1186,1
Mycolicibacterium_parafortuitum,1190,1192,2
Mycolicibacterium_parafortuitum,1211,1212,1
Mycolicibacterium_parafortuitum,1237,1238,1
Mycolicibacterium_parafortuitum,1398,1399,1
Mycolicibacterium_parafortuitum,1430,1437,7
Mycolicibacterium_parafortuitum,1438,1439,1
Mycolicibacterium_parafortuitum,1445,1446,1
Mycolicibacterium_parafortuitum,1448,1462,14
Mycolicibacterium_parafortuitum,1491,1492,1
Mycolicibacterium_parafortuitum,1707,1708,1
Mycolicibacterium_parafortuitum,1748,1749,1
Mycolicibacterium_parafortuitum,1751,1752,1
Mycolicibacterium_parafortuitum,1756,1761,5
Mycolicibacterium_parafortuitum,1771,1775,4
Mycolicibacterium_parafortuitum,1776,1777,1
Mycolicibacterium_parafortuitum,1784,1785,1
Mycolicibacterium_parafortuitum,1789,1791,2
Mycolicibacterium_parafortuitum,1802,1803,1
Mycolicibacterium_parafortuitum,1918,1919,1
Mycolicibacterium_parafortuitum,1954,1955,1
Mycolicibacterium_parafortuitum,1993,1994,1
Mycolicibacterium_parafortuitum,1997,1999,2
Mycolicibacterium_parafortuitum,2132,2133,1
Mycolicibacterium_parafortuitum,2136,2137,1
Mycolicibacterium_parafortuitum,2138,2139,1
Mycolicibacterium_parafortuitum,2143,2147,4
Mycolicibacterium_parafortuitum,2151,2152,1
Mycolicibacterium_parafortuitum,2162,2163,1
Mycolicibacterium_parafortuitum,2285,2294,9
Mycolicibacterium_parafortuitum,2296,2297,1
Mycolicibacterium_parafortuitum,2299,2300,1
Mycolicibacterium_parafortuitum,2301,2308,7
Mycolicibacterium_parafortuitum,2309,2315,6
Mycolicibacterium_parafortuitum,2316,2325,9
Mycolicibacterium_parafortuitum,2379,2380,1
Mycolicibacterium_parafortuitum,2664,2665,1
Mycolicibacterium_parafortuitum,2723,2850,127
Mycolicibacterium_parafortuitum,3378,3379,1
Mycolicibacterium_parafortuitum,3433,3434,1
Mycolicibacterium_sarraceniae,1,3,2
Mycolicibacterium_sarraceniae,82,83,1
Mycolicibacterium_sarraceniae,186,187,1
Mycolicibacterium_sarraceniae,235,237,2
Mycolicibacterium_sarraceniae,250,251,1
Mycolicibacterium_sarraceniae,295,296,1
Mycolicibacterium_sarraceniae,341,342,1
Mycolicibacterium_sarraceniae,359,360,1
Mycolicibacterium_sarraceniae,373,374,1
Mycolicibacterium_sarraceniae,386,387,1
Mycolicibacterium_sarraceniae,401,402,1
Mycolicibacterium_sarraceniae,416,417,1
Mycolicibacterium_sarraceniae,451,452,1
Mycolicibacterium_sarraceniae,470,574,104
Mycolicibacterium_sarraceniae,753,757,4
Mycolicibacterium_sarraceniae,760,761,1
Mycolicibacterium_sarraceniae,762,768,6
Mycolicibacterium_sarraceniae,839,840,1
Mycolicibacterium_sarraceniae,890,891,1
Mycolicibacterium_sarraceniae,896,900,4
Mycolicibacterium_sarraceniae,1010,1011,1
Mycolicibacterium_sarraceniae,1068,1069,1
Mycolicibacterium_sarraceniae,1168,1169,1
Mycolicibacterium_sarraceniae,1185,1186,1
Mycolicibacterium_sarraceniae,1190,1192,2
Mycolicibacterium_sarraceniae,1211,1212,1
Mycolicibacterium_sarraceniae,1237,1238,1
Mycolicibacterium_sarraceniae,1398,1399,1
Mycolicibacterium_sarraceniae,1430,1437,7
Mycolicibacterium_sarraceniae,1438,1439,1
Mycolicibacterium_sarraceniae,1445,1446,1
Mycolicibacterium_sarraceniae,1448,1462,14
Mycolicibacterium_sarraceniae,1707,1708,1
Mycolicibacterium_sarraceniae,1748,1749,1
Mycolicibacterium_sarraceniae,1751,1752,1
Mycolicibacterium_sarraceniae,1756,1761,5
Mycolicibacterium_sarraceniae,1771,1775,4
Mycolicibacterium_sarraceniae,1776,1777,1
Mycolicibacterium_sarraceniae,1784,1785,1
Mycolicibacterium_sarraceniae,1789,1791,2
Mycolicibacterium_sarraceniae,1802,1803,1
Mycolicibacterium_sarraceniae,1918,1919,1
Mycolicibacterium_sarraceniae,1954,1955,1
Mycolicibacterium_sarraceniae,1993,1994,1
Mycolicibacterium_sarraceniae,2119,2122,3
Mycolicibacterium_sarraceniae,2132,2133,1
Mycolicibacterium_sarraceniae,2136,2137,1
Mycolicibacterium_sarraceniae,2138,2139,1
Mycolicibacterium_sarraceniae,2143,2147,4
Mycolicibacterium_sarraceniae,2151,2152,1
Mycolicibacterium_sarraceniae,2162,2165,3
Mycolicibacterium_sarraceniae,2200,2201,1
Mycolicibacterium_sarraceniae,2285,2294,9
Mycolicibacterium_sarraceniae,2296,2297,1
Mycolicibacterium_sarraceniae,2299,2300,1
Mycolicibacterium_sarraceniae,2303,2308,5
Mycolicibacterium_sarraceniae,2309,2315,6
Mycolicibacterium_sarraceniae,2316,2325,9
Mycolicibacterium_sarraceniae,2379,2380,1
Mycolicibacterium_sarraceniae,2664,2665,1
Mycolicibacterium_sarraceniae,2723,2850,127
Mycolicibacterium_sarraceniae,3376,3377,1
Mycolicibacterium_sarraceniae,3378,3379,1
Mycolicibacterium_sarraceniae,3433,3434,1
Mycobacterium_heckeshornense,1,3,2
Mycobacterium_heckeshornense,82,83,1
Mycobacterium_heckeshornense,185,187,2
Mycobacterium_heckeshornense,236,237,1
Mycobacterium_heckeshornense,238,240,2
Mycobacterium_heckeshornense,250,251,1
Mycobacterium_heckeshornense,277,278,1
Mycobacterium_heckeshornense,295,296,1
Mycobacterium_heckeshornense,356,360,4
Mycobacterium_heckeshornense,373,374,1
Mycobacterium_heckeshornense,386,387,1
Mycobacterium_heckeshornense,401,402,1
Mycobacterium_heckeshornense,416,417,1
Mycobacterium_heckeshornense,451,452,1
Mycobacterium_heckeshornense,471,575,104
Mycobacterium_heckeshornense,753,769,16
Mycobacterium_heckeshornense,789,790,1
Mycobacterium_heckeshornense,839,840,1
Mycobacterium_heckeshornense,883,892,9
Mycobacterium_heckeshornense,1010,1011,1
Mycobacterium_heckeshornense,1068,1069,1
Mycobacterium_heckeshornense,1168,1169,1
Mycobacterium_heckeshornense,1184,1186,2
Mycobacterium_heckeshornense,1190,1192,2
Mycobacterium_heckeshornense,1211,1212,1
Mycobacterium_heckeshornense,1237,1238,1
Mycobacterium_heckeshornense,1398,1399,1
Mycobacterium_heckeshornense,1430,1437,7
Mycobacterium_heckeshornense,1438,1439,1
Mycobacterium_heckeshornense,1445,1446,1
Mycobacterium_heckeshornense,1448,1466,18
Mycobacterium_heckeshornense,1491,1492,1
Mycobacterium_heckeshornense,1515,1516,1
Mycobacterium_heckeshornense,1707,1708,1
Mycobacterium_heckeshornense,1748,1749,1
Mycobacterium_heckeshornense,1756,1761,5
Mycobacterium_heckeshornense,1772,1775,3
Mycobacterium_heckeshornense,1776,1777,1
Mycobacterium_heckeshornense,1784,1785,1
Mycobacterium_heckeshornense,1789,1791,2
Mycobacterium_heckeshornense,1802,1803,1
Mycobacterium_heckeshornense,1918,1919,1
Mycobacterium_heckeshornense,1954,1955,1
Mycobacterium_heckeshornense,1993,1994,1
Mycobacterium_heckeshornense,2114,2115,1
Mycobacterium_heckeshornense,2132,2133,1
Mycobacterium_heckeshornense,2136,2137,1
Mycobacterium_heckeshornense,2138,2139,1
Mycobacterium_heckeshornense,2143,2147,4
Mycobacterium_heckeshornense,2151,2152,1
Mycobacterium_heckeshornense,2162,2163,1
Mycobacterium_heckeshornense,2285,2294,9
Mycobacterium_heckeshornense,2296,2297,1
Mycobacterium_heckeshornense,2299,2301,2
Mycobacterium_heckeshornense,2309,2315,6
Mycobacterium_heckeshornense,2316,2325,9
Mycobacterium_heckeshornense,2379,2380,1
Mycobacterium_heckeshornense,2664,2665,1
Mycobacterium_heckeshornense,2723,2850,127
Mycobacterium_heckeshornense,3376,3377,1
Mycobacterium_heckeshornense,3378,3379,1
Mycobacterium_heckeshornense,3433,3434,1
Mycobacteroides_immunogenum,1,2,1
Mycobacteroides_immunogenum,82,83,1
Mycobacteroides_immunogenum,186,187,1
Mycobacteroides_immunogenum,235,237,2
Mycobacteroides_immunogenum,238,240,2
Mycobacteroides_immunogenum,250,251,1
Mycobacteroides_immunogenum,295,296,1
Mycobacteroides_immunogenum,359,360,1
Mycobacteroides_immunogenum,373,374,1
Mycobacteroides_immunogenum,401,402,1
Mycobacteroides_immunogenum,416,417,1
Mycobacteroides_immunogenum,451,452,1
Mycobacteroides_immunogenum,471,574,103
Mycobacteroides_immunogenum,753,764,11
Mycobacteroides_immunogenum,766,771,5
Mycobacteroides_immunogenum,789,790,1
Mycobacteroides_immunogenum,839,840,1
Mycobacteroides_immunogenum,880,899,19
Mycobacteroides_immunogenum,900,905,5
Mycobacteroides_immunogenum,1010,1011,1
Mycobacteroides_immunogenum,1068,1069,1
Mycobacteroides_immunogenum,1168,1169,1
Mycobacteroides_immunogenum,1185,1186,1
Mycobacteroides_immunogenum,1190,1192,2
Mycobacteroides_immunogenum,1211,1212,1
Mycobacteroides_immunogenum,1237,1238,1
Mycobacteroides_immunogenum,1398,1399,1
Mycobacteroides_immunogenum,1445,1446,1
Mycobacteroides_immunogenum,1457,1458,1
Mycobacteroides_immunogenum,1491,1492,1
Mycobacteroides_immunogenum,1560,1561,1
Mycobacteroides_immunogenum,1707,1708,1
Mycobacteroides_immunogenum,1748,1749,1
Mycobacteroides_immunogenum,1751,1752,1
Mycobacteroides_immunogenum,1756,1761,5
Mycobacteroides_immunogenum,1772,1777,5
Mycobacteroides_immunogenum,1784,1785,1
Mycobacteroides_immunogenum,1789,1791,2
Mycobacteroides_immunogenum,1802,1803,1
Mycobacteroides_immunogenum,1867,1868,1
Mycobacteroides_immunogenum,1917,1919,2
Mycobacteroides_immunogenum,1954,1955,1
Mycobacteroides_immunogenum,1993,1994,1
Mycobacteroides_immunogenum,2119,2120,1
Mycobacteroides_immunogenum,2136,2139,3
Mycobacteroides_immunogenum,2145,2146,1
Mycobacteroides_immunogenum,2147,2152,5
Mycobacteroides_immunogenum,2162,2163,1
Mycobacteroides_immunogenum,2285,2294,9
Mycobacteroides_immunogenum,2296,2297,1
Mycobacteroides_immunogenum,2299,2313,14
Mycobacteroides_immunogenum,2316,2325,9
Mycobacteroides_immunogenum,2379,2380,1
Mycobacteroides_immunogenum,2664,2665,1
Mycobacteroides_immunogenum,2723,2850,127
Mycobacteroides_immunogenum,3376,3377,1
Mycobacteroides_immunogenum,3378,3379,1
Mycobacteroides_immunogenum,3433,3434,1
Mycobacteroides_abscessus,1,2,1
Mycobacteroides_abscessus,82,83,1
Mycobacteroides_abscessus,186,187,1
Mycobacteroides_abscessus,235,237,2
Mycobacteroides_abscessus,238,240,2
Mycobacteroides_abscessus,250,251,1
Mycobacteroides_abscessus,295,296,1
Mycobacteroides_abscessus,359,360,1
Mycobacteroides_abscessus,373,374,1
Mycobacteroides_abscessus,401,402,1
Mycobacteroides_abscessus,416,417,1
Mycobacteroides_abscessus,451,452,1
Mycobacteroides_abscessus,471,574,103
Mycobacteroides_abscessus,753,764,11
Mycobacteroides_abscessus,766,771,5
Mycobacteroides_abscessus,789,790,1
Mycobacteroides_abscessus,839,840,1
Mycobacteroides_abscessus,880,899,19
Mycobacteroides_abscessus,900,905,5
Mycobacteroides_abscessus,1010,1011,1
Mycobacteroides_abscessus,1068,1069,1
Mycobacteroides_abscessus,1168,1169,1
Mycobacteroides_abscessus,1185,1186,1
Mycobacteroides_abscessus,1190,1192,2
Mycobacteroides_abscessus,1211,1212,1
Mycobacteroides_abscessus,1237,1238,1
Mycobacteroides_abscessus,1398,1399,1
Mycobacteroides_abscessus,1445,1446,1
Mycobacteroides_abscessus,1457,1458,1
Mycobacteroides_abscessus,1491,1492,1
Mycobacteroides_abscessus,1560,1561,1
Mycobacteroides_abscessus,1707,1708,1
Mycobacteroides_abscessus,1748,1749,1
Mycobacteroides_abscessus,1751,1752,1
Mycobacteroides_abscessus,1756,1761,5
Mycobacteroides_abscessus,1772,1777,5
Mycobacteroides_abscessus,1784,1785,1
Mycobacteroides_abscessus,1789,1791,2
Mycobacteroides_abscessus,1802,1803,1
Mycobacteroides_abscessus,1917,1919,2
Mycobacteroides_abscessus,1954,1955,1
Mycobacteroides_abscessus,1993,1994,1
Mycobacteroides_abscessus,2119,2120,1
Mycobacteroides_abscessus,2136,2139,3
Mycobacteroides_abscessus,2145,2146,1
Mycobacteroides_abscessus,2147,2152,5
Mycobacteroides_abscessus,2162,2163,1
Mycobacteroides_abscessus,2285,2294,9
Mycobacteroides_abscessus,2296,2297,1
Mycobacteroides_abscessus,2299,2313,14
Mycobacteroides_abscessus,2316,2325,9
Mycobacteroides_abscessus,2379,2380,1
Mycobacteroides_abscessus,2664,2665,1
Mycobacteroides_abscessus,2723,2850,127
Mycobacteroides_abscessus,3376,3377,1
Mycobacteroides_abscessus,3378,3379,1
Mycobacteroides_abscessus,3433,3434,1
Mycobacteroides_massiliense,1,2,1
Mycobacteroides_massiliense,82,83,1
Mycobacteroides_massiliense,186,187,1
Mycobacteroides_massiliense,235,237,2
Mycobacteroides_massiliense,238,240,2
Mycobacteroides_massiliense,250,251,1
Mycobacteroides_massiliense,295,296,1
Mycobacteroides_massiliense,359,360,1
Mycobacteroides_massiliense,373,374,1
Mycobacteroides_massiliense,401,402,1
Mycobacteroides_massiliense,416,417,1
Mycobacteroides_massiliense,451,452,1
Mycobacteroides_massiliense,471,574,103
Mycobacteroides_massiliense,753,764,11
Mycobacteroides_massiliense,766,771,5
Mycobacteroides_massiliense,789,790,1
Mycobacteroides_massiliense,839,840,1
Mycobacteroides_massiliense,880,899,19
Mycobacteroides_massiliense,900,905,5
Mycobacteroides_massiliense,1010,1011,1
Mycobacteroides_massiliense,1068,1069,1
Mycobacteroides_massiliense,1168,1169,1
Mycobacteroides_massiliense,1185,1186,1
Mycobacteroides_massiliense,1190,1192,2
Mycobacteroides_massiliense,1211,1212,1
Mycobacteroides_massiliense,1237,1238,1
Mycobacteroides_massiliense,1398,1399,1
Mycobacteroides_massiliense,1445,1446,1
Mycobacteroides_massiliense,1457,1458,1
Mycobacteroides_massiliense,1491,1492,1
Mycobacteroides_massiliense,1560,1561,1
Mycobacteroides_massiliense,1707,1708,1
Mycobacteroides_massiliense,1748,1749,1
Mycobacteroides_massiliense,1751,1752,1
Mycobacteroides_massiliense,1756,1761,5
Mycobacteroides_massiliense,1772,1777,5
Mycobacteroides_massiliense,1784,1785,1
Mycobacteroides_massiliense,1789,1791,2
Mycobacteroides_massiliense,1802,1803,1
Mycobacteroides_massiliense,1917,1919,2
Mycobacteroides_massiliense,1954,1955,1
Mycobacteroides_massiliense,1993,1994,1
Mycobacteroides_massiliense,2119,2120,1
Mycobacteroides_massiliense,2136,2139,3
Mycobacteroides_massiliense,2145,2146,1
Mycobacteroides_massiliense,2147,2152,5
Mycobacteroides_massiliense,2162,2163,1
Mycobacteroides_massiliense,2285,2294,9
Mycobacteroides_massiliense,2296,2297,1
Mycobacteroides_massiliense,2299,2313,14
Mycobacteroides_massiliense,2316,2325,9
Mycobacteroides_massiliense,2379,2380,1
Mycobacteroides_massiliense,2664,2665,1
Mycobacteroides_massiliense,2723,2850,127
Mycobacteroides_massiliense,3376,3377,1
Mycobacteroides_massiliense,3378,3379,1
Mycobacteroides_massiliense,3433,3434,1
Mycobacteroides_franklinii,1,3,2
Mycobacteroides_franklinii,82,83,1
Mycobacteroides_franklinii,186,187,1
Mycobacteroides_franklinii,235,237,2
Mycobacteroides_franklinii,238,240,2
Mycobacteroides_franklinii,250,251,1
Mycobacteroides_franklinii,295,296,1
Mycobacteroides_franklinii,359,360,1
Mycobacteroides_franklinii,373,374,1
Mycobacteroides_franklinii,401,402,1
Mycobacteroides_franklinii,416,417,1
Mycobacteroides_franklinii,451,452,1
Mycobacteroides_franklinii,471,574,103
Mycobacteroides_franklinii,753,764,11
Mycobacteroides_franklinii,766,771,5
Mycobacteroides_franklinii,789,790,1
Mycobacteroides_franklinii,839,840,1
Mycobacteroides_franklinii,880,899,19
Mycobacteroides_franklinii,900,905,5
Mycobacteroides_franklinii,1010,1011,1
Mycobacteroides_franklinii,1068,1069,1
Mycobacteroides_franklinii,1168,1169,1
Mycobacteroides_franklinii,1185,1186,1
Mycobacteroides_franklinii,1190,1192,2
Mycobacteroides_franklinii,1211,1212,1
Mycobacteroides_franklinii,1237,1238,1
Mycobacteroides_franklinii,1398,1399,1
Mycobacteroides_franklinii,1445,1446,1
Mycobacteroides_franklinii,1457,1458,1
Mycobacteroides_franklinii,1491,1492,1
Mycobacteroides_franklinii,1560,1561,1
Mycobacteroides_franklinii,1707,1708,1
Mycobacteroides_franklinii,1748,1749,1
Mycobacteroides_franklinii,1751,1752,1
Mycobacteroides_franklinii,1756,1761,5
Mycobacteroides_franklinii,1772,1777,5
Mycobacteroides_franklinii,1784,1785,1
Mycobacteroides_franklinii,1789,1791,2
Mycobacteroides_franklinii,1802,1803,1
Mycobacteroides_franklinii,1917,1919,2
Mycobacteroides_franklinii,1954,1955,1
Mycobacteroides_franklinii,1993,1994,1
Mycobacteroides_franklinii,2119,2120,1
Mycobacteroides_franklinii,2136,2139,3
Mycobacteroides_franklinii,2145,2146,1
Mycobacteroides_franklinii,2147,2152,5
Mycobacteroides_franklinii,2162,2163,1
Mycobacteroides_franklinii,2285,2294,9
Mycobacteroides_franklinii,2296,2297,1
Mycobacteroides_franklinii,2299,2313,14
Mycobacteroides_franklinii,2316,2325,9
Mycobacteroides_franklinii,2379,2380,1
Mycobacteroides_franklinii,2664,2665,1
Mycobacteroides_franklinii,2723,2850,127
Mycobacteroides_franklinii,3376,3377,1
Mycobacteroides_franklinii,3378,3379,1
Mycobacteroides_franklinii,3433,3434,1
Mycobacteroides_saopaulense,1,2,1
Mycobacteroides_saopaulense,82,83,1
Mycobacteroides_saopaulense,186,187,1
Mycobacteroides_saopaulense,235,237,2
Mycobacteroides_saopaulense,238,240,2
Mycobacteroides_saopaulense,250,251,1
Mycobacteroides_saopaulense,295,296,1
Mycobacteroides_saopaulense,359,360,1
Mycobacteroides_saopaulense,373,374,1
Mycobacteroides_saopaulense,401,402,1
Mycobacteroides_saopaulense,416,417,1
Mycobacteroides_saopaulense,451,452,1
Mycobacteroides_saopaulense,471,574,103
Mycobacteroides_saopaulense,753,764,11
Mycobacteroides_saopaulense,766,771,5
Mycobacteroides_saopaulense,789,790,1
Mycobacteroides_saopaulense,839,840,1
Mycobacteroides_saopaulense,880,899,19
Mycobacteroides_saopaulense,900,905,5
Mycobacteroides_saopaulense,1010,1011,1
Mycobacteroides_saopaulense,1068,1069,1
Mycobacteroides_saopaulense,1168,1169,1
Mycobacteroides_saopaulense,1185,1186,1
Mycobacteroides_saopaulense,1190,1192,2
Mycobacteroides_saopaulense,1211,1212,1
Mycobacteroides_saopaulense,1237,1238,1
Mycobacteroides_saopaulense,1398,1399,1
Mycobacteroides_saopaulense,1445,1446,1
Mycobacteroides_saopaulense,1457,1458,1
Mycobacteroides_saopaulense,1491,1492,1
Mycobacteroides_saopaulense,1560,1561,1
Mycobacteroides_saopaulense,1707,1708,1
Mycobacteroides_saopaulense,1748,1749,1
Mycobacteroides_saopaulense,1751,1752,1
Mycobacteroides_saopaulense,1756,1761,5
Mycobacteroides_saopaulense,1772,1777,5
Mycobacteroides_saopaulense,1784,1785,1
Mycobacteroides_saopaulense,1789,1791,2
Mycobacteroides_saopaulense,1802,1803,1
Mycobacteroides_saopaulense,1917,1919,2
Mycobacteroides_saopaulense,1954,1955,1
Mycobacteroides_saopaulense,1993,1994,1
Mycobacteroides_saopaulense,2119,2120,1
Mycobacteroides_saopaulense,2136,2139,3
Mycobacteroides_saopaulense,2145,2146,1
Mycobacteroides_saopaulense,2147,2152,5
Mycobacteroides_saopaulense,2162,2163,1
Mycobacteroides_saopaulense,2285,2294,9
Mycobacteroides_saopaulense,2296,2297,1
Mycobacteroides_saopaulense,2299,2313,14
Mycobacteroides_saopaulense,2316,2325,9
Mycobacteroides_saopaulense,2379,2380,1
Mycobacteroides_saopaulense,2664,2665,1
Mycobacteroides_saopaulense,2723,2850,127
Mycobacteroides_saopaulense,3376,3377,1
Mycobacteroides_saopaulense,3378,3379,1
Mycobacteroides_saopaulense,3433,3434,1
Mycobacteroides_bolletii,1,2,1
Mycobacteroides_bolletii,82,83,1
Mycobacteroides_bolletii,186,187,1
Mycobacteroides_bolletii,235,237,2
Mycobacteroides_bolletii,238,240,2
Mycobacteroides_bolletii,250,251,1
Mycobacteroides_bolletii,295,296,1
Mycobacteroides_bolletii,359,360,1
Mycobacteroides_bolletii,373,374,1
Mycobacteroides_bolletii,401,402,1
Mycobacteroides_bolletii,416,417,1
Mycobacteroides_bolletii,451,452,1
Mycobacteroides_bolletii,471,574,103
Mycobacteroides_bolletii,753,764,11
Mycobacteroides_bolletii,766,771,5
Mycobacteroides_bolletii,789,790,1
Mycobacteroides_bolletii,839,840,1
Mycobacteroides_bolletii,880,899,19
Mycobacteroides_bolletii,900,905,5
Mycobacteroides_bolletii,1010,1011,1
Mycobacteroides_bolletii,1068,1069,1
Mycobacteroides_bolletii,1168,1169,1
Mycobacteroides_bolletii,1185,1186,1
Mycobacteroides_bolletii,1190,1192,2
Mycobacteroides_bolletii,1211,1212,1
Mycobacteroides_bolletii,1237,1238,1
Mycobacteroides_bolletii,1398,1399,1
Mycobacteroides_bolletii,1445,1446,1
Mycobacteroides_bolletii,1457,1458,1
Mycobacteroides_bolletii,1491,1492,1
Mycobacteroides_bolletii,1560,1561,1
Mycobacteroides_bolletii,1707,1708,1
Mycobacteroides_bolletii,1748,1749,1
Mycobacteroides_bolletii,1751,1752,1
Mycobacteroides_bolletii,1756,1761,5
Mycobacteroides_bolletii,1772,1777,5
Mycobacteroides_bolletii,1784,1785,1
Mycobacteroides_bolletii,1789,1791,2
Mycobacteroides_bolletii,1802,1803,1
Mycobacteroides_bolletii,1917,1919,2
Mycobacteroides_bolletii,1954,1955,1
Mycobacteroides_bolletii,1993,1994,1
Mycobacteroides_bolletii,2119,2120,1
Mycobacteroides_bolletii,2136,2139,3
Mycobacteroides_bolletii,2145,2146,1
Mycobacteroides_bolletii,2147,2152,5
Mycobacteroides_bolletii,2162,2163,1
Mycobacteroides_bolletii,2285,2294,9
Mycobacteroides_bolletii,2296,2297,1
Mycobacteroides_bolletii,2299,2313,14
Mycobacteroides_bolletii,2316,2325,9
Mycobacteroides_bolletii,2379,2380,1
Mycobacteroides_bolletii,2664,2665,1
Mycobacteroides_bolletii,2723,2850,127
Mycobacteroides_bolletii,3376,3377,1
Mycobacteroides_bolletii,3378,3379,1
Mycobacteroides_bolletii,3433,3434,1
Mycobacteroides_salmoniphilum,1,2,1
Mycobacteroides_salmoniphilum,82,83,1
Mycobacteroides_salmoniphilum,186,187,1
Mycobacteroides_salmoniphilum,235,237,2
Mycobacteroides_salmoniphilum,238,240,2
Mycobacteroides_salmoniphilum,250,251,1
Mycobacteroides_salmoniphilum,295,296,1
Mycobacteroides_salmoniphilum,359,360,1
Mycobacteroides_salmoniphilum,373,374,1
Mycobacteroides_salmoniphilum,401,402,1
Mycobacteroides_salmoniphilum,416,417,1
Mycobacteroides_salmoniphilum,451,452,1
Mycobacteroides_salmoniphilum,471,574,103
Mycobacteroides_salmoniphilum,753,764,11
Mycobacteroides_salmoniphilum,766,771,5
Mycobacteroides_salmoniphilum,789,790,1
Mycobacteroides_salmoniphilum,839,840,1
Mycobacteroides_salmoniphilum,880,899,19
Mycobacteroides_salmoniphilum,900,905,5
Mycobacteroides_salmoniphilum,1010,1011,1
Mycobacteroides_salmoniphilum,1068,1069,1
Mycobacteroides_salmoniphilum,1168,1169,1
Mycobacteroides_salmoniphilum,1185,1186,1
Mycobacteroides_salmoniphilum,1190,1192,2
Mycobacteroides_salmoniphilum,1211,1212,1
Mycobacteroides_salmoniphilum,1237,1238,1
Mycobacteroides_salmoniphilum,1398,1399,1
Mycobacteroides_salmoniphilum,1445,1446,1
Mycobacteroides_salmoniphilum,1457,1458,1
Mycobacteroides_salmoniphilum,1491,1492,1
Mycobacteroides_salmoniphilum,1560,1561,1
Mycobacteroides_salmoniphilum,1707,1708,1
Mycobacteroides_salmoniphilum,1748,1749,1
Mycobacteroides_salmoniphilum,1751,1752,1
Mycobacteroides_salmoniphilum,1756,1761,5
Mycobacteroides_salmoniphilum,1772,1777,5
Mycobacteroides_salmoniphilum,1784,1785,1
Mycobacteroides_salmoniphilum,1789,1791,2
Mycobacteroides_salmoniphilum,1802,1803,1
Mycobacteroides_salmoniphilum,1917,1919,2
Mycobacteroides_salmoniphilum,1954,1955,1
Mycobacteroides_salmoniphilum,1993,1994,1
Mycobacteroides_salmoniphilum,2119,2120,1
Mycobacteroides_salmoniphilum,2136,2139,3
Mycobacteroides_salmoniphilum,2145,2146,1
Mycobacteroides_salmoniphilum,2147,2152,5
Mycobacteroides_salmoniphilum,2162,2163,1
Mycobacteroides_salmoniphilum,2285,2294,9
Mycobacteroides_salmoniphilum,2296,2297,1
Mycobacteroides_salmoniphilum,2299,2313,14
Mycobacteroides_salmoniphilum,2316,2325,9
Mycobacteroides_salmoniphilum,2379,2380,1
Mycobacteroides_salmoniphilum,2664,2665,1
Mycobacteroides_salmoniphilum,2723,2850,127
Mycobacteroides_salmoniphilum,3376,3377,1
Mycobacteroides_salmoniphilum,3378,3379,1
Mycobacteroides_salmoniphilum,3433,3434,1
Mycobacteroides_chelonae,1,3,2
Mycobacteroides_chelonae,82,83,1
Mycobacteroides_chelonae,186,187,1
Mycobacteroides_chelonae,235,237,2
Mycobacteroides_chelonae,238,240,2
Mycobacteroides_chelonae,250,251,1
Mycobacteroides_chelonae,295,296,1
Mycobacteroides_chelonae,359,360,1
Mycobacteroides_chelonae,373,374,1
Mycobacteroides_chelonae,401,402,1
Mycobacteroides_chelonae,416,417,1
Mycobacteroides_chelonae,451,452,1
Mycobacteroides_chelonae,471,574,103
Mycobacteroides_chelonae,753,764,11
Mycobacteroides_chelonae,766,771,5
Mycobacteroides_chelonae,789,790,1
Mycobacteroides_chelonae,839,840,1
Mycobacteroides_chelonae,880,899,19
Mycobacteroides_chelonae,900,905,5
Mycobacteroides_chelonae,1010,1011,1
Mycobacteroides_chelonae,1068,1069,1
Mycobacteroides_chelonae,1168,1169,1
Mycobacteroides_chelonae,1185,1186,1
Mycobacteroides_chelonae,1190,1192,2
Mycobacteroides_chelonae,1211,1212,1
Mycobacteroides_chelonae,1237,1238,1
Mycobacteroides_chelonae,1398,1399,1
Mycobacteroides_chelonae,1445,1446,1
Mycobacteroides_chelonae,1457,1458,1
Mycobacteroides_chelonae,1491,1492,1
Mycobacteroides_chelonae,1560,1561,1
Mycobacteroides_chelonae,1707,1708,1
Mycobacteroides_chelonae,1748,1749,1
Mycobacteroides_chelonae,1751,1752,1
Mycobacteroides_chelonae,1756,1761,5
Mycobacteroides_chelonae,1772,1777,5
Mycobacteroides_chelonae,1784,1785,1
Mycobacteroides_chelonae,1789,1791,2
Mycobacteroides_chelonae,1802,1803,1
Mycobacteroides_chelonae,1918,1919,1
Mycobacteroides_chelonae,1954,1955,1
Mycobacteroides_chelonae,1993,1994,1
Mycobacteroides_chelonae,2119,2120,1
Mycobacteroides_chelonae,2136,2139,3
Mycobacteroides_chelonae,2145,2146,1
Mycobacteroides_chelonae,2147,2152,5
Mycobacteroides_chelonae,2162,2163,1
Mycobacteroides_chelonae,2285,2294,9
Mycobacteroides_chelonae,2296,2297,1
Mycobacteroides_chelonae,2299,2313,14
Mycobacteroides_chelonae,2316,2325,9
Mycobacteroides_chelonae,2379,2380,1
Mycobacteroides_chelonae,2664,2665,1
Mycobacteroides_chelonae,2723,2850,127
Mycobacteroides_chelonae,3376,3377,1
Mycobacteroides_chelonae,3378,3379,1
Mycobacteroides_chelonae,3433,3434,1
