sp,start,end,len
Mycobacterium_heidelbergense,1,10,9
Mycobacterium_heidelbergense,21,39,18
Mycobacterium_heidelbergense,43,46,3
Mycobacterium_heidelbergense,62,71,9
Mycobacterium_heidelbergense,87,107,20
Mycobacterium_heidelbergense,117,132,15
Mycobacterium_heidelbergense,133,136,3
Mycobacterium_heidelbergense,346,349,3
Mycobacterium_decipiens,1,10,9
Mycobacterium_decipiens,21,39,18
Mycobacterium_decipiens,43,46,3
Mycobacterium_decipiens,53,109,56
Mycobacterium_decipiens,117,132,15
Mycobacterium_decipiens,133,136,3
Mycobacterium_decipiens,346,349,3
Mycobacterium_numidiamassiliense,1,10,9
Mycobacterium_numidiamassiliense,21,39,18
Mycobacterium_numidiamassiliense,43,46,3
Mycobacterium_numidiamassiliense,53,71,18
Mycobacterium_numidiamassiliense,87,107,20
Mycobacterium_numidiamassiliense,117,132,15
Mycobacterium_numidiamassiliense,133,136,3
Mycobacterium_numidiamassiliense,346,349,3
Mycobacterium_spongiae,1,10,9
Mycobacterium_spongiae,21,39,18
Mycobacterium_spongiae,43,46,3
Mycobacterium_spongiae,53,71,18
Mycobacterium_spongiae,87,107,20
Mycobacterium_spongiae,117,132,15
Mycobacterium_spongiae,133,136,3
Mycobacterium_spongiae,346,349,3
Mycobacterium_terramassiliense,1,10,9
Mycobacterium_terramassiliense,21,39,18
Mycobacterium_terramassiliense,43,46,3
Mycobacterium_terramassiliense,62,71,9
Mycobacterium_terramassiliense,87,107,20
Mycobacterium_terramassiliense,117,132,15
Mycobacterium_terramassiliense,133,136,3
Mycobacterium_terramassiliense,346,349,3
Mycobacterium_terramassiliense,1542,1583,41
Mycobacterium_terramassiliense,1587,1676,89
Mycobacterium_lacus,1,10,9
Mycobacterium_lacus,21,39,18
Mycobacterium_lacus,43,46,3
Mycobacterium_lacus,53,71,18
Mycobacterium_lacus,87,107,20
Mycobacterium_lacus,117,132,15
Mycobacterium_lacus,133,136,3
Mycobacterium_lacus,346,349,3
Mycobacterium_lentiflavum,1,10,9
Mycobacterium_lentiflavum,21,39,18
Mycobacterium_lentiflavum,43,46,3
Mycobacterium_lentiflavum,53,71,18
Mycobacterium_lentiflavum,87,107,20
Mycobacterium_lentiflavum,117,132,15
Mycobacterium_lentiflavum,133,136,3
Mycobacterium_lentiflavum,346,349,3
Mycobacterium_florentinum,1,10,9
Mycobacterium_florentinum,21,39,18
Mycobacterium_florentinum,43,46,3
Mycobacterium_florentinum,53,71,18
Mycobacterium_florentinum,87,107,20
Mycobacterium_florentinum,117,132,15
Mycobacterium_florentinum,133,136,3
Mycobacterium_florentinum,346,349,3
Mycobacterium_paragordonae,1,10,9
Mycobacterium_paragordonae,21,39,18
Mycobacterium_paragordonae,56,71,15
Mycobacterium_paragordonae,87,107,20
Mycobacterium_paragordonae,117,132,15
Mycobacterium_paragordonae,133,136,3
Mycobacterium_paragordonae,346,349,3
Mycobacterium_interjectum,1,10,9
Mycobacterium_interjectum,21,39,18
Mycobacterium_interjectum,43,46,3
Mycobacterium_interjectum,62,71,9
Mycobacterium_interjectum,87,107,20
Mycobacterium_interjectum,117,132,15
Mycobacterium_interjectum,133,136,3
Mycobacterium_interjectum,346,349,3
Mycobacterium_interjectum,1542,1583,41
Mycobacterium_interjectum,1587,1676,89
Mycobacterium_hominissuis,1,10,9
Mycobacterium_hominissuis,24,36,12
Mycobacterium_hominissuis,43,46,3
Mycobacterium_hominissuis,53,71,18
Mycobacterium_hominissuis,87,107,20
Mycobacterium_hominissuis,117,132,15
Mycobacterium_hominissuis,133,136,3
Mycobacterium_hominissuis,346,349,3
Mycobacterium_avium,1,10,9
Mycobacterium_avium,24,36,12
Mycobacterium_avium,43,46,3
Mycobacterium_avium,53,71,18
Mycobacterium_avium,87,107,20
Mycobacterium_avium,117,132,15
Mycobacterium_avium,133,136,3
Mycobacterium_bouchedurhonense,1,10,9
Mycobacterium_bouchedurhonense,24,36,12
Mycobacterium_bouchedurhonense,43,46,3
Mycobacterium_bouchedurhonense,53,71,18
Mycobacterium_bouchedurhonense,87,107,20
Mycobacterium_bouchedurhonense,117,132,15
Mycobacterium_bouchedurhonense,133,136,3
Mycobacterium_bouchedurhonense,346,349,3
Mycobacterium_shinjukuense,1,10,9
Mycobacterium_shinjukuense,24,39,15
Mycobacterium_shinjukuense,53,71,18
Mycobacterium_shinjukuense,84,107,23
Mycobacterium_shinjukuense,117,132,15
Mycobacterium_shinjukuense,133,136,3
Mycobacterium_shinjukuense,346,349,3
Mycobacterium_parascrofulaceum,1,10,9
Mycobacterium_parascrofulaceum,21,39,18
Mycobacterium_parascrofulaceum,43,46,3
Mycobacterium_parascrofulaceum,62,71,9
Mycobacterium_parascrofulaceum,87,107,20
Mycobacterium_parascrofulaceum,117,132,15
Mycobacterium_parascrofulaceum,133,136,3
Mycobacterium_parascrofulaceum,346,349,3
Mycobacterium_parascrofulaceum,1542,1583,41
Mycobacterium_parascrofulaceum,1587,1676,89
Mycobacterium_scrofulaceum,1,10,9
Mycobacterium_scrofulaceum,21,39,18
Mycobacterium_scrofulaceum,43,46,3
Mycobacterium_scrofulaceum,62,71,9
Mycobacterium_scrofulaceum,87,107,20
Mycobacterium_scrofulaceum,117,132,15
Mycobacterium_scrofulaceum,133,136,3
Mycobacterium_scrofulaceum,346,349,3
Mycobacterium_scrofulaceum,1542,1583,41
Mycobacterium_scrofulaceum,1587,1676,89
Mycobacterium_sherrisii,1,10,9
Mycobacterium_sherrisii,21,39,18
Mycobacterium_sherrisii,43,46,3
Mycobacterium_sherrisii,53,71,18
Mycobacterium_sherrisii,87,107,20
Mycobacterium_sherrisii,117,132,15
Mycobacterium_sherrisii,133,136,3
Mycobacterium_sherrisii,346,349,3
Mycobacterium_intracellulare,21,39,18
Mycobacterium_intracellulare,43,46,3
Mycobacterium_intracellulare,53,71,18
Mycobacterium_intracellulare,87,107,20
Mycobacterium_intracellulare,117,132,15
Mycobacterium_intracellulare,133,136,3
Mycobacterium_intracellulare,346,349,3
Mycobacterium_simulans,1,10,9
Mycobacterium_simulans,21,39,18
Mycobacterium_simulans,43,46,3
Mycobacterium_simulans,53,71,18
Mycobacterium_simulans,87,107,20
Mycobacterium_simulans,117,132,15
Mycobacterium_simulans,133,136,3
Mycobacterium_simulans,346,349,3
Mycobacterium_haemophilum,1,10,9
Mycobacterium_haemophilum,21,39,18
Mycobacterium_haemophilum,43,46,3
Mycobacterium_haemophilum,53,71,18
Mycobacterium_haemophilum,87,107,20
Mycobacterium_haemophilum,117,132,15
Mycobacterium_haemophilum,133,136,3
Mycobacterium_haemophilum,346,349,3
Mycobacterium_chimaera,21,39,18
Mycobacterium_chimaera,43,46,3
Mycobacterium_chimaera,53,71,18
Mycobacterium_chimaera,87,107,20
Mycobacterium_chimaera,117,132,15
Mycobacterium_chimaera,133,136,3
Mycobacterium_chimaera,346,349,3
Mycobacterium_montefiorense,1,10,9
Mycobacterium_montefiorense,21,39,18
Mycobacterium_montefiorense,43,46,3
Mycobacterium_montefiorense,53,71,18
Mycobacterium_montefiorense,87,107,20
Mycobacterium_montefiorense,117,132,15
Mycobacterium_montefiorense,133,136,3
Mycobacterium_montefiorense,346,349,3
Mycobacterium_malmoense,1,10,9
Mycobacterium_malmoense,21,39,18
Mycobacterium_malmoense,43,46,3
Mycobacterium_malmoense,62,71,9
Mycobacterium_malmoense,87,107,20
Mycobacterium_malmoense,117,132,15
Mycobacterium_malmoense,133,136,3
Mycobacterium_malmoense,346,349,3
Mycobacterium_paraintracellulare,21,39,18
Mycobacterium_paraintracellulare,43,46,3
Mycobacterium_paraintracellulare,53,71,18
Mycobacterium_paraintracellulare,87,107,20
Mycobacterium_paraintracellulare,117,132,15
Mycobacterium_paraintracellulare,133,136,3
Mycobacterium_paraintracellulare,346,349,3
Mycobacterium_yongonense,21,39,18
Mycobacterium_yongonense,43,46,3
Mycobacterium_yongonense,53,71,18
Mycobacterium_yongonense,87,107,20
Mycobacterium_yongonense,117,132,15
Mycobacterium_yongonense,133,136,3
Mycobacterium_yongonense,346,349,3
Mycobacterium_ulcerans,1,10,9
Mycobacterium_ulcerans,21,39,18
Mycobacterium_ulcerans,43,46,3
Mycobacterium_ulcerans,53,71,18
Mycobacterium_ulcerans,87,107,20
Mycobacterium_ulcerans,117,132,15
Mycobacterium_ulcerans,133,136,3
Mycobacterium_ulcerans,346,349,3
Mycobacterium_rhizamassiliense,1,10,9
Mycobacterium_rhizamassiliense,21,39,18
Mycobacterium_rhizamassiliense,43,46,3
Mycobacterium_rhizamassiliense,53,71,18
Mycobacterium_rhizamassiliense,87,107,20
Mycobacterium_rhizamassiliense,117,132,15
Mycobacterium_rhizamassiliense,133,136,3
Mycobacterium_rhizamassiliense,346,349,3
Mycobacterium_shottsii,1,10,9
Mycobacterium_shottsii,21,39,18
Mycobacterium_shottsii,43,46,3
Mycobacterium_shottsii,53,71,18
Mycobacterium_shottsii,87,107,20
Mycobacterium_shottsii,117,132,15
Mycobacterium_shottsii,133,136,3
Mycobacterium_shottsii,346,349,3
Mycobacterium_liflandii,1,10,9
Mycobacterium_liflandii,21,39,18
Mycobacterium_liflandii,43,46,3
Mycobacterium_liflandii,53,71,18
Mycobacterium_liflandii,87,107,20
Mycobacterium_liflandii,117,132,15
Mycobacterium_liflandii,133,136,3
Mycobacterium_liflandii,346,349,3
Mycobacterium_pseudoshottsii,1,10,9
Mycobacterium_pseudoshottsii,21,39,18
Mycobacterium_pseudoshottsii,43,46,3
Mycobacterium_pseudoshottsii,53,71,18
Mycobacterium_pseudoshottsii,87,107,20
Mycobacterium_pseudoshottsii,117,132,15
Mycobacterium_pseudoshottsii,133,136,3
Mycobacterium_pseudoshottsii,346,349,3
Mycobacterium_alsense,1,10,9
Mycobacterium_alsense,21,39,18
Mycobacterium_alsense,43,46,3
Mycobacterium_alsense,65,71,6
Mycobacterium_alsense,87,107,20
Mycobacterium_alsense,117,132,15
Mycobacterium_alsense,133,136,3
Mycobacterium_alsense,346,349,3
Mycobacterium_alsense,1542,1583,41
Mycobacterium_alsense,1587,1676,89
Mycobacterium_basiliense,1,10,9
Mycobacterium_basiliense,21,39,18
Mycobacterium_basiliense,43,46,3
Mycobacterium_basiliense,53,71,18
Mycobacterium_basiliense,87,107,20
Mycobacterium_basiliense,117,132,15
Mycobacterium_basiliense,133,136,3
Mycobacterium_basiliense,346,349,3
Mycobacterium_pseudokansasii,1,10,9
Mycobacterium_pseudokansasii,21,39,18
Mycobacterium_pseudokansasii,43,46,3
Mycobacterium_pseudokansasii,53,71,18
Mycobacterium_pseudokansasii,87,107,20
Mycobacterium_pseudokansasii,117,132,15
Mycobacterium_pseudokansasii,133,136,3
Mycobacterium_pseudokansasii,346,349,3
Mycobacterium_talmoniae,1,10,9
Mycobacterium_talmoniae,21,39,18
Mycobacterium_talmoniae,43,46,3
Mycobacterium_talmoniae,64,102,38
Mycobacterium_talmoniae,117,132,15
Mycobacterium_talmoniae,133,136,3
Mycobacterium_talmoniae,346,349,3
Mycobacterium_marinum,1,10,9
Mycobacterium_marinum,21,39,18
Mycobacterium_marinum,43,46,3
Mycobacterium_marinum,53,71,18
Mycobacterium_marinum,87,107,20
Mycobacterium_marinum,117,132,15
Mycobacterium_marinum,133,136,3
Mycobacterium_marinum,346,349,3
Mycobacterium_gastri,1,10,9
Mycobacterium_gastri,21,39,18
Mycobacterium_gastri,43,46,3
Mycobacterium_gastri,53,71,18
Mycobacterium_gastri,87,107,20
Mycobacterium_gastri,117,132,15
Mycobacterium_gastri,133,136,3
Mycobacterium_gastri,346,349,3
Mycobacterium_paraseoulense,1,10,9
Mycobacterium_paraseoulense,21,39,18
Mycobacterium_paraseoulense,43,46,3
Mycobacterium_paraseoulense,62,71,9
Mycobacterium_paraseoulense,87,107,20
Mycobacterium_paraseoulense,117,132,15
Mycobacterium_paraseoulense,133,136,3
Mycobacterium_paraseoulense,346,349,3
Mycobacterium_paraseoulense,1542,1583,41
Mycobacterium_paraseoulense,1587,1676,89
Mycobacterium_marseillense,1,10,9
Mycobacterium_marseillense,21,39,18
Mycobacterium_marseillense,43,46,3
Mycobacterium_marseillense,53,71,18
Mycobacterium_marseillense,87,107,20
Mycobacterium_marseillense,117,132,15
Mycobacterium_marseillense,133,136,3
Mycobacterium_marseillense,346,349,3
Mycobacterium_shinshuense,1,10,9
Mycobacterium_shinshuense,21,39,18
Mycobacterium_shinshuense,43,46,3
Mycobacterium_shinshuense,53,71,18
Mycobacterium_shinshuense,87,107,20
Mycobacterium_shinshuense,117,132,15
Mycobacterium_shinshuense,133,136,3
Mycobacterium_shinshuense,346,349,3
Mycobacterium_attenuatum,1,10,9
Mycobacterium_attenuatum,21,39,18
Mycobacterium_attenuatum,43,46,3
Mycobacterium_attenuatum,53,71,18
Mycobacterium_attenuatum,87,107,20
Mycobacterium_attenuatum,117,132,15
Mycobacterium_attenuatum,133,136,3
Mycobacterium_attenuatum,346,349,3
Mycobacterium_triplex,1,10,9
Mycobacterium_triplex,21,39,18
Mycobacterium_triplex,43,46,3
Mycobacterium_triplex,53,71,18
Mycobacterium_triplex,87,107,20
Mycobacterium_triplex,117,132,15
Mycobacterium_triplex,133,136,3
Mycobacterium_triplex,346,349,3
Mycobacterium_paraffinicum,1,10,9
Mycobacterium_paraffinicum,21,39,18
Mycobacterium_paraffinicum,43,46,3
Mycobacterium_paraffinicum,62,71,9
Mycobacterium_paraffinicum,87,107,20
Mycobacterium_paraffinicum,117,132,15
Mycobacterium_paraffinicum,133,136,3
Mycobacterium_paraffinicum,346,349,3
Mycobacterium_paraffinicum,1542,1583,41
Mycobacterium_paraffinicum,1587,1676,89
Mycobacterium_stomatepiae,1,10,9
Mycobacterium_stomatepiae,21,39,18
Mycobacterium_stomatepiae,43,46,3
Mycobacterium_stomatepiae,52,73,21
Mycobacterium_stomatepiae,87,107,20
Mycobacterium_stomatepiae,117,132,15
Mycobacterium_stomatepiae,133,136,3
Mycobacterium_stomatepiae,346,349,3
Mycobacterium_simiae,1,10,9
Mycobacterium_simiae,21,39,18
Mycobacterium_simiae,43,46,3
Mycobacterium_simiae,53,71,18
Mycobacterium_simiae,87,107,20
Mycobacterium_simiae,117,132,15
Mycobacterium_simiae,133,136,3
Mycobacterium_simiae,346,349,3
Mycobacterium_riyadhense,1,10,9
Mycobacterium_riyadhense,21,39,18
Mycobacterium_riyadhense,43,46,3
Mycobacterium_riyadhense,53,71,18
Mycobacterium_riyadhense,87,107,20
Mycobacterium_riyadhense,117,132,15
Mycobacterium_riyadhense,133,136,3
Mycobacterium_riyadhense,346,349,3
Mycobacterium_timonense,1,10,9
Mycobacterium_timonense,21,39,18
Mycobacterium_timonense,43,46,3
Mycobacterium_timonense,53,71,18
Mycobacterium_timonense,87,107,20
Mycobacterium_timonense,117,132,15
Mycobacterium_timonense,133,136,3
Mycobacterium_timonense,346,349,3
Mycobacterium_szulgai,1,10,9
Mycobacterium_szulgai,21,39,18
Mycobacterium_szulgai,43,46,3
Mycobacterium_szulgai,53,71,18
Mycobacterium_szulgai,84,107,23
Mycobacterium_szulgai,117,132,15
Mycobacterium_szulgai,133,136,3
Mycobacterium_szulgai,346,349,3
Mycobacterium_tilburgii,1,10,9
Mycobacterium_tilburgii,21,39,18
Mycobacterium_tilburgii,43,46,3
Mycobacterium_tilburgii,53,71,18
Mycobacterium_tilburgii,87,107,20
Mycobacterium_tilburgii,117,132,15
Mycobacterium_tilburgii,133,136,3
Mycobacterium_tilburgii,346,349,3
Mycobacterium_angelicum,1,10,9
Mycobacterium_angelicum,21,39,18
Mycobacterium_angelicum,43,46,3
Mycobacterium_angelicum,53,71,18
Mycobacterium_angelicum,84,107,23
Mycobacterium_angelicum,117,132,15
Mycobacterium_angelicum,133,136,3
Mycobacterium_angelicum,346,349,3
Mycobacterium_paraense,1,10,9
Mycobacterium_paraense,21,39,18
Mycobacterium_paraense,43,46,3
Mycobacterium_paraense,53,71,18
Mycobacterium_paraense,87,107,20
Mycobacterium_paraense,117,132,15
Mycobacterium_paraense,133,136,3
Mycobacterium_paraense,346,349,3
Mycobacterium_paraense,1542,1583,41
Mycobacterium_paraense,1587,1676,89
Mycobacterium_genavense,1,10,9
Mycobacterium_genavense,21,39,18
Mycobacterium_genavense,43,46,3
Mycobacterium_genavense,53,71,18
Mycobacterium_genavense,87,107,20
Mycobacterium_genavense,117,132,15
Mycobacterium_genavense,133,136,3
Mycobacterium_genavense,346,349,3
Mycobacterium_shigaense,1,10,9
Mycobacterium_shigaense,21,39,18
Mycobacterium_shigaense,43,46,3
Mycobacterium_shigaense,52,76,24
Mycobacterium_shigaense,87,107,20
Mycobacterium_shigaense,117,132,15
Mycobacterium_shigaense,133,136,3
Mycobacterium_shigaense,346,349,3
Mycobacterium_vicinigordonae,1,10,9
Mycobacterium_vicinigordonae,21,39,18
Mycobacterium_vicinigordonae,43,46,3
Mycobacterium_vicinigordonae,65,71,6
Mycobacterium_vicinigordonae,87,107,20
Mycobacterium_vicinigordonae,117,132,15
Mycobacterium_vicinigordonae,133,136,3
Mycobacterium_vicinigordonae,346,349,3
Mycobacterium_conspicuum,1,10,9
Mycobacterium_conspicuum,21,39,18
Mycobacterium_conspicuum,43,46,3
Mycobacterium_conspicuum,53,71,18
Mycobacterium_conspicuum,87,107,20
Mycobacterium_conspicuum,117,132,15
Mycobacterium_conspicuum,133,136,3
Mycobacterium_conspicuum,346,349,3
Mycobacterium_conspicuum,1542,1583,41
Mycobacterium_conspicuum,1587,1676,89
Mycobacterium_innocens,1,10,9
Mycobacterium_innocens,22,25,3
Mycobacterium_innocens,43,46,3
Mycobacterium_innocens,53,71,18
Mycobacterium_innocens,87,107,20
Mycobacterium_innocens,117,132,15
Mycobacterium_innocens,133,136,3
Mycobacterium_innocens,346,349,3
Mycobacterium_ahvazicum,1,10,9
Mycobacterium_ahvazicum,21,39,18
Mycobacterium_ahvazicum,43,46,3
Mycobacterium_ahvazicum,52,73,21
Mycobacterium_ahvazicum,87,107,20
Mycobacterium_ahvazicum,117,132,15
Mycobacterium_ahvazicum,133,136,3
Mycobacterium_ahvazicum,346,349,3
Mycobacterium_nebraskense,1,10,9
Mycobacterium_nebraskense,21,39,18
Mycobacterium_nebraskense,43,46,3
Mycobacterium_nebraskense,62,71,9
Mycobacterium_nebraskense,87,107,20
Mycobacterium_nebraskense,117,132,15
Mycobacterium_nebraskense,133,136,3
Mycobacterium_nebraskense,346,349,3
Mycobacterium_nebraskense,1542,1583,41
Mycobacterium_nebraskense,1587,1676,89
Mycobacterium_helveticum,1,10,9
Mycobacterium_helveticum,21,39,18
Mycobacterium_helveticum,43,46,3
Mycobacterium_helveticum,53,71,18
Mycobacterium_helveticum,87,107,20
Mycobacterium_helveticum,117,132,15
Mycobacterium_helveticum,133,136,3
Mycobacterium_helveticum,346,349,3
Mycobacterium_europaeum,1,10,9
Mycobacterium_europaeum,21,39,18
Mycobacterium_europaeum,43,46,3
Mycobacterium_europaeum,62,71,9
Mycobacterium_europaeum,87,107,20
Mycobacterium_europaeum,117,132,15
Mycobacterium_europaeum,133,136,3
Mycobacterium_europaeum,346,349,3
Mycobacterium_europaeum,1542,1583,41
Mycobacterium_europaeum,1587,1676,89
Mycobacterium_intermedium,1,10,9
Mycobacterium_intermedium,21,39,18
Mycobacterium_intermedium,43,46,3
Mycobacterium_intermedium,56,71,15
Mycobacterium_intermedium,87,107,20
Mycobacterium_intermedium,117,132,15
Mycobacterium_intermedium,133,136,3
Mycobacterium_intermedium,346,349,3
Mycolicibacillus_parakoreensis,1,10,9
Mycolicibacillus_parakoreensis,21,39,18
Mycolicibacillus_parakoreensis,43,46,3
Mycolicibacillus_parakoreensis,64,102,38
Mycolicibacillus_parakoreensis,117,132,15
Mycolicibacillus_parakoreensis,133,136,3
Mycolicibacillus_parakoreensis,346,349,3
Mycobacterium_seoulense,1,10,9
Mycobacterium_seoulense,21,39,18
Mycobacterium_seoulense,43,46,3
Mycobacterium_seoulense,53,71,18
Mycobacterium_seoulense,87,107,20
Mycobacterium_seoulense,117,132,15
Mycobacterium_seoulense,133,136,3
Mycobacterium_seoulense,346,349,3
Mycobacterium_seoulense,1542,1583,41
Mycobacterium_seoulense,1587,1676,89
Mycobacterium_kansasii,1,10,9
Mycobacterium_kansasii,43,46,3
Mycobacterium_kansasii,53,71,18
Mycobacterium_kansasii,87,107,20
Mycobacterium_kansasii,117,132,15
Mycobacterium_kansasii,133,136,3
Mycobacterium_kansasii,346,349,3
Mycobacterium_senriense,1,10,9
Mycobacterium_senriense,21,39,18
Mycobacterium_senriense,43,46,3
Mycobacterium_senriense,62,71,9
Mycobacterium_senriense,87,107,20
Mycobacterium_senriense,117,132,15
Mycobacterium_senriense,133,136,3
Mycobacterium_senriense,346,349,3
Mycobacterium_senriense,1542,1583,41
Mycobacterium_senriense,1587,1676,89
Mycobacterium_parmense,1,10,9
Mycobacterium_parmense,21,39,18
Mycobacterium_parmense,43,46,3
Mycobacterium_parmense,62,71,9
Mycobacterium_parmense,87,107,20
Mycobacterium_parmense,117,132,15
Mycobacterium_parmense,133,136,3
Mycobacterium_parmense,346,349,3
Mycobacterium_parmense,1542,1583,41
Mycobacterium_parmense,1587,1676,89
Mycobacterium_bohemicum,1,10,9
Mycobacterium_bohemicum,24,33,9
Mycobacterium_bohemicum,56,71,15
Mycobacterium_bohemicum,87,107,20
Mycobacterium_bohemicum,117,132,15
Mycobacterium_bohemicum,133,136,3
Mycobacterium_bohemicum,346,349,3
Mycobacterium_bohemicum,1542,1583,41
Mycobacterium_bohemicum,1587,1676,89
Mycobacterium_palustre,1,10,9
Mycobacterium_palustre,21,39,18
Mycobacterium_palustre,43,46,3
Mycobacterium_palustre,87,107,20
Mycobacterium_palustre,117,132,15
Mycobacterium_palustre,133,136,3
Mycobacterium_palustre,346,349,3
Mycobacterium_palustre,1542,1583,41
Mycobacterium_palustre,1587,1676,89
Mycolicibacterium_thermoresistibile,1,10,9
Mycolicibacterium_thermoresistibile,21,39,18
Mycolicibacterium_thermoresistibile,43,46,3
Mycolicibacterium_thermoresistibile,53,77,24
Mycolicibacterium_thermoresistibile,84,107,23
Mycolicibacterium_thermoresistibile,117,132,15
Mycolicibacterium_thermoresistibile,133,136,3
Mycolicibacterium_thermoresistibile,346,349,3
Mycolicibacterium_thermoresistibile,1542,1545,3
Mycolicibacterium_thermoresistibile,1573,1621,48
Mycolicibacterium_thermoresistibile,1632,1649,17
Mycolicibacterium_thermoresistibile,1664,1676,12
Mycobacterium_persicum,1,10,9
Mycobacterium_persicum,21,39,18
Mycobacterium_persicum,43,46,3
Mycobacterium_persicum,53,71,18
Mycobacterium_persicum,87,107,20
Mycobacterium_persicum,117,132,15
Mycobacterium_persicum,133,136,3
Mycobacterium_persicum,346,349,3
Mycobacterium_colombiense,1,10,9
Mycobacterium_colombiense,21,39,18
Mycobacterium_colombiense,43,46,3
Mycobacterium_colombiense,53,80,27
Mycobacterium_colombiense,87,107,20
Mycobacterium_colombiense,117,132,15
Mycobacterium_colombiense,133,136,3
Mycobacterium_colombiense,346,349,3
Mycobacterium_colombiense,1542,1583,41
Mycobacterium_colombiense,1587,1676,89
Mycobacterium_asiaticum,1,10,9
Mycobacterium_asiaticum,21,39,18
Mycobacterium_asiaticum,43,46,3
Mycobacterium_asiaticum,56,71,15
Mycobacterium_asiaticum,87,107,20
Mycobacterium_asiaticum,117,132,15
Mycobacterium_asiaticum,133,136,3
Mycobacterium_asiaticum,346,349,3
Mycobacterium_noviomagense,1,10,9
Mycobacterium_noviomagense,21,39,18
Mycobacterium_noviomagense,43,46,3
Mycobacterium_noviomagense,66,69,3
Mycobacterium_noviomagense,89,94,5
Mycobacterium_noviomagense,117,132,15
Mycobacterium_noviomagense,133,136,3
Mycobacterium_noviomagense,346,349,3
Mycobacterium_noviomagense,1582,1583,1
Mycobacterium_noviomagense,1595,1599,4
Mycobacterium_arosiense,1,10,9
Mycobacterium_arosiense,21,39,18
Mycobacterium_arosiense,43,46,3
Mycobacterium_arosiense,53,80,27
Mycobacterium_arosiense,87,107,20
Mycobacterium_arosiense,117,132,15
Mycobacterium_arosiense,133,136,3
Mycobacterium_arosiense,346,349,3
Mycobacterium_arosiense,1542,1583,41
Mycobacterium_arosiense,1587,1676,89
Mycobacterium_bourgelatii,1,10,9
Mycobacterium_bourgelatii,21,39,18
Mycobacterium_bourgelatii,43,46,3
Mycobacterium_bourgelatii,56,71,15
Mycobacterium_bourgelatii,87,107,20
Mycobacterium_bourgelatii,117,132,15
Mycobacterium_bourgelatii,133,136,3
Mycobacterium_bourgelatii,346,349,3
Mycobacterium_mantenii,1,10,9
Mycobacterium_mantenii,21,39,18
Mycobacterium_mantenii,43,46,3
Mycobacterium_mantenii,53,71,18
Mycobacterium_mantenii,87,107,20
Mycobacterium_mantenii,117,132,15
Mycobacterium_mantenii,133,136,3
Mycobacterium_mantenii,346,349,3
Mycobacterium_mantenii,1542,1583,41
Mycobacterium_mantenii,1587,1676,89
Mycolicibacterium_rutilum,1,10,9
Mycolicibacterium_rutilum,21,39,18
Mycolicibacterium_rutilum,43,46,3
Mycolicibacterium_rutilum,53,71,18
Mycolicibacterium_rutilum,87,107,20
Mycolicibacterium_rutilum,117,132,15
Mycolicibacterium_rutilum,133,136,3
Mycolicibacterium_rutilum,346,349,3
Mycolicibacterium_rutilum,1542,1545,3
Mycolicibacterium_rutilum,1554,1649,95
Mycolicibacterium_rutilum,1664,1676,12
Mycolicibacterium_vulneris,1,10,9
Mycolicibacterium_vulneris,21,39,18
Mycolicibacterium_vulneris,43,46,3
Mycolicibacterium_vulneris,53,80,27
Mycolicibacterium_vulneris,87,107,20
Mycolicibacterium_vulneris,117,132,15
Mycolicibacterium_vulneris,133,136,3
Mycolicibacterium_vulneris,346,349,3
Mycolicibacterium_vulneris,1542,1583,41
Mycolicibacterium_vulneris,1587,1676,89
Mycobacterium_gordonae,1,10,9
Mycobacterium_gordonae,21,39,18
Mycobacterium_gordonae,56,71,15
Mycobacterium_gordonae,84,107,23
Mycobacterium_gordonae,117,132,15
Mycobacterium_gordonae,133,136,3
Mycobacterium_gordonae,346,349,3
Mycolicibacillus_koreensis,1,10,9
Mycolicibacillus_koreensis,21,39,18
Mycolicibacillus_koreensis,43,46,3
Mycolicibacillus_koreensis,64,102,38
Mycolicibacillus_koreensis,117,132,15
Mycolicibacillus_koreensis,133,136,3
Mycolicibacillus_koreensis,346,349,3
Mycolicibacterium_elephantis,1,10,9
Mycolicibacterium_elephantis,21,39,18
Mycolicibacterium_elephantis,43,46,3
Mycolicibacterium_elephantis,57,72,15
Mycolicibacterium_elephantis,84,107,23
Mycolicibacterium_elephantis,117,132,15
Mycolicibacterium_elephantis,133,136,3
Mycolicibacterium_elephantis,346,349,3
Mycolicibacterium_elephantis,1542,1545,3
Mycolicibacterium_elephantis,1579,1620,41
Mycolicibacterium_elephantis,1632,1650,18
Mycolicibacterium_elephantis,1664,1676,12
Mycobacterium_cookii,1,10,9
Mycobacterium_cookii,21,39,18
Mycobacterium_cookii,43,46,3
Mycobacterium_cookii,53,71,18
Mycobacterium_cookii,89,100,11
Mycobacterium_cookii,117,132,15
Mycobacterium_cookii,133,136,3
Mycobacterium_cookii,346,349,3
Mycobacterium_xenopi,1,10,9
Mycobacterium_xenopi,21,39,18
Mycobacterium_xenopi,43,46,3
Mycobacterium_xenopi,60,71,11
Mycobacterium_xenopi,117,132,15
Mycobacterium_xenopi,133,136,3
Mycobacterium_xenopi,346,349,3
Mycobacterium_xenopi,1542,1545,3
Mycobacterium_xenopi,1559,1606,47
Mycobacterium_xenopi,1667,1670,3
Mycobacterium_kubicae,1,10,9
Mycobacterium_kubicae,21,39,18
Mycobacterium_kubicae,43,46,3
Mycobacterium_kubicae,53,71,18
Mycobacterium_kubicae,87,104,17
Mycobacterium_kubicae,117,132,15
Mycobacterium_kubicae,133,136,3
Mycobacterium_kubicae,346,349,3
Mycobacterium_branderi,1,10,9
Mycobacterium_branderi,19,40,21
Mycobacterium_branderi,43,46,3
Mycobacterium_branderi,53,71,18
Mycobacterium_branderi,89,100,11
Mycobacterium_branderi,117,132,15
Mycobacterium_branderi,133,136,3
Mycobacterium_branderi,346,349,3
Mycobacterium_branderi,1542,1557,15
Mycobacterium_branderi,1572,1604,32
Mycobacterium_branderi,1614,1644,30
Mycobacterium_ostraviense,1,10,9
Mycobacterium_ostraviense,21,39,18
Mycobacterium_ostraviense,43,46,3
Mycobacterium_ostraviense,53,71,18
Mycobacterium_ostraviense,87,107,20
Mycobacterium_ostraviense,117,132,15
Mycobacterium_ostraviense,133,136,3
Mycobacterium_ostraviense,346,349,3
Mycolicibacterium_litorale,1,10,9
Mycolicibacterium_litorale,21,39,18
Mycolicibacterium_litorale,43,46,3
Mycolicibacterium_litorale,57,72,15
Mycolicibacterium_litorale,84,107,23
Mycolicibacterium_litorale,117,132,15
Mycolicibacterium_litorale,133,136,3
Mycolicibacterium_litorale,346,349,3
Mycolicibacterium_litorale,1542,1545,3
Mycolicibacterium_litorale,1582,1590,8
Mycolicibacterium_litorale,1595,1604,9
Mycolicibacterium_litorale,1629,1650,21
Mycolicibacterium_litorale,1664,1676,12
Mycolicibacillus_trivialis,1,10,9
Mycolicibacillus_trivialis,21,39,18
Mycolicibacillus_trivialis,43,46,3
Mycolicibacillus_trivialis,64,102,38
Mycolicibacillus_trivialis,117,132,15
Mycolicibacillus_trivialis,133,136,3
Mycolicibacillus_trivialis,346,349,3
Mycobacterium_saskatchewanense,1,10,9
Mycobacterium_saskatchewanense,21,39,18
Mycobacterium_saskatchewanense,43,46,3
Mycobacterium_saskatchewanense,62,71,9
Mycobacterium_saskatchewanense,87,107,20
Mycobacterium_saskatchewanense,117,132,15
Mycobacterium_saskatchewanense,133,136,3
Mycobacterium_saskatchewanense,346,349,3
Mycobacterium_saskatchewanense,1542,1583,41
Mycobacterium_saskatchewanense,1587,1676,89
Mycolicibacterium_hassiacum,1,10,9
Mycolicibacterium_hassiacum,21,39,18
Mycolicibacterium_hassiacum,43,46,3
Mycolicibacterium_hassiacum,53,71,18
Mycolicibacterium_hassiacum,87,107,20
Mycolicibacterium_hassiacum,117,132,15
Mycolicibacterium_hassiacum,133,136,3
Mycolicibacterium_hassiacum,346,349,3
Mycolicibacterium_hassiacum,1542,1685,143
Mycolicibacterium_flavescens,1,10,9
Mycolicibacterium_flavescens,21,39,18
Mycolicibacterium_flavescens,43,46,3
Mycolicibacterium_flavescens,53,71,18
Mycolicibacterium_flavescens,87,107,20
Mycolicibacterium_flavescens,117,132,15
Mycolicibacterium_flavescens,133,136,3
Mycolicibacterium_flavescens,346,349,3
Mycolicibacterium_flavescens,1542,1545,3
Mycolicibacterium_flavescens,1559,1648,89
Mycolicibacterium_flavescens,1664,1676,12
Mycobacterium_shimoidei,1,10,9
Mycobacterium_shimoidei,21,39,18
Mycobacterium_shimoidei,43,46,3
Mycobacterium_shimoidei,53,71,18
Mycobacterium_shimoidei,89,100,11
Mycobacterium_shimoidei,117,132,15
Mycobacterium_shimoidei,133,136,3
Mycobacterium_shimoidei,346,349,3
Mycolicibacterium_chitae,1,10,9
Mycolicibacterium_chitae,21,39,18
Mycolicibacterium_chitae,43,46,3
Mycolicibacterium_chitae,53,106,53
Mycolicibacterium_chitae,117,132,15
Mycolicibacterium_chitae,133,136,3
Mycolicibacterium_chitae,346,349,3
Mycobacterium_neumannii,1,10,9
Mycobacterium_neumannii,21,39,18
Mycobacterium_neumannii,43,46,3
Mycobacterium_neumannii,60,107,47
Mycobacterium_neumannii,117,132,15
Mycobacterium_neumannii,133,136,3
Mycobacterium_neumannii,346,349,3
Mycobacterium_neumannii,1542,1545,3
Mycobacterium_neumannii,1572,1604,32
Mycobacterium_neumannii,1632,1650,18
Mycobacterium_neumannii,1664,1676,12
Mycobacterium_palauense,1,10,9
Mycobacterium_palauense,21,39,18
Mycobacterium_palauense,43,46,3
Mycobacterium_palauense,51,107,56
Mycobacterium_palauense,133,136,3
Mycobacterium_palauense,346,349,3
Mycobacterium_celatum,1,10,9
Mycobacterium_celatum,21,39,18
Mycobacterium_celatum,43,46,3
Mycobacterium_celatum,53,71,18
Mycobacterium_celatum,89,100,11
Mycobacterium_celatum,117,132,15
Mycobacterium_celatum,133,136,3
Mycobacterium_celatum,346,349,3
Mycobacterium_celatum,1542,1557,15
Mycobacterium_celatum,1572,1604,32
Mycobacterium_celatum,1632,1644,12
Mycobacterium_lehmannii,1,10,9
Mycobacterium_lehmannii,21,39,18
Mycobacterium_lehmannii,43,46,3
Mycobacterium_lehmannii,60,107,47
Mycobacterium_lehmannii,117,132,15
Mycobacterium_lehmannii,133,136,3
Mycobacterium_lehmannii,346,349,3
Mycobacterium_lehmannii,1542,1545,3
Mycobacterium_lehmannii,1572,1604,32
Mycobacterium_lehmannii,1632,1650,18
Mycobacterium_lehmannii,1664,1676,12
Mycobacterium_kyorinense,1,10,9
Mycobacterium_kyorinense,19,40,21
Mycobacterium_kyorinense,43,46,3
Mycobacterium_kyorinense,53,71,18
Mycobacterium_kyorinense,89,100,11
Mycobacterium_kyorinense,117,132,15
Mycobacterium_kyorinense,133,136,3
Mycobacterium_kyorinense,346,349,3
Mycobacterium_kyorinense,1542,1557,15
Mycobacterium_kyorinense,1572,1604,32
Mycobacterium_kyorinense,1632,1644,12
Mycobacterium_paraterrae,1,10,9
Mycobacterium_paraterrae,21,39,18
Mycobacterium_paraterrae,43,46,3
Mycobacterium_paraterrae,53,71,18
Mycobacterium_paraterrae,89,100,11
Mycobacterium_paraterrae,117,132,15
Mycobacterium_paraterrae,133,136,3
Mycobacterium_paraterrae,346,349,3
Mycolicibacterium_pyrenivorans,1,10,9
Mycolicibacterium_pyrenivorans,21,39,18
Mycolicibacterium_pyrenivorans,43,46,3
Mycolicibacterium_pyrenivorans,63,107,44
Mycolicibacterium_pyrenivorans,117,126,9
Mycolicibacterium_pyrenivorans,133,136,3
Mycolicibacterium_pyrenivorans,346,349,3
Mycolicibacter_terrae,1,10,9
Mycolicibacter_terrae,21,39,18
Mycolicibacter_terrae,43,46,3
Mycolicibacter_terrae,59,136,77
Mycolicibacter_terrae,346,349,3
Mycolicibacterium_malmesburyense,1,10,9
Mycolicibacterium_malmesburyense,21,39,18
Mycolicibacterium_malmesburyense,43,46,3
Mycolicibacterium_malmesburyense,60,107,47
Mycolicibacterium_malmesburyense,117,132,15
Mycolicibacterium_malmesburyense,133,136,3
Mycolicibacterium_malmesburyense,346,349,3
Mycolicibacterium_malmesburyense,1542,1545,3
Mycolicibacterium_malmesburyense,1572,1604,32
Mycolicibacterium_malmesburyense,1626,1662,36
Mycolicibacterium_malmesburyense,1664,1676,12
Mycolicibacterium_xanthum,1,10,9
Mycolicibacterium_xanthum,21,39,18
Mycolicibacterium_xanthum,43,46,3
Mycolicibacterium_xanthum,51,107,56
Mycolicibacterium_xanthum,117,132,15
Mycolicibacterium_xanthum,133,136,3
Mycolicibacterium_xanthum,346,349,3
Mycolicibacterium_holsaticum,1,10,9
Mycolicibacterium_holsaticum,21,39,18
Mycolicibacterium_holsaticum,43,46,3
Mycolicibacterium_holsaticum,57,72,15
Mycolicibacterium_holsaticum,84,107,23
Mycolicibacterium_holsaticum,117,132,15
Mycolicibacterium_holsaticum,133,136,3
Mycolicibacterium_holsaticum,346,349,3
Mycolicibacterium_holsaticum,1542,1545,3
Mycolicibacterium_holsaticum,1580,1615,35
Mycolicibacterium_holsaticum,1632,1650,18
Mycolicibacterium_holsaticum,1664,1676,12
Mycolicibacterium_hippocampi,1,10,9
Mycolicibacterium_hippocampi,21,39,18
Mycolicibacterium_hippocampi,43,46,3
Mycolicibacterium_hippocampi,63,107,44
Mycolicibacterium_hippocampi,117,126,9
Mycolicibacterium_hippocampi,133,136,3
Mycolicibacterium_hippocampi,346,349,3
Mycolicibacterium_conceptionense,1,10,9
Mycolicibacterium_conceptionense,21,39,18
Mycolicibacterium_conceptionense,43,46,3
Mycolicibacterium_conceptionense,48,110,62
Mycolicibacterium_conceptionense,117,132,15
Mycolicibacterium_conceptionense,133,136,3
Mycolicibacterium_conceptionense,346,349,3
Mycolicibacterium_rufum,1,10,9
Mycolicibacterium_rufum,21,39,18
Mycolicibacterium_rufum,43,46,3
Mycolicibacterium_rufum,64,102,38
Mycolicibacterium_rufum,117,132,15
Mycolicibacterium_rufum,133,136,3
Mycolicibacterium_rufum,346,349,3
Mycobacterium_manitobense,1,10,9
Mycobacterium_manitobense,21,39,18
Mycobacterium_manitobense,43,46,3
Mycobacterium_manitobense,60,107,47
Mycobacterium_manitobense,117,132,15
Mycobacterium_manitobense,133,136,3
Mycobacterium_manitobense,346,349,3
Mycolicibacter_acidiphilus,1,10,9
Mycolicibacter_acidiphilus,21,39,18
Mycolicibacter_acidiphilus,43,46,3
Mycolicibacter_acidiphilus,64,105,41
Mycolicibacter_acidiphilus,117,132,15
Mycolicibacter_acidiphilus,133,136,3
Mycolicibacter_acidiphilus,346,349,3
Mycolicibacter_engbaekii,1,10,9
Mycolicibacter_engbaekii,21,39,18
Mycolicibacter_engbaekii,43,46,3
Mycolicibacter_engbaekii,59,136,77
Mycolicibacter_engbaekii,346,349,3
Mycobacterium_novum,1,10,9
Mycobacterium_novum,21,39,18
Mycobacterium_novum,43,46,3
Mycobacterium_novum,59,136,77
Mycobacterium_novum,346,349,3
Mycolicibacterium_poriferae,1,10,9
Mycolicibacterium_poriferae,21,39,18
Mycolicibacterium_poriferae,43,46,3
Mycolicibacterium_poriferae,51,107,56
Mycolicibacterium_poriferae,117,132,15
Mycolicibacterium_poriferae,133,136,3
Mycolicibacterium_poriferae,346,349,3
Mycolicibacterium_stellerae,1,10,9
Mycolicibacterium_stellerae,21,39,18
Mycolicibacterium_stellerae,43,46,3
Mycolicibacterium_stellerae,57,72,15
Mycolicibacterium_stellerae,84,107,23
Mycolicibacterium_stellerae,117,132,15
Mycolicibacterium_stellerae,133,136,3
Mycolicibacterium_stellerae,346,349,3
Mycolicibacterium_stellerae,1542,1545,3
Mycolicibacterium_stellerae,1587,1604,17
Mycolicibacterium_stellerae,1632,1650,18
Mycolicibacterium_stellerae,1664,1676,12
Mycolicibacter_kumamotonensis,1,10,9
Mycolicibacter_kumamotonensis,21,39,18
Mycolicibacter_kumamotonensis,43,46,3
Mycolicibacter_kumamotonensis,59,136,77
Mycolicibacter_kumamotonensis,346,349,3
Mycolicibacterium_farcinogenes,1,10,9
Mycolicibacterium_farcinogenes,21,39,18
Mycolicibacterium_farcinogenes,43,46,3
Mycolicibacterium_farcinogenes,48,110,62
Mycolicibacterium_farcinogenes,117,132,15
Mycolicibacterium_farcinogenes,133,136,3
Mycolicibacterium_farcinogenes,346,349,3
Mycolicibacterium_vanbaalenii,1,10,9
Mycolicibacterium_vanbaalenii,21,39,18
Mycolicibacterium_vanbaalenii,43,46,3
Mycolicibacterium_vanbaalenii,51,113,62
Mycolicibacterium_vanbaalenii,117,132,15
Mycolicibacterium_vanbaalenii,133,136,3
Mycolicibacterium_vanbaalenii,346,349,3
Mycolicibacterium_monacense,1,10,9
Mycolicibacterium_monacense,21,39,18
Mycolicibacterium_monacense,43,46,3
Mycolicibacterium_monacense,57,75,18
Mycolicibacterium_monacense,84,107,23
Mycolicibacterium_monacense,117,132,15
Mycolicibacterium_monacense,133,136,3
Mycolicibacterium_monacense,346,349,3
Mycolicibacterium_monacense,1542,1545,3
Mycolicibacterium_monacense,1582,1590,8
Mycolicibacterium_monacense,1629,1650,21
Mycolicibacterium_monacense,1664,1676,12
Mycolicibacterium_obuense,1,10,9
Mycolicibacterium_obuense,21,39,18
Mycolicibacterium_obuense,43,46,3
Mycolicibacterium_obuense,64,102,38
Mycolicibacterium_obuense,117,132,15
Mycolicibacterium_obuense,133,136,3
Mycolicibacterium_obuense,346,349,3
Mycolicibacterium_novocastrense,1,10,9
Mycolicibacterium_novocastrense,21,39,18
Mycolicibacterium_novocastrense,43,46,3
Mycolicibacterium_novocastrense,60,107,47
Mycolicibacterium_novocastrense,117,132,15
Mycolicibacterium_novocastrense,133,136,3
Mycolicibacterium_novocastrense,346,349,3
Mycolicibacterium_novocastrense,1542,1545,3
Mycolicibacterium_novocastrense,1572,1604,32
Mycolicibacterium_novocastrense,1632,1650,18
Mycolicibacterium_novocastrense,1664,1676,12
Mycolicibacterium_komanii,1,10,9
Mycolicibacterium_komanii,21,39,18
Mycolicibacterium_komanii,43,46,3
Mycolicibacterium_komanii,60,107,47
Mycolicibacterium_komanii,117,132,15
Mycolicibacterium_komanii,133,136,3
Mycolicibacterium_komanii,346,349,3
Mycolicibacterium_komanii,1542,1545,3
Mycolicibacterium_komanii,1572,1604,32
Mycolicibacterium_komanii,1626,1662,36
Mycolicibacterium_komanii,1664,1676,12
Mycolicibacterium_senegalense,1,10,9
Mycolicibacterium_senegalense,21,39,18
Mycolicibacterium_senegalense,43,46,3
Mycolicibacterium_senegalense,48,110,62
Mycolicibacterium_senegalense,117,132,15
Mycolicibacterium_senegalense,133,136,3
Mycolicibacterium_senegalense,346,349,3
Mycolicibacterium_austroafricanum,1,10,9
Mycolicibacterium_austroafricanum,21,39,18
Mycolicibacterium_austroafricanum,43,46,3
Mycolicibacterium_austroafricanum,51,113,62
Mycolicibacterium_austroafricanum,117,132,15
Mycolicibacterium_austroafricanum,133,136,3
Mycolicibacterium_austroafricanum,346,349,3
Mycobacterium_fragae,1,10,9
Mycobacterium_fragae,21,39,18
Mycobacterium_fragae,43,46,3
Mycobacterium_fragae,53,71,18
Mycobacterium_fragae,89,100,11
Mycobacterium_fragae,117,132,15
Mycobacterium_fragae,133,136,3
Mycobacterium_fragae,346,349,3
Mycolicibacterium_phlei,1,10,9
Mycolicibacterium_phlei,21,39,18
Mycolicibacterium_phlei,43,46,3
Mycolicibacterium_phlei,53,106,53
Mycolicibacterium_phlei,117,132,15
Mycolicibacterium_phlei,133,136,3
Mycolicibacterium_phlei,346,349,3
Mycolicibacterium_iranicum,1,10,9
Mycolicibacterium_iranicum,21,39,18
Mycolicibacterium_iranicum,43,46,3
Mycolicibacterium_iranicum,51,107,56
Mycolicibacterium_iranicum,117,132,15
Mycolicibacterium_iranicum,133,136,3
Mycolicibacterium_iranicum,346,349,3
Mycolicibacterium_houstonense,1,10,9
Mycolicibacterium_houstonense,21,39,18
Mycolicibacterium_houstonense,43,46,3
Mycolicibacterium_houstonense,48,110,62
Mycolicibacterium_houstonense,117,132,15
Mycolicibacterium_houstonense,133,136,3
Mycolicibacterium_houstonense,346,349,3
Mycobacterium_aquaticum,1,10,9
Mycobacterium_aquaticum,21,39,18
Mycobacterium_aquaticum,43,46,3
Mycobacterium_aquaticum,50,109,59
Mycobacterium_aquaticum,117,132,15
Mycobacterium_aquaticum,133,136,3
Mycobacterium_aquaticum,346,349,3
Mycolicibacterium_agri,1,10,9
Mycolicibacterium_agri,21,39,18
Mycolicibacterium_agri,43,46,3
Mycolicibacterium_agri,60,107,47
Mycolicibacterium_agri,117,132,15
Mycolicibacterium_agri,133,136,3
Mycolicibacterium_agri,346,349,3
Mycolicibacterium_agri,1542,1545,3
Mycolicibacterium_agri,1572,1604,32
Mycolicibacterium_agri,1632,1650,18
Mycolicibacterium_agri,1664,1676,12
Mycobacterium_grossiae,1,10,9
Mycobacterium_grossiae,21,39,18
Mycobacterium_grossiae,43,46,3
Mycobacterium_grossiae,51,113,62
Mycobacterium_grossiae,117,132,15
Mycobacterium_grossiae,133,136,3
Mycobacterium_grossiae,346,349,3
Mycolicibacterium_pulveris,1,10,9
Mycolicibacterium_pulveris,21,39,18
Mycolicibacterium_pulveris,43,46,3
Mycolicibacterium_pulveris,57,72,15
Mycolicibacterium_pulveris,84,107,23
Mycolicibacterium_pulveris,117,132,15
Mycolicibacterium_pulveris,133,136,3
Mycolicibacterium_pulveris,346,349,3
Mycolicibacterium_pulveris,1542,1545,3
Mycolicibacterium_pulveris,1579,1620,41
Mycolicibacterium_pulveris,1632,1650,18
Mycolicibacterium_pulveris,1664,1676,12
Mycolicibacterium_goodii,1,10,9
Mycolicibacterium_goodii,21,39,18
Mycolicibacterium_goodii,43,46,3
Mycolicibacterium_goodii,48,110,62
Mycolicibacterium_goodii,117,132,15
Mycolicibacterium_goodii,133,136,3
Mycolicibacterium_goodii,346,349,3
Mycolicibacterium_fluoranthenivorans,1,10,9
Mycolicibacterium_fluoranthenivorans,21,39,18
Mycolicibacterium_fluoranthenivorans,43,46,3
Mycolicibacterium_fluoranthenivorans,48,110,62
Mycolicibacterium_fluoranthenivorans,117,132,15
Mycolicibacterium_fluoranthenivorans,133,136,3
Mycolicibacterium_fluoranthenivorans,346,349,3
Mycobacterium_heckeshornense,1,10,9
Mycobacterium_heckeshornense,21,39,18
Mycobacterium_heckeshornense,43,46,3
Mycobacterium_heckeshornense,60,71,11
Mycobacterium_heckeshornense,117,132,15
Mycobacterium_heckeshornense,133,136,3
Mycobacterium_heckeshornense,346,349,3
Mycobacterium_heckeshornense,1542,1545,3
Mycobacterium_heckeshornense,1566,1604,38
Mycobacterium_heckeshornense,1667,1670,3
Mycolicibacter_longobardus,1,10,9
Mycolicibacter_longobardus,21,39,18
Mycolicibacter_longobardus,43,46,3
Mycolicibacter_longobardus,59,136,77
Mycolicibacter_longobardus,346,349,3
Mycolicibacter_senuensis,1,10,9
Mycolicibacter_senuensis,21,39,18
Mycolicibacter_senuensis,43,46,3
Mycolicibacter_senuensis,59,136,77
Mycolicibacter_senuensis,346,349,3
Mycolicibacterium_celeriflavum,1,10,9
Mycolicibacterium_celeriflavum,21,39,18
Mycolicibacterium_celeriflavum,43,46,3
Mycolicibacterium_celeriflavum,60,107,47
Mycolicibacterium_celeriflavum,117,132,15
Mycolicibacterium_celeriflavum,133,136,3
Mycolicibacterium_celeriflavum,346,349,3
Mycolicibacterium_celeriflavum,1542,1545,3
Mycolicibacterium_celeriflavum,1572,1604,32
Mycolicibacterium_celeriflavum,1632,1650,18
Mycolicibacterium_celeriflavum,1664,1676,12
Mycolicibacterium_baixiangningiae,1,10,9
Mycolicibacterium_baixiangningiae,21,39,18
Mycolicibacterium_baixiangningiae,43,46,3
Mycolicibacterium_baixiangningiae,57,75,18
Mycolicibacterium_baixiangningiae,84,107,23
Mycolicibacterium_baixiangningiae,117,132,15
Mycolicibacterium_baixiangningiae,133,136,3
Mycolicibacterium_baixiangningiae,346,349,3
Mycolicibacterium_baixiangningiae,1542,1545,3
Mycolicibacterium_baixiangningiae,1582,1590,8
Mycolicibacterium_baixiangningiae,1595,1604,9
Mycolicibacterium_baixiangningiae,1629,1650,21
Mycolicibacterium_baixiangningiae,1664,1676,12
Mycobacterium_kyogaense,1,10,9
Mycobacterium_kyogaense,21,39,18
Mycobacterium_kyogaense,43,46,3
Mycobacterium_kyogaense,64,102,38
Mycobacterium_kyogaense,117,132,15
Mycobacterium_kyogaense,133,136,3
Mycobacterium_kyogaense,346,349,3
Mycolicibacterium_canariasense,1,10,9
Mycolicibacterium_canariasense,21,39,18
Mycolicibacterium_canariasense,43,46,3
Mycolicibacterium_canariasense,48,110,62
Mycolicibacterium_canariasense,118,130,12
Mycolicibacterium_canariasense,133,136,3
Mycolicibacterium_canariasense,346,349,3
Mycolicibacterium_wolinskyi,1,10,9
Mycolicibacterium_wolinskyi,21,39,18
Mycolicibacterium_wolinskyi,43,46,3
Mycolicibacterium_wolinskyi,48,110,62
Mycolicibacterium_wolinskyi,117,132,15
Mycolicibacterium_wolinskyi,133,136,3
Mycolicibacterium_wolinskyi,346,349,3
Mycobacterium_hackensackense,1,10,9
Mycobacterium_hackensackense,21,39,18
Mycobacterium_hackensackense,43,46,3
Mycobacterium_hackensackense,48,110,62
Mycobacterium_hackensackense,117,132,15
Mycobacterium_hackensackense,133,136,3
Mycobacterium_hackensackense,346,349,3
Mycolicibacterium_chlorophenolicum,1,10,9
Mycolicibacterium_chlorophenolicum,21,39,18
Mycolicibacterium_chlorophenolicum,43,46,3
Mycolicibacterium_chlorophenolicum,51,107,56
Mycolicibacterium_chlorophenolicum,117,132,15
Mycolicibacterium_chlorophenolicum,133,136,3
Mycolicibacterium_chlorophenolicum,346,349,3
Mycobacterium_syngnathidarum,1,10,9
Mycobacterium_syngnathidarum,21,39,18
Mycobacterium_syngnathidarum,43,46,3
Mycobacterium_syngnathidarum,48,110,62
Mycobacterium_syngnathidarum,117,132,15
Mycobacterium_syngnathidarum,133,136,3
Mycobacterium_syngnathidarum,346,349,3
Mycolicibacterium_smegmatis,1,10,9
Mycolicibacterium_smegmatis,21,39,18
Mycolicibacterium_smegmatis,43,46,3
Mycolicibacterium_smegmatis,48,110,62
Mycolicibacterium_smegmatis,117,132,15
Mycolicibacterium_smegmatis,133,136,3
Mycolicibacterium_smegmatis,346,349,3
Mycolicibacter_algericus,1,10,9
Mycolicibacter_algericus,21,39,18
Mycolicibacter_algericus,43,46,3
Mycolicibacter_algericus,59,136,77
Mycolicibacter_algericus,346,349,3
Mycobacterium_leprae,1,10,9
Mycobacterium_leprae,14,17,3
Mycobacterium_leprae,21,39,18
Mycobacterium_leprae,43,46,3
Mycobacterium_leprae,62,71,9
Mycobacterium_leprae,87,107,20
Mycobacterium_leprae,117,132,15
Mycobacterium_leprae,133,136,3
Mycobacterium_leprae,346,349,3
Mycolicibacterium_psychrotolerans,1,10,9
Mycolicibacterium_psychrotolerans,21,39,18
Mycolicibacterium_psychrotolerans,43,46,3
Mycolicibacterium_psychrotolerans,51,107,56
Mycolicibacterium_psychrotolerans,117,132,15
Mycolicibacterium_psychrotolerans,133,136,3
Mycolicibacterium_psychrotolerans,346,349,3
Mycolicibacterium_doricum,1,10,9
Mycolicibacterium_doricum,21,39,18
Mycolicibacterium_doricum,43,46,3
Mycolicibacterium_doricum,57,72,15
Mycolicibacterium_doricum,84,107,23
Mycolicibacterium_doricum,117,132,15
Mycolicibacterium_doricum,133,136,3
Mycolicibacterium_doricum,346,349,3
Mycolicibacterium_doricum,1542,1545,3
Mycolicibacterium_doricum,1552,1555,3
Mycolicibacterium_doricum,1582,1590,8
Mycolicibacterium_doricum,1595,1604,9
Mycolicibacterium_doricum,1629,1650,21
Mycolicibacterium_doricum,1664,1676,12
Mycolicibacterium_cosmeticum,1,10,9
Mycolicibacterium_cosmeticum,21,39,18
Mycolicibacterium_cosmeticum,43,46,3
Mycolicibacterium_cosmeticum,48,110,62
Mycolicibacterium_cosmeticum,118,130,12
Mycolicibacterium_cosmeticum,133,136,3
Mycolicibacterium_cosmeticum,346,349,3
Mycolicibacter_nonchromogenicus,1,10,9
Mycolicibacter_nonchromogenicus,21,39,18
Mycolicibacter_nonchromogenicus,43,46,3
Mycolicibacter_nonchromogenicus,59,136,77
Mycolicibacter_nonchromogenicus,346,349,3
Mycolicibacterium_brumae,1,10,9
Mycolicibacterium_brumae,21,39,18
Mycolicibacterium_brumae,43,46,3
Mycolicibacterium_brumae,59,112,53
Mycolicibacterium_brumae,117,132,15
Mycolicibacterium_brumae,133,136,3
Mycolicibacterium_brumae,346,349,3
Mycolicibacter_hiberniae,1,10,9
Mycolicibacter_hiberniae,21,39,18
Mycolicibacter_hiberniae,43,46,3
Mycolicibacter_hiberniae,59,136,77
Mycolicibacter_hiberniae,346,349,3
Mycolicibacterium_vinylchloridicum,1,10,9
Mycolicibacterium_vinylchloridicum,21,39,18
Mycolicibacterium_vinylchloridicum,43,46,3
Mycolicibacterium_vinylchloridicum,48,110,62
Mycolicibacterium_vinylchloridicum,117,132,15
Mycolicibacterium_vinylchloridicum,133,136,3
Mycolicibacterium_vinylchloridicum,346,349,3
Mycolicibacterium_vaccae,1,10,9
Mycolicibacterium_vaccae,21,39,18
Mycolicibacterium_vaccae,43,46,3
Mycolicibacterium_vaccae,51,113,62
Mycolicibacterium_vaccae,117,132,15
Mycolicibacterium_vaccae,133,136,3
Mycolicibacterium_vaccae,346,349,3
Mycolicibacterium_brisbanense,1,10,9
Mycolicibacterium_brisbanense,21,39,18
Mycolicibacterium_brisbanense,43,46,3
Mycolicibacterium_brisbanense,50,109,59
Mycolicibacterium_brisbanense,117,132,15
Mycolicibacterium_brisbanense,133,136,3
Mycolicibacterium_brisbanense,346,349,3
Mycolicibacterium_mageritense,1,10,9
Mycolicibacterium_mageritense,21,39,18
Mycolicibacterium_mageritense,43,46,3
Mycolicibacterium_mageritense,50,109,59
Mycolicibacterium_mageritense,117,132,15
Mycolicibacterium_mageritense,133,136,3
Mycolicibacterium_mageritense,346,349,3
Mycolicibacterium_insubricum,1,10,9
Mycolicibacterium_insubricum,21,39,18
Mycolicibacterium_insubricum,43,46,3
Mycolicibacterium_insubricum,57,116,59
Mycolicibacterium_insubricum,117,132,15
Mycolicibacterium_insubricum,133,136,3
Mycolicibacterium_insubricum,346,349,3
Mycolicibacterium_sediminis,1,10,9
Mycolicibacterium_sediminis,21,39,18
Mycolicibacterium_sediminis,43,46,3
Mycolicibacterium_sediminis,51,107,56
Mycolicibacterium_sediminis,117,132,15
Mycolicibacterium_sediminis,133,136,3
Mycolicibacterium_sediminis,346,349,3
Mycolicibacterium_bacteremicum,1,10,9
Mycolicibacterium_bacteremicum,21,39,18
Mycolicibacterium_bacteremicum,43,46,3
Mycolicibacterium_bacteremicum,48,110,62
Mycolicibacterium_bacteremicum,118,130,12
Mycolicibacterium_bacteremicum,133,136,3
Mycolicibacterium_bacteremicum,346,349,3
Mycolicibacterium_aurum,1,10,9
Mycolicibacterium_aurum,21,39,18
Mycolicibacterium_aurum,43,46,3
Mycolicibacterium_aurum,63,107,44
Mycolicibacterium_aurum,117,126,9
Mycolicibacterium_aurum,133,136,3
Mycolicibacterium_aurum,346,349,3
Mycolicibacterium_chubuense,1,10,9
Mycolicibacterium_chubuense,21,39,18
Mycolicibacterium_chubuense,43,46,3
Mycolicibacterium_chubuense,51,107,56
Mycolicibacterium_chubuense,117,132,15
Mycolicibacterium_chubuense,133,136,3
Mycolicibacterium_chubuense,346,349,3
Mycolicibacterium_crocinum,1,10,9
Mycolicibacterium_crocinum,21,39,18
Mycolicibacterium_crocinum,43,46,3
Mycolicibacterium_crocinum,50,109,59
Mycolicibacterium_crocinum,117,132,15
Mycolicibacterium_crocinum,133,136,3
Mycolicibacterium_crocinum,346,349,3
Mycolicibacterium_fallax,1,10,9
Mycolicibacterium_fallax,21,39,18
Mycolicibacterium_fallax,43,46,3
Mycolicibacterium_fallax,62,115,53
Mycolicibacterium_fallax,117,132,15
Mycolicibacterium_fallax,133,136,3
Mycolicibacterium_fallax,346,349,3
Mycolicibacterium_pallens,1,10,9
Mycolicibacterium_pallens,21,39,18
Mycolicibacterium_pallens,43,46,3
Mycolicibacterium_pallens,50,109,59
Mycolicibacterium_pallens,117,132,15
Mycolicibacterium_pallens,133,136,3
Mycolicibacterium_pallens,346,349,3
Mycolicibacterium_aromaticivorans,1,10,9
Mycolicibacterium_aromaticivorans,21,39,18
Mycolicibacterium_aromaticivorans,43,46,3
Mycolicibacterium_aromaticivorans,50,109,59
Mycolicibacterium_aromaticivorans,117,132,15
Mycolicibacterium_aromaticivorans,133,136,3
Mycolicibacterium_aromaticivorans,346,349,3
Mycolicibacter_minnesotensis,1,10,9
Mycolicibacter_minnesotensis,21,39,18
Mycolicibacter_minnesotensis,43,46,3
Mycolicibacter_minnesotensis,59,136,77
Mycolicibacter_minnesotensis,346,349,3
Mycobacterium_dioxanotrophicus,1,10,9
Mycobacterium_dioxanotrophicus,21,39,18
Mycobacterium_dioxanotrophicus,43,46,3
Mycobacterium_dioxanotrophicus,50,109,59
Mycobacterium_dioxanotrophicus,117,132,15
Mycobacterium_dioxanotrophicus,133,136,3
Mycobacterium_dioxanotrophicus,346,349,3
Mycolicibacter_icosiumassiliensis,1,10,9
Mycolicibacter_icosiumassiliensis,21,39,18
Mycolicibacter_icosiumassiliensis,43,46,3
Mycolicibacter_icosiumassiliensis,59,136,77
Mycolicibacter_icosiumassiliensis,346,349,3
Mycolicibacterium_acetamidolyticum,1,10,9
Mycolicibacterium_acetamidolyticum,21,39,18
Mycolicibacterium_acetamidolyticum,43,46,3
Mycolicibacterium_acetamidolyticum,48,110,62
Mycolicibacterium_acetamidolyticum,117,132,15
Mycolicibacterium_acetamidolyticum,133,136,3
Mycolicibacterium_acetamidolyticum,346,349,3
Mycolicibacterium_anyangense,1,10,9
Mycolicibacterium_anyangense,21,39,18
Mycolicibacterium_anyangense,43,46,3
Mycolicibacterium_anyangense,50,109,59
Mycolicibacterium_anyangense,117,132,15
Mycolicibacterium_anyangense,133,136,3
Mycolicibacterium_anyangense,346,349,3
Mycolicibacterium_alvei,1,10,9
Mycolicibacterium_alvei,21,39,18
Mycolicibacterium_alvei,43,46,3
Mycolicibacterium_alvei,48,110,62
Mycolicibacterium_alvei,117,132,15
Mycolicibacterium_alvei,133,136,3
Mycolicibacterium_alvei,346,349,3
Mycolicibacterium_sarraceniae,1,10,9
Mycolicibacterium_sarraceniae,21,39,18
Mycolicibacterium_sarraceniae,43,46,3
Mycolicibacterium_sarraceniae,48,110,62
Mycolicibacterium_sarraceniae,117,132,15
Mycolicibacterium_sarraceniae,133,136,3
Mycolicibacterium_sarraceniae,346,349,3
Mycolicibacterium_gilvum,1,10,9
Mycolicibacterium_gilvum,21,39,18
Mycolicibacterium_gilvum,43,46,3
Mycolicibacterium_gilvum,51,113,62
Mycolicibacterium_gilvum,117,132,15
Mycolicibacterium_gilvum,346,349,3
Mycolicibacter_sinensis,1,10,9
Mycolicibacter_sinensis,21,39,18
Mycolicibacter_sinensis,43,46,3
Mycolicibacter_sinensis,59,136,77
Mycolicibacter_sinensis,346,349,3
Mycolicibacterium_madagascariense,1,10,9
Mycolicibacterium_madagascariense,21,39,18
Mycolicibacterium_madagascariense,43,46,3
Mycolicibacterium_madagascariense,51,107,56
Mycolicibacterium_madagascariense,117,132,15
Mycolicibacterium_madagascariense,133,136,3
Mycolicibacterium_madagascariense,346,349,3
Mycolicibacterium_aichiense,1,10,9
Mycolicibacterium_aichiense,21,39,18
Mycolicibacterium_aichiense,43,46,3
Mycolicibacterium_aichiense,50,109,59
Mycolicibacterium_aichiense,117,132,15
Mycolicibacterium_aichiense,133,136,3
Mycolicibacterium_aichiense,346,349,3
Mycolicibacterium_setense,1,10,9
Mycolicibacterium_setense,21,39,18
Mycolicibacterium_setense,43,46,3
Mycolicibacterium_setense,48,110,62
Mycolicibacterium_setense,117,132,15
Mycolicibacterium_setense,133,136,3
Mycolicibacterium_setense,346,349,3
Mycolicibacter_virginiensis,1,10,9
Mycolicibacter_virginiensis,21,39,18
Mycolicibacter_virginiensis,43,46,3
Mycolicibacter_virginiensis,59,136,77
Mycolicibacter_virginiensis,346,349,3
Mycolicibacterium_porcinum,1,10,9
Mycolicibacterium_porcinum,21,39,18
Mycolicibacterium_porcinum,43,46,3
Mycolicibacterium_porcinum,48,110,62
Mycolicibacterium_porcinum,117,132,15
Mycolicibacterium_porcinum,133,136,3
Mycolicibacterium_porcinum,346,349,3
Mycobacterium_neglectum,1,10,9
Mycobacterium_neglectum,21,39,18
Mycobacterium_neglectum,43,46,3
Mycobacterium_neglectum,54,107,53
Mycobacterium_neglectum,117,132,15
Mycobacterium_neglectum,133,136,3
Mycobacterium_neglectum,346,349,3
Mycobacterium_neglectum,1542,1545,3
Mycobacterium_neglectum,1572,1604,32
Mycobacterium_neglectum,1626,1650,24
Mycobacterium_neglectum,1666,1675,9
Mycolicibacterium_neworleansense,1,10,9
Mycolicibacterium_neworleansense,21,39,18
Mycolicibacterium_neworleansense,43,46,3
Mycolicibacterium_neworleansense,48,110,62
Mycolicibacterium_neworleansense,117,132,15
Mycolicibacterium_neworleansense,133,136,3
Mycolicibacterium_neworleansense,346,349,3
Mycolicibacter_heraklionensis,1,10,9
Mycolicibacter_heraklionensis,21,39,18
Mycolicibacter_heraklionensis,43,46,3
Mycolicibacter_heraklionensis,59,136,77
Mycolicibacter_heraklionensis,346,349,3
Mycobacterium_frederiksbergense,1,10,9
Mycobacterium_frederiksbergense,21,39,18
Mycobacterium_frederiksbergense,43,46,3
Mycobacterium_frederiksbergense,48,110,62
Mycobacterium_frederiksbergense,118,130,12
Mycobacterium_frederiksbergense,133,136,3
Mycobacterium_frederiksbergense,346,349,3
Mycolicibacterium_duvalii,1,10,9
Mycolicibacterium_duvalii,21,39,18
Mycolicibacterium_duvalii,43,46,3
Mycolicibacterium_duvalii,51,107,56
Mycolicibacterium_duvalii,117,132,15
Mycolicibacterium_duvalii,133,136,3
Mycolicibacterium_duvalii,346,349,3
Mycolicibacterium_sphagni,1,10,9
Mycolicibacterium_sphagni,21,39,18
Mycolicibacterium_sphagni,43,46,3
Mycolicibacterium_sphagni,48,110,62
Mycolicibacterium_sphagni,117,132,15
Mycolicibacterium_sphagni,133,136,3
Mycolicibacterium_sphagni,346,349,3
Mycolicibacterium_lacusdiani,1,10,9
Mycolicibacterium_lacusdiani,21,39,18
Mycolicibacterium_lacusdiani,43,46,3
Mycolicibacterium_lacusdiani,51,107,56
Mycolicibacterium_lacusdiani,117,132,15
Mycolicibacterium_lacusdiani,133,136,3
Mycolicibacterium_lacusdiani,346,349,3
Mycobacterium_lepromatosis,1,10,9
Mycobacterium_lepromatosis,14,17,3
Mycobacterium_lepromatosis,21,39,18
Mycobacterium_lepromatosis,43,46,3
Mycobacterium_lepromatosis,62,71,9
Mycobacterium_lepromatosis,87,107,20
Mycobacterium_lepromatosis,117,132,15
Mycobacterium_lepromatosis,133,136,3
Mycobacterium_lepromatosis,346,349,3
Mycolicibacter_arupensis,1,10,9
Mycolicibacter_arupensis,21,39,18
Mycolicibacter_arupensis,43,46,3
Mycolicibacter_arupensis,59,136,77
Mycolicibacter_arupensis,346,349,3
Mycolicibacterium_peregrinum,1,10,9
Mycolicibacterium_peregrinum,21,39,18
Mycolicibacterium_peregrinum,43,46,3
Mycolicibacterium_peregrinum,48,110,62
Mycolicibacterium_peregrinum,117,132,15
Mycolicibacterium_peregrinum,133,136,3
Mycolicibacterium_peregrinum,346,349,3
Mycolicibacterium_llatzerense,1,10,9
Mycolicibacterium_llatzerense,21,39,18
Mycolicibacterium_llatzerense,43,46,3
Mycolicibacterium_llatzerense,50,109,59
Mycolicibacterium_llatzerense,117,132,15
Mycolicibacterium_llatzerense,133,136,3
Mycolicibacterium_llatzerense,346,349,3
Mycobacterium_barrassiae,1,10,9
Mycobacterium_barrassiae,21,39,18
Mycobacterium_barrassiae,43,46,3
Mycobacterium_barrassiae,48,110,62
Mycobacterium_barrassiae,117,132,15
Mycobacterium_barrassiae,133,136,3
Mycobacterium_barrassiae,346,349,3
Mycobacterium_barrassiae,1572,1604,32
Mycobacterium_barrassiae,1617,1650,33
Mycobacterium_barrassiae,1666,1675,9
Mycolicibacterium_arabiense,1,10,9
Mycolicibacterium_arabiense,21,39,18
Mycolicibacterium_arabiense,43,46,3
Mycolicibacterium_arabiense,51,107,56
Mycolicibacterium_arabiense,117,132,15
Mycolicibacterium_arabiense,133,136,3
Mycolicibacterium_arabiense,346,349,3
Mycolicibacterium_nivoides,1,10,9
Mycolicibacterium_nivoides,21,39,18
Mycolicibacterium_nivoides,43,46,3
Mycolicibacterium_nivoides,48,110,62
Mycolicibacterium_nivoides,117,132,15
Mycolicibacterium_nivoides,133,136,3
Mycolicibacterium_nivoides,346,349,3
Mycolicibacterium_lutetiense,1,10,9
Mycolicibacterium_lutetiense,21,39,18
Mycolicibacterium_lutetiense,43,46,3
Mycolicibacterium_lutetiense,48,110,62
Mycolicibacterium_lutetiense,117,132,15
Mycolicibacterium_lutetiense,133,136,3
Mycolicibacterium_lutetiense,346,349,3
Mycolicibacterium_rhodesiae,1,10,9
Mycolicibacterium_rhodesiae,21,39,18
Mycolicibacterium_rhodesiae,43,46,3
Mycolicibacterium_rhodesiae,56,136,80
Mycolicibacterium_rhodesiae,346,349,3
Mycolicibacterium_rhodesiae,1572,1604,32
Mycolicibacterium_rhodesiae,1633,1648,15
Mycolicibacterium_rhodesiae,1666,1675,9
Mycolicibacterium_septicum,1,10,9
Mycolicibacterium_septicum,21,39,18
Mycolicibacterium_septicum,43,46,3
Mycolicibacterium_septicum,48,110,62
Mycolicibacterium_septicum,117,132,15
Mycolicibacterium_septicum,133,136,3
Mycolicibacterium_septicum,346,349,3
Mycolicibacterium_diernhoferi,1,10,9
Mycolicibacterium_diernhoferi,21,39,18
Mycolicibacterium_diernhoferi,43,46,3
Mycolicibacterium_diernhoferi,48,110,62
Mycolicibacterium_diernhoferi,118,130,12
Mycolicibacterium_diernhoferi,133,136,3
Mycolicibacterium_diernhoferi,346,349,3
Mycolicibacterium_fortuitum,1,10,9
Mycolicibacterium_fortuitum,21,39,18
Mycolicibacterium_fortuitum,43,46,3
Mycolicibacterium_fortuitum,48,110,62
Mycolicibacterium_fortuitum,117,132,15
Mycolicibacterium_fortuitum,133,136,3
Mycolicibacterium_fortuitum,346,349,3
Mycolicibacterium_confluentis,1,10,9
Mycolicibacterium_confluentis,21,39,18
Mycolicibacterium_confluentis,43,46,3
Mycolicibacterium_confluentis,53,106,53
Mycolicibacterium_confluentis,117,132,15
Mycolicibacterium_confluentis,133,136,3
Mycolicibacterium_confluentis,346,349,3
Mycolicibacterium_mengxianglii,1,10,9
Mycolicibacterium_mengxianglii,21,39,18
Mycolicibacterium_mengxianglii,43,46,3
Mycolicibacterium_mengxianglii,59,136,77
Mycolicibacterium_mengxianglii,346,349,3
Mycolicibacterium_tokaiense,1,10,9
Mycolicibacterium_tokaiense,21,39,18
Mycolicibacterium_tokaiense,43,46,3
Mycolicibacterium_tokaiense,48,110,62
Mycolicibacterium_tokaiense,118,130,12
Mycolicibacterium_tokaiense,133,136,3
Mycolicibacterium_tokaiense,346,349,3
Mycolicibacterium_boenickei,1,10,9
Mycolicibacterium_boenickei,21,39,18
Mycolicibacterium_boenickei,43,46,3
Mycolicibacterium_boenickei,48,110,62
Mycolicibacterium_boenickei,117,132,15
Mycolicibacterium_boenickei,133,136,3
Mycolicibacterium_boenickei,346,349,3
Mycolicibacterium_neoaurum,1,10,9
Mycolicibacterium_neoaurum,21,39,18
Mycolicibacterium_neoaurum,43,46,3
Mycolicibacterium_neoaurum,48,110,62
Mycolicibacterium_neoaurum,118,130,12
Mycolicibacterium_neoaurum,133,136,3
Mycolicibacterium_neoaurum,346,349,3
Mycolicibacterium_murale,1,10,9
Mycolicibacterium_murale,21,39,18
Mycolicibacterium_murale,43,46,3
Mycolicibacterium_murale,48,110,62
Mycolicibacterium_murale,118,130,12
Mycolicibacterium_murale,133,136,3
Mycolicibacterium_murale,346,349,3
Mycolicibacterium_phocaicum,1,10,9
Mycolicibacterium_phocaicum,21,39,18
Mycolicibacterium_phocaicum,43,46,3
Mycolicibacterium_phocaicum,50,109,59
Mycolicibacterium_phocaicum,117,132,15
Mycolicibacterium_phocaicum,133,136,3
Mycolicibacterium_phocaicum,346,349,3
Mycolicibacterium_aubagnense,1,10,9
Mycolicibacterium_aubagnense,21,39,18
Mycolicibacterium_aubagnense,43,46,3
Mycolicibacterium_aubagnense,50,109,59
Mycolicibacterium_aubagnense,117,132,15
Mycolicibacterium_aubagnense,133,136,3
Mycolicibacterium_aubagnense,346,349,3
Mycolicibacterium_mucogenicum,1,10,9
Mycolicibacterium_mucogenicum,21,39,18
Mycolicibacterium_mucogenicum,43,46,3
Mycolicibacterium_mucogenicum,50,109,59
Mycolicibacterium_mucogenicum,117,132,15
Mycolicibacterium_mucogenicum,133,136,3
Mycolicibacterium_mucogenicum,346,349,3
Mycobacterium_yunnanensis,1,10,9
Mycobacterium_yunnanensis,21,39,18
Mycobacterium_yunnanensis,43,46,3
Mycobacterium_yunnanensis,51,107,56
Mycobacterium_yunnanensis,117,132,15
Mycobacterium_yunnanensis,133,136,3
Mycobacterium_yunnanensis,346,349,3
Mycolicibacterium_komossense,1,10,9
Mycolicibacterium_komossense,21,39,18
Mycolicibacterium_komossense,43,46,3
Mycolicibacterium_komossense,59,136,77
Mycolicibacterium_komossense,346,349,3
Mycolicibacterium_helvum,1,10,9
Mycolicibacterium_helvum,21,39,18
Mycolicibacterium_helvum,43,46,3
Mycolicibacterium_helvum,48,110,62
Mycolicibacterium_helvum,117,132,15
Mycolicibacterium_helvum,133,136,3
Mycolicibacterium_helvum,346,349,3
Mycobacteroides_massiliense,1,10,9
Mycobacteroides_massiliense,24,39,15
Mycobacteroides_massiliense,43,46,3
Mycobacteroides_massiliense,53,115,62
Mycobacteroides_massiliense,117,132,15
Mycobacteroides_massiliense,133,136,3
Mycobacteroides_massiliense,346,349,3
Mycobacteroides_abscessus,1,10,9
Mycobacteroides_abscessus,24,39,15
Mycobacteroides_abscessus,43,46,3
Mycobacteroides_abscessus,53,115,62
Mycobacteroides_abscessus,117,132,15
Mycobacteroides_abscessus,133,136,3
Mycobacteroides_abscessus,346,349,3
Mycolicibacterium_moriokaense,1,10,9
Mycolicibacterium_moriokaense,21,39,18
Mycolicibacterium_moriokaense,43,46,3
Mycolicibacterium_moriokaense,48,110,62
Mycolicibacterium_moriokaense,117,132,15
Mycolicibacterium_moriokaense,133,136,3
Mycolicibacterium_moriokaense,346,349,3
Mycolicibacterium_moriokaense,1572,1604,32
Mycolicibacterium_moriokaense,1615,1675,60
Mycolicibacterium_tusciae,1,10,9
Mycolicibacterium_tusciae,21,39,18
Mycolicibacterium_tusciae,43,46,3
Mycolicibacterium_tusciae,53,115,62
Mycolicibacterium_tusciae,117,132,15
Mycolicibacterium_tusciae,133,136,3
Mycolicibacterium_tusciae,346,349,3
Mycolicibacterium_tusciae,1542,1545,3
Mycolicibacterium_tusciae,1572,1604,32
Mycolicibacterium_tusciae,1629,1650,21
Mycolicibacterium_tusciae,1666,1675,9
Mycobacteroides_bolletii,1,10,9
Mycobacteroides_bolletii,24,39,15
Mycobacteroides_bolletii,43,46,3
Mycobacteroides_bolletii,53,115,62
Mycobacteroides_bolletii,117,132,15
Mycobacteroides_bolletii,133,136,3
Mycobacteroides_bolletii,346,349,3
Mycobacterium_botniense,1,10,9
Mycobacterium_botniense,21,39,18
Mycobacterium_botniense,43,46,3
Mycobacterium_botniense,63,107,44
Mycobacterium_botniense,117,132,15
Mycobacterium_botniense,133,136,3
Mycobacterium_botniense,346,349,3
Mycolicibacterium_hodleri,1,10,9
Mycolicibacterium_hodleri,21,39,18
Mycolicibacterium_hodleri,43,46,3
Mycolicibacterium_hodleri,51,107,56
Mycolicibacterium_hodleri,117,132,15
Mycolicibacterium_hodleri,133,136,3
Mycolicibacterium_hodleri,346,349,3
Mycolicibacterium_parafortuitum,1,10,9
Mycolicibacterium_parafortuitum,21,39,18
Mycolicibacterium_parafortuitum,43,46,3
Mycolicibacterium_parafortuitum,51,113,62
Mycolicibacterium_parafortuitum,117,132,15
Mycolicibacterium_parafortuitum,133,136,3
Mycolicibacterium_parafortuitum,346,349,3
Mycobacteroides_salmoniphilum,1,10,9
Mycobacteroides_salmoniphilum,24,39,15
Mycobacteroides_salmoniphilum,43,46,3
Mycobacteroides_salmoniphilum,53,115,62
Mycobacteroides_salmoniphilum,117,132,15
Mycobacteroides_salmoniphilum,133,136,3
Mycobacteroides_salmoniphilum,346,349,3
Mycobacteroides_immunogenum,1,10,9
Mycobacteroides_immunogenum,23,41,18
Mycobacteroides_immunogenum,43,46,3
Mycobacteroides_immunogenum,53,115,62
Mycobacteroides_immunogenum,117,132,15
Mycobacteroides_immunogenum,133,136,3
Mycobacteroides_immunogenum,346,349,3
Mycolicibacterium_gadium,1,10,9
Mycolicibacterium_gadium,21,39,18
Mycolicibacterium_gadium,43,46,3
Mycolicibacterium_gadium,56,71,15
Mycolicibacterium_gadium,84,107,23
Mycolicibacterium_gadium,117,132,15
Mycolicibacterium_gadium,133,136,3
Mycolicibacterium_gadium,346,349,3
Mycolicibacterium_gadium,1542,1545,3
Mycolicibacterium_gadium,1581,1604,23
Mycolicibacterium_gadium,1632,1650,18
Mycolicibacterium_gadium,1664,1676,12
Mycobacteroides_franklinii,1,10,9
Mycobacteroides_franklinii,24,39,15
Mycobacteroides_franklinii,43,46,3
Mycobacteroides_franklinii,53,115,62
Mycobacteroides_franklinii,117,132,15
Mycobacteroides_franklinii,133,136,3
Mycobacteroides_franklinii,346,349,3
Mycobacteroides_chelonae,1,10,9
Mycobacteroides_chelonae,24,39,15
Mycobacteroides_chelonae,43,46,3
Mycobacteroides_chelonae,53,115,62
Mycobacteroides_chelonae,117,132,15
Mycobacteroides_chelonae,133,136,3
Mycobacteroides_chelonae,346,349,3
Mycobacteroides_saopaulense,1,10,9
Mycobacteroides_saopaulense,24,39,15
Mycobacteroides_saopaulense,43,46,3
Mycobacteroides_saopaulense,53,115,62
Mycobacteroides_saopaulense,117,132,15
Mycobacteroides_saopaulense,133,136,3
Mycobacteroides_saopaulense,346,349,3
