,sp,start,end,len
0,Mycobacterium_heidelbergense,1,10,9
1,Mycobacterium_heidelbergense,21,39,18
2,Mycobacterium_heidelbergense,43,46,3
3,Mycobacterium_heidelbergense,62,71,9
4,Mycobacterium_heidelbergense,87,107,20
5,Mycobacterium_heidelbergense,117,132,15
6,Mycobacterium_heidelbergense,133,136,3
7,Mycobacterium_heidelbergense,346,349,3
8,Mycobacterium_decipiens,1,10,9
9,Mycobacterium_decipiens,21,39,18
10,Mycobacterium_decipiens,43,46,3
11,Mycobacterium_decipiens,53,109,56
12,Mycobacterium_decipiens,117,132,15
13,Mycobacterium_decipiens,133,136,3
14,Mycobacterium_decipiens,346,349,3
15,Mycobacterium_numidiamassiliense,1,10,9
16,Mycobacterium_numidiamassiliense,21,39,18
17,Mycobacterium_numidiamassiliense,43,46,3
18,Mycobacterium_numidiamassiliense,53,71,18
19,Mycobacterium_numidiamassiliense,87,107,20
20,Mycobacterium_numidiamassiliense,117,132,15
21,Mycobacterium_numidiamassiliense,133,136,3
22,Mycobacterium_numidiamassiliense,346,349,3
23,Mycobacterium_spongiae,1,10,9
24,Mycobacterium_spongiae,21,39,18
25,Mycobacterium_spongiae,43,46,3
26,Mycobacterium_spongiae,53,71,18
27,Mycobacterium_spongiae,87,107,20
28,Mycobacterium_spongiae,117,132,15
29,Mycobacterium_spongiae,133,136,3
30,Mycobacterium_spongiae,346,349,3
31,Mycobacterium_terramassiliense,1,10,9
32,Mycobacterium_terramassiliense,21,39,18
33,Mycobacterium_terramassiliense,43,46,3
34,Mycobacterium_terramassiliense,62,71,9
35,Mycobacterium_terramassiliense,87,107,20
36,Mycobacterium_terramassiliense,117,132,15
37,Mycobacterium_terramassiliense,133,136,3
38,Mycobacterium_terramassiliense,346,349,3
39,Mycobacterium_terramassiliense,1542,1583,41
40,Mycobacterium_terramassiliense,1587,1676,89
41,Mycobacterium_lacus,1,10,9
42,Mycobacterium_lacus,21,39,18
43,Mycobacterium_lacus,43,46,3
44,Mycobacterium_lacus,53,71,18
45,Mycobacterium_lacus,87,107,20
46,Mycobacterium_lacus,117,132,15
47,Mycobacterium_lacus,133,136,3
48,Mycobacterium_lacus,346,349,3
49,Mycobacterium_lentiflavum,1,10,9
50,Mycobacterium_lentiflavum,21,39,18
51,Mycobacterium_lentiflavum,43,46,3
52,Mycobacterium_lentiflavum,53,71,18
53,Mycobacterium_lentiflavum,87,107,20
54,Mycobacterium_lentiflavum,117,132,15
55,Mycobacterium_lentiflavum,133,136,3
56,Mycobacterium_lentiflavum,346,349,3
57,Mycobacterium_florentinum,1,10,9
58,Mycobacterium_florentinum,21,39,18
59,Mycobacterium_florentinum,43,46,3
60,Mycobacterium_florentinum,53,71,18
61,Mycobacterium_florentinum,87,107,20
62,Mycobacterium_florentinum,117,132,15
63,Mycobacterium_florentinum,133,136,3
64,Mycobacterium_florentinum,346,349,3
65,Mycobacterium_paragordonae,1,10,9
66,Mycobacterium_paragordonae,21,39,18
67,Mycobacterium_paragordonae,56,71,15
68,Mycobacterium_paragordonae,87,107,20
69,Mycobacterium_paragordonae,117,132,15
70,Mycobacterium_paragordonae,133,136,3
71,Mycobacterium_paragordonae,346,349,3
72,Mycobacterium_interjectum,1,10,9
73,Mycobacterium_interjectum,21,39,18
74,Mycobacterium_interjectum,43,46,3
75,Mycobacterium_interjectum,62,71,9
76,Mycobacterium_interjectum,87,107,20
77,Mycobacterium_interjectum,117,132,15
78,Mycobacterium_interjectum,133,136,3
79,Mycobacterium_interjectum,346,349,3
80,Mycobacterium_interjectum,1542,1583,41
81,Mycobacterium_interjectum,1587,1676,89
82,Mycobacterium_hominissuis,1,10,9
83,Mycobacterium_hominissuis,24,36,12
84,Mycobacterium_hominissuis,43,46,3
85,Mycobacterium_hominissuis,53,71,18
86,Mycobacterium_hominissuis,87,107,20
87,Mycobacterium_hominissuis,117,132,15
88,Mycobacterium_hominissuis,133,136,3
89,Mycobacterium_hominissuis,346,349,3
90,Mycobacterium_avium,1,10,9
91,Mycobacterium_avium,24,36,12
92,Mycobacterium_avium,43,46,3
93,Mycobacterium_avium,53,71,18
94,Mycobacterium_avium,87,107,20
95,Mycobacterium_avium,117,132,15
96,Mycobacterium_avium,133,136,3
97,Mycobacterium_bouchedurhonense,1,10,9
98,Mycobacterium_bouchedurhonense,24,36,12
99,Mycobacterium_bouchedurhonense,43,46,3
100,Mycobacterium_bouchedurhonense,53,71,18
101,Mycobacterium_bouchedurhonense,87,107,20
102,Mycobacterium_bouchedurhonense,117,132,15
103,Mycobacterium_bouchedurhonense,133,136,3
104,Mycobacterium_bouchedurhonense,346,349,3
105,Mycobacterium_shinjukuense,1,10,9
106,Mycobacterium_shinjukuense,24,39,15
107,Mycobacterium_shinjukuense,53,71,18
108,Mycobacterium_shinjukuense,84,107,23
109,Mycobacterium_shinjukuense,117,132,15
110,Mycobacterium_shinjukuense,133,136,3
111,Mycobacterium_shinjukuense,346,349,3
112,Mycobacterium_parascrofulaceum,1,10,9
113,Mycobacterium_parascrofulaceum,21,39,18
114,Mycobacterium_parascrofulaceum,43,46,3
115,Mycobacterium_parascrofulaceum,62,71,9
116,Mycobacterium_parascrofulaceum,87,107,20
117,Mycobacterium_parascrofulaceum,117,132,15
118,Mycobacterium_parascrofulaceum,133,136,3
119,Mycobacterium_parascrofulaceum,346,349,3
120,Mycobacterium_parascrofulaceum,1542,1583,41
121,Mycobacterium_parascrofulaceum,1587,1676,89
122,Mycobacterium_scrofulaceum,1,10,9
123,Mycobacterium_scrofulaceum,21,39,18
124,Mycobacterium_scrofulaceum,43,46,3
125,Mycobacterium_scrofulaceum,62,71,9
126,Mycobacterium_scrofulaceum,87,107,20
127,Mycobacterium_scrofulaceum,117,132,15
128,Mycobacterium_scrofulaceum,133,136,3
129,Mycobacterium_scrofulaceum,346,349,3
130,Mycobacterium_scrofulaceum,1542,1583,41
131,Mycobacterium_scrofulaceum,1587,1676,89
132,Mycobacterium_sherrisii,1,10,9
133,Mycobacterium_sherrisii,21,39,18
134,Mycobacterium_sherrisii,43,46,3
135,Mycobacterium_sherrisii,53,71,18
136,Mycobacterium_sherrisii,87,107,20
137,Mycobacterium_sherrisii,117,132,15
138,Mycobacterium_sherrisii,133,136,3
139,Mycobacterium_sherrisii,346,349,3
140,Mycobacterium_intracellulare,21,39,18
141,Mycobacterium_intracellulare,43,46,3
142,Mycobacterium_intracellulare,53,71,18
143,Mycobacterium_intracellulare,87,107,20
144,Mycobacterium_intracellulare,117,132,15
145,Mycobacterium_intracellulare,133,136,3
146,Mycobacterium_intracellulare,346,349,3
147,Mycobacterium_simulans,1,10,9
148,Mycobacterium_simulans,21,39,18
149,Mycobacterium_simulans,43,46,3
150,Mycobacterium_simulans,53,71,18
151,Mycobacterium_simulans,87,107,20
152,Mycobacterium_simulans,117,132,15
153,Mycobacterium_simulans,133,136,3
154,Mycobacterium_simulans,346,349,3
155,Mycobacterium_haemophilum,1,10,9
156,Mycobacterium_haemophilum,21,39,18
157,Mycobacterium_haemophilum,43,46,3
158,Mycobacterium_haemophilum,53,71,18
159,Mycobacterium_haemophilum,87,107,20
160,Mycobacterium_haemophilum,117,132,15
161,Mycobacterium_haemophilum,133,136,3
162,Mycobacterium_haemophilum,346,349,3
163,Mycobacterium_chimaera,21,39,18
164,Mycobacterium_chimaera,43,46,3
165,Mycobacterium_chimaera,53,71,18
166,Mycobacterium_chimaera,87,107,20
167,Mycobacterium_chimaera,117,132,15
168,Mycobacterium_chimaera,133,136,3
169,Mycobacterium_chimaera,346,349,3
170,Mycobacterium_montefiorense,1,10,9
171,Mycobacterium_montefiorense,21,39,18
172,Mycobacterium_montefiorense,43,46,3
173,Mycobacterium_montefiorense,53,71,18
174,Mycobacterium_montefiorense,87,107,20
175,Mycobacterium_montefiorense,117,132,15
176,Mycobacterium_montefiorense,133,136,3
177,Mycobacterium_montefiorense,346,349,3
178,Mycobacterium_malmoense,1,10,9
179,Mycobacterium_malmoense,21,39,18
180,Mycobacterium_malmoense,43,46,3
181,Mycobacterium_malmoense,62,71,9
182,Mycobacterium_malmoense,87,107,20
183,Mycobacterium_malmoense,117,132,15
184,Mycobacterium_malmoense,133,136,3
185,Mycobacterium_malmoense,346,349,3
186,Mycobacterium_paraintracellulare,21,39,18
187,Mycobacterium_paraintracellulare,43,46,3
188,Mycobacterium_paraintracellulare,53,71,18
189,Mycobacterium_paraintracellulare,87,107,20
190,Mycobacterium_paraintracellulare,117,132,15
191,Mycobacterium_paraintracellulare,133,136,3
192,Mycobacterium_paraintracellulare,346,349,3
193,Mycobacterium_yongonense,21,39,18
194,Mycobacterium_yongonense,43,46,3
195,Mycobacterium_yongonense,53,71,18
196,Mycobacterium_yongonense,87,107,20
197,Mycobacterium_yongonense,117,132,15
198,Mycobacterium_yongonense,133,136,3
199,Mycobacterium_yongonense,346,349,3
200,Mycobacterium_ulcerans,1,10,9
201,Mycobacterium_ulcerans,21,39,18
202,Mycobacterium_ulcerans,43,46,3
203,Mycobacterium_ulcerans,53,71,18
204,Mycobacterium_ulcerans,87,107,20
205,Mycobacterium_ulcerans,117,132,15
206,Mycobacterium_ulcerans,133,136,3
207,Mycobacterium_ulcerans,346,349,3
208,Mycobacterium_rhizamassiliense,1,10,9
209,Mycobacterium_rhizamassiliense,21,39,18
210,Mycobacterium_rhizamassiliense,43,46,3
211,Mycobacterium_rhizamassiliense,53,71,18
212,Mycobacterium_rhizamassiliense,87,107,20
213,Mycobacterium_rhizamassiliense,117,132,15
214,Mycobacterium_rhizamassiliense,133,136,3
215,Mycobacterium_rhizamassiliense,346,349,3
216,Mycobacterium_shottsii,1,10,9
217,Mycobacterium_shottsii,21,39,18
218,Mycobacterium_shottsii,43,46,3
219,Mycobacterium_shottsii,53,71,18
220,Mycobacterium_shottsii,87,107,20
221,Mycobacterium_shottsii,117,132,15
222,Mycobacterium_shottsii,133,136,3
223,Mycobacterium_shottsii,346,349,3
224,Mycobacterium_liflandii,1,10,9
225,Mycobacterium_liflandii,21,39,18
226,Mycobacterium_liflandii,43,46,3
227,Mycobacterium_liflandii,53,71,18
228,Mycobacterium_liflandii,87,107,20
229,Mycobacterium_liflandii,117,132,15
230,Mycobacterium_liflandii,133,136,3
231,Mycobacterium_liflandii,346,349,3
232,Mycobacterium_pseudoshottsii,1,10,9
233,Mycobacterium_pseudoshottsii,21,39,18
234,Mycobacterium_pseudoshottsii,43,46,3
235,Mycobacterium_pseudoshottsii,53,71,18
236,Mycobacterium_pseudoshottsii,87,107,20
237,Mycobacterium_pseudoshottsii,117,132,15
238,Mycobacterium_pseudoshottsii,133,136,3
239,Mycobacterium_pseudoshottsii,346,349,3
240,Mycobacterium_alsense,1,10,9
241,Mycobacterium_alsense,21,39,18
242,Mycobacterium_alsense,43,46,3
243,Mycobacterium_alsense,65,71,6
244,Mycobacterium_alsense,87,107,20
245,Mycobacterium_alsense,117,132,15
246,Mycobacterium_alsense,133,136,3
247,Mycobacterium_alsense,346,349,3
248,Mycobacterium_alsense,1542,1583,41
249,Mycobacterium_alsense,1587,1676,89
250,Mycobacterium_basiliense,1,10,9
251,Mycobacterium_basiliense,21,39,18
252,Mycobacterium_basiliense,43,46,3
253,Mycobacterium_basiliense,53,71,18
254,Mycobacterium_basiliense,87,107,20
255,Mycobacterium_basiliense,117,132,15
256,Mycobacterium_basiliense,133,136,3
257,Mycobacterium_basiliense,346,349,3
258,Mycobacterium_pseudokansasii,1,10,9
259,Mycobacterium_pseudokansasii,21,39,18
260,Mycobacterium_pseudokansasii,43,46,3
261,Mycobacterium_pseudokansasii,53,71,18
262,Mycobacterium_pseudokansasii,87,107,20
263,Mycobacterium_pseudokansasii,117,132,15
264,Mycobacterium_pseudokansasii,133,136,3
265,Mycobacterium_pseudokansasii,346,349,3
266,Mycobacterium_talmoniae,1,10,9
267,Mycobacterium_talmoniae,21,39,18
268,Mycobacterium_talmoniae,43,46,3
269,Mycobacterium_talmoniae,64,102,38
270,Mycobacterium_talmoniae,117,132,15
271,Mycobacterium_talmoniae,133,136,3
272,Mycobacterium_talmoniae,346,349,3
273,Mycobacterium_marinum,1,10,9
274,Mycobacterium_marinum,21,39,18
275,Mycobacterium_marinum,43,46,3
276,Mycobacterium_marinum,53,71,18
277,Mycobacterium_marinum,87,107,20
278,Mycobacterium_marinum,117,132,15
279,Mycobacterium_marinum,133,136,3
280,Mycobacterium_marinum,346,349,3
281,Mycobacterium_gastri,1,10,9
282,Mycobacterium_gastri,21,39,18
283,Mycobacterium_gastri,43,46,3
284,Mycobacterium_gastri,53,71,18
285,Mycobacterium_gastri,87,107,20
286,Mycobacterium_gastri,117,132,15
287,Mycobacterium_gastri,133,136,3
288,Mycobacterium_gastri,346,349,3
289,Mycobacterium_paraseoulense,1,10,9
290,Mycobacterium_paraseoulense,21,39,18
291,Mycobacterium_paraseoulense,43,46,3
292,Mycobacterium_paraseoulense,62,71,9
293,Mycobacterium_paraseoulense,87,107,20
294,Mycobacterium_paraseoulense,117,132,15
295,Mycobacterium_paraseoulense,133,136,3
296,Mycobacterium_paraseoulense,346,349,3
297,Mycobacterium_paraseoulense,1542,1583,41
298,Mycobacterium_paraseoulense,1587,1676,89
299,Mycobacterium_marseillense,1,10,9
300,Mycobacterium_marseillense,21,39,18
301,Mycobacterium_marseillense,43,46,3
302,Mycobacterium_marseillense,53,71,18
303,Mycobacterium_marseillense,87,107,20
304,Mycobacterium_marseillense,117,132,15
305,Mycobacterium_marseillense,133,136,3
306,Mycobacterium_marseillense,346,349,3
307,Mycobacterium_shinshuense,1,10,9
308,Mycobacterium_shinshuense,21,39,18
309,Mycobacterium_shinshuense,43,46,3
310,Mycobacterium_shinshuense,53,71,18
311,Mycobacterium_shinshuense,87,107,20
312,Mycobacterium_shinshuense,117,132,15
313,Mycobacterium_shinshuense,133,136,3
314,Mycobacterium_shinshuense,346,349,3
315,Mycobacterium_attenuatum,1,10,9
316,Mycobacterium_attenuatum,21,39,18
317,Mycobacterium_attenuatum,43,46,3
318,Mycobacterium_attenuatum,53,71,18
319,Mycobacterium_attenuatum,87,107,20
320,Mycobacterium_attenuatum,117,132,15
321,Mycobacterium_attenuatum,133,136,3
322,Mycobacterium_attenuatum,346,349,3
323,Mycobacterium_triplex,1,10,9
324,Mycobacterium_triplex,21,39,18
325,Mycobacterium_triplex,43,46,3
326,Mycobacterium_triplex,53,71,18
327,Mycobacterium_triplex,87,107,20
328,Mycobacterium_triplex,117,132,15
329,Mycobacterium_triplex,133,136,3
330,Mycobacterium_triplex,346,349,3
331,Mycobacterium_paraffinicum,1,10,9
332,Mycobacterium_paraffinicum,21,39,18
333,Mycobacterium_paraffinicum,43,46,3
334,Mycobacterium_paraffinicum,62,71,9
335,Mycobacterium_paraffinicum,87,107,20
336,Mycobacterium_paraffinicum,117,132,15
337,Mycobacterium_paraffinicum,133,136,3
338,Mycobacterium_paraffinicum,346,349,3
339,Mycobacterium_paraffinicum,1542,1583,41
340,Mycobacterium_paraffinicum,1587,1676,89
341,Mycobacterium_stomatepiae,1,10,9
342,Mycobacterium_stomatepiae,21,39,18
343,Mycobacterium_stomatepiae,43,46,3
344,Mycobacterium_stomatepiae,52,73,21
345,Mycobacterium_stomatepiae,87,107,20
346,Mycobacterium_stomatepiae,117,132,15
347,Mycobacterium_stomatepiae,133,136,3
348,Mycobacterium_stomatepiae,346,349,3
349,Mycobacterium_simiae,1,10,9
350,Mycobacterium_simiae,21,39,18
351,Mycobacterium_simiae,43,46,3
352,Mycobacterium_simiae,53,71,18
353,Mycobacterium_simiae,87,107,20
354,Mycobacterium_simiae,117,132,15
355,Mycobacterium_simiae,133,136,3
356,Mycobacterium_simiae,346,349,3
357,Mycobacterium_riyadhense,1,10,9
358,Mycobacterium_riyadhense,21,39,18
359,Mycobacterium_riyadhense,43,46,3
360,Mycobacterium_riyadhense,53,71,18
361,Mycobacterium_riyadhense,87,107,20
362,Mycobacterium_riyadhense,117,132,15
363,Mycobacterium_riyadhense,133,136,3
364,Mycobacterium_riyadhense,346,349,3
365,Mycobacterium_timonense,1,10,9
366,Mycobacterium_timonense,21,39,18
367,Mycobacterium_timonense,43,46,3
368,Mycobacterium_timonense,53,71,18
369,Mycobacterium_timonense,87,107,20
370,Mycobacterium_timonense,117,132,15
371,Mycobacterium_timonense,133,136,3
372,Mycobacterium_timonense,346,349,3
373,Mycobacterium_szulgai,1,10,9
374,Mycobacterium_szulgai,21,39,18
375,Mycobacterium_szulgai,43,46,3
376,Mycobacterium_szulgai,53,71,18
377,Mycobacterium_szulgai,84,107,23
378,Mycobacterium_szulgai,117,132,15
379,Mycobacterium_szulgai,133,136,3
380,Mycobacterium_szulgai,346,349,3
381,Mycobacterium_tilburgii,1,10,9
382,Mycobacterium_tilburgii,21,39,18
383,Mycobacterium_tilburgii,43,46,3
384,Mycobacterium_tilburgii,53,71,18
385,Mycobacterium_tilburgii,87,107,20
386,Mycobacterium_tilburgii,117,132,15
387,Mycobacterium_tilburgii,133,136,3
388,Mycobacterium_tilburgii,346,349,3
389,Mycobacterium_angelicum,1,10,9
390,Mycobacterium_angelicum,21,39,18
391,Mycobacterium_angelicum,43,46,3
392,Mycobacterium_angelicum,53,71,18
393,Mycobacterium_angelicum,84,107,23
394,Mycobacterium_angelicum,117,132,15
395,Mycobacterium_angelicum,133,136,3
396,Mycobacterium_angelicum,346,349,3
397,Mycobacterium_paraense,1,10,9
398,Mycobacterium_paraense,21,39,18
399,Mycobacterium_paraense,43,46,3
400,Mycobacterium_paraense,53,71,18
401,Mycobacterium_paraense,87,107,20
402,Mycobacterium_paraense,117,132,15
403,Mycobacterium_paraense,133,136,3
404,Mycobacterium_paraense,346,349,3
405,Mycobacterium_paraense,1542,1583,41
406,Mycobacterium_paraense,1587,1676,89
407,Mycobacterium_genavense,1,10,9
408,Mycobacterium_genavense,21,39,18
409,Mycobacterium_genavense,43,46,3
410,Mycobacterium_genavense,53,71,18
411,Mycobacterium_genavense,87,107,20
412,Mycobacterium_genavense,117,132,15
413,Mycobacterium_genavense,133,136,3
414,Mycobacterium_genavense,346,349,3
415,Mycobacterium_shigaense,1,10,9
416,Mycobacterium_shigaense,21,39,18
417,Mycobacterium_shigaense,43,46,3
418,Mycobacterium_shigaense,52,76,24
419,Mycobacterium_shigaense,87,107,20
420,Mycobacterium_shigaense,117,132,15
421,Mycobacterium_shigaense,133,136,3
422,Mycobacterium_shigaense,346,349,3
423,Mycobacterium_vicinigordonae,1,10,9
424,Mycobacterium_vicinigordonae,21,39,18
425,Mycobacterium_vicinigordonae,43,46,3
426,Mycobacterium_vicinigordonae,65,71,6
427,Mycobacterium_vicinigordonae,87,107,20
428,Mycobacterium_vicinigordonae,117,132,15
429,Mycobacterium_vicinigordonae,133,136,3
430,Mycobacterium_vicinigordonae,346,349,3
431,Mycobacterium_conspicuum,1,10,9
432,Mycobacterium_conspicuum,21,39,18
433,Mycobacterium_conspicuum,43,46,3
434,Mycobacterium_conspicuum,53,71,18
435,Mycobacterium_conspicuum,87,107,20
436,Mycobacterium_conspicuum,117,132,15
437,Mycobacterium_conspicuum,133,136,3
438,Mycobacterium_conspicuum,346,349,3
439,Mycobacterium_conspicuum,1542,1583,41
440,Mycobacterium_conspicuum,1587,1676,89
441,Mycobacterium_innocens,1,10,9
442,Mycobacterium_innocens,22,25,3
443,Mycobacterium_innocens,43,46,3
444,Mycobacterium_innocens,53,71,18
445,Mycobacterium_innocens,87,107,20
446,Mycobacterium_innocens,117,132,15
447,Mycobacterium_innocens,133,136,3
448,Mycobacterium_innocens,346,349,3
449,Mycobacterium_ahvazicum,1,10,9
450,Mycobacterium_ahvazicum,21,39,18
451,Mycobacterium_ahvazicum,43,46,3
452,Mycobacterium_ahvazicum,52,73,21
453,Mycobacterium_ahvazicum,87,107,20
454,Mycobacterium_ahvazicum,117,132,15
455,Mycobacterium_ahvazicum,133,136,3
456,Mycobacterium_ahvazicum,346,349,3
457,Mycobacterium_nebraskense,1,10,9
458,Mycobacterium_nebraskense,21,39,18
459,Mycobacterium_nebraskense,43,46,3
460,Mycobacterium_nebraskense,62,71,9
461,Mycobacterium_nebraskense,87,107,20
462,Mycobacterium_nebraskense,117,132,15
463,Mycobacterium_nebraskense,133,136,3
464,Mycobacterium_nebraskense,346,349,3
465,Mycobacterium_nebraskense,1542,1583,41
466,Mycobacterium_nebraskense,1587,1676,89
467,Mycobacterium_helveticum,1,10,9
468,Mycobacterium_helveticum,21,39,18
469,Mycobacterium_helveticum,43,46,3
470,Mycobacterium_helveticum,53,71,18
471,Mycobacterium_helveticum,87,107,20
472,Mycobacterium_helveticum,117,132,15
473,Mycobacterium_helveticum,133,136,3
474,Mycobacterium_helveticum,346,349,3
475,Mycobacterium_europaeum,1,10,9
476,Mycobacterium_europaeum,21,39,18
477,Mycobacterium_europaeum,43,46,3
478,Mycobacterium_europaeum,62,71,9
479,Mycobacterium_europaeum,87,107,20
480,Mycobacterium_europaeum,117,132,15
481,Mycobacterium_europaeum,133,136,3
482,Mycobacterium_europaeum,346,349,3
483,Mycobacterium_europaeum,1542,1583,41
484,Mycobacterium_europaeum,1587,1676,89
485,Mycobacterium_intermedium,1,10,9
486,Mycobacterium_intermedium,21,39,18
487,Mycobacterium_intermedium,43,46,3
488,Mycobacterium_intermedium,56,71,15
489,Mycobacterium_intermedium,87,107,20
490,Mycobacterium_intermedium,117,132,15
491,Mycobacterium_intermedium,133,136,3
492,Mycobacterium_intermedium,346,349,3
493,Mycolicibacillus_parakoreensis,1,10,9
494,Mycolicibacillus_parakoreensis,21,39,18
495,Mycolicibacillus_parakoreensis,43,46,3
496,Mycolicibacillus_parakoreensis,64,102,38
497,Mycolicibacillus_parakoreensis,117,132,15
498,Mycolicibacillus_parakoreensis,133,136,3
499,Mycolicibacillus_parakoreensis,346,349,3
500,Mycobacterium_seoulense,1,10,9
501,Mycobacterium_seoulense,21,39,18
502,Mycobacterium_seoulense,43,46,3
503,Mycobacterium_seoulense,53,71,18
504,Mycobacterium_seoulense,87,107,20
505,Mycobacterium_seoulense,117,132,15
506,Mycobacterium_seoulense,133,136,3
507,Mycobacterium_seoulense,346,349,3
508,Mycobacterium_seoulense,1542,1583,41
509,Mycobacterium_seoulense,1587,1676,89
510,Mycobacterium_kansasii,1,10,9
511,Mycobacterium_kansasii,43,46,3
512,Mycobacterium_kansasii,53,71,18
513,Mycobacterium_kansasii,87,107,20
514,Mycobacterium_kansasii,117,132,15
515,Mycobacterium_kansasii,133,136,3
516,Mycobacterium_kansasii,346,349,3
517,Mycobacterium_senriense,1,10,9
518,Mycobacterium_senriense,21,39,18
519,Mycobacterium_senriense,43,46,3
520,Mycobacterium_senriense,62,71,9
521,Mycobacterium_senriense,87,107,20
522,Mycobacterium_senriense,117,132,15
523,Mycobacterium_senriense,133,136,3
524,Mycobacterium_senriense,346,349,3
525,Mycobacterium_senriense,1542,1583,41
526,Mycobacterium_senriense,1587,1676,89
527,Mycobacterium_parmense,1,10,9
528,Mycobacterium_parmense,21,39,18
529,Mycobacterium_parmense,43,46,3
530,Mycobacterium_parmense,62,71,9
531,Mycobacterium_parmense,87,107,20
532,Mycobacterium_parmense,117,132,15
533,Mycobacterium_parmense,133,136,3
534,Mycobacterium_parmense,346,349,3
535,Mycobacterium_parmense,1542,1583,41
536,Mycobacterium_parmense,1587,1676,89
537,Mycobacterium_bohemicum,1,10,9
538,Mycobacterium_bohemicum,24,33,9
539,Mycobacterium_bohemicum,56,71,15
540,Mycobacterium_bohemicum,87,107,20
541,Mycobacterium_bohemicum,117,132,15
542,Mycobacterium_bohemicum,133,136,3
543,Mycobacterium_bohemicum,346,349,3
544,Mycobacterium_bohemicum,1542,1583,41
545,Mycobacterium_bohemicum,1587,1676,89
546,Mycobacterium_palustre,1,10,9
547,Mycobacterium_palustre,21,39,18
548,Mycobacterium_palustre,43,46,3
549,Mycobacterium_palustre,87,107,20
550,Mycobacterium_palustre,117,132,15
551,Mycobacterium_palustre,133,136,3
552,Mycobacterium_palustre,346,349,3
553,Mycobacterium_palustre,1542,1583,41
554,Mycobacterium_palustre,1587,1676,89
555,Mycolicibacterium_thermoresistibile,1,10,9
556,Mycolicibacterium_thermoresistibile,21,39,18
557,Mycolicibacterium_thermoresistibile,43,46,3
558,Mycolicibacterium_thermoresistibile,53,77,24
559,Mycolicibacterium_thermoresistibile,84,107,23
560,Mycolicibacterium_thermoresistibile,117,132,15
561,Mycolicibacterium_thermoresistibile,133,136,3
562,Mycolicibacterium_thermoresistibile,346,349,3
563,Mycolicibacterium_thermoresistibile,1542,1545,3
564,Mycolicibacterium_thermoresistibile,1573,1621,48
565,Mycolicibacterium_thermoresistibile,1632,1649,17
566,Mycolicibacterium_thermoresistibile,1664,1676,12
567,Mycobacterium_persicum,1,10,9
568,Mycobacterium_persicum,21,39,18
569,Mycobacterium_persicum,43,46,3
570,Mycobacterium_persicum,53,71,18
571,Mycobacterium_persicum,87,107,20
572,Mycobacterium_persicum,117,132,15
573,Mycobacterium_persicum,133,136,3
574,Mycobacterium_persicum,346,349,3
575,Mycobacterium_colombiense,1,10,9
576,Mycobacterium_colombiense,21,39,18
577,Mycobacterium_colombiense,43,46,3
578,Mycobacterium_colombiense,53,80,27
579,Mycobacterium_colombiense,87,107,20
580,Mycobacterium_colombiense,117,132,15
581,Mycobacterium_colombiense,133,136,3
582,Mycobacterium_colombiense,346,349,3
583,Mycobacterium_colombiense,1542,1583,41
584,Mycobacterium_colombiense,1587,1676,89
585,Mycobacterium_asiaticum,1,10,9
586,Mycobacterium_asiaticum,21,39,18
587,Mycobacterium_asiaticum,43,46,3
588,Mycobacterium_asiaticum,56,71,15
589,Mycobacterium_asiaticum,87,107,20
590,Mycobacterium_asiaticum,117,132,15
591,Mycobacterium_asiaticum,133,136,3
592,Mycobacterium_asiaticum,346,349,3
593,Mycobacterium_noviomagense,1,10,9
594,Mycobacterium_noviomagense,21,39,18
595,Mycobacterium_noviomagense,43,46,3
596,Mycobacterium_noviomagense,66,69,3
597,Mycobacterium_noviomagense,89,94,5
598,Mycobacterium_noviomagense,117,132,15
599,Mycobacterium_noviomagense,133,136,3
600,Mycobacterium_noviomagense,346,349,3
601,Mycobacterium_noviomagense,1582,1583,1
602,Mycobacterium_noviomagense,1595,1599,4
603,Mycobacterium_arosiense,1,10,9
604,Mycobacterium_arosiense,21,39,18
605,Mycobacterium_arosiense,43,46,3
606,Mycobacterium_arosiense,53,80,27
607,Mycobacterium_arosiense,87,107,20
608,Mycobacterium_arosiense,117,132,15
609,Mycobacterium_arosiense,133,136,3
610,Mycobacterium_arosiense,346,349,3
611,Mycobacterium_arosiense,1542,1583,41
612,Mycobacterium_arosiense,1587,1676,89
613,Mycobacterium_bourgelatii,1,10,9
614,Mycobacterium_bourgelatii,21,39,18
615,Mycobacterium_bourgelatii,43,46,3
616,Mycobacterium_bourgelatii,56,71,15
617,Mycobacterium_bourgelatii,87,107,20
618,Mycobacterium_bourgelatii,117,132,15
619,Mycobacterium_bourgelatii,133,136,3
620,Mycobacterium_bourgelatii,346,349,3
621,Mycobacterium_mantenii,1,10,9
622,Mycobacterium_mantenii,21,39,18
623,Mycobacterium_mantenii,43,46,3
624,Mycobacterium_mantenii,53,71,18
625,Mycobacterium_mantenii,87,107,20
626,Mycobacterium_mantenii,117,132,15
627,Mycobacterium_mantenii,133,136,3
628,Mycobacterium_mantenii,346,349,3
629,Mycobacterium_mantenii,1542,1583,41
630,Mycobacterium_mantenii,1587,1676,89
631,Mycolicibacterium_rutilum,1,10,9
632,Mycolicibacterium_rutilum,21,39,18
633,Mycolicibacterium_rutilum,43,46,3
634,Mycolicibacterium_rutilum,53,71,18
635,Mycolicibacterium_rutilum,87,107,20
636,Mycolicibacterium_rutilum,117,132,15
637,Mycolicibacterium_rutilum,133,136,3
638,Mycolicibacterium_rutilum,346,349,3
639,Mycolicibacterium_rutilum,1542,1545,3
640,Mycolicibacterium_rutilum,1554,1649,95
641,Mycolicibacterium_rutilum,1664,1676,12
642,Mycolicibacterium_vulneris,1,10,9
643,Mycolicibacterium_vulneris,21,39,18
644,Mycolicibacterium_vulneris,43,46,3
645,Mycolicibacterium_vulneris,53,80,27
646,Mycolicibacterium_vulneris,87,107,20
647,Mycolicibacterium_vulneris,117,132,15
648,Mycolicibacterium_vulneris,133,136,3
649,Mycolicibacterium_vulneris,346,349,3
650,Mycolicibacterium_vulneris,1542,1583,41
651,Mycolicibacterium_vulneris,1587,1676,89
652,Mycobacterium_gordonae,1,10,9
653,Mycobacterium_gordonae,21,39,18
654,Mycobacterium_gordonae,56,71,15
655,Mycobacterium_gordonae,84,107,23
656,Mycobacterium_gordonae,117,132,15
657,Mycobacterium_gordonae,133,136,3
658,Mycobacterium_gordonae,346,349,3
659,Mycolicibacillus_koreensis,1,10,9
660,Mycolicibacillus_koreensis,21,39,18
661,Mycolicibacillus_koreensis,43,46,3
662,Mycolicibacillus_koreensis,64,102,38
663,Mycolicibacillus_koreensis,117,132,15
664,Mycolicibacillus_koreensis,133,136,3
665,Mycolicibacillus_koreensis,346,349,3
666,Mycolicibacterium_elephantis,1,10,9
667,Mycolicibacterium_elephantis,21,39,18
668,Mycolicibacterium_elephantis,43,46,3
669,Mycolicibacterium_elephantis,57,72,15
670,Mycolicibacterium_elephantis,84,107,23
671,Mycolicibacterium_elephantis,117,132,15
672,Mycolicibacterium_elephantis,133,136,3
673,Mycolicibacterium_elephantis,346,349,3
674,Mycolicibacterium_elephantis,1542,1545,3
675,Mycolicibacterium_elephantis,1579,1620,41
676,Mycolicibacterium_elephantis,1632,1650,18
677,Mycolicibacterium_elephantis,1664,1676,12
678,Mycobacterium_cookii,1,10,9
679,Mycobacterium_cookii,21,39,18
680,Mycobacterium_cookii,43,46,3
681,Mycobacterium_cookii,53,71,18
682,Mycobacterium_cookii,89,100,11
683,Mycobacterium_cookii,117,132,15
684,Mycobacterium_cookii,133,136,3
685,Mycobacterium_cookii,346,349,3
686,Mycobacterium_xenopi,1,10,9
687,Mycobacterium_xenopi,21,39,18
688,Mycobacterium_xenopi,43,46,3
689,Mycobacterium_xenopi,60,71,11
690,Mycobacterium_xenopi,117,132,15
691,Mycobacterium_xenopi,133,136,3
692,Mycobacterium_xenopi,346,349,3
693,Mycobacterium_xenopi,1542,1545,3
694,Mycobacterium_xenopi,1559,1606,47
695,Mycobacterium_xenopi,1667,1670,3
696,Mycobacterium_kubicae,1,10,9
697,Mycobacterium_kubicae,21,39,18
698,Mycobacterium_kubicae,43,46,3
699,Mycobacterium_kubicae,53,71,18
700,Mycobacterium_kubicae,87,104,17
701,Mycobacterium_kubicae,117,132,15
702,Mycobacterium_kubicae,133,136,3
703,Mycobacterium_kubicae,346,349,3
704,Mycobacterium_branderi,1,10,9
705,Mycobacterium_branderi,19,40,21
706,Mycobacterium_branderi,43,46,3
707,Mycobacterium_branderi,53,71,18
708,Mycobacterium_branderi,89,100,11
709,Mycobacterium_branderi,117,132,15
710,Mycobacterium_branderi,133,136,3
711,Mycobacterium_branderi,346,349,3
712,Mycobacterium_branderi,1542,1557,15
713,Mycobacterium_branderi,1572,1604,32
714,Mycobacterium_branderi,1614,1644,30
715,Mycobacterium_ostraviense,1,10,9
716,Mycobacterium_ostraviense,21,39,18
717,Mycobacterium_ostraviense,43,46,3
718,Mycobacterium_ostraviense,53,71,18
719,Mycobacterium_ostraviense,87,107,20
720,Mycobacterium_ostraviense,117,132,15
721,Mycobacterium_ostraviense,133,136,3
722,Mycobacterium_ostraviense,346,349,3
723,Mycolicibacterium_litorale,1,10,9
724,Mycolicibacterium_litorale,21,39,18
725,Mycolicibacterium_litorale,43,46,3
726,Mycolicibacterium_litorale,57,72,15
727,Mycolicibacterium_litorale,84,107,23
728,Mycolicibacterium_litorale,117,132,15
729,Mycolicibacterium_litorale,133,136,3
730,Mycolicibacterium_litorale,346,349,3
731,Mycolicibacterium_litorale,1542,1545,3
732,Mycolicibacterium_litorale,1582,1590,8
733,Mycolicibacterium_litorale,1595,1604,9
734,Mycolicibacterium_litorale,1629,1650,21
735,Mycolicibacterium_litorale,1664,1676,12
736,Mycolicibacillus_trivialis,1,10,9
737,Mycolicibacillus_trivialis,21,39,18
738,Mycolicibacillus_trivialis,43,46,3
739,Mycolicibacillus_trivialis,64,102,38
740,Mycolicibacillus_trivialis,117,132,15
741,Mycolicibacillus_trivialis,133,136,3
742,Mycolicibacillus_trivialis,346,349,3
743,Mycobacterium_saskatchewanense,1,10,9
744,Mycobacterium_saskatchewanense,21,39,18
745,Mycobacterium_saskatchewanense,43,46,3
746,Mycobacterium_saskatchewanense,62,71,9
747,Mycobacterium_saskatchewanense,87,107,20
748,Mycobacterium_saskatchewanense,117,132,15
749,Mycobacterium_saskatchewanense,133,136,3
750,Mycobacterium_saskatchewanense,346,349,3
751,Mycobacterium_saskatchewanense,1542,1583,41
752,Mycobacterium_saskatchewanense,1587,1676,89
753,Mycolicibacterium_hassiacum,1,10,9
754,Mycolicibacterium_hassiacum,21,39,18
755,Mycolicibacterium_hassiacum,43,46,3
756,Mycolicibacterium_hassiacum,53,71,18
757,Mycolicibacterium_hassiacum,87,107,20
758,Mycolicibacterium_hassiacum,117,132,15
759,Mycolicibacterium_hassiacum,133,136,3
760,Mycolicibacterium_hassiacum,346,349,3
761,Mycolicibacterium_hassiacum,1542,1685,143
762,Mycolicibacterium_flavescens,1,10,9
763,Mycolicibacterium_flavescens,21,39,18
764,Mycolicibacterium_flavescens,43,46,3
765,Mycolicibacterium_flavescens,53,71,18
766,Mycolicibacterium_flavescens,87,107,20
767,Mycolicibacterium_flavescens,117,132,15
768,Mycolicibacterium_flavescens,133,136,3
769,Mycolicibacterium_flavescens,346,349,3
770,Mycolicibacterium_flavescens,1542,1545,3
771,Mycolicibacterium_flavescens,1559,1648,89
772,Mycolicibacterium_flavescens,1664,1676,12
773,Mycobacterium_shimoidei,1,10,9
774,Mycobacterium_shimoidei,21,39,18
775,Mycobacterium_shimoidei,43,46,3
776,Mycobacterium_shimoidei,53,71,18
777,Mycobacterium_shimoidei,89,100,11
778,Mycobacterium_shimoidei,117,132,15
779,Mycobacterium_shimoidei,133,136,3
780,Mycobacterium_shimoidei,346,349,3
781,Mycolicibacterium_chitae,1,10,9
782,Mycolicibacterium_chitae,21,39,18
783,Mycolicibacterium_chitae,43,46,3
784,Mycolicibacterium_chitae,53,106,53
785,Mycolicibacterium_chitae,117,132,15
786,Mycolicibacterium_chitae,133,136,3
787,Mycolicibacterium_chitae,346,349,3
788,Mycobacterium_neumannii,1,10,9
789,Mycobacterium_neumannii,21,39,18
790,Mycobacterium_neumannii,43,46,3
791,Mycobacterium_neumannii,60,107,47
792,Mycobacterium_neumannii,117,132,15
793,Mycobacterium_neumannii,133,136,3
794,Mycobacterium_neumannii,346,349,3
795,Mycobacterium_neumannii,1542,1545,3
796,Mycobacterium_neumannii,1572,1604,32
797,Mycobacterium_neumannii,1632,1650,18
798,Mycobacterium_neumannii,1664,1676,12
799,Mycobacterium_palauense,1,10,9
800,Mycobacterium_palauense,21,39,18
801,Mycobacterium_palauense,43,46,3
802,Mycobacterium_palauense,51,107,56
803,Mycobacterium_palauense,133,136,3
804,Mycobacterium_palauense,346,349,3
805,Mycobacterium_celatum,1,10,9
806,Mycobacterium_celatum,21,39,18
807,Mycobacterium_celatum,43,46,3
808,Mycobacterium_celatum,53,71,18
809,Mycobacterium_celatum,89,100,11
810,Mycobacterium_celatum,117,132,15
811,Mycobacterium_celatum,133,136,3
812,Mycobacterium_celatum,346,349,3
813,Mycobacterium_celatum,1542,1557,15
814,Mycobacterium_celatum,1572,1604,32
815,Mycobacterium_celatum,1632,1644,12
816,Mycobacterium_lehmannii,1,10,9
817,Mycobacterium_lehmannii,21,39,18
818,Mycobacterium_lehmannii,43,46,3
819,Mycobacterium_lehmannii,60,107,47
820,Mycobacterium_lehmannii,117,132,15
821,Mycobacterium_lehmannii,133,136,3
822,Mycobacterium_lehmannii,346,349,3
823,Mycobacterium_lehmannii,1542,1545,3
824,Mycobacterium_lehmannii,1572,1604,32
825,Mycobacterium_lehmannii,1632,1650,18
826,Mycobacterium_lehmannii,1664,1676,12
827,Mycobacterium_kyorinense,1,10,9
828,Mycobacterium_kyorinense,19,40,21
829,Mycobacterium_kyorinense,43,46,3
830,Mycobacterium_kyorinense,53,71,18
831,Mycobacterium_kyorinense,89,100,11
832,Mycobacterium_kyorinense,117,132,15
833,Mycobacterium_kyorinense,133,136,3
834,Mycobacterium_kyorinense,346,349,3
835,Mycobacterium_kyorinense,1542,1557,15
836,Mycobacterium_kyorinense,1572,1604,32
837,Mycobacterium_kyorinense,1632,1644,12
838,Mycobacterium_paraterrae,1,10,9
839,Mycobacterium_paraterrae,21,39,18
840,Mycobacterium_paraterrae,43,46,3
841,Mycobacterium_paraterrae,53,71,18
842,Mycobacterium_paraterrae,89,100,11
843,Mycobacterium_paraterrae,117,132,15
844,Mycobacterium_paraterrae,133,136,3
845,Mycobacterium_paraterrae,346,349,3
846,Mycolicibacterium_pyrenivorans,1,10,9
847,Mycolicibacterium_pyrenivorans,21,39,18
848,Mycolicibacterium_pyrenivorans,43,46,3
849,Mycolicibacterium_pyrenivorans,63,107,44
850,Mycolicibacterium_pyrenivorans,117,126,9
851,Mycolicibacterium_pyrenivorans,133,136,3
852,Mycolicibacterium_pyrenivorans,346,349,3
853,Mycolicibacter_terrae,1,10,9
854,Mycolicibacter_terrae,21,39,18
855,Mycolicibacter_terrae,43,46,3
856,Mycolicibacter_terrae,59,136,77
857,Mycolicibacter_terrae,346,349,3
858,Mycolicibacterium_malmesburyense,1,10,9
859,Mycolicibacterium_malmesburyense,21,39,18
860,Mycolicibacterium_malmesburyense,43,46,3
861,Mycolicibacterium_malmesburyense,60,107,47
862,Mycolicibacterium_malmesburyense,117,132,15
863,Mycolicibacterium_malmesburyense,133,136,3
864,Mycolicibacterium_malmesburyense,346,349,3
865,Mycolicibacterium_malmesburyense,1542,1545,3
866,Mycolicibacterium_malmesburyense,1572,1604,32
867,Mycolicibacterium_malmesburyense,1626,1662,36
868,Mycolicibacterium_malmesburyense,1664,1676,12
869,Mycolicibacterium_xanthum,1,10,9
870,Mycolicibacterium_xanthum,21,39,18
871,Mycolicibacterium_xanthum,43,46,3
872,Mycolicibacterium_xanthum,51,107,56
873,Mycolicibacterium_xanthum,117,132,15
874,Mycolicibacterium_xanthum,133,136,3
875,Mycolicibacterium_xanthum,346,349,3
876,Mycolicibacterium_holsaticum,1,10,9
877,Mycolicibacterium_holsaticum,21,39,18
878,Mycolicibacterium_holsaticum,43,46,3
879,Mycolicibacterium_holsaticum,57,72,15
880,Mycolicibacterium_holsaticum,84,107,23
881,Mycolicibacterium_holsaticum,117,132,15
882,Mycolicibacterium_holsaticum,133,136,3
883,Mycolicibacterium_holsaticum,346,349,3
884,Mycolicibacterium_holsaticum,1542,1545,3
885,Mycolicibacterium_holsaticum,1580,1615,35
886,Mycolicibacterium_holsaticum,1632,1650,18
887,Mycolicibacterium_holsaticum,1664,1676,12
888,Mycolicibacterium_hippocampi,1,10,9
889,Mycolicibacterium_hippocampi,21,39,18
890,Mycolicibacterium_hippocampi,43,46,3
891,Mycolicibacterium_hippocampi,63,107,44
892,Mycolicibacterium_hippocampi,117,126,9
893,Mycolicibacterium_hippocampi,133,136,3
894,Mycolicibacterium_hippocampi,346,349,3
895,Mycolicibacterium_conceptionense,1,10,9
896,Mycolicibacterium_conceptionense,21,39,18
897,Mycolicibacterium_conceptionense,43,46,3
898,Mycolicibacterium_conceptionense,48,110,62
899,Mycolicibacterium_conceptionense,117,132,15
900,Mycolicibacterium_conceptionense,133,136,3
901,Mycolicibacterium_conceptionense,346,349,3
902,Mycolicibacterium_rufum,1,10,9
903,Mycolicibacterium_rufum,21,39,18
904,Mycolicibacterium_rufum,43,46,3
905,Mycolicibacterium_rufum,64,102,38
906,Mycolicibacterium_rufum,117,132,15
907,Mycolicibacterium_rufum,133,136,3
908,Mycolicibacterium_rufum,346,349,3
909,Mycobacterium_manitobense,1,10,9
910,Mycobacterium_manitobense,21,39,18
911,Mycobacterium_manitobense,43,46,3
912,Mycobacterium_manitobense,60,107,47
913,Mycobacterium_manitobense,117,132,15
914,Mycobacterium_manitobense,133,136,3
915,Mycobacterium_manitobense,346,349,3
916,Mycolicibacter_acidiphilus,1,10,9
917,Mycolicibacter_acidiphilus,21,39,18
918,Mycolicibacter_acidiphilus,43,46,3
919,Mycolicibacter_acidiphilus,64,105,41
920,Mycolicibacter_acidiphilus,117,132,15
921,Mycolicibacter_acidiphilus,133,136,3
922,Mycolicibacter_acidiphilus,346,349,3
923,Mycolicibacter_engbaekii,1,10,9
924,Mycolicibacter_engbaekii,21,39,18
925,Mycolicibacter_engbaekii,43,46,3
926,Mycolicibacter_engbaekii,59,136,77
927,Mycolicibacter_engbaekii,346,349,3
928,Mycobacterium_novum,1,10,9
929,Mycobacterium_novum,21,39,18
930,Mycobacterium_novum,43,46,3
931,Mycobacterium_novum,59,136,77
932,Mycobacterium_novum,346,349,3
933,Mycolicibacterium_poriferae,1,10,9
934,Mycolicibacterium_poriferae,21,39,18
935,Mycolicibacterium_poriferae,43,46,3
936,Mycolicibacterium_poriferae,51,107,56
937,Mycolicibacterium_poriferae,117,132,15
938,Mycolicibacterium_poriferae,133,136,3
939,Mycolicibacterium_poriferae,346,349,3
940,Mycolicibacterium_stellerae,1,10,9
941,Mycolicibacterium_stellerae,21,39,18
942,Mycolicibacterium_stellerae,43,46,3
943,Mycolicibacterium_stellerae,57,72,15
944,Mycolicibacterium_stellerae,84,107,23
945,Mycolicibacterium_stellerae,117,132,15
946,Mycolicibacterium_stellerae,133,136,3
947,Mycolicibacterium_stellerae,346,349,3
948,Mycolicibacterium_stellerae,1542,1545,3
949,Mycolicibacterium_stellerae,1587,1604,17
950,Mycolicibacterium_stellerae,1632,1650,18
951,Mycolicibacterium_stellerae,1664,1676,12
952,Mycolicibacter_kumamotonensis,1,10,9
953,Mycolicibacter_kumamotonensis,21,39,18
954,Mycolicibacter_kumamotonensis,43,46,3
955,Mycolicibacter_kumamotonensis,59,136,77
956,Mycolicibacter_kumamotonensis,346,349,3
957,Mycolicibacterium_farcinogenes,1,10,9
958,Mycolicibacterium_farcinogenes,21,39,18
959,Mycolicibacterium_farcinogenes,43,46,3
960,Mycolicibacterium_farcinogenes,48,110,62
961,Mycolicibacterium_farcinogenes,117,132,15
962,Mycolicibacterium_farcinogenes,133,136,3
963,Mycolicibacterium_farcinogenes,346,349,3
964,Mycolicibacterium_vanbaalenii,1,10,9
965,Mycolicibacterium_vanbaalenii,21,39,18
966,Mycolicibacterium_vanbaalenii,43,46,3
967,Mycolicibacterium_vanbaalenii,51,113,62
968,Mycolicibacterium_vanbaalenii,117,132,15
969,Mycolicibacterium_vanbaalenii,133,136,3
970,Mycolicibacterium_vanbaalenii,346,349,3
971,Mycolicibacterium_monacense,1,10,9
972,Mycolicibacterium_monacense,21,39,18
973,Mycolicibacterium_monacense,43,46,3
974,Mycolicibacterium_monacense,57,75,18
975,Mycolicibacterium_monacense,84,107,23
976,Mycolicibacterium_monacense,117,132,15
977,Mycolicibacterium_monacense,133,136,3
978,Mycolicibacterium_monacense,346,349,3
979,Mycolicibacterium_monacense,1542,1545,3
980,Mycolicibacterium_monacense,1582,1590,8
981,Mycolicibacterium_monacense,1629,1650,21
982,Mycolicibacterium_monacense,1664,1676,12
983,Mycolicibacterium_obuense,1,10,9
984,Mycolicibacterium_obuense,21,39,18
985,Mycolicibacterium_obuense,43,46,3
986,Mycolicibacterium_obuense,64,102,38
987,Mycolicibacterium_obuense,117,132,15
988,Mycolicibacterium_obuense,133,136,3
989,Mycolicibacterium_obuense,346,349,3
990,Mycolicibacterium_novocastrense,1,10,9
991,Mycolicibacterium_novocastrense,21,39,18
992,Mycolicibacterium_novocastrense,43,46,3
993,Mycolicibacterium_novocastrense,60,107,47
994,Mycolicibacterium_novocastrense,117,132,15
995,Mycolicibacterium_novocastrense,133,136,3
996,Mycolicibacterium_novocastrense,346,349,3
997,Mycolicibacterium_novocastrense,1542,1545,3
998,Mycolicibacterium_novocastrense,1572,1604,32
999,Mycolicibacterium_novocastrense,1632,1650,18
1000,Mycolicibacterium_novocastrense,1664,1676,12
1001,Mycolicibacterium_komanii,1,10,9
1002,Mycolicibacterium_komanii,21,39,18
1003,Mycolicibacterium_komanii,43,46,3
1004,Mycolicibacterium_komanii,60,107,47
1005,Mycolicibacterium_komanii,117,132,15
1006,Mycolicibacterium_komanii,133,136,3
1007,Mycolicibacterium_komanii,346,349,3
1008,Mycolicibacterium_komanii,1542,1545,3
1009,Mycolicibacterium_komanii,1572,1604,32
1010,Mycolicibacterium_komanii,1626,1662,36
1011,Mycolicibacterium_komanii,1664,1676,12
1012,Mycolicibacterium_senegalense,1,10,9
1013,Mycolicibacterium_senegalense,21,39,18
1014,Mycolicibacterium_senegalense,43,46,3
1015,Mycolicibacterium_senegalense,48,110,62
1016,Mycolicibacterium_senegalense,117,132,15
1017,Mycolicibacterium_senegalense,133,136,3
1018,Mycolicibacterium_senegalense,346,349,3
1019,Mycolicibacterium_austroafricanum,1,10,9
1020,Mycolicibacterium_austroafricanum,21,39,18
1021,Mycolicibacterium_austroafricanum,43,46,3
1022,Mycolicibacterium_austroafricanum,51,113,62
1023,Mycolicibacterium_austroafricanum,117,132,15
1024,Mycolicibacterium_austroafricanum,133,136,3
1025,Mycolicibacterium_austroafricanum,346,349,3
1026,Mycobacterium_fragae,1,10,9
1027,Mycobacterium_fragae,21,39,18
1028,Mycobacterium_fragae,43,46,3
1029,Mycobacterium_fragae,53,71,18
1030,Mycobacterium_fragae,89,100,11
1031,Mycobacterium_fragae,117,132,15
1032,Mycobacterium_fragae,133,136,3
1033,Mycobacterium_fragae,346,349,3
1034,Mycolicibacterium_phlei,1,10,9
1035,Mycolicibacterium_phlei,21,39,18
1036,Mycolicibacterium_phlei,43,46,3
1037,Mycolicibacterium_phlei,53,106,53
1038,Mycolicibacterium_phlei,117,132,15
1039,Mycolicibacterium_phlei,133,136,3
1040,Mycolicibacterium_phlei,346,349,3
1041,Mycolicibacterium_iranicum,1,10,9
1042,Mycolicibacterium_iranicum,21,39,18
1043,Mycolicibacterium_iranicum,43,46,3
1044,Mycolicibacterium_iranicum,51,107,56
1045,Mycolicibacterium_iranicum,117,132,15
1046,Mycolicibacterium_iranicum,133,136,3
1047,Mycolicibacterium_iranicum,346,349,3
1048,Mycolicibacterium_houstonense,1,10,9
1049,Mycolicibacterium_houstonense,21,39,18
1050,Mycolicibacterium_houstonense,43,46,3
1051,Mycolicibacterium_houstonense,48,110,62
1052,Mycolicibacterium_houstonense,117,132,15
1053,Mycolicibacterium_houstonense,133,136,3
1054,Mycolicibacterium_houstonense,346,349,3
1055,Mycobacterium_aquaticum,1,10,9
1056,Mycobacterium_aquaticum,21,39,18
1057,Mycobacterium_aquaticum,43,46,3
1058,Mycobacterium_aquaticum,50,109,59
1059,Mycobacterium_aquaticum,117,132,15
1060,Mycobacterium_aquaticum,133,136,3
1061,Mycobacterium_aquaticum,346,349,3
1062,Mycolicibacterium_agri,1,10,9
1063,Mycolicibacterium_agri,21,39,18
1064,Mycolicibacterium_agri,43,46,3
1065,Mycolicibacterium_agri,60,107,47
1066,Mycolicibacterium_agri,117,132,15
1067,Mycolicibacterium_agri,133,136,3
1068,Mycolicibacterium_agri,346,349,3
1069,Mycolicibacterium_agri,1542,1545,3
1070,Mycolicibacterium_agri,1572,1604,32
1071,Mycolicibacterium_agri,1632,1650,18
1072,Mycolicibacterium_agri,1664,1676,12
1073,Mycobacterium_grossiae,1,10,9
1074,Mycobacterium_grossiae,21,39,18
1075,Mycobacterium_grossiae,43,46,3
1076,Mycobacterium_grossiae,51,113,62
1077,Mycobacterium_grossiae,117,132,15
1078,Mycobacterium_grossiae,133,136,3
1079,Mycobacterium_grossiae,346,349,3
1080,Mycolicibacterium_pulveris,1,10,9
1081,Mycolicibacterium_pulveris,21,39,18
1082,Mycolicibacterium_pulveris,43,46,3
1083,Mycolicibacterium_pulveris,57,72,15
1084,Mycolicibacterium_pulveris,84,107,23
1085,Mycolicibacterium_pulveris,117,132,15
1086,Mycolicibacterium_pulveris,133,136,3
1087,Mycolicibacterium_pulveris,346,349,3
1088,Mycolicibacterium_pulveris,1542,1545,3
1089,Mycolicibacterium_pulveris,1579,1620,41
1090,Mycolicibacterium_pulveris,1632,1650,18
1091,Mycolicibacterium_pulveris,1664,1676,12
1092,Mycolicibacterium_goodii,1,10,9
1093,Mycolicibacterium_goodii,21,39,18
1094,Mycolicibacterium_goodii,43,46,3
1095,Mycolicibacterium_goodii,48,110,62
1096,Mycolicibacterium_goodii,117,132,15
1097,Mycolicibacterium_goodii,133,136,3
1098,Mycolicibacterium_goodii,346,349,3
1099,Mycolicibacterium_fluoranthenivorans,1,10,9
1100,Mycolicibacterium_fluoranthenivorans,21,39,18
1101,Mycolicibacterium_fluoranthenivorans,43,46,3
1102,Mycolicibacterium_fluoranthenivorans,48,110,62
1103,Mycolicibacterium_fluoranthenivorans,117,132,15
1104,Mycolicibacterium_fluoranthenivorans,133,136,3
1105,Mycolicibacterium_fluoranthenivorans,346,349,3
1106,Mycobacterium_heckeshornense,1,10,9
1107,Mycobacterium_heckeshornense,21,39,18
1108,Mycobacterium_heckeshornense,43,46,3
1109,Mycobacterium_heckeshornense,60,71,11
1110,Mycobacterium_heckeshornense,117,132,15
1111,Mycobacterium_heckeshornense,133,136,3
1112,Mycobacterium_heckeshornense,346,349,3
1113,Mycobacterium_heckeshornense,1542,1545,3
1114,Mycobacterium_heckeshornense,1566,1604,38
1115,Mycobacterium_heckeshornense,1667,1670,3
1116,Mycolicibacter_longobardus,1,10,9
1117,Mycolicibacter_longobardus,21,39,18
1118,Mycolicibacter_longobardus,43,46,3
1119,Mycolicibacter_longobardus,59,136,77
1120,Mycolicibacter_longobardus,346,349,3
1121,Mycolicibacter_senuensis,1,10,9
1122,Mycolicibacter_senuensis,21,39,18
1123,Mycolicibacter_senuensis,43,46,3
1124,Mycolicibacter_senuensis,59,136,77
1125,Mycolicibacter_senuensis,346,349,3
1126,Mycolicibacterium_celeriflavum,1,10,9
1127,Mycolicibacterium_celeriflavum,21,39,18
1128,Mycolicibacterium_celeriflavum,43,46,3
1129,Mycolicibacterium_celeriflavum,60,107,47
1130,Mycolicibacterium_celeriflavum,117,132,15
1131,Mycolicibacterium_celeriflavum,133,136,3
1132,Mycolicibacterium_celeriflavum,346,349,3
1133,Mycolicibacterium_celeriflavum,1542,1545,3
1134,Mycolicibacterium_celeriflavum,1572,1604,32
1135,Mycolicibacterium_celeriflavum,1632,1650,18
1136,Mycolicibacterium_celeriflavum,1664,1676,12
1137,Mycolicibacterium_baixiangningiae,1,10,9
1138,Mycolicibacterium_baixiangningiae,21,39,18
1139,Mycolicibacterium_baixiangningiae,43,46,3
1140,Mycolicibacterium_baixiangningiae,57,75,18
1141,Mycolicibacterium_baixiangningiae,84,107,23
1142,Mycolicibacterium_baixiangningiae,117,132,15
1143,Mycolicibacterium_baixiangningiae,133,136,3
1144,Mycolicibacterium_baixiangningiae,346,349,3
1145,Mycolicibacterium_baixiangningiae,1542,1545,3
1146,Mycolicibacterium_baixiangningiae,1582,1590,8
1147,Mycolicibacterium_baixiangningiae,1595,1604,9
1148,Mycolicibacterium_baixiangningiae,1629,1650,21
1149,Mycolicibacterium_baixiangningiae,1664,1676,12
1150,Mycobacterium_kyogaense,1,10,9
1151,Mycobacterium_kyogaense,21,39,18
1152,Mycobacterium_kyogaense,43,46,3
1153,Mycobacterium_kyogaense,64,102,38
1154,Mycobacterium_kyogaense,117,132,15
1155,Mycobacterium_kyogaense,133,136,3
1156,Mycobacterium_kyogaense,346,349,3
1157,Mycolicibacterium_canariasense,1,10,9
1158,Mycolicibacterium_canariasense,21,39,18
1159,Mycolicibacterium_canariasense,43,46,3
1160,Mycolicibacterium_canariasense,48,110,62
1161,Mycolicibacterium_canariasense,118,130,12
1162,Mycolicibacterium_canariasense,133,136,3
1163,Mycolicibacterium_canariasense,346,349,3
1164,Mycolicibacterium_wolinskyi,1,10,9
1165,Mycolicibacterium_wolinskyi,21,39,18
1166,Mycolicibacterium_wolinskyi,43,46,3
1167,Mycolicibacterium_wolinskyi,48,110,62
1168,Mycolicibacterium_wolinskyi,117,132,15
1169,Mycolicibacterium_wolinskyi,133,136,3
1170,Mycolicibacterium_wolinskyi,346,349,3
1171,Mycobacterium_hackensackense,1,10,9
1172,Mycobacterium_hackensackense,21,39,18
1173,Mycobacterium_hackensackense,43,46,3
1174,Mycobacterium_hackensackense,48,110,62
1175,Mycobacterium_hackensackense,117,132,15
1176,Mycobacterium_hackensackense,133,136,3
1177,Mycobacterium_hackensackense,346,349,3
1178,Mycolicibacterium_chlorophenolicum,1,10,9
1179,Mycolicibacterium_chlorophenolicum,21,39,18
1180,Mycolicibacterium_chlorophenolicum,43,46,3
1181,Mycolicibacterium_chlorophenolicum,51,107,56
1182,Mycolicibacterium_chlorophenolicum,117,132,15
1183,Mycolicibacterium_chlorophenolicum,133,136,3
1184,Mycolicibacterium_chlorophenolicum,346,349,3
1185,Mycobacterium_syngnathidarum,1,10,9
1186,Mycobacterium_syngnathidarum,21,39,18
1187,Mycobacterium_syngnathidarum,43,46,3
1188,Mycobacterium_syngnathidarum,48,110,62
1189,Mycobacterium_syngnathidarum,117,132,15
1190,Mycobacterium_syngnathidarum,133,136,3
1191,Mycobacterium_syngnathidarum,346,349,3
1192,Mycolicibacterium_smegmatis,1,10,9
1193,Mycolicibacterium_smegmatis,21,39,18
1194,Mycolicibacterium_smegmatis,43,46,3
1195,Mycolicibacterium_smegmatis,48,110,62
1196,Mycolicibacterium_smegmatis,117,132,15
1197,Mycolicibacterium_smegmatis,133,136,3
1198,Mycolicibacterium_smegmatis,346,349,3
1199,Mycolicibacter_algericus,1,10,9
1200,Mycolicibacter_algericus,21,39,18
1201,Mycolicibacter_algericus,43,46,3
1202,Mycolicibacter_algericus,59,136,77
1203,Mycolicibacter_algericus,346,349,3
1204,Mycobacterium_leprae,1,10,9
1205,Mycobacterium_leprae,14,17,3
1206,Mycobacterium_leprae,21,39,18
1207,Mycobacterium_leprae,43,46,3
1208,Mycobacterium_leprae,62,71,9
1209,Mycobacterium_leprae,87,107,20
1210,Mycobacterium_leprae,117,132,15
1211,Mycobacterium_leprae,133,136,3
1212,Mycobacterium_leprae,346,349,3
1213,Mycolicibacterium_psychrotolerans,1,10,9
1214,Mycolicibacterium_psychrotolerans,21,39,18
1215,Mycolicibacterium_psychrotolerans,43,46,3
1216,Mycolicibacterium_psychrotolerans,51,107,56
1217,Mycolicibacterium_psychrotolerans,117,132,15
1218,Mycolicibacterium_psychrotolerans,133,136,3
1219,Mycolicibacterium_psychrotolerans,346,349,3
1220,Mycolicibacterium_doricum,1,10,9
1221,Mycolicibacterium_doricum,21,39,18
1222,Mycolicibacterium_doricum,43,46,3
1223,Mycolicibacterium_doricum,57,72,15
1224,Mycolicibacterium_doricum,84,107,23
1225,Mycolicibacterium_doricum,117,132,15
1226,Mycolicibacterium_doricum,133,136,3
1227,Mycolicibacterium_doricum,346,349,3
1228,Mycolicibacterium_doricum,1542,1545,3
1229,Mycolicibacterium_doricum,1552,1555,3
1230,Mycolicibacterium_doricum,1582,1590,8
1231,Mycolicibacterium_doricum,1595,1604,9
1232,Mycolicibacterium_doricum,1629,1650,21
1233,Mycolicibacterium_doricum,1664,1676,12
1234,Mycolicibacterium_cosmeticum,1,10,9
1235,Mycolicibacterium_cosmeticum,21,39,18
1236,Mycolicibacterium_cosmeticum,43,46,3
1237,Mycolicibacterium_cosmeticum,48,110,62
1238,Mycolicibacterium_cosmeticum,118,130,12
1239,Mycolicibacterium_cosmeticum,133,136,3
1240,Mycolicibacterium_cosmeticum,346,349,3
1241,Mycolicibacter_nonchromogenicus,1,10,9
1242,Mycolicibacter_nonchromogenicus,21,39,18
1243,Mycolicibacter_nonchromogenicus,43,46,3
1244,Mycolicibacter_nonchromogenicus,59,136,77
1245,Mycolicibacter_nonchromogenicus,346,349,3
1246,Mycolicibacterium_brumae,1,10,9
1247,Mycolicibacterium_brumae,21,39,18
1248,Mycolicibacterium_brumae,43,46,3
1249,Mycolicibacterium_brumae,59,112,53
1250,Mycolicibacterium_brumae,117,132,15
1251,Mycolicibacterium_brumae,133,136,3
1252,Mycolicibacterium_brumae,346,349,3
1253,Mycolicibacter_hiberniae,1,10,9
1254,Mycolicibacter_hiberniae,21,39,18
1255,Mycolicibacter_hiberniae,43,46,3
1256,Mycolicibacter_hiberniae,59,136,77
1257,Mycolicibacter_hiberniae,346,349,3
1258,Mycolicibacterium_vinylchloridicum,1,10,9
1259,Mycolicibacterium_vinylchloridicum,21,39,18
1260,Mycolicibacterium_vinylchloridicum,43,46,3
1261,Mycolicibacterium_vinylchloridicum,48,110,62
1262,Mycolicibacterium_vinylchloridicum,117,132,15
1263,Mycolicibacterium_vinylchloridicum,133,136,3
1264,Mycolicibacterium_vinylchloridicum,346,349,3
1265,Mycolicibacterium_vaccae,1,10,9
1266,Mycolicibacterium_vaccae,21,39,18
1267,Mycolicibacterium_vaccae,43,46,3
1268,Mycolicibacterium_vaccae,51,113,62
1269,Mycolicibacterium_vaccae,117,132,15
1270,Mycolicibacterium_vaccae,133,136,3
1271,Mycolicibacterium_vaccae,346,349,3
1272,Mycolicibacterium_brisbanense,1,10,9
1273,Mycolicibacterium_brisbanense,21,39,18
1274,Mycolicibacterium_brisbanense,43,46,3
1275,Mycolicibacterium_brisbanense,50,109,59
1276,Mycolicibacterium_brisbanense,117,132,15
1277,Mycolicibacterium_brisbanense,133,136,3
1278,Mycolicibacterium_brisbanense,346,349,3
1279,Mycolicibacterium_mageritense,1,10,9
1280,Mycolicibacterium_mageritense,21,39,18
1281,Mycolicibacterium_mageritense,43,46,3
1282,Mycolicibacterium_mageritense,50,109,59
1283,Mycolicibacterium_mageritense,117,132,15
1284,Mycolicibacterium_mageritense,133,136,3
1285,Mycolicibacterium_mageritense,346,349,3
1286,Mycolicibacterium_insubricum,1,10,9
1287,Mycolicibacterium_insubricum,21,39,18
1288,Mycolicibacterium_insubricum,43,46,3
1289,Mycolicibacterium_insubricum,57,116,59
1290,Mycolicibacterium_insubricum,117,132,15
1291,Mycolicibacterium_insubricum,133,136,3
1292,Mycolicibacterium_insubricum,346,349,3
1293,Mycolicibacterium_sediminis,1,10,9
1294,Mycolicibacterium_sediminis,21,39,18
1295,Mycolicibacterium_sediminis,43,46,3
1296,Mycolicibacterium_sediminis,51,107,56
1297,Mycolicibacterium_sediminis,117,132,15
1298,Mycolicibacterium_sediminis,133,136,3
1299,Mycolicibacterium_sediminis,346,349,3
1300,Mycolicibacterium_bacteremicum,1,10,9
1301,Mycolicibacterium_bacteremicum,21,39,18
1302,Mycolicibacterium_bacteremicum,43,46,3
1303,Mycolicibacterium_bacteremicum,48,110,62
1304,Mycolicibacterium_bacteremicum,118,130,12
1305,Mycolicibacterium_bacteremicum,133,136,3
1306,Mycolicibacterium_bacteremicum,346,349,3
1307,Mycolicibacterium_aurum,1,10,9
1308,Mycolicibacterium_aurum,21,39,18
1309,Mycolicibacterium_aurum,43,46,3
1310,Mycolicibacterium_aurum,63,107,44
1311,Mycolicibacterium_aurum,117,126,9
1312,Mycolicibacterium_aurum,133,136,3
1313,Mycolicibacterium_aurum,346,349,3
1314,Mycolicibacterium_chubuense,1,10,9
1315,Mycolicibacterium_chubuense,21,39,18
1316,Mycolicibacterium_chubuense,43,46,3
1317,Mycolicibacterium_chubuense,51,107,56
1318,Mycolicibacterium_chubuense,117,132,15
1319,Mycolicibacterium_chubuense,133,136,3
1320,Mycolicibacterium_chubuense,346,349,3
1321,Mycolicibacterium_crocinum,1,10,9
1322,Mycolicibacterium_crocinum,21,39,18
1323,Mycolicibacterium_crocinum,43,46,3
1324,Mycolicibacterium_crocinum,50,109,59
1325,Mycolicibacterium_crocinum,117,132,15
1326,Mycolicibacterium_crocinum,133,136,3
1327,Mycolicibacterium_crocinum,346,349,3
1328,Mycolicibacterium_fallax,1,10,9
1329,Mycolicibacterium_fallax,21,39,18
1330,Mycolicibacterium_fallax,43,46,3
1331,Mycolicibacterium_fallax,62,115,53
1332,Mycolicibacterium_fallax,117,132,15
1333,Mycolicibacterium_fallax,133,136,3
1334,Mycolicibacterium_fallax,346,349,3
1335,Mycolicibacterium_pallens,1,10,9
1336,Mycolicibacterium_pallens,21,39,18
1337,Mycolicibacterium_pallens,43,46,3
1338,Mycolicibacterium_pallens,50,109,59
1339,Mycolicibacterium_pallens,117,132,15
1340,Mycolicibacterium_pallens,133,136,3
1341,Mycolicibacterium_pallens,346,349,3
1342,Mycolicibacterium_aromaticivorans,1,10,9
1343,Mycolicibacterium_aromaticivorans,21,39,18
1344,Mycolicibacterium_aromaticivorans,43,46,3
1345,Mycolicibacterium_aromaticivorans,50,109,59
1346,Mycolicibacterium_aromaticivorans,117,132,15
1347,Mycolicibacterium_aromaticivorans,133,136,3
1348,Mycolicibacterium_aromaticivorans,346,349,3
1349,Mycolicibacter_minnesotensis,1,10,9
1350,Mycolicibacter_minnesotensis,21,39,18
1351,Mycolicibacter_minnesotensis,43,46,3
1352,Mycolicibacter_minnesotensis,59,136,77
1353,Mycolicibacter_minnesotensis,346,349,3
1354,Mycobacterium_dioxanotrophicus,1,10,9
1355,Mycobacterium_dioxanotrophicus,21,39,18
1356,Mycobacterium_dioxanotrophicus,43,46,3
1357,Mycobacterium_dioxanotrophicus,50,109,59
1358,Mycobacterium_dioxanotrophicus,117,132,15
1359,Mycobacterium_dioxanotrophicus,133,136,3
1360,Mycobacterium_dioxanotrophicus,346,349,3
1361,Mycolicibacter_icosiumassiliensis,1,10,9
1362,Mycolicibacter_icosiumassiliensis,21,39,18
1363,Mycolicibacter_icosiumassiliensis,43,46,3
1364,Mycolicibacter_icosiumassiliensis,59,136,77
1365,Mycolicibacter_icosiumassiliensis,346,349,3
1366,Mycolicibacterium_acetamidolyticum,1,10,9
1367,Mycolicibacterium_acetamidolyticum,21,39,18
1368,Mycolicibacterium_acetamidolyticum,43,46,3
1369,Mycolicibacterium_acetamidolyticum,48,110,62
1370,Mycolicibacterium_acetamidolyticum,117,132,15
1371,Mycolicibacterium_acetamidolyticum,133,136,3
1372,Mycolicibacterium_acetamidolyticum,346,349,3
1373,Mycolicibacterium_anyangense,1,10,9
1374,Mycolicibacterium_anyangense,21,39,18
1375,Mycolicibacterium_anyangense,43,46,3
1376,Mycolicibacterium_anyangense,50,109,59
1377,Mycolicibacterium_anyangense,117,132,15
1378,Mycolicibacterium_anyangense,133,136,3
1379,Mycolicibacterium_anyangense,346,349,3
1380,Mycolicibacterium_alvei,1,10,9
1381,Mycolicibacterium_alvei,21,39,18
1382,Mycolicibacterium_alvei,43,46,3
1383,Mycolicibacterium_alvei,48,110,62
1384,Mycolicibacterium_alvei,117,132,15
1385,Mycolicibacterium_alvei,133,136,3
1386,Mycolicibacterium_alvei,346,349,3
1387,Mycolicibacterium_sarraceniae,1,10,9
1388,Mycolicibacterium_sarraceniae,21,39,18
1389,Mycolicibacterium_sarraceniae,43,46,3
1390,Mycolicibacterium_sarraceniae,48,110,62
1391,Mycolicibacterium_sarraceniae,117,132,15
1392,Mycolicibacterium_sarraceniae,133,136,3
1393,Mycolicibacterium_sarraceniae,346,349,3
1394,Mycolicibacterium_gilvum,1,10,9
1395,Mycolicibacterium_gilvum,21,39,18
1396,Mycolicibacterium_gilvum,43,46,3
1397,Mycolicibacterium_gilvum,51,113,62
1398,Mycolicibacterium_gilvum,117,132,15
1399,Mycolicibacterium_gilvum,346,349,3
1400,Mycolicibacter_sinensis,1,10,9
1401,Mycolicibacter_sinensis,21,39,18
1402,Mycolicibacter_sinensis,43,46,3
1403,Mycolicibacter_sinensis,59,136,77
1404,Mycolicibacter_sinensis,346,349,3
1405,Mycolicibacterium_madagascariense,1,10,9
1406,Mycolicibacterium_madagascariense,21,39,18
1407,Mycolicibacterium_madagascariense,43,46,3
1408,Mycolicibacterium_madagascariense,51,107,56
1409,Mycolicibacterium_madagascariense,117,132,15
1410,Mycolicibacterium_madagascariense,133,136,3
1411,Mycolicibacterium_madagascariense,346,349,3
1412,Mycolicibacterium_aichiense,1,10,9
1413,Mycolicibacterium_aichiense,21,39,18
1414,Mycolicibacterium_aichiense,43,46,3
1415,Mycolicibacterium_aichiense,50,109,59
1416,Mycolicibacterium_aichiense,117,132,15
1417,Mycolicibacterium_aichiense,133,136,3
1418,Mycolicibacterium_aichiense,346,349,3
1419,Mycolicibacterium_setense,1,10,9
1420,Mycolicibacterium_setense,21,39,18
1421,Mycolicibacterium_setense,43,46,3
1422,Mycolicibacterium_setense,48,110,62
1423,Mycolicibacterium_setense,117,132,15
1424,Mycolicibacterium_setense,133,136,3
1425,Mycolicibacterium_setense,346,349,3
1426,Mycolicibacter_virginiensis,1,10,9
1427,Mycolicibacter_virginiensis,21,39,18
1428,Mycolicibacter_virginiensis,43,46,3
1429,Mycolicibacter_virginiensis,59,136,77
1430,Mycolicibacter_virginiensis,346,349,3
1431,Mycolicibacterium_porcinum,1,10,9
1432,Mycolicibacterium_porcinum,21,39,18
1433,Mycolicibacterium_porcinum,43,46,3
1434,Mycolicibacterium_porcinum,48,110,62
1435,Mycolicibacterium_porcinum,117,132,15
1436,Mycolicibacterium_porcinum,133,136,3
1437,Mycolicibacterium_porcinum,346,349,3
1438,Mycobacterium_neglectum,1,10,9
1439,Mycobacterium_neglectum,21,39,18
1440,Mycobacterium_neglectum,43,46,3
1441,Mycobacterium_neglectum,54,107,53
1442,Mycobacterium_neglectum,117,132,15
1443,Mycobacterium_neglectum,133,136,3
1444,Mycobacterium_neglectum,346,349,3
1445,Mycobacterium_neglectum,1542,1545,3
1446,Mycobacterium_neglectum,1572,1604,32
1447,Mycobacterium_neglectum,1626,1650,24
1448,Mycobacterium_neglectum,1666,1675,9
1449,Mycolicibacterium_neworleansense,1,10,9
1450,Mycolicibacterium_neworleansense,21,39,18
1451,Mycolicibacterium_neworleansense,43,46,3
1452,Mycolicibacterium_neworleansense,48,110,62
1453,Mycolicibacterium_neworleansense,117,132,15
1454,Mycolicibacterium_neworleansense,133,136,3
1455,Mycolicibacterium_neworleansense,346,349,3
1456,Mycolicibacter_heraklionensis,1,10,9
1457,Mycolicibacter_heraklionensis,21,39,18
1458,Mycolicibacter_heraklionensis,43,46,3
1459,Mycolicibacter_heraklionensis,59,136,77
1460,Mycolicibacter_heraklionensis,346,349,3
1461,Mycobacterium_frederiksbergense,1,10,9
1462,Mycobacterium_frederiksbergense,21,39,18
1463,Mycobacterium_frederiksbergense,43,46,3
1464,Mycobacterium_frederiksbergense,48,110,62
1465,Mycobacterium_frederiksbergense,118,130,12
1466,Mycobacterium_frederiksbergense,133,136,3
1467,Mycobacterium_frederiksbergense,346,349,3
1468,Mycolicibacterium_duvalii,1,10,9
1469,Mycolicibacterium_duvalii,21,39,18
1470,Mycolicibacterium_duvalii,43,46,3
1471,Mycolicibacterium_duvalii,51,107,56
1472,Mycolicibacterium_duvalii,117,132,15
1473,Mycolicibacterium_duvalii,133,136,3
1474,Mycolicibacterium_duvalii,346,349,3
1475,Mycolicibacterium_sphagni,1,10,9
1476,Mycolicibacterium_sphagni,21,39,18
1477,Mycolicibacterium_sphagni,43,46,3
1478,Mycolicibacterium_sphagni,48,110,62
1479,Mycolicibacterium_sphagni,117,132,15
1480,Mycolicibacterium_sphagni,133,136,3
1481,Mycolicibacterium_sphagni,346,349,3
1482,Mycolicibacterium_lacusdiani,1,10,9
1483,Mycolicibacterium_lacusdiani,21,39,18
1484,Mycolicibacterium_lacusdiani,43,46,3
1485,Mycolicibacterium_lacusdiani,51,107,56
1486,Mycolicibacterium_lacusdiani,117,132,15
1487,Mycolicibacterium_lacusdiani,133,136,3
1488,Mycolicibacterium_lacusdiani,346,349,3
1489,Mycobacterium_lepromatosis,1,10,9
1490,Mycobacterium_lepromatosis,14,17,3
1491,Mycobacterium_lepromatosis,21,39,18
1492,Mycobacterium_lepromatosis,43,46,3
1493,Mycobacterium_lepromatosis,62,71,9
1494,Mycobacterium_lepromatosis,87,107,20
1495,Mycobacterium_lepromatosis,117,132,15
1496,Mycobacterium_lepromatosis,133,136,3
1497,Mycobacterium_lepromatosis,346,349,3
1498,Mycolicibacter_arupensis,1,10,9
1499,Mycolicibacter_arupensis,21,39,18
1500,Mycolicibacter_arupensis,43,46,3
1501,Mycolicibacter_arupensis,59,136,77
1502,Mycolicibacter_arupensis,346,349,3
1503,Mycolicibacterium_peregrinum,1,10,9
1504,Mycolicibacterium_peregrinum,21,39,18
1505,Mycolicibacterium_peregrinum,43,46,3
1506,Mycolicibacterium_peregrinum,48,110,62
1507,Mycolicibacterium_peregrinum,117,132,15
1508,Mycolicibacterium_peregrinum,133,136,3
1509,Mycolicibacterium_peregrinum,346,349,3
1510,Mycolicibacterium_llatzerense,1,10,9
1511,Mycolicibacterium_llatzerense,21,39,18
1512,Mycolicibacterium_llatzerense,43,46,3
1513,Mycolicibacterium_llatzerense,50,109,59
1514,Mycolicibacterium_llatzerense,117,132,15
1515,Mycolicibacterium_llatzerense,133,136,3
1516,Mycolicibacterium_llatzerense,346,349,3
1517,Mycobacterium_barrassiae,1,10,9
1518,Mycobacterium_barrassiae,21,39,18
1519,Mycobacterium_barrassiae,43,46,3
1520,Mycobacterium_barrassiae,48,110,62
1521,Mycobacterium_barrassiae,117,132,15
1522,Mycobacterium_barrassiae,133,136,3
1523,Mycobacterium_barrassiae,346,349,3
1524,Mycobacterium_barrassiae,1572,1604,32
1525,Mycobacterium_barrassiae,1617,1650,33
1526,Mycobacterium_barrassiae,1666,1675,9
1527,Mycolicibacterium_arabiense,1,10,9
1528,Mycolicibacterium_arabiense,21,39,18
1529,Mycolicibacterium_arabiense,43,46,3
1530,Mycolicibacterium_arabiense,51,107,56
1531,Mycolicibacterium_arabiense,117,132,15
1532,Mycolicibacterium_arabiense,133,136,3
1533,Mycolicibacterium_arabiense,346,349,3
1534,Mycolicibacterium_nivoides,1,10,9
1535,Mycolicibacterium_nivoides,21,39,18
1536,Mycolicibacterium_nivoides,43,46,3
1537,Mycolicibacterium_nivoides,48,110,62
1538,Mycolicibacterium_nivoides,117,132,15
1539,Mycolicibacterium_nivoides,133,136,3
1540,Mycolicibacterium_nivoides,346,349,3
1541,Mycolicibacterium_lutetiense,1,10,9
1542,Mycolicibacterium_lutetiense,21,39,18
1543,Mycolicibacterium_lutetiense,43,46,3
1544,Mycolicibacterium_lutetiense,48,110,62
1545,Mycolicibacterium_lutetiense,117,132,15
1546,Mycolicibacterium_lutetiense,133,136,3
1547,Mycolicibacterium_lutetiense,346,349,3
1548,Mycolicibacterium_rhodesiae,1,10,9
1549,Mycolicibacterium_rhodesiae,21,39,18
1550,Mycolicibacterium_rhodesiae,43,46,3
1551,Mycolicibacterium_rhodesiae,56,136,80
1552,Mycolicibacterium_rhodesiae,346,349,3
1553,Mycolicibacterium_rhodesiae,1572,1604,32
1554,Mycolicibacterium_rhodesiae,1633,1648,15
1555,Mycolicibacterium_rhodesiae,1666,1675,9
1556,Mycolicibacterium_septicum,1,10,9
1557,Mycolicibacterium_septicum,21,39,18
1558,Mycolicibacterium_septicum,43,46,3
1559,Mycolicibacterium_septicum,48,110,62
1560,Mycolicibacterium_septicum,117,132,15
1561,Mycolicibacterium_septicum,133,136,3
1562,Mycolicibacterium_septicum,346,349,3
1563,Mycolicibacterium_diernhoferi,1,10,9
1564,Mycolicibacterium_diernhoferi,21,39,18
1565,Mycolicibacterium_diernhoferi,43,46,3
1566,Mycolicibacterium_diernhoferi,48,110,62
1567,Mycolicibacterium_diernhoferi,118,130,12
1568,Mycolicibacterium_diernhoferi,133,136,3
1569,Mycolicibacterium_diernhoferi,346,349,3
1570,Mycolicibacterium_fortuitum,1,10,9
1571,Mycolicibacterium_fortuitum,21,39,18
1572,Mycolicibacterium_fortuitum,43,46,3
1573,Mycolicibacterium_fortuitum,48,110,62
1574,Mycolicibacterium_fortuitum,117,132,15
1575,Mycolicibacterium_fortuitum,133,136,3
1576,Mycolicibacterium_fortuitum,346,349,3
1577,Mycolicibacterium_confluentis,1,10,9
1578,Mycolicibacterium_confluentis,21,39,18
1579,Mycolicibacterium_confluentis,43,46,3
1580,Mycolicibacterium_confluentis,53,106,53
1581,Mycolicibacterium_confluentis,117,132,15
1582,Mycolicibacterium_confluentis,133,136,3
1583,Mycolicibacterium_confluentis,346,349,3
1584,Mycolicibacterium_mengxianglii,1,10,9
1585,Mycolicibacterium_mengxianglii,21,39,18
1586,Mycolicibacterium_mengxianglii,43,46,3
1587,Mycolicibacterium_mengxianglii,59,136,77
1588,Mycolicibacterium_mengxianglii,346,349,3
1589,Mycolicibacterium_tokaiense,1,10,9
1590,Mycolicibacterium_tokaiense,21,39,18
1591,Mycolicibacterium_tokaiense,43,46,3
1592,Mycolicibacterium_tokaiense,48,110,62
1593,Mycolicibacterium_tokaiense,118,130,12
1594,Mycolicibacterium_tokaiense,133,136,3
1595,Mycolicibacterium_tokaiense,346,349,3
1596,Mycolicibacterium_boenickei,1,10,9
1597,Mycolicibacterium_boenickei,21,39,18
1598,Mycolicibacterium_boenickei,43,46,3
1599,Mycolicibacterium_boenickei,48,110,62
1600,Mycolicibacterium_boenickei,117,132,15
1601,Mycolicibacterium_boenickei,133,136,3
1602,Mycolicibacterium_boenickei,346,349,3
1603,Mycolicibacterium_neoaurum,1,10,9
1604,Mycolicibacterium_neoaurum,21,39,18
1605,Mycolicibacterium_neoaurum,43,46,3
1606,Mycolicibacterium_neoaurum,48,110,62
1607,Mycolicibacterium_neoaurum,118,130,12
1608,Mycolicibacterium_neoaurum,133,136,3
1609,Mycolicibacterium_neoaurum,346,349,3
1610,Mycolicibacterium_murale,1,10,9
1611,Mycolicibacterium_murale,21,39,18
1612,Mycolicibacterium_murale,43,46,3
1613,Mycolicibacterium_murale,48,110,62
1614,Mycolicibacterium_murale,118,130,12
1615,Mycolicibacterium_murale,133,136,3
1616,Mycolicibacterium_murale,346,349,3
1617,Mycolicibacterium_phocaicum,1,10,9
1618,Mycolicibacterium_phocaicum,21,39,18
1619,Mycolicibacterium_phocaicum,43,46,3
1620,Mycolicibacterium_phocaicum,50,109,59
1621,Mycolicibacterium_phocaicum,117,132,15
1622,Mycolicibacterium_phocaicum,133,136,3
1623,Mycolicibacterium_phocaicum,346,349,3
1624,Mycolicibacterium_aubagnense,1,10,9
1625,Mycolicibacterium_aubagnense,21,39,18
1626,Mycolicibacterium_aubagnense,43,46,3
1627,Mycolicibacterium_aubagnense,50,109,59
1628,Mycolicibacterium_aubagnense,117,132,15
1629,Mycolicibacterium_aubagnense,133,136,3
1630,Mycolicibacterium_aubagnense,346,349,3
1631,Mycolicibacterium_mucogenicum,1,10,9
1632,Mycolicibacterium_mucogenicum,21,39,18
1633,Mycolicibacterium_mucogenicum,43,46,3
1634,Mycolicibacterium_mucogenicum,50,109,59
1635,Mycolicibacterium_mucogenicum,117,132,15
1636,Mycolicibacterium_mucogenicum,133,136,3
1637,Mycolicibacterium_mucogenicum,346,349,3
1638,Mycobacterium_yunnanensis,1,10,9
1639,Mycobacterium_yunnanensis,21,39,18
1640,Mycobacterium_yunnanensis,43,46,3
1641,Mycobacterium_yunnanensis,51,107,56
1642,Mycobacterium_yunnanensis,117,132,15
1643,Mycobacterium_yunnanensis,133,136,3
1644,Mycobacterium_yunnanensis,346,349,3
1645,Mycolicibacterium_komossense,1,10,9
1646,Mycolicibacterium_komossense,21,39,18
1647,Mycolicibacterium_komossense,43,46,3
1648,Mycolicibacterium_komossense,59,136,77
1649,Mycolicibacterium_komossense,346,349,3
1650,Mycolicibacterium_helvum,1,10,9
1651,Mycolicibacterium_helvum,21,39,18
1652,Mycolicibacterium_helvum,43,46,3
1653,Mycolicibacterium_helvum,48,110,62
1654,Mycolicibacterium_helvum,117,132,15
1655,Mycolicibacterium_helvum,133,136,3
1656,Mycolicibacterium_helvum,346,349,3
1657,Mycobacteroides_massiliense,1,10,9
1658,Mycobacteroides_massiliense,24,39,15
1659,Mycobacteroides_massiliense,43,46,3
1660,Mycobacteroides_massiliense,53,115,62
1661,Mycobacteroides_massiliense,117,132,15
1662,Mycobacteroides_massiliense,133,136,3
1663,Mycobacteroides_massiliense,346,349,3
1664,Mycobacteroides_abscessus,1,10,9
1665,Mycobacteroides_abscessus,24,39,15
1666,Mycobacteroides_abscessus,43,46,3
1667,Mycobacteroides_abscessus,53,115,62
1668,Mycobacteroides_abscessus,117,132,15
1669,Mycobacteroides_abscessus,133,136,3
1670,Mycobacteroides_abscessus,346,349,3
1671,Mycolicibacterium_moriokaense,1,10,9
1672,Mycolicibacterium_moriokaense,21,39,18
1673,Mycolicibacterium_moriokaense,43,46,3
1674,Mycolicibacterium_moriokaense,48,110,62
1675,Mycolicibacterium_moriokaense,117,132,15
1676,Mycolicibacterium_moriokaense,133,136,3
1677,Mycolicibacterium_moriokaense,346,349,3
1678,Mycolicibacterium_moriokaense,1572,1604,32
1679,Mycolicibacterium_moriokaense,1615,1675,60
1680,Mycolicibacterium_tusciae,1,10,9
1681,Mycolicibacterium_tusciae,21,39,18
1682,Mycolicibacterium_tusciae,43,46,3
1683,Mycolicibacterium_tusciae,53,115,62
1684,Mycolicibacterium_tusciae,117,132,15
1685,Mycolicibacterium_tusciae,133,136,3
1686,Mycolicibacterium_tusciae,346,349,3
1687,Mycolicibacterium_tusciae,1542,1545,3
1688,Mycolicibacterium_tusciae,1572,1604,32
1689,Mycolicibacterium_tusciae,1629,1650,21
1690,Mycolicibacterium_tusciae,1666,1675,9
1691,Mycobacteroides_bolletii,1,10,9
1692,Mycobacteroides_bolletii,24,39,15
1693,Mycobacteroides_bolletii,43,46,3
1694,Mycobacteroides_bolletii,53,115,62
1695,Mycobacteroides_bolletii,117,132,15
1696,Mycobacteroides_bolletii,133,136,3
1697,Mycobacteroides_bolletii,346,349,3
1698,Mycobacterium_botniense,1,10,9
1699,Mycobacterium_botniense,21,39,18
1700,Mycobacterium_botniense,43,46,3
1701,Mycobacterium_botniense,63,107,44
1702,Mycobacterium_botniense,117,132,15
1703,Mycobacterium_botniense,133,136,3
1704,Mycobacterium_botniense,346,349,3
1705,Mycolicibacterium_hodleri,1,10,9
1706,Mycolicibacterium_hodleri,21,39,18
1707,Mycolicibacterium_hodleri,43,46,3
1708,Mycolicibacterium_hodleri,51,107,56
1709,Mycolicibacterium_hodleri,117,132,15
1710,Mycolicibacterium_hodleri,133,136,3
1711,Mycolicibacterium_hodleri,346,349,3
1712,Mycolicibacterium_parafortuitum,1,10,9
1713,Mycolicibacterium_parafortuitum,21,39,18
1714,Mycolicibacterium_parafortuitum,43,46,3
1715,Mycolicibacterium_parafortuitum,51,113,62
1716,Mycolicibacterium_parafortuitum,117,132,15
1717,Mycolicibacterium_parafortuitum,133,136,3
1718,Mycolicibacterium_parafortuitum,346,349,3
1719,Mycobacteroides_salmoniphilum,1,10,9
1720,Mycobacteroides_salmoniphilum,24,39,15
1721,Mycobacteroides_salmoniphilum,43,46,3
1722,Mycobacteroides_salmoniphilum,53,115,62
1723,Mycobacteroides_salmoniphilum,117,132,15
1724,Mycobacteroides_salmoniphilum,133,136,3
1725,Mycobacteroides_salmoniphilum,346,349,3
1726,Mycobacteroides_immunogenum,1,10,9
1727,Mycobacteroides_immunogenum,23,41,18
1728,Mycobacteroides_immunogenum,43,46,3
1729,Mycobacteroides_immunogenum,53,115,62
1730,Mycobacteroides_immunogenum,117,132,15
1731,Mycobacteroides_immunogenum,133,136,3
1732,Mycobacteroides_immunogenum,346,349,3
1733,Mycolicibacterium_gadium,1,10,9
1734,Mycolicibacterium_gadium,21,39,18
1735,Mycolicibacterium_gadium,43,46,3
1736,Mycolicibacterium_gadium,56,71,15
1737,Mycolicibacterium_gadium,84,107,23
1738,Mycolicibacterium_gadium,117,132,15
1739,Mycolicibacterium_gadium,133,136,3
1740,Mycolicibacterium_gadium,346,349,3
1741,Mycolicibacterium_gadium,1542,1545,3
1742,Mycolicibacterium_gadium,1581,1604,23
1743,Mycolicibacterium_gadium,1632,1650,18
1744,Mycolicibacterium_gadium,1664,1676,12
1745,Mycobacteroides_franklinii,1,10,9
1746,Mycobacteroides_franklinii,24,39,15
1747,Mycobacteroides_franklinii,43,46,3
1748,Mycobacteroides_franklinii,53,115,62
1749,Mycobacteroides_franklinii,117,132,15
1750,Mycobacteroides_franklinii,133,136,3
1751,Mycobacteroides_franklinii,346,349,3
1752,Mycobacteroides_chelonae,1,10,9
1753,Mycobacteroides_chelonae,24,39,15
1754,Mycobacteroides_chelonae,43,46,3
1755,Mycobacteroides_chelonae,53,115,62
1756,Mycobacteroides_chelonae,117,132,15
1757,Mycobacteroides_chelonae,133,136,3
1758,Mycobacteroides_chelonae,346,349,3
1759,Mycobacteroides_saopaulense,1,10,9
1760,Mycobacteroides_saopaulense,24,39,15
1761,Mycobacteroides_saopaulense,43,46,3
1762,Mycobacteroides_saopaulense,53,115,62
1763,Mycobacteroides_saopaulense,117,132,15
1764,Mycobacteroides_saopaulense,133,136,3
1765,Mycobacteroides_saopaulense,346,349,3
