sp,start,end,len
Mycobacteroides_massiliense,1,10,9
Mycobacteroides_massiliense,24,39,15
Mycobacteroides_massiliense,43,46,3
Mycobacteroides_massiliense,53,115,62
Mycobacteroides_massiliense,117,132,15
Mycobacteroides_massiliense,133,136,3
Mycobacteroides_massiliense,346,349,3
Mycobacteroides_massiliense,1542,1691,149
Mycobacteroides_massiliense,3320,3326,6
Mycobacteroides_massiliense,3333,3361,28
Mycobacteroides_massiliense,3364,3365,1
Mycobacteroides_massiliense,3372,3374,2
Mycobacteroides_massiliense,3411,3480,69
Mycobacteroides_massiliense,3485,3491,6
Mycobacteroides_massiliense,3642,3645,3
Mycobacteroides_massiliense,3650,3653,3
Mycobacteroides_massiliense,3655,3667,12
Mycobacteroides_massiliense,3782,3788,6
Mycobacteroides_massiliense,4400,4406,6
Mycobacteroides_massiliense,4407,4413,6
Mycobacteroides_massiliense,4424,4425,1
Mycobacteroides_massiliense,4433,4445,12
Mycobacteroides_massiliense,4452,4455,3
Mycobacteroides_massiliense,4456,4462,6
Mycobacteroides_massiliense,4468,4486,18
Mycobacteroides_massiliense,4540,4552,12
Mycobacteroides_massiliense,4555,4564,9
Mycobacteroides_massiliense,4567,4573,6
Mycobacteroides_massiliense,4582,4585,3
Mycobacteroides_massiliense,5163,5169,6
Mycobacteroides_massiliense,5170,5179,9
Mycobacteroides_massiliense,5181,5190,9
Mycobacteroides_massiliense,5197,5199,2
Mycobacteroides_massiliense,5201,5204,3
Mycobacteroides_massiliense,5206,5214,8
Mycobacteroides_massiliense,5218,5230,12
Mycobacteroides_massiliense,5231,5241,10
Mycobacteroides_massiliense,5247,5253,6
Mycobacteroides_massiliense,5401,5402,1
Mycobacteroides_massiliense,6015,6016,1
Mycobacteroides_massiliense,6431,6467,36
Mycobacteroides_massiliense,6470,6494,24
Mycobacteroides_massiliense,7178,7254,76
Mycobacteroides_massiliense,7260,7268,8
Mycobacteroides_massiliense,8452,8500,48
Mycobacteroides_massiliense,8577,8578,1
Mycobacteroides_massiliense,8584,8603,19
Mycobacteroides_massiliense,8609,8610,1
Mycobacteroides_massiliense,8661,8662,1
Mycobacteroides_massiliense,8703,8704,1
Mycobacteroides_massiliense,8720,8721,1
Mycobacteroides_massiliense,8733,8735,2
Mycobacteroides_massiliense,8739,8742,3
Mycobacteroides_massiliense,8930,8931,1
Mycobacteroides_massiliense,8981,8997,16
Mycobacteroides_massiliense,9120,9121,1
Mycobacteroides_massiliense,9370,9372,2
Mycobacteroides_massiliense,9546,9547,1
Mycobacteroides_massiliense,9812,9814,2
Mycobacteroides_massiliense,9982,9986,4
Mycobacteroides_massiliense,10076,10077,1
Mycobacteroides_massiliense,10157,10158,1
Mycobacteroides_massiliense,10261,10262,1
Mycobacteroides_massiliense,10310,10312,2
Mycobacteroides_massiliense,10313,10315,2
Mycobacteroides_massiliense,10325,10326,1
Mycobacteroides_massiliense,10370,10371,1
Mycobacteroides_massiliense,10434,10435,1
Mycobacteroides_massiliense,10448,10449,1
Mycobacteroides_massiliense,10476,10477,1
Mycobacteroides_massiliense,10491,10492,1
Mycobacteroides_massiliense,10526,10527,1
Mycobacteroides_massiliense,10546,10649,103
Mycobacteroides_massiliense,10828,10839,11
Mycobacteroides_massiliense,10841,10846,5
Mycobacteroides_massiliense,10864,10865,1
Mycobacteroides_massiliense,10914,10915,1
Mycobacteroides_massiliense,10955,10974,19
Mycobacteroides_massiliense,10975,10980,5
Mycobacteroides_massiliense,11085,11086,1
Mycobacteroides_massiliense,11143,11144,1
Mycobacteroides_massiliense,11243,11244,1
Mycobacteroides_massiliense,11260,11261,1
Mycobacteroides_massiliense,11265,11267,2
Mycobacteroides_massiliense,11286,11287,1
Mycobacteroides_massiliense,11312,11313,1
Mycobacteroides_massiliense,11473,11474,1
Mycobacteroides_massiliense,11520,11521,1
Mycobacteroides_massiliense,11532,11533,1
Mycobacteroides_massiliense,11566,11567,1
Mycobacteroides_massiliense,11635,11636,1
Mycobacteroides_massiliense,11782,11783,1
Mycobacteroides_massiliense,11823,11824,1
Mycobacteroides_massiliense,11826,11827,1
Mycobacteroides_massiliense,11831,11836,5
Mycobacteroides_massiliense,11847,11852,5
Mycobacteroides_massiliense,11859,11860,1
Mycobacteroides_massiliense,11864,11866,2
Mycobacteroides_massiliense,11877,11878,1
Mycobacteroides_massiliense,11992,11994,2
Mycobacteroides_massiliense,12029,12030,1
Mycobacteroides_massiliense,12068,12069,1
Mycobacteroides_massiliense,12194,12195,1
Mycobacteroides_massiliense,12211,12214,3
Mycobacteroides_massiliense,12220,12221,1
Mycobacteroides_massiliense,12222,12227,5
Mycobacteroides_massiliense,12237,12238,1
Mycobacteroides_massiliense,12360,12369,9
Mycobacteroides_massiliense,12371,12372,1
Mycobacteroides_massiliense,12374,12388,14
Mycobacteroides_massiliense,12391,12400,9
Mycobacteroides_massiliense,12454,12455,1
Mycobacteroides_massiliense,12739,12740,1
Mycobacteroides_massiliense,12798,12925,127
Mycobacteroides_massiliense,13451,13452,1
Mycobacteroides_massiliense,13453,13454,1
Mycobacteroides_massiliense,13508,13509,1
Mycobacterium_intracellulare,21,39,18
Mycobacterium_intracellulare,43,46,3
Mycobacterium_intracellulare,53,71,18
Mycobacterium_intracellulare,87,107,20
Mycobacterium_intracellulare,117,132,15
Mycobacterium_intracellulare,133,136,3
Mycobacterium_intracellulare,346,349,3
Mycobacterium_intracellulare,1542,1691,149
Mycobacterium_intracellulare,3317,3381,64
Mycobacterium_intracellulare,3414,3420,6
Mycobacterium_intracellulare,3424,3460,36
Mycobacterium_intracellulare,3476,3479,3
Mycobacterium_intracellulare,3485,3491,6
Mycobacterium_intracellulare,3642,3645,3
Mycobacterium_intracellulare,3650,3653,3
Mycobacterium_intracellulare,3782,3788,6
Mycobacterium_intracellulare,4400,4406,6
Mycobacterium_intracellulare,4407,4413,6
Mycobacterium_intracellulare,4417,4426,9
Mycobacterium_intracellulare,4432,4445,13
Mycobacterium_intracellulare,4452,4455,3
Mycobacterium_intracellulare,4456,4462,6
Mycobacterium_intracellulare,4468,4480,12
Mycobacterium_intracellulare,4483,4486,3
Mycobacterium_intracellulare,4540,4552,12
Mycobacterium_intracellulare,4555,4564,9
Mycobacterium_intracellulare,4567,4573,6
Mycobacterium_intracellulare,4581,4584,3
Mycobacterium_intracellulare,5163,5169,6
Mycobacterium_intracellulare,5170,5179,9
Mycobacterium_intracellulare,5181,5190,9
Mycobacterium_intracellulare,5197,5199,2
Mycobacterium_intracellulare,5201,5204,3
Mycobacterium_intracellulare,5206,5214,8
Mycobacterium_intracellulare,5218,5230,12
Mycobacterium_intracellulare,5231,5241,10
Mycobacterium_intracellulare,5247,5253,6
Mycobacterium_intracellulare,5401,5402,1
Mycobacterium_intracellulare,6015,6016,1
Mycobacterium_intracellulare,6428,6464,36
Mycobacterium_intracellulare,6470,6494,24
Mycobacterium_intracellulare,7178,7254,76
Mycobacterium_intracellulare,7260,7268,8
Mycobacterium_intracellulare,7760,7763,3
Mycobacterium_intracellulare,8452,8500,48
Mycobacterium_intracellulare,8577,8578,1
Mycobacterium_intracellulare,8584,8599,15
Mycobacterium_intracellulare,8601,8603,2
Mycobacterium_intracellulare,8609,8610,1
Mycobacterium_intracellulare,8661,8662,1
Mycobacterium_intracellulare,8703,8704,1
Mycobacterium_intracellulare,8720,8721,1
Mycobacterium_intracellulare,8733,8735,2
Mycobacterium_intracellulare,8739,8742,3
Mycobacterium_intracellulare,8930,8931,1
Mycobacterium_intracellulare,8980,8982,2
Mycobacterium_intracellulare,8996,8998,2
Mycobacterium_intracellulare,9120,9121,1
Mycobacterium_intracellulare,9370,9372,2
Mycobacterium_intracellulare,9546,9547,1
Mycobacterium_intracellulare,9812,9813,1
Mycobacterium_intracellulare,9982,9986,4
Mycobacterium_intracellulare,10076,10078,2
Mycobacterium_intracellulare,10157,10158,1
Mycobacterium_intracellulare,10261,10262,1
Mycobacterium_intracellulare,10310,10312,2
Mycobacterium_intracellulare,10313,10315,2
Mycobacterium_intracellulare,10325,10326,1
Mycobacterium_intracellulare,10352,10353,1
Mycobacterium_intracellulare,10370,10371,1
Mycobacterium_intracellulare,10411,10412,1
Mycobacterium_intracellulare,10434,10435,1
Mycobacterium_intracellulare,10448,10449,1
Mycobacterium_intracellulare,10476,10477,1
Mycobacterium_intracellulare,10491,10492,1
Mycobacterium_intracellulare,10526,10527,1
Mycobacterium_intracellulare,10546,10649,103
Mycobacterium_intracellulare,10828,10830,2
Mycobacterium_intracellulare,10832,10846,14
Mycobacterium_intracellulare,10864,10865,1
Mycobacterium_intracellulare,10914,10915,1
Mycobacterium_intracellulare,10965,10977,12
Mycobacterium_intracellulare,11085,11086,1
Mycobacterium_intracellulare,11143,11144,1
Mycobacterium_intracellulare,11243,11244,1
Mycobacterium_intracellulare,11260,11261,1
Mycobacterium_intracellulare,11262,11263,1
Mycobacterium_intracellulare,11265,11267,2
Mycobacterium_intracellulare,11286,11287,1
Mycobacterium_intracellulare,11312,11313,1
Mycobacterium_intracellulare,11473,11474,1
Mycobacterium_intracellulare,11505,11511,6
Mycobacterium_intracellulare,11513,11514,1
Mycobacterium_intracellulare,11519,11521,2
Mycobacterium_intracellulare,11523,11533,10
Mycobacterium_intracellulare,11566,11567,1
Mycobacterium_intracellulare,11590,11591,1
Mycobacterium_intracellulare,11782,11783,1
Mycobacterium_intracellulare,11823,11824,1
Mycobacterium_intracellulare,11826,11827,1
Mycobacterium_intracellulare,11831,11836,5
Mycobacterium_intracellulare,11848,11850,2
Mycobacterium_intracellulare,11851,11852,1
Mycobacterium_intracellulare,11859,11860,1
Mycobacterium_intracellulare,11864,11866,2
Mycobacterium_intracellulare,11877,11878,1
Mycobacterium_intracellulare,11993,11994,1
Mycobacterium_intracellulare,12029,12030,1
Mycobacterium_intracellulare,12068,12069,1
Mycobacterium_intracellulare,12207,12208,1
Mycobacterium_intracellulare,12211,12212,1
Mycobacterium_intracellulare,12213,12214,1
Mycobacterium_intracellulare,12218,12222,4
Mycobacterium_intracellulare,12225,12227,2
Mycobacterium_intracellulare,12237,12238,1
Mycobacterium_intracellulare,12360,12369,9
Mycobacterium_intracellulare,12371,12380,9
Mycobacterium_intracellulare,12384,12390,6
Mycobacterium_intracellulare,12391,12400,9
Mycobacterium_intracellulare,12454,12455,1
Mycobacterium_intracellulare,12738,12740,2
Mycobacterium_intracellulare,12798,12925,127
Mycobacterium_intracellulare,13451,13452,1
Mycobacterium_intracellulare,13453,13454,1
Mycobacterium_intracellulare,13508,13509,1
Mycobacterium_yongonense,21,39,18
Mycobacterium_yongonense,43,46,3
Mycobacterium_yongonense,53,71,18
Mycobacterium_yongonense,87,107,20
Mycobacterium_yongonense,117,132,15
Mycobacterium_yongonense,133,136,3
Mycobacterium_yongonense,346,349,3
Mycobacterium_yongonense,1542,1691,149
Mycobacterium_yongonense,3317,3381,64
Mycobacterium_yongonense,3414,3420,6
Mycobacterium_yongonense,3424,3460,36
Mycobacterium_yongonense,3476,3479,3
Mycobacterium_yongonense,3485,3491,6
Mycobacterium_yongonense,3642,3645,3
Mycobacterium_yongonense,3650,3653,3
Mycobacterium_yongonense,3655,3667,12
Mycobacterium_yongonense,3782,3788,6
Mycobacterium_yongonense,4400,4406,6
Mycobacterium_yongonense,4407,4413,6
Mycobacterium_yongonense,4417,4426,9
Mycobacterium_yongonense,4432,4445,13
Mycobacterium_yongonense,4452,4455,3
Mycobacterium_yongonense,4456,4462,6
Mycobacterium_yongonense,4468,4480,12
Mycobacterium_yongonense,4483,4486,3
Mycobacterium_yongonense,4555,4564,9
Mycobacterium_yongonense,4567,4573,6
Mycobacterium_yongonense,5163,5169,6
Mycobacterium_yongonense,5170,5179,9
Mycobacterium_yongonense,5181,5190,9
Mycobacterium_yongonense,5197,5199,2
Mycobacterium_yongonense,5201,5204,3
Mycobacterium_yongonense,5206,5214,8
Mycobacterium_yongonense,5218,5230,12
Mycobacterium_yongonense,5231,5241,10
Mycobacterium_yongonense,5247,5253,6
Mycobacterium_yongonense,5401,5402,1
Mycobacterium_yongonense,6015,6016,1
Mycobacterium_yongonense,6428,6464,36
Mycobacterium_yongonense,6470,6494,24
Mycobacterium_yongonense,7178,7254,76
Mycobacterium_yongonense,7260,7268,8
Mycobacterium_yongonense,7760,7763,3
Mycobacterium_yongonense,8452,8500,48
Mycobacterium_yongonense,8577,8578,1
Mycobacterium_yongonense,8584,8599,15
Mycobacterium_yongonense,8601,8603,2
Mycobacterium_yongonense,8609,8610,1
Mycobacterium_yongonense,8661,8662,1
Mycobacterium_yongonense,8703,8704,1
Mycobacterium_yongonense,8720,8721,1
Mycobacterium_yongonense,8733,8735,2
Mycobacterium_yongonense,8739,8742,3
Mycobacterium_yongonense,8930,8931,1
Mycobacterium_yongonense,8980,8982,2
Mycobacterium_yongonense,8996,8998,2
Mycobacterium_yongonense,9110,9111,1
Mycobacterium_yongonense,9120,9121,1
Mycobacterium_yongonense,9370,9372,2
Mycobacterium_yongonense,9546,9547,1
Mycobacterium_yongonense,9812,9813,1
Mycobacterium_yongonense,9982,9986,4
Mycobacterium_yongonense,10076,10078,2
Mycobacterium_yongonense,10157,10158,1
Mycobacterium_yongonense,10261,10262,1
Mycobacterium_yongonense,10310,10312,2
Mycobacterium_yongonense,10313,10315,2
Mycobacterium_yongonense,10325,10326,1
Mycobacterium_yongonense,10352,10353,1
Mycobacterium_yongonense,10370,10371,1
Mycobacterium_yongonense,10411,10412,1
Mycobacterium_yongonense,10434,10435,1
Mycobacterium_yongonense,10448,10449,1
Mycobacterium_yongonense,10476,10477,1
Mycobacterium_yongonense,10491,10492,1
Mycobacterium_yongonense,10526,10527,1
Mycobacterium_yongonense,10546,10649,103
Mycobacterium_yongonense,10828,10830,2
Mycobacterium_yongonense,10832,10846,14
Mycobacterium_yongonense,10864,10865,1
Mycobacterium_yongonense,10914,10915,1
Mycobacterium_yongonense,10965,10977,12
Mycobacterium_yongonense,11085,11086,1
Mycobacterium_yongonense,11143,11144,1
Mycobacterium_yongonense,11243,11244,1
Mycobacterium_yongonense,11260,11261,1
Mycobacterium_yongonense,11262,11263,1
Mycobacterium_yongonense,11265,11267,2
Mycobacterium_yongonense,11286,11287,1
Mycobacterium_yongonense,11312,11313,1
Mycobacterium_yongonense,11473,11474,1
Mycobacterium_yongonense,11505,11511,6
Mycobacterium_yongonense,11513,11514,1
Mycobacterium_yongonense,11519,11521,2
Mycobacterium_yongonense,11523,11533,10
Mycobacterium_yongonense,11566,11567,1
Mycobacterium_yongonense,11590,11591,1
Mycobacterium_yongonense,11782,11783,1
Mycobacterium_yongonense,11823,11824,1
Mycobacterium_yongonense,11826,11827,1
Mycobacterium_yongonense,11831,11836,5
Mycobacterium_yongonense,11848,11850,2
Mycobacterium_yongonense,11851,11852,1
Mycobacterium_yongonense,11859,11860,1
Mycobacterium_yongonense,11864,11866,2
Mycobacterium_yongonense,11877,11878,1
Mycobacterium_yongonense,11993,11994,1
Mycobacterium_yongonense,12029,12030,1
Mycobacterium_yongonense,12068,12069,1
Mycobacterium_yongonense,12207,12208,1
Mycobacterium_yongonense,12211,12212,1
Mycobacterium_yongonense,12213,12214,1
Mycobacterium_yongonense,12218,12222,4
Mycobacterium_yongonense,12225,12227,2
Mycobacterium_yongonense,12237,12238,1
Mycobacterium_yongonense,12360,12369,9
Mycobacterium_yongonense,12371,12380,9
Mycobacterium_yongonense,12384,12390,6
Mycobacterium_yongonense,12391,12400,9
Mycobacterium_yongonense,12454,12455,1
Mycobacterium_yongonense,12738,12740,2
Mycobacterium_yongonense,12798,12925,127
Mycobacterium_yongonense,13451,13452,1
Mycobacterium_yongonense,13453,13454,1
Mycobacterium_yongonense,13508,13509,1
Mycobacteroides_bolletii,1,10,9
Mycobacteroides_bolletii,24,39,15
Mycobacteroides_bolletii,43,46,3
Mycobacteroides_bolletii,53,115,62
Mycobacteroides_bolletii,117,132,15
Mycobacteroides_bolletii,133,136,3
Mycobacteroides_bolletii,346,349,3
Mycobacteroides_bolletii,1542,1691,149
Mycobacteroides_bolletii,3320,3326,6
Mycobacteroides_bolletii,3333,3361,28
Mycobacteroides_bolletii,3364,3365,1
Mycobacteroides_bolletii,3372,3374,2
Mycobacteroides_bolletii,3411,3480,69
Mycobacteroides_bolletii,3485,3491,6
Mycobacteroides_bolletii,3642,3645,3
Mycobacteroides_bolletii,3650,3653,3
Mycobacteroides_bolletii,3655,3667,12
Mycobacteroides_bolletii,3782,3788,6
Mycobacteroides_bolletii,4400,4406,6
Mycobacteroides_bolletii,4407,4413,6
Mycobacteroides_bolletii,4424,4425,1
Mycobacteroides_bolletii,4433,4445,12
Mycobacteroides_bolletii,4452,4455,3
Mycobacteroides_bolletii,4456,4462,6
Mycobacteroides_bolletii,4468,4486,18
Mycobacteroides_bolletii,4540,4552,12
Mycobacteroides_bolletii,4555,4564,9
Mycobacteroides_bolletii,4567,4573,6
Mycobacteroides_bolletii,4582,4585,3
Mycobacteroides_bolletii,5163,5169,6
Mycobacteroides_bolletii,5170,5179,9
Mycobacteroides_bolletii,5181,5190,9
Mycobacteroides_bolletii,5197,5199,2
Mycobacteroides_bolletii,5201,5204,3
Mycobacteroides_bolletii,5206,5214,8
Mycobacteroides_bolletii,5218,5230,12
Mycobacteroides_bolletii,5231,5241,10
Mycobacteroides_bolletii,5247,5253,6
Mycobacteroides_bolletii,5401,5402,1
Mycobacteroides_bolletii,6015,6016,1
Mycobacteroides_bolletii,6431,6467,36
Mycobacteroides_bolletii,6470,6494,24
Mycobacteroides_bolletii,7178,7254,76
Mycobacteroides_bolletii,7260,7268,8
Mycobacteroides_bolletii,8452,8500,48
Mycobacteroides_bolletii,8577,8578,1
Mycobacteroides_bolletii,8584,8603,19
Mycobacteroides_bolletii,8609,8610,1
Mycobacteroides_bolletii,8661,8662,1
Mycobacteroides_bolletii,8703,8704,1
Mycobacteroides_bolletii,8720,8721,1
Mycobacteroides_bolletii,8733,8735,2
Mycobacteroides_bolletii,8739,8742,3
Mycobacteroides_bolletii,8930,8931,1
Mycobacteroides_bolletii,8981,8997,16
Mycobacteroides_bolletii,9120,9121,1
Mycobacteroides_bolletii,9370,9372,2
Mycobacteroides_bolletii,9546,9547,1
Mycobacteroides_bolletii,9812,9814,2
Mycobacteroides_bolletii,9982,9986,4
Mycobacteroides_bolletii,10076,10077,1
Mycobacteroides_bolletii,10157,10158,1
Mycobacteroides_bolletii,10261,10262,1
Mycobacteroides_bolletii,10310,10312,2
Mycobacteroides_bolletii,10313,10315,2
Mycobacteroides_bolletii,10325,10326,1
Mycobacteroides_bolletii,10370,10371,1
Mycobacteroides_bolletii,10434,10435,1
Mycobacteroides_bolletii,10448,10449,1
Mycobacteroides_bolletii,10476,10477,1
Mycobacteroides_bolletii,10491,10492,1
Mycobacteroides_bolletii,10526,10527,1
Mycobacteroides_bolletii,10546,10649,103
Mycobacteroides_bolletii,10828,10839,11
Mycobacteroides_bolletii,10841,10846,5
Mycobacteroides_bolletii,10864,10865,1
Mycobacteroides_bolletii,10914,10915,1
Mycobacteroides_bolletii,10955,10974,19
Mycobacteroides_bolletii,10975,10980,5
Mycobacteroides_bolletii,11085,11086,1
Mycobacteroides_bolletii,11143,11144,1
Mycobacteroides_bolletii,11243,11244,1
Mycobacteroides_bolletii,11260,11261,1
Mycobacteroides_bolletii,11265,11267,2
Mycobacteroides_bolletii,11286,11287,1
Mycobacteroides_bolletii,11312,11313,1
Mycobacteroides_bolletii,11473,11474,1
Mycobacteroides_bolletii,11520,11521,1
Mycobacteroides_bolletii,11532,11533,1
Mycobacteroides_bolletii,11566,11567,1
Mycobacteroides_bolletii,11635,11636,1
Mycobacteroides_bolletii,11782,11783,1
Mycobacteroides_bolletii,11823,11824,1
Mycobacteroides_bolletii,11826,11827,1
Mycobacteroides_bolletii,11831,11836,5
Mycobacteroides_bolletii,11847,11852,5
Mycobacteroides_bolletii,11859,11860,1
Mycobacteroides_bolletii,11864,11866,2
Mycobacteroides_bolletii,11877,11878,1
Mycobacteroides_bolletii,11992,11994,2
Mycobacteroides_bolletii,12029,12030,1
Mycobacteroides_bolletii,12068,12069,1
Mycobacteroides_bolletii,12194,12195,1
Mycobacteroides_bolletii,12211,12214,3
Mycobacteroides_bolletii,12220,12221,1
Mycobacteroides_bolletii,12222,12227,5
Mycobacteroides_bolletii,12237,12238,1
Mycobacteroides_bolletii,12360,12369,9
Mycobacteroides_bolletii,12371,12372,1
Mycobacteroides_bolletii,12374,12388,14
Mycobacteroides_bolletii,12391,12400,9
Mycobacteroides_bolletii,12454,12455,1
Mycobacteroides_bolletii,12739,12740,1
Mycobacteroides_bolletii,12798,12925,127
Mycobacteroides_bolletii,13451,13452,1
Mycobacteroides_bolletii,13453,13454,1
Mycobacteroides_bolletii,13508,13509,1
Mycobacterium_hominissuis,1,10,9
Mycobacterium_hominissuis,24,36,12
Mycobacterium_hominissuis,43,46,3
Mycobacterium_hominissuis,53,71,18
Mycobacterium_hominissuis,87,107,20
Mycobacterium_hominissuis,117,132,15
Mycobacterium_hominissuis,133,136,3
Mycobacterium_hominissuis,346,349,3
Mycobacterium_hominissuis,1542,1691,149
Mycobacterium_hominissuis,3317,3381,64
Mycobacterium_hominissuis,3414,3420,6
Mycobacterium_hominissuis,3424,3460,36
Mycobacterium_hominissuis,3485,3491,6
Mycobacterium_hominissuis,3642,3645,3
Mycobacterium_hominissuis,3650,3653,3
Mycobacterium_hominissuis,3655,3667,12
Mycobacterium_hominissuis,3782,3788,6
Mycobacterium_hominissuis,4400,4406,6
Mycobacterium_hominissuis,4407,4413,6
Mycobacterium_hominissuis,4417,4426,9
Mycobacterium_hominissuis,4432,4445,13
Mycobacterium_hominissuis,4452,4455,3
Mycobacterium_hominissuis,4456,4462,6
Mycobacterium_hominissuis,4468,4480,12
Mycobacterium_hominissuis,4483,4486,3
Mycobacterium_hominissuis,4540,4552,12
Mycobacterium_hominissuis,4555,4564,9
Mycobacterium_hominissuis,4567,4573,6
Mycobacterium_hominissuis,4581,4584,3
Mycobacterium_hominissuis,5163,5169,6
Mycobacterium_hominissuis,5170,5179,9
Mycobacterium_hominissuis,5181,5190,9
Mycobacterium_hominissuis,5197,5199,2
Mycobacterium_hominissuis,5201,5204,3
Mycobacterium_hominissuis,5206,5214,8
Mycobacterium_hominissuis,5218,5230,12
Mycobacterium_hominissuis,5231,5241,10
Mycobacterium_hominissuis,5247,5253,6
Mycobacterium_hominissuis,5401,5402,1
Mycobacterium_hominissuis,6015,6016,1
Mycobacterium_hominissuis,6428,6464,36
Mycobacterium_hominissuis,6470,6494,24
Mycobacterium_hominissuis,7178,7254,76
Mycobacterium_hominissuis,7260,7268,8
Mycobacterium_hominissuis,7760,7763,3
Mycobacterium_hominissuis,8452,8500,48
Mycobacterium_hominissuis,8577,8578,1
Mycobacterium_hominissuis,8584,8599,15
Mycobacterium_hominissuis,8601,8603,2
Mycobacterium_hominissuis,8609,8610,1
Mycobacterium_hominissuis,8661,8662,1
Mycobacterium_hominissuis,8703,8704,1
Mycobacterium_hominissuis,8720,8721,1
Mycobacterium_hominissuis,8733,8735,2
Mycobacterium_hominissuis,8739,8742,3
Mycobacterium_hominissuis,8930,8931,1
Mycobacterium_hominissuis,8980,8982,2
Mycobacterium_hominissuis,8996,8998,2
Mycobacterium_hominissuis,9120,9121,1
Mycobacterium_hominissuis,9370,9372,2
Mycobacterium_hominissuis,9546,9547,1
Mycobacterium_hominissuis,9812,9813,1
Mycobacterium_hominissuis,9984,9986,2
Mycobacterium_hominissuis,10076,10078,2
Mycobacterium_hominissuis,10157,10158,1
Mycobacterium_hominissuis,10261,10262,1
Mycobacterium_hominissuis,10310,10312,2
Mycobacterium_hominissuis,10313,10315,2
Mycobacterium_hominissuis,10325,10326,1
Mycobacterium_hominissuis,10352,10353,1
Mycobacterium_hominissuis,10370,10371,1
Mycobacterium_hominissuis,10434,10435,1
Mycobacterium_hominissuis,10448,10449,1
Mycobacterium_hominissuis,10476,10477,1
Mycobacterium_hominissuis,10491,10492,1
Mycobacterium_hominissuis,10526,10527,1
Mycobacterium_hominissuis,10546,10649,103
Mycobacterium_hominissuis,10828,10830,2
Mycobacterium_hominissuis,10832,10846,14
Mycobacterium_hominissuis,10864,10865,1
Mycobacterium_hominissuis,10914,10915,1
Mycobacterium_hominissuis,10965,10977,12
Mycobacterium_hominissuis,11085,11086,1
Mycobacterium_hominissuis,11143,11144,1
Mycobacterium_hominissuis,11243,11244,1
Mycobacterium_hominissuis,11260,11261,1
Mycobacterium_hominissuis,11262,11263,1
Mycobacterium_hominissuis,11265,11267,2
Mycobacterium_hominissuis,11286,11287,1
Mycobacterium_hominissuis,11312,11313,1
Mycobacterium_hominissuis,11473,11474,1
Mycobacterium_hominissuis,11505,11511,6
Mycobacterium_hominissuis,11513,11514,1
Mycobacterium_hominissuis,11520,11521,1
Mycobacterium_hominissuis,11523,11533,10
Mycobacterium_hominissuis,11566,11567,1
Mycobacterium_hominissuis,11590,11591,1
Mycobacterium_hominissuis,11782,11783,1
Mycobacterium_hominissuis,11823,11824,1
Mycobacterium_hominissuis,11826,11827,1
Mycobacterium_hominissuis,11831,11836,5
Mycobacterium_hominissuis,11848,11850,2
Mycobacterium_hominissuis,11851,11852,1
Mycobacterium_hominissuis,11859,11860,1
Mycobacterium_hominissuis,11864,11866,2
Mycobacterium_hominissuis,11877,11878,1
Mycobacterium_hominissuis,11993,11994,1
Mycobacterium_hominissuis,12029,12030,1
Mycobacterium_hominissuis,12068,12069,1
Mycobacterium_hominissuis,12207,12208,1
Mycobacterium_hominissuis,12211,12212,1
Mycobacterium_hominissuis,12213,12214,1
Mycobacterium_hominissuis,12218,12222,4
Mycobacterium_hominissuis,12225,12227,2
Mycobacterium_hominissuis,12237,12238,1
Mycobacterium_hominissuis,12360,12369,9
Mycobacterium_hominissuis,12371,12372,1
Mycobacterium_hominissuis,12374,12380,6
Mycobacterium_hominissuis,12384,12390,6
Mycobacterium_hominissuis,12391,12400,9
Mycobacterium_hominissuis,12454,12455,1
Mycobacterium_hominissuis,12738,12740,2
Mycobacterium_hominissuis,12798,12925,127
Mycobacterium_hominissuis,13451,13452,1
Mycobacterium_hominissuis,13453,13454,1
Mycobacterium_hominissuis,13508,13509,1
Mycobacterium_chimaera,21,39,18
Mycobacterium_chimaera,43,46,3
Mycobacterium_chimaera,53,71,18
Mycobacterium_chimaera,87,107,20
Mycobacterium_chimaera,117,132,15
Mycobacterium_chimaera,133,136,3
Mycobacterium_chimaera,346,349,3
Mycobacterium_chimaera,1542,1691,149
Mycobacterium_chimaera,3317,3381,64
Mycobacterium_chimaera,3414,3420,6
Mycobacterium_chimaera,3424,3460,36
Mycobacterium_chimaera,3476,3479,3
Mycobacterium_chimaera,3485,3491,6
Mycobacterium_chimaera,3642,3645,3
Mycobacterium_chimaera,3650,3653,3
Mycobacterium_chimaera,3782,3788,6
Mycobacterium_chimaera,4400,4406,6
Mycobacterium_chimaera,4407,4413,6
Mycobacterium_chimaera,4417,4426,9
Mycobacterium_chimaera,4432,4445,13
Mycobacterium_chimaera,4452,4455,3
Mycobacterium_chimaera,4456,4462,6
Mycobacterium_chimaera,4468,4480,12
Mycobacterium_chimaera,4483,4486,3
Mycobacterium_chimaera,4555,4564,9
Mycobacterium_chimaera,4567,4573,6
Mycobacterium_chimaera,5163,5169,6
Mycobacterium_chimaera,5170,5179,9
Mycobacterium_chimaera,5181,5190,9
Mycobacterium_chimaera,5197,5199,2
Mycobacterium_chimaera,5201,5204,3
Mycobacterium_chimaera,5206,5214,8
Mycobacterium_chimaera,5218,5230,12
Mycobacterium_chimaera,5231,5241,10
Mycobacterium_chimaera,5247,5253,6
Mycobacterium_chimaera,5401,5402,1
Mycobacterium_chimaera,6015,6016,1
Mycobacterium_chimaera,6428,6464,36
Mycobacterium_chimaera,6470,6494,24
Mycobacterium_chimaera,7178,7254,76
Mycobacterium_chimaera,7260,7268,8
Mycobacterium_chimaera,7760,7763,3
Mycobacterium_chimaera,8452,8500,48
Mycobacterium_chimaera,8577,8578,1
Mycobacterium_chimaera,8584,8599,15
Mycobacterium_chimaera,8601,8603,2
Mycobacterium_chimaera,8609,8610,1
Mycobacterium_chimaera,8661,8662,1
Mycobacterium_chimaera,8703,8704,1
Mycobacterium_chimaera,8720,8721,1
Mycobacterium_chimaera,8733,8735,2
Mycobacterium_chimaera,8739,8742,3
Mycobacterium_chimaera,8930,8931,1
Mycobacterium_chimaera,8980,8982,2
Mycobacterium_chimaera,8996,8998,2
Mycobacterium_chimaera,9120,9121,1
Mycobacterium_chimaera,9370,9372,2
Mycobacterium_chimaera,9546,9547,1
Mycobacterium_chimaera,9812,9813,1
Mycobacterium_chimaera,9982,9986,4
Mycobacterium_chimaera,10076,10078,2
Mycobacterium_chimaera,10157,10158,1
Mycobacterium_chimaera,10261,10262,1
Mycobacterium_chimaera,10310,10312,2
Mycobacterium_chimaera,10313,10315,2
Mycobacterium_chimaera,10325,10326,1
Mycobacterium_chimaera,10352,10353,1
Mycobacterium_chimaera,10370,10371,1
Mycobacterium_chimaera,10411,10412,1
Mycobacterium_chimaera,10434,10435,1
Mycobacterium_chimaera,10448,10449,1
Mycobacterium_chimaera,10476,10477,1
Mycobacterium_chimaera,10491,10492,1
Mycobacterium_chimaera,10526,10527,1
Mycobacterium_chimaera,10546,10649,103
Mycobacterium_chimaera,10828,10830,2
Mycobacterium_chimaera,10832,10846,14
Mycobacterium_chimaera,10864,10865,1
Mycobacterium_chimaera,10914,10915,1
Mycobacterium_chimaera,10965,10977,12
Mycobacterium_chimaera,11085,11086,1
Mycobacterium_chimaera,11143,11144,1
Mycobacterium_chimaera,11243,11244,1
Mycobacterium_chimaera,11260,11261,1
Mycobacterium_chimaera,11262,11263,1
Mycobacterium_chimaera,11265,11267,2
Mycobacterium_chimaera,11286,11287,1
Mycobacterium_chimaera,11312,11313,1
Mycobacterium_chimaera,11473,11474,1
Mycobacterium_chimaera,11505,11511,6
Mycobacterium_chimaera,11513,11514,1
Mycobacterium_chimaera,11519,11521,2
Mycobacterium_chimaera,11523,11533,10
Mycobacterium_chimaera,11566,11567,1
Mycobacterium_chimaera,11590,11591,1
Mycobacterium_chimaera,11782,11783,1
Mycobacterium_chimaera,11823,11824,1
Mycobacterium_chimaera,11826,11827,1
Mycobacterium_chimaera,11831,11836,5
Mycobacterium_chimaera,11848,11850,2
Mycobacterium_chimaera,11851,11852,1
Mycobacterium_chimaera,11859,11860,1
Mycobacterium_chimaera,11864,11866,2
Mycobacterium_chimaera,11877,11878,1
Mycobacterium_chimaera,11993,11994,1
Mycobacterium_chimaera,12029,12030,1
Mycobacterium_chimaera,12068,12069,1
Mycobacterium_chimaera,12207,12208,1
Mycobacterium_chimaera,12211,12212,1
Mycobacterium_chimaera,12213,12214,1
Mycobacterium_chimaera,12218,12222,4
Mycobacterium_chimaera,12225,12227,2
Mycobacterium_chimaera,12237,12238,1
Mycobacterium_chimaera,12360,12369,9
Mycobacterium_chimaera,12371,12380,9
Mycobacterium_chimaera,12384,12390,6
Mycobacterium_chimaera,12391,12400,9
Mycobacterium_chimaera,12454,12455,1
Mycobacterium_chimaera,12738,12740,2
Mycobacterium_chimaera,12798,12925,127
Mycobacterium_chimaera,13451,13452,1
Mycobacterium_chimaera,13453,13454,1
Mycobacterium_chimaera,13508,13509,1
Mycobacterium_shinshuense,1,10,9
Mycobacterium_shinshuense,21,39,18
Mycobacterium_shinshuense,43,46,3
Mycobacterium_shinshuense,53,71,18
Mycobacterium_shinshuense,87,107,20
Mycobacterium_shinshuense,117,132,15
Mycobacterium_shinshuense,133,136,3
Mycobacterium_shinshuense,346,349,3
Mycobacterium_shinshuense,1542,1691,149
Mycobacterium_shinshuense,3317,3361,44
Mycobacterium_shinshuense,3364,3365,1
Mycobacterium_shinshuense,3373,3374,1
Mycobacterium_shinshuense,3414,3420,6
Mycobacterium_shinshuense,3424,3460,36
Mycobacterium_shinshuense,3473,3479,6
Mycobacterium_shinshuense,3485,3491,6
Mycobacterium_shinshuense,3642,3645,3
Mycobacterium_shinshuense,3650,3653,3
Mycobacterium_shinshuense,3655,3667,12
Mycobacterium_shinshuense,3782,3788,6
Mycobacterium_shinshuense,4400,4406,6
Mycobacterium_shinshuense,4407,4413,6
Mycobacterium_shinshuense,4417,4426,9
Mycobacterium_shinshuense,4432,4445,13
Mycobacterium_shinshuense,4452,4455,3
Mycobacterium_shinshuense,4456,4462,6
Mycobacterium_shinshuense,4468,4480,12
Mycobacterium_shinshuense,4483,4486,3
Mycobacterium_shinshuense,4540,4552,12
Mycobacterium_shinshuense,4555,4564,9
Mycobacterium_shinshuense,4567,4573,6
Mycobacterium_shinshuense,4581,4584,3
Mycobacterium_shinshuense,5163,5169,6
Mycobacterium_shinshuense,5170,5179,9
Mycobacterium_shinshuense,5181,5190,9
Mycobacterium_shinshuense,5197,5199,2
Mycobacterium_shinshuense,5201,5204,3
Mycobacterium_shinshuense,5206,5214,8
Mycobacterium_shinshuense,5218,5230,12
Mycobacterium_shinshuense,5231,5241,10
Mycobacterium_shinshuense,5247,5253,6
Mycobacterium_shinshuense,5401,5402,1
Mycobacterium_shinshuense,6015,6016,1
Mycobacterium_shinshuense,6431,6452,21
Mycobacterium_shinshuense,6456,6462,6
Mycobacterium_shinshuense,6470,6494,24
Mycobacterium_shinshuense,7178,7254,76
Mycobacterium_shinshuense,7260,7268,8
Mycobacterium_shinshuense,7760,7763,3
Mycobacterium_shinshuense,8452,8500,48
Mycobacterium_shinshuense,8577,8578,1
Mycobacterium_shinshuense,8584,8599,15
Mycobacterium_shinshuense,8601,8603,2
Mycobacterium_shinshuense,8609,8610,1
Mycobacterium_shinshuense,8661,8662,1
Mycobacterium_shinshuense,8703,8704,1
Mycobacterium_shinshuense,8720,8721,1
Mycobacterium_shinshuense,8733,8735,2
Mycobacterium_shinshuense,8739,8742,3
Mycobacterium_shinshuense,8930,8931,1
Mycobacterium_shinshuense,8980,8982,2
Mycobacterium_shinshuense,8996,8998,2
Mycobacterium_shinshuense,9120,9121,1
Mycobacterium_shinshuense,9370,9372,2
Mycobacterium_shinshuense,9546,9547,1
Mycobacterium_shinshuense,9812,9814,2
Mycobacterium_shinshuense,9983,9986,3
Mycobacterium_shinshuense,10076,10078,2
Mycobacterium_shinshuense,10157,10158,1
Mycobacterium_shinshuense,10261,10262,1
Mycobacterium_shinshuense,10310,10312,2
Mycobacterium_shinshuense,10313,10315,2
Mycobacterium_shinshuense,10325,10326,1
Mycobacterium_shinshuense,10370,10371,1
Mycobacterium_shinshuense,10434,10435,1
Mycobacterium_shinshuense,10448,10449,1
Mycobacterium_shinshuense,10476,10477,1
Mycobacterium_shinshuense,10491,10492,1
Mycobacterium_shinshuense,10526,10527,1
Mycobacterium_shinshuense,10546,10649,103
Mycobacterium_shinshuense,10828,10830,2
Mycobacterium_shinshuense,10832,10846,14
Mycobacterium_shinshuense,10864,10865,1
Mycobacterium_shinshuense,10914,10915,1
Mycobacterium_shinshuense,10958,10967,9
Mycobacterium_shinshuense,10971,10972,1
Mycobacterium_shinshuense,10976,10977,1
Mycobacterium_shinshuense,11085,11086,1
Mycobacterium_shinshuense,11143,11144,1
Mycobacterium_shinshuense,11243,11244,1
Mycobacterium_shinshuense,11260,11261,1
Mycobacterium_shinshuense,11262,11263,1
Mycobacterium_shinshuense,11265,11267,2
Mycobacterium_shinshuense,11286,11287,1
Mycobacterium_shinshuense,11312,11313,1
Mycobacterium_shinshuense,11473,11474,1
Mycobacterium_shinshuense,11505,11534,29
Mycobacterium_shinshuense,11566,11567,1
Mycobacterium_shinshuense,11590,11591,1
Mycobacterium_shinshuense,11782,11783,1
Mycobacterium_shinshuense,11823,11824,1
Mycobacterium_shinshuense,11826,11827,1
Mycobacterium_shinshuense,11831,11836,5
Mycobacterium_shinshuense,11848,11850,2
Mycobacterium_shinshuense,11851,11852,1
Mycobacterium_shinshuense,11859,11860,1
Mycobacterium_shinshuense,11864,11866,2
Mycobacterium_shinshuense,11877,11878,1
Mycobacterium_shinshuense,11993,11994,1
Mycobacterium_shinshuense,12029,12030,1
Mycobacterium_shinshuense,12068,12069,1
Mycobacterium_shinshuense,12207,12208,1
Mycobacterium_shinshuense,12211,12212,1
Mycobacterium_shinshuense,12213,12214,1
Mycobacterium_shinshuense,12218,12222,4
Mycobacterium_shinshuense,12225,12227,2
Mycobacterium_shinshuense,12237,12238,1
Mycobacterium_shinshuense,12360,12369,9
Mycobacterium_shinshuense,12371,12372,1
Mycobacterium_shinshuense,12374,12380,6
Mycobacterium_shinshuense,12384,12390,6
Mycobacterium_shinshuense,12391,12400,9
Mycobacterium_shinshuense,12454,12455,1
Mycobacterium_shinshuense,12739,12740,1
Mycobacterium_shinshuense,12798,12925,127
Mycobacterium_shinshuense,13451,13452,1
Mycobacterium_shinshuense,13453,13454,1
Mycobacterium_shinshuense,13508,13509,1
Mycobacterium_avium,1,10,9
Mycobacterium_avium,24,36,12
Mycobacterium_avium,43,46,3
Mycobacterium_avium,53,71,18
Mycobacterium_avium,87,107,20
Mycobacterium_avium,117,132,15
Mycobacterium_avium,133,136,3
Mycobacterium_avium,1542,1691,149
Mycobacterium_avium,3317,3381,64
Mycobacterium_avium,3414,3420,6
Mycobacterium_avium,3424,3460,36
Mycobacterium_avium,3485,3491,6
Mycobacterium_avium,3642,3645,3
Mycobacterium_avium,3650,3653,3
Mycobacterium_avium,3655,3667,12
Mycobacterium_avium,3782,3788,6
Mycobacterium_avium,4400,4406,6
Mycobacterium_avium,4407,4413,6
Mycobacterium_avium,4417,4426,9
Mycobacterium_avium,4432,4445,13
Mycobacterium_avium,4452,4455,3
Mycobacterium_avium,4456,4462,6
Mycobacterium_avium,4468,4480,12
Mycobacterium_avium,4483,4486,3
Mycobacterium_avium,4540,4552,12
Mycobacterium_avium,4555,4564,9
Mycobacterium_avium,4567,4573,6
Mycobacterium_avium,4581,4584,3
Mycobacterium_avium,5163,5169,6
Mycobacterium_avium,5170,5179,9
Mycobacterium_avium,5181,5190,9
Mycobacterium_avium,5197,5199,2
Mycobacterium_avium,5201,5204,3
Mycobacterium_avium,5206,5214,8
Mycobacterium_avium,5218,5230,12
Mycobacterium_avium,5231,5241,10
Mycobacterium_avium,5247,5253,6
Mycobacterium_avium,5401,5402,1
Mycobacterium_avium,6015,6016,1
Mycobacterium_avium,6428,6464,36
Mycobacterium_avium,6470,6494,24
Mycobacterium_avium,7178,7254,76
Mycobacterium_avium,7260,7268,8
Mycobacterium_avium,7760,7763,3
Mycobacterium_avium,8452,8500,48
Mycobacterium_avium,8577,8578,1
Mycobacterium_avium,8584,8599,15
Mycobacterium_avium,8601,8603,2
Mycobacterium_avium,8609,8610,1
Mycobacterium_avium,8661,8662,1
Mycobacterium_avium,8703,8704,1
Mycobacterium_avium,8720,8721,1
Mycobacterium_avium,8733,8735,2
Mycobacterium_avium,8739,8742,3
Mycobacterium_avium,8930,8931,1
Mycobacterium_avium,8980,8982,2
Mycobacterium_avium,8996,8998,2
Mycobacterium_avium,9120,9121,1
Mycobacterium_avium,9370,9372,2
Mycobacterium_avium,9546,9547,1
Mycobacterium_avium,9812,9813,1
Mycobacterium_avium,9984,9986,2
Mycobacterium_avium,10076,10078,2
Mycobacterium_avium,10157,10158,1
Mycobacterium_avium,10261,10262,1
Mycobacterium_avium,10310,10312,2
Mycobacterium_avium,10313,10315,2
Mycobacterium_avium,10325,10326,1
Mycobacterium_avium,10352,10353,1
Mycobacterium_avium,10370,10371,1
Mycobacterium_avium,10434,10435,1
Mycobacterium_avium,10448,10449,1
Mycobacterium_avium,10476,10477,1
Mycobacterium_avium,10491,10492,1
Mycobacterium_avium,10526,10527,1
Mycobacterium_avium,10546,10649,103
Mycobacterium_avium,10828,10830,2
Mycobacterium_avium,10832,10846,14
Mycobacterium_avium,10864,10865,1
Mycobacterium_avium,10914,10915,1
Mycobacterium_avium,10965,10977,12
Mycobacterium_avium,11085,11086,1
Mycobacterium_avium,11143,11144,1
Mycobacterium_avium,11243,11244,1
Mycobacterium_avium,11260,11261,1
Mycobacterium_avium,11262,11263,1
Mycobacterium_avium,11265,11267,2
Mycobacterium_avium,11286,11287,1
Mycobacterium_avium,11312,11313,1
Mycobacterium_avium,11473,11474,1
Mycobacterium_avium,11505,11511,6
Mycobacterium_avium,11513,11514,1
Mycobacterium_avium,11520,11521,1
Mycobacterium_avium,11523,11533,10
Mycobacterium_avium,11566,11567,1
Mycobacterium_avium,11590,11591,1
Mycobacterium_avium,11782,11783,1
Mycobacterium_avium,11823,11824,1
Mycobacterium_avium,11826,11827,1
Mycobacterium_avium,11831,11836,5
Mycobacterium_avium,11848,11850,2
Mycobacterium_avium,11851,11852,1
Mycobacterium_avium,11859,11860,1
Mycobacterium_avium,11864,11866,2
Mycobacterium_avium,11877,11878,1
Mycobacterium_avium,11993,11994,1
Mycobacterium_avium,12029,12030,1
Mycobacterium_avium,12068,12069,1
Mycobacterium_avium,12207,12208,1
Mycobacterium_avium,12211,12212,1
Mycobacterium_avium,12213,12214,1
Mycobacterium_avium,12218,12222,4
Mycobacterium_avium,12225,12227,2
Mycobacterium_avium,12237,12238,1
Mycobacterium_avium,12360,12369,9
Mycobacterium_avium,12371,12372,1
Mycobacterium_avium,12374,12380,6
Mycobacterium_avium,12384,12390,6
Mycobacterium_avium,12391,12400,9
Mycobacterium_avium,12454,12455,1
Mycobacterium_avium,12738,12740,2
Mycobacterium_avium,12798,12925,127
Mycobacterium_avium,13451,13452,1
Mycobacterium_avium,13453,13454,1
Mycobacterium_avium,13508,13509,1
Mycobacteroides_abscessus,1,10,9
Mycobacteroides_abscessus,24,39,15
Mycobacteroides_abscessus,43,46,3
Mycobacteroides_abscessus,53,115,62
Mycobacteroides_abscessus,117,132,15
Mycobacteroides_abscessus,133,136,3
Mycobacteroides_abscessus,346,349,3
Mycobacteroides_abscessus,1542,1691,149
Mycobacteroides_abscessus,3320,3326,6
Mycobacteroides_abscessus,3333,3361,28
Mycobacteroides_abscessus,3364,3365,1
Mycobacteroides_abscessus,3372,3374,2
Mycobacteroides_abscessus,3411,3480,69
Mycobacteroides_abscessus,3485,3491,6
Mycobacteroides_abscessus,3642,3645,3
Mycobacteroides_abscessus,3650,3653,3
Mycobacteroides_abscessus,3655,3667,12
Mycobacteroides_abscessus,3782,3788,6
Mycobacteroides_abscessus,4400,4406,6
Mycobacteroides_abscessus,4407,4413,6
Mycobacteroides_abscessus,4424,4425,1
Mycobacteroides_abscessus,4433,4445,12
Mycobacteroides_abscessus,4452,4455,3
Mycobacteroides_abscessus,4456,4462,6
Mycobacteroides_abscessus,4468,4486,18
Mycobacteroides_abscessus,4540,4552,12
Mycobacteroides_abscessus,4555,4564,9
Mycobacteroides_abscessus,4567,4573,6
Mycobacteroides_abscessus,4582,4585,3
Mycobacteroides_abscessus,5163,5169,6
Mycobacteroides_abscessus,5170,5179,9
Mycobacteroides_abscessus,5181,5190,9
Mycobacteroides_abscessus,5197,5199,2
Mycobacteroides_abscessus,5201,5204,3
Mycobacteroides_abscessus,5206,5214,8
Mycobacteroides_abscessus,5218,5230,12
Mycobacteroides_abscessus,5231,5241,10
Mycobacteroides_abscessus,5247,5253,6
Mycobacteroides_abscessus,5401,5402,1
Mycobacteroides_abscessus,6015,6016,1
Mycobacteroides_abscessus,6431,6467,36
Mycobacteroides_abscessus,6470,6494,24
Mycobacteroides_abscessus,7178,7254,76
Mycobacteroides_abscessus,7260,7268,8
Mycobacteroides_abscessus,8452,8500,48
Mycobacteroides_abscessus,8577,8578,1
Mycobacteroides_abscessus,8584,8603,19
Mycobacteroides_abscessus,8609,8610,1
Mycobacteroides_abscessus,8661,8662,1
Mycobacteroides_abscessus,8703,8704,1
Mycobacteroides_abscessus,8720,8721,1
Mycobacteroides_abscessus,8733,8735,2
Mycobacteroides_abscessus,8739,8742,3
Mycobacteroides_abscessus,8930,8931,1
Mycobacteroides_abscessus,8981,8997,16
Mycobacteroides_abscessus,9120,9121,1
Mycobacteroides_abscessus,9370,9372,2
Mycobacteroides_abscessus,9546,9547,1
Mycobacteroides_abscessus,9812,9814,2
Mycobacteroides_abscessus,9982,9986,4
Mycobacteroides_abscessus,10076,10077,1
Mycobacteroides_abscessus,10157,10158,1
Mycobacteroides_abscessus,10261,10262,1
Mycobacteroides_abscessus,10310,10312,2
Mycobacteroides_abscessus,10313,10315,2
Mycobacteroides_abscessus,10325,10326,1
Mycobacteroides_abscessus,10370,10371,1
Mycobacteroides_abscessus,10434,10435,1
Mycobacteroides_abscessus,10448,10449,1
Mycobacteroides_abscessus,10476,10477,1
Mycobacteroides_abscessus,10491,10492,1
Mycobacteroides_abscessus,10526,10527,1
Mycobacteroides_abscessus,10546,10649,103
Mycobacteroides_abscessus,10828,10839,11
Mycobacteroides_abscessus,10841,10846,5
Mycobacteroides_abscessus,10864,10865,1
Mycobacteroides_abscessus,10914,10915,1
Mycobacteroides_abscessus,10955,10974,19
Mycobacteroides_abscessus,10975,10980,5
Mycobacteroides_abscessus,11085,11086,1
Mycobacteroides_abscessus,11143,11144,1
Mycobacteroides_abscessus,11243,11244,1
Mycobacteroides_abscessus,11260,11261,1
Mycobacteroides_abscessus,11265,11267,2
Mycobacteroides_abscessus,11286,11287,1
Mycobacteroides_abscessus,11312,11313,1
Mycobacteroides_abscessus,11473,11474,1
Mycobacteroides_abscessus,11520,11521,1
Mycobacteroides_abscessus,11532,11533,1
Mycobacteroides_abscessus,11566,11567,1
Mycobacteroides_abscessus,11635,11636,1
Mycobacteroides_abscessus,11782,11783,1
Mycobacteroides_abscessus,11823,11824,1
Mycobacteroides_abscessus,11826,11827,1
Mycobacteroides_abscessus,11831,11836,5
Mycobacteroides_abscessus,11847,11852,5
Mycobacteroides_abscessus,11859,11860,1
Mycobacteroides_abscessus,11864,11866,2
Mycobacteroides_abscessus,11877,11878,1
Mycobacteroides_abscessus,11992,11994,2
Mycobacteroides_abscessus,12029,12030,1
Mycobacteroides_abscessus,12068,12069,1
Mycobacteroides_abscessus,12194,12195,1
Mycobacteroides_abscessus,12211,12214,3
Mycobacteroides_abscessus,12220,12221,1
Mycobacteroides_abscessus,12222,12227,5
Mycobacteroides_abscessus,12237,12238,1
Mycobacteroides_abscessus,12360,12369,9
Mycobacteroides_abscessus,12371,12372,1
Mycobacteroides_abscessus,12374,12388,14
Mycobacteroides_abscessus,12391,12400,9
Mycobacteroides_abscessus,12454,12455,1
Mycobacteroides_abscessus,12739,12740,1
Mycobacteroides_abscessus,12798,12925,127
Mycobacteroides_abscessus,13451,13452,1
Mycobacteroides_abscessus,13453,13454,1
Mycobacteroides_abscessus,13508,13509,1
Mycolicibacterium_fortuitum,1,10,9
Mycolicibacterium_fortuitum,21,39,18
Mycolicibacterium_fortuitum,43,46,3
Mycolicibacterium_fortuitum,48,110,62
Mycolicibacterium_fortuitum,117,132,15
Mycolicibacterium_fortuitum,133,136,3
Mycolicibacterium_fortuitum,346,349,3
Mycolicibacterium_fortuitum,1542,1691,149
Mycolicibacterium_fortuitum,3269,3272,3
Mycolicibacterium_fortuitum,3317,3361,44
Mycolicibacterium_fortuitum,3364,3365,1
Mycolicibacterium_fortuitum,3373,3374,1
Mycolicibacterium_fortuitum,3409,3421,12
Mycolicibacterium_fortuitum,3424,3478,54
Mycolicibacterium_fortuitum,3485,3491,6
Mycolicibacterium_fortuitum,3642,3645,3
Mycolicibacterium_fortuitum,3650,3653,3
Mycolicibacterium_fortuitum,3655,3667,12
Mycolicibacterium_fortuitum,3782,3788,6
Mycolicibacterium_fortuitum,4400,4406,6
Mycolicibacterium_fortuitum,4407,4413,6
Mycolicibacterium_fortuitum,4417,4426,9
Mycolicibacterium_fortuitum,4432,4445,13
Mycolicibacterium_fortuitum,4452,4455,3
Mycolicibacterium_fortuitum,4456,4462,6
Mycolicibacterium_fortuitum,4468,4474,6
Mycolicibacterium_fortuitum,4475,4481,6
Mycolicibacterium_fortuitum,4483,4486,3
Mycolicibacterium_fortuitum,4540,4552,12
Mycolicibacterium_fortuitum,4555,4564,9
Mycolicibacterium_fortuitum,4567,4573,6
Mycolicibacterium_fortuitum,4582,4585,3
Mycolicibacterium_fortuitum,5163,5169,6
Mycolicibacterium_fortuitum,5170,5179,9
Mycolicibacterium_fortuitum,5181,5190,9
Mycolicibacterium_fortuitum,5197,5199,2
Mycolicibacterium_fortuitum,5201,5204,3
Mycolicibacterium_fortuitum,5206,5214,8
Mycolicibacterium_fortuitum,5218,5230,12
Mycolicibacterium_fortuitum,5231,5241,10
Mycolicibacterium_fortuitum,5247,5253,6
Mycolicibacterium_fortuitum,5401,5402,1
Mycolicibacterium_fortuitum,6015,6016,1
Mycolicibacterium_fortuitum,6431,6452,21
Mycolicibacterium_fortuitum,6456,6462,6
Mycolicibacterium_fortuitum,6470,6494,24
Mycolicibacterium_fortuitum,7178,7254,76
Mycolicibacterium_fortuitum,7260,7268,8
Mycolicibacterium_fortuitum,7760,7763,3
Mycolicibacterium_fortuitum,8452,8500,48
Mycolicibacterium_fortuitum,8577,8578,1
Mycolicibacterium_fortuitum,8584,8599,15
Mycolicibacterium_fortuitum,8600,8604,4
Mycolicibacterium_fortuitum,8609,8610,1
Mycolicibacterium_fortuitum,8661,8662,1
Mycolicibacterium_fortuitum,8703,8704,1
Mycolicibacterium_fortuitum,8720,8721,1
Mycolicibacterium_fortuitum,8733,8735,2
Mycolicibacterium_fortuitum,8739,8742,3
Mycolicibacterium_fortuitum,8930,8931,1
Mycolicibacterium_fortuitum,8980,8982,2
Mycolicibacterium_fortuitum,8984,8998,14
Mycolicibacterium_fortuitum,9120,9121,1
Mycolicibacterium_fortuitum,9370,9372,2
Mycolicibacterium_fortuitum,9546,9547,1
Mycolicibacterium_fortuitum,9812,9813,1
Mycolicibacterium_fortuitum,9982,9984,2
Mycolicibacterium_fortuitum,9985,9986,1
Mycolicibacterium_fortuitum,10076,10078,2
Mycolicibacterium_fortuitum,10157,10158,1
Mycolicibacterium_fortuitum,10261,10262,1
Mycolicibacterium_fortuitum,10310,10312,2
Mycolicibacterium_fortuitum,10313,10314,1
Mycolicibacterium_fortuitum,10325,10326,1
Mycolicibacterium_fortuitum,10370,10371,1
Mycolicibacterium_fortuitum,10416,10417,1
Mycolicibacterium_fortuitum,10434,10435,1
Mycolicibacterium_fortuitum,10448,10449,1
Mycolicibacterium_fortuitum,10476,10477,1
Mycolicibacterium_fortuitum,10491,10492,1
Mycolicibacterium_fortuitum,10526,10527,1
Mycolicibacterium_fortuitum,10547,10649,102
Mycolicibacterium_fortuitum,10829,10830,1
Mycolicibacterium_fortuitum,10835,10843,8
Mycolicibacterium_fortuitum,10864,10865,1
Mycolicibacterium_fortuitum,10914,10915,1
Mycolicibacterium_fortuitum,10965,10966,1
Mycolicibacterium_fortuitum,10971,10975,4
Mycolicibacterium_fortuitum,11085,11086,1
Mycolicibacterium_fortuitum,11143,11144,1
Mycolicibacterium_fortuitum,11243,11244,1
Mycolicibacterium_fortuitum,11260,11261,1
Mycolicibacterium_fortuitum,11286,11287,1
Mycolicibacterium_fortuitum,11312,11313,1
Mycolicibacterium_fortuitum,11473,11474,1
Mycolicibacterium_fortuitum,11505,11512,7
Mycolicibacterium_fortuitum,11513,11514,1
Mycolicibacterium_fortuitum,11516,11517,1
Mycolicibacterium_fortuitum,11520,11521,1
Mycolicibacterium_fortuitum,11524,11541,17
Mycolicibacterium_fortuitum,11566,11567,1
Mycolicibacterium_fortuitum,11782,11783,1
Mycolicibacterium_fortuitum,11823,11824,1
Mycolicibacterium_fortuitum,11826,11827,1
Mycolicibacterium_fortuitum,11831,11836,5
Mycolicibacterium_fortuitum,11846,11850,4
Mycolicibacterium_fortuitum,11851,11852,1
Mycolicibacterium_fortuitum,11859,11860,1
Mycolicibacterium_fortuitum,11864,11865,1
Mycolicibacterium_fortuitum,11877,11878,1
Mycolicibacterium_fortuitum,11993,11994,1
Mycolicibacterium_fortuitum,12029,12030,1
Mycolicibacterium_fortuitum,12068,12069,1
Mycolicibacterium_fortuitum,12207,12208,1
Mycolicibacterium_fortuitum,12211,12212,1
Mycolicibacterium_fortuitum,12213,12214,1
Mycolicibacterium_fortuitum,12218,12222,4
Mycolicibacterium_fortuitum,12226,12227,1
Mycolicibacterium_fortuitum,12237,12238,1
Mycolicibacterium_fortuitum,12360,12372,12
Mycolicibacterium_fortuitum,12374,12375,1
Mycolicibacterium_fortuitum,12378,12381,3
Mycolicibacterium_fortuitum,12384,12390,6
Mycolicibacterium_fortuitum,12391,12400,9
Mycolicibacterium_fortuitum,12454,12455,1
Mycolicibacterium_fortuitum,12739,12740,1
Mycolicibacterium_fortuitum,12798,12925,127
Mycolicibacterium_fortuitum,13451,13452,1
Mycolicibacterium_fortuitum,13453,13454,1
Mycolicibacterium_fortuitum,13508,13509,1
Mycobacterium_ulcerans,1,10,9
Mycobacterium_ulcerans,21,39,18
Mycobacterium_ulcerans,43,46,3
Mycobacterium_ulcerans,53,71,18
Mycobacterium_ulcerans,87,107,20
Mycobacterium_ulcerans,117,132,15
Mycobacterium_ulcerans,133,136,3
Mycobacterium_ulcerans,346,349,3
Mycobacterium_ulcerans,1542,1691,149
Mycobacterium_ulcerans,3317,3361,44
Mycobacterium_ulcerans,3364,3365,1
Mycobacterium_ulcerans,3373,3374,1
Mycobacterium_ulcerans,3414,3420,6
Mycobacterium_ulcerans,3424,3460,36
Mycobacterium_ulcerans,3473,3479,6
Mycobacterium_ulcerans,3485,3491,6
Mycobacterium_ulcerans,3642,3645,3
Mycobacterium_ulcerans,3650,3653,3
Mycobacterium_ulcerans,3655,3667,12
Mycobacterium_ulcerans,3782,3788,6
Mycobacterium_ulcerans,4400,4406,6
Mycobacterium_ulcerans,4407,4413,6
Mycobacterium_ulcerans,4417,4426,9
Mycobacterium_ulcerans,4432,4445,13
Mycobacterium_ulcerans,4452,4455,3
Mycobacterium_ulcerans,4456,4462,6
Mycobacterium_ulcerans,4468,4480,12
Mycobacterium_ulcerans,4483,4486,3
Mycobacterium_ulcerans,4540,4552,12
Mycobacterium_ulcerans,4555,4564,9
Mycobacterium_ulcerans,4567,4573,6
Mycobacterium_ulcerans,4581,4584,3
Mycobacterium_ulcerans,5163,5169,6
Mycobacterium_ulcerans,5170,5179,9
Mycobacterium_ulcerans,5181,5190,9
Mycobacterium_ulcerans,5197,5199,2
Mycobacterium_ulcerans,5201,5204,3
Mycobacterium_ulcerans,5206,5214,8
Mycobacterium_ulcerans,5218,5230,12
Mycobacterium_ulcerans,5231,5241,10
Mycobacterium_ulcerans,5247,5253,6
Mycobacterium_ulcerans,5401,5402,1
Mycobacterium_ulcerans,6015,6016,1
Mycobacterium_ulcerans,6431,6452,21
Mycobacterium_ulcerans,6456,6462,6
Mycobacterium_ulcerans,6470,6494,24
Mycobacterium_ulcerans,7178,7254,76
Mycobacterium_ulcerans,7260,7268,8
Mycobacterium_ulcerans,7760,7763,3
Mycobacterium_ulcerans,8452,8500,48
Mycobacterium_ulcerans,8577,8578,1
Mycobacterium_ulcerans,8584,8599,15
Mycobacterium_ulcerans,8601,8603,2
Mycobacterium_ulcerans,8609,8610,1
Mycobacterium_ulcerans,8661,8662,1
Mycobacterium_ulcerans,8703,8704,1
Mycobacterium_ulcerans,8720,8721,1
Mycobacterium_ulcerans,8733,8735,2
Mycobacterium_ulcerans,8739,8742,3
Mycobacterium_ulcerans,8930,8931,1
Mycobacterium_ulcerans,8980,8982,2
Mycobacterium_ulcerans,8996,8998,2
Mycobacterium_ulcerans,9120,9121,1
Mycobacterium_ulcerans,9370,9372,2
Mycobacterium_ulcerans,9546,9547,1
Mycobacterium_ulcerans,9812,9814,2
Mycobacterium_ulcerans,9983,9986,3
Mycobacterium_ulcerans,10076,10078,2
Mycobacterium_ulcerans,10157,10158,1
Mycobacterium_ulcerans,10261,10262,1
Mycobacterium_ulcerans,10310,10312,2
Mycobacterium_ulcerans,10313,10315,2
Mycobacterium_ulcerans,10325,10326,1
Mycobacterium_ulcerans,10370,10371,1
Mycobacterium_ulcerans,10434,10435,1
Mycobacterium_ulcerans,10448,10449,1
Mycobacterium_ulcerans,10476,10477,1
Mycobacterium_ulcerans,10491,10492,1
Mycobacterium_ulcerans,10526,10527,1
Mycobacterium_ulcerans,10546,10649,103
Mycobacterium_ulcerans,10828,10830,2
Mycobacterium_ulcerans,10832,10846,14
Mycobacterium_ulcerans,10864,10865,1
Mycobacterium_ulcerans,10914,10915,1
Mycobacterium_ulcerans,10958,10967,9
Mycobacterium_ulcerans,10971,10972,1
Mycobacterium_ulcerans,10976,10977,1
Mycobacterium_ulcerans,11085,11086,1
Mycobacterium_ulcerans,11143,11144,1
Mycobacterium_ulcerans,11243,11244,1
Mycobacterium_ulcerans,11260,11261,1
Mycobacterium_ulcerans,11262,11263,1
Mycobacterium_ulcerans,11265,11267,2
Mycobacterium_ulcerans,11286,11287,1
Mycobacterium_ulcerans,11312,11313,1
Mycobacterium_ulcerans,11473,11474,1
Mycobacterium_ulcerans,11505,11534,29
Mycobacterium_ulcerans,11566,11567,1
Mycobacterium_ulcerans,11590,11591,1
Mycobacterium_ulcerans,11782,11783,1
Mycobacterium_ulcerans,11823,11824,1
Mycobacterium_ulcerans,11826,11827,1
Mycobacterium_ulcerans,11831,11836,5
Mycobacterium_ulcerans,11848,11850,2
Mycobacterium_ulcerans,11851,11852,1
Mycobacterium_ulcerans,11859,11860,1
Mycobacterium_ulcerans,11864,11866,2
Mycobacterium_ulcerans,11877,11878,1
Mycobacterium_ulcerans,11993,11994,1
Mycobacterium_ulcerans,12029,12030,1
Mycobacterium_ulcerans,12068,12069,1
Mycobacterium_ulcerans,12207,12208,1
Mycobacterium_ulcerans,12211,12212,1
Mycobacterium_ulcerans,12213,12214,1
Mycobacterium_ulcerans,12218,12222,4
Mycobacterium_ulcerans,12225,12227,2
Mycobacterium_ulcerans,12237,12238,1
Mycobacterium_ulcerans,12360,12369,9
Mycobacterium_ulcerans,12371,12372,1
Mycobacterium_ulcerans,12374,12380,6
Mycobacterium_ulcerans,12384,12390,6
Mycobacterium_ulcerans,12391,12400,9
Mycobacterium_ulcerans,12454,12455,1
Mycobacterium_ulcerans,12739,12740,1
Mycobacterium_ulcerans,12798,12925,127
Mycobacterium_ulcerans,13451,13452,1
Mycobacterium_ulcerans,13453,13454,1
Mycobacterium_ulcerans,13508,13509,1
Mycolicibacterium_smegmatis,1,10,9
Mycolicibacterium_smegmatis,21,39,18
Mycolicibacterium_smegmatis,43,46,3
Mycolicibacterium_smegmatis,48,110,62
Mycolicibacterium_smegmatis,117,132,15
Mycolicibacterium_smegmatis,133,136,3
Mycolicibacterium_smegmatis,346,349,3
Mycolicibacterium_smegmatis,1542,1691,149
Mycolicibacterium_smegmatis,3317,3361,44
Mycolicibacterium_smegmatis,3364,3365,1
Mycolicibacterium_smegmatis,3373,3374,1
Mycolicibacterium_smegmatis,3409,3478,69
Mycolicibacterium_smegmatis,3485,3491,6
Mycolicibacterium_smegmatis,3642,3645,3
Mycolicibacterium_smegmatis,3650,3653,3
Mycolicibacterium_smegmatis,3655,3667,12
Mycolicibacterium_smegmatis,3782,3788,6
Mycolicibacterium_smegmatis,4400,4406,6
Mycolicibacterium_smegmatis,4407,4413,6
Mycolicibacterium_smegmatis,4417,4426,9
Mycolicibacterium_smegmatis,4432,4445,13
Mycolicibacterium_smegmatis,4452,4455,3
Mycolicibacterium_smegmatis,4456,4462,6
Mycolicibacterium_smegmatis,4468,4474,6
Mycolicibacterium_smegmatis,4475,4481,6
Mycolicibacterium_smegmatis,4483,4486,3
Mycolicibacterium_smegmatis,4540,4552,12
Mycolicibacterium_smegmatis,4555,4564,9
Mycolicibacterium_smegmatis,4567,4573,6
Mycolicibacterium_smegmatis,4582,4585,3
Mycolicibacterium_smegmatis,5163,5169,6
Mycolicibacterium_smegmatis,5170,5179,9
Mycolicibacterium_smegmatis,5181,5190,9
Mycolicibacterium_smegmatis,5197,5199,2
Mycolicibacterium_smegmatis,5201,5204,3
Mycolicibacterium_smegmatis,5206,5214,8
Mycolicibacterium_smegmatis,5218,5230,12
Mycolicibacterium_smegmatis,5231,5241,10
Mycolicibacterium_smegmatis,5247,5253,6
Mycolicibacterium_smegmatis,5401,5402,1
Mycolicibacterium_smegmatis,6015,6016,1
Mycolicibacterium_smegmatis,6431,6452,21
Mycolicibacterium_smegmatis,6456,6462,6
Mycolicibacterium_smegmatis,6470,6494,24
Mycolicibacterium_smegmatis,7178,7254,76
Mycolicibacterium_smegmatis,7260,7268,8
Mycolicibacterium_smegmatis,7760,7763,3
Mycolicibacterium_smegmatis,8452,8500,48
Mycolicibacterium_smegmatis,8577,8578,1
Mycolicibacterium_smegmatis,8584,8599,15
Mycolicibacterium_smegmatis,8601,8603,2
Mycolicibacterium_smegmatis,8609,8610,1
Mycolicibacterium_smegmatis,8661,8662,1
Mycolicibacterium_smegmatis,8733,8735,2
Mycolicibacterium_smegmatis,8739,8742,3
Mycolicibacterium_smegmatis,8930,8931,1
Mycolicibacterium_smegmatis,8980,8982,2
Mycolicibacterium_smegmatis,8984,8998,14
Mycolicibacterium_smegmatis,9120,9121,1
Mycolicibacterium_smegmatis,9370,9372,2
Mycolicibacterium_smegmatis,9546,9547,1
Mycolicibacterium_smegmatis,9812,9813,1
Mycolicibacterium_smegmatis,9983,9986,3
Mycolicibacterium_smegmatis,10076,10078,2
Mycolicibacterium_smegmatis,10157,10158,1
Mycolicibacterium_smegmatis,10261,10262,1
Mycolicibacterium_smegmatis,10310,10312,2
Mycolicibacterium_smegmatis,10313,10314,1
Mycolicibacterium_smegmatis,10325,10326,1
Mycolicibacterium_smegmatis,10370,10371,1
Mycolicibacterium_smegmatis,10416,10417,1
Mycolicibacterium_smegmatis,10434,10435,1
Mycolicibacterium_smegmatis,10448,10449,1
Mycolicibacterium_smegmatis,10476,10477,1
Mycolicibacterium_smegmatis,10491,10492,1
Mycolicibacterium_smegmatis,10526,10527,1
Mycolicibacterium_smegmatis,10546,10649,103
Mycolicibacterium_smegmatis,10828,10830,2
Mycolicibacterium_smegmatis,10835,10843,8
Mycolicibacterium_smegmatis,10864,10865,1
Mycolicibacterium_smegmatis,10914,10915,1
Mycolicibacterium_smegmatis,10965,10966,1
Mycolicibacterium_smegmatis,10971,10975,4
Mycolicibacterium_smegmatis,11085,11086,1
Mycolicibacterium_smegmatis,11143,11144,1
Mycolicibacterium_smegmatis,11243,11244,1
Mycolicibacterium_smegmatis,11260,11261,1
Mycolicibacterium_smegmatis,11286,11287,1
Mycolicibacterium_smegmatis,11312,11313,1
Mycolicibacterium_smegmatis,11473,11474,1
Mycolicibacterium_smegmatis,11505,11512,7
Mycolicibacterium_smegmatis,11513,11514,1
Mycolicibacterium_smegmatis,11520,11521,1
Mycolicibacterium_smegmatis,11524,11540,16
Mycolicibacterium_smegmatis,11566,11567,1
Mycolicibacterium_smegmatis,11782,11783,1
Mycolicibacterium_smegmatis,11823,11824,1
Mycolicibacterium_smegmatis,11826,11827,1
Mycolicibacterium_smegmatis,11831,11836,5
Mycolicibacterium_smegmatis,11846,11850,4
Mycolicibacterium_smegmatis,11851,11852,1
Mycolicibacterium_smegmatis,11859,11860,1
Mycolicibacterium_smegmatis,11864,11865,1
Mycolicibacterium_smegmatis,11877,11878,1
Mycolicibacterium_smegmatis,11993,11994,1
Mycolicibacterium_smegmatis,12029,12030,1
Mycolicibacterium_smegmatis,12068,12069,1
Mycolicibacterium_smegmatis,12207,12208,1
Mycolicibacterium_smegmatis,12211,12212,1
Mycolicibacterium_smegmatis,12213,12214,1
Mycolicibacterium_smegmatis,12218,12222,4
Mycolicibacterium_smegmatis,12226,12228,2
Mycolicibacterium_smegmatis,12237,12238,1
Mycolicibacterium_smegmatis,12360,12369,9
Mycolicibacterium_smegmatis,12374,12375,1
Mycolicibacterium_smegmatis,12378,12381,3
Mycolicibacterium_smegmatis,12384,12390,6
Mycolicibacterium_smegmatis,12391,12400,9
Mycolicibacterium_smegmatis,12454,12455,1
Mycolicibacterium_smegmatis,12739,12740,1
Mycolicibacterium_smegmatis,12798,12925,127
Mycolicibacterium_smegmatis,13451,13452,1
Mycolicibacterium_smegmatis,13453,13454,1
Mycolicibacterium_smegmatis,13508,13509,1
Mycolicibacterium_vanbaalenii,1,10,9
Mycolicibacterium_vanbaalenii,21,39,18
Mycolicibacterium_vanbaalenii,43,46,3
Mycolicibacterium_vanbaalenii,51,113,62
Mycolicibacterium_vanbaalenii,117,132,15
Mycolicibacterium_vanbaalenii,133,136,3
Mycolicibacterium_vanbaalenii,346,349,3
Mycolicibacterium_vanbaalenii,1542,1691,149
Mycolicibacterium_vanbaalenii,3317,3361,44
Mycolicibacterium_vanbaalenii,3364,3365,1
Mycolicibacterium_vanbaalenii,3373,3374,1
Mycolicibacterium_vanbaalenii,3407,3482,75
Mycolicibacterium_vanbaalenii,3485,3491,6
Mycolicibacterium_vanbaalenii,3642,3645,3
Mycolicibacterium_vanbaalenii,3650,3653,3
Mycolicibacterium_vanbaalenii,3655,3667,12
Mycolicibacterium_vanbaalenii,3782,3788,6
Mycolicibacterium_vanbaalenii,4400,4406,6
Mycolicibacterium_vanbaalenii,4407,4413,6
Mycolicibacterium_vanbaalenii,4417,4426,9
Mycolicibacterium_vanbaalenii,4432,4445,13
Mycolicibacterium_vanbaalenii,4452,4455,3
Mycolicibacterium_vanbaalenii,4456,4462,6
Mycolicibacterium_vanbaalenii,4468,4474,6
Mycolicibacterium_vanbaalenii,4475,4481,6
Mycolicibacterium_vanbaalenii,4483,4486,3
Mycolicibacterium_vanbaalenii,4540,4552,12
Mycolicibacterium_vanbaalenii,4555,4564,9
Mycolicibacterium_vanbaalenii,4567,4573,6
Mycolicibacterium_vanbaalenii,4582,4585,3
Mycolicibacterium_vanbaalenii,5163,5169,6
Mycolicibacterium_vanbaalenii,5170,5179,9
Mycolicibacterium_vanbaalenii,5181,5190,9
Mycolicibacterium_vanbaalenii,5197,5199,2
Mycolicibacterium_vanbaalenii,5201,5204,3
Mycolicibacterium_vanbaalenii,5206,5214,8
Mycolicibacterium_vanbaalenii,5218,5230,12
Mycolicibacterium_vanbaalenii,5231,5241,10
Mycolicibacterium_vanbaalenii,5247,5253,6
Mycolicibacterium_vanbaalenii,5401,5402,1
Mycolicibacterium_vanbaalenii,6015,6016,1
Mycolicibacterium_vanbaalenii,6431,6452,21
Mycolicibacterium_vanbaalenii,6456,6462,6
Mycolicibacterium_vanbaalenii,6470,6494,24
Mycolicibacterium_vanbaalenii,7178,7254,76
Mycolicibacterium_vanbaalenii,7260,7268,8
Mycolicibacterium_vanbaalenii,7760,7763,3
Mycolicibacterium_vanbaalenii,8452,8500,48
Mycolicibacterium_vanbaalenii,8577,8578,1
Mycolicibacterium_vanbaalenii,8584,8599,15
Mycolicibacterium_vanbaalenii,8600,8604,4
Mycolicibacterium_vanbaalenii,8609,8610,1
Mycolicibacterium_vanbaalenii,8661,8662,1
Mycolicibacterium_vanbaalenii,8733,8735,2
Mycolicibacterium_vanbaalenii,8739,8742,3
Mycolicibacterium_vanbaalenii,8930,8931,1
Mycolicibacterium_vanbaalenii,8980,8982,2
Mycolicibacterium_vanbaalenii,8984,8998,14
Mycolicibacterium_vanbaalenii,9120,9121,1
Mycolicibacterium_vanbaalenii,9370,9372,2
Mycolicibacterium_vanbaalenii,9546,9547,1
Mycolicibacterium_vanbaalenii,9812,9813,1
Mycolicibacterium_vanbaalenii,9985,9986,1
Mycolicibacterium_vanbaalenii,10076,10078,2
Mycolicibacterium_vanbaalenii,10157,10158,1
Mycolicibacterium_vanbaalenii,10261,10262,1
Mycolicibacterium_vanbaalenii,10310,10312,2
Mycolicibacterium_vanbaalenii,10313,10315,2
Mycolicibacterium_vanbaalenii,10325,10326,1
Mycolicibacterium_vanbaalenii,10370,10371,1
Mycolicibacterium_vanbaalenii,10416,10417,1
Mycolicibacterium_vanbaalenii,10434,10435,1
Mycolicibacterium_vanbaalenii,10448,10449,1
Mycolicibacterium_vanbaalenii,10461,10462,1
Mycolicibacterium_vanbaalenii,10476,10477,1
Mycolicibacterium_vanbaalenii,10491,10492,1
Mycolicibacterium_vanbaalenii,10526,10527,1
Mycolicibacterium_vanbaalenii,10547,10649,102
Mycolicibacterium_vanbaalenii,10828,10832,4
Mycolicibacterium_vanbaalenii,10835,10836,1
Mycolicibacterium_vanbaalenii,10837,10843,6
Mycolicibacterium_vanbaalenii,10864,10865,1
Mycolicibacterium_vanbaalenii,10914,10915,1
Mycolicibacterium_vanbaalenii,10965,10966,1
Mycolicibacterium_vanbaalenii,10971,10975,4
Mycolicibacterium_vanbaalenii,11085,11086,1
Mycolicibacterium_vanbaalenii,11143,11144,1
Mycolicibacterium_vanbaalenii,11243,11244,1
Mycolicibacterium_vanbaalenii,11260,11261,1
Mycolicibacterium_vanbaalenii,11265,11267,2
Mycolicibacterium_vanbaalenii,11286,11287,1
Mycolicibacterium_vanbaalenii,11312,11313,1
Mycolicibacterium_vanbaalenii,11473,11474,1
Mycolicibacterium_vanbaalenii,11505,11512,7
Mycolicibacterium_vanbaalenii,11513,11514,1
Mycolicibacterium_vanbaalenii,11520,11521,1
Mycolicibacterium_vanbaalenii,11523,11538,15
Mycolicibacterium_vanbaalenii,11566,11567,1
Mycolicibacterium_vanbaalenii,11782,11783,1
Mycolicibacterium_vanbaalenii,11823,11824,1
Mycolicibacterium_vanbaalenii,11826,11827,1
Mycolicibacterium_vanbaalenii,11831,11836,5
Mycolicibacterium_vanbaalenii,11846,11850,4
Mycolicibacterium_vanbaalenii,11851,11852,1
Mycolicibacterium_vanbaalenii,11859,11860,1
Mycolicibacterium_vanbaalenii,11864,11866,2
Mycolicibacterium_vanbaalenii,11877,11878,1
Mycolicibacterium_vanbaalenii,11993,11994,1
Mycolicibacterium_vanbaalenii,12029,12030,1
Mycolicibacterium_vanbaalenii,12068,12069,1
Mycolicibacterium_vanbaalenii,12207,12208,1
Mycolicibacterium_vanbaalenii,12211,12212,1
Mycolicibacterium_vanbaalenii,12213,12214,1
Mycolicibacterium_vanbaalenii,12218,12222,4
Mycolicibacterium_vanbaalenii,12226,12227,1
Mycolicibacterium_vanbaalenii,12237,12238,1
Mycolicibacterium_vanbaalenii,12360,12369,9
Mycolicibacterium_vanbaalenii,12371,12372,1
Mycolicibacterium_vanbaalenii,12374,12375,1
Mycolicibacterium_vanbaalenii,12377,12382,5
Mycolicibacterium_vanbaalenii,12384,12390,6
Mycolicibacterium_vanbaalenii,12391,12400,9
Mycolicibacterium_vanbaalenii,12454,12455,1
Mycolicibacterium_vanbaalenii,12739,12740,1
Mycolicibacterium_vanbaalenii,12798,12925,127
Mycolicibacterium_vanbaalenii,13451,13452,1
Mycolicibacterium_vanbaalenii,13453,13454,1
Mycolicibacterium_vanbaalenii,13508,13509,1
Mycobacterium_marinum,1,10,9
Mycobacterium_marinum,21,39,18
Mycobacterium_marinum,43,46,3
Mycobacterium_marinum,53,71,18
Mycobacterium_marinum,87,107,20
Mycobacterium_marinum,117,132,15
Mycobacterium_marinum,133,136,3
Mycobacterium_marinum,346,349,3
Mycobacterium_marinum,1542,1691,149
Mycobacterium_marinum,3317,3361,44
Mycobacterium_marinum,3364,3365,1
Mycobacterium_marinum,3373,3374,1
Mycobacterium_marinum,3414,3420,6
Mycobacterium_marinum,3424,3460,36
Mycobacterium_marinum,3473,3479,6
Mycobacterium_marinum,3485,3491,6
Mycobacterium_marinum,3642,3645,3
Mycobacterium_marinum,3650,3653,3
Mycobacterium_marinum,3655,3667,12
Mycobacterium_marinum,3782,3788,6
Mycobacterium_marinum,4400,4406,6
Mycobacterium_marinum,4407,4413,6
Mycobacterium_marinum,4417,4426,9
Mycobacterium_marinum,4432,4445,13
Mycobacterium_marinum,4452,4455,3
Mycobacterium_marinum,4456,4462,6
Mycobacterium_marinum,4468,4480,12
Mycobacterium_marinum,4483,4486,3
Mycobacterium_marinum,4540,4552,12
Mycobacterium_marinum,4555,4564,9
Mycobacterium_marinum,4567,4573,6
Mycobacterium_marinum,4581,4584,3
Mycobacterium_marinum,5163,5169,6
Mycobacterium_marinum,5170,5179,9
Mycobacterium_marinum,5181,5190,9
Mycobacterium_marinum,5197,5199,2
Mycobacterium_marinum,5201,5204,3
Mycobacterium_marinum,5206,5214,8
Mycobacterium_marinum,5218,5230,12
Mycobacterium_marinum,5231,5241,10
Mycobacterium_marinum,5247,5253,6
Mycobacterium_marinum,5401,5402,1
Mycobacterium_marinum,6015,6016,1
Mycobacterium_marinum,6431,6452,21
Mycobacterium_marinum,6456,6462,6
Mycobacterium_marinum,6470,6494,24
Mycobacterium_marinum,7178,7254,76
Mycobacterium_marinum,7260,7268,8
Mycobacterium_marinum,7760,7763,3
Mycobacterium_marinum,8452,8500,48
Mycobacterium_marinum,8577,8578,1
Mycobacterium_marinum,8584,8599,15
Mycobacterium_marinum,8601,8603,2
Mycobacterium_marinum,8609,8610,1
Mycobacterium_marinum,8661,8662,1
Mycobacterium_marinum,8703,8704,1
Mycobacterium_marinum,8720,8721,1
Mycobacterium_marinum,8733,8735,2
Mycobacterium_marinum,8739,8742,3
Mycobacterium_marinum,8930,8931,1
Mycobacterium_marinum,8980,8982,2
Mycobacterium_marinum,8996,8998,2
Mycobacterium_marinum,9120,9121,1
Mycobacterium_marinum,9370,9372,2
Mycobacterium_marinum,9546,9547,1
Mycobacterium_marinum,9812,9814,2
Mycobacterium_marinum,9983,9986,3
Mycobacterium_marinum,10076,10078,2
Mycobacterium_marinum,10157,10158,1
Mycobacterium_marinum,10261,10262,1
Mycobacterium_marinum,10310,10312,2
Mycobacterium_marinum,10313,10315,2
Mycobacterium_marinum,10325,10326,1
Mycobacterium_marinum,10370,10371,1
Mycobacterium_marinum,10434,10435,1
Mycobacterium_marinum,10448,10449,1
Mycobacterium_marinum,10476,10477,1
Mycobacterium_marinum,10491,10492,1
Mycobacterium_marinum,10526,10527,1
Mycobacterium_marinum,10546,10649,103
Mycobacterium_marinum,10828,10830,2
Mycobacterium_marinum,10832,10846,14
Mycobacterium_marinum,10864,10865,1
Mycobacterium_marinum,10914,10915,1
Mycobacterium_marinum,10958,10967,9
Mycobacterium_marinum,10971,10972,1
Mycobacterium_marinum,10976,10977,1
Mycobacterium_marinum,11085,11086,1
Mycobacterium_marinum,11143,11144,1
Mycobacterium_marinum,11243,11244,1
Mycobacterium_marinum,11260,11261,1
Mycobacterium_marinum,11262,11263,1
Mycobacterium_marinum,11265,11267,2
Mycobacterium_marinum,11286,11287,1
Mycobacterium_marinum,11312,11313,1
Mycobacterium_marinum,11473,11474,1
Mycobacterium_marinum,11505,11534,29
Mycobacterium_marinum,11566,11567,1
Mycobacterium_marinum,11590,11591,1
Mycobacterium_marinum,11782,11783,1
Mycobacterium_marinum,11823,11824,1
Mycobacterium_marinum,11826,11827,1
Mycobacterium_marinum,11831,11836,5
Mycobacterium_marinum,11848,11850,2
Mycobacterium_marinum,11851,11852,1
Mycobacterium_marinum,11859,11860,1
Mycobacterium_marinum,11864,11866,2
Mycobacterium_marinum,11877,11878,1
Mycobacterium_marinum,11993,11994,1
Mycobacterium_marinum,12029,12030,1
Mycobacterium_marinum,12068,12069,1
Mycobacterium_marinum,12207,12208,1
Mycobacterium_marinum,12211,12212,1
Mycobacterium_marinum,12213,12214,1
Mycobacterium_marinum,12218,12222,4
Mycobacterium_marinum,12225,12227,2
Mycobacterium_marinum,12237,12238,1
Mycobacterium_marinum,12360,12369,9
Mycobacterium_marinum,12371,12372,1
Mycobacterium_marinum,12374,12380,6
Mycobacterium_marinum,12384,12390,6
Mycobacterium_marinum,12391,12400,9
Mycobacterium_marinum,12454,12455,1
Mycobacterium_marinum,12739,12740,1
Mycobacterium_marinum,12798,12925,127
Mycobacterium_marinum,13451,13452,1
Mycobacterium_marinum,13453,13454,1
Mycobacterium_marinum,13508,13509,1
Mycobacterium_liflandii,1,10,9
Mycobacterium_liflandii,21,39,18
Mycobacterium_liflandii,43,46,3
Mycobacterium_liflandii,53,71,18
Mycobacterium_liflandii,87,107,20
Mycobacterium_liflandii,117,132,15
Mycobacterium_liflandii,133,136,3
Mycobacterium_liflandii,346,349,3
Mycobacterium_liflandii,1542,1691,149
Mycobacterium_liflandii,3317,3361,44
Mycobacterium_liflandii,3364,3365,1
Mycobacterium_liflandii,3373,3374,1
Mycobacterium_liflandii,3414,3420,6
Mycobacterium_liflandii,3424,3460,36
Mycobacterium_liflandii,3473,3479,6
Mycobacterium_liflandii,3485,3491,6
Mycobacterium_liflandii,3642,3645,3
Mycobacterium_liflandii,3650,3653,3
Mycobacterium_liflandii,3655,3667,12
Mycobacterium_liflandii,3782,3788,6
Mycobacterium_liflandii,4400,4406,6
Mycobacterium_liflandii,4407,4413,6
Mycobacterium_liflandii,4417,4426,9
Mycobacterium_liflandii,4432,4445,13
Mycobacterium_liflandii,4452,4455,3
Mycobacterium_liflandii,4456,4462,6
Mycobacterium_liflandii,4468,4480,12
Mycobacterium_liflandii,4483,4486,3
Mycobacterium_liflandii,4540,4552,12
Mycobacterium_liflandii,4555,4564,9
Mycobacterium_liflandii,4567,4573,6
Mycobacterium_liflandii,4581,4584,3
Mycobacterium_liflandii,5163,5169,6
Mycobacterium_liflandii,5170,5179,9
Mycobacterium_liflandii,5181,5190,9
Mycobacterium_liflandii,5197,5199,2
Mycobacterium_liflandii,5201,5204,3
Mycobacterium_liflandii,5206,5214,8
Mycobacterium_liflandii,5218,5230,12
Mycobacterium_liflandii,5231,5241,10
Mycobacterium_liflandii,5247,5253,6
Mycobacterium_liflandii,5401,5402,1
Mycobacterium_liflandii,6015,6016,1
Mycobacterium_liflandii,6431,6452,21
Mycobacterium_liflandii,6456,6462,6
Mycobacterium_liflandii,6470,6494,24
Mycobacterium_liflandii,7178,7254,76
Mycobacterium_liflandii,7260,7268,8
Mycobacterium_liflandii,7760,7763,3
Mycobacterium_liflandii,8452,8500,48
Mycobacterium_liflandii,8577,8578,1
Mycobacterium_liflandii,8584,8599,15
Mycobacterium_liflandii,8601,8603,2
Mycobacterium_liflandii,8609,8610,1
Mycobacterium_liflandii,8661,8662,1
Mycobacterium_liflandii,8703,8704,1
Mycobacterium_liflandii,8720,8721,1
Mycobacterium_liflandii,8733,8735,2
Mycobacterium_liflandii,8739,8742,3
Mycobacterium_liflandii,8930,8931,1
Mycobacterium_liflandii,8980,8982,2
Mycobacterium_liflandii,8996,8998,2
Mycobacterium_liflandii,9120,9121,1
Mycobacterium_liflandii,9370,9372,2
Mycobacterium_liflandii,9546,9547,1
Mycobacterium_liflandii,9812,9814,2
Mycobacterium_liflandii,9983,9986,3
Mycobacterium_liflandii,10076,10078,2
Mycobacterium_liflandii,10157,10158,1
Mycobacterium_liflandii,10261,10262,1
Mycobacterium_liflandii,10310,10312,2
Mycobacterium_liflandii,10313,10315,2
Mycobacterium_liflandii,10325,10326,1
Mycobacterium_liflandii,10370,10371,1
Mycobacterium_liflandii,10434,10435,1
Mycobacterium_liflandii,10448,10449,1
Mycobacterium_liflandii,10476,10477,1
Mycobacterium_liflandii,10491,10492,1
Mycobacterium_liflandii,10526,10527,1
Mycobacterium_liflandii,10546,10649,103
Mycobacterium_liflandii,10828,10830,2
Mycobacterium_liflandii,10832,10846,14
Mycobacterium_liflandii,10864,10865,1
Mycobacterium_liflandii,10914,10915,1
Mycobacterium_liflandii,10958,10967,9
Mycobacterium_liflandii,10971,10972,1
Mycobacterium_liflandii,10976,10977,1
Mycobacterium_liflandii,11085,11086,1
Mycobacterium_liflandii,11143,11144,1
Mycobacterium_liflandii,11243,11244,1
Mycobacterium_liflandii,11260,11261,1
Mycobacterium_liflandii,11262,11263,1
Mycobacterium_liflandii,11265,11267,2
Mycobacterium_liflandii,11286,11287,1
Mycobacterium_liflandii,11312,11313,1
Mycobacterium_liflandii,11473,11474,1
Mycobacterium_liflandii,11505,11534,29
Mycobacterium_liflandii,11566,11567,1
Mycobacterium_liflandii,11590,11591,1
Mycobacterium_liflandii,11782,11783,1
Mycobacterium_liflandii,11823,11824,1
Mycobacterium_liflandii,11826,11827,1
Mycobacterium_liflandii,11831,11836,5
Mycobacterium_liflandii,11848,11850,2
Mycobacterium_liflandii,11851,11852,1
Mycobacterium_liflandii,11859,11860,1
Mycobacterium_liflandii,11864,11866,2
Mycobacterium_liflandii,11877,11878,1
Mycobacterium_liflandii,11993,11994,1
Mycobacterium_liflandii,12029,12030,1
Mycobacterium_liflandii,12068,12069,1
Mycobacterium_liflandii,12207,12208,1
Mycobacterium_liflandii,12211,12212,1
Mycobacterium_liflandii,12213,12214,1
Mycobacterium_liflandii,12218,12222,4
Mycobacterium_liflandii,12225,12227,2
Mycobacterium_liflandii,12237,12238,1
Mycobacterium_liflandii,12360,12369,9
Mycobacterium_liflandii,12371,12372,1
Mycobacterium_liflandii,12374,12380,6
Mycobacterium_liflandii,12384,12390,6
Mycobacterium_liflandii,12391,12400,9
Mycobacterium_liflandii,12454,12455,1
Mycobacterium_liflandii,12739,12740,1
Mycobacterium_liflandii,12798,12925,127
Mycobacterium_liflandii,13451,13452,1
Mycobacterium_liflandii,13453,13454,1
Mycobacterium_liflandii,13508,13509,1
Mycobacterium_kansasii,1,10,9
Mycobacterium_kansasii,43,46,3
Mycobacterium_kansasii,53,71,18
Mycobacterium_kansasii,87,107,20
Mycobacterium_kansasii,117,132,15
Mycobacterium_kansasii,133,136,3
Mycobacterium_kansasii,346,349,3
Mycobacterium_kansasii,1542,1691,149
Mycobacterium_kansasii,3284,3287,3
Mycobacterium_kansasii,3317,3381,64
Mycobacterium_kansasii,3418,3420,2
Mycobacterium_kansasii,3424,3458,34
Mycobacterium_kansasii,3473,3479,6
Mycobacterium_kansasii,3485,3491,6
Mycobacterium_kansasii,3642,3645,3
Mycobacterium_kansasii,3650,3653,3
Mycobacterium_kansasii,3782,3788,6
Mycobacterium_kansasii,4400,4406,6
Mycobacterium_kansasii,4407,4413,6
Mycobacterium_kansasii,4417,4426,9
Mycobacterium_kansasii,4432,4445,13
Mycobacterium_kansasii,4452,4455,3
Mycobacterium_kansasii,4456,4462,6
Mycobacterium_kansasii,4468,4480,12
Mycobacterium_kansasii,4483,4486,3
Mycobacterium_kansasii,4540,4552,12
Mycobacterium_kansasii,4555,4564,9
Mycobacterium_kansasii,4567,4573,6
Mycobacterium_kansasii,4581,4584,3
Mycobacterium_kansasii,5163,5169,6
Mycobacterium_kansasii,5170,5179,9
Mycobacterium_kansasii,5181,5190,9
Mycobacterium_kansasii,5197,5199,2
Mycobacterium_kansasii,5201,5204,3
Mycobacterium_kansasii,5206,5214,8
Mycobacterium_kansasii,5218,5230,12
Mycobacterium_kansasii,5231,5241,10
Mycobacterium_kansasii,5247,5253,6
Mycobacterium_kansasii,5401,5402,1
Mycobacterium_kansasii,6015,6016,1
Mycobacterium_kansasii,6431,6467,36
Mycobacterium_kansasii,6470,6494,24
Mycobacterium_kansasii,7178,7254,76
Mycobacterium_kansasii,7260,7268,8
Mycobacterium_kansasii,7760,7763,3
Mycobacterium_kansasii,8452,8500,48
Mycobacterium_kansasii,8577,8578,1
Mycobacterium_kansasii,8584,8599,15
Mycobacterium_kansasii,8601,8603,2
Mycobacterium_kansasii,8609,8610,1
Mycobacterium_kansasii,8661,8662,1
Mycobacterium_kansasii,8703,8704,1
Mycobacterium_kansasii,8720,8721,1
Mycobacterium_kansasii,8733,8735,2
Mycobacterium_kansasii,8739,8742,3
Mycobacterium_kansasii,8930,8931,1
Mycobacterium_kansasii,8980,8982,2
Mycobacterium_kansasii,8996,8998,2
Mycobacterium_kansasii,9120,9121,1
Mycobacterium_kansasii,9370,9372,2
Mycobacterium_kansasii,9546,9547,1
Mycobacterium_kansasii,9812,9813,1
Mycobacterium_kansasii,9980,9981,1
Mycobacterium_kansasii,9983,9986,3
Mycobacterium_kansasii,10076,10078,2
Mycobacterium_kansasii,10157,10158,1
Mycobacterium_kansasii,10261,10262,1
Mycobacterium_kansasii,10310,10312,2
Mycobacterium_kansasii,10313,10315,2
Mycobacterium_kansasii,10325,10326,1
Mycobacterium_kansasii,10370,10371,1
Mycobacterium_kansasii,10434,10435,1
Mycobacterium_kansasii,10448,10449,1
Mycobacterium_kansasii,10476,10477,1
Mycobacterium_kansasii,10491,10492,1
Mycobacterium_kansasii,10526,10527,1
Mycobacterium_kansasii,10546,10649,103
Mycobacterium_kansasii,10828,10830,2
Mycobacterium_kansasii,10832,10846,14
Mycobacterium_kansasii,10864,10865,1
Mycobacterium_kansasii,10914,10915,1
Mycobacterium_kansasii,10958,10966,8
Mycobacterium_kansasii,10971,10972,1
Mycobacterium_kansasii,11085,11086,1
Mycobacterium_kansasii,11143,11144,1
Mycobacterium_kansasii,11243,11244,1
Mycobacterium_kansasii,11260,11261,1
Mycobacterium_kansasii,11262,11263,1
Mycobacterium_kansasii,11265,11267,2
Mycobacterium_kansasii,11286,11287,1
Mycobacterium_kansasii,11312,11313,1
Mycobacterium_kansasii,11473,11474,1
Mycobacterium_kansasii,11505,11534,29
Mycobacterium_kansasii,11566,11567,1
Mycobacterium_kansasii,11590,11591,1
Mycobacterium_kansasii,11782,11783,1
Mycobacterium_kansasii,11823,11824,1
Mycobacterium_kansasii,11826,11827,1
Mycobacterium_kansasii,11831,11836,5
Mycobacterium_kansasii,11848,11850,2
Mycobacterium_kansasii,11851,11852,1
Mycobacterium_kansasii,11859,11860,1
Mycobacterium_kansasii,11864,11866,2
Mycobacterium_kansasii,11877,11878,1
Mycobacterium_kansasii,11993,11994,1
Mycobacterium_kansasii,12029,12030,1
Mycobacterium_kansasii,12068,12069,1
Mycobacterium_kansasii,12207,12208,1
Mycobacterium_kansasii,12211,12212,1
Mycobacterium_kansasii,12213,12214,1
Mycobacterium_kansasii,12218,12222,4
Mycobacterium_kansasii,12225,12227,2
Mycobacterium_kansasii,12237,12238,1
Mycobacterium_kansasii,12360,12369,9
Mycobacterium_kansasii,12371,12372,1
Mycobacterium_kansasii,12374,12380,6
Mycobacterium_kansasii,12384,12390,6
Mycobacterium_kansasii,12391,12400,9
Mycobacterium_kansasii,12454,12455,1
Mycobacterium_kansasii,12739,12740,1
Mycobacterium_kansasii,12798,12925,127
Mycobacterium_kansasii,13451,13452,1
Mycobacterium_kansasii,13453,13454,1
Mycobacterium_kansasii,13508,13509,1
Mycolicibacterium_gilvum,1,10,9
Mycolicibacterium_gilvum,21,39,18
Mycolicibacterium_gilvum,43,46,3
Mycolicibacterium_gilvum,51,113,62
Mycolicibacterium_gilvum,117,132,15
Mycolicibacterium_gilvum,346,349,3
Mycolicibacterium_gilvum,1542,1691,149
Mycolicibacterium_gilvum,3317,3361,44
Mycolicibacterium_gilvum,3364,3365,1
Mycolicibacterium_gilvum,3373,3374,1
Mycolicibacterium_gilvum,3407,3482,75
Mycolicibacterium_gilvum,3485,3491,6
Mycolicibacterium_gilvum,3642,3645,3
Mycolicibacterium_gilvum,3650,3653,3
Mycolicibacterium_gilvum,3655,3667,12
Mycolicibacterium_gilvum,3782,3788,6
Mycolicibacterium_gilvum,4400,4406,6
Mycolicibacterium_gilvum,4407,4413,6
Mycolicibacterium_gilvum,4417,4426,9
Mycolicibacterium_gilvum,4432,4445,13
Mycolicibacterium_gilvum,4452,4455,3
Mycolicibacterium_gilvum,4456,4462,6
Mycolicibacterium_gilvum,4468,4474,6
Mycolicibacterium_gilvum,4475,4481,6
Mycolicibacterium_gilvum,4483,4486,3
Mycolicibacterium_gilvum,4540,4552,12
Mycolicibacterium_gilvum,4555,4564,9
Mycolicibacterium_gilvum,4567,4573,6
Mycolicibacterium_gilvum,4582,4585,3
Mycolicibacterium_gilvum,5163,5169,6
Mycolicibacterium_gilvum,5170,5179,9
Mycolicibacterium_gilvum,5181,5190,9
Mycolicibacterium_gilvum,5197,5199,2
Mycolicibacterium_gilvum,5201,5204,3
Mycolicibacterium_gilvum,5206,5214,8
Mycolicibacterium_gilvum,5218,5230,12
Mycolicibacterium_gilvum,5231,5241,10
Mycolicibacterium_gilvum,5247,5253,6
Mycolicibacterium_gilvum,5401,5402,1
Mycolicibacterium_gilvum,6015,6016,1
Mycolicibacterium_gilvum,6456,6462,6
Mycolicibacterium_gilvum,6470,6494,24
Mycolicibacterium_gilvum,7178,7254,76
Mycolicibacterium_gilvum,7260,7268,8
Mycolicibacterium_gilvum,7760,7763,3
Mycolicibacterium_gilvum,8452,8500,48
Mycolicibacterium_gilvum,8577,8578,1
Mycolicibacterium_gilvum,8584,8599,15
Mycolicibacterium_gilvum,8600,8604,4
Mycolicibacterium_gilvum,8609,8610,1
Mycolicibacterium_gilvum,8661,8662,1
Mycolicibacterium_gilvum,8703,8704,1
Mycolicibacterium_gilvum,8720,8721,1
Mycolicibacterium_gilvum,8733,8735,2
Mycolicibacterium_gilvum,8739,8742,3
Mycolicibacterium_gilvum,8930,8931,1
Mycolicibacterium_gilvum,8980,8982,2
Mycolicibacterium_gilvum,8984,8998,14
Mycolicibacterium_gilvum,9120,9121,1
Mycolicibacterium_gilvum,9370,9372,2
Mycolicibacterium_gilvum,9546,9547,1
Mycolicibacterium_gilvum,9812,9813,1
Mycolicibacterium_gilvum,9985,9986,1
Mycolicibacterium_gilvum,10076,10078,2
Mycolicibacterium_gilvum,10157,10158,1
Mycolicibacterium_gilvum,10261,10262,1
Mycolicibacterium_gilvum,10310,10312,2
Mycolicibacterium_gilvum,10313,10315,2
Mycolicibacterium_gilvum,10325,10326,1
Mycolicibacterium_gilvum,10370,10371,1
Mycolicibacterium_gilvum,10416,10417,1
Mycolicibacterium_gilvum,10434,10435,1
Mycolicibacterium_gilvum,10448,10449,1
Mycolicibacterium_gilvum,10461,10462,1
Mycolicibacterium_gilvum,10476,10477,1
Mycolicibacterium_gilvum,10491,10492,1
Mycolicibacterium_gilvum,10526,10527,1
Mycolicibacterium_gilvum,10546,10649,103
Mycolicibacterium_gilvum,10828,10832,4
Mycolicibacterium_gilvum,10835,10836,1
Mycolicibacterium_gilvum,10837,10843,6
Mycolicibacterium_gilvum,10864,10865,1
Mycolicibacterium_gilvum,10914,10915,1
Mycolicibacterium_gilvum,10965,10966,1
Mycolicibacterium_gilvum,10971,10975,4
Mycolicibacterium_gilvum,11085,11086,1
Mycolicibacterium_gilvum,11143,11144,1
Mycolicibacterium_gilvum,11243,11244,1
Mycolicibacterium_gilvum,11260,11261,1
Mycolicibacterium_gilvum,11265,11267,2
Mycolicibacterium_gilvum,11286,11287,1
Mycolicibacterium_gilvum,11312,11313,1
Mycolicibacterium_gilvum,11473,11474,1
Mycolicibacterium_gilvum,11505,11512,7
Mycolicibacterium_gilvum,11513,11514,1
Mycolicibacterium_gilvum,11520,11521,1
Mycolicibacterium_gilvum,11523,11537,14
Mycolicibacterium_gilvum,11566,11567,1
Mycolicibacterium_gilvum,11782,11783,1
Mycolicibacterium_gilvum,11823,11824,1
Mycolicibacterium_gilvum,11826,11827,1
Mycolicibacterium_gilvum,11831,11836,5
Mycolicibacterium_gilvum,11846,11850,4
Mycolicibacterium_gilvum,11851,11852,1
Mycolicibacterium_gilvum,11859,11860,1
Mycolicibacterium_gilvum,11877,11878,1
Mycolicibacterium_gilvum,11993,11994,1
Mycolicibacterium_gilvum,12029,12030,1
Mycolicibacterium_gilvum,12068,12069,1
Mycolicibacterium_gilvum,12207,12208,1
Mycolicibacterium_gilvum,12211,12212,1
Mycolicibacterium_gilvum,12213,12214,1
Mycolicibacterium_gilvum,12218,12222,4
Mycolicibacterium_gilvum,12226,12227,1
Mycolicibacterium_gilvum,12237,12238,1
Mycolicibacterium_gilvum,12360,12369,9
Mycolicibacterium_gilvum,12371,12372,1
Mycolicibacterium_gilvum,12374,12375,1
Mycolicibacterium_gilvum,12377,12382,5
Mycolicibacterium_gilvum,12384,12390,6
Mycolicibacterium_gilvum,12391,12400,9
Mycolicibacterium_gilvum,12454,12455,1
Mycolicibacterium_gilvum,12739,12740,1
Mycolicibacterium_gilvum,12798,12925,127
Mycolicibacterium_gilvum,13453,13454,1
Mycolicibacterium_gilvum,13508,13509,1
Mycobacterium_leprae,1,10,9
Mycobacterium_leprae,14,17,3
Mycobacterium_leprae,21,39,18
Mycobacterium_leprae,43,46,3
Mycobacterium_leprae,62,71,9
Mycobacterium_leprae,87,107,20
Mycobacterium_leprae,117,132,15
Mycobacterium_leprae,133,136,3
Mycobacterium_leprae,346,349,3
Mycobacterium_leprae,1542,1691,149
Mycobacterium_leprae,3317,3381,64
Mycobacterium_leprae,3418,3420,2
Mycobacterium_leprae,3424,3458,34
Mycobacterium_leprae,3473,3479,6
Mycobacterium_leprae,3485,3491,6
Mycobacterium_leprae,3642,3645,3
Mycobacterium_leprae,3650,3653,3
Mycobacterium_leprae,3655,3667,12
Mycobacterium_leprae,3782,3788,6
Mycobacterium_leprae,4400,4406,6
Mycobacterium_leprae,4407,4413,6
Mycobacterium_leprae,4417,4426,9
Mycobacterium_leprae,4432,4445,13
Mycobacterium_leprae,4452,4455,3
Mycobacterium_leprae,4456,4462,6
Mycobacterium_leprae,4468,4480,12
Mycobacterium_leprae,4483,4486,3
Mycobacterium_leprae,4540,4552,12
Mycobacterium_leprae,4555,4564,9
Mycobacterium_leprae,4567,4573,6
Mycobacterium_leprae,4581,4584,3
Mycobacterium_leprae,5163,5169,6
Mycobacterium_leprae,5170,5179,9
Mycobacterium_leprae,5181,5190,9
Mycobacterium_leprae,5197,5199,2
Mycobacterium_leprae,5201,5204,3
Mycobacterium_leprae,5206,5214,8
Mycobacterium_leprae,5219,5241,22
Mycobacterium_leprae,5247,5253,6
Mycobacterium_leprae,5401,5402,1
Mycobacterium_leprae,6015,6016,1
Mycobacterium_leprae,6431,6452,21
Mycobacterium_leprae,6456,6462,6
Mycobacterium_leprae,6470,6494,24
Mycobacterium_leprae,7178,7254,76
Mycobacterium_leprae,7260,7268,8
Mycobacterium_leprae,7760,7763,3
Mycobacterium_leprae,8452,8500,48
Mycobacterium_leprae,8577,8578,1
Mycobacterium_leprae,8592,8595,3
Mycobacterium_leprae,8601,8603,2
Mycobacterium_leprae,8609,8610,1
Mycobacterium_leprae,8703,8704,1
Mycobacterium_leprae,8720,8721,1
Mycobacterium_leprae,8733,8734,1
Mycobacterium_leprae,8739,8742,3
Mycobacterium_leprae,8930,8931,1
Mycobacterium_leprae,8980,8982,2
Mycobacterium_leprae,8996,8998,2
Mycobacterium_leprae,9120,9121,1
Mycobacterium_leprae,9370,9372,2
Mycobacterium_leprae,9546,9547,1
Mycobacterium_leprae,9812,9813,1
Mycobacterium_leprae,9982,9986,4
Mycobacterium_leprae,10076,10078,2
Mycobacterium_leprae,10157,10158,1
Mycobacterium_leprae,10261,10262,1
Mycobacterium_leprae,10310,10312,2
Mycobacterium_leprae,10313,10315,2
Mycobacterium_leprae,10325,10326,1
Mycobacterium_leprae,10370,10371,1
Mycobacterium_leprae,10434,10435,1
Mycobacterium_leprae,10448,10449,1
Mycobacterium_leprae,10476,10477,1
Mycobacterium_leprae,10491,10492,1
Mycobacterium_leprae,10526,10527,1
Mycobacterium_leprae,10546,10649,103
Mycobacterium_leprae,10828,10830,2
Mycobacterium_leprae,10832,10846,14
Mycobacterium_leprae,10864,10865,1
Mycobacterium_leprae,10914,10915,1
Mycobacterium_leprae,10958,10966,8
Mycobacterium_leprae,10971,10972,1
Mycobacterium_leprae,11085,11086,1
Mycobacterium_leprae,11143,11144,1
Mycobacterium_leprae,11243,11244,1
Mycobacterium_leprae,11260,11261,1
Mycobacterium_leprae,11265,11267,2
Mycobacterium_leprae,11286,11287,1
Mycobacterium_leprae,11312,11313,1
Mycobacterium_leprae,11473,11474,1
Mycobacterium_leprae,11505,11511,6
Mycobacterium_leprae,11513,11514,1
Mycobacterium_leprae,11520,11521,1
Mycobacterium_leprae,11523,11531,8
Mycobacterium_leprae,11532,11533,1
Mycobacterium_leprae,11566,11567,1
Mycobacterium_leprae,11590,11591,1
Mycobacterium_leprae,11782,11783,1
Mycobacterium_leprae,11823,11824,1
Mycobacterium_leprae,11831,11836,5
Mycobacterium_leprae,11849,11850,1
Mycobacterium_leprae,11851,11852,1
Mycobacterium_leprae,11859,11860,1
Mycobacterium_leprae,11864,11866,2
Mycobacterium_leprae,11877,11878,1
Mycobacterium_leprae,11993,11994,1
Mycobacterium_leprae,12029,12030,1
Mycobacterium_leprae,12068,12069,1
Mycobacterium_leprae,12207,12208,1
Mycobacterium_leprae,12211,12212,1
Mycobacterium_leprae,12213,12214,1
Mycobacterium_leprae,12218,12222,4
Mycobacterium_leprae,12225,12227,2
Mycobacterium_leprae,12237,12238,1
Mycobacterium_leprae,12360,12369,9
Mycobacterium_leprae,12371,12372,1
Mycobacterium_leprae,12374,12380,6
Mycobacterium_leprae,12384,12390,6
Mycobacterium_leprae,12391,12400,9
Mycobacterium_leprae,12454,12455,1
Mycobacterium_leprae,12739,12740,1
Mycobacterium_leprae,12798,12925,127
Mycobacterium_leprae,13451,13452,1
Mycobacterium_leprae,13453,13454,1
Mycobacterium_leprae,13508,13509,1
Mycolicibacter_sinensis,1,10,9
Mycolicibacter_sinensis,21,39,18
Mycolicibacter_sinensis,43,46,3
Mycolicibacter_sinensis,59,136,77
Mycolicibacter_sinensis,346,349,3
Mycolicibacter_sinensis,1542,1691,149
Mycolicibacter_sinensis,3317,3361,44
Mycolicibacter_sinensis,3364,3365,1
Mycolicibacter_sinensis,3373,3374,1
Mycolicibacter_sinensis,3414,3420,6
Mycolicibacter_sinensis,3424,3460,36
Mycolicibacter_sinensis,3473,3479,6
Mycolicibacter_sinensis,3485,3491,6
Mycolicibacter_sinensis,3650,3653,3
Mycolicibacter_sinensis,3657,3672,15
Mycolicibacter_sinensis,3782,3788,6
Mycolicibacter_sinensis,4400,4406,6
Mycolicibacter_sinensis,4407,4413,6
Mycolicibacter_sinensis,4422,4426,4
Mycolicibacter_sinensis,4452,4455,3
Mycolicibacter_sinensis,4456,4486,30
Mycolicibacter_sinensis,4555,4564,9
Mycolicibacter_sinensis,4567,4573,6
Mycolicibacter_sinensis,5163,5169,6
Mycolicibacter_sinensis,5170,5179,9
Mycolicibacter_sinensis,5181,5190,9
Mycolicibacter_sinensis,5197,5199,2
Mycolicibacter_sinensis,5201,5204,3
Mycolicibacter_sinensis,5206,5214,8
Mycolicibacter_sinensis,5218,5230,12
Mycolicibacter_sinensis,5231,5241,10
Mycolicibacter_sinensis,5247,5253,6
Mycolicibacter_sinensis,5401,5402,1
Mycolicibacter_sinensis,6015,6016,1
Mycolicibacter_sinensis,6431,6452,21
Mycolicibacter_sinensis,6456,6462,6
Mycolicibacter_sinensis,6470,6494,24
Mycolicibacter_sinensis,7178,7254,76
Mycolicibacter_sinensis,7260,7268,8
Mycolicibacter_sinensis,7760,7763,3
Mycolicibacter_sinensis,8452,8500,48
Mycolicibacter_sinensis,8577,8578,1
Mycolicibacter_sinensis,8584,8599,15
Mycolicibacter_sinensis,8601,8603,2
Mycolicibacter_sinensis,8609,8610,1
Mycolicibacter_sinensis,8661,8662,1
Mycolicibacter_sinensis,8703,8704,1
Mycolicibacter_sinensis,8720,8721,1
Mycolicibacter_sinensis,8733,8735,2
Mycolicibacter_sinensis,8739,8742,3
Mycolicibacter_sinensis,8930,8931,1
Mycolicibacter_sinensis,8980,8982,2
Mycolicibacter_sinensis,9120,9121,1
Mycolicibacter_sinensis,9546,9547,1
Mycolicibacter_sinensis,9812,9814,2
Mycolicibacter_sinensis,9982,9986,4
Mycolicibacter_sinensis,10076,10078,2
Mycolicibacter_sinensis,10157,10158,1
Mycolicibacter_sinensis,10310,10312,2
Mycolicibacter_sinensis,10313,10315,2
Mycolicibacter_sinensis,10325,10326,1
Mycolicibacter_sinensis,10370,10371,1
Mycolicibacter_sinensis,10416,10417,1
Mycolicibacter_sinensis,10448,10449,1
Mycolicibacter_sinensis,10476,10477,1
Mycolicibacter_sinensis,10491,10492,1
Mycolicibacter_sinensis,10526,10527,1
Mycolicibacter_sinensis,10547,10649,102
Mycolicibacter_sinensis,10828,10830,2
Mycolicibacter_sinensis,10836,10843,7
Mycolicibacter_sinensis,10864,10865,1
Mycolicibacter_sinensis,10914,10915,1
Mycolicibacter_sinensis,10965,10966,1
Mycolicibacter_sinensis,10971,10975,4
Mycolicibacter_sinensis,11085,11086,1
Mycolicibacter_sinensis,11143,11144,1
Mycolicibacter_sinensis,11243,11244,1
Mycolicibacter_sinensis,11260,11261,1
Mycolicibacter_sinensis,11265,11267,2
Mycolicibacter_sinensis,11286,11287,1
Mycolicibacter_sinensis,11312,11313,1
Mycolicibacter_sinensis,11473,11474,1
Mycolicibacter_sinensis,11505,11512,7
Mycolicibacter_sinensis,11513,11514,1
Mycolicibacter_sinensis,11515,11533,18
Mycolicibacter_sinensis,11566,11567,1
Mycolicibacter_sinensis,11782,11783,1
Mycolicibacter_sinensis,11823,11824,1
Mycolicibacter_sinensis,11831,11836,5
Mycolicibacter_sinensis,11847,11850,3
Mycolicibacter_sinensis,11851,11852,1
Mycolicibacter_sinensis,11859,11860,1
Mycolicibacter_sinensis,11864,11866,2
Mycolicibacter_sinensis,11877,11878,1
Mycolicibacter_sinensis,11993,11994,1
Mycolicibacter_sinensis,12029,12030,1
Mycolicibacter_sinensis,12068,12069,1
Mycolicibacter_sinensis,12207,12208,1
Mycolicibacter_sinensis,12211,12212,1
Mycolicibacter_sinensis,12213,12214,1
Mycolicibacter_sinensis,12218,12222,4
Mycolicibacter_sinensis,12226,12227,1
Mycolicibacter_sinensis,12237,12238,1
Mycolicibacter_sinensis,12360,12369,9
Mycolicibacter_sinensis,12371,12372,1
Mycolicibacter_sinensis,12374,12375,1
Mycolicibacter_sinensis,12378,12381,3
Mycolicibacter_sinensis,12384,12390,6
Mycolicibacter_sinensis,12391,12400,9
Mycolicibacter_sinensis,12454,12455,1
Mycolicibacter_sinensis,12739,12740,1
Mycolicibacter_sinensis,12798,12925,127
Mycolicibacter_sinensis,13453,13454,1
Mycolicibacter_sinensis,13508,13509,1
Mycolicibacterium_rhodesiae,1,10,9
Mycolicibacterium_rhodesiae,21,39,18
Mycolicibacterium_rhodesiae,43,46,3
Mycolicibacterium_rhodesiae,56,136,80
Mycolicibacterium_rhodesiae,346,349,3
Mycolicibacterium_rhodesiae,1572,1604,32
Mycolicibacterium_rhodesiae,1633,1648,15
Mycolicibacterium_rhodesiae,1666,1675,9
Mycolicibacterium_rhodesiae,3317,3361,44
Mycolicibacterium_rhodesiae,3364,3365,1
Mycolicibacterium_rhodesiae,3373,3374,1
Mycolicibacterium_rhodesiae,3414,3420,6
Mycolicibacterium_rhodesiae,3424,3478,54
Mycolicibacterium_rhodesiae,3485,3491,6
Mycolicibacterium_rhodesiae,3642,3645,3
Mycolicibacterium_rhodesiae,3655,3667,12
Mycolicibacterium_rhodesiae,3782,3788,6
Mycolicibacterium_rhodesiae,4400,4406,6
Mycolicibacterium_rhodesiae,4407,4413,6
Mycolicibacterium_rhodesiae,4417,4426,9
Mycolicibacterium_rhodesiae,4432,4445,13
Mycolicibacterium_rhodesiae,4452,4455,3
Mycolicibacterium_rhodesiae,4456,4462,6
Mycolicibacterium_rhodesiae,4468,4474,6
Mycolicibacterium_rhodesiae,4475,4481,6
Mycolicibacterium_rhodesiae,4483,4486,3
Mycolicibacterium_rhodesiae,4540,4552,12
Mycolicibacterium_rhodesiae,4555,4564,9
Mycolicibacterium_rhodesiae,4567,4573,6
Mycolicibacterium_rhodesiae,4582,4585,3
Mycolicibacterium_rhodesiae,5163,5169,6
Mycolicibacterium_rhodesiae,5170,5179,9
Mycolicibacterium_rhodesiae,5181,5190,9
Mycolicibacterium_rhodesiae,5197,5199,2
Mycolicibacterium_rhodesiae,5201,5204,3
Mycolicibacterium_rhodesiae,5206,5214,8
Mycolicibacterium_rhodesiae,5218,5230,12
Mycolicibacterium_rhodesiae,5231,5241,10
Mycolicibacterium_rhodesiae,5247,5253,6
Mycolicibacterium_rhodesiae,5401,5402,1
Mycolicibacterium_rhodesiae,6015,6016,1
Mycolicibacterium_rhodesiae,6431,6467,36
Mycolicibacterium_rhodesiae,6470,6494,24
Mycolicibacterium_rhodesiae,7178,7254,76
Mycolicibacterium_rhodesiae,7260,7268,8
Mycolicibacterium_rhodesiae,7760,7763,3
Mycolicibacterium_rhodesiae,8452,8500,48
Mycolicibacterium_rhodesiae,8577,8578,1
Mycolicibacterium_rhodesiae,8584,8599,15
Mycolicibacterium_rhodesiae,8600,8604,4
Mycolicibacterium_rhodesiae,8609,8610,1
Mycolicibacterium_rhodesiae,8661,8662,1
Mycolicibacterium_rhodesiae,8703,8704,1
Mycolicibacterium_rhodesiae,8720,8721,1
Mycolicibacterium_rhodesiae,8733,8735,2
Mycolicibacterium_rhodesiae,8739,8742,3
Mycolicibacterium_rhodesiae,8930,8931,1
Mycolicibacterium_rhodesiae,8980,8982,2
Mycolicibacterium_rhodesiae,8984,8998,14
Mycolicibacterium_rhodesiae,9120,9121,1
Mycolicibacterium_rhodesiae,9370,9372,2
Mycolicibacterium_rhodesiae,9546,9547,1
Mycolicibacterium_rhodesiae,9812,9813,1
Mycolicibacterium_rhodesiae,9985,9986,1
Mycolicibacterium_rhodesiae,10076,10078,2
Mycolicibacterium_rhodesiae,10157,10158,1
Mycolicibacterium_rhodesiae,10254,10255,1
Mycolicibacterium_rhodesiae,10261,10262,1
Mycolicibacterium_rhodesiae,10310,10312,2
Mycolicibacterium_rhodesiae,10313,10315,2
Mycolicibacterium_rhodesiae,10325,10326,1
Mycolicibacterium_rhodesiae,10370,10371,1
Mycolicibacterium_rhodesiae,10416,10417,1
Mycolicibacterium_rhodesiae,10434,10435,1
Mycolicibacterium_rhodesiae,10448,10449,1
Mycolicibacterium_rhodesiae,10461,10462,1
Mycolicibacterium_rhodesiae,10476,10477,1
Mycolicibacterium_rhodesiae,10491,10492,1
Mycolicibacterium_rhodesiae,10526,10527,1
Mycolicibacterium_rhodesiae,10546,10649,103
Mycolicibacterium_rhodesiae,10828,10830,2
Mycolicibacterium_rhodesiae,10835,10836,1
Mycolicibacterium_rhodesiae,10837,10843,6
Mycolicibacterium_rhodesiae,10864,10865,1
Mycolicibacterium_rhodesiae,10914,10915,1
Mycolicibacterium_rhodesiae,10965,10966,1
Mycolicibacterium_rhodesiae,10971,10975,4
Mycolicibacterium_rhodesiae,11085,11086,1
Mycolicibacterium_rhodesiae,11143,11144,1
Mycolicibacterium_rhodesiae,11243,11244,1
Mycolicibacterium_rhodesiae,11260,11261,1
Mycolicibacterium_rhodesiae,11286,11287,1
Mycolicibacterium_rhodesiae,11312,11313,1
Mycolicibacterium_rhodesiae,11473,11474,1
Mycolicibacterium_rhodesiae,11505,11512,7
Mycolicibacterium_rhodesiae,11513,11514,1
Mycolicibacterium_rhodesiae,11520,11521,1
Mycolicibacterium_rhodesiae,11530,11535,5
Mycolicibacterium_rhodesiae,11566,11567,1
Mycolicibacterium_rhodesiae,11782,11783,1
Mycolicibacterium_rhodesiae,11823,11824,1
Mycolicibacterium_rhodesiae,11826,11827,1
Mycolicibacterium_rhodesiae,11831,11835,4
Mycolicibacterium_rhodesiae,11846,11852,6
Mycolicibacterium_rhodesiae,11859,11860,1
Mycolicibacterium_rhodesiae,11877,11878,1
Mycolicibacterium_rhodesiae,11993,11995,2
Mycolicibacterium_rhodesiae,12029,12030,1
Mycolicibacterium_rhodesiae,12068,12069,1
Mycolicibacterium_rhodesiae,12211,12212,1
Mycolicibacterium_rhodesiae,12213,12214,1
Mycolicibacterium_rhodesiae,12218,12222,4
Mycolicibacterium_rhodesiae,12226,12227,1
Mycolicibacterium_rhodesiae,12237,12238,1
Mycolicibacterium_rhodesiae,12360,12369,9
Mycolicibacterium_rhodesiae,12371,12372,1
Mycolicibacterium_rhodesiae,12374,12377,3
Mycolicibacterium_rhodesiae,12378,12381,3
Mycolicibacterium_rhodesiae,12384,12390,6
Mycolicibacterium_rhodesiae,12391,12400,9
Mycolicibacterium_rhodesiae,12454,12455,1
Mycolicibacterium_rhodesiae,12739,12740,1
Mycolicibacterium_rhodesiae,12798,12925,127
Mycolicibacterium_rhodesiae,13453,13454,1
Mycolicibacterium_rhodesiae,13508,13509,1
Mycolicibacterium_chubuense,1,10,9
Mycolicibacterium_chubuense,21,39,18
Mycolicibacterium_chubuense,43,46,3
Mycolicibacterium_chubuense,51,107,56
Mycolicibacterium_chubuense,117,132,15
Mycolicibacterium_chubuense,133,136,3
Mycolicibacterium_chubuense,346,349,3
Mycolicibacterium_chubuense,1542,1691,149
Mycolicibacterium_chubuense,3317,3361,44
Mycolicibacterium_chubuense,3364,3365,1
Mycolicibacterium_chubuense,3373,3374,1
Mycolicibacterium_chubuense,3408,3480,72
Mycolicibacterium_chubuense,3485,3491,6
Mycolicibacterium_chubuense,3642,3645,3
Mycolicibacterium_chubuense,3650,3653,3
Mycolicibacterium_chubuense,3655,3667,12
Mycolicibacterium_chubuense,3782,3788,6
Mycolicibacterium_chubuense,4400,4406,6
Mycolicibacterium_chubuense,4407,4413,6
Mycolicibacterium_chubuense,4417,4426,9
Mycolicibacterium_chubuense,4432,4445,13
Mycolicibacterium_chubuense,4452,4455,3
Mycolicibacterium_chubuense,4456,4462,6
Mycolicibacterium_chubuense,4468,4474,6
Mycolicibacterium_chubuense,4475,4481,6
Mycolicibacterium_chubuense,4483,4486,3
Mycolicibacterium_chubuense,4540,4552,12
Mycolicibacterium_chubuense,4555,4564,9
Mycolicibacterium_chubuense,4567,4573,6
Mycolicibacterium_chubuense,4582,4585,3
Mycolicibacterium_chubuense,5163,5169,6
Mycolicibacterium_chubuense,5170,5179,9
Mycolicibacterium_chubuense,5181,5190,9
Mycolicibacterium_chubuense,5197,5199,2
Mycolicibacterium_chubuense,5201,5204,3
Mycolicibacterium_chubuense,5206,5214,8
Mycolicibacterium_chubuense,5218,5230,12
Mycolicibacterium_chubuense,5231,5241,10
Mycolicibacterium_chubuense,5247,5253,6
Mycolicibacterium_chubuense,5401,5402,1
Mycolicibacterium_chubuense,6015,6016,1
Mycolicibacterium_chubuense,6431,6467,36
Mycolicibacterium_chubuense,6470,6494,24
Mycolicibacterium_chubuense,7178,7254,76
Mycolicibacterium_chubuense,7260,7268,8
Mycolicibacterium_chubuense,7760,7763,3
Mycolicibacterium_chubuense,8452,8500,48
Mycolicibacterium_chubuense,8577,8578,1
Mycolicibacterium_chubuense,8584,8599,15
Mycolicibacterium_chubuense,8600,8604,4
Mycolicibacterium_chubuense,8609,8610,1
Mycolicibacterium_chubuense,8661,8662,1
Mycolicibacterium_chubuense,8703,8704,1
Mycolicibacterium_chubuense,8720,8721,1
Mycolicibacterium_chubuense,8733,8735,2
Mycolicibacterium_chubuense,8739,8742,3
Mycolicibacterium_chubuense,8930,8931,1
Mycolicibacterium_chubuense,8980,8982,2
Mycolicibacterium_chubuense,8984,8998,14
Mycolicibacterium_chubuense,9120,9121,1
Mycolicibacterium_chubuense,9370,9372,2
Mycolicibacterium_chubuense,9546,9547,1
Mycolicibacterium_chubuense,9812,9813,1
Mycolicibacterium_chubuense,9985,9986,1
Mycolicibacterium_chubuense,10076,10078,2
Mycolicibacterium_chubuense,10157,10158,1
Mycolicibacterium_chubuense,10261,10262,1
Mycolicibacterium_chubuense,10310,10312,2
Mycolicibacterium_chubuense,10313,10315,2
Mycolicibacterium_chubuense,10325,10326,1
Mycolicibacterium_chubuense,10370,10371,1
Mycolicibacterium_chubuense,10416,10417,1
Mycolicibacterium_chubuense,10434,10435,1
Mycolicibacterium_chubuense,10448,10449,1
Mycolicibacterium_chubuense,10461,10462,1
Mycolicibacterium_chubuense,10476,10477,1
Mycolicibacterium_chubuense,10491,10492,1
Mycolicibacterium_chubuense,10526,10527,1
Mycolicibacterium_chubuense,10548,10649,101
Mycolicibacterium_chubuense,10828,10830,2
Mycolicibacterium_chubuense,10835,10836,1
Mycolicibacterium_chubuense,10837,10843,6
Mycolicibacterium_chubuense,10864,10865,1
Mycolicibacterium_chubuense,10914,10915,1
Mycolicibacterium_chubuense,10965,10966,1
Mycolicibacterium_chubuense,10971,10975,4
Mycolicibacterium_chubuense,11085,11086,1
Mycolicibacterium_chubuense,11143,11144,1
Mycolicibacterium_chubuense,11243,11244,1
Mycolicibacterium_chubuense,11260,11261,1
Mycolicibacterium_chubuense,11265,11267,2
Mycolicibacterium_chubuense,11286,11287,1
Mycolicibacterium_chubuense,11312,11313,1
Mycolicibacterium_chubuense,11473,11474,1
Mycolicibacterium_chubuense,11505,11512,7
Mycolicibacterium_chubuense,11513,11514,1
Mycolicibacterium_chubuense,11520,11521,1
Mycolicibacterium_chubuense,11523,11537,14
Mycolicibacterium_chubuense,11566,11567,1
Mycolicibacterium_chubuense,11782,11783,1
Mycolicibacterium_chubuense,11823,11824,1
Mycolicibacterium_chubuense,11826,11827,1
Mycolicibacterium_chubuense,11831,11836,5
Mycolicibacterium_chubuense,11846,11850,4
Mycolicibacterium_chubuense,11851,11852,1
Mycolicibacterium_chubuense,11859,11860,1
Mycolicibacterium_chubuense,11864,11866,2
Mycolicibacterium_chubuense,11877,11878,1
Mycolicibacterium_chubuense,11993,11994,1
Mycolicibacterium_chubuense,12029,12030,1
Mycolicibacterium_chubuense,12068,12069,1
Mycolicibacterium_chubuense,12207,12208,1
Mycolicibacterium_chubuense,12211,12212,1
Mycolicibacterium_chubuense,12213,12214,1
Mycolicibacterium_chubuense,12218,12222,4
Mycolicibacterium_chubuense,12226,12227,1
Mycolicibacterium_chubuense,12237,12238,1
Mycolicibacterium_chubuense,12360,12369,9
Mycolicibacterium_chubuense,12371,12372,1
Mycolicibacterium_chubuense,12374,12375,1
Mycolicibacterium_chubuense,12378,12381,3
Mycolicibacterium_chubuense,12384,12390,6
Mycolicibacterium_chubuense,12391,12400,9
Mycolicibacterium_chubuense,12454,12455,1
Mycolicibacterium_chubuense,12739,12740,1
Mycolicibacterium_chubuense,12798,12925,127
Mycolicibacterium_chubuense,13453,13454,1
Mycolicibacterium_chubuense,13508,13509,1
Mycobacterium_paraintracellulare,21,39,18
Mycobacterium_paraintracellulare,43,46,3
Mycobacterium_paraintracellulare,53,71,18
Mycobacterium_paraintracellulare,87,107,20
Mycobacterium_paraintracellulare,117,132,15
Mycobacterium_paraintracellulare,133,136,3
Mycobacterium_paraintracellulare,346,349,3
Mycobacterium_paraintracellulare,1542,1691,149
Mycobacterium_paraintracellulare,3317,3381,64
Mycobacterium_paraintracellulare,3414,3420,6
Mycobacterium_paraintracellulare,3424,3460,36
Mycobacterium_paraintracellulare,3476,3479,3
Mycobacterium_paraintracellulare,3485,3491,6
Mycobacterium_paraintracellulare,3642,3645,3
Mycobacterium_paraintracellulare,3650,3653,3
Mycobacterium_paraintracellulare,3782,3788,6
Mycobacterium_paraintracellulare,4400,4406,6
Mycobacterium_paraintracellulare,4407,4413,6
Mycobacterium_paraintracellulare,4417,4426,9
Mycobacterium_paraintracellulare,4432,4445,13
Mycobacterium_paraintracellulare,4452,4455,3
Mycobacterium_paraintracellulare,4456,4462,6
Mycobacterium_paraintracellulare,4468,4480,12
Mycobacterium_paraintracellulare,4483,4486,3
Mycobacterium_paraintracellulare,4540,4552,12
Mycobacterium_paraintracellulare,4555,4564,9
Mycobacterium_paraintracellulare,4567,4573,6
Mycobacterium_paraintracellulare,4581,4584,3
Mycobacterium_paraintracellulare,5163,5169,6
Mycobacterium_paraintracellulare,5170,5179,9
Mycobacterium_paraintracellulare,5181,5190,9
Mycobacterium_paraintracellulare,5197,5199,2
Mycobacterium_paraintracellulare,5201,5204,3
Mycobacterium_paraintracellulare,5206,5214,8
Mycobacterium_paraintracellulare,5218,5230,12
Mycobacterium_paraintracellulare,5231,5241,10
Mycobacterium_paraintracellulare,5247,5253,6
Mycobacterium_paraintracellulare,5401,5402,1
Mycobacterium_paraintracellulare,6015,6016,1
Mycobacterium_paraintracellulare,6428,6464,36
Mycobacterium_paraintracellulare,6470,6494,24
Mycobacterium_paraintracellulare,7178,7254,76
Mycobacterium_paraintracellulare,7260,7268,8
Mycobacterium_paraintracellulare,7760,7763,3
Mycobacterium_paraintracellulare,8452,8500,48
Mycobacterium_paraintracellulare,8577,8578,1
Mycobacterium_paraintracellulare,8584,8599,15
Mycobacterium_paraintracellulare,8601,8603,2
Mycobacterium_paraintracellulare,8609,8610,1
Mycobacterium_paraintracellulare,8661,8662,1
Mycobacterium_paraintracellulare,8703,8704,1
Mycobacterium_paraintracellulare,8720,8721,1
Mycobacterium_paraintracellulare,8733,8735,2
Mycobacterium_paraintracellulare,8739,8742,3
Mycobacterium_paraintracellulare,8930,8931,1
Mycobacterium_paraintracellulare,8980,8982,2
Mycobacterium_paraintracellulare,8996,8998,2
Mycobacterium_paraintracellulare,9120,9121,1
Mycobacterium_paraintracellulare,9370,9372,2
Mycobacterium_paraintracellulare,9546,9547,1
Mycobacterium_paraintracellulare,9812,9813,1
Mycobacterium_paraintracellulare,9982,9986,4
Mycobacterium_paraintracellulare,10076,10078,2
Mycobacterium_paraintracellulare,10157,10158,1
Mycobacterium_paraintracellulare,10261,10262,1
Mycobacterium_paraintracellulare,10310,10312,2
Mycobacterium_paraintracellulare,10313,10315,2
Mycobacterium_paraintracellulare,10325,10326,1
Mycobacterium_paraintracellulare,10352,10353,1
Mycobacterium_paraintracellulare,10370,10371,1
Mycobacterium_paraintracellulare,10411,10412,1
Mycobacterium_paraintracellulare,10434,10435,1
Mycobacterium_paraintracellulare,10448,10449,1
Mycobacterium_paraintracellulare,10476,10477,1
Mycobacterium_paraintracellulare,10491,10492,1
Mycobacterium_paraintracellulare,10526,10527,1
Mycobacterium_paraintracellulare,10546,10649,103
Mycobacterium_paraintracellulare,10828,10830,2
Mycobacterium_paraintracellulare,10832,10846,14
Mycobacterium_paraintracellulare,10864,10865,1
Mycobacterium_paraintracellulare,10914,10915,1
Mycobacterium_paraintracellulare,10965,10977,12
Mycobacterium_paraintracellulare,11085,11086,1
Mycobacterium_paraintracellulare,11143,11144,1
Mycobacterium_paraintracellulare,11243,11244,1
Mycobacterium_paraintracellulare,11260,11261,1
Mycobacterium_paraintracellulare,11262,11263,1
Mycobacterium_paraintracellulare,11265,11267,2
Mycobacterium_paraintracellulare,11286,11287,1
Mycobacterium_paraintracellulare,11312,11313,1
Mycobacterium_paraintracellulare,11473,11474,1
Mycobacterium_paraintracellulare,11505,11511,6
Mycobacterium_paraintracellulare,11513,11514,1
Mycobacterium_paraintracellulare,11519,11521,2
Mycobacterium_paraintracellulare,11523,11533,10
Mycobacterium_paraintracellulare,11566,11567,1
Mycobacterium_paraintracellulare,11590,11591,1
Mycobacterium_paraintracellulare,11782,11783,1
Mycobacterium_paraintracellulare,11823,11824,1
Mycobacterium_paraintracellulare,11826,11827,1
Mycobacterium_paraintracellulare,11831,11836,5
Mycobacterium_paraintracellulare,11848,11850,2
Mycobacterium_paraintracellulare,11851,11852,1
Mycobacterium_paraintracellulare,11859,11860,1
Mycobacterium_paraintracellulare,11864,11866,2
Mycobacterium_paraintracellulare,11877,11878,1
Mycobacterium_paraintracellulare,11993,11994,1
Mycobacterium_paraintracellulare,12029,12030,1
Mycobacterium_paraintracellulare,12068,12069,1
Mycobacterium_paraintracellulare,12207,12208,1
Mycobacterium_paraintracellulare,12211,12212,1
Mycobacterium_paraintracellulare,12213,12214,1
Mycobacterium_paraintracellulare,12218,12222,4
Mycobacterium_paraintracellulare,12225,12227,2
Mycobacterium_paraintracellulare,12237,12238,1
Mycobacterium_paraintracellulare,12360,12369,9
Mycobacterium_paraintracellulare,12371,12380,9
Mycobacterium_paraintracellulare,12384,12390,6
Mycobacterium_paraintracellulare,12391,12400,9
Mycobacterium_paraintracellulare,12454,12455,1
Mycobacterium_paraintracellulare,12738,12740,2
Mycobacterium_paraintracellulare,12798,12925,127
Mycobacterium_paraintracellulare,13451,13452,1
Mycobacterium_paraintracellulare,13453,13454,1
Mycobacterium_paraintracellulare,13508,13509,1
Mycolicibacterium_neoaurum,1,10,9
Mycolicibacterium_neoaurum,21,39,18
Mycolicibacterium_neoaurum,43,46,3
Mycolicibacterium_neoaurum,48,110,62
Mycolicibacterium_neoaurum,118,130,12
Mycolicibacterium_neoaurum,133,136,3
Mycolicibacterium_neoaurum,346,349,3
Mycolicibacterium_neoaurum,1542,1691,149
Mycolicibacterium_neoaurum,3317,3365,48
Mycolicibacterium_neoaurum,3373,3374,1
Mycolicibacterium_neoaurum,3408,3480,72
Mycolicibacterium_neoaurum,3485,3491,6
Mycolicibacterium_neoaurum,3642,3645,3
Mycolicibacterium_neoaurum,3650,3653,3
Mycolicibacterium_neoaurum,3655,3667,12
Mycolicibacterium_neoaurum,3782,3788,6
Mycolicibacterium_neoaurum,4400,4406,6
Mycolicibacterium_neoaurum,4407,4413,6
Mycolicibacterium_neoaurum,4417,4426,9
Mycolicibacterium_neoaurum,4432,4445,13
Mycolicibacterium_neoaurum,4452,4455,3
Mycolicibacterium_neoaurum,4456,4462,6
Mycolicibacterium_neoaurum,4468,4474,6
Mycolicibacterium_neoaurum,4475,4481,6
Mycolicibacterium_neoaurum,4483,4486,3
Mycolicibacterium_neoaurum,4540,4552,12
Mycolicibacterium_neoaurum,4555,4564,9
Mycolicibacterium_neoaurum,4567,4573,6
Mycolicibacterium_neoaurum,4582,4585,3
Mycolicibacterium_neoaurum,5163,5169,6
Mycolicibacterium_neoaurum,5170,5179,9
Mycolicibacterium_neoaurum,5181,5190,9
Mycolicibacterium_neoaurum,5197,5199,2
Mycolicibacterium_neoaurum,5201,5204,3
Mycolicibacterium_neoaurum,5206,5214,8
Mycolicibacterium_neoaurum,5218,5230,12
Mycolicibacterium_neoaurum,5231,5241,10
Mycolicibacterium_neoaurum,5247,5253,6
Mycolicibacterium_neoaurum,5401,5402,1
Mycolicibacterium_neoaurum,6015,6016,1
Mycolicibacterium_neoaurum,6431,6467,36
Mycolicibacterium_neoaurum,6470,6494,24
Mycolicibacterium_neoaurum,7178,7254,76
Mycolicibacterium_neoaurum,7260,7268,8
Mycolicibacterium_neoaurum,7760,7763,3
Mycolicibacterium_neoaurum,8452,8500,48
Mycolicibacterium_neoaurum,8577,8578,1
Mycolicibacterium_neoaurum,8584,8599,15
Mycolicibacterium_neoaurum,8600,8604,4
Mycolicibacterium_neoaurum,8609,8610,1
Mycolicibacterium_neoaurum,8661,8662,1
Mycolicibacterium_neoaurum,8703,8704,1
Mycolicibacterium_neoaurum,8720,8721,1
Mycolicibacterium_neoaurum,8733,8735,2
Mycolicibacterium_neoaurum,8739,8742,3
Mycolicibacterium_neoaurum,8930,8931,1
Mycolicibacterium_neoaurum,8980,8982,2
Mycolicibacterium_neoaurum,8984,8998,14
Mycolicibacterium_neoaurum,9120,9121,1
Mycolicibacterium_neoaurum,9370,9372,2
Mycolicibacterium_neoaurum,9546,9547,1
Mycolicibacterium_neoaurum,9812,9813,1
Mycolicibacterium_neoaurum,9985,9986,1
Mycolicibacterium_neoaurum,10019,10020,1
Mycolicibacterium_neoaurum,10076,10078,2
Mycolicibacterium_neoaurum,10157,10158,1
Mycolicibacterium_neoaurum,10261,10262,1
Mycolicibacterium_neoaurum,10310,10312,2
Mycolicibacterium_neoaurum,10313,10315,2
Mycolicibacterium_neoaurum,10325,10326,1
Mycolicibacterium_neoaurum,10370,10371,1
Mycolicibacterium_neoaurum,10390,10391,1
Mycolicibacterium_neoaurum,10416,10417,1
Mycolicibacterium_neoaurum,10434,10435,1
Mycolicibacterium_neoaurum,10448,10449,1
Mycolicibacterium_neoaurum,10461,10462,1
Mycolicibacterium_neoaurum,10475,10477,2
Mycolicibacterium_neoaurum,10491,10492,1
Mycolicibacterium_neoaurum,10526,10527,1
Mycolicibacterium_neoaurum,10547,10649,102
Mycolicibacterium_neoaurum,10828,10832,4
Mycolicibacterium_neoaurum,10835,10842,7
Mycolicibacterium_neoaurum,10864,10865,1
Mycolicibacterium_neoaurum,10914,10915,1
Mycolicibacterium_neoaurum,10965,10966,1
Mycolicibacterium_neoaurum,10971,10975,4
Mycolicibacterium_neoaurum,11085,11086,1
Mycolicibacterium_neoaurum,11143,11144,1
Mycolicibacterium_neoaurum,11243,11244,1
Mycolicibacterium_neoaurum,11260,11261,1
Mycolicibacterium_neoaurum,11265,11267,2
Mycolicibacterium_neoaurum,11286,11287,1
Mycolicibacterium_neoaurum,11312,11313,1
Mycolicibacterium_neoaurum,11473,11474,1
Mycolicibacterium_neoaurum,11505,11512,7
Mycolicibacterium_neoaurum,11513,11514,1
Mycolicibacterium_neoaurum,11520,11537,17
Mycolicibacterium_neoaurum,11566,11567,1
Mycolicibacterium_neoaurum,11782,11783,1
Mycolicibacterium_neoaurum,11813,11817,4
Mycolicibacterium_neoaurum,11823,11824,1
Mycolicibacterium_neoaurum,11826,11827,1
Mycolicibacterium_neoaurum,11833,11835,2
Mycolicibacterium_neoaurum,11846,11850,4
Mycolicibacterium_neoaurum,11851,11852,1
Mycolicibacterium_neoaurum,11859,11860,1
Mycolicibacterium_neoaurum,11864,11865,1
Mycolicibacterium_neoaurum,11877,11878,1
Mycolicibacterium_neoaurum,11993,11995,2
Mycolicibacterium_neoaurum,12029,12030,1
Mycolicibacterium_neoaurum,12068,12069,1
Mycolicibacterium_neoaurum,12207,12208,1
Mycolicibacterium_neoaurum,12211,12212,1
Mycolicibacterium_neoaurum,12213,12214,1
Mycolicibacterium_neoaurum,12218,12222,4
Mycolicibacterium_neoaurum,12226,12227,1
Mycolicibacterium_neoaurum,12237,12238,1
Mycolicibacterium_neoaurum,12360,12369,9
Mycolicibacterium_neoaurum,12371,12372,1
Mycolicibacterium_neoaurum,12374,12375,1
Mycolicibacterium_neoaurum,12377,12382,5
Mycolicibacterium_neoaurum,12384,12390,6
Mycolicibacterium_neoaurum,12391,12400,9
Mycolicibacterium_neoaurum,12454,12455,1
Mycolicibacterium_neoaurum,12739,12740,1
Mycolicibacterium_neoaurum,12798,12925,127
Mycolicibacterium_neoaurum,13451,13452,1
Mycolicibacterium_neoaurum,13453,13454,1
Mycolicibacterium_neoaurum,13508,13509,1
Mycobacterium_haemophilum,1,10,9
Mycobacterium_haemophilum,21,39,18
Mycobacterium_haemophilum,43,46,3
Mycobacterium_haemophilum,53,71,18
Mycobacterium_haemophilum,87,107,20
Mycobacterium_haemophilum,117,132,15
Mycobacterium_haemophilum,133,136,3
Mycobacterium_haemophilum,346,349,3
Mycobacterium_haemophilum,1542,1691,149
Mycobacterium_haemophilum,3317,3381,64
Mycobacterium_haemophilum,3418,3420,2
Mycobacterium_haemophilum,3424,3458,34
Mycobacterium_haemophilum,3473,3479,6
Mycobacterium_haemophilum,3485,3491,6
Mycobacterium_haemophilum,3642,3645,3
Mycobacterium_haemophilum,3650,3653,3
Mycobacterium_haemophilum,3655,3667,12
Mycobacterium_haemophilum,3782,3788,6
Mycobacterium_haemophilum,4400,4406,6
Mycobacterium_haemophilum,4407,4413,6
Mycobacterium_haemophilum,4417,4426,9
Mycobacterium_haemophilum,4432,4445,13
Mycobacterium_haemophilum,4452,4455,3
Mycobacterium_haemophilum,4456,4462,6
Mycobacterium_haemophilum,4468,4480,12
Mycobacterium_haemophilum,4483,4486,3
Mycobacterium_haemophilum,4540,4552,12
Mycobacterium_haemophilum,4555,4564,9
Mycobacterium_haemophilum,4567,4573,6
Mycobacterium_haemophilum,4581,4584,3
Mycobacterium_haemophilum,5163,5169,6
Mycobacterium_haemophilum,5170,5179,9
Mycobacterium_haemophilum,5181,5190,9
Mycobacterium_haemophilum,5197,5199,2
Mycobacterium_haemophilum,5201,5204,3
Mycobacterium_haemophilum,5206,5214,8
Mycobacterium_haemophilum,5231,5241,10
Mycobacterium_haemophilum,5247,5253,6
Mycobacterium_haemophilum,5401,5402,1
Mycobacterium_haemophilum,6015,6016,1
Mycobacterium_haemophilum,6431,6452,21
Mycobacterium_haemophilum,6456,6462,6
Mycobacterium_haemophilum,6470,6494,24
Mycobacterium_haemophilum,7178,7254,76
Mycobacterium_haemophilum,7260,7268,8
Mycobacterium_haemophilum,7760,7763,3
Mycobacterium_haemophilum,8452,8500,48
Mycobacterium_haemophilum,8577,8578,1
Mycobacterium_haemophilum,8584,8599,15
Mycobacterium_haemophilum,8601,8603,2
Mycobacterium_haemophilum,8609,8610,1
Mycobacterium_haemophilum,8661,8662,1
Mycobacterium_haemophilum,8703,8704,1
Mycobacterium_haemophilum,8733,8735,2
Mycobacterium_haemophilum,8739,8742,3
Mycobacterium_haemophilum,8930,8931,1
Mycobacterium_haemophilum,8980,8982,2
Mycobacterium_haemophilum,8996,8998,2
Mycobacterium_haemophilum,9120,9121,1
Mycobacterium_haemophilum,9370,9372,2
Mycobacterium_haemophilum,9546,9547,1
Mycobacterium_haemophilum,9812,9813,1
Mycobacterium_haemophilum,9980,9981,1
Mycobacterium_haemophilum,9983,9986,3
Mycobacterium_haemophilum,10076,10078,2
Mycobacterium_haemophilum,10157,10158,1
Mycobacterium_haemophilum,10261,10262,1
Mycobacterium_haemophilum,10310,10312,2
Mycobacterium_haemophilum,10313,10315,2
Mycobacterium_haemophilum,10325,10326,1
Mycobacterium_haemophilum,10370,10371,1
Mycobacterium_haemophilum,10434,10435,1
Mycobacterium_haemophilum,10448,10449,1
Mycobacterium_haemophilum,10476,10477,1
Mycobacterium_haemophilum,10491,10492,1
Mycobacterium_haemophilum,10526,10527,1
Mycobacterium_haemophilum,10546,10649,103
Mycobacterium_haemophilum,10828,10830,2
Mycobacterium_haemophilum,10832,10846,14
Mycobacterium_haemophilum,10864,10865,1
Mycobacterium_haemophilum,10914,10915,1
Mycobacterium_haemophilum,10958,10966,8
Mycobacterium_haemophilum,10971,10972,1
Mycobacterium_haemophilum,11085,11086,1
Mycobacterium_haemophilum,11143,11144,1
Mycobacterium_haemophilum,11243,11244,1
Mycobacterium_haemophilum,11260,11261,1
Mycobacterium_haemophilum,11262,11263,1
Mycobacterium_haemophilum,11265,11267,2
Mycobacterium_haemophilum,11286,11287,1
Mycobacterium_haemophilum,11312,11313,1
Mycobacterium_haemophilum,11473,11474,1
Mycobacterium_haemophilum,11505,11511,6
Mycobacterium_haemophilum,11513,11514,1
Mycobacterium_haemophilum,11520,11521,1
Mycobacterium_haemophilum,11523,11534,11
Mycobacterium_haemophilum,11566,11567,1
Mycobacterium_haemophilum,11590,11591,1
Mycobacterium_haemophilum,11782,11783,1
Mycobacterium_haemophilum,11823,11824,1
Mycobacterium_haemophilum,11826,11827,1
Mycobacterium_haemophilum,11831,11836,5
Mycobacterium_haemophilum,11848,11850,2
Mycobacterium_haemophilum,11851,11852,1
Mycobacterium_haemophilum,11859,11860,1
Mycobacterium_haemophilum,11864,11866,2
Mycobacterium_haemophilum,11877,11878,1
Mycobacterium_haemophilum,11993,11994,1
Mycobacterium_haemophilum,12029,12030,1
Mycobacterium_haemophilum,12068,12069,1
Mycobacterium_haemophilum,12207,12208,1
Mycobacterium_haemophilum,12211,12212,1
Mycobacterium_haemophilum,12213,12214,1
Mycobacterium_haemophilum,12218,12222,4
Mycobacterium_haemophilum,12225,12227,2
Mycobacterium_haemophilum,12237,12238,1
Mycobacterium_haemophilum,12360,12369,9
Mycobacterium_haemophilum,12371,12372,1
Mycobacterium_haemophilum,12374,12380,6
Mycobacterium_haemophilum,12384,12390,6
Mycobacterium_haemophilum,12391,12400,9
Mycobacterium_haemophilum,12454,12455,1
Mycobacterium_haemophilum,12739,12740,1
Mycobacterium_haemophilum,12798,12925,127
Mycobacterium_haemophilum,13451,13452,1
Mycobacterium_haemophilum,13453,13454,1
Mycobacterium_haemophilum,13508,13509,1
Mycobacterium_lepromatosis,1,10,9
Mycobacterium_lepromatosis,14,17,3
Mycobacterium_lepromatosis,21,39,18
Mycobacterium_lepromatosis,43,46,3
Mycobacterium_lepromatosis,62,71,9
Mycobacterium_lepromatosis,87,107,20
Mycobacterium_lepromatosis,117,132,15
Mycobacterium_lepromatosis,133,136,3
Mycobacterium_lepromatosis,346,349,3
Mycobacterium_lepromatosis,1542,1691,149
Mycobacterium_lepromatosis,3317,3381,64
Mycobacterium_lepromatosis,3418,3420,2
Mycobacterium_lepromatosis,3424,3458,34
Mycobacterium_lepromatosis,3473,3479,6
Mycobacterium_lepromatosis,3485,3491,6
Mycobacterium_lepromatosis,3642,3645,3
Mycobacterium_lepromatosis,3650,3653,3
Mycobacterium_lepromatosis,3655,3667,12
Mycobacterium_lepromatosis,3782,3788,6
Mycobacterium_lepromatosis,4400,4406,6
Mycobacterium_lepromatosis,4407,4413,6
Mycobacterium_lepromatosis,4417,4426,9
Mycobacterium_lepromatosis,4432,4445,13
Mycobacterium_lepromatosis,4452,4455,3
Mycobacterium_lepromatosis,4456,4462,6
Mycobacterium_lepromatosis,4468,4480,12
Mycobacterium_lepromatosis,4483,4486,3
Mycobacterium_lepromatosis,4540,4552,12
Mycobacterium_lepromatosis,4555,4564,9
Mycobacterium_lepromatosis,4567,4573,6
Mycobacterium_lepromatosis,4581,4584,3
Mycobacterium_lepromatosis,5163,5169,6
Mycobacterium_lepromatosis,5170,5179,9
Mycobacterium_lepromatosis,5181,5190,9
Mycobacterium_lepromatosis,5197,5199,2
Mycobacterium_lepromatosis,5201,5204,3
Mycobacterium_lepromatosis,5206,5214,8
Mycobacterium_lepromatosis,5219,5241,22
Mycobacterium_lepromatosis,5247,5253,6
Mycobacterium_lepromatosis,5401,5402,1
Mycobacterium_lepromatosis,6015,6016,1
Mycobacterium_lepromatosis,6431,6452,21
Mycobacterium_lepromatosis,6456,6462,6
Mycobacterium_lepromatosis,6470,6494,24
Mycobacterium_lepromatosis,7178,7254,76
Mycobacterium_lepromatosis,7260,7268,8
Mycobacterium_lepromatosis,7760,7763,3
Mycobacterium_lepromatosis,8452,8500,48
Mycobacterium_lepromatosis,8577,8578,1
Mycobacterium_lepromatosis,8601,8603,2
Mycobacterium_lepromatosis,8609,8610,1
Mycobacterium_lepromatosis,8703,8704,1
Mycobacterium_lepromatosis,8720,8721,1
Mycobacterium_lepromatosis,8733,8735,2
Mycobacterium_lepromatosis,8739,8742,3
Mycobacterium_lepromatosis,8930,8931,1
Mycobacterium_lepromatosis,8980,8982,2
Mycobacterium_lepromatosis,8996,8998,2
Mycobacterium_lepromatosis,9120,9121,1
Mycobacterium_lepromatosis,9370,9372,2
Mycobacterium_lepromatosis,9546,9547,1
Mycobacterium_lepromatosis,9982,9986,4
Mycobacterium_lepromatosis,10076,10078,2
Mycobacterium_lepromatosis,10157,10158,1
Mycobacterium_lepromatosis,10261,10262,1
Mycobacterium_lepromatosis,10310,10312,2
Mycobacterium_lepromatosis,10313,10315,2
Mycobacterium_lepromatosis,10325,10326,1
Mycobacterium_lepromatosis,10370,10371,1
Mycobacterium_lepromatosis,10434,10435,1
Mycobacterium_lepromatosis,10448,10449,1
Mycobacterium_lepromatosis,10476,10477,1
Mycobacterium_lepromatosis,10491,10492,1
Mycobacterium_lepromatosis,10526,10527,1
Mycobacterium_lepromatosis,10546,10649,103
Mycobacterium_lepromatosis,10828,10830,2
Mycobacterium_lepromatosis,10832,10846,14
Mycobacterium_lepromatosis,10864,10865,1
Mycobacterium_lepromatosis,10914,10915,1
Mycobacterium_lepromatosis,10958,10966,8
Mycobacterium_lepromatosis,10971,10972,1
Mycobacterium_lepromatosis,11085,11086,1
Mycobacterium_lepromatosis,11143,11144,1
Mycobacterium_lepromatosis,11243,11244,1
Mycobacterium_lepromatosis,11260,11261,1
Mycobacterium_lepromatosis,11262,11263,1
Mycobacterium_lepromatosis,11265,11267,2
Mycobacterium_lepromatosis,11286,11287,1
Mycobacterium_lepromatosis,11312,11313,1
Mycobacterium_lepromatosis,11473,11474,1
Mycobacterium_lepromatosis,11505,11511,6
Mycobacterium_lepromatosis,11513,11514,1
Mycobacterium_lepromatosis,11520,11521,1
Mycobacterium_lepromatosis,11523,11530,7
Mycobacterium_lepromatosis,11532,11533,1
Mycobacterium_lepromatosis,11566,11567,1
Mycobacterium_lepromatosis,11590,11591,1
Mycobacterium_lepromatosis,11782,11783,1
Mycobacterium_lepromatosis,11823,11824,1
Mycobacterium_lepromatosis,11831,11836,5
Mycobacterium_lepromatosis,11849,11850,1
Mycobacterium_lepromatosis,11851,11852,1
Mycobacterium_lepromatosis,11859,11860,1
Mycobacterium_lepromatosis,11864,11866,2
Mycobacterium_lepromatosis,11877,11878,1
Mycobacterium_lepromatosis,11993,11994,1
Mycobacterium_lepromatosis,12029,12030,1
Mycobacterium_lepromatosis,12068,12069,1
Mycobacterium_lepromatosis,12207,12208,1
Mycobacterium_lepromatosis,12211,12212,1
Mycobacterium_lepromatosis,12213,12214,1
Mycobacterium_lepromatosis,12218,12222,4
Mycobacterium_lepromatosis,12225,12227,2
Mycobacterium_lepromatosis,12237,12238,1
Mycobacterium_lepromatosis,12360,12369,9
Mycobacterium_lepromatosis,12371,12372,1
Mycobacterium_lepromatosis,12374,12380,6
Mycobacterium_lepromatosis,12384,12390,6
Mycobacterium_lepromatosis,12391,12400,9
Mycobacterium_lepromatosis,12454,12455,1
Mycobacterium_lepromatosis,12739,12740,1
Mycobacterium_lepromatosis,12798,12925,127
Mycobacterium_lepromatosis,13451,13452,1
Mycobacterium_lepromatosis,13453,13454,1
Mycobacterium_lepromatosis,13508,13509,1
Mycobacteroides_saopaulense,1,10,9
Mycobacteroides_saopaulense,24,39,15
Mycobacteroides_saopaulense,43,46,3
Mycobacteroides_saopaulense,53,115,62
Mycobacteroides_saopaulense,117,132,15
Mycobacteroides_saopaulense,133,136,3
Mycobacteroides_saopaulense,346,349,3
Mycobacteroides_saopaulense,1542,1691,149
Mycobacteroides_saopaulense,3320,3326,6
Mycobacteroides_saopaulense,3333,3361,28
Mycobacteroides_saopaulense,3364,3365,1
Mycobacteroides_saopaulense,3372,3374,2
Mycobacteroides_saopaulense,3411,3480,69
Mycobacteroides_saopaulense,3485,3491,6
Mycobacteroides_saopaulense,3642,3645,3
Mycobacteroides_saopaulense,3650,3653,3
Mycobacteroides_saopaulense,3655,3667,12
Mycobacteroides_saopaulense,3782,3788,6
Mycobacteroides_saopaulense,4400,4406,6
Mycobacteroides_saopaulense,4407,4413,6
Mycobacteroides_saopaulense,4424,4425,1
Mycobacteroides_saopaulense,4433,4445,12
Mycobacteroides_saopaulense,4452,4455,3
Mycobacteroides_saopaulense,4456,4462,6
Mycobacteroides_saopaulense,4468,4486,18
Mycobacteroides_saopaulense,4540,4552,12
Mycobacteroides_saopaulense,4555,4564,9
Mycobacteroides_saopaulense,4567,4573,6
Mycobacteroides_saopaulense,4582,4585,3
Mycobacteroides_saopaulense,5163,5169,6
Mycobacteroides_saopaulense,5170,5179,9
Mycobacteroides_saopaulense,5181,5190,9
Mycobacteroides_saopaulense,5197,5199,2
Mycobacteroides_saopaulense,5201,5204,3
Mycobacteroides_saopaulense,5206,5214,8
Mycobacteroides_saopaulense,5218,5230,12
Mycobacteroides_saopaulense,5231,5241,10
Mycobacteroides_saopaulense,5247,5253,6
Mycobacteroides_saopaulense,5401,5402,1
Mycobacteroides_saopaulense,6015,6016,1
Mycobacteroides_saopaulense,6431,6467,36
Mycobacteroides_saopaulense,6470,6494,24
Mycobacteroides_saopaulense,7178,7254,76
Mycobacteroides_saopaulense,7260,7268,8
Mycobacteroides_saopaulense,8452,8500,48
Mycobacteroides_saopaulense,8577,8578,1
Mycobacteroides_saopaulense,8584,8603,19
Mycobacteroides_saopaulense,8609,8610,1
Mycobacteroides_saopaulense,8661,8662,1
Mycobacteroides_saopaulense,8703,8704,1
Mycobacteroides_saopaulense,8720,8721,1
Mycobacteroides_saopaulense,8733,8735,2
Mycobacteroides_saopaulense,8739,8742,3
Mycobacteroides_saopaulense,8930,8931,1
Mycobacteroides_saopaulense,8981,8997,16
Mycobacteroides_saopaulense,9120,9121,1
Mycobacteroides_saopaulense,9370,9372,2
Mycobacteroides_saopaulense,9546,9547,1
Mycobacteroides_saopaulense,9812,9814,2
Mycobacteroides_saopaulense,9982,9986,4
Mycobacteroides_saopaulense,10076,10077,1
Mycobacteroides_saopaulense,10157,10158,1
Mycobacteroides_saopaulense,10261,10262,1
Mycobacteroides_saopaulense,10310,10312,2
Mycobacteroides_saopaulense,10313,10315,2
Mycobacteroides_saopaulense,10325,10326,1
Mycobacteroides_saopaulense,10370,10371,1
Mycobacteroides_saopaulense,10434,10435,1
Mycobacteroides_saopaulense,10448,10449,1
Mycobacteroides_saopaulense,10476,10477,1
Mycobacteroides_saopaulense,10491,10492,1
Mycobacteroides_saopaulense,10526,10527,1
Mycobacteroides_saopaulense,10546,10649,103
Mycobacteroides_saopaulense,10828,10839,11
Mycobacteroides_saopaulense,10841,10846,5
Mycobacteroides_saopaulense,10864,10865,1
Mycobacteroides_saopaulense,10914,10915,1
Mycobacteroides_saopaulense,10955,10974,19
Mycobacteroides_saopaulense,10975,10980,5
Mycobacteroides_saopaulense,11085,11086,1
Mycobacteroides_saopaulense,11143,11144,1
Mycobacteroides_saopaulense,11243,11244,1
Mycobacteroides_saopaulense,11260,11261,1
Mycobacteroides_saopaulense,11265,11267,2
Mycobacteroides_saopaulense,11286,11287,1
Mycobacteroides_saopaulense,11312,11313,1
Mycobacteroides_saopaulense,11473,11474,1
Mycobacteroides_saopaulense,11520,11521,1
Mycobacteroides_saopaulense,11532,11533,1
Mycobacteroides_saopaulense,11566,11567,1
Mycobacteroides_saopaulense,11635,11636,1
Mycobacteroides_saopaulense,11782,11783,1
Mycobacteroides_saopaulense,11823,11824,1
Mycobacteroides_saopaulense,11826,11827,1
Mycobacteroides_saopaulense,11831,11836,5
Mycobacteroides_saopaulense,11847,11852,5
Mycobacteroides_saopaulense,11859,11860,1
Mycobacteroides_saopaulense,11864,11866,2
Mycobacteroides_saopaulense,11877,11878,1
Mycobacteroides_saopaulense,11992,11994,2
Mycobacteroides_saopaulense,12029,12030,1
Mycobacteroides_saopaulense,12068,12069,1
Mycobacteroides_saopaulense,12194,12195,1
Mycobacteroides_saopaulense,12211,12214,3
Mycobacteroides_saopaulense,12220,12221,1
Mycobacteroides_saopaulense,12222,12227,5
Mycobacteroides_saopaulense,12237,12238,1
Mycobacteroides_saopaulense,12360,12369,9
Mycobacteroides_saopaulense,12371,12372,1
Mycobacteroides_saopaulense,12374,12388,14
Mycobacteroides_saopaulense,12391,12400,9
Mycobacteroides_saopaulense,12454,12455,1
Mycobacteroides_saopaulense,12739,12740,1
Mycobacteroides_saopaulense,12798,12925,127
Mycobacteroides_saopaulense,13451,13452,1
Mycobacteroides_saopaulense,13453,13454,1
Mycobacteroides_saopaulense,13508,13509,1
Mycolicibacterium_phlei,1,10,9
Mycolicibacterium_phlei,21,39,18
Mycolicibacterium_phlei,43,46,3
Mycolicibacterium_phlei,53,106,53
Mycolicibacterium_phlei,117,132,15
Mycolicibacterium_phlei,133,136,3
Mycolicibacterium_phlei,346,349,3
Mycolicibacterium_phlei,1542,1691,149
Mycolicibacterium_phlei,3317,3361,44
Mycolicibacterium_phlei,3364,3365,1
Mycolicibacterium_phlei,3373,3374,1
Mycolicibacterium_phlei,3409,3478,69
Mycolicibacterium_phlei,3485,3491,6
Mycolicibacterium_phlei,3642,3645,3
Mycolicibacterium_phlei,3650,3653,3
Mycolicibacterium_phlei,3655,3667,12
Mycolicibacterium_phlei,3782,3788,6
Mycolicibacterium_phlei,4400,4406,6
Mycolicibacterium_phlei,4407,4413,6
Mycolicibacterium_phlei,4417,4426,9
Mycolicibacterium_phlei,4432,4445,13
Mycolicibacterium_phlei,4452,4455,3
Mycolicibacterium_phlei,4456,4462,6
Mycolicibacterium_phlei,4468,4474,6
Mycolicibacterium_phlei,4475,4481,6
Mycolicibacterium_phlei,4483,4486,3
Mycolicibacterium_phlei,4540,4552,12
Mycolicibacterium_phlei,4555,4564,9
Mycolicibacterium_phlei,4567,4573,6
Mycolicibacterium_phlei,4582,4585,3
Mycolicibacterium_phlei,5163,5169,6
Mycolicibacterium_phlei,5170,5179,9
Mycolicibacterium_phlei,5181,5190,9
Mycolicibacterium_phlei,5197,5199,2
Mycolicibacterium_phlei,5201,5204,3
Mycolicibacterium_phlei,5206,5214,8
Mycolicibacterium_phlei,5218,5230,12
Mycolicibacterium_phlei,5231,5241,10
Mycolicibacterium_phlei,5247,5253,6
Mycolicibacterium_phlei,5401,5402,1
Mycolicibacterium_phlei,6015,6016,1
Mycolicibacterium_phlei,6431,6467,36
Mycolicibacterium_phlei,6470,6494,24
Mycolicibacterium_phlei,7178,7254,76
Mycolicibacterium_phlei,7260,7268,8
Mycolicibacterium_phlei,7760,7763,3
Mycolicibacterium_phlei,8452,8500,48
Mycolicibacterium_phlei,8577,8578,1
Mycolicibacterium_phlei,8584,8599,15
Mycolicibacterium_phlei,8601,8604,3
Mycolicibacterium_phlei,8609,8610,1
Mycolicibacterium_phlei,8661,8662,1
Mycolicibacterium_phlei,8720,8721,1
Mycolicibacterium_phlei,8733,8735,2
Mycolicibacterium_phlei,8739,8742,3
Mycolicibacterium_phlei,8930,8931,1
Mycolicibacterium_phlei,8980,8982,2
Mycolicibacterium_phlei,8984,8998,14
Mycolicibacterium_phlei,9120,9121,1
Mycolicibacterium_phlei,9370,9372,2
Mycolicibacterium_phlei,9546,9547,1
Mycolicibacterium_phlei,9812,9813,1
Mycolicibacterium_phlei,9985,9986,1
Mycolicibacterium_phlei,10076,10078,2
Mycolicibacterium_phlei,10157,10158,1
Mycolicibacterium_phlei,10254,10255,1
Mycolicibacterium_phlei,10261,10262,1
Mycolicibacterium_phlei,10310,10312,2
Mycolicibacterium_phlei,10313,10315,2
Mycolicibacterium_phlei,10325,10326,1
Mycolicibacterium_phlei,10370,10371,1
Mycolicibacterium_phlei,10416,10417,1
Mycolicibacterium_phlei,10434,10435,1
Mycolicibacterium_phlei,10448,10449,1
Mycolicibacterium_phlei,10461,10462,1
Mycolicibacterium_phlei,10476,10477,1
Mycolicibacterium_phlei,10491,10492,1
Mycolicibacterium_phlei,10526,10527,1
Mycolicibacterium_phlei,10545,10649,104
Mycolicibacterium_phlei,10828,10832,4
Mycolicibacterium_phlei,10835,10836,1
Mycolicibacterium_phlei,10837,10843,6
Mycolicibacterium_phlei,10864,10865,1
Mycolicibacterium_phlei,10914,10915,1
Mycolicibacterium_phlei,10965,10966,1
Mycolicibacterium_phlei,10971,10975,4
Mycolicibacterium_phlei,11085,11086,1
Mycolicibacterium_phlei,11143,11144,1
Mycolicibacterium_phlei,11243,11244,1
Mycolicibacterium_phlei,11260,11261,1
Mycolicibacterium_phlei,11265,11267,2
Mycolicibacterium_phlei,11286,11287,1
Mycolicibacterium_phlei,11312,11313,1
Mycolicibacterium_phlei,11473,11474,1
Mycolicibacterium_phlei,11505,11512,7
Mycolicibacterium_phlei,11513,11514,1
Mycolicibacterium_phlei,11520,11521,1
Mycolicibacterium_phlei,11524,11535,11
Mycolicibacterium_phlei,11566,11567,1
Mycolicibacterium_phlei,11782,11783,1
Mycolicibacterium_phlei,11823,11824,1
Mycolicibacterium_phlei,11826,11829,3
Mycolicibacterium_phlei,11831,11836,5
Mycolicibacterium_phlei,11846,11849,3
Mycolicibacterium_phlei,11851,11852,1
Mycolicibacterium_phlei,11859,11865,6
Mycolicibacterium_phlei,11877,11878,1
Mycolicibacterium_phlei,11993,11995,2
Mycolicibacterium_phlei,12029,12030,1
Mycolicibacterium_phlei,12068,12069,1
Mycolicibacterium_phlei,12207,12208,1
Mycolicibacterium_phlei,12211,12212,1
Mycolicibacterium_phlei,12213,12214,1
Mycolicibacterium_phlei,12218,12222,4
Mycolicibacterium_phlei,12226,12227,1
Mycolicibacterium_phlei,12237,12238,1
Mycolicibacterium_phlei,12360,12369,9
Mycolicibacterium_phlei,12371,12372,1
Mycolicibacterium_phlei,12374,12375,1
Mycolicibacterium_phlei,12378,12381,3
Mycolicibacterium_phlei,12384,12390,6
Mycolicibacterium_phlei,12391,12400,9
Mycolicibacterium_phlei,12454,12455,1
Mycolicibacterium_phlei,12739,12740,1
Mycolicibacterium_phlei,12798,12925,127
Mycolicibacterium_phlei,13451,13452,1
Mycolicibacterium_phlei,13453,13454,1
Mycolicibacterium_phlei,13508,13509,1
Mycobacteroides_immunogenum,1,10,9
Mycobacteroides_immunogenum,23,41,18
Mycobacteroides_immunogenum,43,46,3
Mycobacteroides_immunogenum,53,115,62
Mycobacteroides_immunogenum,117,132,15
Mycobacteroides_immunogenum,133,136,3
Mycobacteroides_immunogenum,346,349,3
Mycobacteroides_immunogenum,1542,1691,149
Mycobacteroides_immunogenum,3320,3326,6
Mycobacteroides_immunogenum,3333,3361,28
Mycobacteroides_immunogenum,3364,3365,1
Mycobacteroides_immunogenum,3372,3374,2
Mycobacteroides_immunogenum,3411,3480,69
Mycobacteroides_immunogenum,3485,3491,6
Mycobacteroides_immunogenum,3642,3645,3
Mycobacteroides_immunogenum,3650,3653,3
Mycobacteroides_immunogenum,3655,3667,12
Mycobacteroides_immunogenum,3782,3788,6
Mycobacteroides_immunogenum,4400,4406,6
Mycobacteroides_immunogenum,4407,4413,6
Mycobacteroides_immunogenum,4424,4425,1
Mycobacteroides_immunogenum,4433,4445,12
Mycobacteroides_immunogenum,4452,4455,3
Mycobacteroides_immunogenum,4456,4462,6
Mycobacteroides_immunogenum,4468,4486,18
Mycobacteroides_immunogenum,4540,4552,12
Mycobacteroides_immunogenum,4555,4564,9
Mycobacteroides_immunogenum,4567,4573,6
Mycobacteroides_immunogenum,4582,4585,3
Mycobacteroides_immunogenum,5163,5169,6
Mycobacteroides_immunogenum,5170,5179,9
Mycobacteroides_immunogenum,5181,5190,9
Mycobacteroides_immunogenum,5197,5199,2
Mycobacteroides_immunogenum,5201,5204,3
Mycobacteroides_immunogenum,5206,5214,8
Mycobacteroides_immunogenum,5218,5230,12
Mycobacteroides_immunogenum,5231,5241,10
Mycobacteroides_immunogenum,5247,5253,6
Mycobacteroides_immunogenum,5401,5402,1
Mycobacteroides_immunogenum,6015,6016,1
Mycobacteroides_immunogenum,6431,6467,36
Mycobacteroides_immunogenum,6470,6494,24
Mycobacteroides_immunogenum,7178,7254,76
Mycobacteroides_immunogenum,7260,7268,8
Mycobacteroides_immunogenum,8452,8500,48
Mycobacteroides_immunogenum,8577,8578,1
Mycobacteroides_immunogenum,8584,8603,19
Mycobacteroides_immunogenum,8609,8610,1
Mycobacteroides_immunogenum,8661,8662,1
Mycobacteroides_immunogenum,8703,8704,1
Mycobacteroides_immunogenum,8720,8721,1
Mycobacteroides_immunogenum,8733,8735,2
Mycobacteroides_immunogenum,8739,8742,3
Mycobacteroides_immunogenum,8930,8931,1
Mycobacteroides_immunogenum,8981,8997,16
Mycobacteroides_immunogenum,9120,9121,1
Mycobacteroides_immunogenum,9370,9372,2
Mycobacteroides_immunogenum,9546,9547,1
Mycobacteroides_immunogenum,9812,9814,2
Mycobacteroides_immunogenum,9983,9986,3
Mycobacteroides_immunogenum,10076,10077,1
Mycobacteroides_immunogenum,10157,10158,1
Mycobacteroides_immunogenum,10261,10262,1
Mycobacteroides_immunogenum,10310,10312,2
Mycobacteroides_immunogenum,10313,10315,2
Mycobacteroides_immunogenum,10325,10326,1
Mycobacteroides_immunogenum,10370,10371,1
Mycobacteroides_immunogenum,10434,10435,1
Mycobacteroides_immunogenum,10448,10449,1
Mycobacteroides_immunogenum,10476,10477,1
Mycobacteroides_immunogenum,10491,10492,1
Mycobacteroides_immunogenum,10526,10527,1
Mycobacteroides_immunogenum,10546,10649,103
Mycobacteroides_immunogenum,10828,10839,11
Mycobacteroides_immunogenum,10841,10846,5
Mycobacteroides_immunogenum,10864,10865,1
Mycobacteroides_immunogenum,10914,10915,1
Mycobacteroides_immunogenum,10955,10974,19
Mycobacteroides_immunogenum,10975,10980,5
Mycobacteroides_immunogenum,11085,11086,1
Mycobacteroides_immunogenum,11143,11144,1
Mycobacteroides_immunogenum,11243,11244,1
Mycobacteroides_immunogenum,11260,11261,1
Mycobacteroides_immunogenum,11265,11267,2
Mycobacteroides_immunogenum,11286,11287,1
Mycobacteroides_immunogenum,11312,11313,1
Mycobacteroides_immunogenum,11473,11474,1
Mycobacteroides_immunogenum,11520,11521,1
Mycobacteroides_immunogenum,11532,11533,1
Mycobacteroides_immunogenum,11566,11567,1
Mycobacteroides_immunogenum,11635,11636,1
Mycobacteroides_immunogenum,11782,11783,1
Mycobacteroides_immunogenum,11823,11824,1
Mycobacteroides_immunogenum,11826,11827,1
Mycobacteroides_immunogenum,11831,11836,5
Mycobacteroides_immunogenum,11847,11852,5
Mycobacteroides_immunogenum,11859,11860,1
Mycobacteroides_immunogenum,11864,11866,2
Mycobacteroides_immunogenum,11877,11878,1
Mycobacteroides_immunogenum,11942,11943,1
Mycobacteroides_immunogenum,11992,11994,2
Mycobacteroides_immunogenum,12029,12030,1
Mycobacteroides_immunogenum,12068,12069,1
Mycobacteroides_immunogenum,12194,12195,1
Mycobacteroides_immunogenum,12211,12214,3
Mycobacteroides_immunogenum,12220,12221,1
Mycobacteroides_immunogenum,12222,12227,5
Mycobacteroides_immunogenum,12237,12238,1
Mycobacteroides_immunogenum,12360,12369,9
Mycobacteroides_immunogenum,12371,12372,1
Mycobacteroides_immunogenum,12374,12388,14
Mycobacteroides_immunogenum,12391,12400,9
Mycobacteroides_immunogenum,12454,12455,1
Mycobacteroides_immunogenum,12739,12740,1
Mycobacteroides_immunogenum,12798,12925,127
Mycobacteroides_immunogenum,13451,13452,1
Mycobacteroides_immunogenum,13453,13454,1
Mycobacteroides_immunogenum,13508,13509,1
Mycobacteroides_chelonae,1,10,9
Mycobacteroides_chelonae,24,39,15
Mycobacteroides_chelonae,43,46,3
Mycobacteroides_chelonae,53,115,62
Mycobacteroides_chelonae,117,132,15
Mycobacteroides_chelonae,133,136,3
Mycobacteroides_chelonae,346,349,3
Mycobacteroides_chelonae,1542,1691,149
Mycobacteroides_chelonae,3320,3326,6
Mycobacteroides_chelonae,3333,3361,28
Mycobacteroides_chelonae,3364,3365,1
Mycobacteroides_chelonae,3372,3374,2
Mycobacteroides_chelonae,3411,3480,69
Mycobacteroides_chelonae,3485,3491,6
Mycobacteroides_chelonae,3642,3645,3
Mycobacteroides_chelonae,3650,3653,3
Mycobacteroides_chelonae,3655,3667,12
Mycobacteroides_chelonae,3782,3788,6
Mycobacteroides_chelonae,4400,4406,6
Mycobacteroides_chelonae,4407,4413,6
Mycobacteroides_chelonae,4424,4425,1
Mycobacteroides_chelonae,4433,4445,12
Mycobacteroides_chelonae,4452,4455,3
Mycobacteroides_chelonae,4456,4462,6
Mycobacteroides_chelonae,4468,4486,18
Mycobacteroides_chelonae,4540,4552,12
Mycobacteroides_chelonae,4555,4564,9
Mycobacteroides_chelonae,4567,4573,6
Mycobacteroides_chelonae,4582,4585,3
Mycobacteroides_chelonae,5163,5169,6
Mycobacteroides_chelonae,5170,5179,9
Mycobacteroides_chelonae,5181,5190,9
Mycobacteroides_chelonae,5197,5199,2
Mycobacteroides_chelonae,5201,5204,3
Mycobacteroides_chelonae,5206,5214,8
Mycobacteroides_chelonae,5218,5230,12
Mycobacteroides_chelonae,5231,5241,10
Mycobacteroides_chelonae,5247,5253,6
Mycobacteroides_chelonae,5401,5402,1
Mycobacteroides_chelonae,6015,6016,1
Mycobacteroides_chelonae,6431,6467,36
Mycobacteroides_chelonae,6470,6494,24
Mycobacteroides_chelonae,7178,7254,76
Mycobacteroides_chelonae,7260,7268,8
Mycobacteroides_chelonae,8452,8500,48
Mycobacteroides_chelonae,8577,8578,1
Mycobacteroides_chelonae,8584,8603,19
Mycobacteroides_chelonae,8609,8610,1
Mycobacteroides_chelonae,8661,8662,1
Mycobacteroides_chelonae,8703,8704,1
Mycobacteroides_chelonae,8720,8721,1
Mycobacteroides_chelonae,8733,8735,2
Mycobacteroides_chelonae,8739,8742,3
Mycobacteroides_chelonae,8930,8931,1
Mycobacteroides_chelonae,8981,8997,16
Mycobacteroides_chelonae,9120,9121,1
Mycobacteroides_chelonae,9370,9372,2
Mycobacteroides_chelonae,9546,9547,1
Mycobacteroides_chelonae,9812,9814,2
Mycobacteroides_chelonae,9982,9986,4
Mycobacteroides_chelonae,10076,10078,2
Mycobacteroides_chelonae,10157,10158,1
Mycobacteroides_chelonae,10261,10262,1
Mycobacteroides_chelonae,10310,10312,2
Mycobacteroides_chelonae,10313,10315,2
Mycobacteroides_chelonae,10325,10326,1
Mycobacteroides_chelonae,10370,10371,1
Mycobacteroides_chelonae,10434,10435,1
Mycobacteroides_chelonae,10448,10449,1
Mycobacteroides_chelonae,10476,10477,1
Mycobacteroides_chelonae,10491,10492,1
Mycobacteroides_chelonae,10526,10527,1
Mycobacteroides_chelonae,10546,10649,103
Mycobacteroides_chelonae,10828,10839,11
Mycobacteroides_chelonae,10841,10846,5
Mycobacteroides_chelonae,10864,10865,1
Mycobacteroides_chelonae,10914,10915,1
Mycobacteroides_chelonae,10955,10974,19
Mycobacteroides_chelonae,10975,10980,5
Mycobacteroides_chelonae,11085,11086,1
Mycobacteroides_chelonae,11143,11144,1
Mycobacteroides_chelonae,11243,11244,1
Mycobacteroides_chelonae,11260,11261,1
Mycobacteroides_chelonae,11265,11267,2
Mycobacteroides_chelonae,11286,11287,1
Mycobacteroides_chelonae,11312,11313,1
Mycobacteroides_chelonae,11473,11474,1
Mycobacteroides_chelonae,11520,11521,1
Mycobacteroides_chelonae,11532,11533,1
Mycobacteroides_chelonae,11566,11567,1
Mycobacteroides_chelonae,11635,11636,1
Mycobacteroides_chelonae,11782,11783,1
Mycobacteroides_chelonae,11823,11824,1
Mycobacteroides_chelonae,11826,11827,1
Mycobacteroides_chelonae,11831,11836,5
Mycobacteroides_chelonae,11847,11852,5
Mycobacteroides_chelonae,11859,11860,1
Mycobacteroides_chelonae,11864,11866,2
Mycobacteroides_chelonae,11877,11878,1
Mycobacteroides_chelonae,11993,11994,1
Mycobacteroides_chelonae,12029,12030,1
Mycobacteroides_chelonae,12068,12069,1
Mycobacteroides_chelonae,12194,12195,1
Mycobacteroides_chelonae,12211,12214,3
Mycobacteroides_chelonae,12220,12221,1
Mycobacteroides_chelonae,12222,12227,5
Mycobacteroides_chelonae,12237,12238,1
Mycobacteroides_chelonae,12360,12369,9
Mycobacteroides_chelonae,12371,12372,1
Mycobacteroides_chelonae,12374,12388,14
Mycobacteroides_chelonae,12391,12400,9
Mycobacteroides_chelonae,12454,12455,1
Mycobacteroides_chelonae,12739,12740,1
Mycobacteroides_chelonae,12798,12925,127
Mycobacteroides_chelonae,13451,13452,1
Mycobacteroides_chelonae,13453,13454,1
Mycobacteroides_chelonae,13508,13509,1
Mycolicibacterium_vaccae,1,10,9
Mycolicibacterium_vaccae,21,39,18
Mycolicibacterium_vaccae,43,46,3
Mycolicibacterium_vaccae,51,113,62
Mycolicibacterium_vaccae,117,132,15
Mycolicibacterium_vaccae,133,136,3
Mycolicibacterium_vaccae,346,349,3
Mycolicibacterium_vaccae,1542,1691,149
Mycolicibacterium_vaccae,3317,3361,44
Mycolicibacterium_vaccae,3364,3365,1
Mycolicibacterium_vaccae,3373,3374,1
Mycolicibacterium_vaccae,3407,3482,75
Mycolicibacterium_vaccae,3485,3491,6
Mycolicibacterium_vaccae,3642,3645,3
Mycolicibacterium_vaccae,3650,3653,3
Mycolicibacterium_vaccae,3655,3667,12
Mycolicibacterium_vaccae,3782,3788,6
Mycolicibacterium_vaccae,4400,4406,6
Mycolicibacterium_vaccae,4407,4413,6
Mycolicibacterium_vaccae,4417,4426,9
Mycolicibacterium_vaccae,4432,4445,13
Mycolicibacterium_vaccae,4452,4455,3
Mycolicibacterium_vaccae,4456,4462,6
Mycolicibacterium_vaccae,4468,4474,6
Mycolicibacterium_vaccae,4475,4481,6
Mycolicibacterium_vaccae,4483,4486,3
Mycolicibacterium_vaccae,4540,4552,12
Mycolicibacterium_vaccae,4555,4564,9
Mycolicibacterium_vaccae,4567,4573,6
Mycolicibacterium_vaccae,4582,4585,3
Mycolicibacterium_vaccae,5163,5169,6
Mycolicibacterium_vaccae,5170,5179,9
Mycolicibacterium_vaccae,5181,5190,9
Mycolicibacterium_vaccae,5197,5199,2
Mycolicibacterium_vaccae,5201,5204,3
Mycolicibacterium_vaccae,5206,5214,8
Mycolicibacterium_vaccae,5218,5230,12
Mycolicibacterium_vaccae,5231,5241,10
Mycolicibacterium_vaccae,5247,5253,6
Mycolicibacterium_vaccae,5401,5402,1
Mycolicibacterium_vaccae,6015,6016,1
Mycolicibacterium_vaccae,6431,6443,12
Mycolicibacterium_vaccae,6456,6462,6
Mycolicibacterium_vaccae,6470,6494,24
Mycolicibacterium_vaccae,7178,7254,76
Mycolicibacterium_vaccae,7260,7268,8
Mycolicibacterium_vaccae,7760,7763,3
Mycolicibacterium_vaccae,8452,8500,48
Mycolicibacterium_vaccae,8577,8578,1
Mycolicibacterium_vaccae,8584,8599,15
Mycolicibacterium_vaccae,8600,8604,4
Mycolicibacterium_vaccae,8609,8610,1
Mycolicibacterium_vaccae,8661,8662,1
Mycolicibacterium_vaccae,8733,8735,2
Mycolicibacterium_vaccae,8739,8742,3
Mycolicibacterium_vaccae,8930,8931,1
Mycolicibacterium_vaccae,8980,8982,2
Mycolicibacterium_vaccae,8984,8998,14
Mycolicibacterium_vaccae,9120,9121,1
Mycolicibacterium_vaccae,9370,9372,2
Mycolicibacterium_vaccae,9546,9547,1
Mycolicibacterium_vaccae,9812,9813,1
Mycolicibacterium_vaccae,9985,9986,1
Mycolicibacterium_vaccae,10076,10078,2
Mycolicibacterium_vaccae,10157,10158,1
Mycolicibacterium_vaccae,10261,10262,1
Mycolicibacterium_vaccae,10310,10312,2
Mycolicibacterium_vaccae,10313,10315,2
Mycolicibacterium_vaccae,10325,10326,1
Mycolicibacterium_vaccae,10370,10371,1
Mycolicibacterium_vaccae,10416,10417,1
Mycolicibacterium_vaccae,10434,10435,1
Mycolicibacterium_vaccae,10448,10449,1
Mycolicibacterium_vaccae,10461,10462,1
Mycolicibacterium_vaccae,10476,10477,1
Mycolicibacterium_vaccae,10491,10492,1
Mycolicibacterium_vaccae,10526,10527,1
Mycolicibacterium_vaccae,10547,10649,102
Mycolicibacterium_vaccae,10828,10832,4
Mycolicibacterium_vaccae,10835,10836,1
Mycolicibacterium_vaccae,10837,10843,6
Mycolicibacterium_vaccae,10864,10865,1
Mycolicibacterium_vaccae,10914,10915,1
Mycolicibacterium_vaccae,10965,10966,1
Mycolicibacterium_vaccae,10971,10975,4
Mycolicibacterium_vaccae,11085,11086,1
Mycolicibacterium_vaccae,11143,11144,1
Mycolicibacterium_vaccae,11243,11244,1
Mycolicibacterium_vaccae,11260,11261,1
Mycolicibacterium_vaccae,11265,11267,2
Mycolicibacterium_vaccae,11286,11287,1
Mycolicibacterium_vaccae,11312,11313,1
Mycolicibacterium_vaccae,11473,11474,1
Mycolicibacterium_vaccae,11505,11512,7
Mycolicibacterium_vaccae,11513,11514,1
Mycolicibacterium_vaccae,11520,11521,1
Mycolicibacterium_vaccae,11523,11538,15
Mycolicibacterium_vaccae,11566,11567,1
Mycolicibacterium_vaccae,11782,11783,1
Mycolicibacterium_vaccae,11823,11824,1
Mycolicibacterium_vaccae,11826,11827,1
Mycolicibacterium_vaccae,11831,11836,5
Mycolicibacterium_vaccae,11846,11850,4
Mycolicibacterium_vaccae,11851,11852,1
Mycolicibacterium_vaccae,11859,11860,1
Mycolicibacterium_vaccae,11864,11866,2
Mycolicibacterium_vaccae,11877,11878,1
Mycolicibacterium_vaccae,11993,11994,1
Mycolicibacterium_vaccae,12029,12030,1
Mycolicibacterium_vaccae,12068,12069,1
Mycolicibacterium_vaccae,12207,12208,1
Mycolicibacterium_vaccae,12211,12212,1
Mycolicibacterium_vaccae,12213,12214,1
Mycolicibacterium_vaccae,12218,12222,4
Mycolicibacterium_vaccae,12226,12227,1
Mycolicibacterium_vaccae,12237,12238,1
Mycolicibacterium_vaccae,12360,12369,9
Mycolicibacterium_vaccae,12371,12372,1
Mycolicibacterium_vaccae,12374,12375,1
Mycolicibacterium_vaccae,12377,12382,5
Mycolicibacterium_vaccae,12384,12390,6
Mycolicibacterium_vaccae,12391,12400,9
Mycolicibacterium_vaccae,12454,12455,1
Mycolicibacterium_vaccae,12739,12740,1
Mycolicibacterium_vaccae,12798,12925,127
Mycolicibacterium_vaccae,13451,13452,1
Mycolicibacterium_vaccae,13453,13454,1
Mycolicibacterium_vaccae,13508,13509,1
Mycobacterium_colombiense,1,10,9
Mycobacterium_colombiense,21,39,18
Mycobacterium_colombiense,43,46,3
Mycobacterium_colombiense,53,80,27
Mycobacterium_colombiense,87,107,20
Mycobacterium_colombiense,117,132,15
Mycobacterium_colombiense,133,136,3
Mycobacterium_colombiense,346,349,3
Mycobacterium_colombiense,1542,1583,41
Mycobacterium_colombiense,1587,1676,89
Mycobacterium_colombiense,1678,1691,13
Mycobacterium_colombiense,3317,3381,64
Mycobacterium_colombiense,3414,3420,6
Mycobacterium_colombiense,3424,3460,36
Mycobacterium_colombiense,3476,3479,3
Mycobacterium_colombiense,3485,3491,6
Mycobacterium_colombiense,3642,3645,3
Mycobacterium_colombiense,3650,3653,3
Mycobacterium_colombiense,3782,3788,6
Mycobacterium_colombiense,4400,4406,6
Mycobacterium_colombiense,4407,4413,6
Mycobacterium_colombiense,4417,4426,9
Mycobacterium_colombiense,4432,4445,13
Mycobacterium_colombiense,4452,4455,3
Mycobacterium_colombiense,4456,4462,6
Mycobacterium_colombiense,4468,4480,12
Mycobacterium_colombiense,4483,4486,3
Mycobacterium_colombiense,4540,4552,12
Mycobacterium_colombiense,4555,4564,9
Mycobacterium_colombiense,4567,4573,6
Mycobacterium_colombiense,4581,4584,3
Mycobacterium_colombiense,5163,5169,6
Mycobacterium_colombiense,5170,5179,9
Mycobacterium_colombiense,5181,5190,9
Mycobacterium_colombiense,5197,5199,2
Mycobacterium_colombiense,5201,5204,3
Mycobacterium_colombiense,5206,5214,8
Mycobacterium_colombiense,5218,5230,12
Mycobacterium_colombiense,5231,5241,10
Mycobacterium_colombiense,5247,5253,6
Mycobacterium_colombiense,5401,5402,1
Mycobacterium_colombiense,6015,6016,1
Mycobacterium_colombiense,6428,6464,36
Mycobacterium_colombiense,6470,6494,24
Mycobacterium_colombiense,7178,7254,76
Mycobacterium_colombiense,7260,7268,8
Mycobacterium_colombiense,7760,7763,3
Mycobacterium_colombiense,8452,8500,48
Mycobacterium_colombiense,8577,8578,1
Mycobacterium_colombiense,8584,8599,15
Mycobacterium_colombiense,8601,8603,2
Mycobacterium_colombiense,8609,8610,1
Mycobacterium_colombiense,8661,8662,1
Mycobacterium_colombiense,8703,8704,1
Mycobacterium_colombiense,8720,8721,1
Mycobacterium_colombiense,8733,8735,2
Mycobacterium_colombiense,8739,8742,3
Mycobacterium_colombiense,8930,8931,1
Mycobacterium_colombiense,8980,8982,2
Mycobacterium_colombiense,8996,8998,2
Mycobacterium_colombiense,9120,9121,1
Mycobacterium_colombiense,9370,9372,2
Mycobacterium_colombiense,9546,9547,1
Mycobacterium_colombiense,9812,9813,1
Mycobacterium_colombiense,9982,9986,4
Mycobacterium_colombiense,10076,10078,2
Mycobacterium_colombiense,10157,10158,1
Mycobacterium_colombiense,10261,10262,1
Mycobacterium_colombiense,10310,10312,2
Mycobacterium_colombiense,10313,10315,2
Mycobacterium_colombiense,10325,10326,1
Mycobacterium_colombiense,10352,10353,1
Mycobacterium_colombiense,10370,10371,1
Mycobacterium_colombiense,10434,10435,1
Mycobacterium_colombiense,10448,10449,1
Mycobacterium_colombiense,10476,10477,1
Mycobacterium_colombiense,10491,10492,1
Mycobacterium_colombiense,10526,10527,1
Mycobacterium_colombiense,10546,10649,103
Mycobacterium_colombiense,10828,10830,2
Mycobacterium_colombiense,10832,10846,14
Mycobacterium_colombiense,10864,10865,1
Mycobacterium_colombiense,10914,10915,1
Mycobacterium_colombiense,10965,10977,12
Mycobacterium_colombiense,11085,11086,1
Mycobacterium_colombiense,11143,11144,1
Mycobacterium_colombiense,11243,11244,1
Mycobacterium_colombiense,11260,11261,1
Mycobacterium_colombiense,11262,11263,1
Mycobacterium_colombiense,11265,11267,2
Mycobacterium_colombiense,11286,11287,1
Mycobacterium_colombiense,11312,11313,1
Mycobacterium_colombiense,11473,11474,1
Mycobacterium_colombiense,11505,11511,6
Mycobacterium_colombiense,11513,11514,1
Mycobacterium_colombiense,11519,11521,2
Mycobacterium_colombiense,11523,11533,10
Mycobacterium_colombiense,11566,11567,1
Mycobacterium_colombiense,11590,11591,1
Mycobacterium_colombiense,11782,11783,1
Mycobacterium_colombiense,11823,11824,1
Mycobacterium_colombiense,11826,11827,1
Mycobacterium_colombiense,11831,11836,5
Mycobacterium_colombiense,11848,11850,2
Mycobacterium_colombiense,11851,11852,1
Mycobacterium_colombiense,11859,11860,1
Mycobacterium_colombiense,11864,11866,2
Mycobacterium_colombiense,11877,11878,1
Mycobacterium_colombiense,11993,11994,1
Mycobacterium_colombiense,12029,12030,1
Mycobacterium_colombiense,12068,12069,1
Mycobacterium_colombiense,12207,12208,1
Mycobacterium_colombiense,12211,12212,1
Mycobacterium_colombiense,12213,12214,1
Mycobacterium_colombiense,12218,12222,4
Mycobacterium_colombiense,12225,12227,2
Mycobacterium_colombiense,12237,12238,1
Mycobacterium_colombiense,12360,12369,9
Mycobacterium_colombiense,12371,12380,9
Mycobacterium_colombiense,12384,12390,6
Mycobacterium_colombiense,12391,12400,9
Mycobacterium_colombiense,12454,12455,1
Mycobacterium_colombiense,12738,12740,2
Mycobacterium_colombiense,12798,12925,127
Mycobacterium_colombiense,13451,13452,1
Mycobacterium_colombiense,13453,13454,1
Mycobacterium_colombiense,13508,13509,1
Mycobacterium_dioxanotrophicus,1,10,9
Mycobacterium_dioxanotrophicus,21,39,18
Mycobacterium_dioxanotrophicus,43,46,3
Mycobacterium_dioxanotrophicus,50,109,59
Mycobacterium_dioxanotrophicus,117,132,15
Mycobacterium_dioxanotrophicus,133,136,3
Mycobacterium_dioxanotrophicus,346,349,3
Mycobacterium_dioxanotrophicus,1542,1691,149
Mycobacterium_dioxanotrophicus,3317,3361,44
Mycobacterium_dioxanotrophicus,3364,3365,1
Mycobacterium_dioxanotrophicus,3373,3374,1
Mycobacterium_dioxanotrophicus,3403,3406,3
Mycobacterium_dioxanotrophicus,3409,3421,12
Mycobacterium_dioxanotrophicus,3424,3478,54
Mycobacterium_dioxanotrophicus,3485,3491,6
Mycobacterium_dioxanotrophicus,3642,3645,3
Mycobacterium_dioxanotrophicus,3650,3653,3
Mycobacterium_dioxanotrophicus,3655,3667,12
Mycobacterium_dioxanotrophicus,3782,3788,6
Mycobacterium_dioxanotrophicus,4400,4406,6
Mycobacterium_dioxanotrophicus,4407,4413,6
Mycobacterium_dioxanotrophicus,4417,4426,9
Mycobacterium_dioxanotrophicus,4432,4445,13
Mycobacterium_dioxanotrophicus,4452,4455,3
Mycobacterium_dioxanotrophicus,4456,4462,6
Mycobacterium_dioxanotrophicus,4468,4474,6
Mycobacterium_dioxanotrophicus,4475,4481,6
Mycobacterium_dioxanotrophicus,4483,4486,3
Mycobacterium_dioxanotrophicus,4540,4552,12
Mycobacterium_dioxanotrophicus,4555,4564,9
Mycobacterium_dioxanotrophicus,4567,4573,6
Mycobacterium_dioxanotrophicus,4582,4585,3
Mycobacterium_dioxanotrophicus,5163,5169,6
Mycobacterium_dioxanotrophicus,5181,5190,9
Mycobacterium_dioxanotrophicus,5197,5199,2
Mycobacterium_dioxanotrophicus,5201,5204,3
Mycobacterium_dioxanotrophicus,5206,5214,8
Mycobacterium_dioxanotrophicus,5218,5230,12
Mycobacterium_dioxanotrophicus,5231,5241,10
Mycobacterium_dioxanotrophicus,5247,5253,6
Mycobacterium_dioxanotrophicus,5401,5402,1
Mycobacterium_dioxanotrophicus,6015,6016,1
Mycobacterium_dioxanotrophicus,6431,6452,21
Mycobacterium_dioxanotrophicus,6456,6462,6
Mycobacterium_dioxanotrophicus,6470,6494,24
Mycobacterium_dioxanotrophicus,7178,7254,76
Mycobacterium_dioxanotrophicus,7260,7268,8
Mycobacterium_dioxanotrophicus,7760,7763,3
Mycobacterium_dioxanotrophicus,8452,8500,48
Mycobacterium_dioxanotrophicus,8577,8578,1
Mycobacterium_dioxanotrophicus,8584,8599,15
Mycobacterium_dioxanotrophicus,8600,8604,4
Mycobacterium_dioxanotrophicus,8609,8610,1
Mycobacterium_dioxanotrophicus,8661,8662,1
Mycobacterium_dioxanotrophicus,8703,8704,1
Mycobacterium_dioxanotrophicus,8720,8721,1
Mycobacterium_dioxanotrophicus,8733,8735,2
Mycobacterium_dioxanotrophicus,8739,8742,3
Mycobacterium_dioxanotrophicus,8930,8931,1
Mycobacterium_dioxanotrophicus,8980,8982,2
Mycobacterium_dioxanotrophicus,8984,8998,14
Mycobacterium_dioxanotrophicus,9120,9121,1
Mycobacterium_dioxanotrophicus,9370,9372,2
Mycobacterium_dioxanotrophicus,9546,9547,1
Mycobacterium_dioxanotrophicus,9812,9813,1
Mycobacterium_dioxanotrophicus,9985,9986,1
Mycobacterium_dioxanotrophicus,10076,10078,2
Mycobacterium_dioxanotrophicus,10157,10158,1
Mycobacterium_dioxanotrophicus,10261,10262,1
Mycobacterium_dioxanotrophicus,10310,10312,2
Mycobacterium_dioxanotrophicus,10313,10315,2
Mycobacterium_dioxanotrophicus,10325,10326,1
Mycobacterium_dioxanotrophicus,10370,10371,1
Mycobacterium_dioxanotrophicus,10416,10417,1
Mycobacterium_dioxanotrophicus,10434,10435,1
Mycobacterium_dioxanotrophicus,10448,10449,1
Mycobacterium_dioxanotrophicus,10476,10477,1
Mycobacterium_dioxanotrophicus,10491,10492,1
Mycobacterium_dioxanotrophicus,10526,10527,1
Mycobacterium_dioxanotrophicus,10546,10649,103
Mycobacterium_dioxanotrophicus,10829,10830,1
Mycobacterium_dioxanotrophicus,10835,10843,8
Mycobacterium_dioxanotrophicus,10864,10865,1
Mycobacterium_dioxanotrophicus,10914,10915,1
Mycobacterium_dioxanotrophicus,10965,10966,1
Mycobacterium_dioxanotrophicus,10971,10975,4
Mycobacterium_dioxanotrophicus,11085,11086,1
Mycobacterium_dioxanotrophicus,11143,11144,1
Mycobacterium_dioxanotrophicus,11243,11244,1
Mycobacterium_dioxanotrophicus,11260,11261,1
Mycobacterium_dioxanotrophicus,11286,11287,1
Mycobacterium_dioxanotrophicus,11312,11313,1
Mycobacterium_dioxanotrophicus,11473,11474,1
Mycobacterium_dioxanotrophicus,11505,11512,7
Mycobacterium_dioxanotrophicus,11513,11514,1
Mycobacterium_dioxanotrophicus,11520,11521,1
Mycobacterium_dioxanotrophicus,11524,11539,15
Mycobacterium_dioxanotrophicus,11566,11567,1
Mycobacterium_dioxanotrophicus,11782,11783,1
Mycobacterium_dioxanotrophicus,11823,11824,1
Mycobacterium_dioxanotrophicus,11826,11827,1
Mycobacterium_dioxanotrophicus,11831,11836,5
Mycobacterium_dioxanotrophicus,11846,11850,4
Mycobacterium_dioxanotrophicus,11851,11852,1
Mycobacterium_dioxanotrophicus,11859,11860,1
Mycobacterium_dioxanotrophicus,11864,11866,2
Mycobacterium_dioxanotrophicus,11877,11878,1
Mycobacterium_dioxanotrophicus,11993,11994,1
Mycobacterium_dioxanotrophicus,12029,12030,1
Mycobacterium_dioxanotrophicus,12068,12069,1
Mycobacterium_dioxanotrophicus,12207,12208,1
Mycobacterium_dioxanotrophicus,12211,12212,1
Mycobacterium_dioxanotrophicus,12213,12214,1
Mycobacterium_dioxanotrophicus,12218,12222,4
Mycobacterium_dioxanotrophicus,12226,12227,1
Mycobacterium_dioxanotrophicus,12360,12369,9
Mycobacterium_dioxanotrophicus,12371,12373,2
Mycobacterium_dioxanotrophicus,12374,12375,1
Mycobacterium_dioxanotrophicus,12378,12381,3
Mycobacterium_dioxanotrophicus,12384,12390,6
Mycobacterium_dioxanotrophicus,12391,12400,9
Mycobacterium_dioxanotrophicus,12454,12455,1
Mycobacterium_dioxanotrophicus,12739,12740,1
Mycobacterium_dioxanotrophicus,12798,12925,127
Mycobacterium_dioxanotrophicus,13451,13452,1
Mycobacterium_dioxanotrophicus,13453,13454,1
Mycobacterium_dioxanotrophicus,13508,13509,1
Mycobacterium_marseillense,1,10,9
Mycobacterium_marseillense,21,39,18
Mycobacterium_marseillense,43,46,3
Mycobacterium_marseillense,53,71,18
Mycobacterium_marseillense,87,107,20
Mycobacterium_marseillense,117,132,15
Mycobacterium_marseillense,133,136,3
Mycobacterium_marseillense,346,349,3
Mycobacterium_marseillense,1542,1691,149
Mycobacterium_marseillense,3317,3381,64
Mycobacterium_marseillense,3414,3420,6
Mycobacterium_marseillense,3424,3460,36
Mycobacterium_marseillense,3476,3479,3
Mycobacterium_marseillense,3485,3491,6
Mycobacterium_marseillense,3642,3645,3
Mycobacterium_marseillense,3650,3653,3
Mycobacterium_marseillense,3782,3788,6
Mycobacterium_marseillense,4400,4406,6
Mycobacterium_marseillense,4407,4413,6
Mycobacterium_marseillense,4417,4426,9
Mycobacterium_marseillense,4432,4445,13
Mycobacterium_marseillense,4452,4455,3
Mycobacterium_marseillense,4456,4462,6
Mycobacterium_marseillense,4468,4480,12
Mycobacterium_marseillense,4483,4486,3
Mycobacterium_marseillense,4540,4552,12
Mycobacterium_marseillense,4555,4564,9
Mycobacterium_marseillense,4567,4573,6
Mycobacterium_marseillense,4581,4584,3
Mycobacterium_marseillense,5163,5169,6
Mycobacterium_marseillense,5170,5179,9
Mycobacterium_marseillense,5181,5190,9
Mycobacterium_marseillense,5197,5199,2
Mycobacterium_marseillense,5201,5204,3
Mycobacterium_marseillense,5206,5214,8
Mycobacterium_marseillense,5218,5230,12
Mycobacterium_marseillense,5231,5241,10
Mycobacterium_marseillense,5247,5253,6
Mycobacterium_marseillense,5401,5402,1
Mycobacterium_marseillense,6015,6016,1
Mycobacterium_marseillense,6428,6464,36
Mycobacterium_marseillense,6470,6494,24
Mycobacterium_marseillense,7178,7254,76
Mycobacterium_marseillense,7260,7268,8
Mycobacterium_marseillense,7760,7763,3
Mycobacterium_marseillense,8452,8500,48
Mycobacterium_marseillense,8577,8578,1
Mycobacterium_marseillense,8584,8599,15
Mycobacterium_marseillense,8601,8603,2
Mycobacterium_marseillense,8609,8610,1
Mycobacterium_marseillense,8661,8662,1
Mycobacterium_marseillense,8703,8704,1
Mycobacterium_marseillense,8720,8721,1
Mycobacterium_marseillense,8733,8735,2
Mycobacterium_marseillense,8739,8742,3
Mycobacterium_marseillense,8930,8931,1
Mycobacterium_marseillense,8980,8982,2
Mycobacterium_marseillense,8996,8998,2
Mycobacterium_marseillense,9120,9121,1
Mycobacterium_marseillense,9370,9372,2
Mycobacterium_marseillense,9546,9547,1
Mycobacterium_marseillense,9812,9813,1
Mycobacterium_marseillense,9982,9986,4
Mycobacterium_marseillense,10076,10078,2
Mycobacterium_marseillense,10157,10158,1
Mycobacterium_marseillense,10261,10262,1
Mycobacterium_marseillense,10310,10312,2
Mycobacterium_marseillense,10313,10315,2
Mycobacterium_marseillense,10325,10326,1
Mycobacterium_marseillense,10352,10353,1
Mycobacterium_marseillense,10370,10371,1
Mycobacterium_marseillense,10411,10412,1
Mycobacterium_marseillense,10434,10435,1
Mycobacterium_marseillense,10448,10449,1
Mycobacterium_marseillense,10476,10477,1
Mycobacterium_marseillense,10491,10492,1
Mycobacterium_marseillense,10526,10527,1
Mycobacterium_marseillense,10546,10649,103
Mycobacterium_marseillense,10828,10830,2
Mycobacterium_marseillense,10832,10846,14
Mycobacterium_marseillense,10864,10865,1
Mycobacterium_marseillense,10914,10915,1
Mycobacterium_marseillense,10965,10977,12
Mycobacterium_marseillense,11085,11086,1
Mycobacterium_marseillense,11143,11144,1
Mycobacterium_marseillense,11243,11244,1
Mycobacterium_marseillense,11260,11261,1
Mycobacterium_marseillense,11262,11263,1
Mycobacterium_marseillense,11265,11267,2
Mycobacterium_marseillense,11286,11287,1
Mycobacterium_marseillense,11312,11313,1
Mycobacterium_marseillense,11473,11474,1
Mycobacterium_marseillense,11505,11511,6
Mycobacterium_marseillense,11513,11514,1
Mycobacterium_marseillense,11519,11521,2
Mycobacterium_marseillense,11523,11533,10
Mycobacterium_marseillense,11566,11567,1
Mycobacterium_marseillense,11590,11591,1
Mycobacterium_marseillense,11782,11783,1
Mycobacterium_marseillense,11823,11824,1
Mycobacterium_marseillense,11826,11827,1
Mycobacterium_marseillense,11831,11836,5
Mycobacterium_marseillense,11848,11850,2
Mycobacterium_marseillense,11851,11852,1
Mycobacterium_marseillense,11859,11860,1
Mycobacterium_marseillense,11864,11866,2
Mycobacterium_marseillense,11877,11878,1
Mycobacterium_marseillense,11993,11994,1
Mycobacterium_marseillense,12029,12030,1
Mycobacterium_marseillense,12068,12069,1
Mycobacterium_marseillense,12207,12208,1
Mycobacterium_marseillense,12211,12212,1
Mycobacterium_marseillense,12213,12214,1
Mycobacterium_marseillense,12218,12222,4
Mycobacterium_marseillense,12225,12227,2
Mycobacterium_marseillense,12237,12238,1
Mycobacterium_marseillense,12360,12369,9
Mycobacterium_marseillense,12371,12380,9
Mycobacterium_marseillense,12384,12390,6
Mycobacterium_marseillense,12391,12400,9
Mycobacterium_marseillense,12454,12455,1
Mycobacterium_marseillense,12739,12740,1
Mycobacterium_marseillense,12798,12925,127
Mycobacterium_marseillense,13451,13452,1
Mycobacterium_marseillense,13453,13454,1
Mycobacterium_marseillense,13508,13509,1
Mycobacterium_shigaense,1,10,9
Mycobacterium_shigaense,21,39,18
Mycobacterium_shigaense,43,46,3
Mycobacterium_shigaense,52,76,24
Mycobacterium_shigaense,87,107,20
Mycobacterium_shigaense,117,132,15
Mycobacterium_shigaense,133,136,3
Mycobacterium_shigaense,346,349,3
Mycobacterium_shigaense,1542,1691,149
Mycobacterium_shigaense,3317,3361,44
Mycobacterium_shigaense,3364,3365,1
Mycobacterium_shigaense,3373,3374,1
Mycobacterium_shigaense,3414,3420,6
Mycobacterium_shigaense,3424,3460,36
Mycobacterium_shigaense,3461,3479,18
Mycobacterium_shigaense,3485,3491,6
Mycobacterium_shigaense,3642,3645,3
Mycobacterium_shigaense,3650,3653,3
Mycobacterium_shigaense,3655,3667,12
Mycobacterium_shigaense,3782,3788,6
Mycobacterium_shigaense,4400,4406,6
Mycobacterium_shigaense,4407,4413,6
Mycobacterium_shigaense,4417,4426,9
Mycobacterium_shigaense,4432,4445,13
Mycobacterium_shigaense,4452,4455,3
Mycobacterium_shigaense,4456,4462,6
Mycobacterium_shigaense,4468,4480,12
Mycobacterium_shigaense,4483,4486,3
Mycobacterium_shigaense,4540,4552,12
Mycobacterium_shigaense,4555,4564,9
Mycobacterium_shigaense,4567,4573,6
Mycobacterium_shigaense,4581,4584,3
Mycobacterium_shigaense,5163,5169,6
Mycobacterium_shigaense,5170,5179,9
Mycobacterium_shigaense,5181,5190,9
Mycobacterium_shigaense,5197,5199,2
Mycobacterium_shigaense,5201,5204,3
Mycobacterium_shigaense,5206,5214,8
Mycobacterium_shigaense,5218,5230,12
Mycobacterium_shigaense,5231,5241,10
Mycobacterium_shigaense,5247,5253,6
Mycobacterium_shigaense,5401,5402,1
Mycobacterium_shigaense,6015,6016,1
Mycobacterium_shigaense,6428,6464,36
Mycobacterium_shigaense,6470,6494,24
Mycobacterium_shigaense,7178,7254,76
Mycobacterium_shigaense,7260,7268,8
Mycobacterium_shigaense,7760,7763,3
Mycobacterium_shigaense,8452,8500,48
Mycobacterium_shigaense,8577,8578,1
Mycobacterium_shigaense,8584,8599,15
Mycobacterium_shigaense,8601,8603,2
Mycobacterium_shigaense,8609,8610,1
Mycobacterium_shigaense,8661,8662,1
Mycobacterium_shigaense,8703,8704,1
Mycobacterium_shigaense,8720,8721,1
Mycobacterium_shigaense,8733,8735,2
Mycobacterium_shigaense,8739,8742,3
Mycobacterium_shigaense,8930,8931,1
Mycobacterium_shigaense,8980,8982,2
Mycobacterium_shigaense,8987,9001,14
Mycobacterium_shigaense,9120,9121,1
Mycobacterium_shigaense,9370,9372,2
Mycobacterium_shigaense,9546,9547,1
Mycobacterium_shigaense,9812,9813,1
Mycobacterium_shigaense,9983,9987,4
Mycobacterium_shigaense,10076,10078,2
Mycobacterium_shigaense,10157,10158,1
Mycobacterium_shigaense,10261,10262,1
Mycobacterium_shigaense,10310,10312,2
Mycobacterium_shigaense,10313,10315,2
Mycobacterium_shigaense,10325,10326,1
Mycobacterium_shigaense,10352,10353,1
Mycobacterium_shigaense,10370,10371,1
Mycobacterium_shigaense,10434,10435,1
Mycobacterium_shigaense,10448,10449,1
Mycobacterium_shigaense,10476,10477,1
Mycobacterium_shigaense,10491,10492,1
Mycobacterium_shigaense,10526,10527,1
Mycobacterium_shigaense,10546,10649,103
Mycobacterium_shigaense,10828,10830,2
Mycobacterium_shigaense,10832,10846,14
Mycobacterium_shigaense,10864,10865,1
Mycobacterium_shigaense,10914,10915,1
Mycobacterium_shigaense,10958,10983,25
Mycobacterium_shigaense,11085,11086,1
Mycobacterium_shigaense,11143,11144,1
Mycobacterium_shigaense,11243,11244,1
Mycobacterium_shigaense,11260,11261,1
Mycobacterium_shigaense,11262,11263,1
Mycobacterium_shigaense,11265,11267,2
Mycobacterium_shigaense,11286,11287,1
Mycobacterium_shigaense,11312,11313,1
Mycobacterium_shigaense,11473,11474,1
Mycobacterium_shigaense,11505,11534,29
Mycobacterium_shigaense,11566,11567,1
Mycobacterium_shigaense,11590,11591,1
Mycobacterium_shigaense,11782,11783,1
Mycobacterium_shigaense,11823,11824,1
Mycobacterium_shigaense,11826,11827,1
Mycobacterium_shigaense,11831,11836,5
Mycobacterium_shigaense,11847,11852,5
Mycobacterium_shigaense,11859,11860,1
Mycobacterium_shigaense,11864,11866,2
Mycobacterium_shigaense,11877,11878,1
Mycobacterium_shigaense,11993,11995,2
Mycobacterium_shigaense,12029,12030,1
Mycobacterium_shigaense,12068,12069,1
Mycobacterium_shigaense,12207,12208,1
Mycobacterium_shigaense,12211,12212,1
Mycobacterium_shigaense,12213,12214,1
Mycobacterium_shigaense,12218,12222,4
Mycobacterium_shigaense,12225,12227,2
Mycobacterium_shigaense,12237,12238,1
Mycobacterium_shigaense,12360,12369,9
Mycobacterium_shigaense,12371,12372,1
Mycobacterium_shigaense,12374,12380,6
Mycobacterium_shigaense,12384,12390,6
Mycobacterium_shigaense,12391,12400,9
Mycobacterium_shigaense,12454,12455,1
Mycobacterium_shigaense,12739,12740,1
Mycobacterium_shigaense,12798,12925,127
Mycobacterium_shigaense,13451,13452,1
Mycobacterium_shigaense,13453,13454,1
Mycobacterium_shigaense,13508,13509,1
Mycobacterium_pseudoshottsii,1,10,9
Mycobacterium_pseudoshottsii,21,39,18
Mycobacterium_pseudoshottsii,43,46,3
Mycobacterium_pseudoshottsii,53,71,18
Mycobacterium_pseudoshottsii,87,107,20
Mycobacterium_pseudoshottsii,117,132,15
Mycobacterium_pseudoshottsii,133,136,3
Mycobacterium_pseudoshottsii,346,349,3
Mycobacterium_pseudoshottsii,1542,1691,149
Mycobacterium_pseudoshottsii,3317,3361,44
Mycobacterium_pseudoshottsii,3364,3365,1
Mycobacterium_pseudoshottsii,3373,3374,1
Mycobacterium_pseudoshottsii,3414,3420,6
Mycobacterium_pseudoshottsii,3424,3460,36
Mycobacterium_pseudoshottsii,3473,3479,6
Mycobacterium_pseudoshottsii,3485,3491,6
Mycobacterium_pseudoshottsii,3642,3645,3
Mycobacterium_pseudoshottsii,3650,3653,3
Mycobacterium_pseudoshottsii,3655,3667,12
Mycobacterium_pseudoshottsii,3782,3788,6
Mycobacterium_pseudoshottsii,4400,4406,6
Mycobacterium_pseudoshottsii,4407,4413,6
Mycobacterium_pseudoshottsii,4417,4426,9
Mycobacterium_pseudoshottsii,4432,4445,13
Mycobacterium_pseudoshottsii,4452,4455,3
Mycobacterium_pseudoshottsii,4456,4462,6
Mycobacterium_pseudoshottsii,4468,4480,12
Mycobacterium_pseudoshottsii,4483,4486,3
Mycobacterium_pseudoshottsii,4540,4552,12
Mycobacterium_pseudoshottsii,4555,4564,9
Mycobacterium_pseudoshottsii,4567,4573,6
Mycobacterium_pseudoshottsii,4581,4584,3
Mycobacterium_pseudoshottsii,5163,5169,6
Mycobacterium_pseudoshottsii,5170,5179,9
Mycobacterium_pseudoshottsii,5181,5190,9
Mycobacterium_pseudoshottsii,5197,5199,2
Mycobacterium_pseudoshottsii,5201,5204,3
Mycobacterium_pseudoshottsii,5206,5214,8
Mycobacterium_pseudoshottsii,5218,5230,12
Mycobacterium_pseudoshottsii,5231,5241,10
Mycobacterium_pseudoshottsii,5247,5253,6
Mycobacterium_pseudoshottsii,5401,5402,1
Mycobacterium_pseudoshottsii,6015,6016,1
Mycobacterium_pseudoshottsii,6431,6452,21
Mycobacterium_pseudoshottsii,6456,6462,6
Mycobacterium_pseudoshottsii,6470,6494,24
Mycobacterium_pseudoshottsii,7178,7254,76
Mycobacterium_pseudoshottsii,7260,7268,8
Mycobacterium_pseudoshottsii,7760,7763,3
Mycobacterium_pseudoshottsii,8452,8500,48
Mycobacterium_pseudoshottsii,8577,8578,1
Mycobacterium_pseudoshottsii,8584,8599,15
Mycobacterium_pseudoshottsii,8601,8603,2
Mycobacterium_pseudoshottsii,8609,8610,1
Mycobacterium_pseudoshottsii,8661,8662,1
Mycobacterium_pseudoshottsii,8703,8704,1
Mycobacterium_pseudoshottsii,8720,8721,1
Mycobacterium_pseudoshottsii,8733,8735,2
Mycobacterium_pseudoshottsii,8739,8742,3
Mycobacterium_pseudoshottsii,8930,8931,1
Mycobacterium_pseudoshottsii,8980,8982,2
Mycobacterium_pseudoshottsii,8996,8998,2
Mycobacterium_pseudoshottsii,9120,9121,1
Mycobacterium_pseudoshottsii,9370,9372,2
Mycobacterium_pseudoshottsii,9546,9547,1
Mycobacterium_pseudoshottsii,9812,9814,2
Mycobacterium_pseudoshottsii,9983,9986,3
Mycobacterium_pseudoshottsii,10076,10078,2
Mycobacterium_pseudoshottsii,10157,10158,1
Mycobacterium_pseudoshottsii,10261,10262,1
Mycobacterium_pseudoshottsii,10310,10312,2
Mycobacterium_pseudoshottsii,10313,10315,2
Mycobacterium_pseudoshottsii,10325,10326,1
Mycobacterium_pseudoshottsii,10370,10371,1
Mycobacterium_pseudoshottsii,10434,10435,1
Mycobacterium_pseudoshottsii,10448,10449,1
Mycobacterium_pseudoshottsii,10476,10477,1
Mycobacterium_pseudoshottsii,10491,10492,1
Mycobacterium_pseudoshottsii,10526,10527,1
Mycobacterium_pseudoshottsii,10546,10649,103
Mycobacterium_pseudoshottsii,10828,10830,2
Mycobacterium_pseudoshottsii,10832,10846,14
Mycobacterium_pseudoshottsii,10864,10865,1
Mycobacterium_pseudoshottsii,10914,10915,1
Mycobacterium_pseudoshottsii,10958,10967,9
Mycobacterium_pseudoshottsii,10971,10972,1
Mycobacterium_pseudoshottsii,10976,10977,1
Mycobacterium_pseudoshottsii,11085,11086,1
Mycobacterium_pseudoshottsii,11143,11144,1
Mycobacterium_pseudoshottsii,11243,11244,1
Mycobacterium_pseudoshottsii,11260,11261,1
Mycobacterium_pseudoshottsii,11262,11263,1
Mycobacterium_pseudoshottsii,11265,11267,2
Mycobacterium_pseudoshottsii,11286,11287,1
Mycobacterium_pseudoshottsii,11312,11313,1
Mycobacterium_pseudoshottsii,11473,11474,1
Mycobacterium_pseudoshottsii,11505,11534,29
Mycobacterium_pseudoshottsii,11566,11567,1
Mycobacterium_pseudoshottsii,11590,11591,1
Mycobacterium_pseudoshottsii,11782,11783,1
Mycobacterium_pseudoshottsii,11823,11824,1
Mycobacterium_pseudoshottsii,11826,11827,1
Mycobacterium_pseudoshottsii,11831,11836,5
Mycobacterium_pseudoshottsii,11848,11850,2
Mycobacterium_pseudoshottsii,11851,11852,1
Mycobacterium_pseudoshottsii,11859,11860,1
Mycobacterium_pseudoshottsii,11864,11866,2
Mycobacterium_pseudoshottsii,11877,11878,1
Mycobacterium_pseudoshottsii,11993,11994,1
Mycobacterium_pseudoshottsii,12029,12030,1
Mycobacterium_pseudoshottsii,12068,12069,1
Mycobacterium_pseudoshottsii,12207,12208,1
Mycobacterium_pseudoshottsii,12211,12212,1
Mycobacterium_pseudoshottsii,12213,12214,1
Mycobacterium_pseudoshottsii,12218,12222,4
Mycobacterium_pseudoshottsii,12225,12227,2
Mycobacterium_pseudoshottsii,12237,12238,1
Mycobacterium_pseudoshottsii,12360,12369,9
Mycobacterium_pseudoshottsii,12371,12372,1
Mycobacterium_pseudoshottsii,12374,12380,6
Mycobacterium_pseudoshottsii,12384,12390,6
Mycobacterium_pseudoshottsii,12391,12400,9
Mycobacterium_pseudoshottsii,12454,12455,1
Mycobacterium_pseudoshottsii,12739,12740,1
Mycobacterium_pseudoshottsii,12798,12925,127
Mycobacterium_pseudoshottsii,13451,13452,1
Mycobacterium_pseudoshottsii,13453,13454,1
Mycobacterium_pseudoshottsii,13508,13509,1
Mycobacterium_paragordonae,1,10,9
Mycobacterium_paragordonae,21,39,18
Mycobacterium_paragordonae,56,71,15
Mycobacterium_paragordonae,87,107,20
Mycobacterium_paragordonae,117,132,15
Mycobacterium_paragordonae,133,136,3
Mycobacterium_paragordonae,346,349,3
Mycobacterium_paragordonae,1542,1691,149
Mycobacterium_paragordonae,3317,3381,64
Mycobacterium_paragordonae,3402,3492,90
Mycobacterium_paragordonae,3642,3645,3
Mycobacterium_paragordonae,3650,3653,3
Mycobacterium_paragordonae,3655,3667,12
Mycobacterium_paragordonae,3782,3788,6
Mycobacterium_paragordonae,4400,4406,6
Mycobacterium_paragordonae,4407,4413,6
Mycobacterium_paragordonae,4417,4426,9
Mycobacterium_paragordonae,4432,4445,13
Mycobacterium_paragordonae,4452,4455,3
Mycobacterium_paragordonae,4456,4462,6
Mycobacterium_paragordonae,4468,4480,12
Mycobacterium_paragordonae,4483,4486,3
Mycobacterium_paragordonae,4540,4552,12
Mycobacterium_paragordonae,4555,4564,9
Mycobacterium_paragordonae,4567,4573,6
Mycobacterium_paragordonae,4581,4584,3
Mycobacterium_paragordonae,5163,5169,6
Mycobacterium_paragordonae,5170,5179,9
Mycobacterium_paragordonae,5181,5190,9
Mycobacterium_paragordonae,5197,5199,2
Mycobacterium_paragordonae,5201,5204,3
Mycobacterium_paragordonae,5206,5214,8
Mycobacterium_paragordonae,5218,5230,12
Mycobacterium_paragordonae,5231,5241,10
Mycobacterium_paragordonae,5247,5253,6
Mycobacterium_paragordonae,5401,5402,1
Mycobacterium_paragordonae,6015,6016,1
Mycobacterium_paragordonae,6428,6464,36
Mycobacterium_paragordonae,6470,6494,24
Mycobacterium_paragordonae,7178,7254,76
Mycobacterium_paragordonae,7260,7268,8
Mycobacterium_paragordonae,7760,7763,3
Mycobacterium_paragordonae,8452,8500,48
Mycobacterium_paragordonae,8577,8578,1
Mycobacterium_paragordonae,8584,8599,15
Mycobacterium_paragordonae,8600,8604,4
Mycobacterium_paragordonae,8609,8610,1
Mycobacterium_paragordonae,8661,8662,1
Mycobacterium_paragordonae,8703,8704,1
Mycobacterium_paragordonae,8720,8721,1
Mycobacterium_paragordonae,8733,8735,2
Mycobacterium_paragordonae,8739,8742,3
Mycobacterium_paragordonae,8930,8931,1
Mycobacterium_paragordonae,8980,8982,2
Mycobacterium_paragordonae,8996,8998,2
Mycobacterium_paragordonae,9120,9121,1
Mycobacterium_paragordonae,9370,9372,2
Mycobacterium_paragordonae,9546,9547,1
Mycobacterium_paragordonae,9812,9813,1
Mycobacterium_paragordonae,9983,9986,3
Mycobacterium_paragordonae,10076,10078,2
Mycobacterium_paragordonae,10157,10158,1
Mycobacterium_paragordonae,10261,10262,1
Mycobacterium_paragordonae,10310,10312,2
Mycobacterium_paragordonae,10313,10315,2
Mycobacterium_paragordonae,10325,10326,1
Mycobacterium_paragordonae,10352,10353,1
Mycobacterium_paragordonae,10370,10371,1
Mycobacterium_paragordonae,10415,10416,1
Mycobacterium_paragordonae,10434,10435,1
Mycobacterium_paragordonae,10448,10449,1
Mycobacterium_paragordonae,10476,10477,1
Mycobacterium_paragordonae,10491,10492,1
Mycobacterium_paragordonae,10526,10527,1
Mycobacterium_paragordonae,10540,10541,1
Mycobacterium_paragordonae,10547,10649,102
Mycobacterium_paragordonae,10828,10830,2
Mycobacterium_paragordonae,10832,10846,14
Mycobacterium_paragordonae,10864,10865,1
Mycobacterium_paragordonae,10914,10915,1
Mycobacterium_paragordonae,10959,10966,7
Mycobacterium_paragordonae,10971,10975,4
Mycobacterium_paragordonae,11085,11086,1
Mycobacterium_paragordonae,11143,11144,1
Mycobacterium_paragordonae,11243,11244,1
Mycobacterium_paragordonae,11260,11261,1
Mycobacterium_paragordonae,11262,11263,1
Mycobacterium_paragordonae,11265,11267,2
Mycobacterium_paragordonae,11286,11287,1
Mycobacterium_paragordonae,11312,11313,1
Mycobacterium_paragordonae,11473,11474,1
Mycobacterium_paragordonae,11505,11511,6
Mycobacterium_paragordonae,11513,11514,1
Mycobacterium_paragordonae,11520,11534,14
Mycobacterium_paragordonae,11566,11567,1
Mycobacterium_paragordonae,11590,11591,1
Mycobacterium_paragordonae,11782,11783,1
Mycobacterium_paragordonae,11823,11824,1
Mycobacterium_paragordonae,11826,11827,1
Mycobacterium_paragordonae,11831,11836,5
Mycobacterium_paragordonae,11841,11843,2
Mycobacterium_paragordonae,11848,11850,2
Mycobacterium_paragordonae,11851,11852,1
Mycobacterium_paragordonae,11859,11860,1
Mycobacterium_paragordonae,11864,11866,2
Mycobacterium_paragordonae,11877,11878,1
Mycobacterium_paragordonae,11993,11994,1
Mycobacterium_paragordonae,12029,12030,1
Mycobacterium_paragordonae,12068,12069,1
Mycobacterium_paragordonae,12207,12208,1
Mycobacterium_paragordonae,12211,12212,1
Mycobacterium_paragordonae,12213,12214,1
Mycobacterium_paragordonae,12218,12222,4
Mycobacterium_paragordonae,12225,12227,2
Mycobacterium_paragordonae,12237,12238,1
Mycobacterium_paragordonae,12360,12369,9
Mycobacterium_paragordonae,12371,12372,1
Mycobacterium_paragordonae,12374,12380,6
Mycobacterium_paragordonae,12384,12390,6
Mycobacterium_paragordonae,12391,12400,9
Mycobacterium_paragordonae,12454,12455,1
Mycobacterium_paragordonae,12739,12740,1
Mycobacterium_paragordonae,12798,12925,127
Mycobacterium_paragordonae,13451,13452,1
Mycobacterium_paragordonae,13453,13454,1
Mycobacterium_paragordonae,13508,13509,1
Mycobacteroides_salmoniphilum,1,10,9
Mycobacteroides_salmoniphilum,24,39,15
Mycobacteroides_salmoniphilum,43,46,3
Mycobacteroides_salmoniphilum,53,115,62
Mycobacteroides_salmoniphilum,117,132,15
Mycobacteroides_salmoniphilum,133,136,3
Mycobacteroides_salmoniphilum,346,349,3
Mycobacteroides_salmoniphilum,1542,1691,149
Mycobacteroides_salmoniphilum,3320,3326,6
Mycobacteroides_salmoniphilum,3333,3361,28
Mycobacteroides_salmoniphilum,3364,3365,1
Mycobacteroides_salmoniphilum,3372,3374,2
Mycobacteroides_salmoniphilum,3411,3480,69
Mycobacteroides_salmoniphilum,3485,3491,6
Mycobacteroides_salmoniphilum,3642,3645,3
Mycobacteroides_salmoniphilum,3650,3653,3
Mycobacteroides_salmoniphilum,3655,3667,12
Mycobacteroides_salmoniphilum,3782,3788,6
Mycobacteroides_salmoniphilum,4400,4406,6
Mycobacteroides_salmoniphilum,4407,4413,6
Mycobacteroides_salmoniphilum,4424,4425,1
Mycobacteroides_salmoniphilum,4433,4445,12
Mycobacteroides_salmoniphilum,4452,4455,3
Mycobacteroides_salmoniphilum,4456,4462,6
Mycobacteroides_salmoniphilum,4468,4486,18
Mycobacteroides_salmoniphilum,4540,4552,12
Mycobacteroides_salmoniphilum,4555,4564,9
Mycobacteroides_salmoniphilum,4567,4573,6
Mycobacteroides_salmoniphilum,4582,4585,3
Mycobacteroides_salmoniphilum,5163,5169,6
Mycobacteroides_salmoniphilum,5170,5179,9
Mycobacteroides_salmoniphilum,5181,5190,9
Mycobacteroides_salmoniphilum,5197,5199,2
Mycobacteroides_salmoniphilum,5201,5204,3
Mycobacteroides_salmoniphilum,5206,5214,8
Mycobacteroides_salmoniphilum,5218,5230,12
Mycobacteroides_salmoniphilum,5231,5241,10
Mycobacteroides_salmoniphilum,5247,5253,6
Mycobacteroides_salmoniphilum,5401,5402,1
Mycobacteroides_salmoniphilum,6015,6016,1
Mycobacteroides_salmoniphilum,6431,6467,36
Mycobacteroides_salmoniphilum,6470,6494,24
Mycobacteroides_salmoniphilum,7178,7254,76
Mycobacteroides_salmoniphilum,7260,7268,8
Mycobacteroides_salmoniphilum,8452,8500,48
Mycobacteroides_salmoniphilum,8577,8578,1
Mycobacteroides_salmoniphilum,8584,8603,19
Mycobacteroides_salmoniphilum,8609,8610,1
Mycobacteroides_salmoniphilum,8661,8662,1
Mycobacteroides_salmoniphilum,8703,8704,1
Mycobacteroides_salmoniphilum,8720,8721,1
Mycobacteroides_salmoniphilum,8733,8735,2
Mycobacteroides_salmoniphilum,8739,8742,3
Mycobacteroides_salmoniphilum,8930,8931,1
Mycobacteroides_salmoniphilum,8981,8997,16
Mycobacteroides_salmoniphilum,9120,9121,1
Mycobacteroides_salmoniphilum,9370,9372,2
Mycobacteroides_salmoniphilum,9546,9547,1
Mycobacteroides_salmoniphilum,9812,9814,2
Mycobacteroides_salmoniphilum,9982,9986,4
Mycobacteroides_salmoniphilum,10076,10077,1
Mycobacteroides_salmoniphilum,10157,10158,1
Mycobacteroides_salmoniphilum,10261,10262,1
Mycobacteroides_salmoniphilum,10310,10312,2
Mycobacteroides_salmoniphilum,10313,10315,2
Mycobacteroides_salmoniphilum,10325,10326,1
Mycobacteroides_salmoniphilum,10370,10371,1
Mycobacteroides_salmoniphilum,10434,10435,1
Mycobacteroides_salmoniphilum,10448,10449,1
Mycobacteroides_salmoniphilum,10476,10477,1
Mycobacteroides_salmoniphilum,10491,10492,1
Mycobacteroides_salmoniphilum,10526,10527,1
Mycobacteroides_salmoniphilum,10546,10649,103
Mycobacteroides_salmoniphilum,10828,10839,11
Mycobacteroides_salmoniphilum,10841,10846,5
Mycobacteroides_salmoniphilum,10864,10865,1
Mycobacteroides_salmoniphilum,10914,10915,1
Mycobacteroides_salmoniphilum,10955,10974,19
Mycobacteroides_salmoniphilum,10975,10980,5
Mycobacteroides_salmoniphilum,11085,11086,1
Mycobacteroides_salmoniphilum,11143,11144,1
Mycobacteroides_salmoniphilum,11243,11244,1
Mycobacteroides_salmoniphilum,11260,11261,1
Mycobacteroides_salmoniphilum,11265,11267,2
Mycobacteroides_salmoniphilum,11286,11287,1
Mycobacteroides_salmoniphilum,11312,11313,1
Mycobacteroides_salmoniphilum,11473,11474,1
Mycobacteroides_salmoniphilum,11520,11521,1
Mycobacteroides_salmoniphilum,11532,11533,1
Mycobacteroides_salmoniphilum,11566,11567,1
Mycobacteroides_salmoniphilum,11635,11636,1
Mycobacteroides_salmoniphilum,11782,11783,1
Mycobacteroides_salmoniphilum,11823,11824,1
Mycobacteroides_salmoniphilum,11826,11827,1
Mycobacteroides_salmoniphilum,11831,11836,5
Mycobacteroides_salmoniphilum,11847,11852,5
Mycobacteroides_salmoniphilum,11859,11860,1
Mycobacteroides_salmoniphilum,11864,11866,2
Mycobacteroides_salmoniphilum,11877,11878,1
Mycobacteroides_salmoniphilum,11992,11994,2
Mycobacteroides_salmoniphilum,12029,12030,1
Mycobacteroides_salmoniphilum,12068,12069,1
Mycobacteroides_salmoniphilum,12194,12195,1
Mycobacteroides_salmoniphilum,12211,12214,3
Mycobacteroides_salmoniphilum,12220,12221,1
Mycobacteroides_salmoniphilum,12222,12227,5
Mycobacteroides_salmoniphilum,12237,12238,1
Mycobacteroides_salmoniphilum,12360,12369,9
Mycobacteroides_salmoniphilum,12371,12372,1
Mycobacteroides_salmoniphilum,12374,12388,14
Mycobacteroides_salmoniphilum,12391,12400,9
Mycobacteroides_salmoniphilum,12454,12455,1
Mycobacteroides_salmoniphilum,12739,12740,1
Mycobacteroides_salmoniphilum,12798,12925,127
Mycobacteroides_salmoniphilum,13451,13452,1
Mycobacteroides_salmoniphilum,13453,13454,1
Mycobacteroides_salmoniphilum,13508,13509,1
Mycolicibacterium_mucogenicum,1,10,9
Mycolicibacterium_mucogenicum,21,39,18
Mycolicibacterium_mucogenicum,43,46,3
Mycolicibacterium_mucogenicum,50,109,59
Mycolicibacterium_mucogenicum,117,132,15
Mycolicibacterium_mucogenicum,133,136,3
Mycolicibacterium_mucogenicum,346,349,3
Mycolicibacterium_mucogenicum,1542,1691,149
Mycolicibacterium_mucogenicum,3317,3361,44
Mycolicibacterium_mucogenicum,3364,3365,1
Mycolicibacterium_mucogenicum,3373,3374,1
Mycolicibacterium_mucogenicum,3409,3420,11
Mycolicibacterium_mucogenicum,3424,3491,67
Mycolicibacterium_mucogenicum,3642,3645,3
Mycolicibacterium_mucogenicum,3650,3653,3
Mycolicibacterium_mucogenicum,3655,3667,12
Mycolicibacterium_mucogenicum,3782,3788,6
Mycolicibacterium_mucogenicum,4400,4406,6
Mycolicibacterium_mucogenicum,4407,4413,6
Mycolicibacterium_mucogenicum,4417,4426,9
Mycolicibacterium_mucogenicum,4432,4445,13
Mycolicibacterium_mucogenicum,4452,4455,3
Mycolicibacterium_mucogenicum,4468,4474,6
Mycolicibacterium_mucogenicum,4475,4481,6
Mycolicibacterium_mucogenicum,4483,4486,3
Mycolicibacterium_mucogenicum,4540,4552,12
Mycolicibacterium_mucogenicum,4555,4564,9
Mycolicibacterium_mucogenicum,4567,4573,6
Mycolicibacterium_mucogenicum,4582,4585,3
Mycolicibacterium_mucogenicum,5163,5169,6
Mycolicibacterium_mucogenicum,5170,5179,9
Mycolicibacterium_mucogenicum,5181,5190,9
Mycolicibacterium_mucogenicum,5197,5199,2
Mycolicibacterium_mucogenicum,5201,5204,3
Mycolicibacterium_mucogenicum,5206,5214,8
Mycolicibacterium_mucogenicum,5218,5230,12
Mycolicibacterium_mucogenicum,5231,5241,10
Mycolicibacterium_mucogenicum,5247,5253,6
Mycolicibacterium_mucogenicum,5401,5402,1
Mycolicibacterium_mucogenicum,6015,6016,1
Mycolicibacterium_mucogenicum,6431,6467,36
Mycolicibacterium_mucogenicum,6470,6494,24
Mycolicibacterium_mucogenicum,7178,7254,76
Mycolicibacterium_mucogenicum,7260,7268,8
Mycolicibacterium_mucogenicum,7760,7763,3
Mycolicibacterium_mucogenicum,8452,8500,48
Mycolicibacterium_mucogenicum,8577,8578,1
Mycolicibacterium_mucogenicum,8584,8599,15
Mycolicibacterium_mucogenicum,8600,8604,4
Mycolicibacterium_mucogenicum,8609,8610,1
Mycolicibacterium_mucogenicum,8661,8662,1
Mycolicibacterium_mucogenicum,8703,8704,1
Mycolicibacterium_mucogenicum,8720,8721,1
Mycolicibacterium_mucogenicum,8733,8735,2
Mycolicibacterium_mucogenicum,8739,8742,3
Mycolicibacterium_mucogenicum,8930,8931,1
Mycolicibacterium_mucogenicum,8980,8982,2
Mycolicibacterium_mucogenicum,8984,8998,14
Mycolicibacterium_mucogenicum,9120,9121,1
Mycolicibacterium_mucogenicum,9359,9360,1
Mycolicibacterium_mucogenicum,9370,9372,2
Mycolicibacterium_mucogenicum,9546,9547,1
Mycolicibacterium_mucogenicum,9812,9813,1
Mycolicibacterium_mucogenicum,9982,9984,2
Mycolicibacterium_mucogenicum,9985,9986,1
Mycolicibacterium_mucogenicum,10076,10078,2
Mycolicibacterium_mucogenicum,10157,10158,1
Mycolicibacterium_mucogenicum,10261,10262,1
Mycolicibacterium_mucogenicum,10310,10312,2
Mycolicibacterium_mucogenicum,10313,10315,2
Mycolicibacterium_mucogenicum,10325,10326,1
Mycolicibacterium_mucogenicum,10352,10353,1
Mycolicibacterium_mucogenicum,10370,10371,1
Mycolicibacterium_mucogenicum,10416,10417,1
Mycolicibacterium_mucogenicum,10434,10435,1
Mycolicibacterium_mucogenicum,10448,10449,1
Mycolicibacterium_mucogenicum,10476,10477,1
Mycolicibacterium_mucogenicum,10491,10492,1
Mycolicibacterium_mucogenicum,10526,10527,1
Mycolicibacterium_mucogenicum,10546,10649,103
Mycolicibacterium_mucogenicum,10777,10778,1
Mycolicibacterium_mucogenicum,10828,10832,4
Mycolicibacterium_mucogenicum,10835,10843,8
Mycolicibacterium_mucogenicum,10864,10865,1
Mycolicibacterium_mucogenicum,10914,10915,1
Mycolicibacterium_mucogenicum,10965,10966,1
Mycolicibacterium_mucogenicum,10967,10977,10
Mycolicibacterium_mucogenicum,11085,11086,1
Mycolicibacterium_mucogenicum,11143,11144,1
Mycolicibacterium_mucogenicum,11243,11244,1
Mycolicibacterium_mucogenicum,11260,11261,1
Mycolicibacterium_mucogenicum,11266,11267,1
Mycolicibacterium_mucogenicum,11286,11287,1
Mycolicibacterium_mucogenicum,11312,11313,1
Mycolicibacterium_mucogenicum,11473,11474,1
Mycolicibacterium_mucogenicum,11505,11534,29
Mycolicibacterium_mucogenicum,11566,11567,1
Mycolicibacterium_mucogenicum,11782,11783,1
Mycolicibacterium_mucogenicum,11823,11824,1
Mycolicibacterium_mucogenicum,11825,11827,2
Mycolicibacterium_mucogenicum,11831,11836,5
Mycolicibacterium_mucogenicum,11846,11850,4
Mycolicibacterium_mucogenicum,11851,11852,1
Mycolicibacterium_mucogenicum,11859,11860,1
Mycolicibacterium_mucogenicum,11864,11866,2
Mycolicibacterium_mucogenicum,11877,11878,1
Mycolicibacterium_mucogenicum,11993,11995,2
Mycolicibacterium_mucogenicum,12029,12030,1
Mycolicibacterium_mucogenicum,12068,12069,1
Mycolicibacterium_mucogenicum,12207,12208,1
Mycolicibacterium_mucogenicum,12211,12212,1
Mycolicibacterium_mucogenicum,12213,12214,1
Mycolicibacterium_mucogenicum,12218,12222,4
Mycolicibacterium_mucogenicum,12226,12227,1
Mycolicibacterium_mucogenicum,12237,12238,1
Mycolicibacterium_mucogenicum,12360,12369,9
Mycolicibacterium_mucogenicum,12371,12372,1
Mycolicibacterium_mucogenicum,12374,12375,1
Mycolicibacterium_mucogenicum,12378,12381,3
Mycolicibacterium_mucogenicum,12384,12390,6
Mycolicibacterium_mucogenicum,12391,12400,9
Mycolicibacterium_mucogenicum,12454,12455,1
Mycolicibacterium_mucogenicum,12739,12740,1
Mycolicibacterium_mucogenicum,12798,12925,127
Mycolicibacterium_mucogenicum,13451,13452,1
Mycolicibacterium_mucogenicum,13453,13454,1
Mycolicibacterium_mucogenicum,13508,13509,1
Mycobacterium_grossiae,1,10,9
Mycobacterium_grossiae,21,39,18
Mycobacterium_grossiae,43,46,3
Mycobacterium_grossiae,51,113,62
Mycobacterium_grossiae,117,132,15
Mycobacterium_grossiae,133,136,3
Mycobacterium_grossiae,346,349,3
Mycobacterium_grossiae,1542,1691,149
Mycobacterium_grossiae,3317,3361,44
Mycobacterium_grossiae,3364,3365,1
Mycobacterium_grossiae,3373,3374,1
Mycobacterium_grossiae,3409,3420,11
Mycobacterium_grossiae,3424,3491,67
Mycobacterium_grossiae,3642,3645,3
Mycobacterium_grossiae,3650,3653,3
Mycobacterium_grossiae,3655,3667,12
Mycobacterium_grossiae,3782,3788,6
Mycobacterium_grossiae,4400,4406,6
Mycobacterium_grossiae,4407,4413,6
Mycobacterium_grossiae,4417,4426,9
Mycobacterium_grossiae,4432,4445,13
Mycobacterium_grossiae,4452,4455,3
Mycobacterium_grossiae,4456,4462,6
Mycobacterium_grossiae,4468,4474,6
Mycobacterium_grossiae,4475,4481,6
Mycobacterium_grossiae,4483,4486,3
Mycobacterium_grossiae,4540,4552,12
Mycobacterium_grossiae,4567,4573,6
Mycobacterium_grossiae,5163,5169,6
Mycobacterium_grossiae,5170,5179,9
Mycobacterium_grossiae,5181,5190,9
Mycobacterium_grossiae,5197,5199,2
Mycobacterium_grossiae,5201,5204,3
Mycobacterium_grossiae,5206,5214,8
Mycobacterium_grossiae,5218,5230,12
Mycobacterium_grossiae,5231,5241,10
Mycobacterium_grossiae,5247,5253,6
Mycobacterium_grossiae,5401,5402,1
Mycobacterium_grossiae,6015,6016,1
Mycobacterium_grossiae,6431,6452,21
Mycobacterium_grossiae,6456,6462,6
Mycobacterium_grossiae,6470,6494,24
Mycobacterium_grossiae,7178,7254,76
Mycobacterium_grossiae,7260,7268,8
Mycobacterium_grossiae,7760,7763,3
Mycobacterium_grossiae,8452,8500,48
Mycobacterium_grossiae,8577,8578,1
Mycobacterium_grossiae,8584,8599,15
Mycobacterium_grossiae,8600,8604,4
Mycobacterium_grossiae,8609,8610,1
Mycobacterium_grossiae,8661,8662,1
Mycobacterium_grossiae,8703,8704,1
Mycobacterium_grossiae,8720,8721,1
Mycobacterium_grossiae,8733,8735,2
Mycobacterium_grossiae,8739,8742,3
Mycobacterium_grossiae,8930,8931,1
Mycobacterium_grossiae,8980,8982,2
Mycobacterium_grossiae,8984,8998,14
Mycobacterium_grossiae,9120,9121,1
Mycobacterium_grossiae,9370,9372,2
Mycobacterium_grossiae,9546,9547,1
Mycobacterium_grossiae,9812,9813,1
Mycobacterium_grossiae,9983,9986,3
Mycobacterium_grossiae,10076,10078,2
Mycobacterium_grossiae,10157,10158,1
Mycobacterium_grossiae,10261,10262,1
Mycobacterium_grossiae,10310,10312,2
Mycobacterium_grossiae,10313,10315,2
Mycobacterium_grossiae,10325,10326,1
Mycobacterium_grossiae,10370,10371,1
Mycobacterium_grossiae,10416,10417,1
Mycobacterium_grossiae,10434,10435,1
Mycobacterium_grossiae,10448,10449,1
Mycobacterium_grossiae,10491,10492,1
Mycobacterium_grossiae,10526,10527,1
Mycobacterium_grossiae,10546,10649,103
Mycobacterium_grossiae,10828,10831,3
Mycobacterium_grossiae,10835,10843,8
Mycobacterium_grossiae,10864,10865,1
Mycobacterium_grossiae,10914,10915,1
Mycobacterium_grossiae,10965,10966,1
Mycobacterium_grossiae,10971,10975,4
Mycobacterium_grossiae,11085,11086,1
Mycobacterium_grossiae,11143,11144,1
Mycobacterium_grossiae,11243,11244,1
Mycobacterium_grossiae,11260,11261,1
Mycobacterium_grossiae,11286,11287,1
Mycobacterium_grossiae,11312,11313,1
Mycobacterium_grossiae,11473,11474,1
Mycobacterium_grossiae,11505,11512,7
Mycobacterium_grossiae,11513,11514,1
Mycobacterium_grossiae,11520,11539,19
Mycobacterium_grossiae,11566,11567,1
Mycobacterium_grossiae,11782,11783,1
Mycobacterium_grossiae,11823,11824,1
Mycobacterium_grossiae,11826,11827,1
Mycobacterium_grossiae,11831,11836,5
Mycobacterium_grossiae,11846,11850,4
Mycobacterium_grossiae,11851,11852,1
Mycobacterium_grossiae,11859,11860,1
Mycobacterium_grossiae,11864,11866,2
Mycobacterium_grossiae,11877,11878,1
Mycobacterium_grossiae,11993,11994,1
Mycobacterium_grossiae,12029,12030,1
Mycobacterium_grossiae,12068,12069,1
Mycobacterium_grossiae,12207,12208,1
Mycobacterium_grossiae,12211,12212,1
Mycobacterium_grossiae,12213,12214,1
Mycobacterium_grossiae,12218,12222,4
Mycobacterium_grossiae,12226,12227,1
Mycobacterium_grossiae,12237,12238,1
Mycobacterium_grossiae,12360,12369,9
Mycobacterium_grossiae,12371,12372,1
Mycobacterium_grossiae,12374,12375,1
Mycobacterium_grossiae,12378,12381,3
Mycobacterium_grossiae,12384,12390,6
Mycobacterium_grossiae,12391,12400,9
Mycobacterium_grossiae,12454,12455,1
Mycobacterium_grossiae,12739,12740,1
Mycobacterium_grossiae,12798,12925,127
Mycobacterium_grossiae,13451,13452,1
Mycobacterium_grossiae,13453,13454,1
Mycobacterium_grossiae,13508,13509,1
Mycolicibacterium_monacense,1,10,9
Mycolicibacterium_monacense,21,39,18
Mycolicibacterium_monacense,43,46,3
Mycolicibacterium_monacense,57,75,18
Mycolicibacterium_monacense,84,107,23
Mycolicibacterium_monacense,117,132,15
Mycolicibacterium_monacense,133,136,3
Mycolicibacterium_monacense,346,349,3
Mycolicibacterium_monacense,1542,1545,3
Mycolicibacterium_monacense,1582,1590,8
Mycolicibacterium_monacense,1629,1650,21
Mycolicibacterium_monacense,1664,1676,12
Mycolicibacterium_monacense,3317,3361,44
Mycolicibacterium_monacense,3364,3365,1
Mycolicibacterium_monacense,3373,3374,1
Mycolicibacterium_monacense,3409,3421,12
Mycolicibacterium_monacense,3424,3478,54
Mycolicibacterium_monacense,3485,3491,6
Mycolicibacterium_monacense,3642,3645,3
Mycolicibacterium_monacense,3650,3653,3
Mycolicibacterium_monacense,3655,3667,12
Mycolicibacterium_monacense,3782,3788,6
Mycolicibacterium_monacense,4400,4406,6
Mycolicibacterium_monacense,4407,4413,6
Mycolicibacterium_monacense,4417,4426,9
Mycolicibacterium_monacense,4432,4445,13
Mycolicibacterium_monacense,4452,4455,3
Mycolicibacterium_monacense,4456,4462,6
Mycolicibacterium_monacense,4468,4474,6
Mycolicibacterium_monacense,4475,4481,6
Mycolicibacterium_monacense,4483,4486,3
Mycolicibacterium_monacense,4540,4552,12
Mycolicibacterium_monacense,4555,4564,9
Mycolicibacterium_monacense,4567,4573,6
Mycolicibacterium_monacense,4582,4585,3
Mycolicibacterium_monacense,5163,5169,6
Mycolicibacterium_monacense,5170,5179,9
Mycolicibacterium_monacense,5181,5190,9
Mycolicibacterium_monacense,5197,5199,2
Mycolicibacterium_monacense,5201,5204,3
Mycolicibacterium_monacense,5206,5214,8
Mycolicibacterium_monacense,5218,5230,12
Mycolicibacterium_monacense,5231,5241,10
Mycolicibacterium_monacense,5247,5253,6
Mycolicibacterium_monacense,5401,5402,1
Mycolicibacterium_monacense,6015,6016,1
Mycolicibacterium_monacense,6431,6452,21
Mycolicibacterium_monacense,6470,6494,24
Mycolicibacterium_monacense,7178,7254,76
Mycolicibacterium_monacense,7260,7268,8
Mycolicibacterium_monacense,7760,7763,3
Mycolicibacterium_monacense,8452,8500,48
Mycolicibacterium_monacense,8577,8578,1
Mycolicibacterium_monacense,8584,8599,15
Mycolicibacterium_monacense,8600,8604,4
Mycolicibacterium_monacense,8609,8610,1
Mycolicibacterium_monacense,8661,8662,1
Mycolicibacterium_monacense,8733,8735,2
Mycolicibacterium_monacense,8739,8742,3
Mycolicibacterium_monacense,8930,8931,1
Mycolicibacterium_monacense,8980,8982,2
Mycolicibacterium_monacense,8984,8998,14
Mycolicibacterium_monacense,9120,9121,1
Mycolicibacterium_monacense,9370,9372,2
Mycolicibacterium_monacense,9546,9547,1
Mycolicibacterium_monacense,9812,9813,1
Mycolicibacterium_monacense,9985,9986,1
Mycolicibacterium_monacense,10076,10078,2
Mycolicibacterium_monacense,10157,10158,1
Mycolicibacterium_monacense,10261,10262,1
Mycolicibacterium_monacense,10310,10312,2
Mycolicibacterium_monacense,10313,10315,2
Mycolicibacterium_monacense,10325,10326,1
Mycolicibacterium_monacense,10370,10371,1
Mycolicibacterium_monacense,10434,10435,1
Mycolicibacterium_monacense,10448,10449,1
Mycolicibacterium_monacense,10461,10462,1
Mycolicibacterium_monacense,10476,10477,1
Mycolicibacterium_monacense,10491,10492,1
Mycolicibacterium_monacense,10526,10527,1
Mycolicibacterium_monacense,10545,10649,104
Mycolicibacterium_monacense,10828,10830,2
Mycolicibacterium_monacense,10835,10843,8
Mycolicibacterium_monacense,10864,10865,1
Mycolicibacterium_monacense,10914,10915,1
Mycolicibacterium_monacense,10965,10966,1
Mycolicibacterium_monacense,10971,10975,4
Mycolicibacterium_monacense,11085,11086,1
Mycolicibacterium_monacense,11143,11144,1
Mycolicibacterium_monacense,11243,11244,1
Mycolicibacterium_monacense,11260,11261,1
Mycolicibacterium_monacense,11265,11267,2
Mycolicibacterium_monacense,11286,11287,1
Mycolicibacterium_monacense,11312,11313,1
Mycolicibacterium_monacense,11473,11474,1
Mycolicibacterium_monacense,11505,11512,7
Mycolicibacterium_monacense,11513,11514,1
Mycolicibacterium_monacense,11518,11519,1
Mycolicibacterium_monacense,11520,11521,1
Mycolicibacterium_monacense,11524,11535,11
Mycolicibacterium_monacense,11566,11567,1
Mycolicibacterium_monacense,11782,11783,1
Mycolicibacterium_monacense,11823,11824,1
Mycolicibacterium_monacense,11826,11827,1
Mycolicibacterium_monacense,11831,11836,5
Mycolicibacterium_monacense,11846,11852,6
Mycolicibacterium_monacense,11859,11860,1
Mycolicibacterium_monacense,11864,11865,1
Mycolicibacterium_monacense,11877,11878,1
Mycolicibacterium_monacense,11993,11994,1
Mycolicibacterium_monacense,12029,12030,1
Mycolicibacterium_monacense,12068,12069,1
Mycolicibacterium_monacense,12207,12208,1
Mycolicibacterium_monacense,12211,12212,1
Mycolicibacterium_monacense,12213,12214,1
Mycolicibacterium_monacense,12225,12230,5
Mycolicibacterium_monacense,12237,12238,1
Mycolicibacterium_monacense,12360,12369,9
Mycolicibacterium_monacense,12371,12372,1
Mycolicibacterium_monacense,12374,12375,1
Mycolicibacterium_monacense,12377,12382,5
Mycolicibacterium_monacense,12384,12390,6
Mycolicibacterium_monacense,12391,12400,9
Mycolicibacterium_monacense,12454,12455,1
Mycolicibacterium_monacense,12739,12740,1
Mycolicibacterium_monacense,12798,12925,127
Mycolicibacterium_monacense,13453,13454,1
Mycolicibacterium_monacense,13508,13509,1
Mycobacterium_xenopi,1,10,9
Mycobacterium_xenopi,21,39,18
Mycobacterium_xenopi,43,46,3
Mycobacterium_xenopi,60,71,11
Mycobacterium_xenopi,117,132,15
Mycobacterium_xenopi,133,136,3
Mycobacterium_xenopi,346,349,3
Mycobacterium_xenopi,1542,1545,3
Mycobacterium_xenopi,1559,1606,47
Mycobacterium_xenopi,1667,1670,3
Mycobacterium_xenopi,3317,3381,64
Mycobacterium_xenopi,3410,3464,54
Mycobacterium_xenopi,3485,3491,6
Mycobacterium_xenopi,3642,3645,3
Mycobacterium_xenopi,3650,3653,3
Mycobacterium_xenopi,3655,3667,12
Mycobacterium_xenopi,3782,3788,6
Mycobacterium_xenopi,4400,4406,6
Mycobacterium_xenopi,4407,4413,6
Mycobacterium_xenopi,4417,4426,9
Mycobacterium_xenopi,4432,4445,13
Mycobacterium_xenopi,4452,4455,3
Mycobacterium_xenopi,4456,4462,6
Mycobacterium_xenopi,4468,4480,12
Mycobacterium_xenopi,4483,4486,3
Mycobacterium_xenopi,4540,4552,12
Mycobacterium_xenopi,4555,4564,9
Mycobacterium_xenopi,4567,4573,6
Mycobacterium_xenopi,4581,4584,3
Mycobacterium_xenopi,5163,5169,6
Mycobacterium_xenopi,5170,5179,9
Mycobacterium_xenopi,5181,5190,9
Mycobacterium_xenopi,5197,5199,2
Mycobacterium_xenopi,5201,5204,3
Mycobacterium_xenopi,5206,5214,8
Mycobacterium_xenopi,5218,5230,12
Mycobacterium_xenopi,5231,5241,10
Mycobacterium_xenopi,5247,5253,6
Mycobacterium_xenopi,5401,5402,1
Mycobacterium_xenopi,6015,6016,1
Mycobacterium_xenopi,6431,6452,21
Mycobacterium_xenopi,6456,6462,6
Mycobacterium_xenopi,6470,6494,24
Mycobacterium_xenopi,7178,7254,76
Mycobacterium_xenopi,7260,7268,8
Mycobacterium_xenopi,7760,7763,3
Mycobacterium_xenopi,8452,8500,48
Mycobacterium_xenopi,8577,8578,1
Mycobacterium_xenopi,8584,8598,14
Mycobacterium_xenopi,8601,8603,2
Mycobacterium_xenopi,8609,8610,1
Mycobacterium_xenopi,8661,8662,1
Mycobacterium_xenopi,8703,8704,1
Mycobacterium_xenopi,8720,8721,1
Mycobacterium_xenopi,8733,8734,1
Mycobacterium_xenopi,8930,8931,1
Mycobacterium_xenopi,8980,8982,2
Mycobacterium_xenopi,8996,8998,2
Mycobacterium_xenopi,9120,9121,1
Mycobacterium_xenopi,9370,9372,2
Mycobacterium_xenopi,9546,9547,1
Mycobacterium_xenopi,9812,9813,1
Mycobacterium_xenopi,10076,10078,2
Mycobacterium_xenopi,10157,10158,1
Mycobacterium_xenopi,10261,10262,1
Mycobacterium_xenopi,10310,10312,2
Mycobacterium_xenopi,10313,10315,2
Mycobacterium_xenopi,10325,10326,1
Mycobacterium_xenopi,10370,10371,1
Mycobacterium_xenopi,10416,10417,1
Mycobacterium_xenopi,10434,10435,1
Mycobacterium_xenopi,10448,10449,1
Mycobacterium_xenopi,10461,10462,1
Mycobacterium_xenopi,10476,10477,1
Mycobacterium_xenopi,10491,10492,1
Mycobacterium_xenopi,10526,10527,1
Mycobacterium_xenopi,10546,10649,103
Mycobacterium_xenopi,10828,10844,16
Mycobacterium_xenopi,10864,10865,1
Mycobacterium_xenopi,10914,10915,1
Mycobacterium_xenopi,10958,10966,8
Mycobacterium_xenopi,11085,11086,1
Mycobacterium_xenopi,11143,11144,1
Mycobacterium_xenopi,11243,11244,1
Mycobacterium_xenopi,11259,11261,2
Mycobacterium_xenopi,11265,11267,2
Mycobacterium_xenopi,11286,11287,1
Mycobacterium_xenopi,11312,11313,1
Mycobacterium_xenopi,11473,11474,1
Mycobacterium_xenopi,11505,11512,7
Mycobacterium_xenopi,11513,11514,1
Mycobacterium_xenopi,11520,11521,1
Mycobacterium_xenopi,11523,11541,18
Mycobacterium_xenopi,11566,11567,1
Mycobacterium_xenopi,11590,11591,1
Mycobacterium_xenopi,11782,11783,1
Mycobacterium_xenopi,11823,11824,1
Mycobacterium_xenopi,11831,11836,5
Mycobacterium_xenopi,11847,11850,3
Mycobacterium_xenopi,11851,11852,1
Mycobacterium_xenopi,11859,11860,1
Mycobacterium_xenopi,11864,11866,2
Mycobacterium_xenopi,11877,11878,1
Mycobacterium_xenopi,12029,12030,1
Mycobacterium_xenopi,12068,12069,1
Mycobacterium_xenopi,12207,12208,1
Mycobacterium_xenopi,12211,12212,1
Mycobacterium_xenopi,12213,12214,1
Mycobacterium_xenopi,12218,12222,4
Mycobacterium_xenopi,12226,12227,1
Mycobacterium_xenopi,12237,12238,1
Mycobacterium_xenopi,12360,12369,9
Mycobacterium_xenopi,12371,12372,1
Mycobacterium_xenopi,12374,12375,1
Mycobacterium_xenopi,12384,12390,6
Mycobacterium_xenopi,12391,12400,9
Mycobacterium_xenopi,12454,12455,1
Mycobacterium_xenopi,12739,12740,1
Mycobacterium_xenopi,12798,12925,127
Mycobacterium_xenopi,13451,13452,1
Mycobacterium_xenopi,13453,13454,1
Mycobacterium_xenopi,13468,13469,1
Mycobacterium_xenopi,13508,13509,1
Mycolicibacterium_parafortuitum,1,10,9
Mycolicibacterium_parafortuitum,21,39,18
Mycolicibacterium_parafortuitum,43,46,3
Mycolicibacterium_parafortuitum,51,113,62
Mycolicibacterium_parafortuitum,117,132,15
Mycolicibacterium_parafortuitum,133,136,3
Mycolicibacterium_parafortuitum,346,349,3
Mycolicibacterium_parafortuitum,1542,1691,149
Mycolicibacterium_parafortuitum,3317,3361,44
Mycolicibacterium_parafortuitum,3364,3365,1
Mycolicibacterium_parafortuitum,3373,3374,1
Mycolicibacterium_parafortuitum,3407,3482,75
Mycolicibacterium_parafortuitum,3485,3491,6
Mycolicibacterium_parafortuitum,3642,3645,3
Mycolicibacterium_parafortuitum,3650,3653,3
Mycolicibacterium_parafortuitum,3655,3667,12
Mycolicibacterium_parafortuitum,3782,3788,6
Mycolicibacterium_parafortuitum,4400,4406,6
Mycolicibacterium_parafortuitum,4407,4413,6
Mycolicibacterium_parafortuitum,4417,4426,9
Mycolicibacterium_parafortuitum,4432,4445,13
Mycolicibacterium_parafortuitum,4452,4455,3
Mycolicibacterium_parafortuitum,4456,4462,6
Mycolicibacterium_parafortuitum,4468,4474,6
Mycolicibacterium_parafortuitum,4475,4481,6
Mycolicibacterium_parafortuitum,4483,4486,3
Mycolicibacterium_parafortuitum,4540,4552,12
Mycolicibacterium_parafortuitum,4555,4564,9
Mycolicibacterium_parafortuitum,4567,4573,6
Mycolicibacterium_parafortuitum,4582,4585,3
Mycolicibacterium_parafortuitum,5163,5169,6
Mycolicibacterium_parafortuitum,5170,5179,9
Mycolicibacterium_parafortuitum,5181,5190,9
Mycolicibacterium_parafortuitum,5197,5199,2
Mycolicibacterium_parafortuitum,5201,5204,3
Mycolicibacterium_parafortuitum,5206,5214,8
Mycolicibacterium_parafortuitum,5218,5230,12
Mycolicibacterium_parafortuitum,5231,5241,10
Mycolicibacterium_parafortuitum,5247,5253,6
Mycolicibacterium_parafortuitum,5401,5402,1
Mycolicibacterium_parafortuitum,6015,6016,1
Mycolicibacterium_parafortuitum,6431,6452,21
Mycolicibacterium_parafortuitum,6456,6462,6
Mycolicibacterium_parafortuitum,6470,6494,24
Mycolicibacterium_parafortuitum,7178,7254,76
Mycolicibacterium_parafortuitum,7260,7268,8
Mycolicibacterium_parafortuitum,7760,7763,3
Mycolicibacterium_parafortuitum,8452,8500,48
Mycolicibacterium_parafortuitum,8577,8578,1
Mycolicibacterium_parafortuitum,8584,8599,15
Mycolicibacterium_parafortuitum,8600,8604,4
Mycolicibacterium_parafortuitum,8609,8610,1
Mycolicibacterium_parafortuitum,8661,8662,1
Mycolicibacterium_parafortuitum,8703,8704,1
Mycolicibacterium_parafortuitum,8720,8721,1
Mycolicibacterium_parafortuitum,8733,8735,2
Mycolicibacterium_parafortuitum,8739,8742,3
Mycolicibacterium_parafortuitum,8930,8931,1
Mycolicibacterium_parafortuitum,8980,8982,2
Mycolicibacterium_parafortuitum,8984,8998,14
Mycolicibacterium_parafortuitum,9120,9121,1
Mycolicibacterium_parafortuitum,9370,9372,2
Mycolicibacterium_parafortuitum,9546,9547,1
Mycolicibacterium_parafortuitum,9812,9813,1
Mycolicibacterium_parafortuitum,9982,9984,2
Mycolicibacterium_parafortuitum,9985,9986,1
Mycolicibacterium_parafortuitum,10076,10078,2
Mycolicibacterium_parafortuitum,10157,10158,1
Mycolicibacterium_parafortuitum,10261,10262,1
Mycolicibacterium_parafortuitum,10310,10312,2
Mycolicibacterium_parafortuitum,10313,10315,2
Mycolicibacterium_parafortuitum,10325,10326,1
Mycolicibacterium_parafortuitum,10370,10371,1
Mycolicibacterium_parafortuitum,10416,10417,1
Mycolicibacterium_parafortuitum,10434,10435,1
Mycolicibacterium_parafortuitum,10448,10449,1
Mycolicibacterium_parafortuitum,10461,10462,1
Mycolicibacterium_parafortuitum,10476,10477,1
Mycolicibacterium_parafortuitum,10491,10492,1
Mycolicibacterium_parafortuitum,10526,10527,1
Mycolicibacterium_parafortuitum,10547,10649,102
Mycolicibacterium_parafortuitum,10828,10832,4
Mycolicibacterium_parafortuitum,10835,10836,1
Mycolicibacterium_parafortuitum,10837,10843,6
Mycolicibacterium_parafortuitum,10864,10865,1
Mycolicibacterium_parafortuitum,10914,10915,1
Mycolicibacterium_parafortuitum,10965,10966,1
Mycolicibacterium_parafortuitum,10971,10975,4
Mycolicibacterium_parafortuitum,11085,11086,1
Mycolicibacterium_parafortuitum,11143,11144,1
Mycolicibacterium_parafortuitum,11243,11244,1
Mycolicibacterium_parafortuitum,11260,11261,1
Mycolicibacterium_parafortuitum,11265,11267,2
Mycolicibacterium_parafortuitum,11286,11287,1
Mycolicibacterium_parafortuitum,11312,11313,1
Mycolicibacterium_parafortuitum,11473,11474,1
Mycolicibacterium_parafortuitum,11505,11512,7
Mycolicibacterium_parafortuitum,11513,11514,1
Mycolicibacterium_parafortuitum,11520,11521,1
Mycolicibacterium_parafortuitum,11523,11537,14
Mycolicibacterium_parafortuitum,11566,11567,1
Mycolicibacterium_parafortuitum,11782,11783,1
Mycolicibacterium_parafortuitum,11823,11824,1
Mycolicibacterium_parafortuitum,11826,11827,1
Mycolicibacterium_parafortuitum,11831,11836,5
Mycolicibacterium_parafortuitum,11846,11850,4
Mycolicibacterium_parafortuitum,11851,11852,1
Mycolicibacterium_parafortuitum,11859,11860,1
Mycolicibacterium_parafortuitum,11864,11866,2
Mycolicibacterium_parafortuitum,11877,11878,1
Mycolicibacterium_parafortuitum,11993,11994,1
Mycolicibacterium_parafortuitum,12029,12030,1
Mycolicibacterium_parafortuitum,12068,12069,1
Mycolicibacterium_parafortuitum,12072,12074,2
Mycolicibacterium_parafortuitum,12207,12208,1
Mycolicibacterium_parafortuitum,12211,12212,1
Mycolicibacterium_parafortuitum,12213,12214,1
Mycolicibacterium_parafortuitum,12218,12222,4
Mycolicibacterium_parafortuitum,12226,12227,1
Mycolicibacterium_parafortuitum,12237,12238,1
Mycolicibacterium_parafortuitum,12360,12369,9
Mycolicibacterium_parafortuitum,12371,12372,1
Mycolicibacterium_parafortuitum,12374,12375,1
Mycolicibacterium_parafortuitum,12376,12383,7
Mycolicibacterium_parafortuitum,12384,12390,6
Mycolicibacterium_parafortuitum,12391,12400,9
Mycolicibacterium_parafortuitum,12454,12455,1
Mycolicibacterium_parafortuitum,12739,12740,1
Mycolicibacterium_parafortuitum,12798,12925,127
Mycolicibacterium_parafortuitum,13453,13454,1
Mycolicibacterium_parafortuitum,13508,13509,1
Mycolicibacterium_pulveris,1,10,9
Mycolicibacterium_pulveris,21,39,18
Mycolicibacterium_pulveris,43,46,3
Mycolicibacterium_pulveris,57,72,15
Mycolicibacterium_pulveris,84,107,23
Mycolicibacterium_pulveris,117,132,15
Mycolicibacterium_pulveris,133,136,3
Mycolicibacterium_pulveris,346,349,3
Mycolicibacterium_pulveris,1542,1545,3
Mycolicibacterium_pulveris,1579,1620,41
Mycolicibacterium_pulveris,1632,1650,18
Mycolicibacterium_pulveris,1664,1676,12
Mycolicibacterium_pulveris,3317,3361,44
Mycolicibacterium_pulveris,3364,3365,1
Mycolicibacterium_pulveris,3373,3374,1
Mycolicibacterium_pulveris,3409,3421,12
Mycolicibacterium_pulveris,3424,3478,54
Mycolicibacterium_pulveris,3485,3491,6
Mycolicibacterium_pulveris,3642,3645,3
Mycolicibacterium_pulveris,3650,3653,3
Mycolicibacterium_pulveris,3655,3667,12
Mycolicibacterium_pulveris,3782,3788,6
Mycolicibacterium_pulveris,4400,4406,6
Mycolicibacterium_pulveris,4407,4413,6
Mycolicibacterium_pulveris,4417,4426,9
Mycolicibacterium_pulveris,4432,4445,13
Mycolicibacterium_pulveris,4452,4455,3
Mycolicibacterium_pulveris,4456,4462,6
Mycolicibacterium_pulveris,4468,4474,6
Mycolicibacterium_pulveris,4475,4481,6
Mycolicibacterium_pulveris,4483,4486,3
Mycolicibacterium_pulveris,4540,4552,12
Mycolicibacterium_pulveris,4555,4564,9
Mycolicibacterium_pulveris,4567,4573,6
Mycolicibacterium_pulveris,4582,4585,3
Mycolicibacterium_pulveris,5163,5169,6
Mycolicibacterium_pulveris,5170,5179,9
Mycolicibacterium_pulveris,5181,5190,9
Mycolicibacterium_pulveris,5197,5199,2
Mycolicibacterium_pulveris,5201,5204,3
Mycolicibacterium_pulveris,5206,5214,8
Mycolicibacterium_pulveris,5218,5230,12
Mycolicibacterium_pulveris,5231,5241,10
Mycolicibacterium_pulveris,5247,5253,6
Mycolicibacterium_pulveris,5401,5402,1
Mycolicibacterium_pulveris,6015,6016,1
Mycolicibacterium_pulveris,6431,6467,36
Mycolicibacterium_pulveris,6470,6494,24
Mycolicibacterium_pulveris,7178,7254,76
Mycolicibacterium_pulveris,7260,7268,8
Mycolicibacterium_pulveris,7760,7763,3
Mycolicibacterium_pulveris,8452,8500,48
Mycolicibacterium_pulveris,8577,8578,1
Mycolicibacterium_pulveris,8584,8599,15
Mycolicibacterium_pulveris,8601,8603,2
Mycolicibacterium_pulveris,8609,8610,1
Mycolicibacterium_pulveris,8661,8662,1
Mycolicibacterium_pulveris,8731,8735,4
Mycolicibacterium_pulveris,8739,8742,3
Mycolicibacterium_pulveris,8930,8931,1
Mycolicibacterium_pulveris,8984,8998,14
Mycolicibacterium_pulveris,9120,9121,1
Mycolicibacterium_pulveris,9370,9372,2
Mycolicibacterium_pulveris,9546,9547,1
Mycolicibacterium_pulveris,9812,9813,1
Mycolicibacterium_pulveris,9837,9838,1
Mycolicibacterium_pulveris,9985,9986,1
Mycolicibacterium_pulveris,10076,10078,2
Mycolicibacterium_pulveris,10157,10158,1
Mycolicibacterium_pulveris,10261,10262,1
Mycolicibacterium_pulveris,10310,10312,2
Mycolicibacterium_pulveris,10313,10315,2
Mycolicibacterium_pulveris,10325,10326,1
Mycolicibacterium_pulveris,10370,10371,1
Mycolicibacterium_pulveris,10434,10435,1
Mycolicibacterium_pulveris,10448,10449,1
Mycolicibacterium_pulveris,10461,10462,1
Mycolicibacterium_pulveris,10476,10477,1
Mycolicibacterium_pulveris,10491,10492,1
Mycolicibacterium_pulveris,10526,10527,1
Mycolicibacterium_pulveris,10548,10649,101
Mycolicibacterium_pulveris,10828,10830,2
Mycolicibacterium_pulveris,10835,10836,1
Mycolicibacterium_pulveris,10837,10843,6
Mycolicibacterium_pulveris,10864,10865,1
Mycolicibacterium_pulveris,10914,10915,1
Mycolicibacterium_pulveris,10965,10966,1
Mycolicibacterium_pulveris,10971,10975,4
Mycolicibacterium_pulveris,11085,11086,1
Mycolicibacterium_pulveris,11143,11144,1
Mycolicibacterium_pulveris,11243,11244,1
Mycolicibacterium_pulveris,11260,11261,1
Mycolicibacterium_pulveris,11266,11267,1
Mycolicibacterium_pulveris,11286,11287,1
Mycolicibacterium_pulveris,11312,11313,1
Mycolicibacterium_pulveris,11473,11474,1
Mycolicibacterium_pulveris,11505,11512,7
Mycolicibacterium_pulveris,11513,11514,1
Mycolicibacterium_pulveris,11520,11535,15
Mycolicibacterium_pulveris,11550,11551,1
Mycolicibacterium_pulveris,11566,11567,1
Mycolicibacterium_pulveris,11782,11783,1
Mycolicibacterium_pulveris,11823,11824,1
Mycolicibacterium_pulveris,11831,11836,5
Mycolicibacterium_pulveris,11851,11852,1
Mycolicibacterium_pulveris,11859,11865,6
Mycolicibacterium_pulveris,11877,11878,1
Mycolicibacterium_pulveris,11993,11995,2
Mycolicibacterium_pulveris,12029,12030,1
Mycolicibacterium_pulveris,12068,12069,1
Mycolicibacterium_pulveris,12211,12212,1
Mycolicibacterium_pulveris,12213,12214,1
Mycolicibacterium_pulveris,12218,12222,4
Mycolicibacterium_pulveris,12226,12227,1
Mycolicibacterium_pulveris,12229,12230,1
Mycolicibacterium_pulveris,12237,12238,1
Mycolicibacterium_pulveris,12360,12369,9
Mycolicibacterium_pulveris,12371,12372,1
Mycolicibacterium_pulveris,12374,12375,1
Mycolicibacterium_pulveris,12377,12382,5
Mycolicibacterium_pulveris,12384,12390,6
Mycolicibacterium_pulveris,12391,12400,9
Mycolicibacterium_pulveris,12454,12455,1
Mycolicibacterium_pulveris,12739,12740,1
Mycolicibacterium_pulveris,12798,12925,127
Mycolicibacterium_pulveris,13120,13121,1
Mycolicibacterium_pulveris,13453,13454,1
Mycolicibacterium_pulveris,13508,13509,1
Mycolicibacterium_tokaiense,1,10,9
Mycolicibacterium_tokaiense,21,39,18
Mycolicibacterium_tokaiense,43,46,3
Mycolicibacterium_tokaiense,48,110,62
Mycolicibacterium_tokaiense,118,130,12
Mycolicibacterium_tokaiense,133,136,3
Mycolicibacterium_tokaiense,346,349,3
Mycolicibacterium_tokaiense,1542,1691,149
Mycolicibacterium_tokaiense,3317,3356,39
Mycolicibacterium_tokaiense,3373,3374,1
Mycolicibacterium_tokaiense,3400,3478,78
Mycolicibacterium_tokaiense,3485,3491,6
Mycolicibacterium_tokaiense,3642,3645,3
Mycolicibacterium_tokaiense,3650,3653,3
Mycolicibacterium_tokaiense,3655,3667,12
Mycolicibacterium_tokaiense,3782,3788,6
Mycolicibacterium_tokaiense,4400,4406,6
Mycolicibacterium_tokaiense,4407,4413,6
Mycolicibacterium_tokaiense,4417,4426,9
Mycolicibacterium_tokaiense,4432,4445,13
Mycolicibacterium_tokaiense,4452,4455,3
Mycolicibacterium_tokaiense,4456,4462,6
Mycolicibacterium_tokaiense,4468,4474,6
Mycolicibacterium_tokaiense,4475,4481,6
Mycolicibacterium_tokaiense,4483,4486,3
Mycolicibacterium_tokaiense,4540,4552,12
Mycolicibacterium_tokaiense,4555,4564,9
Mycolicibacterium_tokaiense,4567,4573,6
Mycolicibacterium_tokaiense,4582,4585,3
Mycolicibacterium_tokaiense,5163,5169,6
Mycolicibacterium_tokaiense,5170,5179,9
Mycolicibacterium_tokaiense,5181,5190,9
Mycolicibacterium_tokaiense,5197,5199,2
Mycolicibacterium_tokaiense,5201,5204,3
Mycolicibacterium_tokaiense,5206,5214,8
Mycolicibacterium_tokaiense,5218,5230,12
Mycolicibacterium_tokaiense,5231,5241,10
Mycolicibacterium_tokaiense,5247,5253,6
Mycolicibacterium_tokaiense,5401,5402,1
Mycolicibacterium_tokaiense,6015,6016,1
Mycolicibacterium_tokaiense,6431,6452,21
Mycolicibacterium_tokaiense,6456,6462,6
Mycolicibacterium_tokaiense,6470,6494,24
Mycolicibacterium_tokaiense,7178,7254,76
Mycolicibacterium_tokaiense,7260,7268,8
Mycolicibacterium_tokaiense,7760,7763,3
Mycolicibacterium_tokaiense,8452,8500,48
Mycolicibacterium_tokaiense,8577,8578,1
Mycolicibacterium_tokaiense,8584,8599,15
Mycolicibacterium_tokaiense,8600,8604,4
Mycolicibacterium_tokaiense,8609,8610,1
Mycolicibacterium_tokaiense,8661,8662,1
Mycolicibacterium_tokaiense,8703,8704,1
Mycolicibacterium_tokaiense,8720,8721,1
Mycolicibacterium_tokaiense,8733,8735,2
Mycolicibacterium_tokaiense,8739,8742,3
Mycolicibacterium_tokaiense,8930,8931,1
Mycolicibacterium_tokaiense,8980,8982,2
Mycolicibacterium_tokaiense,8984,8998,14
Mycolicibacterium_tokaiense,9120,9121,1
Mycolicibacterium_tokaiense,9370,9372,2
Mycolicibacterium_tokaiense,9546,9547,1
Mycolicibacterium_tokaiense,9812,9813,1
Mycolicibacterium_tokaiense,9985,9986,1
Mycolicibacterium_tokaiense,10076,10078,2
Mycolicibacterium_tokaiense,10157,10158,1
Mycolicibacterium_tokaiense,10261,10262,1
Mycolicibacterium_tokaiense,10310,10312,2
Mycolicibacterium_tokaiense,10313,10315,2
Mycolicibacterium_tokaiense,10325,10326,1
Mycolicibacterium_tokaiense,10370,10371,1
Mycolicibacterium_tokaiense,10416,10417,1
Mycolicibacterium_tokaiense,10434,10435,1
Mycolicibacterium_tokaiense,10448,10451,3
Mycolicibacterium_tokaiense,10461,10462,1
Mycolicibacterium_tokaiense,10476,10477,1
Mycolicibacterium_tokaiense,10491,10492,1
Mycolicibacterium_tokaiense,10526,10527,1
Mycolicibacterium_tokaiense,10546,10649,103
Mycolicibacterium_tokaiense,10771,10774,3
Mycolicibacterium_tokaiense,10828,10832,4
Mycolicibacterium_tokaiense,10835,10842,7
Mycolicibacterium_tokaiense,10864,10865,1
Mycolicibacterium_tokaiense,10914,10915,1
Mycolicibacterium_tokaiense,10961,10968,7
Mycolicibacterium_tokaiense,10971,10975,4
Mycolicibacterium_tokaiense,11085,11086,1
Mycolicibacterium_tokaiense,11143,11144,1
Mycolicibacterium_tokaiense,11243,11245,2
Mycolicibacterium_tokaiense,11260,11261,1
Mycolicibacterium_tokaiense,11265,11267,2
Mycolicibacterium_tokaiense,11286,11287,1
Mycolicibacterium_tokaiense,11312,11313,1
Mycolicibacterium_tokaiense,11473,11474,1
Mycolicibacterium_tokaiense,11505,11512,7
Mycolicibacterium_tokaiense,11513,11533,20
Mycolicibacterium_tokaiense,11566,11567,1
Mycolicibacterium_tokaiense,11782,11783,1
Mycolicibacterium_tokaiense,11823,11824,1
Mycolicibacterium_tokaiense,11826,11827,1
Mycolicibacterium_tokaiense,11831,11836,5
Mycolicibacterium_tokaiense,11846,11850,4
Mycolicibacterium_tokaiense,11851,11852,1
Mycolicibacterium_tokaiense,11859,11860,1
Mycolicibacterium_tokaiense,11864,11866,2
Mycolicibacterium_tokaiense,11877,11878,1
Mycolicibacterium_tokaiense,11993,11994,1
Mycolicibacterium_tokaiense,12029,12030,1
Mycolicibacterium_tokaiense,12068,12069,1
Mycolicibacterium_tokaiense,12207,12208,1
Mycolicibacterium_tokaiense,12211,12212,1
Mycolicibacterium_tokaiense,12213,12214,1
Mycolicibacterium_tokaiense,12218,12222,4
Mycolicibacterium_tokaiense,12225,12227,2
Mycolicibacterium_tokaiense,12237,12238,1
Mycolicibacterium_tokaiense,12360,12369,9
Mycolicibacterium_tokaiense,12371,12372,1
Mycolicibacterium_tokaiense,12374,12382,8
Mycolicibacterium_tokaiense,12384,12390,6
Mycolicibacterium_tokaiense,12391,12400,9
Mycolicibacterium_tokaiense,12454,12455,1
Mycolicibacterium_tokaiense,12739,12740,1
Mycolicibacterium_tokaiense,12798,12925,127
Mycolicibacterium_tokaiense,13058,13059,1
Mycolicibacterium_tokaiense,13069,13070,1
Mycolicibacterium_tokaiense,13451,13452,1
Mycolicibacterium_tokaiense,13453,13454,1
Mycolicibacterium_tokaiense,13508,13509,1
Mycolicibacterium_tokaiense,13522,13523,1
Mycolicibacterium_moriokaense,1,10,9
Mycolicibacterium_moriokaense,21,39,18
Mycolicibacterium_moriokaense,43,46,3
Mycolicibacterium_moriokaense,48,110,62
Mycolicibacterium_moriokaense,117,132,15
Mycolicibacterium_moriokaense,133,136,3
Mycolicibacterium_moriokaense,346,349,3
Mycolicibacterium_moriokaense,1572,1604,32
Mycolicibacterium_moriokaense,1615,1675,60
Mycolicibacterium_moriokaense,3317,3361,44
Mycolicibacterium_moriokaense,3364,3365,1
Mycolicibacterium_moriokaense,3373,3374,1
Mycolicibacterium_moriokaense,3409,3478,69
Mycolicibacterium_moriokaense,3485,3491,6
Mycolicibacterium_moriokaense,3642,3645,3
Mycolicibacterium_moriokaense,3655,3667,12
Mycolicibacterium_moriokaense,3782,3788,6
Mycolicibacterium_moriokaense,4400,4406,6
Mycolicibacterium_moriokaense,4407,4413,6
Mycolicibacterium_moriokaense,4417,4426,9
Mycolicibacterium_moriokaense,4432,4445,13
Mycolicibacterium_moriokaense,4452,4455,3
Mycolicibacterium_moriokaense,4456,4462,6
Mycolicibacterium_moriokaense,4468,4474,6
Mycolicibacterium_moriokaense,4475,4481,6
Mycolicibacterium_moriokaense,4483,4486,3
Mycolicibacterium_moriokaense,4540,4552,12
Mycolicibacterium_moriokaense,4555,4564,9
Mycolicibacterium_moriokaense,4567,4573,6
Mycolicibacterium_moriokaense,4582,4585,3
Mycolicibacterium_moriokaense,5163,5169,6
Mycolicibacterium_moriokaense,5170,5179,9
Mycolicibacterium_moriokaense,5181,5190,9
Mycolicibacterium_moriokaense,5197,5199,2
Mycolicibacterium_moriokaense,5201,5204,3
Mycolicibacterium_moriokaense,5206,5214,8
Mycolicibacterium_moriokaense,5218,5230,12
Mycolicibacterium_moriokaense,5231,5241,10
Mycolicibacterium_moriokaense,5247,5253,6
Mycolicibacterium_moriokaense,5401,5402,1
Mycolicibacterium_moriokaense,6015,6016,1
Mycolicibacterium_moriokaense,6431,6467,36
Mycolicibacterium_moriokaense,6470,6494,24
Mycolicibacterium_moriokaense,7178,7254,76
Mycolicibacterium_moriokaense,7260,7268,8
Mycolicibacterium_moriokaense,7760,7763,3
Mycolicibacterium_moriokaense,8452,8500,48
Mycolicibacterium_moriokaense,8577,8578,1
Mycolicibacterium_moriokaense,8584,8599,15
Mycolicibacterium_moriokaense,8601,8603,2
Mycolicibacterium_moriokaense,8609,8610,1
Mycolicibacterium_moriokaense,8661,8662,1
Mycolicibacterium_moriokaense,8733,8735,2
Mycolicibacterium_moriokaense,8739,8742,3
Mycolicibacterium_moriokaense,8757,8758,1
Mycolicibacterium_moriokaense,8930,8931,1
Mycolicibacterium_moriokaense,8980,8982,2
Mycolicibacterium_moriokaense,8984,8998,14
Mycolicibacterium_moriokaense,9120,9121,1
Mycolicibacterium_moriokaense,9370,9372,2
Mycolicibacterium_moriokaense,9546,9547,1
Mycolicibacterium_moriokaense,9812,9813,1
Mycolicibacterium_moriokaense,9985,9986,1
Mycolicibacterium_moriokaense,10076,10078,2
Mycolicibacterium_moriokaense,10157,10158,1
Mycolicibacterium_moriokaense,10261,10262,1
Mycolicibacterium_moriokaense,10310,10312,2
Mycolicibacterium_moriokaense,10313,10315,2
Mycolicibacterium_moriokaense,10325,10326,1
Mycolicibacterium_moriokaense,10370,10371,1
Mycolicibacterium_moriokaense,10416,10417,1
Mycolicibacterium_moriokaense,10434,10435,1
Mycolicibacterium_moriokaense,10448,10449,1
Mycolicibacterium_moriokaense,10461,10462,1
Mycolicibacterium_moriokaense,10476,10477,1
Mycolicibacterium_moriokaense,10491,10492,1
Mycolicibacterium_moriokaense,10526,10527,1
Mycolicibacterium_moriokaense,10546,10649,103
Mycolicibacterium_moriokaense,10828,10830,2
Mycolicibacterium_moriokaense,10835,10836,1
Mycolicibacterium_moriokaense,10837,10843,6
Mycolicibacterium_moriokaense,10864,10865,1
Mycolicibacterium_moriokaense,10914,10915,1
Mycolicibacterium_moriokaense,10965,10966,1
Mycolicibacterium_moriokaense,10971,10975,4
Mycolicibacterium_moriokaense,11085,11086,1
Mycolicibacterium_moriokaense,11143,11144,1
Mycolicibacterium_moriokaense,11243,11244,1
Mycolicibacterium_moriokaense,11260,11261,1
Mycolicibacterium_moriokaense,11286,11287,1
Mycolicibacterium_moriokaense,11312,11313,1
Mycolicibacterium_moriokaense,11473,11474,1
Mycolicibacterium_moriokaense,11505,11512,7
Mycolicibacterium_moriokaense,11513,11514,1
Mycolicibacterium_moriokaense,11520,11521,1
Mycolicibacterium_moriokaense,11523,11542,19
Mycolicibacterium_moriokaense,11566,11567,1
Mycolicibacterium_moriokaense,11782,11783,1
Mycolicibacterium_moriokaense,11823,11824,1
Mycolicibacterium_moriokaense,11831,11836,5
Mycolicibacterium_moriokaense,11846,11850,4
Mycolicibacterium_moriokaense,11851,11852,1
Mycolicibacterium_moriokaense,11859,11860,1
Mycolicibacterium_moriokaense,11864,11866,2
Mycolicibacterium_moriokaense,11877,11878,1
Mycolicibacterium_moriokaense,11993,11994,1
Mycolicibacterium_moriokaense,12029,12030,1
Mycolicibacterium_moriokaense,12068,12069,1
Mycolicibacterium_moriokaense,12207,12208,1
Mycolicibacterium_moriokaense,12211,12212,1
Mycolicibacterium_moriokaense,12218,12222,4
Mycolicibacterium_moriokaense,12226,12227,1
Mycolicibacterium_moriokaense,12237,12238,1
Mycolicibacterium_moriokaense,12360,12369,9
Mycolicibacterium_moriokaense,12371,12372,1
Mycolicibacterium_moriokaense,12374,12375,1
Mycolicibacterium_moriokaense,12378,12381,3
Mycolicibacterium_moriokaense,12384,12390,6
Mycolicibacterium_moriokaense,12391,12400,9
Mycolicibacterium_moriokaense,12454,12455,1
Mycolicibacterium_moriokaense,12739,12740,1
Mycolicibacterium_moriokaense,12798,12925,127
Mycolicibacterium_moriokaense,13453,13454,1
Mycolicibacterium_moriokaense,13508,13509,1
Mycolicibacterium_aichiense,1,10,9
Mycolicibacterium_aichiense,21,39,18
Mycolicibacterium_aichiense,43,46,3
Mycolicibacterium_aichiense,50,109,59
Mycolicibacterium_aichiense,117,132,15
Mycolicibacterium_aichiense,133,136,3
Mycolicibacterium_aichiense,346,349,3
Mycolicibacterium_aichiense,1542,1691,149
Mycolicibacterium_aichiense,3317,3361,44
Mycolicibacterium_aichiense,3364,3365,1
Mycolicibacterium_aichiense,3373,3374,1
Mycolicibacterium_aichiense,3408,3480,72
Mycolicibacterium_aichiense,3485,3491,6
Mycolicibacterium_aichiense,3642,3645,3
Mycolicibacterium_aichiense,3650,3653,3
Mycolicibacterium_aichiense,3655,3667,12
Mycolicibacterium_aichiense,3782,3788,6
Mycolicibacterium_aichiense,4400,4406,6
Mycolicibacterium_aichiense,4407,4413,6
Mycolicibacterium_aichiense,4417,4426,9
Mycolicibacterium_aichiense,4432,4445,13
Mycolicibacterium_aichiense,4452,4455,3
Mycolicibacterium_aichiense,4456,4462,6
Mycolicibacterium_aichiense,4468,4474,6
Mycolicibacterium_aichiense,4475,4481,6
Mycolicibacterium_aichiense,4483,4486,3
Mycolicibacterium_aichiense,4540,4552,12
Mycolicibacterium_aichiense,4555,4564,9
Mycolicibacterium_aichiense,4567,4573,6
Mycolicibacterium_aichiense,4582,4585,3
Mycolicibacterium_aichiense,5163,5169,6
Mycolicibacterium_aichiense,5170,5179,9
Mycolicibacterium_aichiense,5181,5190,9
Mycolicibacterium_aichiense,5197,5199,2
Mycolicibacterium_aichiense,5201,5204,3
Mycolicibacterium_aichiense,5206,5214,8
Mycolicibacterium_aichiense,5218,5230,12
Mycolicibacterium_aichiense,5231,5241,10
Mycolicibacterium_aichiense,5247,5253,6
Mycolicibacterium_aichiense,5401,5402,1
Mycolicibacterium_aichiense,6015,6016,1
Mycolicibacterium_aichiense,6431,6452,21
Mycolicibacterium_aichiense,6456,6462,6
Mycolicibacterium_aichiense,6470,6494,24
Mycolicibacterium_aichiense,7178,7254,76
Mycolicibacterium_aichiense,7260,7268,8
Mycolicibacterium_aichiense,7760,7763,3
Mycolicibacterium_aichiense,8452,8500,48
Mycolicibacterium_aichiense,8577,8578,1
Mycolicibacterium_aichiense,8584,8599,15
Mycolicibacterium_aichiense,8600,8604,4
Mycolicibacterium_aichiense,8609,8610,1
Mycolicibacterium_aichiense,8661,8662,1
Mycolicibacterium_aichiense,8703,8704,1
Mycolicibacterium_aichiense,8720,8721,1
Mycolicibacterium_aichiense,8733,8735,2
Mycolicibacterium_aichiense,8739,8742,3
Mycolicibacterium_aichiense,8930,8931,1
Mycolicibacterium_aichiense,8980,8982,2
Mycolicibacterium_aichiense,8984,8998,14
Mycolicibacterium_aichiense,9120,9121,1
Mycolicibacterium_aichiense,9370,9372,2
Mycolicibacterium_aichiense,9546,9547,1
Mycolicibacterium_aichiense,9812,9813,1
Mycolicibacterium_aichiense,9982,9984,2
Mycolicibacterium_aichiense,9985,9986,1
Mycolicibacterium_aichiense,10076,10078,2
Mycolicibacterium_aichiense,10157,10158,1
Mycolicibacterium_aichiense,10261,10262,1
Mycolicibacterium_aichiense,10310,10312,2
Mycolicibacterium_aichiense,10313,10315,2
Mycolicibacterium_aichiense,10325,10326,1
Mycolicibacterium_aichiense,10370,10371,1
Mycolicibacterium_aichiense,10416,10417,1
Mycolicibacterium_aichiense,10434,10435,1
Mycolicibacterium_aichiense,10448,10449,1
Mycolicibacterium_aichiense,10461,10462,1
Mycolicibacterium_aichiense,10476,10477,1
Mycolicibacterium_aichiense,10491,10492,1
Mycolicibacterium_aichiense,10526,10527,1
Mycolicibacterium_aichiense,10546,10649,103
Mycolicibacterium_aichiense,10828,10832,4
Mycolicibacterium_aichiense,10835,10836,1
Mycolicibacterium_aichiense,10837,10843,6
Mycolicibacterium_aichiense,10864,10865,1
Mycolicibacterium_aichiense,10914,10915,1
Mycolicibacterium_aichiense,10965,10966,1
Mycolicibacterium_aichiense,10971,10975,4
Mycolicibacterium_aichiense,11085,11086,1
Mycolicibacterium_aichiense,11143,11144,1
Mycolicibacterium_aichiense,11243,11245,2
Mycolicibacterium_aichiense,11260,11261,1
Mycolicibacterium_aichiense,11265,11267,2
Mycolicibacterium_aichiense,11286,11287,1
Mycolicibacterium_aichiense,11312,11313,1
Mycolicibacterium_aichiense,11415,11416,1
Mycolicibacterium_aichiense,11473,11474,1
Mycolicibacterium_aichiense,11505,11512,7
Mycolicibacterium_aichiense,11513,11514,1
Mycolicibacterium_aichiense,11520,11521,1
Mycolicibacterium_aichiense,11523,11537,14
Mycolicibacterium_aichiense,11540,11541,1
Mycolicibacterium_aichiense,11782,11783,1
Mycolicibacterium_aichiense,11823,11824,1
Mycolicibacterium_aichiense,11826,11827,1
Mycolicibacterium_aichiense,11831,11836,5
Mycolicibacterium_aichiense,11846,11850,4
Mycolicibacterium_aichiense,11851,11852,1
Mycolicibacterium_aichiense,11859,11860,1
Mycolicibacterium_aichiense,11864,11866,2
Mycolicibacterium_aichiense,11877,11878,1
Mycolicibacterium_aichiense,11993,11994,1
Mycolicibacterium_aichiense,12029,12030,1
Mycolicibacterium_aichiense,12068,12069,1
Mycolicibacterium_aichiense,12196,12197,1
Mycolicibacterium_aichiense,12207,12208,1
Mycolicibacterium_aichiense,12211,12212,1
Mycolicibacterium_aichiense,12213,12214,1
Mycolicibacterium_aichiense,12218,12222,4
Mycolicibacterium_aichiense,12226,12227,1
Mycolicibacterium_aichiense,12237,12238,1
Mycolicibacterium_aichiense,12360,12369,9
Mycolicibacterium_aichiense,12371,12372,1
Mycolicibacterium_aichiense,12374,12375,1
Mycolicibacterium_aichiense,12378,12383,5
Mycolicibacterium_aichiense,12384,12390,6
Mycolicibacterium_aichiense,12391,12400,9
Mycolicibacterium_aichiense,12454,12455,1
Mycolicibacterium_aichiense,12739,12740,1
Mycolicibacterium_aichiense,12798,12925,127
Mycolicibacterium_aichiense,13451,13452,1
Mycolicibacterium_aichiense,13453,13454,1
Mycolicibacterium_aichiense,13508,13509,1
Mycobacterium_novum,1,10,9
Mycobacterium_novum,21,39,18
Mycobacterium_novum,43,46,3
Mycobacterium_novum,59,136,77
Mycobacterium_novum,346,349,3
Mycobacterium_novum,1542,1691,149
Mycobacterium_novum,3317,3381,64
Mycobacterium_novum,3414,3420,6
Mycobacterium_novum,3424,3460,36
Mycobacterium_novum,3473,3479,6
Mycobacterium_novum,3485,3491,6
Mycobacterium_novum,3650,3653,3
Mycobacterium_novum,3657,3672,15
Mycobacterium_novum,3782,3788,6
Mycobacterium_novum,4400,4406,6
Mycobacterium_novum,4407,4413,6
Mycobacterium_novum,4422,4426,4
Mycobacterium_novum,4452,4455,3
Mycobacterium_novum,4456,4486,30
Mycobacterium_novum,4555,4564,9
Mycobacterium_novum,4567,4573,6
Mycobacterium_novum,5163,5169,6
Mycobacterium_novum,5170,5179,9
Mycobacterium_novum,5181,5190,9
Mycobacterium_novum,5197,5199,2
Mycobacterium_novum,5201,5204,3
Mycobacterium_novum,5206,5214,8
Mycobacterium_novum,5218,5230,12
Mycobacterium_novum,5231,5241,10
Mycobacterium_novum,5247,5253,6
Mycobacterium_novum,5401,5402,1
Mycobacterium_novum,6015,6016,1
Mycobacterium_novum,6431,6452,21
Mycobacterium_novum,6456,6462,6
Mycobacterium_novum,6470,6494,24
Mycobacterium_novum,7178,7254,76
Mycobacterium_novum,7260,7268,8
Mycobacterium_novum,7760,7763,3
Mycobacterium_novum,8452,8500,48
Mycobacterium_novum,8577,8578,1
Mycobacterium_novum,8584,8599,15
Mycobacterium_novum,8601,8603,2
Mycobacterium_novum,8609,8610,1
Mycobacterium_novum,8661,8662,1
Mycobacterium_novum,8703,8704,1
Mycobacterium_novum,8720,8721,1
Mycobacterium_novum,8733,8735,2
Mycobacterium_novum,8739,8742,3
Mycobacterium_novum,8930,8931,1
Mycobacterium_novum,8980,8982,2
Mycobacterium_novum,9120,9121,1
Mycobacterium_novum,9546,9547,1
Mycobacterium_novum,9812,9814,2
Mycobacterium_novum,9982,9986,4
Mycobacterium_novum,10076,10078,2
Mycobacterium_novum,10157,10158,1
Mycobacterium_novum,10310,10312,2
Mycobacterium_novum,10313,10315,2
Mycobacterium_novum,10325,10326,1
Mycobacterium_novum,10370,10371,1
Mycobacterium_novum,10416,10417,1
Mycobacterium_novum,10448,10449,1
Mycobacterium_novum,10476,10477,1
Mycobacterium_novum,10491,10492,1
Mycobacterium_novum,10526,10527,1
Mycobacterium_novum,10547,10649,102
Mycobacterium_novum,10828,10830,2
Mycobacterium_novum,10836,10843,7
Mycobacterium_novum,10864,10865,1
Mycobacterium_novum,10914,10915,1
Mycobacterium_novum,10965,10966,1
Mycobacterium_novum,10971,10975,4
Mycobacterium_novum,11085,11086,1
Mycobacterium_novum,11143,11144,1
Mycobacterium_novum,11243,11244,1
Mycobacterium_novum,11260,11261,1
Mycobacterium_novum,11265,11267,2
Mycobacterium_novum,11286,11287,1
Mycobacterium_novum,11312,11313,1
Mycobacterium_novum,11473,11474,1
Mycobacterium_novum,11505,11512,7
Mycobacterium_novum,11513,11514,1
Mycobacterium_novum,11515,11533,18
Mycobacterium_novum,11566,11567,1
Mycobacterium_novum,11782,11783,1
Mycobacterium_novum,11823,11824,1
Mycobacterium_novum,11831,11836,5
Mycobacterium_novum,11847,11850,3
Mycobacterium_novum,11851,11852,1
Mycobacterium_novum,11859,11860,1
Mycobacterium_novum,11864,11866,2
Mycobacterium_novum,11867,11870,3
Mycobacterium_novum,11877,11878,1
Mycobacterium_novum,11993,11994,1
Mycobacterium_novum,12029,12030,1
Mycobacterium_novum,12068,12069,1
Mycobacterium_novum,12207,12208,1
Mycobacterium_novum,12211,12212,1
Mycobacterium_novum,12213,12214,1
Mycobacterium_novum,12218,12222,4
Mycobacterium_novum,12226,12227,1
Mycobacterium_novum,12237,12238,1
Mycobacterium_novum,12360,12369,9
Mycobacterium_novum,12371,12372,1
Mycobacterium_novum,12374,12375,1
Mycobacterium_novum,12378,12381,3
Mycobacterium_novum,12384,12390,6
Mycobacterium_novum,12391,12400,9
Mycobacterium_novum,12454,12455,1
Mycobacterium_novum,12739,12740,1
Mycobacterium_novum,12798,12925,127
Mycobacterium_novum,13453,13454,1
Mycobacterium_novum,13508,13509,1
Mycobacterium_novum,13527,13528,1
Mycolicibacterium_duvalii,1,10,9
Mycolicibacterium_duvalii,21,39,18
Mycolicibacterium_duvalii,43,46,3
Mycolicibacterium_duvalii,51,107,56
Mycolicibacterium_duvalii,117,132,15
Mycolicibacterium_duvalii,133,136,3
Mycolicibacterium_duvalii,346,349,3
Mycolicibacterium_duvalii,1542,1691,149
Mycolicibacterium_duvalii,3317,3361,44
Mycolicibacterium_duvalii,3364,3365,1
Mycolicibacterium_duvalii,3373,3374,1
Mycolicibacterium_duvalii,3409,3421,12
Mycolicibacterium_duvalii,3424,3478,54
Mycolicibacterium_duvalii,3485,3491,6
Mycolicibacterium_duvalii,3642,3645,3
Mycolicibacterium_duvalii,3650,3653,3
Mycolicibacterium_duvalii,3655,3667,12
Mycolicibacterium_duvalii,3782,3788,6
Mycolicibacterium_duvalii,4400,4406,6
Mycolicibacterium_duvalii,4407,4413,6
Mycolicibacterium_duvalii,4417,4426,9
Mycolicibacterium_duvalii,4432,4445,13
Mycolicibacterium_duvalii,4452,4455,3
Mycolicibacterium_duvalii,4456,4462,6
Mycolicibacterium_duvalii,4468,4474,6
Mycolicibacterium_duvalii,4475,4481,6
Mycolicibacterium_duvalii,4483,4486,3
Mycolicibacterium_duvalii,4540,4552,12
Mycolicibacterium_duvalii,4555,4564,9
Mycolicibacterium_duvalii,4567,4573,6
Mycolicibacterium_duvalii,4582,4585,3
Mycolicibacterium_duvalii,5163,5169,6
Mycolicibacterium_duvalii,5170,5179,9
Mycolicibacterium_duvalii,5181,5190,9
Mycolicibacterium_duvalii,5197,5199,2
Mycolicibacterium_duvalii,5201,5204,3
Mycolicibacterium_duvalii,5206,5214,8
Mycolicibacterium_duvalii,5218,5230,12
Mycolicibacterium_duvalii,5231,5241,10
Mycolicibacterium_duvalii,5247,5253,6
Mycolicibacterium_duvalii,5401,5402,1
Mycolicibacterium_duvalii,6015,6016,1
Mycolicibacterium_duvalii,6431,6452,21
Mycolicibacterium_duvalii,6470,6494,24
Mycolicibacterium_duvalii,7178,7254,76
Mycolicibacterium_duvalii,7260,7268,8
Mycolicibacterium_duvalii,7760,7763,3
Mycolicibacterium_duvalii,8452,8500,48
Mycolicibacterium_duvalii,8577,8578,1
Mycolicibacterium_duvalii,8584,8599,15
Mycolicibacterium_duvalii,8600,8604,4
Mycolicibacterium_duvalii,8609,8610,1
Mycolicibacterium_duvalii,8661,8662,1
Mycolicibacterium_duvalii,8733,8735,2
Mycolicibacterium_duvalii,8739,8742,3
Mycolicibacterium_duvalii,8930,8931,1
Mycolicibacterium_duvalii,8961,8963,2
Mycolicibacterium_duvalii,8980,8982,2
Mycolicibacterium_duvalii,8984,8998,14
Mycolicibacterium_duvalii,9120,9121,1
Mycolicibacterium_duvalii,9370,9372,2
Mycolicibacterium_duvalii,9546,9547,1
Mycolicibacterium_duvalii,9812,9813,1
Mycolicibacterium_duvalii,9985,9986,1
Mycolicibacterium_duvalii,10076,10078,2
Mycolicibacterium_duvalii,10254,10255,1
Mycolicibacterium_duvalii,10261,10262,1
Mycolicibacterium_duvalii,10267,10268,1
Mycolicibacterium_duvalii,10310,10312,2
Mycolicibacterium_duvalii,10313,10315,2
Mycolicibacterium_duvalii,10325,10326,1
Mycolicibacterium_duvalii,10370,10371,1
Mycolicibacterium_duvalii,10416,10417,1
Mycolicibacterium_duvalii,10434,10435,1
Mycolicibacterium_duvalii,10448,10449,1
Mycolicibacterium_duvalii,10461,10462,1
Mycolicibacterium_duvalii,10476,10477,1
Mycolicibacterium_duvalii,10491,10492,1
Mycolicibacterium_duvalii,10526,10527,1
Mycolicibacterium_duvalii,10548,10649,101
Mycolicibacterium_duvalii,10828,10830,2
Mycolicibacterium_duvalii,10835,10836,1
Mycolicibacterium_duvalii,10837,10843,6
Mycolicibacterium_duvalii,10864,10865,1
Mycolicibacterium_duvalii,10914,10915,1
Mycolicibacterium_duvalii,10965,10966,1
Mycolicibacterium_duvalii,10971,10975,4
Mycolicibacterium_duvalii,11085,11086,1
Mycolicibacterium_duvalii,11143,11144,1
Mycolicibacterium_duvalii,11243,11244,1
Mycolicibacterium_duvalii,11260,11261,1
Mycolicibacterium_duvalii,11265,11267,2
Mycolicibacterium_duvalii,11286,11287,1
Mycolicibacterium_duvalii,11312,11313,1
Mycolicibacterium_duvalii,11473,11474,1
Mycolicibacterium_duvalii,11505,11512,7
Mycolicibacterium_duvalii,11513,11514,1
Mycolicibacterium_duvalii,11520,11521,1
Mycolicibacterium_duvalii,11524,11537,13
Mycolicibacterium_duvalii,11566,11567,1
Mycolicibacterium_duvalii,11782,11783,1
Mycolicibacterium_duvalii,11823,11824,1
Mycolicibacterium_duvalii,11826,11827,1
Mycolicibacterium_duvalii,11831,11836,5
Mycolicibacterium_duvalii,11847,11849,2
Mycolicibacterium_duvalii,11851,11852,1
Mycolicibacterium_duvalii,11859,11860,1
Mycolicibacterium_duvalii,11864,11866,2
Mycolicibacterium_duvalii,11877,11878,1
Mycolicibacterium_duvalii,11993,11994,1
Mycolicibacterium_duvalii,12029,12030,1
Mycolicibacterium_duvalii,12068,12069,1
Mycolicibacterium_duvalii,12207,12208,1
Mycolicibacterium_duvalii,12211,12212,1
Mycolicibacterium_duvalii,12213,12214,1
Mycolicibacterium_duvalii,12218,12222,4
Mycolicibacterium_duvalii,12226,12227,1
Mycolicibacterium_duvalii,12237,12238,1
Mycolicibacterium_duvalii,12275,12276,1
Mycolicibacterium_duvalii,12360,12369,9
Mycolicibacterium_duvalii,12371,12372,1
Mycolicibacterium_duvalii,12374,12375,1
Mycolicibacterium_duvalii,12377,12382,5
Mycolicibacterium_duvalii,12384,12390,6
Mycolicibacterium_duvalii,12391,12400,9
Mycolicibacterium_duvalii,12419,12420,1
Mycolicibacterium_duvalii,12454,12455,1
Mycolicibacterium_duvalii,12739,12740,1
Mycolicibacterium_duvalii,12798,12925,127
Mycolicibacterium_duvalii,13451,13452,1
Mycolicibacterium_duvalii,13453,13454,1
Mycolicibacterium_duvalii,13508,13509,1
Mycolicibacterium_fallax,1,10,9
Mycolicibacterium_fallax,21,39,18
Mycolicibacterium_fallax,43,46,3
Mycolicibacterium_fallax,62,115,53
Mycolicibacterium_fallax,117,132,15
Mycolicibacterium_fallax,133,136,3
Mycolicibacterium_fallax,346,349,3
Mycolicibacterium_fallax,1542,1691,149
Mycolicibacterium_fallax,3317,3361,44
Mycolicibacterium_fallax,3364,3365,1
Mycolicibacterium_fallax,3373,3374,1
Mycolicibacterium_fallax,3408,3480,72
Mycolicibacterium_fallax,3485,3491,6
Mycolicibacterium_fallax,3494,3497,3
Mycolicibacterium_fallax,3642,3645,3
Mycolicibacterium_fallax,3655,3667,12
Mycolicibacterium_fallax,3782,3788,6
Mycolicibacterium_fallax,4400,4406,6
Mycolicibacterium_fallax,4407,4413,6
Mycolicibacterium_fallax,4417,4426,9
Mycolicibacterium_fallax,4432,4445,13
Mycolicibacterium_fallax,4452,4455,3
Mycolicibacterium_fallax,4456,4462,6
Mycolicibacterium_fallax,4468,4474,6
Mycolicibacterium_fallax,4475,4481,6
Mycolicibacterium_fallax,4483,4486,3
Mycolicibacterium_fallax,4540,4552,12
Mycolicibacterium_fallax,4555,4564,9
Mycolicibacterium_fallax,4567,4573,6
Mycolicibacterium_fallax,4582,4585,3
Mycolicibacterium_fallax,5163,5169,6
Mycolicibacterium_fallax,5170,5179,9
Mycolicibacterium_fallax,5181,5190,9
Mycolicibacterium_fallax,5197,5199,2
Mycolicibacterium_fallax,5201,5204,3
Mycolicibacterium_fallax,5212,5214,2
Mycolicibacterium_fallax,5218,5230,12
Mycolicibacterium_fallax,5234,5241,7
Mycolicibacterium_fallax,5247,5253,6
Mycolicibacterium_fallax,5401,5402,1
Mycolicibacterium_fallax,6015,6016,1
Mycolicibacterium_fallax,6431,6452,21
Mycolicibacterium_fallax,6456,6462,6
Mycolicibacterium_fallax,6475,6490,15
Mycolicibacterium_fallax,7178,7254,76
Mycolicibacterium_fallax,7260,7268,8
Mycolicibacterium_fallax,7760,7763,3
Mycolicibacterium_fallax,8452,8500,48
Mycolicibacterium_fallax,8577,8578,1
Mycolicibacterium_fallax,8584,8599,15
Mycolicibacterium_fallax,8600,8604,4
Mycolicibacterium_fallax,8609,8610,1
Mycolicibacterium_fallax,8661,8662,1
Mycolicibacterium_fallax,8703,8704,1
Mycolicibacterium_fallax,8720,8721,1
Mycolicibacterium_fallax,8733,8735,2
Mycolicibacterium_fallax,8739,8742,3
Mycolicibacterium_fallax,8930,8931,1
Mycolicibacterium_fallax,8980,8982,2
Mycolicibacterium_fallax,8984,8998,14
Mycolicibacterium_fallax,9120,9121,1
Mycolicibacterium_fallax,9359,9360,1
Mycolicibacterium_fallax,9370,9372,2
Mycolicibacterium_fallax,9546,9547,1
Mycolicibacterium_fallax,9812,9814,2
Mycolicibacterium_fallax,9985,9986,1
Mycolicibacterium_fallax,10076,10078,2
Mycolicibacterium_fallax,10157,10158,1
Mycolicibacterium_fallax,10261,10262,1
Mycolicibacterium_fallax,10310,10312,2
Mycolicibacterium_fallax,10313,10315,2
Mycolicibacterium_fallax,10325,10326,1
Mycolicibacterium_fallax,10370,10371,1
Mycolicibacterium_fallax,10416,10417,1
Mycolicibacterium_fallax,10434,10435,1
Mycolicibacterium_fallax,10448,10449,1
Mycolicibacterium_fallax,10461,10462,1
Mycolicibacterium_fallax,10476,10477,1
Mycolicibacterium_fallax,10491,10492,1
Mycolicibacterium_fallax,10526,10527,1
Mycolicibacterium_fallax,10546,10649,103
Mycolicibacterium_fallax,10828,10830,2
Mycolicibacterium_fallax,10835,10836,1
Mycolicibacterium_fallax,10837,10843,6
Mycolicibacterium_fallax,10864,10865,1
Mycolicibacterium_fallax,10914,10915,1
Mycolicibacterium_fallax,10961,10968,7
Mycolicibacterium_fallax,10971,10975,4
Mycolicibacterium_fallax,11085,11086,1
Mycolicibacterium_fallax,11143,11144,1
Mycolicibacterium_fallax,11260,11261,1
Mycolicibacterium_fallax,11265,11267,2
Mycolicibacterium_fallax,11286,11287,1
Mycolicibacterium_fallax,11312,11313,1
Mycolicibacterium_fallax,11506,11511,5
Mycolicibacterium_fallax,11513,11514,1
Mycolicibacterium_fallax,11520,11537,17
Mycolicibacterium_fallax,11566,11567,1
Mycolicibacterium_fallax,11782,11783,1
Mycolicibacterium_fallax,11819,11820,1
Mycolicibacterium_fallax,11823,11824,1
Mycolicibacterium_fallax,11826,11827,1
Mycolicibacterium_fallax,11831,11836,5
Mycolicibacterium_fallax,11847,11853,6
Mycolicibacterium_fallax,11859,11860,1
Mycolicibacterium_fallax,11864,11866,2
Mycolicibacterium_fallax,11877,11878,1
Mycolicibacterium_fallax,11993,11995,2
Mycolicibacterium_fallax,12029,12030,1
Mycolicibacterium_fallax,12068,12069,1
Mycolicibacterium_fallax,12207,12208,1
Mycolicibacterium_fallax,12211,12212,1
Mycolicibacterium_fallax,12213,12214,1
Mycolicibacterium_fallax,12218,12222,4
Mycolicibacterium_fallax,12226,12227,1
Mycolicibacterium_fallax,12237,12238,1
Mycolicibacterium_fallax,12275,12276,1
Mycolicibacterium_fallax,12371,12372,1
Mycolicibacterium_fallax,12374,12400,26
Mycolicibacterium_fallax,12454,12455,1
Mycolicibacterium_fallax,12739,12740,1
Mycolicibacterium_fallax,12798,12925,127
Mycolicibacterium_fallax,13451,13452,1
Mycolicibacterium_fallax,13453,13454,1
Mycolicibacterium_fallax,13508,13509,1
Mycolicibacter_terrae,1,10,9
Mycolicibacter_terrae,21,39,18
Mycolicibacter_terrae,43,46,3
Mycolicibacter_terrae,59,136,77
Mycolicibacter_terrae,346,349,3
Mycolicibacter_terrae,1542,1691,149
Mycolicibacter_terrae,3317,3361,44
Mycolicibacter_terrae,3364,3365,1
Mycolicibacter_terrae,3373,3374,1
Mycolicibacter_terrae,3414,3420,6
Mycolicibacter_terrae,3424,3460,36
Mycolicibacter_terrae,3473,3479,6
Mycolicibacter_terrae,3485,3491,6
Mycolicibacter_terrae,3650,3653,3
Mycolicibacter_terrae,3657,3672,15
Mycolicibacter_terrae,3782,3788,6
Mycolicibacter_terrae,4400,4406,6
Mycolicibacter_terrae,4407,4413,6
Mycolicibacter_terrae,4422,4426,4
Mycolicibacter_terrae,4452,4455,3
Mycolicibacter_terrae,4456,4486,30
Mycolicibacter_terrae,4555,4564,9
Mycolicibacter_terrae,4567,4573,6
Mycolicibacter_terrae,5163,5169,6
Mycolicibacter_terrae,5170,5179,9
Mycolicibacter_terrae,5181,5190,9
Mycolicibacter_terrae,5197,5199,2
Mycolicibacter_terrae,5201,5204,3
Mycolicibacter_terrae,5206,5214,8
Mycolicibacter_terrae,5218,5230,12
Mycolicibacter_terrae,5231,5241,10
Mycolicibacter_terrae,5247,5253,6
Mycolicibacter_terrae,5401,5402,1
Mycolicibacter_terrae,6015,6016,1
Mycolicibacter_terrae,6431,6452,21
Mycolicibacter_terrae,6470,6494,24
Mycolicibacter_terrae,7178,7254,76
Mycolicibacter_terrae,7260,7268,8
Mycolicibacter_terrae,7760,7763,3
Mycolicibacter_terrae,8452,8500,48
Mycolicibacter_terrae,8577,8578,1
Mycolicibacter_terrae,8584,8599,15
Mycolicibacter_terrae,8601,8603,2
Mycolicibacter_terrae,8609,8610,1
Mycolicibacter_terrae,8661,8662,1
Mycolicibacter_terrae,8703,8704,1
Mycolicibacter_terrae,8720,8721,1
Mycolicibacter_terrae,8733,8735,2
Mycolicibacter_terrae,8739,8742,3
Mycolicibacter_terrae,8930,8931,1
Mycolicibacter_terrae,8980,8982,2
Mycolicibacter_terrae,9120,9121,1
Mycolicibacter_terrae,9546,9547,1
Mycolicibacter_terrae,9812,9814,2
Mycolicibacter_terrae,9982,9986,4
Mycolicibacter_terrae,10076,10078,2
Mycolicibacter_terrae,10157,10158,1
Mycolicibacter_terrae,10311,10312,1
Mycolicibacter_terrae,10313,10315,2
Mycolicibacter_terrae,10325,10326,1
Mycolicibacter_terrae,10370,10371,1
Mycolicibacter_terrae,10416,10417,1
Mycolicibacter_terrae,10434,10435,1
Mycolicibacter_terrae,10448,10449,1
Mycolicibacter_terrae,10461,10462,1
Mycolicibacter_terrae,10476,10477,1
Mycolicibacter_terrae,10491,10492,1
Mycolicibacter_terrae,10526,10527,1
Mycolicibacter_terrae,10546,10649,103
Mycolicibacter_terrae,10828,10830,2
Mycolicibacter_terrae,10835,10843,8
Mycolicibacter_terrae,10864,10865,1
Mycolicibacter_terrae,10914,10915,1
Mycolicibacter_terrae,10965,10966,1
Mycolicibacter_terrae,10971,10975,4
Mycolicibacter_terrae,11085,11086,1
Mycolicibacter_terrae,11143,11144,1
Mycolicibacter_terrae,11243,11244,1
Mycolicibacter_terrae,11260,11261,1
Mycolicibacter_terrae,11265,11267,2
Mycolicibacter_terrae,11286,11287,1
Mycolicibacter_terrae,11312,11313,1
Mycolicibacter_terrae,11473,11474,1
Mycolicibacter_terrae,11505,11512,7
Mycolicibacter_terrae,11513,11514,1
Mycolicibacter_terrae,11515,11533,18
Mycolicibacter_terrae,11537,11538,1
Mycolicibacter_terrae,11566,11567,1
Mycolicibacter_terrae,11782,11783,1
Mycolicibacter_terrae,11823,11824,1
Mycolicibacter_terrae,11831,11836,5
Mycolicibacter_terrae,11847,11850,3
Mycolicibacter_terrae,11851,11852,1
Mycolicibacter_terrae,11859,11860,1
Mycolicibacter_terrae,11864,11866,2
Mycolicibacter_terrae,11877,11878,1
Mycolicibacter_terrae,11993,11994,1
Mycolicibacter_terrae,12029,12030,1
Mycolicibacter_terrae,12068,12069,1
Mycolicibacter_terrae,12207,12208,1
Mycolicibacter_terrae,12211,12212,1
Mycolicibacter_terrae,12213,12214,1
Mycolicibacter_terrae,12218,12222,4
Mycolicibacter_terrae,12226,12227,1
Mycolicibacter_terrae,12237,12238,1
Mycolicibacter_terrae,12360,12369,9
Mycolicibacter_terrae,12371,12372,1
Mycolicibacter_terrae,12374,12375,1
Mycolicibacter_terrae,12377,12382,5
Mycolicibacter_terrae,12384,12390,6
Mycolicibacter_terrae,12391,12400,9
Mycolicibacter_terrae,12454,12455,1
Mycolicibacter_terrae,12739,12740,1
Mycolicibacter_terrae,12798,12925,127
Mycolicibacter_terrae,13453,13454,1
Mycolicibacter_terrae,13508,13509,1
Mycolicibacterium_alvei,1,10,9
Mycolicibacterium_alvei,21,39,18
Mycolicibacterium_alvei,43,46,3
Mycolicibacterium_alvei,48,110,62
Mycolicibacterium_alvei,117,132,15
Mycolicibacterium_alvei,133,136,3
Mycolicibacterium_alvei,346,349,3
Mycolicibacterium_alvei,1542,1691,149
Mycolicibacterium_alvei,3317,3361,44
Mycolicibacterium_alvei,3364,3365,1
Mycolicibacterium_alvei,3373,3374,1
Mycolicibacterium_alvei,3403,3406,3
Mycolicibacterium_alvei,3409,3421,12
Mycolicibacterium_alvei,3424,3478,54
Mycolicibacterium_alvei,3485,3491,6
Mycolicibacterium_alvei,3642,3645,3
Mycolicibacterium_alvei,3650,3653,3
Mycolicibacterium_alvei,3655,3667,12
Mycolicibacterium_alvei,3782,3788,6
Mycolicibacterium_alvei,4400,4406,6
Mycolicibacterium_alvei,4407,4413,6
Mycolicibacterium_alvei,4417,4426,9
Mycolicibacterium_alvei,4432,4445,13
Mycolicibacterium_alvei,4452,4455,3
Mycolicibacterium_alvei,4456,4462,6
Mycolicibacterium_alvei,4468,4474,6
Mycolicibacterium_alvei,4475,4481,6
Mycolicibacterium_alvei,4483,4486,3
Mycolicibacterium_alvei,4540,4552,12
Mycolicibacterium_alvei,4555,4564,9
Mycolicibacterium_alvei,4567,4573,6
Mycolicibacterium_alvei,4582,4585,3
Mycolicibacterium_alvei,5163,5169,6
Mycolicibacterium_alvei,5170,5179,9
Mycolicibacterium_alvei,5181,5190,9
Mycolicibacterium_alvei,5197,5199,2
Mycolicibacterium_alvei,5201,5204,3
Mycolicibacterium_alvei,5206,5214,8
Mycolicibacterium_alvei,5218,5230,12
Mycolicibacterium_alvei,5231,5241,10
Mycolicibacterium_alvei,5247,5253,6
Mycolicibacterium_alvei,5401,5402,1
Mycolicibacterium_alvei,6015,6016,1
Mycolicibacterium_alvei,6431,6452,21
Mycolicibacterium_alvei,6456,6462,6
Mycolicibacterium_alvei,6470,6494,24
Mycolicibacterium_alvei,7178,7254,76
Mycolicibacterium_alvei,7260,7268,8
Mycolicibacterium_alvei,7760,7763,3
Mycolicibacterium_alvei,8452,8500,48
Mycolicibacterium_alvei,8577,8578,1
Mycolicibacterium_alvei,8584,8599,15
Mycolicibacterium_alvei,8600,8604,4
Mycolicibacterium_alvei,8609,8610,1
Mycolicibacterium_alvei,8661,8662,1
Mycolicibacterium_alvei,8703,8704,1
Mycolicibacterium_alvei,8720,8721,1
Mycolicibacterium_alvei,8733,8735,2
Mycolicibacterium_alvei,8739,8742,3
Mycolicibacterium_alvei,8930,8931,1
Mycolicibacterium_alvei,8980,8982,2
Mycolicibacterium_alvei,8984,8998,14
Mycolicibacterium_alvei,9120,9121,1
Mycolicibacterium_alvei,9370,9372,2
Mycolicibacterium_alvei,9546,9547,1
Mycolicibacterium_alvei,9812,9813,1
Mycolicibacterium_alvei,9985,9986,1
Mycolicibacterium_alvei,10076,10078,2
Mycolicibacterium_alvei,10157,10158,1
Mycolicibacterium_alvei,10261,10262,1
Mycolicibacterium_alvei,10310,10312,2
Mycolicibacterium_alvei,10313,10315,2
Mycolicibacterium_alvei,10325,10326,1
Mycolicibacterium_alvei,10370,10371,1
Mycolicibacterium_alvei,10416,10417,1
Mycolicibacterium_alvei,10434,10435,1
Mycolicibacterium_alvei,10448,10449,1
Mycolicibacterium_alvei,10476,10477,1
Mycolicibacterium_alvei,10491,10492,1
Mycolicibacterium_alvei,10526,10527,1
Mycolicibacterium_alvei,10547,10649,102
Mycolicibacterium_alvei,10828,10831,3
Mycolicibacterium_alvei,10835,10843,8
Mycolicibacterium_alvei,10864,10865,1
Mycolicibacterium_alvei,10914,10915,1
Mycolicibacterium_alvei,10965,10966,1
Mycolicibacterium_alvei,10971,10975,4
Mycolicibacterium_alvei,11085,11086,1
Mycolicibacterium_alvei,11143,11144,1
Mycolicibacterium_alvei,11243,11244,1
Mycolicibacterium_alvei,11260,11261,1
Mycolicibacterium_alvei,11286,11287,1
Mycolicibacterium_alvei,11312,11313,1
Mycolicibacterium_alvei,11473,11474,1
Mycolicibacterium_alvei,11505,11512,7
Mycolicibacterium_alvei,11513,11514,1
Mycolicibacterium_alvei,11520,11521,1
Mycolicibacterium_alvei,11524,11539,15
Mycolicibacterium_alvei,11566,11567,1
Mycolicibacterium_alvei,11782,11783,1
Mycolicibacterium_alvei,11823,11824,1
Mycolicibacterium_alvei,11826,11827,1
Mycolicibacterium_alvei,11831,11836,5
Mycolicibacterium_alvei,11846,11850,4
Mycolicibacterium_alvei,11851,11852,1
Mycolicibacterium_alvei,11859,11860,1
Mycolicibacterium_alvei,11864,11865,1
Mycolicibacterium_alvei,11877,11878,1
Mycolicibacterium_alvei,11993,11994,1
Mycolicibacterium_alvei,12029,12030,1
Mycolicibacterium_alvei,12068,12069,1
Mycolicibacterium_alvei,12207,12208,1
Mycolicibacterium_alvei,12211,12212,1
Mycolicibacterium_alvei,12213,12214,1
Mycolicibacterium_alvei,12218,12222,4
Mycolicibacterium_alvei,12226,12227,1
Mycolicibacterium_alvei,12237,12238,1
Mycolicibacterium_alvei,12360,12372,12
Mycolicibacterium_alvei,12374,12375,1
Mycolicibacterium_alvei,12378,12381,3
Mycolicibacterium_alvei,12384,12390,6
Mycolicibacterium_alvei,12391,12400,9
Mycolicibacterium_alvei,12454,12455,1
Mycolicibacterium_alvei,12739,12740,1
Mycolicibacterium_alvei,12798,12925,127
Mycolicibacterium_alvei,13425,13427,2
Mycolicibacterium_alvei,13444,13446,2
Mycolicibacterium_alvei,13451,13452,1
Mycolicibacterium_alvei,13453,13454,1
Mycolicibacterium_alvei,13468,13470,2
Mycolicibacterium_alvei,13508,13509,1
Mycolicibacterium_mageritense,1,10,9
Mycolicibacterium_mageritense,21,39,18
Mycolicibacterium_mageritense,43,46,3
Mycolicibacterium_mageritense,50,109,59
Mycolicibacterium_mageritense,117,132,15
Mycolicibacterium_mageritense,133,136,3
Mycolicibacterium_mageritense,346,349,3
Mycolicibacterium_mageritense,1542,1691,149
Mycolicibacterium_mageritense,3317,3361,44
Mycolicibacterium_mageritense,3364,3365,1
Mycolicibacterium_mageritense,3373,3374,1
Mycolicibacterium_mageritense,3409,3421,12
Mycolicibacterium_mageritense,3424,3478,54
Mycolicibacterium_mageritense,3485,3491,6
Mycolicibacterium_mageritense,3642,3645,3
Mycolicibacterium_mageritense,3650,3653,3
Mycolicibacterium_mageritense,3655,3667,12
Mycolicibacterium_mageritense,3782,3788,6
Mycolicibacterium_mageritense,4400,4406,6
Mycolicibacterium_mageritense,4407,4413,6
Mycolicibacterium_mageritense,4417,4426,9
Mycolicibacterium_mageritense,4432,4445,13
Mycolicibacterium_mageritense,4452,4455,3
Mycolicibacterium_mageritense,4456,4462,6
Mycolicibacterium_mageritense,4468,4474,6
Mycolicibacterium_mageritense,4475,4481,6
Mycolicibacterium_mageritense,4483,4486,3
Mycolicibacterium_mageritense,4540,4552,12
Mycolicibacterium_mageritense,4555,4564,9
Mycolicibacterium_mageritense,4567,4573,6
Mycolicibacterium_mageritense,4582,4585,3
Mycolicibacterium_mageritense,5163,5169,6
Mycolicibacterium_mageritense,5170,5179,9
Mycolicibacterium_mageritense,5181,5190,9
Mycolicibacterium_mageritense,5197,5199,2
Mycolicibacterium_mageritense,5201,5204,3
Mycolicibacterium_mageritense,5206,5214,8
Mycolicibacterium_mageritense,5218,5230,12
Mycolicibacterium_mageritense,5231,5241,10
Mycolicibacterium_mageritense,5247,5253,6
Mycolicibacterium_mageritense,5401,5402,1
Mycolicibacterium_mageritense,6015,6016,1
Mycolicibacterium_mageritense,6431,6452,21
Mycolicibacterium_mageritense,6456,6462,6
Mycolicibacterium_mageritense,6470,6494,24
Mycolicibacterium_mageritense,7178,7254,76
Mycolicibacterium_mageritense,7260,7268,8
Mycolicibacterium_mageritense,7760,7763,3
Mycolicibacterium_mageritense,8452,8500,48
Mycolicibacterium_mageritense,8577,8578,1
Mycolicibacterium_mageritense,8584,8599,15
Mycolicibacterium_mageritense,8600,8604,4
Mycolicibacterium_mageritense,8609,8610,1
Mycolicibacterium_mageritense,8661,8662,1
Mycolicibacterium_mageritense,8703,8705,2
Mycolicibacterium_mageritense,8720,8721,1
Mycolicibacterium_mageritense,8733,8736,3
Mycolicibacterium_mageritense,8739,8742,3
Mycolicibacterium_mageritense,8755,8756,1
Mycolicibacterium_mageritense,8930,8931,1
Mycolicibacterium_mageritense,8980,8982,2
Mycolicibacterium_mageritense,8984,8998,14
Mycolicibacterium_mageritense,9120,9121,1
Mycolicibacterium_mageritense,9370,9372,2
Mycolicibacterium_mageritense,9546,9547,1
Mycolicibacterium_mageritense,9812,9813,1
Mycolicibacterium_mageritense,9985,9986,1
Mycolicibacterium_mageritense,10076,10078,2
Mycolicibacterium_mageritense,10157,10158,1
Mycolicibacterium_mageritense,10261,10262,1
Mycolicibacterium_mageritense,10310,10312,2
Mycolicibacterium_mageritense,10313,10315,2
Mycolicibacterium_mageritense,10325,10326,1
Mycolicibacterium_mageritense,10370,10371,1
Mycolicibacterium_mageritense,10416,10417,1
Mycolicibacterium_mageritense,10434,10435,1
Mycolicibacterium_mageritense,10448,10449,1
Mycolicibacterium_mageritense,10476,10477,1
Mycolicibacterium_mageritense,10491,10492,1
Mycolicibacterium_mageritense,10526,10527,1
Mycolicibacterium_mageritense,10547,10649,102
Mycolicibacterium_mageritense,10828,10830,2
Mycolicibacterium_mageritense,10835,10843,8
Mycolicibacterium_mageritense,10864,10865,1
Mycolicibacterium_mageritense,10914,10915,1
Mycolicibacterium_mageritense,10965,10966,1
Mycolicibacterium_mageritense,10971,10975,4
Mycolicibacterium_mageritense,11085,11086,1
Mycolicibacterium_mageritense,11143,11144,1
Mycolicibacterium_mageritense,11243,11244,1
Mycolicibacterium_mageritense,11260,11261,1
Mycolicibacterium_mageritense,11286,11287,1
Mycolicibacterium_mageritense,11312,11313,1
Mycolicibacterium_mageritense,11341,11342,1
Mycolicibacterium_mageritense,11473,11474,1
Mycolicibacterium_mageritense,11505,11512,7
Mycolicibacterium_mageritense,11513,11514,1
Mycolicibacterium_mageritense,11520,11521,1
Mycolicibacterium_mageritense,11524,11539,15
Mycolicibacterium_mageritense,11566,11567,1
Mycolicibacterium_mageritense,11782,11783,1
Mycolicibacterium_mageritense,11823,11824,1
Mycolicibacterium_mageritense,11826,11827,1
Mycolicibacterium_mageritense,11831,11836,5
Mycolicibacterium_mageritense,11846,11850,4
Mycolicibacterium_mageritense,11851,11852,1
Mycolicibacterium_mageritense,11859,11860,1
Mycolicibacterium_mageritense,11864,11865,1
Mycolicibacterium_mageritense,11877,11878,1
Mycolicibacterium_mageritense,11993,11994,1
Mycolicibacterium_mageritense,12029,12030,1
Mycolicibacterium_mageritense,12068,12069,1
Mycolicibacterium_mageritense,12189,12193,4
Mycolicibacterium_mageritense,12207,12208,1
Mycolicibacterium_mageritense,12211,12212,1
Mycolicibacterium_mageritense,12213,12214,1
Mycolicibacterium_mageritense,12218,12222,4
Mycolicibacterium_mageritense,12226,12227,1
Mycolicibacterium_mageritense,12237,12238,1
Mycolicibacterium_mageritense,12360,12372,12
Mycolicibacterium_mageritense,12374,12375,1
Mycolicibacterium_mageritense,12378,12381,3
Mycolicibacterium_mageritense,12384,12390,6
Mycolicibacterium_mageritense,12391,12400,9
Mycolicibacterium_mageritense,12454,12455,1
Mycolicibacterium_mageritense,12739,12740,1
Mycolicibacterium_mageritense,12798,12925,127
Mycolicibacterium_mageritense,13451,13452,1
Mycolicibacterium_mageritense,13453,13454,1
Mycolicibacterium_mageritense,13508,13509,1
Mycobacterium_simiae,1,10,9
Mycobacterium_simiae,21,39,18
Mycobacterium_simiae,43,46,3
Mycobacterium_simiae,53,71,18
Mycobacterium_simiae,87,107,20
Mycobacterium_simiae,117,132,15
Mycobacterium_simiae,133,136,3
Mycobacterium_simiae,346,349,3
Mycobacterium_simiae,1542,1691,149
Mycobacterium_simiae,3317,3361,44
Mycobacterium_simiae,3364,3365,1
Mycobacterium_simiae,3373,3374,1
Mycobacterium_simiae,3414,3420,6
Mycobacterium_simiae,3422,3482,60
Mycobacterium_simiae,3485,3491,6
Mycobacterium_simiae,3642,3645,3
Mycobacterium_simiae,3650,3653,3
Mycobacterium_simiae,3655,3667,12
Mycobacterium_simiae,3782,3788,6
Mycobacterium_simiae,4400,4406,6
Mycobacterium_simiae,4407,4413,6
Mycobacterium_simiae,4417,4426,9
Mycobacterium_simiae,4432,4445,13
Mycobacterium_simiae,4452,4455,3
Mycobacterium_simiae,4456,4462,6
Mycobacterium_simiae,4468,4480,12
Mycobacterium_simiae,4483,4486,3
Mycobacterium_simiae,4540,4552,12
Mycobacterium_simiae,4555,4564,9
Mycobacterium_simiae,4567,4573,6
Mycobacterium_simiae,4581,4584,3
Mycobacterium_simiae,5163,5169,6
Mycobacterium_simiae,5170,5179,9
Mycobacterium_simiae,5181,5190,9
Mycobacterium_simiae,5197,5199,2
Mycobacterium_simiae,5201,5204,3
Mycobacterium_simiae,5206,5214,8
Mycobacterium_simiae,5218,5230,12
Mycobacterium_simiae,5231,5241,10
Mycobacterium_simiae,5247,5253,6
Mycobacterium_simiae,5401,5402,1
Mycobacterium_simiae,6015,6016,1
Mycobacterium_simiae,6428,6464,36
Mycobacterium_simiae,6470,6494,24
Mycobacterium_simiae,7178,7254,76
Mycobacterium_simiae,7260,7268,8
Mycobacterium_simiae,7760,7763,3
Mycobacterium_simiae,8452,8500,48
Mycobacterium_simiae,8577,8578,1
Mycobacterium_simiae,8584,8599,15
Mycobacterium_simiae,8601,8603,2
Mycobacterium_simiae,8609,8610,1
Mycobacterium_simiae,8661,8662,1
Mycobacterium_simiae,8703,8704,1
Mycobacterium_simiae,8720,8721,1
Mycobacterium_simiae,8733,8735,2
Mycobacterium_simiae,8739,8742,3
Mycobacterium_simiae,8930,8931,1
Mycobacterium_simiae,8980,8982,2
Mycobacterium_simiae,8987,9001,14
Mycobacterium_simiae,9120,9121,1
Mycobacterium_simiae,9370,9372,2
Mycobacterium_simiae,9546,9547,1
Mycobacterium_simiae,9812,9813,1
Mycobacterium_simiae,9983,9987,4
Mycobacterium_simiae,10076,10078,2
Mycobacterium_simiae,10157,10158,1
Mycobacterium_simiae,10261,10262,1
Mycobacterium_simiae,10310,10312,2
Mycobacterium_simiae,10313,10315,2
Mycobacterium_simiae,10325,10326,1
Mycobacterium_simiae,10370,10371,1
Mycobacterium_simiae,10434,10435,1
Mycobacterium_simiae,10448,10449,1
Mycobacterium_simiae,10476,10477,1
Mycobacterium_simiae,10491,10492,1
Mycobacterium_simiae,10526,10527,1
Mycobacterium_simiae,10546,10649,103
Mycobacterium_simiae,10828,10830,2
Mycobacterium_simiae,10832,10846,14
Mycobacterium_simiae,10864,10865,1
Mycobacterium_simiae,10914,10915,1
Mycobacterium_simiae,10958,10983,25
Mycobacterium_simiae,11085,11086,1
Mycobacterium_simiae,11143,11144,1
Mycobacterium_simiae,11243,11244,1
Mycobacterium_simiae,11260,11261,1
Mycobacterium_simiae,11262,11263,1
Mycobacterium_simiae,11265,11267,2
Mycobacterium_simiae,11286,11287,1
Mycobacterium_simiae,11312,11313,1
Mycobacterium_simiae,11473,11474,1
Mycobacterium_simiae,11505,11534,29
Mycobacterium_simiae,11566,11567,1
Mycobacterium_simiae,11590,11591,1
Mycobacterium_simiae,11782,11783,1
Mycobacterium_simiae,11823,11824,1
Mycobacterium_simiae,11826,11827,1
Mycobacterium_simiae,11831,11836,5
Mycobacterium_simiae,11847,11852,5
Mycobacterium_simiae,11859,11860,1
Mycobacterium_simiae,11864,11866,2
Mycobacterium_simiae,11877,11878,1
Mycobacterium_simiae,11993,11995,2
Mycobacterium_simiae,12029,12030,1
Mycobacterium_simiae,12068,12069,1
Mycobacterium_simiae,12207,12208,1
Mycobacterium_simiae,12211,12212,1
Mycobacterium_simiae,12213,12214,1
Mycobacterium_simiae,12218,12222,4
Mycobacterium_simiae,12225,12227,2
Mycobacterium_simiae,12237,12238,1
Mycobacterium_simiae,12360,12369,9
Mycobacterium_simiae,12371,12372,1
Mycobacterium_simiae,12374,12380,6
Mycobacterium_simiae,12384,12390,6
Mycobacterium_simiae,12391,12400,9
Mycobacterium_simiae,12454,12455,1
Mycobacterium_simiae,12738,12740,2
Mycobacterium_simiae,12798,12925,127
Mycobacterium_simiae,13451,13452,1
Mycobacterium_simiae,13453,13454,1
Mycobacterium_simiae,13508,13509,1
Mycolicibacterium_chitae,1,10,9
Mycolicibacterium_chitae,21,39,18
Mycolicibacterium_chitae,43,46,3
Mycolicibacterium_chitae,53,106,53
Mycolicibacterium_chitae,117,132,15
Mycolicibacterium_chitae,133,136,3
Mycolicibacterium_chitae,346,349,3
Mycolicibacterium_chitae,1542,1691,149
Mycolicibacterium_chitae,3317,3361,44
Mycolicibacterium_chitae,3364,3365,1
Mycolicibacterium_chitae,3373,3374,1
Mycolicibacterium_chitae,3409,3478,69
Mycolicibacterium_chitae,3485,3491,6
Mycolicibacterium_chitae,3642,3645,3
Mycolicibacterium_chitae,3650,3653,3
Mycolicibacterium_chitae,3655,3667,12
Mycolicibacterium_chitae,3782,3788,6
Mycolicibacterium_chitae,4400,4406,6
Mycolicibacterium_chitae,4407,4413,6
Mycolicibacterium_chitae,4417,4426,9
Mycolicibacterium_chitae,4432,4445,13
Mycolicibacterium_chitae,4452,4455,3
Mycolicibacterium_chitae,4456,4462,6
Mycolicibacterium_chitae,4468,4474,6
Mycolicibacterium_chitae,4475,4481,6
Mycolicibacterium_chitae,4483,4486,3
Mycolicibacterium_chitae,4540,4552,12
Mycolicibacterium_chitae,4555,4564,9
Mycolicibacterium_chitae,4567,4573,6
Mycolicibacterium_chitae,4582,4585,3
Mycolicibacterium_chitae,5163,5169,6
Mycolicibacterium_chitae,5170,5179,9
Mycolicibacterium_chitae,5181,5190,9
Mycolicibacterium_chitae,5197,5199,2
Mycolicibacterium_chitae,5201,5204,3
Mycolicibacterium_chitae,5206,5214,8
Mycolicibacterium_chitae,5218,5230,12
Mycolicibacterium_chitae,5231,5241,10
Mycolicibacterium_chitae,5247,5253,6
Mycolicibacterium_chitae,5401,5402,1
Mycolicibacterium_chitae,6015,6016,1
Mycolicibacterium_chitae,6431,6452,21
Mycolicibacterium_chitae,6456,6462,6
Mycolicibacterium_chitae,6470,6494,24
Mycolicibacterium_chitae,7178,7254,76
Mycolicibacterium_chitae,7260,7268,8
Mycolicibacterium_chitae,7760,7763,3
Mycolicibacterium_chitae,8452,8500,48
Mycolicibacterium_chitae,8577,8578,1
Mycolicibacterium_chitae,8584,8599,15
Mycolicibacterium_chitae,8600,8604,4
Mycolicibacterium_chitae,8609,8610,1
Mycolicibacterium_chitae,8661,8662,1
Mycolicibacterium_chitae,8703,8704,1
Mycolicibacterium_chitae,8720,8721,1
Mycolicibacterium_chitae,8733,8735,2
Mycolicibacterium_chitae,8739,8742,3
Mycolicibacterium_chitae,8930,8931,1
Mycolicibacterium_chitae,8980,8982,2
Mycolicibacterium_chitae,8984,8998,14
Mycolicibacterium_chitae,9120,9121,1
Mycolicibacterium_chitae,9370,9372,2
Mycolicibacterium_chitae,9546,9547,1
Mycolicibacterium_chitae,9812,9813,1
Mycolicibacterium_chitae,9984,9986,2
Mycolicibacterium_chitae,10076,10078,2
Mycolicibacterium_chitae,10157,10158,1
Mycolicibacterium_chitae,10261,10262,1
Mycolicibacterium_chitae,10310,10312,2
Mycolicibacterium_chitae,10313,10315,2
Mycolicibacterium_chitae,10325,10326,1
Mycolicibacterium_chitae,10352,10353,1
Mycolicibacterium_chitae,10370,10371,1
Mycolicibacterium_chitae,10416,10417,1
Mycolicibacterium_chitae,10434,10435,1
Mycolicibacterium_chitae,10448,10449,1
Mycolicibacterium_chitae,10461,10462,1
Mycolicibacterium_chitae,10476,10477,1
Mycolicibacterium_chitae,10491,10492,1
Mycolicibacterium_chitae,10526,10527,1
Mycolicibacterium_chitae,10546,10649,103
Mycolicibacterium_chitae,10828,10830,2
Mycolicibacterium_chitae,10836,10845,9
Mycolicibacterium_chitae,10864,10865,1
Mycolicibacterium_chitae,10914,10915,1
Mycolicibacterium_chitae,10961,10968,7
Mycolicibacterium_chitae,10971,10975,4
Mycolicibacterium_chitae,11085,11086,1
Mycolicibacterium_chitae,11143,11144,1
Mycolicibacterium_chitae,11243,11244,1
Mycolicibacterium_chitae,11260,11261,1
Mycolicibacterium_chitae,11265,11267,2
Mycolicibacterium_chitae,11286,11287,1
Mycolicibacterium_chitae,11312,11313,1
Mycolicibacterium_chitae,11473,11474,1
Mycolicibacterium_chitae,11505,11512,7
Mycolicibacterium_chitae,11513,11514,1
Mycolicibacterium_chitae,11518,11519,1
Mycolicibacterium_chitae,11520,11521,1
Mycolicibacterium_chitae,11523,11538,15
Mycolicibacterium_chitae,11566,11567,1
Mycolicibacterium_chitae,11782,11783,1
Mycolicibacterium_chitae,11823,11824,1
Mycolicibacterium_chitae,11826,11827,1
Mycolicibacterium_chitae,11831,11836,5
Mycolicibacterium_chitae,11846,11850,4
Mycolicibacterium_chitae,11851,11852,1
Mycolicibacterium_chitae,11859,11860,1
Mycolicibacterium_chitae,11864,11866,2
Mycolicibacterium_chitae,11877,11878,1
Mycolicibacterium_chitae,11993,11995,2
Mycolicibacterium_chitae,12029,12030,1
Mycolicibacterium_chitae,12068,12069,1
Mycolicibacterium_chitae,12211,12212,1
Mycolicibacterium_chitae,12213,12214,1
Mycolicibacterium_chitae,12218,12222,4
Mycolicibacterium_chitae,12226,12227,1
Mycolicibacterium_chitae,12237,12238,1
Mycolicibacterium_chitae,12360,12369,9
Mycolicibacterium_chitae,12371,12372,1
Mycolicibacterium_chitae,12374,12375,1
Mycolicibacterium_chitae,12378,12381,3
Mycolicibacterium_chitae,12384,12390,6
Mycolicibacterium_chitae,12391,12400,9
Mycolicibacterium_chitae,12454,12455,1
Mycolicibacterium_chitae,12739,12740,1
Mycolicibacterium_chitae,12798,12925,127
Mycolicibacterium_chitae,13451,13452,1
Mycolicibacterium_chitae,13453,13454,1
Mycolicibacterium_chitae,13508,13509,1
Mycobacterium_cookii,1,10,9
Mycobacterium_cookii,21,39,18
Mycobacterium_cookii,43,46,3
Mycobacterium_cookii,53,71,18
Mycobacterium_cookii,89,100,11
Mycobacterium_cookii,117,132,15
Mycobacterium_cookii,133,136,3
Mycobacterium_cookii,346,349,3
Mycobacterium_cookii,1542,1691,149
Mycobacterium_cookii,3317,3381,64
Mycobacterium_cookii,3414,3420,6
Mycobacterium_cookii,3425,3449,24
Mycobacterium_cookii,3455,3479,24
Mycobacterium_cookii,3642,3645,3
Mycobacterium_cookii,3650,3653,3
Mycobacterium_cookii,3655,3667,12
Mycobacterium_cookii,3782,3788,6
Mycobacterium_cookii,4400,4406,6
Mycobacterium_cookii,4407,4413,6
Mycobacterium_cookii,4420,4445,25
Mycobacterium_cookii,4452,4455,3
Mycobacterium_cookii,4456,4462,6
Mycobacterium_cookii,4468,4474,6
Mycobacterium_cookii,4483,4486,3
Mycobacterium_cookii,4540,4552,12
Mycobacterium_cookii,4555,4564,9
Mycobacterium_cookii,4567,4573,6
Mycobacterium_cookii,4581,4584,3
Mycobacterium_cookii,5163,5169,6
Mycobacterium_cookii,5170,5179,9
Mycobacterium_cookii,5181,5190,9
Mycobacterium_cookii,5197,5199,2
Mycobacterium_cookii,5201,5204,3
Mycobacterium_cookii,5206,5214,8
Mycobacterium_cookii,5218,5230,12
Mycobacterium_cookii,5231,5241,10
Mycobacterium_cookii,5247,5253,6
Mycobacterium_cookii,5401,5402,1
Mycobacterium_cookii,6015,6016,1
Mycobacterium_cookii,6431,6452,21
Mycobacterium_cookii,6456,6462,6
Mycobacterium_cookii,6470,6494,24
Mycobacterium_cookii,7178,7254,76
Mycobacterium_cookii,7260,7268,8
Mycobacterium_cookii,7760,7763,3
Mycobacterium_cookii,8452,8500,48
Mycobacterium_cookii,8577,8578,1
Mycobacterium_cookii,8584,8599,15
Mycobacterium_cookii,8601,8603,2
Mycobacterium_cookii,8609,8610,1
Mycobacterium_cookii,8661,8662,1
Mycobacterium_cookii,8703,8704,1
Mycobacterium_cookii,8720,8721,1
Mycobacterium_cookii,8733,8735,2
Mycobacterium_cookii,8739,8742,3
Mycobacterium_cookii,8930,8931,1
Mycobacterium_cookii,8981,8982,1
Mycobacterium_cookii,8996,8997,1
Mycobacterium_cookii,9120,9121,1
Mycobacterium_cookii,9370,9372,2
Mycobacterium_cookii,9546,9547,1
Mycobacterium_cookii,9812,9814,2
Mycobacterium_cookii,9983,9986,3
Mycobacterium_cookii,10076,10078,2
Mycobacterium_cookii,10157,10158,1
Mycobacterium_cookii,10261,10262,1
Mycobacterium_cookii,10310,10312,2
Mycobacterium_cookii,10313,10315,2
Mycobacterium_cookii,10325,10326,1
Mycobacterium_cookii,10370,10371,1
Mycobacterium_cookii,10416,10417,1
Mycobacterium_cookii,10434,10435,1
Mycobacterium_cookii,10448,10454,6
Mycobacterium_cookii,10461,10462,1
Mycobacterium_cookii,10476,10477,1
Mycobacterium_cookii,10491,10492,1
Mycobacterium_cookii,10526,10527,1
Mycobacterium_cookii,10546,10649,103
Mycobacterium_cookii,10828,10830,2
Mycobacterium_cookii,10835,10843,8
Mycobacterium_cookii,10864,10865,1
Mycobacterium_cookii,10914,10915,1
Mycobacterium_cookii,10965,10974,9
Mycobacterium_cookii,11085,11086,1
Mycobacterium_cookii,11143,11144,1
Mycobacterium_cookii,11243,11244,1
Mycobacterium_cookii,11260,11261,1
Mycobacterium_cookii,11265,11267,2
Mycobacterium_cookii,11286,11287,1
Mycobacterium_cookii,11312,11313,1
Mycobacterium_cookii,11473,11474,1
Mycobacterium_cookii,11505,11512,7
Mycobacterium_cookii,11513,11514,1
Mycobacterium_cookii,11520,11521,1
Mycobacterium_cookii,11524,11539,15
Mycobacterium_cookii,11566,11567,1
Mycobacterium_cookii,11782,11783,1
Mycobacterium_cookii,11823,11824,1
Mycobacterium_cookii,11826,11827,1
Mycobacterium_cookii,11831,11836,5
Mycobacterium_cookii,11846,11850,4
Mycobacterium_cookii,11851,11852,1
Mycobacterium_cookii,11864,11866,2
Mycobacterium_cookii,11877,11878,1
Mycobacterium_cookii,12029,12030,1
Mycobacterium_cookii,12068,12069,1
Mycobacterium_cookii,12207,12208,1
Mycobacterium_cookii,12211,12212,1
Mycobacterium_cookii,12213,12214,1
Mycobacterium_cookii,12218,12222,4
Mycobacterium_cookii,12226,12227,1
Mycobacterium_cookii,12237,12238,1
Mycobacterium_cookii,12360,12369,9
Mycobacterium_cookii,12371,12372,1
Mycobacterium_cookii,12374,12375,1
Mycobacterium_cookii,12377,12382,5
Mycobacterium_cookii,12384,12390,6
Mycobacterium_cookii,12391,12400,9
Mycobacterium_cookii,12454,12455,1
Mycobacterium_cookii,12739,12740,1
Mycobacterium_cookii,12798,12925,127
Mycobacterium_cookii,13453,13454,1
Mycobacterium_cookii,13508,13509,1
Mycolicibacterium_doricum,1,10,9
Mycolicibacterium_doricum,21,39,18
Mycolicibacterium_doricum,43,46,3
Mycolicibacterium_doricum,57,72,15
Mycolicibacterium_doricum,84,107,23
Mycolicibacterium_doricum,117,132,15
Mycolicibacterium_doricum,133,136,3
Mycolicibacterium_doricum,346,349,3
Mycolicibacterium_doricum,1542,1545,3
Mycolicibacterium_doricum,1552,1555,3
Mycolicibacterium_doricum,1582,1590,8
Mycolicibacterium_doricum,1595,1604,9
Mycolicibacterium_doricum,1629,1650,21
Mycolicibacterium_doricum,1664,1676,12
Mycolicibacterium_doricum,3317,3361,44
Mycolicibacterium_doricum,3364,3365,1
Mycolicibacterium_doricum,3373,3374,1
Mycolicibacterium_doricum,3409,3421,12
Mycolicibacterium_doricum,3424,3478,54
Mycolicibacterium_doricum,3485,3491,6
Mycolicibacterium_doricum,3642,3645,3
Mycolicibacterium_doricum,3650,3653,3
Mycolicibacterium_doricum,3655,3667,12
Mycolicibacterium_doricum,3782,3788,6
Mycolicibacterium_doricum,4400,4406,6
Mycolicibacterium_doricum,4407,4413,6
Mycolicibacterium_doricum,4417,4426,9
Mycolicibacterium_doricum,4432,4445,13
Mycolicibacterium_doricum,4452,4455,3
Mycolicibacterium_doricum,4456,4462,6
Mycolicibacterium_doricum,4468,4474,6
Mycolicibacterium_doricum,4475,4481,6
Mycolicibacterium_doricum,4483,4486,3
Mycolicibacterium_doricum,4540,4552,12
Mycolicibacterium_doricum,4555,4564,9
Mycolicibacterium_doricum,4567,4573,6
Mycolicibacterium_doricum,4582,4585,3
Mycolicibacterium_doricum,5163,5169,6
Mycolicibacterium_doricum,5170,5179,9
Mycolicibacterium_doricum,5181,5190,9
Mycolicibacterium_doricum,5197,5199,2
Mycolicibacterium_doricum,5201,5204,3
Mycolicibacterium_doricum,5206,5214,8
Mycolicibacterium_doricum,5218,5230,12
Mycolicibacterium_doricum,5231,5241,10
Mycolicibacterium_doricum,5247,5253,6
Mycolicibacterium_doricum,5401,5402,1
Mycolicibacterium_doricum,6015,6016,1
Mycolicibacterium_doricum,6431,6452,21
Mycolicibacterium_doricum,6456,6462,6
Mycolicibacterium_doricum,6470,6473,3
Mycolicibacterium_doricum,7178,7254,76
Mycolicibacterium_doricum,7260,7268,8
Mycolicibacterium_doricum,7760,7763,3
Mycolicibacterium_doricum,8452,8500,48
Mycolicibacterium_doricum,8577,8578,1
Mycolicibacterium_doricum,8584,8599,15
Mycolicibacterium_doricum,8600,8604,4
Mycolicibacterium_doricum,8609,8610,1
Mycolicibacterium_doricum,8661,8662,1
Mycolicibacterium_doricum,8733,8735,2
Mycolicibacterium_doricum,8739,8742,3
Mycolicibacterium_doricum,8930,8931,1
Mycolicibacterium_doricum,8980,8982,2
Mycolicibacterium_doricum,8984,8998,14
Mycolicibacterium_doricum,9120,9121,1
Mycolicibacterium_doricum,9370,9372,2
Mycolicibacterium_doricum,9546,9547,1
Mycolicibacterium_doricum,9812,9813,1
Mycolicibacterium_doricum,9914,9915,1
Mycolicibacterium_doricum,9985,9986,1
Mycolicibacterium_doricum,9990,9992,2
Mycolicibacterium_doricum,10076,10078,2
Mycolicibacterium_doricum,10157,10158,1
Mycolicibacterium_doricum,10261,10262,1
Mycolicibacterium_doricum,10310,10312,2
Mycolicibacterium_doricum,10313,10315,2
Mycolicibacterium_doricum,10325,10326,1
Mycolicibacterium_doricum,10370,10371,1
Mycolicibacterium_doricum,10434,10435,1
Mycolicibacterium_doricum,10448,10449,1
Mycolicibacterium_doricum,10461,10462,1
Mycolicibacterium_doricum,10476,10477,1
Mycolicibacterium_doricum,10491,10492,1
Mycolicibacterium_doricum,10526,10527,1
Mycolicibacterium_doricum,10545,10649,104
Mycolicibacterium_doricum,10828,10830,2
Mycolicibacterium_doricum,10837,10843,6
Mycolicibacterium_doricum,10864,10865,1
Mycolicibacterium_doricum,10914,10915,1
Mycolicibacterium_doricum,10965,10966,1
Mycolicibacterium_doricum,10971,10975,4
Mycolicibacterium_doricum,11085,11086,1
Mycolicibacterium_doricum,11143,11144,1
Mycolicibacterium_doricum,11243,11244,1
Mycolicibacterium_doricum,11260,11261,1
Mycolicibacterium_doricum,11265,11267,2
Mycolicibacterium_doricum,11286,11287,1
Mycolicibacterium_doricum,11312,11313,1
Mycolicibacterium_doricum,11473,11474,1
Mycolicibacterium_doricum,11505,11512,7
Mycolicibacterium_doricum,11513,11514,1
Mycolicibacterium_doricum,11518,11519,1
Mycolicibacterium_doricum,11520,11521,1
Mycolicibacterium_doricum,11524,11535,11
Mycolicibacterium_doricum,11566,11567,1
Mycolicibacterium_doricum,11782,11783,1
Mycolicibacterium_doricum,11823,11824,1
Mycolicibacterium_doricum,11826,11827,1
Mycolicibacterium_doricum,11831,11836,5
Mycolicibacterium_doricum,11846,11852,6
Mycolicibacterium_doricum,11864,11865,1
Mycolicibacterium_doricum,11877,11878,1
Mycolicibacterium_doricum,11993,11994,1
Mycolicibacterium_doricum,12029,12030,1
Mycolicibacterium_doricum,12068,12069,1
Mycolicibacterium_doricum,12211,12212,1
Mycolicibacterium_doricum,12213,12214,1
Mycolicibacterium_doricum,12218,12222,4
Mycolicibacterium_doricum,12226,12227,1
Mycolicibacterium_doricum,12237,12238,1
Mycolicibacterium_doricum,12275,12276,1
Mycolicibacterium_doricum,12328,12329,1
Mycolicibacterium_doricum,12360,12369,9
Mycolicibacterium_doricum,12371,12372,1
Mycolicibacterium_doricum,12374,12375,1
Mycolicibacterium_doricum,12377,12382,5
Mycolicibacterium_doricum,12384,12390,6
Mycolicibacterium_doricum,12391,12400,9
Mycolicibacterium_doricum,12454,12455,1
Mycolicibacterium_doricum,12739,12740,1
Mycolicibacterium_doricum,12798,12925,127
Mycolicibacterium_doricum,13451,13452,1
Mycolicibacterium_doricum,13453,13454,1
Mycolicibacterium_doricum,13508,13509,1
Mycolicibacterium_poriferae,1,10,9
Mycolicibacterium_poriferae,21,39,18
Mycolicibacterium_poriferae,43,46,3
Mycolicibacterium_poriferae,51,107,56
Mycolicibacterium_poriferae,117,132,15
Mycolicibacterium_poriferae,133,136,3
Mycolicibacterium_poriferae,346,349,3
Mycolicibacterium_poriferae,1542,1691,149
Mycolicibacterium_poriferae,3317,3361,44
Mycolicibacterium_poriferae,3364,3365,1
Mycolicibacterium_poriferae,3373,3374,1
Mycolicibacterium_poriferae,3409,3478,69
Mycolicibacterium_poriferae,3485,3491,6
Mycolicibacterium_poriferae,3642,3645,3
Mycolicibacterium_poriferae,3650,3653,3
Mycolicibacterium_poriferae,3655,3667,12
Mycolicibacterium_poriferae,3782,3788,6
Mycolicibacterium_poriferae,4400,4406,6
Mycolicibacterium_poriferae,4407,4413,6
Mycolicibacterium_poriferae,4417,4426,9
Mycolicibacterium_poriferae,4432,4445,13
Mycolicibacterium_poriferae,4452,4455,3
Mycolicibacterium_poriferae,4456,4462,6
Mycolicibacterium_poriferae,4468,4474,6
Mycolicibacterium_poriferae,4475,4481,6
Mycolicibacterium_poriferae,4483,4486,3
Mycolicibacterium_poriferae,4540,4552,12
Mycolicibacterium_poriferae,4555,4564,9
Mycolicibacterium_poriferae,4567,4573,6
Mycolicibacterium_poriferae,4582,4585,3
Mycolicibacterium_poriferae,5163,5169,6
Mycolicibacterium_poriferae,5170,5179,9
Mycolicibacterium_poriferae,5181,5190,9
Mycolicibacterium_poriferae,5197,5199,2
Mycolicibacterium_poriferae,5206,5214,8
Mycolicibacterium_poriferae,5218,5230,12
Mycolicibacterium_poriferae,5231,5241,10
Mycolicibacterium_poriferae,5247,5253,6
Mycolicibacterium_poriferae,5401,5402,1
Mycolicibacterium_poriferae,6015,6016,1
Mycolicibacterium_poriferae,6431,6452,21
Mycolicibacterium_poriferae,6456,6462,6
Mycolicibacterium_poriferae,6470,6473,3
Mycolicibacterium_poriferae,6478,6487,9
Mycolicibacterium_poriferae,7178,7254,76
Mycolicibacterium_poriferae,7260,7268,8
Mycolicibacterium_poriferae,7760,7763,3
Mycolicibacterium_poriferae,8452,8500,48
Mycolicibacterium_poriferae,8577,8578,1
Mycolicibacterium_poriferae,8584,8599,15
Mycolicibacterium_poriferae,8601,8603,2
Mycolicibacterium_poriferae,8609,8610,1
Mycolicibacterium_poriferae,8661,8662,1
Mycolicibacterium_poriferae,8703,8704,1
Mycolicibacterium_poriferae,8720,8721,1
Mycolicibacterium_poriferae,8733,8735,2
Mycolicibacterium_poriferae,8739,8742,3
Mycolicibacterium_poriferae,8930,8931,1
Mycolicibacterium_poriferae,8980,8982,2
Mycolicibacterium_poriferae,8984,8998,14
Mycolicibacterium_poriferae,9120,9121,1
Mycolicibacterium_poriferae,9370,9372,2
Mycolicibacterium_poriferae,9546,9547,1
Mycolicibacterium_poriferae,9812,9813,1
Mycolicibacterium_poriferae,9983,9986,3
Mycolicibacterium_poriferae,10076,10078,2
Mycolicibacterium_poriferae,10157,10158,1
Mycolicibacterium_poriferae,10261,10262,1
Mycolicibacterium_poriferae,10311,10312,1
Mycolicibacterium_poriferae,10313,10315,2
Mycolicibacterium_poriferae,10325,10326,1
Mycolicibacterium_poriferae,10370,10371,1
Mycolicibacterium_poriferae,10416,10417,1
Mycolicibacterium_poriferae,10434,10435,1
Mycolicibacterium_poriferae,10448,10449,1
Mycolicibacterium_poriferae,10461,10462,1
Mycolicibacterium_poriferae,10476,10477,1
Mycolicibacterium_poriferae,10491,10492,1
Mycolicibacterium_poriferae,10526,10527,1
Mycolicibacterium_poriferae,10546,10649,103
Mycolicibacterium_poriferae,10828,10831,3
Mycolicibacterium_poriferae,10835,10836,1
Mycolicibacterium_poriferae,10837,10843,6
Mycolicibacterium_poriferae,10845,10846,1
Mycolicibacterium_poriferae,10864,10865,1
Mycolicibacterium_poriferae,10914,10915,1
Mycolicibacterium_poriferae,10965,10966,1
Mycolicibacterium_poriferae,10971,10975,4
Mycolicibacterium_poriferae,11085,11086,1
Mycolicibacterium_poriferae,11143,11144,1
Mycolicibacterium_poriferae,11243,11244,1
Mycolicibacterium_poriferae,11260,11261,1
Mycolicibacterium_poriferae,11265,11267,2
Mycolicibacterium_poriferae,11286,11287,1
Mycolicibacterium_poriferae,11312,11313,1
Mycolicibacterium_poriferae,11473,11474,1
Mycolicibacterium_poriferae,11505,11512,7
Mycolicibacterium_poriferae,11513,11514,1
Mycolicibacterium_poriferae,11520,11521,1
Mycolicibacterium_poriferae,11523,11537,14
Mycolicibacterium_poriferae,11566,11567,1
Mycolicibacterium_poriferae,11782,11783,1
Mycolicibacterium_poriferae,11823,11824,1
Mycolicibacterium_poriferae,11826,11827,1
Mycolicibacterium_poriferae,11831,11836,5
Mycolicibacterium_poriferae,11846,11850,4
Mycolicibacterium_poriferae,11851,11852,1
Mycolicibacterium_poriferae,11859,11860,1
Mycolicibacterium_poriferae,11864,11866,2
Mycolicibacterium_poriferae,11877,11878,1
Mycolicibacterium_poriferae,11993,11994,1
Mycolicibacterium_poriferae,12029,12030,1
Mycolicibacterium_poriferae,12068,12069,1
Mycolicibacterium_poriferae,12207,12208,1
Mycolicibacterium_poriferae,12211,12212,1
Mycolicibacterium_poriferae,12213,12214,1
Mycolicibacterium_poriferae,12218,12222,4
Mycolicibacterium_poriferae,12226,12227,1
Mycolicibacterium_poriferae,12229,12230,1
Mycolicibacterium_poriferae,12237,12238,1
Mycolicibacterium_poriferae,12360,12369,9
Mycolicibacterium_poriferae,12371,12372,1
Mycolicibacterium_poriferae,12374,12375,1
Mycolicibacterium_poriferae,12377,12382,5
Mycolicibacterium_poriferae,12384,12390,6
Mycolicibacterium_poriferae,12391,12400,9
Mycolicibacterium_poriferae,12454,12455,1
Mycolicibacterium_poriferae,12739,12740,1
Mycolicibacterium_poriferae,12798,12925,127
Mycolicibacterium_poriferae,13069,13070,1
Mycolicibacterium_poriferae,13451,13452,1
Mycolicibacterium_poriferae,13453,13454,1
Mycolicibacterium_poriferae,13508,13509,1
Mycobacterium_shottsii,1,10,9
Mycobacterium_shottsii,21,39,18
Mycobacterium_shottsii,43,46,3
Mycobacterium_shottsii,53,71,18
Mycobacterium_shottsii,87,107,20
Mycobacterium_shottsii,117,132,15
Mycobacterium_shottsii,133,136,3
Mycobacterium_shottsii,346,349,3
Mycobacterium_shottsii,1542,1691,149
Mycobacterium_shottsii,3317,3361,44
Mycobacterium_shottsii,3364,3365,1
Mycobacterium_shottsii,3373,3374,1
Mycobacterium_shottsii,3414,3420,6
Mycobacterium_shottsii,3424,3460,36
Mycobacterium_shottsii,3473,3479,6
Mycobacterium_shottsii,3485,3491,6
Mycobacterium_shottsii,3642,3645,3
Mycobacterium_shottsii,3650,3653,3
Mycobacterium_shottsii,3655,3667,12
Mycobacterium_shottsii,3782,3788,6
Mycobacterium_shottsii,4400,4406,6
Mycobacterium_shottsii,4407,4413,6
Mycobacterium_shottsii,4417,4426,9
Mycobacterium_shottsii,4432,4445,13
Mycobacterium_shottsii,4452,4455,3
Mycobacterium_shottsii,4456,4462,6
Mycobacterium_shottsii,4468,4480,12
Mycobacterium_shottsii,4483,4486,3
Mycobacterium_shottsii,4540,4552,12
Mycobacterium_shottsii,4555,4564,9
Mycobacterium_shottsii,4567,4573,6
Mycobacterium_shottsii,4581,4584,3
Mycobacterium_shottsii,5163,5169,6
Mycobacterium_shottsii,5170,5179,9
Mycobacterium_shottsii,5181,5190,9
Mycobacterium_shottsii,5197,5199,2
Mycobacterium_shottsii,5201,5204,3
Mycobacterium_shottsii,5206,5214,8
Mycobacterium_shottsii,5218,5230,12
Mycobacterium_shottsii,5231,5241,10
Mycobacterium_shottsii,5247,5253,6
Mycobacterium_shottsii,5401,5402,1
Mycobacterium_shottsii,6015,6016,1
Mycobacterium_shottsii,6431,6452,21
Mycobacterium_shottsii,6456,6462,6
Mycobacterium_shottsii,6470,6494,24
Mycobacterium_shottsii,7178,7254,76
Mycobacterium_shottsii,7260,7268,8
Mycobacterium_shottsii,7760,7763,3
Mycobacterium_shottsii,8452,8500,48
Mycobacterium_shottsii,8577,8578,1
Mycobacterium_shottsii,8584,8599,15
Mycobacterium_shottsii,8601,8603,2
Mycobacterium_shottsii,8609,8610,1
Mycobacterium_shottsii,8661,8662,1
Mycobacterium_shottsii,8703,8704,1
Mycobacterium_shottsii,8720,8721,1
Mycobacterium_shottsii,8733,8735,2
Mycobacterium_shottsii,8739,8742,3
Mycobacterium_shottsii,8930,8931,1
Mycobacterium_shottsii,8980,8982,2
Mycobacterium_shottsii,8996,8998,2
Mycobacterium_shottsii,9120,9121,1
Mycobacterium_shottsii,9370,9372,2
Mycobacterium_shottsii,9546,9547,1
Mycobacterium_shottsii,9812,9814,2
Mycobacterium_shottsii,9983,9986,3
Mycobacterium_shottsii,10076,10078,2
Mycobacterium_shottsii,10157,10158,1
Mycobacterium_shottsii,10261,10262,1
Mycobacterium_shottsii,10310,10312,2
Mycobacterium_shottsii,10313,10315,2
Mycobacterium_shottsii,10325,10326,1
Mycobacterium_shottsii,10370,10371,1
Mycobacterium_shottsii,10434,10435,1
Mycobacterium_shottsii,10448,10449,1
Mycobacterium_shottsii,10476,10477,1
Mycobacterium_shottsii,10491,10492,1
Mycobacterium_shottsii,10526,10527,1
Mycobacterium_shottsii,10546,10649,103
Mycobacterium_shottsii,10828,10830,2
Mycobacterium_shottsii,10832,10846,14
Mycobacterium_shottsii,10864,10865,1
Mycobacterium_shottsii,10914,10915,1
Mycobacterium_shottsii,10958,10967,9
Mycobacterium_shottsii,10971,10972,1
Mycobacterium_shottsii,10976,10977,1
Mycobacterium_shottsii,11085,11086,1
Mycobacterium_shottsii,11143,11144,1
Mycobacterium_shottsii,11243,11244,1
Mycobacterium_shottsii,11260,11261,1
Mycobacterium_shottsii,11262,11263,1
Mycobacterium_shottsii,11265,11267,2
Mycobacterium_shottsii,11286,11287,1
Mycobacterium_shottsii,11312,11313,1
Mycobacterium_shottsii,11473,11474,1
Mycobacterium_shottsii,11505,11534,29
Mycobacterium_shottsii,11566,11567,1
Mycobacterium_shottsii,11590,11591,1
Mycobacterium_shottsii,11782,11783,1
Mycobacterium_shottsii,11823,11824,1
Mycobacterium_shottsii,11826,11827,1
Mycobacterium_shottsii,11831,11836,5
Mycobacterium_shottsii,11848,11850,2
Mycobacterium_shottsii,11851,11852,1
Mycobacterium_shottsii,11859,11860,1
Mycobacterium_shottsii,11864,11866,2
Mycobacterium_shottsii,11877,11878,1
Mycobacterium_shottsii,11993,11994,1
Mycobacterium_shottsii,12029,12030,1
Mycobacterium_shottsii,12068,12069,1
Mycobacterium_shottsii,12207,12208,1
Mycobacterium_shottsii,12211,12212,1
Mycobacterium_shottsii,12213,12214,1
Mycobacterium_shottsii,12218,12222,4
Mycobacterium_shottsii,12225,12227,2
Mycobacterium_shottsii,12237,12238,1
Mycobacterium_shottsii,12360,12369,9
Mycobacterium_shottsii,12371,12372,1
Mycobacterium_shottsii,12374,12380,6
Mycobacterium_shottsii,12384,12390,6
Mycobacterium_shottsii,12391,12400,9
Mycobacterium_shottsii,12454,12455,1
Mycobacterium_shottsii,12739,12740,1
Mycobacterium_shottsii,12798,12925,127
Mycobacterium_shottsii,13451,13452,1
Mycobacterium_shottsii,13453,13454,1
Mycobacterium_shottsii,13508,13509,1
Mycobacterium_branderi,1,10,9
Mycobacterium_branderi,19,40,21
Mycobacterium_branderi,43,46,3
Mycobacterium_branderi,53,71,18
Mycobacterium_branderi,89,100,11
Mycobacterium_branderi,117,132,15
Mycobacterium_branderi,133,136,3
Mycobacterium_branderi,346,349,3
Mycobacterium_branderi,1542,1557,15
Mycobacterium_branderi,1572,1604,32
Mycobacterium_branderi,1614,1644,30
Mycobacterium_branderi,3284,3287,3
Mycobacterium_branderi,3317,3361,44
Mycobacterium_branderi,3364,3365,1
Mycobacterium_branderi,3373,3374,1
Mycobacterium_branderi,3414,3477,63
Mycobacterium_branderi,3485,3491,6
Mycobacterium_branderi,3642,3645,3
Mycobacterium_branderi,3650,3653,3
Mycobacterium_branderi,3655,3667,12
Mycobacterium_branderi,3782,3788,6
Mycobacterium_branderi,4400,4406,6
Mycobacterium_branderi,4407,4413,6
Mycobacterium_branderi,4417,4426,9
Mycobacterium_branderi,4432,4445,13
Mycobacterium_branderi,4452,4455,3
Mycobacterium_branderi,4456,4462,6
Mycobacterium_branderi,4468,4480,12
Mycobacterium_branderi,4483,4486,3
Mycobacterium_branderi,4540,4552,12
Mycobacterium_branderi,4555,4564,9
Mycobacterium_branderi,4567,4573,6
Mycobacterium_branderi,4581,4584,3
Mycobacterium_branderi,5163,5169,6
Mycobacterium_branderi,5170,5179,9
Mycobacterium_branderi,5181,5190,9
Mycobacterium_branderi,5197,5199,2
Mycobacterium_branderi,5201,5204,3
Mycobacterium_branderi,5206,5214,8
Mycobacterium_branderi,5218,5230,12
Mycobacterium_branderi,5231,5241,10
Mycobacterium_branderi,5247,5253,6
Mycobacterium_branderi,5401,5402,1
Mycobacterium_branderi,6015,6016,1
Mycobacterium_branderi,6431,6467,36
Mycobacterium_branderi,6470,6494,24
Mycobacterium_branderi,7178,7254,76
Mycobacterium_branderi,7260,7268,8
Mycobacterium_branderi,7760,7763,3
Mycobacterium_branderi,8452,8500,48
Mycobacterium_branderi,8577,8578,1
Mycobacterium_branderi,8584,8599,15
Mycobacterium_branderi,8601,8603,2
Mycobacterium_branderi,8609,8610,1
Mycobacterium_branderi,8661,8662,1
Mycobacterium_branderi,8703,8704,1
Mycobacterium_branderi,8720,8721,1
Mycobacterium_branderi,8739,8742,3
Mycobacterium_branderi,8930,8931,1
Mycobacterium_branderi,8981,8982,1
Mycobacterium_branderi,8996,8998,2
Mycobacterium_branderi,9120,9121,1
Mycobacterium_branderi,9370,9372,2
Mycobacterium_branderi,9546,9547,1
Mycobacterium_branderi,9812,9813,1
Mycobacterium_branderi,9984,9986,2
Mycobacterium_branderi,10076,10078,2
Mycobacterium_branderi,10157,10158,1
Mycobacterium_branderi,10261,10262,1
Mycobacterium_branderi,10310,10312,2
Mycobacterium_branderi,10313,10315,2
Mycobacterium_branderi,10325,10326,1
Mycobacterium_branderi,10370,10371,1
Mycobacterium_branderi,10434,10435,1
Mycobacterium_branderi,10448,10449,1
Mycobacterium_branderi,10461,10462,1
Mycobacterium_branderi,10476,10477,1
Mycobacterium_branderi,10491,10492,1
Mycobacterium_branderi,10526,10527,1
Mycobacterium_branderi,10546,10649,103
Mycobacterium_branderi,10828,10844,16
Mycobacterium_branderi,10864,10865,1
Mycobacterium_branderi,10959,10961,2
Mycobacterium_branderi,10965,10966,1
Mycobacterium_branderi,10971,10975,4
Mycobacterium_branderi,11085,11086,1
Mycobacterium_branderi,11143,11144,1
Mycobacterium_branderi,11243,11244,1
Mycobacterium_branderi,11259,11261,2
Mycobacterium_branderi,11265,11267,2
Mycobacterium_branderi,11286,11287,1
Mycobacterium_branderi,11312,11313,1
Mycobacterium_branderi,11473,11474,1
Mycobacterium_branderi,11505,11512,7
Mycobacterium_branderi,11513,11514,1
Mycobacterium_branderi,11520,11533,13
Mycobacterium_branderi,11566,11567,1
Mycobacterium_branderi,11782,11783,1
Mycobacterium_branderi,11823,11824,1
Mycobacterium_branderi,11831,11836,5
Mycobacterium_branderi,11847,11850,3
Mycobacterium_branderi,11851,11852,1
Mycobacterium_branderi,11859,11860,1
Mycobacterium_branderi,11864,11866,2
Mycobacterium_branderi,11877,11878,1
Mycobacterium_branderi,11992,11994,2
Mycobacterium_branderi,12029,12030,1
Mycobacterium_branderi,12068,12069,1
Mycobacterium_branderi,12207,12208,1
Mycobacterium_branderi,12211,12212,1
Mycobacterium_branderi,12213,12214,1
Mycobacterium_branderi,12218,12222,4
Mycobacterium_branderi,12226,12227,1
Mycobacterium_branderi,12229,12230,1
Mycobacterium_branderi,12237,12238,1
Mycobacterium_branderi,12360,12369,9
Mycobacterium_branderi,12371,12380,9
Mycobacterium_branderi,12391,12400,9
Mycobacterium_branderi,12454,12455,1
Mycobacterium_branderi,12739,12740,1
Mycobacterium_branderi,12798,12925,127
Mycobacterium_branderi,13451,13452,1
Mycobacterium_branderi,13453,13454,1
Mycobacterium_branderi,13508,13509,1
Mycolicibacterium_gadium,1,10,9
Mycolicibacterium_gadium,21,39,18
Mycolicibacterium_gadium,43,46,3
Mycolicibacterium_gadium,56,71,15
Mycolicibacterium_gadium,84,107,23
Mycolicibacterium_gadium,117,132,15
Mycolicibacterium_gadium,133,136,3
Mycolicibacterium_gadium,346,349,3
Mycolicibacterium_gadium,1542,1545,3
Mycolicibacterium_gadium,1581,1604,23
Mycolicibacterium_gadium,1632,1650,18
Mycolicibacterium_gadium,1664,1676,12
Mycolicibacterium_gadium,3317,3361,44
Mycolicibacterium_gadium,3364,3365,1
Mycolicibacterium_gadium,3373,3374,1
Mycolicibacterium_gadium,3409,3478,69
Mycolicibacterium_gadium,3482,3491,9
Mycolicibacterium_gadium,3642,3645,3
Mycolicibacterium_gadium,3655,3667,12
Mycolicibacterium_gadium,3782,3788,6
Mycolicibacterium_gadium,4400,4406,6
Mycolicibacterium_gadium,4407,4413,6
Mycolicibacterium_gadium,4417,4426,9
Mycolicibacterium_gadium,4432,4445,13
Mycolicibacterium_gadium,4452,4455,3
Mycolicibacterium_gadium,4456,4462,6
Mycolicibacterium_gadium,4468,4474,6
Mycolicibacterium_gadium,4475,4481,6
Mycolicibacterium_gadium,4483,4486,3
Mycolicibacterium_gadium,4540,4552,12
Mycolicibacterium_gadium,4555,4564,9
Mycolicibacterium_gadium,4567,4573,6
Mycolicibacterium_gadium,4582,4585,3
Mycolicibacterium_gadium,5163,5169,6
Mycolicibacterium_gadium,5170,5179,9
Mycolicibacterium_gadium,5181,5190,9
Mycolicibacterium_gadium,5197,5199,2
Mycolicibacterium_gadium,5201,5204,3
Mycolicibacterium_gadium,5206,5214,8
Mycolicibacterium_gadium,5218,5230,12
Mycolicibacterium_gadium,5231,5241,10
Mycolicibacterium_gadium,5247,5253,6
Mycolicibacterium_gadium,5401,5402,1
Mycolicibacterium_gadium,6015,6016,1
Mycolicibacterium_gadium,6431,6467,36
Mycolicibacterium_gadium,6470,6494,24
Mycolicibacterium_gadium,7178,7254,76
Mycolicibacterium_gadium,7260,7268,8
Mycolicibacterium_gadium,7760,7763,3
Mycolicibacterium_gadium,8452,8500,48
Mycolicibacterium_gadium,8577,8578,1
Mycolicibacterium_gadium,8584,8599,15
Mycolicibacterium_gadium,8601,8603,2
Mycolicibacterium_gadium,8609,8610,1
Mycolicibacterium_gadium,8661,8662,1
Mycolicibacterium_gadium,8703,8704,1
Mycolicibacterium_gadium,8720,8721,1
Mycolicibacterium_gadium,8733,8735,2
Mycolicibacterium_gadium,8739,8742,3
Mycolicibacterium_gadium,8930,8931,1
Mycolicibacterium_gadium,8980,8982,2
Mycolicibacterium_gadium,8984,8998,14
Mycolicibacterium_gadium,9120,9121,1
Mycolicibacterium_gadium,9370,9372,2
Mycolicibacterium_gadium,9546,9547,1
Mycolicibacterium_gadium,9812,9813,1
Mycolicibacterium_gadium,9985,9986,1
Mycolicibacterium_gadium,10076,10078,2
Mycolicibacterium_gadium,10157,10158,1
Mycolicibacterium_gadium,10261,10262,1
Mycolicibacterium_gadium,10310,10312,2
Mycolicibacterium_gadium,10313,10315,2
Mycolicibacterium_gadium,10325,10326,1
Mycolicibacterium_gadium,10370,10371,1
Mycolicibacterium_gadium,10416,10417,1
Mycolicibacterium_gadium,10434,10435,1
Mycolicibacterium_gadium,10448,10449,1
Mycolicibacterium_gadium,10461,10462,1
Mycolicibacterium_gadium,10476,10477,1
Mycolicibacterium_gadium,10491,10492,1
Mycolicibacterium_gadium,10526,10527,1
Mycolicibacterium_gadium,10546,10649,103
Mycolicibacterium_gadium,10771,10774,3
Mycolicibacterium_gadium,10828,10830,2
Mycolicibacterium_gadium,10835,10836,1
Mycolicibacterium_gadium,10837,10843,6
Mycolicibacterium_gadium,10864,10865,1
Mycolicibacterium_gadium,10914,10915,1
Mycolicibacterium_gadium,10965,10966,1
Mycolicibacterium_gadium,10971,10975,4
Mycolicibacterium_gadium,11085,11086,1
Mycolicibacterium_gadium,11143,11144,1
Mycolicibacterium_gadium,11243,11244,1
Mycolicibacterium_gadium,11260,11261,1
Mycolicibacterium_gadium,11286,11287,1
Mycolicibacterium_gadium,11312,11313,1
Mycolicibacterium_gadium,11473,11474,1
Mycolicibacterium_gadium,11505,11512,7
Mycolicibacterium_gadium,11513,11514,1
Mycolicibacterium_gadium,11520,11521,1
Mycolicibacterium_gadium,11530,11534,4
Mycolicibacterium_gadium,11566,11567,1
Mycolicibacterium_gadium,11782,11783,1
Mycolicibacterium_gadium,11823,11824,1
Mycolicibacterium_gadium,11831,11836,5
Mycolicibacterium_gadium,11846,11850,4
Mycolicibacterium_gadium,11851,11852,1
Mycolicibacterium_gadium,11864,11866,2
Mycolicibacterium_gadium,11877,11878,1
Mycolicibacterium_gadium,11993,11994,1
Mycolicibacterium_gadium,12029,12030,1
Mycolicibacterium_gadium,12068,12069,1
Mycolicibacterium_gadium,12207,12208,1
Mycolicibacterium_gadium,12211,12212,1
Mycolicibacterium_gadium,12213,12214,1
Mycolicibacterium_gadium,12218,12222,4
Mycolicibacterium_gadium,12226,12227,1
Mycolicibacterium_gadium,12237,12238,1
Mycolicibacterium_gadium,12360,12369,9
Mycolicibacterium_gadium,12371,12372,1
Mycolicibacterium_gadium,12374,12375,1
Mycolicibacterium_gadium,12378,12381,3
Mycolicibacterium_gadium,12384,12390,6
Mycolicibacterium_gadium,12391,12400,9
Mycolicibacterium_gadium,12454,12455,1
Mycolicibacterium_gadium,12739,12740,1
Mycolicibacterium_gadium,12798,12925,127
Mycolicibacterium_gadium,13451,13452,1
Mycolicibacterium_gadium,13453,13454,1
Mycolicibacterium_gadium,13508,13509,1
Mycobacterium_saskatchewanense,1,10,9
Mycobacterium_saskatchewanense,21,39,18
Mycobacterium_saskatchewanense,43,46,3
Mycobacterium_saskatchewanense,62,71,9
Mycobacterium_saskatchewanense,87,107,20
Mycobacterium_saskatchewanense,117,132,15
Mycobacterium_saskatchewanense,133,136,3
Mycobacterium_saskatchewanense,346,349,3
Mycobacterium_saskatchewanense,1542,1583,41
Mycobacterium_saskatchewanense,1587,1676,89
Mycobacterium_saskatchewanense,1678,1691,13
Mycobacterium_saskatchewanense,3317,3504,187
Mycobacterium_saskatchewanense,3642,3645,3
Mycobacterium_saskatchewanense,3650,3653,3
Mycobacterium_saskatchewanense,3655,3667,12
Mycobacterium_saskatchewanense,3782,3788,6
Mycobacterium_saskatchewanense,4400,4406,6
Mycobacterium_saskatchewanense,4407,4413,6
Mycobacterium_saskatchewanense,4417,4426,9
Mycobacterium_saskatchewanense,4432,4445,13
Mycobacterium_saskatchewanense,4452,4455,3
Mycobacterium_saskatchewanense,4456,4462,6
Mycobacterium_saskatchewanense,4468,4480,12
Mycobacterium_saskatchewanense,4483,4486,3
Mycobacterium_saskatchewanense,4540,4552,12
Mycobacterium_saskatchewanense,4555,4564,9
Mycobacterium_saskatchewanense,4567,4573,6
Mycobacterium_saskatchewanense,4581,4584,3
Mycobacterium_saskatchewanense,5163,5169,6
Mycobacterium_saskatchewanense,5170,5179,9
Mycobacterium_saskatchewanense,5181,5190,9
Mycobacterium_saskatchewanense,5197,5199,2
Mycobacterium_saskatchewanense,5201,5204,3
Mycobacterium_saskatchewanense,5206,5214,8
Mycobacterium_saskatchewanense,5218,5230,12
Mycobacterium_saskatchewanense,5231,5241,10
Mycobacterium_saskatchewanense,5247,5253,6
Mycobacterium_saskatchewanense,5401,5402,1
Mycobacterium_saskatchewanense,6015,6016,1
Mycobacterium_saskatchewanense,6428,6464,36
Mycobacterium_saskatchewanense,6470,6494,24
Mycobacterium_saskatchewanense,7178,7254,76
Mycobacterium_saskatchewanense,7260,7268,8
Mycobacterium_saskatchewanense,7760,7763,3
Mycobacterium_saskatchewanense,8452,8500,48
Mycobacterium_saskatchewanense,8577,8578,1
Mycobacterium_saskatchewanense,8584,8599,15
Mycobacterium_saskatchewanense,8601,8603,2
Mycobacterium_saskatchewanense,8609,8610,1
Mycobacterium_saskatchewanense,8661,8662,1
Mycobacterium_saskatchewanense,8703,8704,1
Mycobacterium_saskatchewanense,8720,8721,1
Mycobacterium_saskatchewanense,8733,8735,2
Mycobacterium_saskatchewanense,8739,8742,3
Mycobacterium_saskatchewanense,8930,8931,1
Mycobacterium_saskatchewanense,8980,8982,2
Mycobacterium_saskatchewanense,8987,9001,14
Mycobacterium_saskatchewanense,9120,9121,1
Mycobacterium_saskatchewanense,9370,9372,2
Mycobacterium_saskatchewanense,9546,9547,1
Mycobacterium_saskatchewanense,9812,9813,1
Mycobacterium_saskatchewanense,9983,9986,3
Mycobacterium_saskatchewanense,10076,10078,2
Mycobacterium_saskatchewanense,10157,10158,1
Mycobacterium_saskatchewanense,10261,10262,1
Mycobacterium_saskatchewanense,10310,10312,2
Mycobacterium_saskatchewanense,10313,10315,2
Mycobacterium_saskatchewanense,10325,10326,1
Mycobacterium_saskatchewanense,10352,10353,1
Mycobacterium_saskatchewanense,10370,10371,1
Mycobacterium_saskatchewanense,10434,10435,1
Mycobacterium_saskatchewanense,10448,10449,1
Mycobacterium_saskatchewanense,10476,10477,1
Mycobacterium_saskatchewanense,10491,10492,1
Mycobacterium_saskatchewanense,10526,10527,1
Mycobacterium_saskatchewanense,10546,10649,103
Mycobacterium_saskatchewanense,10828,10830,2
Mycobacterium_saskatchewanense,10832,10846,14
Mycobacterium_saskatchewanense,10864,10865,1
Mycobacterium_saskatchewanense,10914,10915,1
Mycobacterium_saskatchewanense,10965,10977,12
Mycobacterium_saskatchewanense,11085,11086,1
Mycobacterium_saskatchewanense,11143,11144,1
Mycobacterium_saskatchewanense,11243,11244,1
Mycobacterium_saskatchewanense,11260,11261,1
Mycobacterium_saskatchewanense,11262,11263,1
Mycobacterium_saskatchewanense,11265,11267,2
Mycobacterium_saskatchewanense,11286,11287,1
Mycobacterium_saskatchewanense,11312,11313,1
Mycobacterium_saskatchewanense,11473,11474,1
Mycobacterium_saskatchewanense,11505,11534,29
Mycobacterium_saskatchewanense,11566,11567,1
Mycobacterium_saskatchewanense,11590,11591,1
Mycobacterium_saskatchewanense,11782,11783,1
Mycobacterium_saskatchewanense,11823,11824,1
Mycobacterium_saskatchewanense,11826,11827,1
Mycobacterium_saskatchewanense,11831,11836,5
Mycobacterium_saskatchewanense,11848,11850,2
Mycobacterium_saskatchewanense,11851,11852,1
Mycobacterium_saskatchewanense,11859,11860,1
Mycobacterium_saskatchewanense,11864,11866,2
Mycobacterium_saskatchewanense,11877,11878,1
Mycobacterium_saskatchewanense,11990,11991,1
Mycobacterium_saskatchewanense,11993,11994,1
Mycobacterium_saskatchewanense,12029,12030,1
Mycobacterium_saskatchewanense,12068,12069,1
Mycobacterium_saskatchewanense,12207,12208,1
Mycobacterium_saskatchewanense,12211,12212,1
Mycobacterium_saskatchewanense,12213,12215,2
Mycobacterium_saskatchewanense,12218,12222,4
Mycobacterium_saskatchewanense,12225,12227,2
Mycobacterium_saskatchewanense,12237,12238,1
Mycobacterium_saskatchewanense,12360,12369,9
Mycobacterium_saskatchewanense,12371,12380,9
Mycobacterium_saskatchewanense,12384,12390,6
Mycobacterium_saskatchewanense,12391,12400,9
Mycobacterium_saskatchewanense,12454,12455,1
Mycobacterium_saskatchewanense,12738,12740,2
Mycobacterium_saskatchewanense,12798,12925,127
Mycobacterium_saskatchewanense,13451,13452,1
Mycobacterium_saskatchewanense,13453,13454,1
Mycobacterium_saskatchewanense,13508,13509,1
Mycolicibacterium_psychrotolerans,1,10,9
Mycolicibacterium_psychrotolerans,21,39,18
Mycolicibacterium_psychrotolerans,43,46,3
Mycolicibacterium_psychrotolerans,51,107,56
Mycolicibacterium_psychrotolerans,117,132,15
Mycolicibacterium_psychrotolerans,133,136,3
Mycolicibacterium_psychrotolerans,346,349,3
Mycolicibacterium_psychrotolerans,1542,1691,149
Mycolicibacterium_psychrotolerans,3317,3361,44
Mycolicibacterium_psychrotolerans,3364,3365,1
Mycolicibacterium_psychrotolerans,3373,3374,1
Mycolicibacterium_psychrotolerans,3408,3480,72
Mycolicibacterium_psychrotolerans,3485,3491,6
Mycolicibacterium_psychrotolerans,3642,3645,3
Mycolicibacterium_psychrotolerans,3650,3653,3
Mycolicibacterium_psychrotolerans,3655,3667,12
Mycolicibacterium_psychrotolerans,3782,3788,6
Mycolicibacterium_psychrotolerans,4400,4406,6
Mycolicibacterium_psychrotolerans,4407,4413,6
Mycolicibacterium_psychrotolerans,4417,4426,9
Mycolicibacterium_psychrotolerans,4432,4445,13
Mycolicibacterium_psychrotolerans,4452,4455,3
Mycolicibacterium_psychrotolerans,4456,4462,6
Mycolicibacterium_psychrotolerans,4468,4474,6
Mycolicibacterium_psychrotolerans,4475,4481,6
Mycolicibacterium_psychrotolerans,4483,4486,3
Mycolicibacterium_psychrotolerans,4540,4552,12
Mycolicibacterium_psychrotolerans,4555,4564,9
Mycolicibacterium_psychrotolerans,4567,4573,6
Mycolicibacterium_psychrotolerans,4582,4585,3
Mycolicibacterium_psychrotolerans,5163,5169,6
Mycolicibacterium_psychrotolerans,5170,5179,9
Mycolicibacterium_psychrotolerans,5181,5190,9
Mycolicibacterium_psychrotolerans,5197,5199,2
Mycolicibacterium_psychrotolerans,5201,5204,3
Mycolicibacterium_psychrotolerans,5206,5214,8
Mycolicibacterium_psychrotolerans,5218,5230,12
Mycolicibacterium_psychrotolerans,5231,5241,10
Mycolicibacterium_psychrotolerans,5247,5253,6
Mycolicibacterium_psychrotolerans,5401,5402,1
Mycolicibacterium_psychrotolerans,6015,6016,1
Mycolicibacterium_psychrotolerans,6431,6467,36
Mycolicibacterium_psychrotolerans,6470,6494,24
Mycolicibacterium_psychrotolerans,7178,7254,76
Mycolicibacterium_psychrotolerans,7260,7268,8
Mycolicibacterium_psychrotolerans,7760,7763,3
Mycolicibacterium_psychrotolerans,8452,8500,48
Mycolicibacterium_psychrotolerans,8577,8578,1
Mycolicibacterium_psychrotolerans,8584,8599,15
Mycolicibacterium_psychrotolerans,8600,8604,4
Mycolicibacterium_psychrotolerans,8609,8610,1
Mycolicibacterium_psychrotolerans,8661,8662,1
Mycolicibacterium_psychrotolerans,8703,8704,1
Mycolicibacterium_psychrotolerans,8720,8721,1
Mycolicibacterium_psychrotolerans,8733,8735,2
Mycolicibacterium_psychrotolerans,8739,8742,3
Mycolicibacterium_psychrotolerans,8930,8931,1
Mycolicibacterium_psychrotolerans,8980,8982,2
Mycolicibacterium_psychrotolerans,8984,8998,14
Mycolicibacterium_psychrotolerans,9120,9121,1
Mycolicibacterium_psychrotolerans,9370,9372,2
Mycolicibacterium_psychrotolerans,9546,9547,1
Mycolicibacterium_psychrotolerans,9812,9813,1
Mycolicibacterium_psychrotolerans,9985,9986,1
Mycolicibacterium_psychrotolerans,10076,10078,2
Mycolicibacterium_psychrotolerans,10157,10158,1
Mycolicibacterium_psychrotolerans,10261,10262,1
Mycolicibacterium_psychrotolerans,10310,10312,2
Mycolicibacterium_psychrotolerans,10313,10315,2
Mycolicibacterium_psychrotolerans,10325,10326,1
Mycolicibacterium_psychrotolerans,10370,10371,1
Mycolicibacterium_psychrotolerans,10416,10417,1
Mycolicibacterium_psychrotolerans,10434,10435,1
Mycolicibacterium_psychrotolerans,10448,10449,1
Mycolicibacterium_psychrotolerans,10461,10462,1
Mycolicibacterium_psychrotolerans,10476,10477,1
Mycolicibacterium_psychrotolerans,10491,10492,1
Mycolicibacterium_psychrotolerans,10526,10527,1
Mycolicibacterium_psychrotolerans,10548,10649,101
Mycolicibacterium_psychrotolerans,10828,10830,2
Mycolicibacterium_psychrotolerans,10835,10843,8
Mycolicibacterium_psychrotolerans,10864,10865,1
Mycolicibacterium_psychrotolerans,10914,10915,1
Mycolicibacterium_psychrotolerans,10965,10966,1
Mycolicibacterium_psychrotolerans,10971,10975,4
Mycolicibacterium_psychrotolerans,11085,11086,1
Mycolicibacterium_psychrotolerans,11143,11145,2
Mycolicibacterium_psychrotolerans,11243,11244,1
Mycolicibacterium_psychrotolerans,11260,11261,1
Mycolicibacterium_psychrotolerans,11265,11267,2
Mycolicibacterium_psychrotolerans,11286,11287,1
Mycolicibacterium_psychrotolerans,11312,11313,1
Mycolicibacterium_psychrotolerans,11473,11474,1
Mycolicibacterium_psychrotolerans,11499,11502,3
Mycolicibacterium_psychrotolerans,11505,11512,7
Mycolicibacterium_psychrotolerans,11513,11514,1
Mycolicibacterium_psychrotolerans,11520,11521,1
Mycolicibacterium_psychrotolerans,11524,11537,13
Mycolicibacterium_psychrotolerans,11566,11567,1
Mycolicibacterium_psychrotolerans,11782,11783,1
Mycolicibacterium_psychrotolerans,11823,11824,1
Mycolicibacterium_psychrotolerans,11826,11827,1
Mycolicibacterium_psychrotolerans,11831,11836,5
Mycolicibacterium_psychrotolerans,11847,11849,2
Mycolicibacterium_psychrotolerans,11851,11852,1
Mycolicibacterium_psychrotolerans,11859,11860,1
Mycolicibacterium_psychrotolerans,11864,11866,2
Mycolicibacterium_psychrotolerans,11877,11878,1
Mycolicibacterium_psychrotolerans,11993,11994,1
Mycolicibacterium_psychrotolerans,12029,12030,1
Mycolicibacterium_psychrotolerans,12068,12069,1
Mycolicibacterium_psychrotolerans,12207,12208,1
Mycolicibacterium_psychrotolerans,12211,12212,1
Mycolicibacterium_psychrotolerans,12213,12214,1
Mycolicibacterium_psychrotolerans,12218,12222,4
Mycolicibacterium_psychrotolerans,12226,12227,1
Mycolicibacterium_psychrotolerans,12229,12230,1
Mycolicibacterium_psychrotolerans,12237,12238,1
Mycolicibacterium_psychrotolerans,12360,12369,9
Mycolicibacterium_psychrotolerans,12371,12372,1
Mycolicibacterium_psychrotolerans,12374,12375,1
Mycolicibacterium_psychrotolerans,12378,12381,3
Mycolicibacterium_psychrotolerans,12384,12390,6
Mycolicibacterium_psychrotolerans,12391,12400,9
Mycolicibacterium_psychrotolerans,12454,12455,1
Mycolicibacterium_psychrotolerans,12739,12740,1
Mycolicibacterium_psychrotolerans,12798,12925,127
Mycolicibacterium_psychrotolerans,13364,13365,1
Mycolicibacterium_psychrotolerans,13453,13454,1
Mycolicibacterium_psychrotolerans,13508,13509,1
Mycolicibacter_hiberniae,1,10,9
Mycolicibacter_hiberniae,21,39,18
Mycolicibacter_hiberniae,43,46,3
Mycolicibacter_hiberniae,59,136,77
Mycolicibacter_hiberniae,346,349,3
Mycolicibacter_hiberniae,1542,1691,149
Mycolicibacter_hiberniae,3317,3381,64
Mycolicibacter_hiberniae,3414,3420,6
Mycolicibacter_hiberniae,3424,3460,36
Mycolicibacter_hiberniae,3468,3471,3
Mycolicibacter_hiberniae,3473,3479,6
Mycolicibacter_hiberniae,3485,3491,6
Mycolicibacter_hiberniae,3650,3653,3
Mycolicibacter_hiberniae,3657,3672,15
Mycolicibacter_hiberniae,3782,3788,6
Mycolicibacter_hiberniae,4400,4406,6
Mycolicibacter_hiberniae,4407,4413,6
Mycolicibacter_hiberniae,4422,4426,4
Mycolicibacter_hiberniae,4432,4438,6
Mycolicibacter_hiberniae,4452,4455,3
Mycolicibacter_hiberniae,4456,4486,30
Mycolicibacter_hiberniae,4555,4564,9
Mycolicibacter_hiberniae,4567,4573,6
Mycolicibacter_hiberniae,5163,5169,6
Mycolicibacter_hiberniae,5170,5179,9
Mycolicibacter_hiberniae,5181,5190,9
Mycolicibacter_hiberniae,5197,5199,2
Mycolicibacter_hiberniae,5201,5204,3
Mycolicibacter_hiberniae,5206,5214,8
Mycolicibacter_hiberniae,5218,5230,12
Mycolicibacter_hiberniae,5231,5241,10
Mycolicibacter_hiberniae,5247,5253,6
Mycolicibacter_hiberniae,5401,5402,1
Mycolicibacter_hiberniae,6015,6016,1
Mycolicibacter_hiberniae,6431,6452,21
Mycolicibacter_hiberniae,6456,6462,6
Mycolicibacter_hiberniae,6470,6494,24
Mycolicibacter_hiberniae,7178,7254,76
Mycolicibacter_hiberniae,7260,7268,8
Mycolicibacter_hiberniae,7760,7763,3
Mycolicibacter_hiberniae,8452,8500,48
Mycolicibacter_hiberniae,8577,8578,1
Mycolicibacter_hiberniae,8584,8599,15
Mycolicibacter_hiberniae,8601,8603,2
Mycolicibacter_hiberniae,8609,8610,1
Mycolicibacter_hiberniae,8661,8662,1
Mycolicibacter_hiberniae,8703,8704,1
Mycolicibacter_hiberniae,8720,8721,1
Mycolicibacter_hiberniae,8733,8735,2
Mycolicibacter_hiberniae,8739,8742,3
Mycolicibacter_hiberniae,8930,8931,1
Mycolicibacter_hiberniae,8980,8982,2
Mycolicibacter_hiberniae,9120,9121,1
Mycolicibacter_hiberniae,9546,9547,1
Mycolicibacter_hiberniae,9812,9814,2
Mycolicibacter_hiberniae,9982,9984,2
Mycolicibacter_hiberniae,9985,9986,1
Mycolicibacter_hiberniae,10076,10078,2
Mycolicibacter_hiberniae,10157,10158,1
Mycolicibacter_hiberniae,10311,10312,1
Mycolicibacter_hiberniae,10313,10315,2
Mycolicibacter_hiberniae,10325,10326,1
Mycolicibacter_hiberniae,10370,10371,1
Mycolicibacter_hiberniae,10416,10417,1
Mycolicibacter_hiberniae,10434,10435,1
Mycolicibacter_hiberniae,10448,10449,1
Mycolicibacter_hiberniae,10476,10477,1
Mycolicibacter_hiberniae,10491,10492,1
Mycolicibacter_hiberniae,10526,10527,1
Mycolicibacter_hiberniae,10546,10649,103
Mycolicibacter_hiberniae,10828,10830,2
Mycolicibacter_hiberniae,10834,10843,9
Mycolicibacter_hiberniae,10864,10865,1
Mycolicibacter_hiberniae,10914,10915,1
Mycolicibacter_hiberniae,10965,10966,1
Mycolicibacter_hiberniae,10971,10975,4
Mycolicibacter_hiberniae,11085,11086,1
Mycolicibacter_hiberniae,11143,11144,1
Mycolicibacter_hiberniae,11243,11244,1
Mycolicibacter_hiberniae,11260,11261,1
Mycolicibacter_hiberniae,11265,11267,2
Mycolicibacter_hiberniae,11286,11287,1
Mycolicibacter_hiberniae,11312,11313,1
Mycolicibacter_hiberniae,11473,11474,1
Mycolicibacter_hiberniae,11505,11512,7
Mycolicibacter_hiberniae,11513,11514,1
Mycolicibacter_hiberniae,11515,11533,18
Mycolicibacter_hiberniae,11537,11538,1
Mycolicibacter_hiberniae,11566,11567,1
Mycolicibacter_hiberniae,11782,11783,1
Mycolicibacter_hiberniae,11823,11824,1
Mycolicibacter_hiberniae,11826,11827,1
Mycolicibacter_hiberniae,11831,11836,5
Mycolicibacter_hiberniae,11847,11852,5
Mycolicibacter_hiberniae,11859,11860,1
Mycolicibacter_hiberniae,11864,11866,2
Mycolicibacter_hiberniae,11877,11878,1
Mycolicibacter_hiberniae,11993,11994,1
Mycolicibacter_hiberniae,12029,12030,1
Mycolicibacter_hiberniae,12068,12069,1
Mycolicibacter_hiberniae,12207,12208,1
Mycolicibacter_hiberniae,12211,12212,1
Mycolicibacter_hiberniae,12213,12214,1
Mycolicibacter_hiberniae,12218,12222,4
Mycolicibacter_hiberniae,12226,12227,1
Mycolicibacter_hiberniae,12237,12238,1
Mycolicibacter_hiberniae,12360,12369,9
Mycolicibacter_hiberniae,12371,12372,1
Mycolicibacter_hiberniae,12374,12375,1
Mycolicibacter_hiberniae,12377,12382,5
Mycolicibacter_hiberniae,12384,12390,6
Mycolicibacter_hiberniae,12391,12400,9
Mycolicibacter_hiberniae,12454,12455,1
Mycolicibacter_hiberniae,12595,12596,1
Mycolicibacter_hiberniae,12739,12740,1
Mycolicibacter_hiberniae,12798,12925,127
Mycolicibacter_hiberniae,13451,13452,1
Mycolicibacter_hiberniae,13453,13454,1
Mycolicibacter_hiberniae,13508,13509,1
Mycolicibacterium_madagascariense,1,10,9
Mycolicibacterium_madagascariense,21,39,18
Mycolicibacterium_madagascariense,43,46,3
Mycolicibacterium_madagascariense,51,107,56
Mycolicibacterium_madagascariense,117,132,15
Mycolicibacterium_madagascariense,133,136,3
Mycolicibacterium_madagascariense,346,349,3
Mycolicibacterium_madagascariense,1542,1691,149
Mycolicibacterium_madagascariense,3317,3361,44
Mycolicibacterium_madagascariense,3364,3365,1
Mycolicibacterium_madagascariense,3373,3374,1
Mycolicibacterium_madagascariense,3409,3478,69
Mycolicibacterium_madagascariense,3485,3491,6
Mycolicibacterium_madagascariense,3642,3645,3
Mycolicibacterium_madagascariense,3650,3653,3
Mycolicibacterium_madagascariense,3655,3667,12
Mycolicibacterium_madagascariense,3782,3788,6
Mycolicibacterium_madagascariense,4400,4406,6
Mycolicibacterium_madagascariense,4407,4413,6
Mycolicibacterium_madagascariense,4417,4426,9
Mycolicibacterium_madagascariense,4432,4445,13
Mycolicibacterium_madagascariense,4452,4455,3
Mycolicibacterium_madagascariense,4456,4462,6
Mycolicibacterium_madagascariense,4468,4474,6
Mycolicibacterium_madagascariense,4475,4481,6
Mycolicibacterium_madagascariense,4483,4486,3
Mycolicibacterium_madagascariense,4540,4552,12
Mycolicibacterium_madagascariense,4555,4564,9
Mycolicibacterium_madagascariense,4567,4573,6
Mycolicibacterium_madagascariense,4582,4585,3
Mycolicibacterium_madagascariense,5163,5169,6
Mycolicibacterium_madagascariense,5170,5179,9
Mycolicibacterium_madagascariense,5181,5190,9
Mycolicibacterium_madagascariense,5197,5199,2
Mycolicibacterium_madagascariense,5201,5204,3
Mycolicibacterium_madagascariense,5206,5214,8
Mycolicibacterium_madagascariense,5218,5230,12
Mycolicibacterium_madagascariense,5231,5241,10
Mycolicibacterium_madagascariense,5247,5253,6
Mycolicibacterium_madagascariense,5401,5402,1
Mycolicibacterium_madagascariense,6015,6016,1
Mycolicibacterium_madagascariense,6431,6452,21
Mycolicibacterium_madagascariense,6456,6462,6
Mycolicibacterium_madagascariense,6475,6490,15
Mycolicibacterium_madagascariense,7178,7254,76
Mycolicibacterium_madagascariense,7260,7268,8
Mycolicibacterium_madagascariense,7760,7763,3
Mycolicibacterium_madagascariense,8452,8500,48
Mycolicibacterium_madagascariense,8577,8578,1
Mycolicibacterium_madagascariense,8584,8599,15
Mycolicibacterium_madagascariense,8600,8604,4
Mycolicibacterium_madagascariense,8609,8610,1
Mycolicibacterium_madagascariense,8661,8662,1
Mycolicibacterium_madagascariense,8731,8735,4
Mycolicibacterium_madagascariense,8739,8742,3
Mycolicibacterium_madagascariense,8930,8931,1
Mycolicibacterium_madagascariense,8980,8982,2
Mycolicibacterium_madagascariense,8984,8998,14
Mycolicibacterium_madagascariense,9120,9121,1
Mycolicibacterium_madagascariense,9370,9372,2
Mycolicibacterium_madagascariense,9546,9547,1
Mycolicibacterium_madagascariense,9812,9813,1
Mycolicibacterium_madagascariense,9985,9986,1
Mycolicibacterium_madagascariense,10076,10078,2
Mycolicibacterium_madagascariense,10157,10158,1
Mycolicibacterium_madagascariense,10261,10262,1
Mycolicibacterium_madagascariense,10310,10312,2
Mycolicibacterium_madagascariense,10313,10315,2
Mycolicibacterium_madagascariense,10325,10326,1
Mycolicibacterium_madagascariense,10370,10371,1
Mycolicibacterium_madagascariense,10396,10398,2
Mycolicibacterium_madagascariense,10415,10417,2
Mycolicibacterium_madagascariense,10430,10431,1
Mycolicibacterium_madagascariense,10434,10435,1
Mycolicibacterium_madagascariense,10448,10449,1
Mycolicibacterium_madagascariense,10476,10477,1
Mycolicibacterium_madagascariense,10491,10492,1
Mycolicibacterium_madagascariense,10526,10527,1
Mycolicibacterium_madagascariense,10547,10649,102
Mycolicibacterium_madagascariense,10828,10831,3
Mycolicibacterium_madagascariense,10835,10843,8
Mycolicibacterium_madagascariense,10864,10865,1
Mycolicibacterium_madagascariense,10914,10915,1
Mycolicibacterium_madagascariense,10965,10966,1
Mycolicibacterium_madagascariense,10971,10975,4
Mycolicibacterium_madagascariense,11085,11086,1
Mycolicibacterium_madagascariense,11143,11144,1
Mycolicibacterium_madagascariense,11243,11244,1
Mycolicibacterium_madagascariense,11260,11261,1
Mycolicibacterium_madagascariense,11266,11267,1
Mycolicibacterium_madagascariense,11286,11287,1
Mycolicibacterium_madagascariense,11312,11313,1
Mycolicibacterium_madagascariense,11473,11474,1
Mycolicibacterium_madagascariense,11505,11512,7
Mycolicibacterium_madagascariense,11513,11514,1
Mycolicibacterium_madagascariense,11520,11521,1
Mycolicibacterium_madagascariense,11527,11531,4
Mycolicibacterium_madagascariense,11532,11533,1
Mycolicibacterium_madagascariense,11566,11567,1
Mycolicibacterium_madagascariense,11782,11783,1
Mycolicibacterium_madagascariense,11823,11824,1
Mycolicibacterium_madagascariense,11826,11827,1
Mycolicibacterium_madagascariense,11831,11836,5
Mycolicibacterium_madagascariense,11846,11850,4
Mycolicibacterium_madagascariense,11851,11852,1
Mycolicibacterium_madagascariense,11859,11860,1
Mycolicibacterium_madagascariense,11864,11866,2
Mycolicibacterium_madagascariense,11877,11878,1
Mycolicibacterium_madagascariense,12029,12030,1
Mycolicibacterium_madagascariense,12068,12069,1
Mycolicibacterium_madagascariense,12196,12197,1
Mycolicibacterium_madagascariense,12207,12208,1
Mycolicibacterium_madagascariense,12211,12212,1
Mycolicibacterium_madagascariense,12213,12214,1
Mycolicibacterium_madagascariense,12218,12222,4
Mycolicibacterium_madagascariense,12226,12227,1
Mycolicibacterium_madagascariense,12237,12238,1
Mycolicibacterium_madagascariense,12360,12369,9
Mycolicibacterium_madagascariense,12371,12372,1
Mycolicibacterium_madagascariense,12374,12375,1
Mycolicibacterium_madagascariense,12378,12381,3
Mycolicibacterium_madagascariense,12384,12390,6
Mycolicibacterium_madagascariense,12391,12400,9
Mycolicibacterium_madagascariense,12454,12455,1
Mycolicibacterium_madagascariense,12739,12740,1
Mycolicibacterium_madagascariense,12798,12925,127
Mycolicibacterium_madagascariense,13451,13452,1
Mycolicibacterium_madagascariense,13453,13454,1
Mycolicibacterium_madagascariense,13508,13509,1
Mycolicibacterium_confluentis,1,10,9
Mycolicibacterium_confluentis,21,39,18
Mycolicibacterium_confluentis,43,46,3
Mycolicibacterium_confluentis,53,106,53
Mycolicibacterium_confluentis,117,132,15
Mycolicibacterium_confluentis,133,136,3
Mycolicibacterium_confluentis,346,349,3
Mycolicibacterium_confluentis,1542,1691,149
Mycolicibacterium_confluentis,3317,3361,44
Mycolicibacterium_confluentis,3364,3365,1
Mycolicibacterium_confluentis,3373,3374,1
Mycolicibacterium_confluentis,3409,3478,69
Mycolicibacterium_confluentis,3485,3491,6
Mycolicibacterium_confluentis,3642,3645,3
Mycolicibacterium_confluentis,3650,3653,3
Mycolicibacterium_confluentis,3655,3667,12
Mycolicibacterium_confluentis,3782,3788,6
Mycolicibacterium_confluentis,4400,4406,6
Mycolicibacterium_confluentis,4407,4413,6
Mycolicibacterium_confluentis,4417,4426,9
Mycolicibacterium_confluentis,4432,4445,13
Mycolicibacterium_confluentis,4452,4455,3
Mycolicibacterium_confluentis,4456,4462,6
Mycolicibacterium_confluentis,4468,4474,6
Mycolicibacterium_confluentis,4475,4481,6
Mycolicibacterium_confluentis,4483,4486,3
Mycolicibacterium_confluentis,4555,4564,9
Mycolicibacterium_confluentis,4567,4573,6
Mycolicibacterium_confluentis,5163,5169,6
Mycolicibacterium_confluentis,5170,5179,9
Mycolicibacterium_confluentis,5181,5190,9
Mycolicibacterium_confluentis,5197,5199,2
Mycolicibacterium_confluentis,5201,5204,3
Mycolicibacterium_confluentis,5206,5214,8
Mycolicibacterium_confluentis,5218,5230,12
Mycolicibacterium_confluentis,5231,5241,10
Mycolicibacterium_confluentis,5247,5253,6
Mycolicibacterium_confluentis,5401,5402,1
Mycolicibacterium_confluentis,6015,6016,1
Mycolicibacterium_confluentis,6431,6452,21
Mycolicibacterium_confluentis,6456,6462,6
Mycolicibacterium_confluentis,6470,6494,24
Mycolicibacterium_confluentis,7178,7254,76
Mycolicibacterium_confluentis,7260,7268,8
Mycolicibacterium_confluentis,7760,7763,3
Mycolicibacterium_confluentis,8452,8500,48
Mycolicibacterium_confluentis,8577,8578,1
Mycolicibacterium_confluentis,8584,8599,15
Mycolicibacterium_confluentis,8601,8603,2
Mycolicibacterium_confluentis,8609,8610,1
Mycolicibacterium_confluentis,8661,8662,1
Mycolicibacterium_confluentis,8733,8735,2
Mycolicibacterium_confluentis,8739,8742,3
Mycolicibacterium_confluentis,8930,8931,1
Mycolicibacterium_confluentis,8980,8982,2
Mycolicibacterium_confluentis,8984,8998,14
Mycolicibacterium_confluentis,9120,9121,1
Mycolicibacterium_confluentis,9370,9372,2
Mycolicibacterium_confluentis,9546,9547,1
Mycolicibacterium_confluentis,9812,9813,1
Mycolicibacterium_confluentis,9985,9986,1
Mycolicibacterium_confluentis,10076,10078,2
Mycolicibacterium_confluentis,10157,10158,1
Mycolicibacterium_confluentis,10261,10262,1
Mycolicibacterium_confluentis,10310,10312,2
Mycolicibacterium_confluentis,10313,10315,2
Mycolicibacterium_confluentis,10325,10326,1
Mycolicibacterium_confluentis,10370,10371,1
Mycolicibacterium_confluentis,10383,10385,2
Mycolicibacterium_confluentis,10409,10410,1
Mycolicibacterium_confluentis,10416,10417,1
Mycolicibacterium_confluentis,10434,10435,1
Mycolicibacterium_confluentis,10448,10449,1
Mycolicibacterium_confluentis,10461,10462,1
Mycolicibacterium_confluentis,10476,10477,1
Mycolicibacterium_confluentis,10491,10492,1
Mycolicibacterium_confluentis,10526,10527,1
Mycolicibacterium_confluentis,10546,10649,103
Mycolicibacterium_confluentis,10740,10741,1
Mycolicibacterium_confluentis,10828,10830,2
Mycolicibacterium_confluentis,10836,10843,7
Mycolicibacterium_confluentis,10864,10865,1
Mycolicibacterium_confluentis,10914,10915,1
Mycolicibacterium_confluentis,10961,10968,7
Mycolicibacterium_confluentis,10971,10975,4
Mycolicibacterium_confluentis,11085,11086,1
Mycolicibacterium_confluentis,11143,11144,1
Mycolicibacterium_confluentis,11243,11244,1
Mycolicibacterium_confluentis,11260,11261,1
Mycolicibacterium_confluentis,11265,11267,2
Mycolicibacterium_confluentis,11286,11287,1
Mycolicibacterium_confluentis,11312,11313,1
Mycolicibacterium_confluentis,11473,11474,1
Mycolicibacterium_confluentis,11505,11512,7
Mycolicibacterium_confluentis,11513,11514,1
Mycolicibacterium_confluentis,11520,11535,15
Mycolicibacterium_confluentis,11566,11567,1
Mycolicibacterium_confluentis,11782,11783,1
Mycolicibacterium_confluentis,11823,11824,1
Mycolicibacterium_confluentis,11826,11827,1
Mycolicibacterium_confluentis,11831,11836,5
Mycolicibacterium_confluentis,11846,11850,4
Mycolicibacterium_confluentis,11851,11852,1
Mycolicibacterium_confluentis,11859,11860,1
Mycolicibacterium_confluentis,11864,11866,2
Mycolicibacterium_confluentis,11877,11878,1
Mycolicibacterium_confluentis,11993,11994,1
Mycolicibacterium_confluentis,12018,12019,1
Mycolicibacterium_confluentis,12029,12030,1
Mycolicibacterium_confluentis,12057,12058,1
Mycolicibacterium_confluentis,12068,12069,1
Mycolicibacterium_confluentis,12211,12212,1
Mycolicibacterium_confluentis,12213,12214,1
Mycolicibacterium_confluentis,12218,12222,4
Mycolicibacterium_confluentis,12226,12227,1
Mycolicibacterium_confluentis,12237,12238,1
Mycolicibacterium_confluentis,12275,12276,1
Mycolicibacterium_confluentis,12360,12369,9
Mycolicibacterium_confluentis,12371,12372,1
Mycolicibacterium_confluentis,12374,12375,1
Mycolicibacterium_confluentis,12377,12382,5
Mycolicibacterium_confluentis,12384,12390,6
Mycolicibacterium_confluentis,12391,12400,9
Mycolicibacterium_confluentis,12454,12455,1
Mycolicibacterium_confluentis,12739,12740,1
Mycolicibacterium_confluentis,12798,12925,127
Mycolicibacterium_confluentis,13451,13452,1
Mycolicibacterium_confluentis,13453,13454,1
Mycolicibacterium_confluentis,13508,13509,1
Mycobacterium_shinjukuense,1,10,9
Mycobacterium_shinjukuense,24,39,15
Mycobacterium_shinjukuense,53,71,18
Mycobacterium_shinjukuense,84,107,23
Mycobacterium_shinjukuense,117,132,15
Mycobacterium_shinjukuense,133,136,3
Mycobacterium_shinjukuense,346,349,3
Mycobacterium_shinjukuense,1542,1691,149
Mycobacterium_shinjukuense,3286,3289,3
Mycobacterium_shinjukuense,3317,3381,64
Mycobacterium_shinjukuense,3418,3420,2
Mycobacterium_shinjukuense,3424,3458,34
Mycobacterium_shinjukuense,3473,3479,6
Mycobacterium_shinjukuense,3485,3491,6
Mycobacterium_shinjukuense,3642,3645,3
Mycobacterium_shinjukuense,3650,3653,3
Mycobacterium_shinjukuense,3655,3667,12
Mycobacterium_shinjukuense,3782,3788,6
Mycobacterium_shinjukuense,4400,4406,6
Mycobacterium_shinjukuense,4407,4413,6
Mycobacterium_shinjukuense,4417,4426,9
Mycobacterium_shinjukuense,4432,4445,13
Mycobacterium_shinjukuense,4452,4455,3
Mycobacterium_shinjukuense,4456,4462,6
Mycobacterium_shinjukuense,4468,4480,12
Mycobacterium_shinjukuense,4483,4486,3
Mycobacterium_shinjukuense,4540,4552,12
Mycobacterium_shinjukuense,4555,4564,9
Mycobacterium_shinjukuense,4567,4573,6
Mycobacterium_shinjukuense,4581,4584,3
Mycobacterium_shinjukuense,5163,5169,6
Mycobacterium_shinjukuense,5170,5179,9
Mycobacterium_shinjukuense,5181,5190,9
Mycobacterium_shinjukuense,5197,5199,2
Mycobacterium_shinjukuense,5201,5204,3
Mycobacterium_shinjukuense,5206,5214,8
Mycobacterium_shinjukuense,5218,5230,12
Mycobacterium_shinjukuense,5231,5241,10
Mycobacterium_shinjukuense,5247,5253,6
Mycobacterium_shinjukuense,5401,5402,1
Mycobacterium_shinjukuense,6015,6016,1
Mycobacterium_shinjukuense,6431,6452,21
Mycobacterium_shinjukuense,6456,6462,6
Mycobacterium_shinjukuense,6470,6494,24
Mycobacterium_shinjukuense,7178,7254,76
Mycobacterium_shinjukuense,7260,7268,8
Mycobacterium_shinjukuense,7760,7763,3
Mycobacterium_shinjukuense,8452,8500,48
Mycobacterium_shinjukuense,8577,8578,1
Mycobacterium_shinjukuense,8584,8599,15
Mycobacterium_shinjukuense,8601,8603,2
Mycobacterium_shinjukuense,8609,8610,1
Mycobacterium_shinjukuense,8661,8662,1
Mycobacterium_shinjukuense,8703,8704,1
Mycobacterium_shinjukuense,8720,8721,1
Mycobacterium_shinjukuense,8733,8735,2
Mycobacterium_shinjukuense,8739,8742,3
Mycobacterium_shinjukuense,8930,8931,1
Mycobacterium_shinjukuense,8980,8982,2
Mycobacterium_shinjukuense,8996,8998,2
Mycobacterium_shinjukuense,9120,9121,1
Mycobacterium_shinjukuense,9370,9372,2
Mycobacterium_shinjukuense,9546,9547,1
Mycobacterium_shinjukuense,9812,9813,1
Mycobacterium_shinjukuense,9984,9986,2
Mycobacterium_shinjukuense,10076,10078,2
Mycobacterium_shinjukuense,10157,10158,1
Mycobacterium_shinjukuense,10261,10262,1
Mycobacterium_shinjukuense,10310,10312,2
Mycobacterium_shinjukuense,10313,10315,2
Mycobacterium_shinjukuense,10325,10326,1
Mycobacterium_shinjukuense,10370,10371,1
Mycobacterium_shinjukuense,10434,10435,1
Mycobacterium_shinjukuense,10448,10449,1
Mycobacterium_shinjukuense,10476,10477,1
Mycobacterium_shinjukuense,10491,10492,1
Mycobacterium_shinjukuense,10526,10527,1
Mycobacterium_shinjukuense,10547,10649,102
Mycobacterium_shinjukuense,10828,10830,2
Mycobacterium_shinjukuense,10832,10846,14
Mycobacterium_shinjukuense,10864,10865,1
Mycobacterium_shinjukuense,10914,10915,1
Mycobacterium_shinjukuense,10971,10972,1
Mycobacterium_shinjukuense,11085,11086,1
Mycobacterium_shinjukuense,11143,11144,1
Mycobacterium_shinjukuense,11243,11244,1
Mycobacterium_shinjukuense,11260,11261,1
Mycobacterium_shinjukuense,11262,11263,1
Mycobacterium_shinjukuense,11265,11267,2
Mycobacterium_shinjukuense,11286,11287,1
Mycobacterium_shinjukuense,11312,11313,1
Mycobacterium_shinjukuense,11473,11474,1
Mycobacterium_shinjukuense,11505,11534,29
Mycobacterium_shinjukuense,11566,11567,1
Mycobacterium_shinjukuense,11590,11591,1
Mycobacterium_shinjukuense,11782,11783,1
Mycobacterium_shinjukuense,11823,11824,1
Mycobacterium_shinjukuense,11826,11827,1
Mycobacterium_shinjukuense,11831,11836,5
Mycobacterium_shinjukuense,11848,11850,2
Mycobacterium_shinjukuense,11851,11852,1
Mycobacterium_shinjukuense,11859,11860,1
Mycobacterium_shinjukuense,11864,11866,2
Mycobacterium_shinjukuense,11877,11878,1
Mycobacterium_shinjukuense,11993,11994,1
Mycobacterium_shinjukuense,12029,12030,1
Mycobacterium_shinjukuense,12068,12069,1
Mycobacterium_shinjukuense,12207,12208,1
Mycobacterium_shinjukuense,12211,12212,1
Mycobacterium_shinjukuense,12213,12214,1
Mycobacterium_shinjukuense,12218,12222,4
Mycobacterium_shinjukuense,12225,12227,2
Mycobacterium_shinjukuense,12237,12238,1
Mycobacterium_shinjukuense,12360,12369,9
Mycobacterium_shinjukuense,12371,12372,1
Mycobacterium_shinjukuense,12374,12380,6
Mycobacterium_shinjukuense,12384,12390,6
Mycobacterium_shinjukuense,12391,12400,9
Mycobacterium_shinjukuense,12454,12455,1
Mycobacterium_shinjukuense,12739,12740,1
Mycobacterium_shinjukuense,12798,12925,127
Mycobacterium_shinjukuense,13451,13452,1
Mycobacterium_shinjukuense,13453,13454,1
Mycobacterium_shinjukuense,13508,13509,1
Mycobacterium_conspicuum,1,10,9
Mycobacterium_conspicuum,21,39,18
Mycobacterium_conspicuum,43,46,3
Mycobacterium_conspicuum,53,71,18
Mycobacterium_conspicuum,87,107,20
Mycobacterium_conspicuum,117,132,15
Mycobacterium_conspicuum,133,136,3
Mycobacterium_conspicuum,346,349,3
Mycobacterium_conspicuum,1542,1583,41
Mycobacterium_conspicuum,1587,1676,89
Mycobacterium_conspicuum,1678,1691,13
Mycobacterium_conspicuum,3317,3381,64
Mycobacterium_conspicuum,3390,3393,3
Mycobacterium_conspicuum,3414,3420,6
Mycobacterium_conspicuum,3424,3460,36
Mycobacterium_conspicuum,3476,3479,3
Mycobacterium_conspicuum,3485,3491,6
Mycobacterium_conspicuum,3642,3645,3
Mycobacterium_conspicuum,3650,3653,3
Mycobacterium_conspicuum,3655,3667,12
Mycobacterium_conspicuum,3782,3788,6
Mycobacterium_conspicuum,4400,4406,6
Mycobacterium_conspicuum,4407,4413,6
Mycobacterium_conspicuum,4417,4426,9
Mycobacterium_conspicuum,4432,4445,13
Mycobacterium_conspicuum,4452,4455,3
Mycobacterium_conspicuum,4456,4462,6
Mycobacterium_conspicuum,4468,4480,12
Mycobacterium_conspicuum,4483,4486,3
Mycobacterium_conspicuum,4540,4552,12
Mycobacterium_conspicuum,4555,4564,9
Mycobacterium_conspicuum,4567,4573,6
Mycobacterium_conspicuum,4581,4584,3
Mycobacterium_conspicuum,5163,5169,6
Mycobacterium_conspicuum,5170,5179,9
Mycobacterium_conspicuum,5181,5190,9
Mycobacterium_conspicuum,5197,5199,2
Mycobacterium_conspicuum,5201,5204,3
Mycobacterium_conspicuum,5206,5214,8
Mycobacterium_conspicuum,5218,5230,12
Mycobacterium_conspicuum,5231,5241,10
Mycobacterium_conspicuum,5247,5253,6
Mycobacterium_conspicuum,5401,5402,1
Mycobacterium_conspicuum,6015,6016,1
Mycobacterium_conspicuum,6428,6464,36
Mycobacterium_conspicuum,6470,6494,24
Mycobacterium_conspicuum,7178,7254,76
Mycobacterium_conspicuum,7260,7268,8
Mycobacterium_conspicuum,7760,7763,3
Mycobacterium_conspicuum,8452,8500,48
Mycobacterium_conspicuum,8577,8578,1
Mycobacterium_conspicuum,8584,8599,15
Mycobacterium_conspicuum,8601,8603,2
Mycobacterium_conspicuum,8609,8610,1
Mycobacterium_conspicuum,8661,8662,1
Mycobacterium_conspicuum,8703,8704,1
Mycobacterium_conspicuum,8720,8721,1
Mycobacterium_conspicuum,8733,8735,2
Mycobacterium_conspicuum,8739,8742,3
Mycobacterium_conspicuum,8930,8931,1
Mycobacterium_conspicuum,8980,8982,2
Mycobacterium_conspicuum,8996,8998,2
Mycobacterium_conspicuum,9120,9121,1
Mycobacterium_conspicuum,9370,9372,2
Mycobacterium_conspicuum,9546,9547,1
Mycobacterium_conspicuum,9812,9814,2
Mycobacterium_conspicuum,9983,9986,3
Mycobacterium_conspicuum,10076,10078,2
Mycobacterium_conspicuum,10157,10158,1
Mycobacterium_conspicuum,10261,10262,1
Mycobacterium_conspicuum,10310,10312,2
Mycobacterium_conspicuum,10313,10315,2
Mycobacterium_conspicuum,10325,10326,1
Mycobacterium_conspicuum,10352,10353,1
Mycobacterium_conspicuum,10370,10371,1
Mycobacterium_conspicuum,10411,10412,1
Mycobacterium_conspicuum,10434,10435,1
Mycobacterium_conspicuum,10448,10449,1
Mycobacterium_conspicuum,10476,10477,1
Mycobacterium_conspicuum,10491,10492,1
Mycobacterium_conspicuum,10526,10527,1
Mycobacterium_conspicuum,10546,10649,103
Mycobacterium_conspicuum,10828,10830,2
Mycobacterium_conspicuum,10832,10846,14
Mycobacterium_conspicuum,10864,10865,1
Mycobacterium_conspicuum,10914,10915,1
Mycobacterium_conspicuum,10958,10983,25
Mycobacterium_conspicuum,11085,11086,1
Mycobacterium_conspicuum,11143,11144,1
Mycobacterium_conspicuum,11243,11244,1
Mycobacterium_conspicuum,11260,11261,1
Mycobacterium_conspicuum,11262,11263,1
Mycobacterium_conspicuum,11265,11267,2
Mycobacterium_conspicuum,11286,11287,1
Mycobacterium_conspicuum,11312,11313,1
Mycobacterium_conspicuum,11473,11474,1
Mycobacterium_conspicuum,11505,11534,29
Mycobacterium_conspicuum,11566,11567,1
Mycobacterium_conspicuum,11590,11591,1
Mycobacterium_conspicuum,11782,11783,1
Mycobacterium_conspicuum,11823,11824,1
Mycobacterium_conspicuum,11826,11827,1
Mycobacterium_conspicuum,11831,11836,5
Mycobacterium_conspicuum,11847,11852,5
Mycobacterium_conspicuum,11859,11860,1
Mycobacterium_conspicuum,11864,11866,2
Mycobacterium_conspicuum,11877,11878,1
Mycobacterium_conspicuum,11993,11995,2
Mycobacterium_conspicuum,12029,12030,1
Mycobacterium_conspicuum,12068,12069,1
Mycobacterium_conspicuum,12207,12208,1
Mycobacterium_conspicuum,12211,12212,1
Mycobacterium_conspicuum,12213,12214,1
Mycobacterium_conspicuum,12218,12222,4
Mycobacterium_conspicuum,12225,12227,2
Mycobacterium_conspicuum,12237,12238,1
Mycobacterium_conspicuum,12360,12369,9
Mycobacterium_conspicuum,12371,12372,1
Mycobacterium_conspicuum,12374,12380,6
Mycobacterium_conspicuum,12384,12390,6
Mycobacterium_conspicuum,12391,12400,9
Mycobacterium_conspicuum,12454,12455,1
Mycobacterium_conspicuum,12739,12740,1
Mycobacterium_conspicuum,12798,12925,127
Mycobacterium_conspicuum,13451,13452,1
Mycobacterium_conspicuum,13453,13454,1
Mycobacterium_conspicuum,13508,13509,1
Mycobacterium_florentinum,1,10,9
Mycobacterium_florentinum,21,39,18
Mycobacterium_florentinum,43,46,3
Mycobacterium_florentinum,53,71,18
Mycobacterium_florentinum,87,107,20
Mycobacterium_florentinum,117,132,15
Mycobacterium_florentinum,133,136,3
Mycobacterium_florentinum,346,349,3
Mycobacterium_florentinum,1542,1691,149
Mycobacterium_florentinum,3317,3361,44
Mycobacterium_florentinum,3364,3365,1
Mycobacterium_florentinum,3373,3374,1
Mycobacterium_florentinum,3414,3420,6
Mycobacterium_florentinum,3422,3482,60
Mycobacterium_florentinum,3485,3491,6
Mycobacterium_florentinum,3642,3645,3
Mycobacterium_florentinum,3650,3653,3
Mycobacterium_florentinum,3655,3667,12
Mycobacterium_florentinum,3782,3788,6
Mycobacterium_florentinum,4400,4406,6
Mycobacterium_florentinum,4407,4413,6
Mycobacterium_florentinum,4417,4426,9
Mycobacterium_florentinum,4432,4445,13
Mycobacterium_florentinum,4452,4455,3
Mycobacterium_florentinum,4456,4462,6
Mycobacterium_florentinum,4468,4480,12
Mycobacterium_florentinum,4483,4486,3
Mycobacterium_florentinum,4540,4552,12
Mycobacterium_florentinum,4555,4564,9
Mycobacterium_florentinum,4567,4573,6
Mycobacterium_florentinum,4581,4584,3
Mycobacterium_florentinum,5163,5169,6
Mycobacterium_florentinum,5170,5179,9
Mycobacterium_florentinum,5181,5190,9
Mycobacterium_florentinum,5197,5199,2
Mycobacterium_florentinum,5201,5204,3
Mycobacterium_florentinum,5206,5214,8
Mycobacterium_florentinum,5218,5230,12
Mycobacterium_florentinum,5231,5241,10
Mycobacterium_florentinum,5247,5253,6
Mycobacterium_florentinum,5401,5402,1
Mycobacterium_florentinum,6015,6016,1
Mycobacterium_florentinum,6428,6464,36
Mycobacterium_florentinum,6470,6494,24
Mycobacterium_florentinum,7178,7254,76
Mycobacterium_florentinum,7260,7268,8
Mycobacterium_florentinum,7760,7763,3
Mycobacterium_florentinum,8452,8500,48
Mycobacterium_florentinum,8577,8578,1
Mycobacterium_florentinum,8584,8599,15
Mycobacterium_florentinum,8601,8603,2
Mycobacterium_florentinum,8609,8610,1
Mycobacterium_florentinum,8661,8662,1
Mycobacterium_florentinum,8703,8704,1
Mycobacterium_florentinum,8720,8721,1
Mycobacterium_florentinum,8733,8735,2
Mycobacterium_florentinum,8739,8742,3
Mycobacterium_florentinum,8930,8931,1
Mycobacterium_florentinum,8980,8982,2
Mycobacterium_florentinum,8987,9001,14
Mycobacterium_florentinum,9120,9121,1
Mycobacterium_florentinum,9370,9372,2
Mycobacterium_florentinum,9546,9547,1
Mycobacterium_florentinum,9812,9813,1
Mycobacterium_florentinum,9983,9987,4
Mycobacterium_florentinum,10076,10078,2
Mycobacterium_florentinum,10157,10158,1
Mycobacterium_florentinum,10261,10262,1
Mycobacterium_florentinum,10310,10312,2
Mycobacterium_florentinum,10313,10315,2
Mycobacterium_florentinum,10325,10326,1
Mycobacterium_florentinum,10352,10353,1
Mycobacterium_florentinum,10370,10371,1
Mycobacterium_florentinum,10415,10416,1
Mycobacterium_florentinum,10434,10435,1
Mycobacterium_florentinum,10448,10449,1
Mycobacterium_florentinum,10476,10477,1
Mycobacterium_florentinum,10491,10492,1
Mycobacterium_florentinum,10526,10527,1
Mycobacterium_florentinum,10539,10540,1
Mycobacterium_florentinum,10546,10649,103
Mycobacterium_florentinum,10828,10830,2
Mycobacterium_florentinum,10832,10846,14
Mycobacterium_florentinum,10864,10865,1
Mycobacterium_florentinum,10914,10915,1
Mycobacterium_florentinum,10958,10983,25
Mycobacterium_florentinum,11085,11086,1
Mycobacterium_florentinum,11143,11144,1
Mycobacterium_florentinum,11243,11244,1
Mycobacterium_florentinum,11260,11261,1
Mycobacterium_florentinum,11262,11263,1
Mycobacterium_florentinum,11265,11267,2
Mycobacterium_florentinum,11286,11287,1
Mycobacterium_florentinum,11312,11313,1
Mycobacterium_florentinum,11473,11474,1
Mycobacterium_florentinum,11505,11534,29
Mycobacterium_florentinum,11566,11567,1
Mycobacterium_florentinum,11590,11591,1
Mycobacterium_florentinum,11782,11783,1
Mycobacterium_florentinum,11823,11824,1
Mycobacterium_florentinum,11826,11827,1
Mycobacterium_florentinum,11831,11836,5
Mycobacterium_florentinum,11847,11852,5
Mycobacterium_florentinum,11859,11860,1
Mycobacterium_florentinum,11864,11866,2
Mycobacterium_florentinum,11877,11878,1
Mycobacterium_florentinum,11993,11995,2
Mycobacterium_florentinum,12029,12030,1
Mycobacterium_florentinum,12068,12069,1
Mycobacterium_florentinum,12207,12208,1
Mycobacterium_florentinum,12211,12212,1
Mycobacterium_florentinum,12213,12214,1
Mycobacterium_florentinum,12218,12222,4
Mycobacterium_florentinum,12225,12227,2
Mycobacterium_florentinum,12237,12238,1
Mycobacterium_florentinum,12360,12370,10
Mycobacterium_florentinum,12371,12372,1
Mycobacterium_florentinum,12374,12380,6
Mycobacterium_florentinum,12383,12390,7
Mycobacterium_florentinum,12391,12400,9
Mycobacterium_florentinum,12454,12455,1
Mycobacterium_florentinum,12738,12740,2
Mycobacterium_florentinum,12798,12925,127
Mycobacterium_florentinum,13451,13452,1
Mycobacterium_florentinum,13453,13454,1
Mycobacterium_florentinum,13508,13509,1
Mycobacterium_parmense,1,10,9
Mycobacterium_parmense,21,39,18
Mycobacterium_parmense,43,46,3
Mycobacterium_parmense,62,71,9
Mycobacterium_parmense,87,107,20
Mycobacterium_parmense,117,132,15
Mycobacterium_parmense,133,136,3
Mycobacterium_parmense,346,349,3
Mycobacterium_parmense,1542,1583,41
Mycobacterium_parmense,1587,1676,89
Mycobacterium_parmense,1678,1691,13
Mycobacterium_parmense,3317,3381,64
Mycobacterium_parmense,3414,3420,6
Mycobacterium_parmense,3424,3460,36
Mycobacterium_parmense,3476,3479,3
Mycobacterium_parmense,3485,3491,6
Mycobacterium_parmense,3642,3645,3
Mycobacterium_parmense,3650,3653,3
Mycobacterium_parmense,3655,3667,12
Mycobacterium_parmense,3782,3788,6
Mycobacterium_parmense,4400,4406,6
Mycobacterium_parmense,4407,4413,6
Mycobacterium_parmense,4417,4426,9
Mycobacterium_parmense,4432,4445,13
Mycobacterium_parmense,4452,4455,3
Mycobacterium_parmense,4456,4462,6
Mycobacterium_parmense,4468,4480,12
Mycobacterium_parmense,4483,4486,3
Mycobacterium_parmense,4540,4552,12
Mycobacterium_parmense,4555,4564,9
Mycobacterium_parmense,4567,4573,6
Mycobacterium_parmense,4581,4584,3
Mycobacterium_parmense,5163,5169,6
Mycobacterium_parmense,5170,5179,9
Mycobacterium_parmense,5181,5190,9
Mycobacterium_parmense,5197,5199,2
Mycobacterium_parmense,5201,5204,3
Mycobacterium_parmense,5206,5214,8
Mycobacterium_parmense,5218,5230,12
Mycobacterium_parmense,5231,5241,10
Mycobacterium_parmense,5247,5253,6
Mycobacterium_parmense,5401,5402,1
Mycobacterium_parmense,6015,6016,1
Mycobacterium_parmense,6431,6452,21
Mycobacterium_parmense,6456,6462,6
Mycobacterium_parmense,6470,6494,24
Mycobacterium_parmense,7178,7254,76
Mycobacterium_parmense,7260,7268,8
Mycobacterium_parmense,7760,7763,3
Mycobacterium_parmense,8452,8500,48
Mycobacterium_parmense,8577,8578,1
Mycobacterium_parmense,8584,8599,15
Mycobacterium_parmense,8601,8603,2
Mycobacterium_parmense,8609,8610,1
Mycobacterium_parmense,8661,8662,1
Mycobacterium_parmense,8703,8704,1
Mycobacterium_parmense,8720,8721,1
Mycobacterium_parmense,8733,8734,1
Mycobacterium_parmense,8739,8742,3
Mycobacterium_parmense,8930,8931,1
Mycobacterium_parmense,8980,8982,2
Mycobacterium_parmense,8987,9001,14
Mycobacterium_parmense,9120,9121,1
Mycobacterium_parmense,9370,9372,2
Mycobacterium_parmense,9546,9547,1
Mycobacterium_parmense,9812,9813,1
Mycobacterium_parmense,9983,9987,4
Mycobacterium_parmense,10076,10078,2
Mycobacterium_parmense,10157,10158,1
Mycobacterium_parmense,10261,10262,1
Mycobacterium_parmense,10310,10312,2
Mycobacterium_parmense,10313,10315,2
Mycobacterium_parmense,10325,10326,1
Mycobacterium_parmense,10352,10353,1
Mycobacterium_parmense,10370,10371,1
Mycobacterium_parmense,10434,10435,1
Mycobacterium_parmense,10448,10449,1
Mycobacterium_parmense,10476,10477,1
Mycobacterium_parmense,10491,10492,1
Mycobacterium_parmense,10526,10527,1
Mycobacterium_parmense,10546,10649,103
Mycobacterium_parmense,10828,10830,2
Mycobacterium_parmense,10832,10846,14
Mycobacterium_parmense,10864,10865,1
Mycobacterium_parmense,10914,10915,1
Mycobacterium_parmense,10962,10975,13
Mycobacterium_parmense,11085,11086,1
Mycobacterium_parmense,11143,11144,1
Mycobacterium_parmense,11243,11244,1
Mycobacterium_parmense,11260,11261,1
Mycobacterium_parmense,11262,11263,1
Mycobacterium_parmense,11265,11267,2
Mycobacterium_parmense,11286,11287,1
Mycobacterium_parmense,11312,11313,1
Mycobacterium_parmense,11473,11474,1
Mycobacterium_parmense,11505,11534,29
Mycobacterium_parmense,11566,11567,1
Mycobacterium_parmense,11590,11591,1
Mycobacterium_parmense,11782,11783,1
Mycobacterium_parmense,11823,11824,1
Mycobacterium_parmense,11826,11827,1
Mycobacterium_parmense,11831,11836,5
Mycobacterium_parmense,11841,11843,2
Mycobacterium_parmense,11848,11850,2
Mycobacterium_parmense,11851,11852,1
Mycobacterium_parmense,11859,11860,1
Mycobacterium_parmense,11864,11866,2
Mycobacterium_parmense,11877,11878,1
Mycobacterium_parmense,11990,11991,1
Mycobacterium_parmense,11993,11994,1
Mycobacterium_parmense,12029,12030,1
Mycobacterium_parmense,12068,12069,1
Mycobacterium_parmense,12207,12208,1
Mycobacterium_parmense,12211,12212,1
Mycobacterium_parmense,12213,12215,2
Mycobacterium_parmense,12218,12222,4
Mycobacterium_parmense,12225,12227,2
Mycobacterium_parmense,12237,12238,1
Mycobacterium_parmense,12360,12369,9
Mycobacterium_parmense,12371,12380,9
Mycobacterium_parmense,12384,12390,6
Mycobacterium_parmense,12391,12400,9
Mycobacterium_parmense,12454,12455,1
Mycobacterium_parmense,12739,12740,1
Mycobacterium_parmense,12798,12925,127
Mycobacterium_parmense,13451,13452,1
Mycobacterium_parmense,13453,13454,1
Mycobacterium_parmense,13508,13509,1
Mycobacterium_heidelbergense,1,10,9
Mycobacterium_heidelbergense,21,39,18
Mycobacterium_heidelbergense,43,46,3
Mycobacterium_heidelbergense,62,71,9
Mycobacterium_heidelbergense,87,107,20
Mycobacterium_heidelbergense,117,132,15
Mycobacterium_heidelbergense,133,136,3
Mycobacterium_heidelbergense,346,349,3
Mycobacterium_heidelbergense,1542,1691,149
Mycobacterium_heidelbergense,3317,3381,64
Mycobacterium_heidelbergense,3424,3460,36
Mycobacterium_heidelbergense,3473,3479,6
Mycobacterium_heidelbergense,3485,3491,6
Mycobacterium_heidelbergense,3642,3645,3
Mycobacterium_heidelbergense,3650,3653,3
Mycobacterium_heidelbergense,3782,3788,6
Mycobacterium_heidelbergense,4400,4406,6
Mycobacterium_heidelbergense,4407,4413,6
Mycobacterium_heidelbergense,4417,4426,9
Mycobacterium_heidelbergense,4432,4445,13
Mycobacterium_heidelbergense,4452,4455,3
Mycobacterium_heidelbergense,4456,4462,6
Mycobacterium_heidelbergense,4468,4480,12
Mycobacterium_heidelbergense,4483,4486,3
Mycobacterium_heidelbergense,4540,4552,12
Mycobacterium_heidelbergense,4555,4564,9
Mycobacterium_heidelbergense,4567,4573,6
Mycobacterium_heidelbergense,4581,4584,3
Mycobacterium_heidelbergense,5163,5169,6
Mycobacterium_heidelbergense,5170,5179,9
Mycobacterium_heidelbergense,5181,5188,7
Mycobacterium_heidelbergense,5197,5199,2
Mycobacterium_heidelbergense,5201,5204,3
Mycobacterium_heidelbergense,5206,5214,8
Mycobacterium_heidelbergense,5219,5224,5
Mycobacterium_heidelbergense,5231,5241,10
Mycobacterium_heidelbergense,5247,5253,6
Mycobacterium_heidelbergense,5401,5402,1
Mycobacterium_heidelbergense,6015,6016,1
Mycobacterium_heidelbergense,6431,6452,21
Mycobacterium_heidelbergense,6456,6462,6
Mycobacterium_heidelbergense,6470,6494,24
Mycobacterium_heidelbergense,7178,7254,76
Mycobacterium_heidelbergense,7260,7268,8
Mycobacterium_heidelbergense,7760,7763,3
Mycobacterium_heidelbergense,8452,8500,48
Mycobacterium_heidelbergense,8577,8578,1
Mycobacterium_heidelbergense,8584,8599,15
Mycobacterium_heidelbergense,8601,8603,2
Mycobacterium_heidelbergense,8609,8610,1
Mycobacterium_heidelbergense,8661,8662,1
Mycobacterium_heidelbergense,8703,8704,1
Mycobacterium_heidelbergense,8720,8721,1
Mycobacterium_heidelbergense,8733,8735,2
Mycobacterium_heidelbergense,8739,8742,3
Mycobacterium_heidelbergense,8930,8931,1
Mycobacterium_heidelbergense,8980,8982,2
Mycobacterium_heidelbergense,8987,9001,14
Mycobacterium_heidelbergense,9120,9121,1
Mycobacterium_heidelbergense,9370,9372,2
Mycobacterium_heidelbergense,9546,9547,1
Mycobacterium_heidelbergense,9812,9813,1
Mycobacterium_heidelbergense,9983,9986,3
Mycobacterium_heidelbergense,10076,10078,2
Mycobacterium_heidelbergense,10157,10158,1
Mycobacterium_heidelbergense,10261,10262,1
Mycobacterium_heidelbergense,10310,10312,2
Mycobacterium_heidelbergense,10313,10315,2
Mycobacterium_heidelbergense,10325,10326,1
Mycobacterium_heidelbergense,10370,10371,1
Mycobacterium_heidelbergense,10434,10435,1
Mycobacterium_heidelbergense,10448,10449,1
Mycobacterium_heidelbergense,10476,10477,1
Mycobacterium_heidelbergense,10491,10492,1
Mycobacterium_heidelbergense,10526,10527,1
Mycobacterium_heidelbergense,10546,10649,103
Mycobacterium_heidelbergense,10828,10830,2
Mycobacterium_heidelbergense,10832,10846,14
Mycobacterium_heidelbergense,10864,10865,1
Mycobacterium_heidelbergense,10914,10915,1
Mycobacterium_heidelbergense,10957,10982,25
Mycobacterium_heidelbergense,11085,11086,1
Mycobacterium_heidelbergense,11143,11144,1
Mycobacterium_heidelbergense,11243,11244,1
Mycobacterium_heidelbergense,11260,11261,1
Mycobacterium_heidelbergense,11262,11263,1
Mycobacterium_heidelbergense,11265,11267,2
Mycobacterium_heidelbergense,11286,11287,1
Mycobacterium_heidelbergense,11312,11313,1
Mycobacterium_heidelbergense,11473,11474,1
Mycobacterium_heidelbergense,11505,11534,29
Mycobacterium_heidelbergense,11566,11567,1
Mycobacterium_heidelbergense,11590,11591,1
Mycobacterium_heidelbergense,11782,11783,1
Mycobacterium_heidelbergense,11823,11824,1
Mycobacterium_heidelbergense,11826,11827,1
Mycobacterium_heidelbergense,11831,11836,5
Mycobacterium_heidelbergense,11848,11850,2
Mycobacterium_heidelbergense,11851,11852,1
Mycobacterium_heidelbergense,11859,11860,1
Mycobacterium_heidelbergense,11864,11866,2
Mycobacterium_heidelbergense,11877,11878,1
Mycobacterium_heidelbergense,11993,11994,1
Mycobacterium_heidelbergense,12029,12030,1
Mycobacterium_heidelbergense,12068,12069,1
Mycobacterium_heidelbergense,12207,12208,1
Mycobacterium_heidelbergense,12211,12212,1
Mycobacterium_heidelbergense,12213,12214,1
Mycobacterium_heidelbergense,12218,12222,4
Mycobacterium_heidelbergense,12225,12227,2
Mycobacterium_heidelbergense,12237,12238,1
Mycobacterium_heidelbergense,12360,12369,9
Mycobacterium_heidelbergense,12371,12372,1
Mycobacterium_heidelbergense,12374,12380,6
Mycobacterium_heidelbergense,12384,12390,6
Mycobacterium_heidelbergense,12391,12400,9
Mycobacterium_heidelbergense,12454,12455,1
Mycobacterium_heidelbergense,12739,12740,1
Mycobacterium_heidelbergense,12798,12925,127
Mycobacterium_heidelbergense,13451,13452,1
Mycobacterium_heidelbergense,13453,13454,1
Mycobacterium_heidelbergense,13508,13509,1
Mycolicibacterium_phocaicum,1,10,9
Mycolicibacterium_phocaicum,21,39,18
Mycolicibacterium_phocaicum,43,46,3
Mycolicibacterium_phocaicum,50,109,59
Mycolicibacterium_phocaicum,117,132,15
Mycolicibacterium_phocaicum,133,136,3
Mycolicibacterium_phocaicum,346,349,3
Mycolicibacterium_phocaicum,1542,1691,149
Mycolicibacterium_phocaicum,3317,3361,44
Mycolicibacterium_phocaicum,3364,3365,1
Mycolicibacterium_phocaicum,3373,3374,1
Mycolicibacterium_phocaicum,3409,3420,11
Mycolicibacterium_phocaicum,3424,3491,67
Mycolicibacterium_phocaicum,3642,3645,3
Mycolicibacterium_phocaicum,3650,3653,3
Mycolicibacterium_phocaicum,3655,3667,12
Mycolicibacterium_phocaicum,3782,3788,6
Mycolicibacterium_phocaicum,4400,4406,6
Mycolicibacterium_phocaicum,4407,4413,6
Mycolicibacterium_phocaicum,4417,4426,9
Mycolicibacterium_phocaicum,4432,4445,13
Mycolicibacterium_phocaicum,4452,4455,3
Mycolicibacterium_phocaicum,4468,4474,6
Mycolicibacterium_phocaicum,4475,4481,6
Mycolicibacterium_phocaicum,4483,4486,3
Mycolicibacterium_phocaicum,4540,4552,12
Mycolicibacterium_phocaicum,4555,4564,9
Mycolicibacterium_phocaicum,4567,4573,6
Mycolicibacterium_phocaicum,4582,4585,3
Mycolicibacterium_phocaicum,5163,5169,6
Mycolicibacterium_phocaicum,5170,5179,9
Mycolicibacterium_phocaicum,5181,5190,9
Mycolicibacterium_phocaicum,5197,5199,2
Mycolicibacterium_phocaicum,5201,5204,3
Mycolicibacterium_phocaicum,5206,5214,8
Mycolicibacterium_phocaicum,5218,5230,12
Mycolicibacterium_phocaicum,5231,5241,10
Mycolicibacterium_phocaicum,5247,5253,6
Mycolicibacterium_phocaicum,5401,5402,1
Mycolicibacterium_phocaicum,6015,6016,1
Mycolicibacterium_phocaicum,6431,6467,36
Mycolicibacterium_phocaicum,6470,6494,24
Mycolicibacterium_phocaicum,7178,7254,76
Mycolicibacterium_phocaicum,7260,7268,8
Mycolicibacterium_phocaicum,7760,7763,3
Mycolicibacterium_phocaicum,8452,8500,48
Mycolicibacterium_phocaicum,8577,8578,1
Mycolicibacterium_phocaicum,8584,8599,15
Mycolicibacterium_phocaicum,8600,8604,4
Mycolicibacterium_phocaicum,8609,8610,1
Mycolicibacterium_phocaicum,8661,8662,1
Mycolicibacterium_phocaicum,8703,8704,1
Mycolicibacterium_phocaicum,8720,8721,1
Mycolicibacterium_phocaicum,8733,8735,2
Mycolicibacterium_phocaicum,8739,8742,3
Mycolicibacterium_phocaicum,8930,8931,1
Mycolicibacterium_phocaicum,8980,8982,2
Mycolicibacterium_phocaicum,8984,8998,14
Mycolicibacterium_phocaicum,9120,9121,1
Mycolicibacterium_phocaicum,9359,9360,1
Mycolicibacterium_phocaicum,9370,9372,2
Mycolicibacterium_phocaicum,9546,9547,1
Mycolicibacterium_phocaicum,9812,9813,1
Mycolicibacterium_phocaicum,9982,9984,2
Mycolicibacterium_phocaicum,9985,9986,1
Mycolicibacterium_phocaicum,10076,10078,2
Mycolicibacterium_phocaicum,10157,10158,1
Mycolicibacterium_phocaicum,10261,10262,1
Mycolicibacterium_phocaicum,10310,10312,2
Mycolicibacterium_phocaicum,10313,10315,2
Mycolicibacterium_phocaicum,10325,10326,1
Mycolicibacterium_phocaicum,10352,10353,1
Mycolicibacterium_phocaicum,10370,10371,1
Mycolicibacterium_phocaicum,10416,10417,1
Mycolicibacterium_phocaicum,10434,10435,1
Mycolicibacterium_phocaicum,10448,10449,1
Mycolicibacterium_phocaicum,10476,10477,1
Mycolicibacterium_phocaicum,10491,10492,1
Mycolicibacterium_phocaicum,10526,10527,1
Mycolicibacterium_phocaicum,10546,10649,103
Mycolicibacterium_phocaicum,10828,10832,4
Mycolicibacterium_phocaicum,10835,10843,8
Mycolicibacterium_phocaicum,10845,10846,1
Mycolicibacterium_phocaicum,10864,10865,1
Mycolicibacterium_phocaicum,10914,10915,1
Mycolicibacterium_phocaicum,10965,10966,1
Mycolicibacterium_phocaicum,10967,10977,10
Mycolicibacterium_phocaicum,11085,11086,1
Mycolicibacterium_phocaicum,11143,11144,1
Mycolicibacterium_phocaicum,11243,11244,1
Mycolicibacterium_phocaicum,11260,11261,1
Mycolicibacterium_phocaicum,11266,11267,1
Mycolicibacterium_phocaicum,11286,11287,1
Mycolicibacterium_phocaicum,11312,11313,1
Mycolicibacterium_phocaicum,11473,11474,1
Mycolicibacterium_phocaicum,11505,11534,29
Mycolicibacterium_phocaicum,11566,11567,1
Mycolicibacterium_phocaicum,11782,11783,1
Mycolicibacterium_phocaicum,11823,11824,1
Mycolicibacterium_phocaicum,11825,11827,2
Mycolicibacterium_phocaicum,11831,11836,5
Mycolicibacterium_phocaicum,11846,11850,4
Mycolicibacterium_phocaicum,11851,11852,1
Mycolicibacterium_phocaicum,11859,11860,1
Mycolicibacterium_phocaicum,11864,11866,2
Mycolicibacterium_phocaicum,11877,11878,1
Mycolicibacterium_phocaicum,11993,11994,1
Mycolicibacterium_phocaicum,12029,12030,1
Mycolicibacterium_phocaicum,12068,12069,1
Mycolicibacterium_phocaicum,12207,12208,1
Mycolicibacterium_phocaicum,12211,12212,1
Mycolicibacterium_phocaicum,12213,12214,1
Mycolicibacterium_phocaicum,12218,12222,4
Mycolicibacterium_phocaicum,12226,12227,1
Mycolicibacterium_phocaicum,12229,12230,1
Mycolicibacterium_phocaicum,12237,12238,1
Mycolicibacterium_phocaicum,12360,12369,9
Mycolicibacterium_phocaicum,12371,12372,1
Mycolicibacterium_phocaicum,12374,12375,1
Mycolicibacterium_phocaicum,12378,12381,3
Mycolicibacterium_phocaicum,12384,12390,6
Mycolicibacterium_phocaicum,12391,12400,9
Mycolicibacterium_phocaicum,12454,12455,1
Mycolicibacterium_phocaicum,12739,12740,1
Mycolicibacterium_phocaicum,12798,12925,127
Mycolicibacterium_phocaicum,13451,13452,1
Mycolicibacterium_phocaicum,13453,13454,1
Mycolicibacterium_phocaicum,13508,13509,1
Mycolicibacterium_boenickei,1,10,9
Mycolicibacterium_boenickei,21,39,18
Mycolicibacterium_boenickei,43,46,3
Mycolicibacterium_boenickei,48,110,62
Mycolicibacterium_boenickei,117,132,15
Mycolicibacterium_boenickei,133,136,3
Mycolicibacterium_boenickei,346,349,3
Mycolicibacterium_boenickei,1542,1691,149
Mycolicibacterium_boenickei,3265,3268,3
Mycolicibacterium_boenickei,3317,3361,44
Mycolicibacterium_boenickei,3364,3365,1
Mycolicibacterium_boenickei,3373,3374,1
Mycolicibacterium_boenickei,3403,3406,3
Mycolicibacterium_boenickei,3409,3421,12
Mycolicibacterium_boenickei,3424,3478,54
Mycolicibacterium_boenickei,3485,3491,6
Mycolicibacterium_boenickei,3642,3645,3
Mycolicibacterium_boenickei,3650,3653,3
Mycolicibacterium_boenickei,3655,3667,12
Mycolicibacterium_boenickei,3782,3788,6
Mycolicibacterium_boenickei,4400,4406,6
Mycolicibacterium_boenickei,4407,4413,6
Mycolicibacterium_boenickei,4417,4426,9
Mycolicibacterium_boenickei,4432,4445,13
Mycolicibacterium_boenickei,4452,4455,3
Mycolicibacterium_boenickei,4456,4462,6
Mycolicibacterium_boenickei,4468,4474,6
Mycolicibacterium_boenickei,4475,4481,6
Mycolicibacterium_boenickei,4483,4486,3
Mycolicibacterium_boenickei,4540,4552,12
Mycolicibacterium_boenickei,4555,4564,9
Mycolicibacterium_boenickei,4567,4573,6
Mycolicibacterium_boenickei,4582,4585,3
Mycolicibacterium_boenickei,5163,5169,6
Mycolicibacterium_boenickei,5170,5179,9
Mycolicibacterium_boenickei,5181,5190,9
Mycolicibacterium_boenickei,5197,5199,2
Mycolicibacterium_boenickei,5201,5204,3
Mycolicibacterium_boenickei,5206,5214,8
Mycolicibacterium_boenickei,5218,5230,12
Mycolicibacterium_boenickei,5231,5241,10
Mycolicibacterium_boenickei,5247,5253,6
Mycolicibacterium_boenickei,5401,5402,1
Mycolicibacterium_boenickei,6015,6016,1
Mycolicibacterium_boenickei,6431,6452,21
Mycolicibacterium_boenickei,6456,6462,6
Mycolicibacterium_boenickei,6470,6494,24
Mycolicibacterium_boenickei,7178,7254,76
Mycolicibacterium_boenickei,7260,7268,8
Mycolicibacterium_boenickei,7760,7763,3
Mycolicibacterium_boenickei,8452,8500,48
Mycolicibacterium_boenickei,8577,8578,1
Mycolicibacterium_boenickei,8584,8599,15
Mycolicibacterium_boenickei,8600,8604,4
Mycolicibacterium_boenickei,8609,8610,1
Mycolicibacterium_boenickei,8661,8662,1
Mycolicibacterium_boenickei,8703,8704,1
Mycolicibacterium_boenickei,8720,8721,1
Mycolicibacterium_boenickei,8733,8735,2
Mycolicibacterium_boenickei,8739,8742,3
Mycolicibacterium_boenickei,8930,8931,1
Mycolicibacterium_boenickei,8980,8982,2
Mycolicibacterium_boenickei,8984,8998,14
Mycolicibacterium_boenickei,9120,9121,1
Mycolicibacterium_boenickei,9370,9372,2
Mycolicibacterium_boenickei,9546,9547,1
Mycolicibacterium_boenickei,9812,9813,1
Mycolicibacterium_boenickei,9982,9984,2
Mycolicibacterium_boenickei,9985,9986,1
Mycolicibacterium_boenickei,10076,10078,2
Mycolicibacterium_boenickei,10157,10158,1
Mycolicibacterium_boenickei,10261,10262,1
Mycolicibacterium_boenickei,10310,10312,2
Mycolicibacterium_boenickei,10313,10315,2
Mycolicibacterium_boenickei,10325,10326,1
Mycolicibacterium_boenickei,10370,10371,1
Mycolicibacterium_boenickei,10416,10417,1
Mycolicibacterium_boenickei,10434,10435,1
Mycolicibacterium_boenickei,10448,10449,1
Mycolicibacterium_boenickei,10476,10477,1
Mycolicibacterium_boenickei,10491,10492,1
Mycolicibacterium_boenickei,10526,10527,1
Mycolicibacterium_boenickei,10539,10540,1
Mycolicibacterium_boenickei,10547,10649,102
Mycolicibacterium_boenickei,10828,10831,3
Mycolicibacterium_boenickei,10835,10843,8
Mycolicibacterium_boenickei,10864,10865,1
Mycolicibacterium_boenickei,10914,10915,1
Mycolicibacterium_boenickei,10965,10966,1
Mycolicibacterium_boenickei,10971,10975,4
Mycolicibacterium_boenickei,11085,11086,1
Mycolicibacterium_boenickei,11143,11144,1
Mycolicibacterium_boenickei,11243,11244,1
Mycolicibacterium_boenickei,11260,11261,1
Mycolicibacterium_boenickei,11286,11287,1
Mycolicibacterium_boenickei,11312,11313,1
Mycolicibacterium_boenickei,11473,11474,1
Mycolicibacterium_boenickei,11505,11512,7
Mycolicibacterium_boenickei,11513,11514,1
Mycolicibacterium_boenickei,11516,11517,1
Mycolicibacterium_boenickei,11520,11521,1
Mycolicibacterium_boenickei,11524,11541,17
Mycolicibacterium_boenickei,11566,11567,1
Mycolicibacterium_boenickei,11782,11783,1
Mycolicibacterium_boenickei,11823,11824,1
Mycolicibacterium_boenickei,11826,11827,1
Mycolicibacterium_boenickei,11831,11836,5
Mycolicibacterium_boenickei,11846,11850,4
Mycolicibacterium_boenickei,11851,11852,1
Mycolicibacterium_boenickei,11859,11860,1
Mycolicibacterium_boenickei,11864,11865,1
Mycolicibacterium_boenickei,11877,11878,1
Mycolicibacterium_boenickei,11993,11994,1
Mycolicibacterium_boenickei,12029,12030,1
Mycolicibacterium_boenickei,12068,12069,1
Mycolicibacterium_boenickei,12207,12208,1
Mycolicibacterium_boenickei,12211,12212,1
Mycolicibacterium_boenickei,12213,12214,1
Mycolicibacterium_boenickei,12218,12222,4
Mycolicibacterium_boenickei,12226,12227,1
Mycolicibacterium_boenickei,12237,12238,1
Mycolicibacterium_boenickei,12360,12372,12
Mycolicibacterium_boenickei,12374,12375,1
Mycolicibacterium_boenickei,12378,12381,3
Mycolicibacterium_boenickei,12384,12390,6
Mycolicibacterium_boenickei,12391,12400,9
Mycolicibacterium_boenickei,12454,12455,1
Mycolicibacterium_boenickei,12739,12740,1
Mycolicibacterium_boenickei,12798,12925,127
Mycolicibacterium_boenickei,13451,13452,1
Mycolicibacterium_boenickei,13453,13454,1
Mycolicibacterium_boenickei,13508,13509,1
Mycobacterium_lacus,1,10,9
Mycobacterium_lacus,21,39,18
Mycobacterium_lacus,43,46,3
Mycobacterium_lacus,53,71,18
Mycobacterium_lacus,87,107,20
Mycobacterium_lacus,117,132,15
Mycobacterium_lacus,133,136,3
Mycobacterium_lacus,346,349,3
Mycobacterium_lacus,1542,1691,149
Mycobacterium_lacus,3284,3287,3
Mycobacterium_lacus,3317,3381,64
Mycobacterium_lacus,3424,3460,36
Mycobacterium_lacus,3473,3479,6
Mycobacterium_lacus,3485,3491,6
Mycobacterium_lacus,3642,3645,3
Mycobacterium_lacus,3650,3653,3
Mycobacterium_lacus,3655,3667,12
Mycobacterium_lacus,3782,3788,6
Mycobacterium_lacus,4400,4406,6
Mycobacterium_lacus,4407,4413,6
Mycobacterium_lacus,4417,4426,9
Mycobacterium_lacus,4432,4445,13
Mycobacterium_lacus,4452,4455,3
Mycobacterium_lacus,4456,4462,6
Mycobacterium_lacus,4468,4480,12
Mycobacterium_lacus,4483,4486,3
Mycobacterium_lacus,4540,4552,12
Mycobacterium_lacus,4555,4564,9
Mycobacterium_lacus,4567,4573,6
Mycobacterium_lacus,4581,4584,3
Mycobacterium_lacus,5163,5169,6
Mycobacterium_lacus,5170,5179,9
Mycobacterium_lacus,5181,5190,9
Mycobacterium_lacus,5197,5199,2
Mycobacterium_lacus,5201,5204,3
Mycobacterium_lacus,5206,5214,8
Mycobacterium_lacus,5218,5230,12
Mycobacterium_lacus,5231,5241,10
Mycobacterium_lacus,5247,5253,6
Mycobacterium_lacus,5401,5402,1
Mycobacterium_lacus,6015,6016,1
Mycobacterium_lacus,6431,6452,21
Mycobacterium_lacus,6456,6462,6
Mycobacterium_lacus,6470,6494,24
Mycobacterium_lacus,7178,7254,76
Mycobacterium_lacus,7260,7268,8
Mycobacterium_lacus,7760,7763,3
Mycobacterium_lacus,8452,8500,48
Mycobacterium_lacus,8577,8578,1
Mycobacterium_lacus,8584,8599,15
Mycobacterium_lacus,8601,8603,2
Mycobacterium_lacus,8609,8610,1
Mycobacterium_lacus,8661,8662,1
Mycobacterium_lacus,8703,8704,1
Mycobacterium_lacus,8720,8721,1
Mycobacterium_lacus,8733,8735,2
Mycobacterium_lacus,8739,8742,3
Mycobacterium_lacus,8930,8931,1
Mycobacterium_lacus,8980,8982,2
Mycobacterium_lacus,8996,8998,2
Mycobacterium_lacus,9120,9121,1
Mycobacterium_lacus,9370,9372,2
Mycobacterium_lacus,9546,9547,1
Mycobacterium_lacus,9812,9813,1
Mycobacterium_lacus,9983,9986,3
Mycobacterium_lacus,10076,10078,2
Mycobacterium_lacus,10157,10158,1
Mycobacterium_lacus,10261,10262,1
Mycobacterium_lacus,10310,10312,2
Mycobacterium_lacus,10313,10315,2
Mycobacterium_lacus,10325,10326,1
Mycobacterium_lacus,10370,10371,1
Mycobacterium_lacus,10434,10435,1
Mycobacterium_lacus,10448,10449,1
Mycobacterium_lacus,10476,10477,1
Mycobacterium_lacus,10491,10492,1
Mycobacterium_lacus,10526,10527,1
Mycobacterium_lacus,10546,10649,103
Mycobacterium_lacus,10828,10830,2
Mycobacterium_lacus,10864,10865,1
Mycobacterium_lacus,10914,10915,1
Mycobacterium_lacus,10958,10967,9
Mycobacterium_lacus,10971,10972,1
Mycobacterium_lacus,10976,10977,1
Mycobacterium_lacus,11085,11086,1
Mycobacterium_lacus,11143,11144,1
Mycobacterium_lacus,11243,11244,1
Mycobacterium_lacus,11260,11261,1
Mycobacterium_lacus,11262,11263,1
Mycobacterium_lacus,11265,11267,2
Mycobacterium_lacus,11286,11287,1
Mycobacterium_lacus,11312,11313,1
Mycobacterium_lacus,11473,11474,1
Mycobacterium_lacus,11505,11511,6
Mycobacterium_lacus,11513,11514,1
Mycobacterium_lacus,11520,11521,1
Mycobacterium_lacus,11523,11534,11
Mycobacterium_lacus,11566,11567,1
Mycobacterium_lacus,11590,11591,1
Mycobacterium_lacus,11782,11783,1
Mycobacterium_lacus,11823,11824,1
Mycobacterium_lacus,11826,11827,1
Mycobacterium_lacus,11831,11836,5
Mycobacterium_lacus,11848,11850,2
Mycobacterium_lacus,11851,11852,1
Mycobacterium_lacus,11859,11860,1
Mycobacterium_lacus,11864,11866,2
Mycobacterium_lacus,11877,11878,1
Mycobacterium_lacus,11993,11994,1
Mycobacterium_lacus,12029,12030,1
Mycobacterium_lacus,12068,12069,1
Mycobacterium_lacus,12207,12208,1
Mycobacterium_lacus,12211,12212,1
Mycobacterium_lacus,12213,12214,1
Mycobacterium_lacus,12218,12222,4
Mycobacterium_lacus,12225,12227,2
Mycobacterium_lacus,12237,12238,1
Mycobacterium_lacus,12360,12369,9
Mycobacterium_lacus,12371,12372,1
Mycobacterium_lacus,12374,12380,6
Mycobacterium_lacus,12384,12390,6
Mycobacterium_lacus,12391,12400,9
Mycobacterium_lacus,12454,12455,1
Mycobacterium_lacus,12739,12740,1
Mycobacterium_lacus,12798,12925,127
Mycobacterium_lacus,13451,13452,1
Mycobacterium_lacus,13453,13454,1
Mycobacterium_lacus,13508,13509,1
Mycobacterium_seoulense,1,10,9
Mycobacterium_seoulense,21,39,18
Mycobacterium_seoulense,43,46,3
Mycobacterium_seoulense,53,71,18
Mycobacterium_seoulense,87,107,20
Mycobacterium_seoulense,117,132,15
Mycobacterium_seoulense,133,136,3
Mycobacterium_seoulense,346,349,3
Mycobacterium_seoulense,1542,1583,41
Mycobacterium_seoulense,1587,1676,89
Mycobacterium_seoulense,1678,1691,13
Mycobacterium_seoulense,3317,3381,64
Mycobacterium_seoulense,3414,3420,6
Mycobacterium_seoulense,3424,3460,36
Mycobacterium_seoulense,3476,3479,3
Mycobacterium_seoulense,3485,3491,6
Mycobacterium_seoulense,3642,3645,3
Mycobacterium_seoulense,3650,3653,3
Mycobacterium_seoulense,3655,3667,12
Mycobacterium_seoulense,3782,3788,6
Mycobacterium_seoulense,4400,4406,6
Mycobacterium_seoulense,4407,4413,6
Mycobacterium_seoulense,4417,4426,9
Mycobacterium_seoulense,4432,4445,13
Mycobacterium_seoulense,4452,4455,3
Mycobacterium_seoulense,4456,4462,6
Mycobacterium_seoulense,4468,4480,12
Mycobacterium_seoulense,4483,4486,3
Mycobacterium_seoulense,4555,4564,9
Mycobacterium_seoulense,4567,4573,6
Mycobacterium_seoulense,5163,5169,6
Mycobacterium_seoulense,5170,5179,9
Mycobacterium_seoulense,5181,5190,9
Mycobacterium_seoulense,5197,5199,2
Mycobacterium_seoulense,5201,5204,3
Mycobacterium_seoulense,5206,5214,8
Mycobacterium_seoulense,5218,5230,12
Mycobacterium_seoulense,5231,5241,10
Mycobacterium_seoulense,5247,5253,6
Mycobacterium_seoulense,5401,5402,1
Mycobacterium_seoulense,6015,6016,1
Mycobacterium_seoulense,6428,6464,36
Mycobacterium_seoulense,6470,6494,24
Mycobacterium_seoulense,7178,7254,76
Mycobacterium_seoulense,7260,7268,8
Mycobacterium_seoulense,7760,7763,3
Mycobacterium_seoulense,8452,8500,48
Mycobacterium_seoulense,8577,8578,1
Mycobacterium_seoulense,8584,8599,15
Mycobacterium_seoulense,8601,8603,2
Mycobacterium_seoulense,8609,8610,1
Mycobacterium_seoulense,8661,8662,1
Mycobacterium_seoulense,8703,8704,1
Mycobacterium_seoulense,8720,8721,1
Mycobacterium_seoulense,8733,8735,2
Mycobacterium_seoulense,8739,8742,3
Mycobacterium_seoulense,8930,8931,1
Mycobacterium_seoulense,8980,8982,2
Mycobacterium_seoulense,8987,8988,1
Mycobacterium_seoulense,8996,8998,2
Mycobacterium_seoulense,9120,9121,1
Mycobacterium_seoulense,9370,9372,2
Mycobacterium_seoulense,9546,9547,1
Mycobacterium_seoulense,9812,9813,1
Mycobacterium_seoulense,9980,9981,1
Mycobacterium_seoulense,9983,9986,3
Mycobacterium_seoulense,10076,10078,2
Mycobacterium_seoulense,10157,10158,1
Mycobacterium_seoulense,10261,10262,1
Mycobacterium_seoulense,10310,10312,2
Mycobacterium_seoulense,10313,10315,2
Mycobacterium_seoulense,10325,10326,1
Mycobacterium_seoulense,10352,10353,1
Mycobacterium_seoulense,10370,10371,1
Mycobacterium_seoulense,10434,10435,1
Mycobacterium_seoulense,10448,10449,1
Mycobacterium_seoulense,10476,10477,1
Mycobacterium_seoulense,10491,10492,1
Mycobacterium_seoulense,10526,10527,1
Mycobacterium_seoulense,10546,10649,103
Mycobacterium_seoulense,10828,10830,2
Mycobacterium_seoulense,10832,10846,14
Mycobacterium_seoulense,10864,10865,1
Mycobacterium_seoulense,10914,10915,1
Mycobacterium_seoulense,10965,10977,12
Mycobacterium_seoulense,11085,11086,1
Mycobacterium_seoulense,11143,11144,1
Mycobacterium_seoulense,11243,11244,1
Mycobacterium_seoulense,11260,11261,1
Mycobacterium_seoulense,11262,11263,1
Mycobacterium_seoulense,11265,11267,2
Mycobacterium_seoulense,11286,11287,1
Mycobacterium_seoulense,11312,11313,1
Mycobacterium_seoulense,11473,11474,1
Mycobacterium_seoulense,11505,11534,29
Mycobacterium_seoulense,11566,11567,1
Mycobacterium_seoulense,11782,11783,1
Mycobacterium_seoulense,11823,11824,1
Mycobacterium_seoulense,11826,11827,1
Mycobacterium_seoulense,11831,11836,5
Mycobacterium_seoulense,11848,11850,2
Mycobacterium_seoulense,11851,11852,1
Mycobacterium_seoulense,11859,11860,1
Mycobacterium_seoulense,11864,11866,2
Mycobacterium_seoulense,11877,11878,1
Mycobacterium_seoulense,11993,11994,1
Mycobacterium_seoulense,12029,12030,1
Mycobacterium_seoulense,12068,12069,1
Mycobacterium_seoulense,12207,12208,1
Mycobacterium_seoulense,12211,12212,1
Mycobacterium_seoulense,12213,12214,1
Mycobacterium_seoulense,12218,12222,4
Mycobacterium_seoulense,12225,12227,2
Mycobacterium_seoulense,12237,12238,1
Mycobacterium_seoulense,12360,12369,9
Mycobacterium_seoulense,12371,12380,9
Mycobacterium_seoulense,12384,12390,6
Mycobacterium_seoulense,12391,12400,9
Mycobacterium_seoulense,12454,12455,1
Mycobacterium_seoulense,12738,12740,2
Mycobacterium_seoulense,12798,12925,127
Mycobacterium_seoulense,13451,13452,1
Mycobacterium_seoulense,13453,13454,1
Mycobacterium_seoulense,13508,13509,1
Mycolicibacterium_insubricum,1,10,9
Mycolicibacterium_insubricum,21,39,18
Mycolicibacterium_insubricum,43,46,3
Mycolicibacterium_insubricum,57,116,59
Mycolicibacterium_insubricum,117,132,15
Mycolicibacterium_insubricum,133,136,3
Mycolicibacterium_insubricum,346,349,3
Mycolicibacterium_insubricum,1542,1691,149
Mycolicibacterium_insubricum,3317,3356,39
Mycolicibacterium_insubricum,3364,3365,1
Mycolicibacterium_insubricum,3408,3480,72
Mycolicibacterium_insubricum,3485,3491,6
Mycolicibacterium_insubricum,3642,3645,3
Mycolicibacterium_insubricum,3655,3667,12
Mycolicibacterium_insubricum,3782,3788,6
Mycolicibacterium_insubricum,4400,4406,6
Mycolicibacterium_insubricum,4407,4413,6
Mycolicibacterium_insubricum,4417,4426,9
Mycolicibacterium_insubricum,4432,4445,13
Mycolicibacterium_insubricum,4452,4455,3
Mycolicibacterium_insubricum,4456,4462,6
Mycolicibacterium_insubricum,4468,4474,6
Mycolicibacterium_insubricum,4475,4481,6
Mycolicibacterium_insubricum,4483,4486,3
Mycolicibacterium_insubricum,4540,4552,12
Mycolicibacterium_insubricum,4555,4564,9
Mycolicibacterium_insubricum,4567,4573,6
Mycolicibacterium_insubricum,4582,4585,3
Mycolicibacterium_insubricum,5163,5169,6
Mycolicibacterium_insubricum,5170,5179,9
Mycolicibacterium_insubricum,5181,5190,9
Mycolicibacterium_insubricum,5197,5199,2
Mycolicibacterium_insubricum,5201,5204,3
Mycolicibacterium_insubricum,5206,5214,8
Mycolicibacterium_insubricum,5218,5230,12
Mycolicibacterium_insubricum,5231,5241,10
Mycolicibacterium_insubricum,5247,5253,6
Mycolicibacterium_insubricum,5401,5402,1
Mycolicibacterium_insubricum,6015,6016,1
Mycolicibacterium_insubricum,6431,6467,36
Mycolicibacterium_insubricum,6470,6494,24
Mycolicibacterium_insubricum,7178,7254,76
Mycolicibacterium_insubricum,7260,7268,8
Mycolicibacterium_insubricum,7760,7763,3
Mycolicibacterium_insubricum,8452,8500,48
Mycolicibacterium_insubricum,8577,8578,1
Mycolicibacterium_insubricum,8584,8599,15
Mycolicibacterium_insubricum,8600,8604,4
Mycolicibacterium_insubricum,8609,8610,1
Mycolicibacterium_insubricum,8661,8662,1
Mycolicibacterium_insubricum,8703,8704,1
Mycolicibacterium_insubricum,8720,8721,1
Mycolicibacterium_insubricum,8733,8735,2
Mycolicibacterium_insubricum,8739,8742,3
Mycolicibacterium_insubricum,8930,8931,1
Mycolicibacterium_insubricum,8980,8982,2
Mycolicibacterium_insubricum,8984,8998,14
Mycolicibacterium_insubricum,9120,9121,1
Mycolicibacterium_insubricum,9370,9372,2
Mycolicibacterium_insubricum,9546,9547,1
Mycolicibacterium_insubricum,9812,9814,2
Mycolicibacterium_insubricum,9985,9986,1
Mycolicibacterium_insubricum,10076,10078,2
Mycolicibacterium_insubricum,10157,10158,1
Mycolicibacterium_insubricum,10259,10262,3
Mycolicibacterium_insubricum,10267,10268,1
Mycolicibacterium_insubricum,10310,10312,2
Mycolicibacterium_insubricum,10313,10315,2
Mycolicibacterium_insubricum,10325,10326,1
Mycolicibacterium_insubricum,10370,10371,1
Mycolicibacterium_insubricum,10416,10417,1
Mycolicibacterium_insubricum,10434,10435,1
Mycolicibacterium_insubricum,10448,10449,1
Mycolicibacterium_insubricum,10461,10462,1
Mycolicibacterium_insubricum,10476,10477,1
Mycolicibacterium_insubricum,10491,10492,1
Mycolicibacterium_insubricum,10526,10527,1
Mycolicibacterium_insubricum,10545,10649,104
Mycolicibacterium_insubricum,10828,10830,2
Mycolicibacterium_insubricum,10835,10836,1
Mycolicibacterium_insubricum,10837,10843,6
Mycolicibacterium_insubricum,10864,10865,1
Mycolicibacterium_insubricum,10914,10915,1
Mycolicibacterium_insubricum,10961,10968,7
Mycolicibacterium_insubricum,10971,10975,4
Mycolicibacterium_insubricum,11085,11086,1
Mycolicibacterium_insubricum,11143,11144,1
Mycolicibacterium_insubricum,11243,11244,1
Mycolicibacterium_insubricum,11260,11261,1
Mycolicibacterium_insubricum,11265,11267,2
Mycolicibacterium_insubricum,11286,11287,1
Mycolicibacterium_insubricum,11312,11313,1
Mycolicibacterium_insubricum,11473,11474,1
Mycolicibacterium_insubricum,11506,11511,5
Mycolicibacterium_insubricum,11513,11514,1
Mycolicibacterium_insubricum,11518,11539,21
Mycolicibacterium_insubricum,11566,11567,1
Mycolicibacterium_insubricum,11782,11783,1
Mycolicibacterium_insubricum,11823,11824,1
Mycolicibacterium_insubricum,11826,11827,1
Mycolicibacterium_insubricum,11831,11836,5
Mycolicibacterium_insubricum,11847,11852,5
Mycolicibacterium_insubricum,11859,11860,1
Mycolicibacterium_insubricum,11864,11866,2
Mycolicibacterium_insubricum,11877,11878,1
Mycolicibacterium_insubricum,11993,11994,1
Mycolicibacterium_insubricum,12029,12030,1
Mycolicibacterium_insubricum,12068,12069,1
Mycolicibacterium_insubricum,12196,12197,1
Mycolicibacterium_insubricum,12207,12208,1
Mycolicibacterium_insubricum,12211,12212,1
Mycolicibacterium_insubricum,12213,12214,1
Mycolicibacterium_insubricum,12218,12222,4
Mycolicibacterium_insubricum,12226,12227,1
Mycolicibacterium_insubricum,12237,12238,1
Mycolicibacterium_insubricum,12360,12369,9
Mycolicibacterium_insubricum,12374,12380,6
Mycolicibacterium_insubricum,12384,12400,16
Mycolicibacterium_insubricum,12454,12455,1
Mycolicibacterium_insubricum,12739,12740,1
Mycolicibacterium_insubricum,12798,12925,127
Mycolicibacterium_insubricum,13451,13452,1
Mycolicibacterium_insubricum,13453,13454,1
Mycolicibacterium_insubricum,13508,13509,1
Mycobacterium_noviomagense,1,10,9
Mycobacterium_noviomagense,21,39,18
Mycobacterium_noviomagense,43,46,3
Mycobacterium_noviomagense,66,69,3
Mycobacterium_noviomagense,89,94,5
Mycobacterium_noviomagense,117,132,15
Mycobacterium_noviomagense,133,136,3
Mycobacterium_noviomagense,346,349,3
Mycobacterium_noviomagense,1582,1583,1
Mycobacterium_noviomagense,1595,1599,4
Mycobacterium_noviomagense,3284,3287,3
Mycobacterium_noviomagense,3317,3381,64
Mycobacterium_noviomagense,3410,3464,54
Mycobacterium_noviomagense,3485,3491,6
Mycobacterium_noviomagense,3642,3645,3
Mycobacterium_noviomagense,3650,3653,3
Mycobacterium_noviomagense,3655,3667,12
Mycobacterium_noviomagense,3782,3788,6
Mycobacterium_noviomagense,4400,4406,6
Mycobacterium_noviomagense,4407,4413,6
Mycobacterium_noviomagense,4417,4426,9
Mycobacterium_noviomagense,4432,4445,13
Mycobacterium_noviomagense,4452,4455,3
Mycobacterium_noviomagense,4456,4462,6
Mycobacterium_noviomagense,4468,4480,12
Mycobacterium_noviomagense,4483,4486,3
Mycobacterium_noviomagense,4540,4552,12
Mycobacterium_noviomagense,4555,4564,9
Mycobacterium_noviomagense,4567,4573,6
Mycobacterium_noviomagense,4581,4584,3
Mycobacterium_noviomagense,5163,5169,6
Mycobacterium_noviomagense,5170,5179,9
Mycobacterium_noviomagense,5181,5190,9
Mycobacterium_noviomagense,5197,5199,2
Mycobacterium_noviomagense,5201,5204,3
Mycobacterium_noviomagense,5206,5214,8
Mycobacterium_noviomagense,5218,5230,12
Mycobacterium_noviomagense,5231,5241,10
Mycobacterium_noviomagense,5247,5253,6
Mycobacterium_noviomagense,5401,5402,1
Mycobacterium_noviomagense,6015,6016,1
Mycobacterium_noviomagense,6431,6452,21
Mycobacterium_noviomagense,6456,6462,6
Mycobacterium_noviomagense,6470,6494,24
Mycobacterium_noviomagense,7178,7254,76
Mycobacterium_noviomagense,7260,7268,8
Mycobacterium_noviomagense,7760,7763,3
Mycobacterium_noviomagense,8452,8500,48
Mycobacterium_noviomagense,8577,8578,1
Mycobacterium_noviomagense,8584,8599,15
Mycobacterium_noviomagense,8609,8610,1
Mycobacterium_noviomagense,8661,8662,1
Mycobacterium_noviomagense,8703,8704,1
Mycobacterium_noviomagense,8720,8721,1
Mycobacterium_noviomagense,8733,8734,1
Mycobacterium_noviomagense,8930,8931,1
Mycobacterium_noviomagense,8980,8982,2
Mycobacterium_noviomagense,8996,8997,1
Mycobacterium_noviomagense,9120,9121,1
Mycobacterium_noviomagense,9370,9372,2
Mycobacterium_noviomagense,9546,9547,1
Mycobacterium_noviomagense,9984,9986,2
Mycobacterium_noviomagense,10076,10078,2
Mycobacterium_noviomagense,10157,10158,1
Mycobacterium_noviomagense,10261,10262,1
Mycobacterium_noviomagense,10310,10312,2
Mycobacterium_noviomagense,10313,10315,2
Mycobacterium_noviomagense,10325,10326,1
Mycobacterium_noviomagense,10352,10353,1
Mycobacterium_noviomagense,10370,10371,1
Mycobacterium_noviomagense,10434,10435,1
Mycobacterium_noviomagense,10448,10449,1
Mycobacterium_noviomagense,10461,10462,1
Mycobacterium_noviomagense,10476,10477,1
Mycobacterium_noviomagense,10491,10492,1
Mycobacterium_noviomagense,10526,10527,1
Mycobacterium_noviomagense,10546,10649,103
Mycobacterium_noviomagense,10828,10830,2
Mycobacterium_noviomagense,10833,10844,11
Mycobacterium_noviomagense,10864,10865,1
Mycobacterium_noviomagense,10914,10915,1
Mycobacterium_noviomagense,10960,10966,6
Mycobacterium_noviomagense,10971,10975,4
Mycobacterium_noviomagense,11085,11086,1
Mycobacterium_noviomagense,11143,11144,1
Mycobacterium_noviomagense,11243,11244,1
Mycobacterium_noviomagense,11260,11261,1
Mycobacterium_noviomagense,11265,11267,2
Mycobacterium_noviomagense,11286,11287,1
Mycobacterium_noviomagense,11312,11313,1
Mycobacterium_noviomagense,11473,11474,1
Mycobacterium_noviomagense,11505,11512,7
Mycobacterium_noviomagense,11513,11514,1
Mycobacterium_noviomagense,11520,11521,1
Mycobacterium_noviomagense,11524,11540,16
Mycobacterium_noviomagense,11566,11567,1
Mycobacterium_noviomagense,11782,11783,1
Mycobacterium_noviomagense,11823,11824,1
Mycobacterium_noviomagense,11831,11836,5
Mycobacterium_noviomagense,11847,11850,3
Mycobacterium_noviomagense,11851,11852,1
Mycobacterium_noviomagense,11859,11860,1
Mycobacterium_noviomagense,11864,11866,2
Mycobacterium_noviomagense,11877,11878,1
Mycobacterium_noviomagense,12029,12030,1
Mycobacterium_noviomagense,12068,12069,1
Mycobacterium_noviomagense,12207,12208,1
Mycobacterium_noviomagense,12211,12212,1
Mycobacterium_noviomagense,12213,12214,1
Mycobacterium_noviomagense,12218,12222,4
Mycobacterium_noviomagense,12226,12227,1
Mycobacterium_noviomagense,12237,12238,1
Mycobacterium_noviomagense,12360,12369,9
Mycobacterium_noviomagense,12371,12372,1
Mycobacterium_noviomagense,12374,12380,6
Mycobacterium_noviomagense,12384,12390,6
Mycobacterium_noviomagense,12391,12400,9
Mycobacterium_noviomagense,12454,12455,1
Mycobacterium_noviomagense,12739,12740,1
Mycobacterium_noviomagense,12798,12926,128
Mycobacterium_noviomagense,13453,13454,1
Mycobacterium_noviomagense,13508,13509,1
Mycobacterium_paraseoulense,1,10,9
Mycobacterium_paraseoulense,21,39,18
Mycobacterium_paraseoulense,43,46,3
Mycobacterium_paraseoulense,62,71,9
Mycobacterium_paraseoulense,87,107,20
Mycobacterium_paraseoulense,117,132,15
Mycobacterium_paraseoulense,133,136,3
Mycobacterium_paraseoulense,346,349,3
Mycobacterium_paraseoulense,1542,1583,41
Mycobacterium_paraseoulense,1587,1676,89
Mycobacterium_paraseoulense,1678,1691,13
Mycobacterium_paraseoulense,3317,3381,64
Mycobacterium_paraseoulense,3414,3420,6
Mycobacterium_paraseoulense,3424,3460,36
Mycobacterium_paraseoulense,3476,3479,3
Mycobacterium_paraseoulense,3485,3491,6
Mycobacterium_paraseoulense,3642,3645,3
Mycobacterium_paraseoulense,3650,3653,3
Mycobacterium_paraseoulense,3655,3667,12
Mycobacterium_paraseoulense,3782,3788,6
Mycobacterium_paraseoulense,4400,4406,6
Mycobacterium_paraseoulense,4407,4413,6
Mycobacterium_paraseoulense,4417,4426,9
Mycobacterium_paraseoulense,4432,4445,13
Mycobacterium_paraseoulense,4452,4455,3
Mycobacterium_paraseoulense,4456,4462,6
Mycobacterium_paraseoulense,4468,4480,12
Mycobacterium_paraseoulense,4483,4486,3
Mycobacterium_paraseoulense,4555,4564,9
Mycobacterium_paraseoulense,4567,4573,6
Mycobacterium_paraseoulense,5163,5169,6
Mycobacterium_paraseoulense,5170,5179,9
Mycobacterium_paraseoulense,5181,5190,9
Mycobacterium_paraseoulense,5197,5199,2
Mycobacterium_paraseoulense,5201,5204,3
Mycobacterium_paraseoulense,5206,5214,8
Mycobacterium_paraseoulense,5218,5230,12
Mycobacterium_paraseoulense,5231,5241,10
Mycobacterium_paraseoulense,5247,5253,6
Mycobacterium_paraseoulense,5401,5402,1
Mycobacterium_paraseoulense,6015,6016,1
Mycobacterium_paraseoulense,6428,6464,36
Mycobacterium_paraseoulense,6470,6494,24
Mycobacterium_paraseoulense,7178,7254,76
Mycobacterium_paraseoulense,7260,7268,8
Mycobacterium_paraseoulense,7760,7763,3
Mycobacterium_paraseoulense,8452,8500,48
Mycobacterium_paraseoulense,8577,8578,1
Mycobacterium_paraseoulense,8584,8599,15
Mycobacterium_paraseoulense,8601,8603,2
Mycobacterium_paraseoulense,8609,8610,1
Mycobacterium_paraseoulense,8661,8662,1
Mycobacterium_paraseoulense,8703,8704,1
Mycobacterium_paraseoulense,8720,8721,1
Mycobacterium_paraseoulense,8733,8735,2
Mycobacterium_paraseoulense,8739,8742,3
Mycobacterium_paraseoulense,8930,8931,1
Mycobacterium_paraseoulense,8980,8982,2
Mycobacterium_paraseoulense,8987,8988,1
Mycobacterium_paraseoulense,8996,8998,2
Mycobacterium_paraseoulense,9120,9121,1
Mycobacterium_paraseoulense,9370,9372,2
Mycobacterium_paraseoulense,9546,9547,1
Mycobacterium_paraseoulense,9812,9813,1
Mycobacterium_paraseoulense,9980,9981,1
Mycobacterium_paraseoulense,9983,9986,3
Mycobacterium_paraseoulense,10076,10078,2
Mycobacterium_paraseoulense,10157,10158,1
Mycobacterium_paraseoulense,10261,10262,1
Mycobacterium_paraseoulense,10310,10312,2
Mycobacterium_paraseoulense,10313,10315,2
Mycobacterium_paraseoulense,10325,10326,1
Mycobacterium_paraseoulense,10352,10353,1
Mycobacterium_paraseoulense,10370,10371,1
Mycobacterium_paraseoulense,10434,10435,1
Mycobacterium_paraseoulense,10448,10449,1
Mycobacterium_paraseoulense,10476,10477,1
Mycobacterium_paraseoulense,10491,10492,1
Mycobacterium_paraseoulense,10526,10527,1
Mycobacterium_paraseoulense,10546,10649,103
Mycobacterium_paraseoulense,10828,10830,2
Mycobacterium_paraseoulense,10832,10846,14
Mycobacterium_paraseoulense,10864,10865,1
Mycobacterium_paraseoulense,10914,10915,1
Mycobacterium_paraseoulense,10965,10977,12
Mycobacterium_paraseoulense,11085,11086,1
Mycobacterium_paraseoulense,11143,11144,1
Mycobacterium_paraseoulense,11243,11244,1
Mycobacterium_paraseoulense,11260,11261,1
Mycobacterium_paraseoulense,11262,11263,1
Mycobacterium_paraseoulense,11265,11267,2
Mycobacterium_paraseoulense,11286,11287,1
Mycobacterium_paraseoulense,11312,11313,1
Mycobacterium_paraseoulense,11473,11474,1
Mycobacterium_paraseoulense,11505,11534,29
Mycobacterium_paraseoulense,11566,11567,1
Mycobacterium_paraseoulense,11782,11783,1
Mycobacterium_paraseoulense,11823,11824,1
Mycobacterium_paraseoulense,11826,11827,1
Mycobacterium_paraseoulense,11831,11836,5
Mycobacterium_paraseoulense,11848,11850,2
Mycobacterium_paraseoulense,11851,11852,1
Mycobacterium_paraseoulense,11859,11860,1
Mycobacterium_paraseoulense,11864,11866,2
Mycobacterium_paraseoulense,11877,11878,1
Mycobacterium_paraseoulense,11993,11994,1
Mycobacterium_paraseoulense,12029,12030,1
Mycobacterium_paraseoulense,12068,12069,1
Mycobacterium_paraseoulense,12207,12208,1
Mycobacterium_paraseoulense,12211,12212,1
Mycobacterium_paraseoulense,12213,12214,1
Mycobacterium_paraseoulense,12218,12222,4
Mycobacterium_paraseoulense,12225,12227,2
Mycobacterium_paraseoulense,12237,12238,1
Mycobacterium_paraseoulense,12360,12369,9
Mycobacterium_paraseoulense,12371,12380,9
Mycobacterium_paraseoulense,12384,12390,6
Mycobacterium_paraseoulense,12391,12400,9
Mycobacterium_paraseoulense,12454,12455,1
Mycobacterium_paraseoulense,12738,12740,2
Mycobacterium_paraseoulense,12798,12925,127
Mycobacterium_paraseoulense,13451,13452,1
Mycobacterium_paraseoulense,13453,13454,1
Mycobacterium_paraseoulense,13508,13509,1
Mycolicibacterium_litorale,1,10,9
Mycolicibacterium_litorale,21,39,18
Mycolicibacterium_litorale,43,46,3
Mycolicibacterium_litorale,57,72,15
Mycolicibacterium_litorale,84,107,23
Mycolicibacterium_litorale,117,132,15
Mycolicibacterium_litorale,133,136,3
Mycolicibacterium_litorale,346,349,3
Mycolicibacterium_litorale,1542,1545,3
Mycolicibacterium_litorale,1582,1590,8
Mycolicibacterium_litorale,1595,1604,9
Mycolicibacterium_litorale,1629,1650,21
Mycolicibacterium_litorale,1664,1676,12
Mycolicibacterium_litorale,3317,3361,44
Mycolicibacterium_litorale,3364,3365,1
Mycolicibacterium_litorale,3373,3374,1
Mycolicibacterium_litorale,3409,3421,12
Mycolicibacterium_litorale,3424,3478,54
Mycolicibacterium_litorale,3485,3491,6
Mycolicibacterium_litorale,3642,3645,3
Mycolicibacterium_litorale,3650,3653,3
Mycolicibacterium_litorale,3655,3667,12
Mycolicibacterium_litorale,3782,3788,6
Mycolicibacterium_litorale,4400,4406,6
Mycolicibacterium_litorale,4407,4413,6
Mycolicibacterium_litorale,4417,4426,9
Mycolicibacterium_litorale,4432,4445,13
Mycolicibacterium_litorale,4452,4455,3
Mycolicibacterium_litorale,4456,4462,6
Mycolicibacterium_litorale,4468,4474,6
Mycolicibacterium_litorale,4475,4481,6
Mycolicibacterium_litorale,4483,4486,3
Mycolicibacterium_litorale,4540,4552,12
Mycolicibacterium_litorale,4555,4564,9
Mycolicibacterium_litorale,4567,4573,6
Mycolicibacterium_litorale,4582,4585,3
Mycolicibacterium_litorale,5163,5169,6
Mycolicibacterium_litorale,5170,5179,9
Mycolicibacterium_litorale,5181,5190,9
Mycolicibacterium_litorale,5197,5199,2
Mycolicibacterium_litorale,5201,5204,3
Mycolicibacterium_litorale,5206,5214,8
Mycolicibacterium_litorale,5218,5230,12
Mycolicibacterium_litorale,5231,5241,10
Mycolicibacterium_litorale,5247,5253,6
Mycolicibacterium_litorale,5401,5402,1
Mycolicibacterium_litorale,6015,6016,1
Mycolicibacterium_litorale,6431,6452,21
Mycolicibacterium_litorale,6470,6494,24
Mycolicibacterium_litorale,7178,7254,76
Mycolicibacterium_litorale,7260,7268,8
Mycolicibacterium_litorale,7760,7763,3
Mycolicibacterium_litorale,8452,8500,48
Mycolicibacterium_litorale,8577,8578,1
Mycolicibacterium_litorale,8584,8599,15
Mycolicibacterium_litorale,8600,8604,4
Mycolicibacterium_litorale,8609,8610,1
Mycolicibacterium_litorale,8661,8662,1
Mycolicibacterium_litorale,8720,8721,1
Mycolicibacterium_litorale,8733,8735,2
Mycolicibacterium_litorale,8739,8742,3
Mycolicibacterium_litorale,8930,8931,1
Mycolicibacterium_litorale,8980,8982,2
Mycolicibacterium_litorale,8984,8998,14
Mycolicibacterium_litorale,9120,9121,1
Mycolicibacterium_litorale,9370,9372,2
Mycolicibacterium_litorale,9546,9547,1
Mycolicibacterium_litorale,9812,9813,1
Mycolicibacterium_litorale,9985,9986,1
Mycolicibacterium_litorale,10076,10078,2
Mycolicibacterium_litorale,10157,10158,1
Mycolicibacterium_litorale,10261,10262,1
Mycolicibacterium_litorale,10310,10312,2
Mycolicibacterium_litorale,10313,10315,2
Mycolicibacterium_litorale,10325,10326,1
Mycolicibacterium_litorale,10370,10371,1
Mycolicibacterium_litorale,10434,10435,1
Mycolicibacterium_litorale,10448,10449,1
Mycolicibacterium_litorale,10461,10462,1
Mycolicibacterium_litorale,10476,10477,1
Mycolicibacterium_litorale,10491,10492,1
Mycolicibacterium_litorale,10526,10527,1
Mycolicibacterium_litorale,10545,10649,104
Mycolicibacterium_litorale,10828,10830,2
Mycolicibacterium_litorale,10835,10842,7
Mycolicibacterium_litorale,10864,10865,1
Mycolicibacterium_litorale,10914,10915,1
Mycolicibacterium_litorale,10965,10966,1
Mycolicibacterium_litorale,10971,10975,4
Mycolicibacterium_litorale,11143,11144,1
Mycolicibacterium_litorale,11243,11244,1
Mycolicibacterium_litorale,11260,11261,1
Mycolicibacterium_litorale,11265,11267,2
Mycolicibacterium_litorale,11312,11313,1
Mycolicibacterium_litorale,11473,11474,1
Mycolicibacterium_litorale,11505,11512,7
Mycolicibacterium_litorale,11513,11514,1
Mycolicibacterium_litorale,11520,11521,1
Mycolicibacterium_litorale,11524,11535,11
Mycolicibacterium_litorale,11566,11567,1
Mycolicibacterium_litorale,11782,11783,1
Mycolicibacterium_litorale,11823,11824,1
Mycolicibacterium_litorale,11826,11827,1
Mycolicibacterium_litorale,11831,11836,5
Mycolicibacterium_litorale,11846,11852,6
Mycolicibacterium_litorale,11859,11860,1
Mycolicibacterium_litorale,11864,11865,1
Mycolicibacterium_litorale,11877,11878,1
Mycolicibacterium_litorale,11993,11994,1
Mycolicibacterium_litorale,12029,12030,1
Mycolicibacterium_litorale,12068,12069,1
Mycolicibacterium_litorale,12207,12208,1
Mycolicibacterium_litorale,12211,12212,1
Mycolicibacterium_litorale,12213,12214,1
Mycolicibacterium_litorale,12218,12222,4
Mycolicibacterium_litorale,12226,12228,2
Mycolicibacterium_litorale,12237,12238,1
Mycolicibacterium_litorale,12360,12369,9
Mycolicibacterium_litorale,12371,12372,1
Mycolicibacterium_litorale,12374,12375,1
Mycolicibacterium_litorale,12377,12382,5
Mycolicibacterium_litorale,12384,12390,6
Mycolicibacterium_litorale,12391,12400,9
Mycolicibacterium_litorale,12454,12455,1
Mycolicibacterium_litorale,12739,12740,1
Mycolicibacterium_litorale,12798,12925,127
Mycolicibacterium_litorale,13451,13452,1
Mycolicibacterium_litorale,13453,13454,1
Mycolicibacterium_litorale,13508,13509,1
Mycobacterium_stomatepiae,1,10,9
Mycobacterium_stomatepiae,21,39,18
Mycobacterium_stomatepiae,43,46,3
Mycobacterium_stomatepiae,52,73,21
Mycobacterium_stomatepiae,87,107,20
Mycobacterium_stomatepiae,117,132,15
Mycobacterium_stomatepiae,133,136,3
Mycobacterium_stomatepiae,346,349,3
Mycobacterium_stomatepiae,1542,1691,149
Mycobacterium_stomatepiae,3317,3361,44
Mycobacterium_stomatepiae,3364,3365,1
Mycobacterium_stomatepiae,3373,3374,1
Mycobacterium_stomatepiae,3414,3420,6
Mycobacterium_stomatepiae,3422,3491,69
Mycobacterium_stomatepiae,3642,3645,3
Mycobacterium_stomatepiae,3650,3653,3
Mycobacterium_stomatepiae,3655,3667,12
Mycobacterium_stomatepiae,3782,3788,6
Mycobacterium_stomatepiae,4400,4406,6
Mycobacterium_stomatepiae,4407,4413,6
Mycobacterium_stomatepiae,4417,4426,9
Mycobacterium_stomatepiae,4432,4445,13
Mycobacterium_stomatepiae,4452,4455,3
Mycobacterium_stomatepiae,4456,4462,6
Mycobacterium_stomatepiae,4468,4480,12
Mycobacterium_stomatepiae,4483,4486,3
Mycobacterium_stomatepiae,4540,4552,12
Mycobacterium_stomatepiae,4555,4564,9
Mycobacterium_stomatepiae,4567,4573,6
Mycobacterium_stomatepiae,4581,4584,3
Mycobacterium_stomatepiae,5163,5169,6
Mycobacterium_stomatepiae,5170,5179,9
Mycobacterium_stomatepiae,5181,5190,9
Mycobacterium_stomatepiae,5197,5199,2
Mycobacterium_stomatepiae,5201,5204,3
Mycobacterium_stomatepiae,5206,5214,8
Mycobacterium_stomatepiae,5218,5230,12
Mycobacterium_stomatepiae,5231,5241,10
Mycobacterium_stomatepiae,5247,5253,6
Mycobacterium_stomatepiae,5401,5402,1
Mycobacterium_stomatepiae,6015,6016,1
Mycobacterium_stomatepiae,6428,6464,36
Mycobacterium_stomatepiae,6470,6494,24
Mycobacterium_stomatepiae,7178,7254,76
Mycobacterium_stomatepiae,7260,7268,8
Mycobacterium_stomatepiae,7760,7763,3
Mycobacterium_stomatepiae,8452,8500,48
Mycobacterium_stomatepiae,8577,8578,1
Mycobacterium_stomatepiae,8584,8599,15
Mycobacterium_stomatepiae,8601,8603,2
Mycobacterium_stomatepiae,8609,8610,1
Mycobacterium_stomatepiae,8661,8662,1
Mycobacterium_stomatepiae,8703,8704,1
Mycobacterium_stomatepiae,8720,8721,1
Mycobacterium_stomatepiae,8733,8735,2
Mycobacterium_stomatepiae,8739,8742,3
Mycobacterium_stomatepiae,8930,8931,1
Mycobacterium_stomatepiae,8980,8982,2
Mycobacterium_stomatepiae,8987,9001,14
Mycobacterium_stomatepiae,9120,9121,1
Mycobacterium_stomatepiae,9370,9372,2
Mycobacterium_stomatepiae,9546,9547,1
Mycobacterium_stomatepiae,9812,9813,1
Mycobacterium_stomatepiae,9983,9987,4
Mycobacterium_stomatepiae,10076,10078,2
Mycobacterium_stomatepiae,10157,10158,1
Mycobacterium_stomatepiae,10261,10262,1
Mycobacterium_stomatepiae,10310,10312,2
Mycobacterium_stomatepiae,10313,10315,2
Mycobacterium_stomatepiae,10325,10326,1
Mycobacterium_stomatepiae,10352,10353,1
Mycobacterium_stomatepiae,10370,10371,1
Mycobacterium_stomatepiae,10434,10435,1
Mycobacterium_stomatepiae,10448,10449,1
Mycobacterium_stomatepiae,10476,10477,1
Mycobacterium_stomatepiae,10491,10492,1
Mycobacterium_stomatepiae,10526,10527,1
Mycobacterium_stomatepiae,10546,10649,103
Mycobacterium_stomatepiae,10828,10830,2
Mycobacterium_stomatepiae,10832,10846,14
Mycobacterium_stomatepiae,10864,10865,1
Mycobacterium_stomatepiae,10914,10915,1
Mycobacterium_stomatepiae,10958,10983,25
Mycobacterium_stomatepiae,11085,11086,1
Mycobacterium_stomatepiae,11143,11144,1
Mycobacterium_stomatepiae,11243,11244,1
Mycobacterium_stomatepiae,11260,11261,1
Mycobacterium_stomatepiae,11262,11263,1
Mycobacterium_stomatepiae,11265,11267,2
Mycobacterium_stomatepiae,11286,11287,1
Mycobacterium_stomatepiae,11312,11313,1
Mycobacterium_stomatepiae,11473,11474,1
Mycobacterium_stomatepiae,11505,11534,29
Mycobacterium_stomatepiae,11566,11567,1
Mycobacterium_stomatepiae,11590,11591,1
Mycobacterium_stomatepiae,11782,11783,1
Mycobacterium_stomatepiae,11823,11824,1
Mycobacterium_stomatepiae,11826,11827,1
Mycobacterium_stomatepiae,11831,11836,5
Mycobacterium_stomatepiae,11847,11852,5
Mycobacterium_stomatepiae,11859,11860,1
Mycobacterium_stomatepiae,11864,11866,2
Mycobacterium_stomatepiae,11877,11878,1
Mycobacterium_stomatepiae,11993,11995,2
Mycobacterium_stomatepiae,12029,12030,1
Mycobacterium_stomatepiae,12068,12069,1
Mycobacterium_stomatepiae,12207,12208,1
Mycobacterium_stomatepiae,12211,12212,1
Mycobacterium_stomatepiae,12213,12214,1
Mycobacterium_stomatepiae,12218,12222,4
Mycobacterium_stomatepiae,12225,12227,2
Mycobacterium_stomatepiae,12237,12238,1
Mycobacterium_stomatepiae,12360,12370,10
Mycobacterium_stomatepiae,12371,12372,1
Mycobacterium_stomatepiae,12374,12380,6
Mycobacterium_stomatepiae,12383,12390,7
Mycobacterium_stomatepiae,12391,12400,9
Mycobacterium_stomatepiae,12454,12455,1
Mycobacterium_stomatepiae,12738,12740,2
Mycobacterium_stomatepiae,12798,12925,127
Mycobacterium_stomatepiae,13451,13452,1
Mycobacterium_stomatepiae,13453,13454,1
Mycobacterium_stomatepiae,13508,13509,1
Mycolicibacterium_sediminis,1,10,9
Mycolicibacterium_sediminis,21,39,18
Mycolicibacterium_sediminis,43,46,3
Mycolicibacterium_sediminis,51,107,56
Mycolicibacterium_sediminis,117,132,15
Mycolicibacterium_sediminis,133,136,3
Mycolicibacterium_sediminis,346,349,3
Mycolicibacterium_sediminis,1542,1691,149
Mycolicibacterium_sediminis,3317,3361,44
Mycolicibacterium_sediminis,3364,3365,1
Mycolicibacterium_sediminis,3373,3374,1
Mycolicibacterium_sediminis,3386,3389,3
Mycolicibacterium_sediminis,3409,3478,69
Mycolicibacterium_sediminis,3485,3497,12
Mycolicibacterium_sediminis,3642,3645,3
Mycolicibacterium_sediminis,3650,3653,3
Mycolicibacterium_sediminis,3655,3667,12
Mycolicibacterium_sediminis,3782,3788,6
Mycolicibacterium_sediminis,4400,4406,6
Mycolicibacterium_sediminis,4407,4413,6
Mycolicibacterium_sediminis,4417,4426,9
Mycolicibacterium_sediminis,4432,4445,13
Mycolicibacterium_sediminis,4452,4455,3
Mycolicibacterium_sediminis,4456,4462,6
Mycolicibacterium_sediminis,4468,4474,6
Mycolicibacterium_sediminis,4475,4481,6
Mycolicibacterium_sediminis,4483,4486,3
Mycolicibacterium_sediminis,4540,4552,12
Mycolicibacterium_sediminis,4567,4573,6
Mycolicibacterium_sediminis,5163,5169,6
Mycolicibacterium_sediminis,5170,5179,9
Mycolicibacterium_sediminis,5181,5190,9
Mycolicibacterium_sediminis,5197,5199,2
Mycolicibacterium_sediminis,5201,5204,3
Mycolicibacterium_sediminis,5206,5214,8
Mycolicibacterium_sediminis,5218,5230,12
Mycolicibacterium_sediminis,5231,5241,10
Mycolicibacterium_sediminis,5247,5253,6
Mycolicibacterium_sediminis,5401,5402,1
Mycolicibacterium_sediminis,6015,6016,1
Mycolicibacterium_sediminis,6431,6452,21
Mycolicibacterium_sediminis,6456,6462,6
Mycolicibacterium_sediminis,6470,6494,24
Mycolicibacterium_sediminis,7178,7254,76
Mycolicibacterium_sediminis,7260,7268,8
Mycolicibacterium_sediminis,7760,7763,3
Mycolicibacterium_sediminis,8452,8500,48
Mycolicibacterium_sediminis,8577,8578,1
Mycolicibacterium_sediminis,8584,8599,15
Mycolicibacterium_sediminis,8600,8604,4
Mycolicibacterium_sediminis,8609,8610,1
Mycolicibacterium_sediminis,8661,8662,1
Mycolicibacterium_sediminis,8717,8718,1
Mycolicibacterium_sediminis,8731,8735,4
Mycolicibacterium_sediminis,8739,8742,3
Mycolicibacterium_sediminis,8930,8931,1
Mycolicibacterium_sediminis,8980,8982,2
Mycolicibacterium_sediminis,8984,8998,14
Mycolicibacterium_sediminis,9120,9121,1
Mycolicibacterium_sediminis,9370,9372,2
Mycolicibacterium_sediminis,9546,9547,1
Mycolicibacterium_sediminis,9812,9813,1
Mycolicibacterium_sediminis,9985,9986,1
Mycolicibacterium_sediminis,10076,10078,2
Mycolicibacterium_sediminis,10157,10158,1
Mycolicibacterium_sediminis,10261,10262,1
Mycolicibacterium_sediminis,10310,10312,2
Mycolicibacterium_sediminis,10313,10315,2
Mycolicibacterium_sediminis,10325,10326,1
Mycolicibacterium_sediminis,10370,10371,1
Mycolicibacterium_sediminis,10416,10417,1
Mycolicibacterium_sediminis,10434,10435,1
Mycolicibacterium_sediminis,10448,10449,1
Mycolicibacterium_sediminis,10476,10477,1
Mycolicibacterium_sediminis,10491,10492,1
Mycolicibacterium_sediminis,10526,10527,1
Mycolicibacterium_sediminis,10547,10649,102
Mycolicibacterium_sediminis,10828,10830,2
Mycolicibacterium_sediminis,10835,10843,8
Mycolicibacterium_sediminis,10864,10865,1
Mycolicibacterium_sediminis,10914,10915,1
Mycolicibacterium_sediminis,10965,10966,1
Mycolicibacterium_sediminis,10971,10975,4
Mycolicibacterium_sediminis,11085,11086,1
Mycolicibacterium_sediminis,11143,11144,1
Mycolicibacterium_sediminis,11243,11244,1
Mycolicibacterium_sediminis,11260,11261,1
Mycolicibacterium_sediminis,11266,11267,1
Mycolicibacterium_sediminis,11286,11287,1
Mycolicibacterium_sediminis,11312,11313,1
Mycolicibacterium_sediminis,11473,11474,1
Mycolicibacterium_sediminis,11505,11512,7
Mycolicibacterium_sediminis,11513,11514,1
Mycolicibacterium_sediminis,11517,11538,21
Mycolicibacterium_sediminis,11782,11783,1
Mycolicibacterium_sediminis,11823,11824,1
Mycolicibacterium_sediminis,11826,11827,1
Mycolicibacterium_sediminis,11831,11836,5
Mycolicibacterium_sediminis,11846,11850,4
Mycolicibacterium_sediminis,11851,11852,1
Mycolicibacterium_sediminis,11859,11860,1
Mycolicibacterium_sediminis,11877,11878,1
Mycolicibacterium_sediminis,12029,12030,1
Mycolicibacterium_sediminis,12068,12069,1
Mycolicibacterium_sediminis,12196,12197,1
Mycolicibacterium_sediminis,12207,12208,1
Mycolicibacterium_sediminis,12211,12212,1
Mycolicibacterium_sediminis,12213,12214,1
Mycolicibacterium_sediminis,12218,12222,4
Mycolicibacterium_sediminis,12226,12227,1
Mycolicibacterium_sediminis,12237,12238,1
Mycolicibacterium_sediminis,12361,12368,7
Mycolicibacterium_sediminis,12371,12372,1
Mycolicibacterium_sediminis,12374,12375,1
Mycolicibacterium_sediminis,12378,12381,3
Mycolicibacterium_sediminis,12384,12390,6
Mycolicibacterium_sediminis,12391,12400,9
Mycolicibacterium_sediminis,12454,12455,1
Mycolicibacterium_sediminis,12739,12740,1
Mycolicibacterium_sediminis,12798,12925,127
Mycolicibacterium_sediminis,13451,13452,1
Mycolicibacterium_sediminis,13453,13454,1
Mycolicibacterium_sediminis,13508,13509,1
Mycolicibacter_minnesotensis,1,10,9
Mycolicibacter_minnesotensis,21,39,18
Mycolicibacter_minnesotensis,43,46,3
Mycolicibacter_minnesotensis,59,136,77
Mycolicibacter_minnesotensis,346,349,3
Mycolicibacter_minnesotensis,1542,1691,149
Mycolicibacter_minnesotensis,3317,3361,44
Mycolicibacter_minnesotensis,3364,3365,1
Mycolicibacter_minnesotensis,3373,3374,1
Mycolicibacter_minnesotensis,3414,3420,6
Mycolicibacter_minnesotensis,3424,3460,36
Mycolicibacter_minnesotensis,3473,3479,6
Mycolicibacter_minnesotensis,3485,3491,6
Mycolicibacter_minnesotensis,3650,3653,3
Mycolicibacter_minnesotensis,3657,3672,15
Mycolicibacter_minnesotensis,3782,3788,6
Mycolicibacter_minnesotensis,4400,4406,6
Mycolicibacter_minnesotensis,4407,4413,6
Mycolicibacter_minnesotensis,4422,4426,4
Mycolicibacter_minnesotensis,4432,4438,6
Mycolicibacter_minnesotensis,4452,4455,3
Mycolicibacter_minnesotensis,4456,4486,30
Mycolicibacter_minnesotensis,4555,4564,9
Mycolicibacter_minnesotensis,5163,5169,6
Mycolicibacter_minnesotensis,5170,5179,9
Mycolicibacter_minnesotensis,5181,5190,9
Mycolicibacter_minnesotensis,5197,5199,2
Mycolicibacter_minnesotensis,5201,5204,3
Mycolicibacter_minnesotensis,5206,5214,8
Mycolicibacter_minnesotensis,5218,5230,12
Mycolicibacter_minnesotensis,5231,5241,10
Mycolicibacter_minnesotensis,5247,5253,6
Mycolicibacter_minnesotensis,5401,5402,1
Mycolicibacter_minnesotensis,6015,6016,1
Mycolicibacter_minnesotensis,6431,6452,21
Mycolicibacter_minnesotensis,6456,6462,6
Mycolicibacter_minnesotensis,6470,6494,24
Mycolicibacter_minnesotensis,7178,7254,76
Mycolicibacter_minnesotensis,7260,7268,8
Mycolicibacter_minnesotensis,7760,7763,3
Mycolicibacter_minnesotensis,8452,8500,48
Mycolicibacter_minnesotensis,8577,8578,1
Mycolicibacter_minnesotensis,8584,8599,15
Mycolicibacter_minnesotensis,8601,8603,2
Mycolicibacter_minnesotensis,8609,8610,1
Mycolicibacter_minnesotensis,8661,8662,1
Mycolicibacter_minnesotensis,8703,8704,1
Mycolicibacter_minnesotensis,8720,8721,1
Mycolicibacter_minnesotensis,8733,8735,2
Mycolicibacter_minnesotensis,8739,8742,3
Mycolicibacter_minnesotensis,8930,8931,1
Mycolicibacter_minnesotensis,8980,8982,2
Mycolicibacter_minnesotensis,9120,9121,1
Mycolicibacter_minnesotensis,9546,9547,1
Mycolicibacter_minnesotensis,9812,9814,2
Mycolicibacter_minnesotensis,9982,9984,2
Mycolicibacter_minnesotensis,9985,9986,1
Mycolicibacter_minnesotensis,10076,10078,2
Mycolicibacter_minnesotensis,10157,10158,1
Mycolicibacter_minnesotensis,10311,10312,1
Mycolicibacter_minnesotensis,10313,10315,2
Mycolicibacter_minnesotensis,10325,10326,1
Mycolicibacter_minnesotensis,10370,10371,1
Mycolicibacter_minnesotensis,10416,10417,1
Mycolicibacter_minnesotensis,10434,10435,1
Mycolicibacter_minnesotensis,10448,10449,1
Mycolicibacter_minnesotensis,10476,10477,1
Mycolicibacter_minnesotensis,10491,10492,1
Mycolicibacter_minnesotensis,10526,10527,1
Mycolicibacter_minnesotensis,10547,10649,102
Mycolicibacter_minnesotensis,10828,10830,2
Mycolicibacter_minnesotensis,10835,10843,8
Mycolicibacter_minnesotensis,10864,10865,1
Mycolicibacter_minnesotensis,10914,10915,1
Mycolicibacter_minnesotensis,10965,10966,1
Mycolicibacter_minnesotensis,10971,10975,4
Mycolicibacter_minnesotensis,11085,11086,1
Mycolicibacter_minnesotensis,11143,11144,1
Mycolicibacter_minnesotensis,11243,11244,1
Mycolicibacter_minnesotensis,11260,11261,1
Mycolicibacter_minnesotensis,11265,11267,2
Mycolicibacter_minnesotensis,11286,11287,1
Mycolicibacter_minnesotensis,11312,11313,1
Mycolicibacter_minnesotensis,11473,11474,1
Mycolicibacter_minnesotensis,11505,11512,7
Mycolicibacter_minnesotensis,11513,11514,1
Mycolicibacter_minnesotensis,11515,11533,18
Mycolicibacter_minnesotensis,11537,11538,1
Mycolicibacter_minnesotensis,11566,11567,1
Mycolicibacter_minnesotensis,11782,11783,1
Mycolicibacter_minnesotensis,11823,11824,1
Mycolicibacter_minnesotensis,11826,11827,1
Mycolicibacter_minnesotensis,11831,11836,5
Mycolicibacter_minnesotensis,11847,11852,5
Mycolicibacter_minnesotensis,11859,11860,1
Mycolicibacter_minnesotensis,11864,11866,2
Mycolicibacter_minnesotensis,11877,11878,1
Mycolicibacter_minnesotensis,11993,11994,1
Mycolicibacter_minnesotensis,12029,12030,1
Mycolicibacter_minnesotensis,12068,12069,1
Mycolicibacter_minnesotensis,12167,12168,1
Mycolicibacter_minnesotensis,12207,12208,1
Mycolicibacter_minnesotensis,12211,12212,1
Mycolicibacter_minnesotensis,12213,12214,1
Mycolicibacter_minnesotensis,12218,12222,4
Mycolicibacter_minnesotensis,12226,12227,1
Mycolicibacter_minnesotensis,12237,12238,1
Mycolicibacter_minnesotensis,12360,12369,9
Mycolicibacter_minnesotensis,12371,12372,1
Mycolicibacter_minnesotensis,12374,12375,1
Mycolicibacter_minnesotensis,12377,12382,5
Mycolicibacter_minnesotensis,12384,12390,6
Mycolicibacter_minnesotensis,12391,12400,9
Mycolicibacter_minnesotensis,12454,12455,1
Mycolicibacter_minnesotensis,12739,12740,1
Mycolicibacter_minnesotensis,12798,12925,127
Mycolicibacter_minnesotensis,13451,13452,1
Mycolicibacter_minnesotensis,13453,13454,1
Mycolicibacter_minnesotensis,13508,13509,1
Mycobacterium_mantenii,1,10,9
Mycobacterium_mantenii,21,39,18
Mycobacterium_mantenii,43,46,3
Mycobacterium_mantenii,53,71,18
Mycobacterium_mantenii,87,107,20
Mycobacterium_mantenii,117,132,15
Mycobacterium_mantenii,133,136,3
Mycobacterium_mantenii,346,349,3
Mycobacterium_mantenii,1542,1583,41
Mycobacterium_mantenii,1587,1676,89
Mycobacterium_mantenii,1678,1691,13
Mycobacterium_mantenii,3317,3381,64
Mycobacterium_mantenii,3414,3420,6
Mycobacterium_mantenii,3424,3460,36
Mycobacterium_mantenii,3476,3479,3
Mycobacterium_mantenii,3485,3491,6
Mycobacterium_mantenii,3642,3645,3
Mycobacterium_mantenii,3650,3653,3
Mycobacterium_mantenii,3655,3667,12
Mycobacterium_mantenii,3782,3788,6
Mycobacterium_mantenii,4400,4406,6
Mycobacterium_mantenii,4407,4413,6
Mycobacterium_mantenii,4417,4426,9
Mycobacterium_mantenii,4432,4445,13
Mycobacterium_mantenii,4452,4455,3
Mycobacterium_mantenii,4456,4462,6
Mycobacterium_mantenii,4468,4480,12
Mycobacterium_mantenii,4483,4486,3
Mycobacterium_mantenii,4555,4564,9
Mycobacterium_mantenii,4567,4573,6
Mycobacterium_mantenii,5163,5169,6
Mycobacterium_mantenii,5170,5179,9
Mycobacterium_mantenii,5181,5190,9
Mycobacterium_mantenii,5197,5199,2
Mycobacterium_mantenii,5201,5204,3
Mycobacterium_mantenii,5206,5214,8
Mycobacterium_mantenii,5218,5230,12
Mycobacterium_mantenii,5231,5241,10
Mycobacterium_mantenii,5247,5253,6
Mycobacterium_mantenii,5401,5402,1
Mycobacterium_mantenii,6015,6016,1
Mycobacterium_mantenii,6428,6464,36
Mycobacterium_mantenii,6470,6494,24
Mycobacterium_mantenii,7178,7254,76
Mycobacterium_mantenii,7260,7268,8
Mycobacterium_mantenii,7760,7763,3
Mycobacterium_mantenii,8452,8500,48
Mycobacterium_mantenii,8577,8578,1
Mycobacterium_mantenii,8584,8599,15
Mycobacterium_mantenii,8601,8603,2
Mycobacterium_mantenii,8609,8610,1
Mycobacterium_mantenii,8661,8662,1
Mycobacterium_mantenii,8703,8704,1
Mycobacterium_mantenii,8720,8721,1
Mycobacterium_mantenii,8733,8735,2
Mycobacterium_mantenii,8739,8742,3
Mycobacterium_mantenii,8930,8931,1
Mycobacterium_mantenii,8980,8982,2
Mycobacterium_mantenii,8986,8989,3
Mycobacterium_mantenii,8996,8998,2
Mycobacterium_mantenii,9120,9121,1
Mycobacterium_mantenii,9370,9372,2
Mycobacterium_mantenii,9546,9547,1
Mycobacterium_mantenii,9812,9813,1
Mycobacterium_mantenii,9983,9986,3
Mycobacterium_mantenii,10076,10078,2
Mycobacterium_mantenii,10157,10158,1
Mycobacterium_mantenii,10261,10262,1
Mycobacterium_mantenii,10310,10312,2
Mycobacterium_mantenii,10313,10315,2
Mycobacterium_mantenii,10325,10326,1
Mycobacterium_mantenii,10352,10353,1
Mycobacterium_mantenii,10370,10371,1
Mycobacterium_mantenii,10434,10435,1
Mycobacterium_mantenii,10448,10449,1
Mycobacterium_mantenii,10476,10477,1
Mycobacterium_mantenii,10491,10492,1
Mycobacterium_mantenii,10526,10527,1
Mycobacterium_mantenii,10546,10649,103
Mycobacterium_mantenii,10828,10830,2
Mycobacterium_mantenii,10832,10846,14
Mycobacterium_mantenii,10864,10865,1
Mycobacterium_mantenii,10914,10915,1
Mycobacterium_mantenii,10965,10977,12
Mycobacterium_mantenii,11085,11086,1
Mycobacterium_mantenii,11143,11144,1
Mycobacterium_mantenii,11243,11244,1
Mycobacterium_mantenii,11260,11261,1
Mycobacterium_mantenii,11262,11263,1
Mycobacterium_mantenii,11265,11267,2
Mycobacterium_mantenii,11286,11287,1
Mycobacterium_mantenii,11312,11313,1
Mycobacterium_mantenii,11473,11474,1
Mycobacterium_mantenii,11505,11511,6
Mycobacterium_mantenii,11513,11514,1
Mycobacterium_mantenii,11519,11521,2
Mycobacterium_mantenii,11523,11533,10
Mycobacterium_mantenii,11566,11567,1
Mycobacterium_mantenii,11590,11591,1
Mycobacterium_mantenii,11782,11783,1
Mycobacterium_mantenii,11823,11824,1
Mycobacterium_mantenii,11826,11827,1
Mycobacterium_mantenii,11831,11836,5
Mycobacterium_mantenii,11848,11850,2
Mycobacterium_mantenii,11851,11852,1
Mycobacterium_mantenii,11859,11860,1
Mycobacterium_mantenii,11864,11866,2
Mycobacterium_mantenii,11877,11878,1
Mycobacterium_mantenii,11993,11994,1
Mycobacterium_mantenii,12029,12030,1
Mycobacterium_mantenii,12068,12069,1
Mycobacterium_mantenii,12207,12208,1
Mycobacterium_mantenii,12211,12212,1
Mycobacterium_mantenii,12213,12214,1
Mycobacterium_mantenii,12218,12222,4
Mycobacterium_mantenii,12225,12227,2
Mycobacterium_mantenii,12237,12238,1
Mycobacterium_mantenii,12360,12369,9
Mycobacterium_mantenii,12371,12380,9
Mycobacterium_mantenii,12384,12390,6
Mycobacterium_mantenii,12391,12400,9
Mycobacterium_mantenii,12454,12455,1
Mycobacterium_mantenii,12738,12740,2
Mycobacterium_mantenii,12798,12925,127
Mycobacterium_mantenii,13451,13452,1
Mycobacterium_mantenii,13453,13454,1
Mycobacterium_mantenii,13508,13509,1
Mycolicibacterium_celeriflavum,1,10,9
Mycolicibacterium_celeriflavum,21,39,18
Mycolicibacterium_celeriflavum,43,46,3
Mycolicibacterium_celeriflavum,60,107,47
Mycolicibacterium_celeriflavum,117,132,15
Mycolicibacterium_celeriflavum,133,136,3
Mycolicibacterium_celeriflavum,346,349,3
Mycolicibacterium_celeriflavum,1542,1545,3
Mycolicibacterium_celeriflavum,1572,1604,32
Mycolicibacterium_celeriflavum,1632,1650,18
Mycolicibacterium_celeriflavum,1664,1676,12
Mycolicibacterium_celeriflavum,3317,3361,44
Mycolicibacterium_celeriflavum,3364,3365,1
Mycolicibacterium_celeriflavum,3373,3374,1
Mycolicibacterium_celeriflavum,3409,3478,69
Mycolicibacterium_celeriflavum,3485,3491,6
Mycolicibacterium_celeriflavum,3642,3645,3
Mycolicibacterium_celeriflavum,3650,3653,3
Mycolicibacterium_celeriflavum,3655,3667,12
Mycolicibacterium_celeriflavum,3782,3788,6
Mycolicibacterium_celeriflavum,4407,4413,6
Mycolicibacterium_celeriflavum,4417,4426,9
Mycolicibacterium_celeriflavum,4432,4445,13
Mycolicibacterium_celeriflavum,4452,4455,3
Mycolicibacterium_celeriflavum,4456,4462,6
Mycolicibacterium_celeriflavum,4463,4466,3
Mycolicibacterium_celeriflavum,4468,4474,6
Mycolicibacterium_celeriflavum,4475,4481,6
Mycolicibacterium_celeriflavum,4483,4486,3
Mycolicibacterium_celeriflavum,4540,4552,12
Mycolicibacterium_celeriflavum,4555,4564,9
Mycolicibacterium_celeriflavum,4567,4573,6
Mycolicibacterium_celeriflavum,4582,4585,3
Mycolicibacterium_celeriflavum,5163,5169,6
Mycolicibacterium_celeriflavum,5170,5179,9
Mycolicibacterium_celeriflavum,5181,5190,9
Mycolicibacterium_celeriflavum,5197,5199,2
Mycolicibacterium_celeriflavum,5201,5204,3
Mycolicibacterium_celeriflavum,5206,5214,8
Mycolicibacterium_celeriflavum,5218,5230,12
Mycolicibacterium_celeriflavum,5231,5241,10
Mycolicibacterium_celeriflavum,5247,5253,6
Mycolicibacterium_celeriflavum,5401,5402,1
Mycolicibacterium_celeriflavum,6015,6016,1
Mycolicibacterium_celeriflavum,6431,6467,36
Mycolicibacterium_celeriflavum,6470,6494,24
Mycolicibacterium_celeriflavum,7178,7254,76
Mycolicibacterium_celeriflavum,7260,7268,8
Mycolicibacterium_celeriflavum,7760,7763,3
Mycolicibacterium_celeriflavum,8452,8500,48
Mycolicibacterium_celeriflavum,8577,8578,1
Mycolicibacterium_celeriflavum,8584,8599,15
Mycolicibacterium_celeriflavum,8600,8604,4
Mycolicibacterium_celeriflavum,8609,8610,1
Mycolicibacterium_celeriflavum,8661,8662,1
Mycolicibacterium_celeriflavum,8733,8735,2
Mycolicibacterium_celeriflavum,8739,8742,3
Mycolicibacterium_celeriflavum,8930,8931,1
Mycolicibacterium_celeriflavum,8980,8982,2
Mycolicibacterium_celeriflavum,8984,8998,14
Mycolicibacterium_celeriflavum,9120,9121,1
Mycolicibacterium_celeriflavum,9370,9372,2
Mycolicibacterium_celeriflavum,9546,9547,1
Mycolicibacterium_celeriflavum,9812,9813,1
Mycolicibacterium_celeriflavum,9985,9986,1
Mycolicibacterium_celeriflavum,10076,10078,2
Mycolicibacterium_celeriflavum,10157,10158,1
Mycolicibacterium_celeriflavum,10261,10262,1
Mycolicibacterium_celeriflavum,10311,10312,1
Mycolicibacterium_celeriflavum,10313,10315,2
Mycolicibacterium_celeriflavum,10325,10326,1
Mycolicibacterium_celeriflavum,10370,10371,1
Mycolicibacterium_celeriflavum,10434,10435,1
Mycolicibacterium_celeriflavum,10448,10449,1
Mycolicibacterium_celeriflavum,10461,10462,1
Mycolicibacterium_celeriflavum,10476,10477,1
Mycolicibacterium_celeriflavum,10491,10492,1
Mycolicibacterium_celeriflavum,10526,10527,1
Mycolicibacterium_celeriflavum,10548,10649,101
Mycolicibacterium_celeriflavum,10828,10830,2
Mycolicibacterium_celeriflavum,10837,10843,6
Mycolicibacterium_celeriflavum,10864,10865,1
Mycolicibacterium_celeriflavum,10914,10915,1
Mycolicibacterium_celeriflavum,10965,10966,1
Mycolicibacterium_celeriflavum,10971,10975,4
Mycolicibacterium_celeriflavum,11085,11086,1
Mycolicibacterium_celeriflavum,11143,11144,1
Mycolicibacterium_celeriflavum,11243,11244,1
Mycolicibacterium_celeriflavum,11260,11261,1
Mycolicibacterium_celeriflavum,11265,11267,2
Mycolicibacterium_celeriflavum,11286,11287,1
Mycolicibacterium_celeriflavum,11312,11313,1
Mycolicibacterium_celeriflavum,11473,11474,1
Mycolicibacterium_celeriflavum,11505,11510,5
Mycolicibacterium_celeriflavum,11513,11514,1
Mycolicibacterium_celeriflavum,11520,11521,1
Mycolicibacterium_celeriflavum,11523,11537,14
Mycolicibacterium_celeriflavum,11566,11567,1
Mycolicibacterium_celeriflavum,11782,11783,1
Mycolicibacterium_celeriflavum,11823,11824,1
Mycolicibacterium_celeriflavum,11826,11827,1
Mycolicibacterium_celeriflavum,11831,11836,5
Mycolicibacterium_celeriflavum,11846,11850,4
Mycolicibacterium_celeriflavum,11851,11852,1
Mycolicibacterium_celeriflavum,11859,11860,1
Mycolicibacterium_celeriflavum,11864,11866,2
Mycolicibacterium_celeriflavum,11877,11878,1
Mycolicibacterium_celeriflavum,11993,11995,2
Mycolicibacterium_celeriflavum,12029,12030,1
Mycolicibacterium_celeriflavum,12068,12069,1
Mycolicibacterium_celeriflavum,12207,12208,1
Mycolicibacterium_celeriflavum,12211,12212,1
Mycolicibacterium_celeriflavum,12213,12214,1
Mycolicibacterium_celeriflavum,12218,12222,4
Mycolicibacterium_celeriflavum,12226,12227,1
Mycolicibacterium_celeriflavum,12237,12238,1
Mycolicibacterium_celeriflavum,12360,12369,9
Mycolicibacterium_celeriflavum,12371,12372,1
Mycolicibacterium_celeriflavum,12374,12375,1
Mycolicibacterium_celeriflavum,12378,12381,3
Mycolicibacterium_celeriflavum,12384,12390,6
Mycolicibacterium_celeriflavum,12391,12400,9
Mycolicibacterium_celeriflavum,12454,12455,1
Mycolicibacterium_celeriflavum,12739,12740,1
Mycolicibacterium_celeriflavum,12798,12925,127
Mycolicibacterium_celeriflavum,13120,13121,1
Mycolicibacterium_celeriflavum,13451,13452,1
Mycolicibacterium_celeriflavum,13453,13454,1
Mycolicibacterium_celeriflavum,13508,13509,1
Mycolicibacterium_arabiense,1,10,9
Mycolicibacterium_arabiense,21,39,18
Mycolicibacterium_arabiense,43,46,3
Mycolicibacterium_arabiense,51,107,56
Mycolicibacterium_arabiense,117,132,15
Mycolicibacterium_arabiense,133,136,3
Mycolicibacterium_arabiense,346,349,3
Mycolicibacterium_arabiense,1542,1691,149
Mycolicibacterium_arabiense,3317,3378,61
Mycolicibacterium_arabiense,3386,3389,3
Mycolicibacterium_arabiense,3409,3420,11
Mycolicibacterium_arabiense,3424,3491,67
Mycolicibacterium_arabiense,3642,3645,3
Mycolicibacterium_arabiense,3650,3653,3
Mycolicibacterium_arabiense,3655,3667,12
Mycolicibacterium_arabiense,3782,3788,6
Mycolicibacterium_arabiense,4400,4406,6
Mycolicibacterium_arabiense,4407,4413,6
Mycolicibacterium_arabiense,4417,4426,9
Mycolicibacterium_arabiense,4432,4445,13
Mycolicibacterium_arabiense,4452,4455,3
Mycolicibacterium_arabiense,4456,4462,6
Mycolicibacterium_arabiense,4468,4474,6
Mycolicibacterium_arabiense,4475,4481,6
Mycolicibacterium_arabiense,4483,4486,3
Mycolicibacterium_arabiense,4540,4552,12
Mycolicibacterium_arabiense,4567,4573,6
Mycolicibacterium_arabiense,5163,5169,6
Mycolicibacterium_arabiense,5170,5179,9
Mycolicibacterium_arabiense,5181,5190,9
Mycolicibacterium_arabiense,5197,5199,2
Mycolicibacterium_arabiense,5201,5204,3
Mycolicibacterium_arabiense,5206,5214,8
Mycolicibacterium_arabiense,5218,5230,12
Mycolicibacterium_arabiense,5231,5241,10
Mycolicibacterium_arabiense,5247,5253,6
Mycolicibacterium_arabiense,5401,5402,1
Mycolicibacterium_arabiense,6015,6016,1
Mycolicibacterium_arabiense,6431,6452,21
Mycolicibacterium_arabiense,6456,6462,6
Mycolicibacterium_arabiense,6470,6494,24
Mycolicibacterium_arabiense,7178,7254,76
Mycolicibacterium_arabiense,7260,7268,8
Mycolicibacterium_arabiense,7760,7763,3
Mycolicibacterium_arabiense,8452,8500,48
Mycolicibacterium_arabiense,8577,8578,1
Mycolicibacterium_arabiense,8584,8599,15
Mycolicibacterium_arabiense,8600,8604,4
Mycolicibacterium_arabiense,8609,8610,1
Mycolicibacterium_arabiense,8661,8662,1
Mycolicibacterium_arabiense,8733,8735,2
Mycolicibacterium_arabiense,8739,8742,3
Mycolicibacterium_arabiense,8930,8931,1
Mycolicibacterium_arabiense,8980,8982,2
Mycolicibacterium_arabiense,8984,8998,14
Mycolicibacterium_arabiense,9120,9121,1
Mycolicibacterium_arabiense,9370,9372,2
Mycolicibacterium_arabiense,9546,9547,1
Mycolicibacterium_arabiense,9812,9813,1
Mycolicibacterium_arabiense,9985,9986,1
Mycolicibacterium_arabiense,10076,10078,2
Mycolicibacterium_arabiense,10157,10158,1
Mycolicibacterium_arabiense,10261,10262,1
Mycolicibacterium_arabiense,10310,10312,2
Mycolicibacterium_arabiense,10313,10315,2
Mycolicibacterium_arabiense,10325,10326,1
Mycolicibacterium_arabiense,10370,10371,1
Mycolicibacterium_arabiense,10416,10417,1
Mycolicibacterium_arabiense,10434,10435,1
Mycolicibacterium_arabiense,10448,10449,1
Mycolicibacterium_arabiense,10491,10492,1
Mycolicibacterium_arabiense,10526,10527,1
Mycolicibacterium_arabiense,10547,10649,102
Mycolicibacterium_arabiense,10828,10830,2
Mycolicibacterium_arabiense,10835,10843,8
Mycolicibacterium_arabiense,10864,10865,1
Mycolicibacterium_arabiense,10914,10915,1
Mycolicibacterium_arabiense,10965,10966,1
Mycolicibacterium_arabiense,10971,10975,4
Mycolicibacterium_arabiense,11085,11086,1
Mycolicibacterium_arabiense,11143,11144,1
Mycolicibacterium_arabiense,11243,11244,1
Mycolicibacterium_arabiense,11260,11261,1
Mycolicibacterium_arabiense,11266,11267,1
Mycolicibacterium_arabiense,11286,11287,1
Mycolicibacterium_arabiense,11312,11313,1
Mycolicibacterium_arabiense,11473,11474,1
Mycolicibacterium_arabiense,11505,11512,7
Mycolicibacterium_arabiense,11513,11514,1
Mycolicibacterium_arabiense,11520,11521,1
Mycolicibacterium_arabiense,11527,11535,8
Mycolicibacterium_arabiense,11782,11783,1
Mycolicibacterium_arabiense,11823,11824,1
Mycolicibacterium_arabiense,11826,11827,1
Mycolicibacterium_arabiense,11831,11836,5
Mycolicibacterium_arabiense,11846,11850,4
Mycolicibacterium_arabiense,11851,11852,1
Mycolicibacterium_arabiense,11859,11860,1
Mycolicibacterium_arabiense,11877,11878,1
Mycolicibacterium_arabiense,11993,11994,1
Mycolicibacterium_arabiense,12029,12030,1
Mycolicibacterium_arabiense,12068,12069,1
Mycolicibacterium_arabiense,12207,12208,1
Mycolicibacterium_arabiense,12211,12212,1
Mycolicibacterium_arabiense,12213,12214,1
Mycolicibacterium_arabiense,12218,12222,4
Mycolicibacterium_arabiense,12226,12227,1
Mycolicibacterium_arabiense,12237,12238,1
Mycolicibacterium_arabiense,12361,12368,7
Mycolicibacterium_arabiense,12371,12372,1
Mycolicibacterium_arabiense,12374,12375,1
Mycolicibacterium_arabiense,12378,12381,3
Mycolicibacterium_arabiense,12384,12390,6
Mycolicibacterium_arabiense,12391,12400,9
Mycolicibacterium_arabiense,12454,12455,1
Mycolicibacterium_arabiense,12739,12740,1
Mycolicibacterium_arabiense,12798,12925,127
Mycolicibacterium_arabiense,13451,13452,1
Mycolicibacterium_arabiense,13453,13454,1
Mycolicibacterium_arabiense,13508,13509,1
Mycolicibacillus_koreensis,1,10,9
Mycolicibacillus_koreensis,21,39,18
Mycolicibacillus_koreensis,43,46,3
Mycolicibacillus_koreensis,64,102,38
Mycolicibacillus_koreensis,117,132,15
Mycolicibacillus_koreensis,133,136,3
Mycolicibacillus_koreensis,346,349,3
Mycolicibacillus_koreensis,1542,1691,149
Mycolicibacillus_koreensis,3317,3361,44
Mycolicibacillus_koreensis,3364,3365,1
Mycolicibacillus_koreensis,3373,3374,1
Mycolicibacillus_koreensis,3414,3477,63
Mycolicibacillus_koreensis,3485,3491,6
Mycolicibacillus_koreensis,3642,3645,3
Mycolicibacillus_koreensis,3650,3653,3
Mycolicibacillus_koreensis,3655,3667,12
Mycolicibacillus_koreensis,3782,3788,6
Mycolicibacillus_koreensis,4400,4406,6
Mycolicibacillus_koreensis,4407,4413,6
Mycolicibacillus_koreensis,4417,4426,9
Mycolicibacillus_koreensis,4434,4444,10
Mycolicibacillus_koreensis,4452,4455,3
Mycolicibacillus_koreensis,4456,4462,6
Mycolicibacillus_koreensis,4468,4480,12
Mycolicibacillus_koreensis,4483,4486,3
Mycolicibacillus_koreensis,4540,4552,12
Mycolicibacillus_koreensis,4555,4564,9
Mycolicibacillus_koreensis,4567,4573,6
Mycolicibacillus_koreensis,4581,4584,3
Mycolicibacillus_koreensis,5163,5169,6
Mycolicibacillus_koreensis,5170,5179,9
Mycolicibacillus_koreensis,5181,5190,9
Mycolicibacillus_koreensis,5197,5199,2
Mycolicibacillus_koreensis,5201,5204,3
Mycolicibacillus_koreensis,5206,5214,8
Mycolicibacillus_koreensis,5218,5230,12
Mycolicibacillus_koreensis,5231,5241,10
Mycolicibacillus_koreensis,5247,5253,6
Mycolicibacillus_koreensis,5401,5402,1
Mycolicibacillus_koreensis,6015,6016,1
Mycolicibacillus_koreensis,6431,6452,21
Mycolicibacillus_koreensis,6456,6462,6
Mycolicibacillus_koreensis,6470,6494,24
Mycolicibacillus_koreensis,7178,7254,76
Mycolicibacillus_koreensis,7260,7268,8
Mycolicibacillus_koreensis,7760,7763,3
Mycolicibacillus_koreensis,8452,8500,48
Mycolicibacillus_koreensis,8577,8578,1
Mycolicibacillus_koreensis,8584,8599,15
Mycolicibacillus_koreensis,8601,8603,2
Mycolicibacillus_koreensis,8609,8610,1
Mycolicibacillus_koreensis,8661,8662,1
Mycolicibacillus_koreensis,8703,8704,1
Mycolicibacillus_koreensis,8720,8721,1
Mycolicibacillus_koreensis,8733,8735,2
Mycolicibacillus_koreensis,8739,8742,3
Mycolicibacillus_koreensis,8930,8931,1
Mycolicibacillus_koreensis,8980,8982,2
Mycolicibacillus_koreensis,8984,8998,14
Mycolicibacillus_koreensis,9120,9121,1
Mycolicibacillus_koreensis,9370,9372,2
Mycolicibacillus_koreensis,9546,9547,1
Mycolicibacillus_koreensis,9812,9813,1
Mycolicibacillus_koreensis,9983,9986,3
Mycolicibacillus_koreensis,10076,10078,2
Mycolicibacillus_koreensis,10157,10158,1
Mycolicibacillus_koreensis,10261,10262,1
Mycolicibacillus_koreensis,10311,10312,1
Mycolicibacillus_koreensis,10313,10315,2
Mycolicibacillus_koreensis,10325,10326,1
Mycolicibacillus_koreensis,10370,10371,1
Mycolicibacillus_koreensis,10416,10417,1
Mycolicibacillus_koreensis,10434,10435,1
Mycolicibacillus_koreensis,10448,10449,1
Mycolicibacillus_koreensis,10476,10477,1
Mycolicibacillus_koreensis,10491,10492,1
Mycolicibacillus_koreensis,10526,10527,1
Mycolicibacillus_koreensis,10546,10649,103
Mycolicibacillus_koreensis,10772,10776,4
Mycolicibacillus_koreensis,10828,10830,2
Mycolicibacillus_koreensis,10835,10842,7
Mycolicibacillus_koreensis,10864,10865,1
Mycolicibacillus_koreensis,10914,10915,1
Mycolicibacillus_koreensis,10971,10975,4
Mycolicibacillus_koreensis,11085,11086,1
Mycolicibacillus_koreensis,11143,11144,1
Mycolicibacillus_koreensis,11243,11244,1
Mycolicibacillus_koreensis,11265,11267,2
Mycolicibacillus_koreensis,11286,11287,1
Mycolicibacillus_koreensis,11312,11314,2
Mycolicibacillus_koreensis,11473,11474,1
Mycolicibacillus_koreensis,11505,11512,7
Mycolicibacillus_koreensis,11513,11533,20
Mycolicibacillus_koreensis,11566,11567,1
Mycolicibacillus_koreensis,11782,11783,1
Mycolicibacillus_koreensis,11826,11832,6
Mycolicibacillus_koreensis,11847,11852,5
Mycolicibacillus_koreensis,11859,11860,1
Mycolicibacillus_koreensis,11864,11865,1
Mycolicibacillus_koreensis,11877,11878,1
Mycolicibacillus_koreensis,11993,11994,1
Mycolicibacillus_koreensis,12029,12030,1
Mycolicibacillus_koreensis,12207,12208,1
Mycolicibacillus_koreensis,12211,12212,1
Mycolicibacillus_koreensis,12213,12214,1
Mycolicibacillus_koreensis,12218,12222,4
Mycolicibacillus_koreensis,12226,12227,1
Mycolicibacillus_koreensis,12237,12238,1
Mycolicibacillus_koreensis,12360,12380,20
Mycolicibacillus_koreensis,12385,12390,5
Mycolicibacillus_koreensis,12391,12393,2
Mycolicibacillus_koreensis,12454,12455,1
Mycolicibacillus_koreensis,12739,12740,1
Mycolicibacillus_koreensis,12798,12925,127
Mycolicibacillus_koreensis,13451,13452,1
Mycolicibacillus_koreensis,13453,13454,1
Mycolicibacillus_koreensis,13468,13469,1
Mycolicibacillus_koreensis,13508,13509,1
Mycolicibacterium_anyangense,1,10,9
Mycolicibacterium_anyangense,21,39,18
Mycolicibacterium_anyangense,43,46,3
Mycolicibacterium_anyangense,50,109,59
Mycolicibacterium_anyangense,117,132,15
Mycolicibacterium_anyangense,133,136,3
Mycolicibacterium_anyangense,346,349,3
Mycolicibacterium_anyangense,1542,1691,149
Mycolicibacterium_anyangense,3317,3361,44
Mycolicibacterium_anyangense,3364,3365,1
Mycolicibacterium_anyangense,3373,3374,1
Mycolicibacterium_anyangense,3408,3480,72
Mycolicibacterium_anyangense,3485,3491,6
Mycolicibacterium_anyangense,3642,3645,3
Mycolicibacterium_anyangense,3650,3653,3
Mycolicibacterium_anyangense,3655,3667,12
Mycolicibacterium_anyangense,3782,3788,6
Mycolicibacterium_anyangense,4400,4406,6
Mycolicibacterium_anyangense,4407,4413,6
Mycolicibacterium_anyangense,4417,4426,9
Mycolicibacterium_anyangense,4432,4445,13
Mycolicibacterium_anyangense,4452,4455,3
Mycolicibacterium_anyangense,4456,4462,6
Mycolicibacterium_anyangense,4468,4474,6
Mycolicibacterium_anyangense,4475,4481,6
Mycolicibacterium_anyangense,4483,4486,3
Mycolicibacterium_anyangense,4540,4552,12
Mycolicibacterium_anyangense,4555,4564,9
Mycolicibacterium_anyangense,4567,4573,6
Mycolicibacterium_anyangense,4582,4585,3
Mycolicibacterium_anyangense,5163,5169,6
Mycolicibacterium_anyangense,5170,5179,9
Mycolicibacterium_anyangense,5181,5190,9
Mycolicibacterium_anyangense,5197,5199,2
Mycolicibacterium_anyangense,5201,5204,3
Mycolicibacterium_anyangense,5206,5214,8
Mycolicibacterium_anyangense,5218,5230,12
Mycolicibacterium_anyangense,5231,5241,10
Mycolicibacterium_anyangense,5247,5253,6
Mycolicibacterium_anyangense,5401,5402,1
Mycolicibacterium_anyangense,6015,6016,1
Mycolicibacterium_anyangense,6431,6467,36
Mycolicibacterium_anyangense,6470,6494,24
Mycolicibacterium_anyangense,7178,7254,76
Mycolicibacterium_anyangense,7260,7268,8
Mycolicibacterium_anyangense,7760,7763,3
Mycolicibacterium_anyangense,8452,8500,48
Mycolicibacterium_anyangense,8577,8578,1
Mycolicibacterium_anyangense,8584,8599,15
Mycolicibacterium_anyangense,8600,8604,4
Mycolicibacterium_anyangense,8609,8610,1
Mycolicibacterium_anyangense,8661,8662,1
Mycolicibacterium_anyangense,8733,8735,2
Mycolicibacterium_anyangense,8739,8742,3
Mycolicibacterium_anyangense,8930,8931,1
Mycolicibacterium_anyangense,8980,8982,2
Mycolicibacterium_anyangense,8984,8998,14
Mycolicibacterium_anyangense,9120,9121,1
Mycolicibacterium_anyangense,9370,9372,2
Mycolicibacterium_anyangense,9546,9547,1
Mycolicibacterium_anyangense,9812,9813,1
Mycolicibacterium_anyangense,9977,9978,1
Mycolicibacterium_anyangense,9985,9986,1
Mycolicibacterium_anyangense,10076,10078,2
Mycolicibacterium_anyangense,10157,10158,1
Mycolicibacterium_anyangense,10261,10262,1
Mycolicibacterium_anyangense,10310,10312,2
Mycolicibacterium_anyangense,10313,10315,2
Mycolicibacterium_anyangense,10325,10326,1
Mycolicibacterium_anyangense,10370,10371,1
Mycolicibacterium_anyangense,10416,10417,1
Mycolicibacterium_anyangense,10434,10435,1
Mycolicibacterium_anyangense,10448,10449,1
Mycolicibacterium_anyangense,10461,10462,1
Mycolicibacterium_anyangense,10476,10477,1
Mycolicibacterium_anyangense,10491,10492,1
Mycolicibacterium_anyangense,10526,10527,1
Mycolicibacterium_anyangense,10546,10649,103
Mycolicibacterium_anyangense,10828,10832,4
Mycolicibacterium_anyangense,10835,10836,1
Mycolicibacterium_anyangense,10837,10843,6
Mycolicibacterium_anyangense,10864,10865,1
Mycolicibacterium_anyangense,10914,10915,1
Mycolicibacterium_anyangense,10965,10966,1
Mycolicibacterium_anyangense,10971,10975,4
Mycolicibacterium_anyangense,11085,11086,1
Mycolicibacterium_anyangense,11143,11144,1
Mycolicibacterium_anyangense,11243,11244,1
Mycolicibacterium_anyangense,11260,11261,1
Mycolicibacterium_anyangense,11286,11287,1
Mycolicibacterium_anyangense,11312,11313,1
Mycolicibacterium_anyangense,11473,11474,1
Mycolicibacterium_anyangense,11505,11512,7
Mycolicibacterium_anyangense,11513,11514,1
Mycolicibacterium_anyangense,11520,11537,17
Mycolicibacterium_anyangense,11566,11567,1
Mycolicibacterium_anyangense,11823,11824,1
Mycolicibacterium_anyangense,11826,11827,1
Mycolicibacterium_anyangense,11831,11836,5
Mycolicibacterium_anyangense,11846,11850,4
Mycolicibacterium_anyangense,11851,11852,1
Mycolicibacterium_anyangense,11859,11860,1
Mycolicibacterium_anyangense,11864,11866,2
Mycolicibacterium_anyangense,11877,11878,1
Mycolicibacterium_anyangense,11993,11994,1
Mycolicibacterium_anyangense,12029,12030,1
Mycolicibacterium_anyangense,12068,12069,1
Mycolicibacterium_anyangense,12196,12197,1
Mycolicibacterium_anyangense,12207,12208,1
Mycolicibacterium_anyangense,12211,12212,1
Mycolicibacterium_anyangense,12213,12214,1
Mycolicibacterium_anyangense,12218,12222,4
Mycolicibacterium_anyangense,12226,12227,1
Mycolicibacterium_anyangense,12237,12238,1
Mycolicibacterium_anyangense,12360,12369,9
Mycolicibacterium_anyangense,12371,12372,1
Mycolicibacterium_anyangense,12374,12375,1
Mycolicibacterium_anyangense,12376,12383,7
Mycolicibacterium_anyangense,12384,12390,6
Mycolicibacterium_anyangense,12391,12400,9
Mycolicibacterium_anyangense,12454,12455,1
Mycolicibacterium_anyangense,12594,12595,1
Mycolicibacterium_anyangense,12739,12740,1
Mycolicibacterium_anyangense,12798,12925,127
Mycolicibacterium_anyangense,13120,13121,1
Mycolicibacterium_anyangense,13451,13452,1
Mycolicibacterium_anyangense,13453,13454,1
Mycolicibacterium_anyangense,13508,13509,1
Mycolicibacterium_sarraceniae,1,10,9
Mycolicibacterium_sarraceniae,21,39,18
Mycolicibacterium_sarraceniae,43,46,3
Mycolicibacterium_sarraceniae,48,110,62
Mycolicibacterium_sarraceniae,117,132,15
Mycolicibacterium_sarraceniae,133,136,3
Mycolicibacterium_sarraceniae,346,349,3
Mycolicibacterium_sarraceniae,1542,1691,149
Mycolicibacterium_sarraceniae,3317,3361,44
Mycolicibacterium_sarraceniae,3364,3365,1
Mycolicibacterium_sarraceniae,3373,3374,1
Mycolicibacterium_sarraceniae,3408,3480,72
Mycolicibacterium_sarraceniae,3485,3491,6
Mycolicibacterium_sarraceniae,3642,3645,3
Mycolicibacterium_sarraceniae,3650,3653,3
Mycolicibacterium_sarraceniae,3655,3667,12
Mycolicibacterium_sarraceniae,3782,3788,6
Mycolicibacterium_sarraceniae,4400,4406,6
Mycolicibacterium_sarraceniae,4407,4413,6
Mycolicibacterium_sarraceniae,4417,4426,9
Mycolicibacterium_sarraceniae,4432,4445,13
Mycolicibacterium_sarraceniae,4452,4455,3
Mycolicibacterium_sarraceniae,4456,4462,6
Mycolicibacterium_sarraceniae,4468,4474,6
Mycolicibacterium_sarraceniae,4475,4481,6
Mycolicibacterium_sarraceniae,4483,4486,3
Mycolicibacterium_sarraceniae,4540,4552,12
Mycolicibacterium_sarraceniae,4555,4564,9
Mycolicibacterium_sarraceniae,4567,4573,6
Mycolicibacterium_sarraceniae,4582,4585,3
Mycolicibacterium_sarraceniae,5163,5169,6
Mycolicibacterium_sarraceniae,5170,5179,9
Mycolicibacterium_sarraceniae,5181,5190,9
Mycolicibacterium_sarraceniae,5197,5199,2
Mycolicibacterium_sarraceniae,5201,5204,3
Mycolicibacterium_sarraceniae,5206,5214,8
Mycolicibacterium_sarraceniae,5218,5230,12
Mycolicibacterium_sarraceniae,5231,5241,10
Mycolicibacterium_sarraceniae,5247,5253,6
Mycolicibacterium_sarraceniae,5401,5402,1
Mycolicibacterium_sarraceniae,6015,6016,1
Mycolicibacterium_sarraceniae,6431,6467,36
Mycolicibacterium_sarraceniae,6470,6494,24
Mycolicibacterium_sarraceniae,7178,7254,76
Mycolicibacterium_sarraceniae,7260,7268,8
Mycolicibacterium_sarraceniae,7760,7763,3
Mycolicibacterium_sarraceniae,8452,8500,48
Mycolicibacterium_sarraceniae,8577,8578,1
Mycolicibacterium_sarraceniae,8584,8599,15
Mycolicibacterium_sarraceniae,8600,8604,4
Mycolicibacterium_sarraceniae,8609,8610,1
Mycolicibacterium_sarraceniae,8661,8662,1
Mycolicibacterium_sarraceniae,8703,8704,1
Mycolicibacterium_sarraceniae,8720,8721,1
Mycolicibacterium_sarraceniae,8733,8735,2
Mycolicibacterium_sarraceniae,8739,8742,3
Mycolicibacterium_sarraceniae,8930,8931,1
Mycolicibacterium_sarraceniae,8980,8982,2
Mycolicibacterium_sarraceniae,8984,8998,14
Mycolicibacterium_sarraceniae,9120,9121,1
Mycolicibacterium_sarraceniae,9362,9363,1
Mycolicibacterium_sarraceniae,9370,9372,2
Mycolicibacterium_sarraceniae,9546,9547,1
Mycolicibacterium_sarraceniae,9812,9813,1
Mycolicibacterium_sarraceniae,9985,9986,1
Mycolicibacterium_sarraceniae,10076,10078,2
Mycolicibacterium_sarraceniae,10157,10158,1
Mycolicibacterium_sarraceniae,10261,10262,1
Mycolicibacterium_sarraceniae,10310,10312,2
Mycolicibacterium_sarraceniae,10325,10326,1
Mycolicibacterium_sarraceniae,10370,10371,1
Mycolicibacterium_sarraceniae,10416,10417,1
Mycolicibacterium_sarraceniae,10434,10435,1
Mycolicibacterium_sarraceniae,10448,10449,1
Mycolicibacterium_sarraceniae,10461,10462,1
Mycolicibacterium_sarraceniae,10476,10477,1
Mycolicibacterium_sarraceniae,10491,10492,1
Mycolicibacterium_sarraceniae,10526,10527,1
Mycolicibacterium_sarraceniae,10545,10649,104
Mycolicibacterium_sarraceniae,10828,10832,4
Mycolicibacterium_sarraceniae,10835,10836,1
Mycolicibacterium_sarraceniae,10837,10843,6
Mycolicibacterium_sarraceniae,10914,10915,1
Mycolicibacterium_sarraceniae,10965,10966,1
Mycolicibacterium_sarraceniae,10971,10975,4
Mycolicibacterium_sarraceniae,11085,11086,1
Mycolicibacterium_sarraceniae,11143,11144,1
Mycolicibacterium_sarraceniae,11243,11244,1
Mycolicibacterium_sarraceniae,11260,11261,1
Mycolicibacterium_sarraceniae,11265,11267,2
Mycolicibacterium_sarraceniae,11286,11287,1
Mycolicibacterium_sarraceniae,11312,11313,1
Mycolicibacterium_sarraceniae,11473,11474,1
Mycolicibacterium_sarraceniae,11505,11512,7
Mycolicibacterium_sarraceniae,11513,11514,1
Mycolicibacterium_sarraceniae,11520,11521,1
Mycolicibacterium_sarraceniae,11523,11537,14
Mycolicibacterium_sarraceniae,11782,11783,1
Mycolicibacterium_sarraceniae,11823,11824,1
Mycolicibacterium_sarraceniae,11826,11827,1
Mycolicibacterium_sarraceniae,11831,11836,5
Mycolicibacterium_sarraceniae,11846,11850,4
Mycolicibacterium_sarraceniae,11851,11852,1
Mycolicibacterium_sarraceniae,11859,11860,1
Mycolicibacterium_sarraceniae,11864,11866,2
Mycolicibacterium_sarraceniae,11877,11878,1
Mycolicibacterium_sarraceniae,11993,11994,1
Mycolicibacterium_sarraceniae,12029,12030,1
Mycolicibacterium_sarraceniae,12068,12069,1
Mycolicibacterium_sarraceniae,12194,12197,3
Mycolicibacterium_sarraceniae,12207,12208,1
Mycolicibacterium_sarraceniae,12211,12212,1
Mycolicibacterium_sarraceniae,12213,12214,1
Mycolicibacterium_sarraceniae,12218,12222,4
Mycolicibacterium_sarraceniae,12226,12227,1
Mycolicibacterium_sarraceniae,12237,12240,3
Mycolicibacterium_sarraceniae,12275,12276,1
Mycolicibacterium_sarraceniae,12360,12369,9
Mycolicibacterium_sarraceniae,12371,12372,1
Mycolicibacterium_sarraceniae,12374,12375,1
Mycolicibacterium_sarraceniae,12378,12383,5
Mycolicibacterium_sarraceniae,12384,12390,6
Mycolicibacterium_sarraceniae,12391,12400,9
Mycolicibacterium_sarraceniae,12454,12455,1
Mycolicibacterium_sarraceniae,12739,12740,1
Mycolicibacterium_sarraceniae,12798,12925,127
Mycolicibacterium_sarraceniae,13451,13452,1
Mycolicibacterium_sarraceniae,13453,13454,1
Mycolicibacterium_sarraceniae,13508,13509,1
Mycolicibacterium_helvum,1,10,9
Mycolicibacterium_helvum,21,39,18
Mycolicibacterium_helvum,43,46,3
Mycolicibacterium_helvum,48,110,62
Mycolicibacterium_helvum,117,132,15
Mycolicibacterium_helvum,133,136,3
Mycolicibacterium_helvum,346,349,3
Mycolicibacterium_helvum,1542,1691,149
Mycolicibacterium_helvum,3317,3361,44
Mycolicibacterium_helvum,3364,3365,1
Mycolicibacterium_helvum,3373,3374,1
Mycolicibacterium_helvum,3408,3480,72
Mycolicibacterium_helvum,3485,3491,6
Mycolicibacterium_helvum,3642,3645,3
Mycolicibacterium_helvum,3650,3653,3
Mycolicibacterium_helvum,3655,3667,12
Mycolicibacterium_helvum,3782,3788,6
Mycolicibacterium_helvum,4400,4406,6
Mycolicibacterium_helvum,4407,4413,6
Mycolicibacterium_helvum,4417,4426,9
Mycolicibacterium_helvum,4432,4445,13
Mycolicibacterium_helvum,4452,4455,3
Mycolicibacterium_helvum,4456,4462,6
Mycolicibacterium_helvum,4468,4474,6
Mycolicibacterium_helvum,4475,4481,6
Mycolicibacterium_helvum,4483,4486,3
Mycolicibacterium_helvum,4540,4552,12
Mycolicibacterium_helvum,4555,4564,9
Mycolicibacterium_helvum,4567,4573,6
Mycolicibacterium_helvum,4582,4585,3
Mycolicibacterium_helvum,5163,5169,6
Mycolicibacterium_helvum,5170,5179,9
Mycolicibacterium_helvum,5181,5190,9
Mycolicibacterium_helvum,5197,5199,2
Mycolicibacterium_helvum,5201,5204,3
Mycolicibacterium_helvum,5206,5214,8
Mycolicibacterium_helvum,5218,5230,12
Mycolicibacterium_helvum,5231,5241,10
Mycolicibacterium_helvum,5247,5253,6
Mycolicibacterium_helvum,5401,5402,1
Mycolicibacterium_helvum,6015,6016,1
Mycolicibacterium_helvum,6431,6452,21
Mycolicibacterium_helvum,6456,6462,6
Mycolicibacterium_helvum,6470,6494,24
Mycolicibacterium_helvum,7178,7254,76
Mycolicibacterium_helvum,7260,7268,8
Mycolicibacterium_helvum,7760,7763,3
Mycolicibacterium_helvum,8452,8500,48
Mycolicibacterium_helvum,8577,8578,1
Mycolicibacterium_helvum,8584,8599,15
Mycolicibacterium_helvum,8600,8604,4
Mycolicibacterium_helvum,8609,8610,1
Mycolicibacterium_helvum,8661,8662,1
Mycolicibacterium_helvum,8703,8704,1
Mycolicibacterium_helvum,8720,8721,1
Mycolicibacterium_helvum,8733,8735,2
Mycolicibacterium_helvum,8739,8742,3
Mycolicibacterium_helvum,8930,8931,1
Mycolicibacterium_helvum,8980,8982,2
Mycolicibacterium_helvum,8984,8998,14
Mycolicibacterium_helvum,9120,9121,1
Mycolicibacterium_helvum,9370,9372,2
Mycolicibacterium_helvum,9546,9547,1
Mycolicibacterium_helvum,9812,9813,1
Mycolicibacterium_helvum,9985,9986,1
Mycolicibacterium_helvum,10076,10078,2
Mycolicibacterium_helvum,10157,10158,1
Mycolicibacterium_helvum,10254,10256,2
Mycolicibacterium_helvum,10261,10262,1
Mycolicibacterium_helvum,10310,10312,2
Mycolicibacterium_helvum,10325,10326,1
Mycolicibacterium_helvum,10370,10371,1
Mycolicibacterium_helvum,10416,10417,1
Mycolicibacterium_helvum,10434,10435,1
Mycolicibacterium_helvum,10448,10449,1
Mycolicibacterium_helvum,10461,10462,1
Mycolicibacterium_helvum,10476,10477,1
Mycolicibacterium_helvum,10491,10492,1
Mycolicibacterium_helvum,10526,10527,1
Mycolicibacterium_helvum,10545,10649,104
Mycolicibacterium_helvum,10828,10832,4
Mycolicibacterium_helvum,10835,10836,1
Mycolicibacterium_helvum,10837,10843,6
Mycolicibacterium_helvum,10845,10846,1
Mycolicibacterium_helvum,10864,10865,1
Mycolicibacterium_helvum,10914,10915,1
Mycolicibacterium_helvum,10965,10966,1
Mycolicibacterium_helvum,10971,10975,4
Mycolicibacterium_helvum,11085,11086,1
Mycolicibacterium_helvum,11143,11144,1
Mycolicibacterium_helvum,11243,11244,1
Mycolicibacterium_helvum,11260,11261,1
Mycolicibacterium_helvum,11265,11267,2
Mycolicibacterium_helvum,11286,11287,1
Mycolicibacterium_helvum,11312,11313,1
Mycolicibacterium_helvum,11473,11474,1
Mycolicibacterium_helvum,11505,11512,7
Mycolicibacterium_helvum,11513,11514,1
Mycolicibacterium_helvum,11520,11521,1
Mycolicibacterium_helvum,11523,11537,14
Mycolicibacterium_helvum,11782,11783,1
Mycolicibacterium_helvum,11823,11824,1
Mycolicibacterium_helvum,11826,11827,1
Mycolicibacterium_helvum,11831,11836,5
Mycolicibacterium_helvum,11846,11850,4
Mycolicibacterium_helvum,11851,11852,1
Mycolicibacterium_helvum,11859,11860,1
Mycolicibacterium_helvum,11864,11866,2
Mycolicibacterium_helvum,11877,11878,1
Mycolicibacterium_helvum,11993,11994,1
Mycolicibacterium_helvum,12029,12030,1
Mycolicibacterium_helvum,12068,12069,1
Mycolicibacterium_helvum,12196,12197,1
Mycolicibacterium_helvum,12207,12208,1
Mycolicibacterium_helvum,12211,12212,1
Mycolicibacterium_helvum,12213,12214,1
Mycolicibacterium_helvum,12218,12222,4
Mycolicibacterium_helvum,12226,12227,1
Mycolicibacterium_helvum,12237,12238,1
Mycolicibacterium_helvum,12360,12369,9
Mycolicibacterium_helvum,12371,12372,1
Mycolicibacterium_helvum,12374,12375,1
Mycolicibacterium_helvum,12378,12383,5
Mycolicibacterium_helvum,12384,12390,6
Mycolicibacterium_helvum,12391,12400,9
Mycolicibacterium_helvum,12454,12455,1
Mycolicibacterium_helvum,12594,12596,2
Mycolicibacterium_helvum,12739,12740,1
Mycolicibacterium_helvum,12798,12925,127
Mycolicibacterium_helvum,13451,13452,1
Mycolicibacterium_helvum,13453,13454,1
Mycolicibacterium_helvum,13508,13509,1
Mycobacterium_vicinigordonae,1,10,9
Mycobacterium_vicinigordonae,21,39,18
Mycobacterium_vicinigordonae,43,46,3
Mycobacterium_vicinigordonae,65,71,6
Mycobacterium_vicinigordonae,87,107,20
Mycobacterium_vicinigordonae,117,132,15
Mycobacterium_vicinigordonae,133,136,3
Mycobacterium_vicinigordonae,346,349,3
Mycobacterium_vicinigordonae,1542,1691,149
Mycobacterium_vicinigordonae,3317,3361,44
Mycobacterium_vicinigordonae,3364,3365,1
Mycobacterium_vicinigordonae,3373,3374,1
Mycobacterium_vicinigordonae,3414,3420,6
Mycobacterium_vicinigordonae,3424,3460,36
Mycobacterium_vicinigordonae,3461,3479,18
Mycobacterium_vicinigordonae,3485,3491,6
Mycobacterium_vicinigordonae,3642,3645,3
Mycobacterium_vicinigordonae,3650,3653,3
Mycobacterium_vicinigordonae,3655,3667,12
Mycobacterium_vicinigordonae,3782,3788,6
Mycobacterium_vicinigordonae,4400,4406,6
Mycobacterium_vicinigordonae,4407,4413,6
Mycobacterium_vicinigordonae,4417,4426,9
Mycobacterium_vicinigordonae,4432,4445,13
Mycobacterium_vicinigordonae,4452,4455,3
Mycobacterium_vicinigordonae,4456,4462,6
Mycobacterium_vicinigordonae,4468,4480,12
Mycobacterium_vicinigordonae,4483,4486,3
Mycobacterium_vicinigordonae,4540,4552,12
Mycobacterium_vicinigordonae,4555,4564,9
Mycobacterium_vicinigordonae,4567,4573,6
Mycobacterium_vicinigordonae,4581,4584,3
Mycobacterium_vicinigordonae,5163,5169,6
Mycobacterium_vicinigordonae,5170,5179,9
Mycobacterium_vicinigordonae,5181,5190,9
Mycobacterium_vicinigordonae,5197,5199,2
Mycobacterium_vicinigordonae,5201,5204,3
Mycobacterium_vicinigordonae,5206,5214,8
Mycobacterium_vicinigordonae,5218,5230,12
Mycobacterium_vicinigordonae,5231,5241,10
Mycobacterium_vicinigordonae,5247,5253,6
Mycobacterium_vicinigordonae,5401,5402,1
Mycobacterium_vicinigordonae,6015,6016,1
Mycobacterium_vicinigordonae,6428,6464,36
Mycobacterium_vicinigordonae,6470,6494,24
Mycobacterium_vicinigordonae,7178,7254,76
Mycobacterium_vicinigordonae,7260,7268,8
Mycobacterium_vicinigordonae,7760,7763,3
Mycobacterium_vicinigordonae,8452,8500,48
Mycobacterium_vicinigordonae,8577,8578,1
Mycobacterium_vicinigordonae,8584,8599,15
Mycobacterium_vicinigordonae,8600,8604,4
Mycobacterium_vicinigordonae,8609,8610,1
Mycobacterium_vicinigordonae,8661,8662,1
Mycobacterium_vicinigordonae,8703,8704,1
Mycobacterium_vicinigordonae,8720,8721,1
Mycobacterium_vicinigordonae,8733,8735,2
Mycobacterium_vicinigordonae,8739,8742,3
Mycobacterium_vicinigordonae,8930,8931,1
Mycobacterium_vicinigordonae,8980,8982,2
Mycobacterium_vicinigordonae,8996,8998,2
Mycobacterium_vicinigordonae,9120,9121,1
Mycobacterium_vicinigordonae,9370,9372,2
Mycobacterium_vicinigordonae,9546,9547,1
Mycobacterium_vicinigordonae,9812,9813,1
Mycobacterium_vicinigordonae,9983,9986,3
Mycobacterium_vicinigordonae,10076,10078,2
Mycobacterium_vicinigordonae,10157,10158,1
Mycobacterium_vicinigordonae,10261,10262,1
Mycobacterium_vicinigordonae,10310,10312,2
Mycobacterium_vicinigordonae,10313,10315,2
Mycobacterium_vicinigordonae,10325,10326,1
Mycobacterium_vicinigordonae,10370,10371,1
Mycobacterium_vicinigordonae,10434,10435,1
Mycobacterium_vicinigordonae,10448,10449,1
Mycobacterium_vicinigordonae,10476,10477,1
Mycobacterium_vicinigordonae,10491,10492,1
Mycobacterium_vicinigordonae,10526,10527,1
Mycobacterium_vicinigordonae,10547,10649,102
Mycobacterium_vicinigordonae,10828,10830,2
Mycobacterium_vicinigordonae,10832,10846,14
Mycobacterium_vicinigordonae,10864,10865,1
Mycobacterium_vicinigordonae,10914,10915,1
Mycobacterium_vicinigordonae,10959,10966,7
Mycobacterium_vicinigordonae,10971,10975,4
Mycobacterium_vicinigordonae,11085,11086,1
Mycobacterium_vicinigordonae,11143,11144,1
Mycobacterium_vicinigordonae,11243,11244,1
Mycobacterium_vicinigordonae,11260,11261,1
Mycobacterium_vicinigordonae,11262,11263,1
Mycobacterium_vicinigordonae,11265,11267,2
Mycobacterium_vicinigordonae,11286,11287,1
Mycobacterium_vicinigordonae,11312,11313,1
Mycobacterium_vicinigordonae,11473,11474,1
Mycobacterium_vicinigordonae,11505,11511,6
Mycobacterium_vicinigordonae,11513,11514,1
Mycobacterium_vicinigordonae,11520,11534,14
Mycobacterium_vicinigordonae,11566,11567,1
Mycobacterium_vicinigordonae,11590,11591,1
Mycobacterium_vicinigordonae,11782,11783,1
Mycobacterium_vicinigordonae,11823,11824,1
Mycobacterium_vicinigordonae,11826,11827,1
Mycobacterium_vicinigordonae,11831,11836,5
Mycobacterium_vicinigordonae,11841,11843,2
Mycobacterium_vicinigordonae,11848,11850,2
Mycobacterium_vicinigordonae,11851,11852,1
Mycobacterium_vicinigordonae,11859,11860,1
Mycobacterium_vicinigordonae,11864,11866,2
Mycobacterium_vicinigordonae,11877,11878,1
Mycobacterium_vicinigordonae,11993,11994,1
Mycobacterium_vicinigordonae,12029,12030,1
Mycobacterium_vicinigordonae,12068,12069,1
Mycobacterium_vicinigordonae,12207,12208,1
Mycobacterium_vicinigordonae,12211,12212,1
Mycobacterium_vicinigordonae,12213,12214,1
Mycobacterium_vicinigordonae,12218,12222,4
Mycobacterium_vicinigordonae,12225,12227,2
Mycobacterium_vicinigordonae,12237,12238,1
Mycobacterium_vicinigordonae,12360,12369,9
Mycobacterium_vicinigordonae,12371,12372,1
Mycobacterium_vicinigordonae,12374,12380,6
Mycobacterium_vicinigordonae,12384,12390,6
Mycobacterium_vicinigordonae,12391,12400,9
Mycobacterium_vicinigordonae,12454,12455,1
Mycobacterium_vicinigordonae,12739,12740,1
Mycobacterium_vicinigordonae,12798,12925,127
Mycobacterium_vicinigordonae,13451,13452,1
Mycobacterium_vicinigordonae,13453,13454,1
Mycobacterium_vicinigordonae,13508,13509,1
Mycobacterium_kubicae,1,10,9
Mycobacterium_kubicae,21,39,18
Mycobacterium_kubicae,43,46,3
Mycobacterium_kubicae,53,71,18
Mycobacterium_kubicae,87,104,17
Mycobacterium_kubicae,117,132,15
Mycobacterium_kubicae,133,136,3
Mycobacterium_kubicae,346,349,3
Mycobacterium_kubicae,1542,1691,149
Mycobacterium_kubicae,3317,3381,64
Mycobacterium_kubicae,3425,3479,54
Mycobacterium_kubicae,3485,3491,6
Mycobacterium_kubicae,3642,3645,3
Mycobacterium_kubicae,3650,3653,3
Mycobacterium_kubicae,3655,3667,12
Mycobacterium_kubicae,3782,3788,6
Mycobacterium_kubicae,4400,4406,6
Mycobacterium_kubicae,4407,4413,6
Mycobacterium_kubicae,4417,4426,9
Mycobacterium_kubicae,4432,4445,13
Mycobacterium_kubicae,4452,4455,3
Mycobacterium_kubicae,4456,4462,6
Mycobacterium_kubicae,4468,4480,12
Mycobacterium_kubicae,4483,4486,3
Mycobacterium_kubicae,4540,4552,12
Mycobacterium_kubicae,4555,4564,9
Mycobacterium_kubicae,4567,4573,6
Mycobacterium_kubicae,4581,4584,3
Mycobacterium_kubicae,5163,5169,6
Mycobacterium_kubicae,5170,5179,9
Mycobacterium_kubicae,5181,5190,9
Mycobacterium_kubicae,5197,5199,2
Mycobacterium_kubicae,5201,5204,3
Mycobacterium_kubicae,5206,5214,8
Mycobacterium_kubicae,5218,5230,12
Mycobacterium_kubicae,5231,5241,10
Mycobacterium_kubicae,5247,5253,6
Mycobacterium_kubicae,5401,5402,1
Mycobacterium_kubicae,6015,6016,1
Mycobacterium_kubicae,6431,6452,21
Mycobacterium_kubicae,6453,6462,9
Mycobacterium_kubicae,6470,6494,24
Mycobacterium_kubicae,7178,7254,76
Mycobacterium_kubicae,7260,7268,8
Mycobacterium_kubicae,7760,7763,3
Mycobacterium_kubicae,8452,8500,48
Mycobacterium_kubicae,8577,8578,1
Mycobacterium_kubicae,8584,8599,15
Mycobacterium_kubicae,8601,8603,2
Mycobacterium_kubicae,8609,8610,1
Mycobacterium_kubicae,8661,8662,1
Mycobacterium_kubicae,8703,8704,1
Mycobacterium_kubicae,8720,8721,1
Mycobacterium_kubicae,8733,8735,2
Mycobacterium_kubicae,8739,8742,3
Mycobacterium_kubicae,8930,8931,1
Mycobacterium_kubicae,8980,8982,2
Mycobacterium_kubicae,8987,9001,14
Mycobacterium_kubicae,9120,9121,1
Mycobacterium_kubicae,9370,9372,2
Mycobacterium_kubicae,9546,9547,1
Mycobacterium_kubicae,9812,9813,1
Mycobacterium_kubicae,9983,9986,3
Mycobacterium_kubicae,10076,10078,2
Mycobacterium_kubicae,10157,10158,1
Mycobacterium_kubicae,10261,10262,1
Mycobacterium_kubicae,10310,10312,2
Mycobacterium_kubicae,10313,10315,2
Mycobacterium_kubicae,10325,10326,1
Mycobacterium_kubicae,10370,10371,1
Mycobacterium_kubicae,10416,10417,1
Mycobacterium_kubicae,10434,10435,1
Mycobacterium_kubicae,10448,10449,1
Mycobacterium_kubicae,10476,10477,1
Mycobacterium_kubicae,10491,10492,1
Mycobacterium_kubicae,10526,10527,1
Mycobacterium_kubicae,10540,10541,1
Mycobacterium_kubicae,10547,10649,102
Mycobacterium_kubicae,10828,10830,2
Mycobacterium_kubicae,10832,10846,14
Mycobacterium_kubicae,10864,10865,1
Mycobacterium_kubicae,10914,10915,1
Mycobacterium_kubicae,10959,10966,7
Mycobacterium_kubicae,10971,10975,4
Mycobacterium_kubicae,11085,11086,1
Mycobacterium_kubicae,11143,11144,1
Mycobacterium_kubicae,11243,11244,1
Mycobacterium_kubicae,11260,11261,1
Mycobacterium_kubicae,11262,11263,1
Mycobacterium_kubicae,11265,11267,2
Mycobacterium_kubicae,11286,11287,1
Mycobacterium_kubicae,11312,11313,1
Mycobacterium_kubicae,11473,11474,1
Mycobacterium_kubicae,11505,11511,6
Mycobacterium_kubicae,11513,11514,1
Mycobacterium_kubicae,11520,11534,14
Mycobacterium_kubicae,11566,11567,1
Mycobacterium_kubicae,11590,11591,1
Mycobacterium_kubicae,11782,11783,1
Mycobacterium_kubicae,11823,11824,1
Mycobacterium_kubicae,11826,11827,1
Mycobacterium_kubicae,11831,11836,5
Mycobacterium_kubicae,11848,11850,2
Mycobacterium_kubicae,11851,11852,1
Mycobacterium_kubicae,11859,11860,1
Mycobacterium_kubicae,11864,11866,2
Mycobacterium_kubicae,11877,11878,1
Mycobacterium_kubicae,11993,11995,2
Mycobacterium_kubicae,12029,12030,1
Mycobacterium_kubicae,12068,12069,1
Mycobacterium_kubicae,12207,12208,1
Mycobacterium_kubicae,12211,12212,1
Mycobacterium_kubicae,12213,12214,1
Mycobacterium_kubicae,12218,12222,4
Mycobacterium_kubicae,12225,12227,2
Mycobacterium_kubicae,12237,12238,1
Mycobacterium_kubicae,12360,12369,9
Mycobacterium_kubicae,12371,12380,9
Mycobacterium_kubicae,12384,12390,6
Mycobacterium_kubicae,12391,12400,9
Mycobacterium_kubicae,12454,12455,1
Mycobacterium_kubicae,12739,12740,1
Mycobacterium_kubicae,12798,12925,127
Mycobacterium_kubicae,13451,13452,1
Mycobacterium_kubicae,13453,13454,1
Mycobacterium_kubicae,13508,13509,1
Mycolicibacterium_mengxianglii,1,10,9
Mycolicibacterium_mengxianglii,21,39,18
Mycolicibacterium_mengxianglii,43,46,3
Mycolicibacterium_mengxianglii,59,136,77
Mycolicibacterium_mengxianglii,346,349,3
Mycolicibacterium_mengxianglii,1542,1691,149
Mycolicibacterium_mengxianglii,3317,3361,44
Mycolicibacterium_mengxianglii,3364,3365,1
Mycolicibacterium_mengxianglii,3373,3374,1
Mycolicibacterium_mengxianglii,3403,3421,18
Mycolicibacterium_mengxianglii,3424,3478,54
Mycolicibacterium_mengxianglii,3485,3491,6
Mycolicibacterium_mengxianglii,3642,3645,3
Mycolicibacterium_mengxianglii,3650,3653,3
Mycolicibacterium_mengxianglii,3655,3667,12
Mycolicibacterium_mengxianglii,3782,3788,6
Mycolicibacterium_mengxianglii,4400,4406,6
Mycolicibacterium_mengxianglii,4407,4413,6
Mycolicibacterium_mengxianglii,4417,4426,9
Mycolicibacterium_mengxianglii,4432,4445,13
Mycolicibacterium_mengxianglii,4452,4455,3
Mycolicibacterium_mengxianglii,4456,4462,6
Mycolicibacterium_mengxianglii,4468,4474,6
Mycolicibacterium_mengxianglii,4475,4481,6
Mycolicibacterium_mengxianglii,4483,4486,3
Mycolicibacterium_mengxianglii,4540,4552,12
Mycolicibacterium_mengxianglii,4555,4564,9
Mycolicibacterium_mengxianglii,4567,4573,6
Mycolicibacterium_mengxianglii,4582,4585,3
Mycolicibacterium_mengxianglii,5163,5169,6
Mycolicibacterium_mengxianglii,5170,5179,9
Mycolicibacterium_mengxianglii,5181,5190,9
Mycolicibacterium_mengxianglii,5197,5199,2
Mycolicibacterium_mengxianglii,5201,5204,3
Mycolicibacterium_mengxianglii,5206,5214,8
Mycolicibacterium_mengxianglii,5218,5230,12
Mycolicibacterium_mengxianglii,5231,5241,10
Mycolicibacterium_mengxianglii,5247,5253,6
Mycolicibacterium_mengxianglii,5401,5402,1
Mycolicibacterium_mengxianglii,6015,6016,1
Mycolicibacterium_mengxianglii,6431,6452,21
Mycolicibacterium_mengxianglii,6456,6462,6
Mycolicibacterium_mengxianglii,6470,6494,24
Mycolicibacterium_mengxianglii,7178,7254,76
Mycolicibacterium_mengxianglii,7260,7268,8
Mycolicibacterium_mengxianglii,7760,7763,3
Mycolicibacterium_mengxianglii,8452,8500,48
Mycolicibacterium_mengxianglii,8577,8578,1
Mycolicibacterium_mengxianglii,8584,8599,15
Mycolicibacterium_mengxianglii,8600,8604,4
Mycolicibacterium_mengxianglii,8609,8610,1
Mycolicibacterium_mengxianglii,8661,8662,1
Mycolicibacterium_mengxianglii,8733,8735,2
Mycolicibacterium_mengxianglii,8739,8742,3
Mycolicibacterium_mengxianglii,8930,8931,1
Mycolicibacterium_mengxianglii,8980,8982,2
Mycolicibacterium_mengxianglii,8984,8998,14
Mycolicibacterium_mengxianglii,9120,9121,1
Mycolicibacterium_mengxianglii,9370,9372,2
Mycolicibacterium_mengxianglii,9546,9547,1
Mycolicibacterium_mengxianglii,9985,9986,1
Mycolicibacterium_mengxianglii,10076,10078,2
Mycolicibacterium_mengxianglii,10157,10158,1
Mycolicibacterium_mengxianglii,10261,10262,1
Mycolicibacterium_mengxianglii,10310,10312,2
Mycolicibacterium_mengxianglii,10313,10315,2
Mycolicibacterium_mengxianglii,10325,10326,1
Mycolicibacterium_mengxianglii,10370,10371,1
Mycolicibacterium_mengxianglii,10416,10417,1
Mycolicibacterium_mengxianglii,10434,10435,1
Mycolicibacterium_mengxianglii,10448,10449,1
Mycolicibacterium_mengxianglii,10461,10462,1
Mycolicibacterium_mengxianglii,10476,10477,1
Mycolicibacterium_mengxianglii,10491,10492,1
Mycolicibacterium_mengxianglii,10526,10527,1
Mycolicibacterium_mengxianglii,10546,10649,103
Mycolicibacterium_mengxianglii,10828,10830,2
Mycolicibacterium_mengxianglii,10837,10843,6
Mycolicibacterium_mengxianglii,10864,10865,1
Mycolicibacterium_mengxianglii,10914,10915,1
Mycolicibacterium_mengxianglii,10961,10968,7
Mycolicibacterium_mengxianglii,10971,10975,4
Mycolicibacterium_mengxianglii,11085,11086,1
Mycolicibacterium_mengxianglii,11143,11144,1
Mycolicibacterium_mengxianglii,11243,11244,1
Mycolicibacterium_mengxianglii,11260,11261,1
Mycolicibacterium_mengxianglii,11265,11267,2
Mycolicibacterium_mengxianglii,11286,11287,1
Mycolicibacterium_mengxianglii,11312,11313,1
Mycolicibacterium_mengxianglii,11473,11474,1
Mycolicibacterium_mengxianglii,11505,11512,7
Mycolicibacterium_mengxianglii,11513,11514,1
Mycolicibacterium_mengxianglii,11518,11519,1
Mycolicibacterium_mengxianglii,11520,11521,1
Mycolicibacterium_mengxianglii,11523,11539,16
Mycolicibacterium_mengxianglii,11566,11567,1
Mycolicibacterium_mengxianglii,11782,11783,1
Mycolicibacterium_mengxianglii,11823,11824,1
Mycolicibacterium_mengxianglii,11826,11827,1
Mycolicibacterium_mengxianglii,11831,11836,5
Mycolicibacterium_mengxianglii,11846,11850,4
Mycolicibacterium_mengxianglii,11851,11852,1
Mycolicibacterium_mengxianglii,11859,11860,1
Mycolicibacterium_mengxianglii,11864,11866,2
Mycolicibacterium_mengxianglii,11877,11878,1
Mycolicibacterium_mengxianglii,11993,11994,1
Mycolicibacterium_mengxianglii,12029,12030,1
Mycolicibacterium_mengxianglii,12068,12069,1
Mycolicibacterium_mengxianglii,12207,12208,1
Mycolicibacterium_mengxianglii,12211,12212,1
Mycolicibacterium_mengxianglii,12213,12214,1
Mycolicibacterium_mengxianglii,12218,12222,4
Mycolicibacterium_mengxianglii,12226,12227,1
Mycolicibacterium_mengxianglii,12237,12238,1
Mycolicibacterium_mengxianglii,12360,12369,9
Mycolicibacterium_mengxianglii,12371,12372,1
Mycolicibacterium_mengxianglii,12374,12375,1
Mycolicibacterium_mengxianglii,12378,12381,3
Mycolicibacterium_mengxianglii,12384,12390,6
Mycolicibacterium_mengxianglii,12391,12400,9
Mycolicibacterium_mengxianglii,12454,12455,1
Mycolicibacterium_mengxianglii,12739,12740,1
Mycolicibacterium_mengxianglii,12798,12925,127
Mycolicibacterium_mengxianglii,13451,13452,1
Mycolicibacterium_mengxianglii,13453,13454,1
Mycolicibacterium_mengxianglii,13508,13509,1
Mycolicibacterium_baixiangningiae,1,10,9
Mycolicibacterium_baixiangningiae,21,39,18
Mycolicibacterium_baixiangningiae,43,46,3
Mycolicibacterium_baixiangningiae,57,75,18
Mycolicibacterium_baixiangningiae,84,107,23
Mycolicibacterium_baixiangningiae,117,132,15
Mycolicibacterium_baixiangningiae,133,136,3
Mycolicibacterium_baixiangningiae,346,349,3
Mycolicibacterium_baixiangningiae,1542,1545,3
Mycolicibacterium_baixiangningiae,1582,1590,8
Mycolicibacterium_baixiangningiae,1595,1604,9
Mycolicibacterium_baixiangningiae,1629,1650,21
Mycolicibacterium_baixiangningiae,1664,1676,12
Mycolicibacterium_baixiangningiae,3317,3361,44
Mycolicibacterium_baixiangningiae,3364,3365,1
Mycolicibacterium_baixiangningiae,3373,3374,1
Mycolicibacterium_baixiangningiae,3409,3421,12
Mycolicibacterium_baixiangningiae,3424,3478,54
Mycolicibacterium_baixiangningiae,3485,3491,6
Mycolicibacterium_baixiangningiae,3642,3645,3
Mycolicibacterium_baixiangningiae,3650,3653,3
Mycolicibacterium_baixiangningiae,3655,3667,12
Mycolicibacterium_baixiangningiae,3782,3788,6
Mycolicibacterium_baixiangningiae,4400,4406,6
Mycolicibacterium_baixiangningiae,4407,4413,6
Mycolicibacterium_baixiangningiae,4417,4426,9
Mycolicibacterium_baixiangningiae,4432,4445,13
Mycolicibacterium_baixiangningiae,4452,4455,3
Mycolicibacterium_baixiangningiae,4456,4462,6
Mycolicibacterium_baixiangningiae,4468,4474,6
Mycolicibacterium_baixiangningiae,4475,4481,6
Mycolicibacterium_baixiangningiae,4483,4486,3
Mycolicibacterium_baixiangningiae,4540,4552,12
Mycolicibacterium_baixiangningiae,4555,4564,9
Mycolicibacterium_baixiangningiae,4567,4573,6
Mycolicibacterium_baixiangningiae,4582,4585,3
Mycolicibacterium_baixiangningiae,5163,5169,6
Mycolicibacterium_baixiangningiae,5170,5179,9
Mycolicibacterium_baixiangningiae,5181,5190,9
Mycolicibacterium_baixiangningiae,5197,5199,2
Mycolicibacterium_baixiangningiae,5201,5204,3
Mycolicibacterium_baixiangningiae,5206,5214,8
Mycolicibacterium_baixiangningiae,5218,5230,12
Mycolicibacterium_baixiangningiae,5231,5241,10
Mycolicibacterium_baixiangningiae,5247,5253,6
Mycolicibacterium_baixiangningiae,5401,5402,1
Mycolicibacterium_baixiangningiae,6015,6016,1
Mycolicibacterium_baixiangningiae,6431,6452,21
Mycolicibacterium_baixiangningiae,6456,6462,6
Mycolicibacterium_baixiangningiae,6470,6494,24
Mycolicibacterium_baixiangningiae,7178,7254,76
Mycolicibacterium_baixiangningiae,7260,7268,8
Mycolicibacterium_baixiangningiae,7760,7763,3
Mycolicibacterium_baixiangningiae,8452,8500,48
Mycolicibacterium_baixiangningiae,8577,8578,1
Mycolicibacterium_baixiangningiae,8584,8599,15
Mycolicibacterium_baixiangningiae,8600,8604,4
Mycolicibacterium_baixiangningiae,8609,8610,1
Mycolicibacterium_baixiangningiae,8661,8662,1
Mycolicibacterium_baixiangningiae,8720,8721,1
Mycolicibacterium_baixiangningiae,8733,8735,2
Mycolicibacterium_baixiangningiae,8739,8742,3
Mycolicibacterium_baixiangningiae,8930,8931,1
Mycolicibacterium_baixiangningiae,8980,8982,2
Mycolicibacterium_baixiangningiae,8984,8998,14
Mycolicibacterium_baixiangningiae,9120,9121,1
Mycolicibacterium_baixiangningiae,9370,9372,2
Mycolicibacterium_baixiangningiae,9546,9547,1
Mycolicibacterium_baixiangningiae,9812,9813,1
Mycolicibacterium_baixiangningiae,9985,9986,1
Mycolicibacterium_baixiangningiae,10076,10078,2
Mycolicibacterium_baixiangningiae,10157,10158,1
Mycolicibacterium_baixiangningiae,10261,10262,1
Mycolicibacterium_baixiangningiae,10310,10312,2
Mycolicibacterium_baixiangningiae,10313,10315,2
Mycolicibacterium_baixiangningiae,10325,10326,1
Mycolicibacterium_baixiangningiae,10370,10371,1
Mycolicibacterium_baixiangningiae,10434,10435,1
Mycolicibacterium_baixiangningiae,10448,10449,1
Mycolicibacterium_baixiangningiae,10461,10462,1
Mycolicibacterium_baixiangningiae,10476,10477,1
Mycolicibacterium_baixiangningiae,10491,10492,1
Mycolicibacterium_baixiangningiae,10526,10527,1
Mycolicibacterium_baixiangningiae,10545,10649,104
Mycolicibacterium_baixiangningiae,10828,10830,2
Mycolicibacterium_baixiangningiae,10835,10842,7
Mycolicibacterium_baixiangningiae,10864,10865,1
Mycolicibacterium_baixiangningiae,10914,10915,1
Mycolicibacterium_baixiangningiae,10965,10966,1
Mycolicibacterium_baixiangningiae,10971,10975,4
Mycolicibacterium_baixiangningiae,11085,11086,1
Mycolicibacterium_baixiangningiae,11143,11144,1
Mycolicibacterium_baixiangningiae,11243,11244,1
Mycolicibacterium_baixiangningiae,11260,11261,1
Mycolicibacterium_baixiangningiae,11265,11267,2
Mycolicibacterium_baixiangningiae,11286,11287,1
Mycolicibacterium_baixiangningiae,11312,11313,1
Mycolicibacterium_baixiangningiae,11473,11474,1
Mycolicibacterium_baixiangningiae,11505,11512,7
Mycolicibacterium_baixiangningiae,11513,11514,1
Mycolicibacterium_baixiangningiae,11518,11519,1
Mycolicibacterium_baixiangningiae,11520,11521,1
Mycolicibacterium_baixiangningiae,11524,11535,11
Mycolicibacterium_baixiangningiae,11566,11567,1
Mycolicibacterium_baixiangningiae,11782,11783,1
Mycolicibacterium_baixiangningiae,11823,11824,1
Mycolicibacterium_baixiangningiae,11826,11827,1
Mycolicibacterium_baixiangningiae,11831,11836,5
Mycolicibacterium_baixiangningiae,11846,11850,4
Mycolicibacterium_baixiangningiae,11851,11852,1
Mycolicibacterium_baixiangningiae,11859,11860,1
Mycolicibacterium_baixiangningiae,11864,11866,2
Mycolicibacterium_baixiangningiae,11877,11878,1
Mycolicibacterium_baixiangningiae,11993,11994,1
Mycolicibacterium_baixiangningiae,12029,12030,1
Mycolicibacterium_baixiangningiae,12068,12069,1
Mycolicibacterium_baixiangningiae,12207,12208,1
Mycolicibacterium_baixiangningiae,12211,12212,1
Mycolicibacterium_baixiangningiae,12213,12214,1
Mycolicibacterium_baixiangningiae,12218,12222,4
Mycolicibacterium_baixiangningiae,12226,12228,2
Mycolicibacterium_baixiangningiae,12237,12238,1
Mycolicibacterium_baixiangningiae,12360,12369,9
Mycolicibacterium_baixiangningiae,12371,12372,1
Mycolicibacterium_baixiangningiae,12374,12375,1
Mycolicibacterium_baixiangningiae,12377,12382,5
Mycolicibacterium_baixiangningiae,12384,12390,6
Mycolicibacterium_baixiangningiae,12391,12400,9
Mycolicibacterium_baixiangningiae,12454,12455,1
Mycolicibacterium_baixiangningiae,12739,12740,1
Mycolicibacterium_baixiangningiae,12798,12925,127
Mycolicibacterium_baixiangningiae,13451,13452,1
Mycolicibacterium_baixiangningiae,13453,13454,1
Mycolicibacterium_baixiangningiae,13508,13509,1
Mycobacterium_heckeshornense,1,10,9
Mycobacterium_heckeshornense,21,39,18
Mycobacterium_heckeshornense,43,46,3
Mycobacterium_heckeshornense,60,71,11
Mycobacterium_heckeshornense,117,132,15
Mycobacterium_heckeshornense,133,136,3
Mycobacterium_heckeshornense,346,349,3
Mycobacterium_heckeshornense,1542,1545,3
Mycobacterium_heckeshornense,1566,1604,38
Mycobacterium_heckeshornense,1667,1670,3
Mycobacterium_heckeshornense,3284,3287,3
Mycobacterium_heckeshornense,3317,3381,64
Mycobacterium_heckeshornense,3410,3464,54
Mycobacterium_heckeshornense,3485,3491,6
Mycobacterium_heckeshornense,3642,3645,3
Mycobacterium_heckeshornense,3650,3653,3
Mycobacterium_heckeshornense,3655,3667,12
Mycobacterium_heckeshornense,3782,3788,6
Mycobacterium_heckeshornense,4400,4406,6
Mycobacterium_heckeshornense,4407,4413,6
Mycobacterium_heckeshornense,4417,4426,9
Mycobacterium_heckeshornense,4432,4445,13
Mycobacterium_heckeshornense,4452,4455,3
Mycobacterium_heckeshornense,4456,4462,6
Mycobacterium_heckeshornense,4468,4480,12
Mycobacterium_heckeshornense,4483,4486,3
Mycobacterium_heckeshornense,4540,4552,12
Mycobacterium_heckeshornense,4555,4564,9
Mycobacterium_heckeshornense,4567,4573,6
Mycobacterium_heckeshornense,4581,4584,3
Mycobacterium_heckeshornense,5163,5169,6
Mycobacterium_heckeshornense,5170,5179,9
Mycobacterium_heckeshornense,5181,5190,9
Mycobacterium_heckeshornense,5197,5199,2
Mycobacterium_heckeshornense,5201,5204,3
Mycobacterium_heckeshornense,5206,5214,8
Mycobacterium_heckeshornense,5218,5230,12
Mycobacterium_heckeshornense,5231,5241,10
Mycobacterium_heckeshornense,5247,5253,6
Mycobacterium_heckeshornense,6431,6452,21
Mycobacterium_heckeshornense,6456,6462,6
Mycobacterium_heckeshornense,6470,6494,24
Mycobacterium_heckeshornense,7178,7254,76
Mycobacterium_heckeshornense,7260,7268,8
Mycobacterium_heckeshornense,7760,7763,3
Mycobacterium_heckeshornense,8452,8500,48
Mycobacterium_heckeshornense,8577,8578,1
Mycobacterium_heckeshornense,8584,8599,15
Mycobacterium_heckeshornense,8609,8610,1
Mycobacterium_heckeshornense,8661,8662,1
Mycobacterium_heckeshornense,8703,8704,1
Mycobacterium_heckeshornense,8720,8721,1
Mycobacterium_heckeshornense,8733,8734,1
Mycobacterium_heckeshornense,8930,8931,1
Mycobacterium_heckeshornense,8980,8982,2
Mycobacterium_heckeshornense,8996,8998,2
Mycobacterium_heckeshornense,9120,9121,1
Mycobacterium_heckeshornense,9370,9372,2
Mycobacterium_heckeshornense,9546,9547,1
Mycobacterium_heckeshornense,9812,9813,1
Mycobacterium_heckeshornense,9984,9986,2
Mycobacterium_heckeshornense,10076,10078,2
Mycobacterium_heckeshornense,10157,10158,1
Mycobacterium_heckeshornense,10260,10262,2
Mycobacterium_heckeshornense,10311,10312,1
Mycobacterium_heckeshornense,10313,10315,2
Mycobacterium_heckeshornense,10325,10326,1
Mycobacterium_heckeshornense,10352,10353,1
Mycobacterium_heckeshornense,10370,10371,1
Mycobacterium_heckeshornense,10431,10435,4
Mycobacterium_heckeshornense,10448,10449,1
Mycobacterium_heckeshornense,10461,10462,1
Mycobacterium_heckeshornense,10476,10477,1
Mycobacterium_heckeshornense,10491,10492,1
Mycobacterium_heckeshornense,10526,10527,1
Mycobacterium_heckeshornense,10546,10650,104
Mycobacterium_heckeshornense,10828,10844,16
Mycobacterium_heckeshornense,10864,10865,1
Mycobacterium_heckeshornense,10914,10915,1
Mycobacterium_heckeshornense,10958,10967,9
Mycobacterium_heckeshornense,11085,11086,1
Mycobacterium_heckeshornense,11143,11144,1
Mycobacterium_heckeshornense,11243,11244,1
Mycobacterium_heckeshornense,11259,11261,2
Mycobacterium_heckeshornense,11265,11267,2
Mycobacterium_heckeshornense,11286,11287,1
Mycobacterium_heckeshornense,11312,11313,1
Mycobacterium_heckeshornense,11473,11474,1
Mycobacterium_heckeshornense,11505,11512,7
Mycobacterium_heckeshornense,11513,11514,1
Mycobacterium_heckeshornense,11520,11521,1
Mycobacterium_heckeshornense,11523,11541,18
Mycobacterium_heckeshornense,11566,11567,1
Mycobacterium_heckeshornense,11590,11591,1
Mycobacterium_heckeshornense,11782,11783,1
Mycobacterium_heckeshornense,11823,11824,1
Mycobacterium_heckeshornense,11831,11836,5
Mycobacterium_heckeshornense,11847,11850,3
Mycobacterium_heckeshornense,11851,11852,1
Mycobacterium_heckeshornense,11859,11860,1
Mycobacterium_heckeshornense,11864,11866,2
Mycobacterium_heckeshornense,11877,11878,1
Mycobacterium_heckeshornense,11993,11994,1
Mycobacterium_heckeshornense,12029,12030,1
Mycobacterium_heckeshornense,12068,12069,1
Mycobacterium_heckeshornense,12189,12190,1
Mycobacterium_heckeshornense,12207,12208,1
Mycobacterium_heckeshornense,12211,12212,1
Mycobacterium_heckeshornense,12213,12214,1
Mycobacterium_heckeshornense,12218,12222,4
Mycobacterium_heckeshornense,12226,12227,1
Mycobacterium_heckeshornense,12237,12238,1
Mycobacterium_heckeshornense,12360,12369,9
Mycobacterium_heckeshornense,12371,12372,1
Mycobacterium_heckeshornense,12374,12376,2
Mycobacterium_heckeshornense,12384,12390,6
Mycobacterium_heckeshornense,12391,12400,9
Mycobacterium_heckeshornense,12454,12455,1
Mycobacterium_heckeshornense,12739,12740,1
Mycobacterium_heckeshornense,12798,12925,127
Mycobacterium_heckeshornense,13451,13452,1
Mycobacterium_heckeshornense,13453,13454,1
Mycobacterium_heckeshornense,13508,13509,1
Mycobacterium_gordonae,1,10,9
Mycobacterium_gordonae,21,39,18
Mycobacterium_gordonae,56,71,15
Mycobacterium_gordonae,84,107,23
Mycobacterium_gordonae,117,132,15
Mycobacterium_gordonae,133,136,3
Mycobacterium_gordonae,346,349,3
Mycobacterium_gordonae,1542,1691,149
Mycobacterium_gordonae,3317,3381,64
Mycobacterium_gordonae,3402,3492,90
Mycobacterium_gordonae,3642,3645,3
Mycobacterium_gordonae,3650,3653,3
Mycobacterium_gordonae,3655,3667,12
Mycobacterium_gordonae,3782,3788,6
Mycobacterium_gordonae,4400,4406,6
Mycobacterium_gordonae,4407,4413,6
Mycobacterium_gordonae,4417,4426,9
Mycobacterium_gordonae,4432,4445,13
Mycobacterium_gordonae,4452,4455,3
Mycobacterium_gordonae,4456,4462,6
Mycobacterium_gordonae,4468,4480,12
Mycobacterium_gordonae,4483,4486,3
Mycobacterium_gordonae,4540,4552,12
Mycobacterium_gordonae,4555,4564,9
Mycobacterium_gordonae,4567,4573,6
Mycobacterium_gordonae,4581,4584,3
Mycobacterium_gordonae,5163,5169,6
Mycobacterium_gordonae,5170,5179,9
Mycobacterium_gordonae,5181,5190,9
Mycobacterium_gordonae,5197,5199,2
Mycobacterium_gordonae,5201,5204,3
Mycobacterium_gordonae,5206,5214,8
Mycobacterium_gordonae,5218,5230,12
Mycobacterium_gordonae,5231,5241,10
Mycobacterium_gordonae,5247,5253,6
Mycobacterium_gordonae,5401,5402,1
Mycobacterium_gordonae,6015,6016,1
Mycobacterium_gordonae,6428,6464,36
Mycobacterium_gordonae,6470,6494,24
Mycobacterium_gordonae,7178,7254,76
Mycobacterium_gordonae,7260,7268,8
Mycobacterium_gordonae,7760,7763,3
Mycobacterium_gordonae,8452,8500,48
Mycobacterium_gordonae,8577,8578,1
Mycobacterium_gordonae,8584,8599,15
Mycobacterium_gordonae,8600,8604,4
Mycobacterium_gordonae,8609,8610,1
Mycobacterium_gordonae,8661,8662,1
Mycobacterium_gordonae,8703,8704,1
Mycobacterium_gordonae,8720,8721,1
Mycobacterium_gordonae,8733,8735,2
Mycobacterium_gordonae,8739,8742,3
Mycobacterium_gordonae,8930,8931,1
Mycobacterium_gordonae,8980,8982,2
Mycobacterium_gordonae,8996,8998,2
Mycobacterium_gordonae,9120,9121,1
Mycobacterium_gordonae,9370,9372,2
Mycobacterium_gordonae,9546,9547,1
Mycobacterium_gordonae,9812,9813,1
Mycobacterium_gordonae,9983,9986,3
Mycobacterium_gordonae,10076,10078,2
Mycobacterium_gordonae,10157,10158,1
Mycobacterium_gordonae,10261,10262,1
Mycobacterium_gordonae,10310,10312,2
Mycobacterium_gordonae,10313,10315,2
Mycobacterium_gordonae,10325,10326,1
Mycobacterium_gordonae,10352,10353,1
Mycobacterium_gordonae,10370,10371,1
Mycobacterium_gordonae,10415,10416,1
Mycobacterium_gordonae,10434,10435,1
Mycobacterium_gordonae,10448,10449,1
Mycobacterium_gordonae,10476,10477,1
Mycobacterium_gordonae,10491,10492,1
Mycobacterium_gordonae,10526,10527,1
Mycobacterium_gordonae,10540,10541,1
Mycobacterium_gordonae,10547,10649,102
Mycobacterium_gordonae,10828,10830,2
Mycobacterium_gordonae,10832,10846,14
Mycobacterium_gordonae,10864,10865,1
Mycobacterium_gordonae,10914,10915,1
Mycobacterium_gordonae,10959,10966,7
Mycobacterium_gordonae,10971,10975,4
Mycobacterium_gordonae,11085,11086,1
Mycobacterium_gordonae,11143,11144,1
Mycobacterium_gordonae,11243,11244,1
Mycobacterium_gordonae,11260,11261,1
Mycobacterium_gordonae,11262,11263,1
Mycobacterium_gordonae,11265,11267,2
Mycobacterium_gordonae,11286,11287,1
Mycobacterium_gordonae,11312,11313,1
Mycobacterium_gordonae,11473,11474,1
Mycobacterium_gordonae,11505,11511,6
Mycobacterium_gordonae,11513,11514,1
Mycobacterium_gordonae,11520,11534,14
Mycobacterium_gordonae,11566,11567,1
Mycobacterium_gordonae,11590,11591,1
Mycobacterium_gordonae,11782,11783,1
Mycobacterium_gordonae,11823,11824,1
Mycobacterium_gordonae,11826,11827,1
Mycobacterium_gordonae,11831,11836,5
Mycobacterium_gordonae,11841,11843,2
Mycobacterium_gordonae,11848,11850,2
Mycobacterium_gordonae,11851,11852,1
Mycobacterium_gordonae,11859,11860,1
Mycobacterium_gordonae,11864,11866,2
Mycobacterium_gordonae,11877,11878,1
Mycobacterium_gordonae,11993,11994,1
Mycobacterium_gordonae,12029,12030,1
Mycobacterium_gordonae,12068,12069,1
Mycobacterium_gordonae,12207,12208,1
Mycobacterium_gordonae,12211,12212,1
Mycobacterium_gordonae,12213,12214,1
Mycobacterium_gordonae,12218,12222,4
Mycobacterium_gordonae,12225,12227,2
Mycobacterium_gordonae,12237,12238,1
Mycobacterium_gordonae,12360,12369,9
Mycobacterium_gordonae,12371,12372,1
Mycobacterium_gordonae,12374,12380,6
Mycobacterium_gordonae,12384,12390,6
Mycobacterium_gordonae,12391,12400,9
Mycobacterium_gordonae,12454,12455,1
Mycobacterium_gordonae,12739,12740,1
Mycobacterium_gordonae,12798,12925,127
Mycobacterium_gordonae,13451,13452,1
Mycobacterium_gordonae,13453,13454,1
Mycobacterium_gordonae,13508,13509,1
Mycobacterium_spongiae,1,10,9
Mycobacterium_spongiae,21,39,18
Mycobacterium_spongiae,43,46,3
Mycobacterium_spongiae,53,71,18
Mycobacterium_spongiae,87,107,20
Mycobacterium_spongiae,117,132,15
Mycobacterium_spongiae,133,136,3
Mycobacterium_spongiae,346,349,3
Mycobacterium_spongiae,1542,1691,149
Mycobacterium_spongiae,3317,3381,64
Mycobacterium_spongiae,3418,3420,2
Mycobacterium_spongiae,3424,3458,34
Mycobacterium_spongiae,3473,3479,6
Mycobacterium_spongiae,3485,3491,6
Mycobacterium_spongiae,3642,3645,3
Mycobacterium_spongiae,3650,3653,3
Mycobacterium_spongiae,3655,3667,12
Mycobacterium_spongiae,3782,3788,6
Mycobacterium_spongiae,4400,4406,6
Mycobacterium_spongiae,4407,4413,6
Mycobacterium_spongiae,4417,4426,9
Mycobacterium_spongiae,4432,4445,13
Mycobacterium_spongiae,4452,4455,3
Mycobacterium_spongiae,4456,4462,6
Mycobacterium_spongiae,4468,4474,6
Mycobacterium_spongiae,4475,4481,6
Mycobacterium_spongiae,4483,4486,3
Mycobacterium_spongiae,4555,4564,9
Mycobacterium_spongiae,4567,4573,6
Mycobacterium_spongiae,5163,5169,6
Mycobacterium_spongiae,5170,5179,9
Mycobacterium_spongiae,5181,5190,9
Mycobacterium_spongiae,5197,5199,2
Mycobacterium_spongiae,5201,5204,3
Mycobacterium_spongiae,5206,5214,8
Mycobacterium_spongiae,5218,5230,12
Mycobacterium_spongiae,5231,5241,10
Mycobacterium_spongiae,5247,5253,6
Mycobacterium_spongiae,5401,5402,1
Mycobacterium_spongiae,6015,6016,1
Mycobacterium_spongiae,6431,6452,21
Mycobacterium_spongiae,6456,6462,6
Mycobacterium_spongiae,6470,6494,24
Mycobacterium_spongiae,7178,7254,76
Mycobacterium_spongiae,7260,7268,8
Mycobacterium_spongiae,7760,7763,3
Mycobacterium_spongiae,8452,8500,48
Mycobacterium_spongiae,8577,8578,1
Mycobacterium_spongiae,8584,8599,15
Mycobacterium_spongiae,8601,8603,2
Mycobacterium_spongiae,8609,8610,1
Mycobacterium_spongiae,8661,8662,1
Mycobacterium_spongiae,8703,8704,1
Mycobacterium_spongiae,8720,8721,1
Mycobacterium_spongiae,8739,8742,3
Mycobacterium_spongiae,8930,8931,1
Mycobacterium_spongiae,8980,8982,2
Mycobacterium_spongiae,8996,8998,2
Mycobacterium_spongiae,9120,9121,1
Mycobacterium_spongiae,9370,9372,2
Mycobacterium_spongiae,9546,9547,1
Mycobacterium_spongiae,9812,9813,1
Mycobacterium_spongiae,9980,9981,1
Mycobacterium_spongiae,9983,9986,3
Mycobacterium_spongiae,10076,10078,2
Mycobacterium_spongiae,10157,10158,1
Mycobacterium_spongiae,10261,10262,1
Mycobacterium_spongiae,10310,10312,2
Mycobacterium_spongiae,10313,10315,2
Mycobacterium_spongiae,10325,10326,1
Mycobacterium_spongiae,10370,10371,1
Mycobacterium_spongiae,10434,10435,1
Mycobacterium_spongiae,10448,10449,1
Mycobacterium_spongiae,10476,10477,1
Mycobacterium_spongiae,10491,10492,1
Mycobacterium_spongiae,10526,10527,1
Mycobacterium_spongiae,10546,10649,103
Mycobacterium_spongiae,10828,10830,2
Mycobacterium_spongiae,10832,10846,14
Mycobacterium_spongiae,10864,10865,1
Mycobacterium_spongiae,10914,10915,1
Mycobacterium_spongiae,10958,10966,8
Mycobacterium_spongiae,10971,10972,1
Mycobacterium_spongiae,11085,11086,1
Mycobacterium_spongiae,11143,11144,1
Mycobacterium_spongiae,11243,11244,1
Mycobacterium_spongiae,11260,11261,1
Mycobacterium_spongiae,11262,11263,1
Mycobacterium_spongiae,11265,11267,2
Mycobacterium_spongiae,11286,11287,1
Mycobacterium_spongiae,11312,11313,1
Mycobacterium_spongiae,11473,11474,1
Mycobacterium_spongiae,11505,11511,6
Mycobacterium_spongiae,11513,11514,1
Mycobacterium_spongiae,11520,11521,1
Mycobacterium_spongiae,11523,11534,11
Mycobacterium_spongiae,11566,11567,1
Mycobacterium_spongiae,11590,11591,1
Mycobacterium_spongiae,11782,11783,1
Mycobacterium_spongiae,11823,11824,1
Mycobacterium_spongiae,11826,11827,1
Mycobacterium_spongiae,11831,11836,5
Mycobacterium_spongiae,11848,11850,2
Mycobacterium_spongiae,11851,11852,1
Mycobacterium_spongiae,11859,11860,1
Mycobacterium_spongiae,11864,11866,2
Mycobacterium_spongiae,11877,11878,1
Mycobacterium_spongiae,11993,11994,1
Mycobacterium_spongiae,12029,12030,1
Mycobacterium_spongiae,12068,12069,1
Mycobacterium_spongiae,12207,12208,1
Mycobacterium_spongiae,12211,12212,1
Mycobacterium_spongiae,12213,12214,1
Mycobacterium_spongiae,12218,12222,4
Mycobacterium_spongiae,12225,12227,2
Mycobacterium_spongiae,12237,12238,1
Mycobacterium_spongiae,12360,12369,9
Mycobacterium_spongiae,12371,12372,1
Mycobacterium_spongiae,12374,12380,6
Mycobacterium_spongiae,12384,12390,6
Mycobacterium_spongiae,12391,12400,9
Mycobacterium_spongiae,12454,12455,1
Mycobacterium_spongiae,12739,12740,1
Mycobacterium_spongiae,12798,12925,127
Mycobacterium_spongiae,13451,13452,1
Mycobacterium_spongiae,13453,13454,1
Mycobacterium_spongiae,13508,13509,1
Mycolicibacterium_diernhoferi,1,10,9
Mycolicibacterium_diernhoferi,21,39,18
Mycolicibacterium_diernhoferi,43,46,3
Mycolicibacterium_diernhoferi,48,110,62
Mycolicibacterium_diernhoferi,118,130,12
Mycolicibacterium_diernhoferi,133,136,3
Mycolicibacterium_diernhoferi,346,349,3
Mycolicibacterium_diernhoferi,1542,1691,149
Mycolicibacterium_diernhoferi,3317,3365,48
Mycolicibacterium_diernhoferi,3373,3374,1
Mycolicibacterium_diernhoferi,3408,3480,72
Mycolicibacterium_diernhoferi,3485,3491,6
Mycolicibacterium_diernhoferi,3642,3645,3
Mycolicibacterium_diernhoferi,3650,3653,3
Mycolicibacterium_diernhoferi,3655,3667,12
Mycolicibacterium_diernhoferi,3782,3788,6
Mycolicibacterium_diernhoferi,4400,4406,6
Mycolicibacterium_diernhoferi,4407,4413,6
Mycolicibacterium_diernhoferi,4417,4426,9
Mycolicibacterium_diernhoferi,4432,4445,13
Mycolicibacterium_diernhoferi,4452,4455,3
Mycolicibacterium_diernhoferi,4456,4462,6
Mycolicibacterium_diernhoferi,4468,4474,6
Mycolicibacterium_diernhoferi,4475,4481,6
Mycolicibacterium_diernhoferi,4483,4486,3
Mycolicibacterium_diernhoferi,4540,4552,12
Mycolicibacterium_diernhoferi,4555,4564,9
Mycolicibacterium_diernhoferi,4567,4573,6
Mycolicibacterium_diernhoferi,4582,4585,3
Mycolicibacterium_diernhoferi,5163,5169,6
Mycolicibacterium_diernhoferi,5170,5179,9
Mycolicibacterium_diernhoferi,5181,5190,9
Mycolicibacterium_diernhoferi,5197,5199,2
Mycolicibacterium_diernhoferi,5201,5204,3
Mycolicibacterium_diernhoferi,5206,5214,8
Mycolicibacterium_diernhoferi,5218,5230,12
Mycolicibacterium_diernhoferi,5231,5241,10
Mycolicibacterium_diernhoferi,5247,5253,6
Mycolicibacterium_diernhoferi,5401,5402,1
Mycolicibacterium_diernhoferi,6015,6016,1
Mycolicibacterium_diernhoferi,6431,6467,36
Mycolicibacterium_diernhoferi,6470,6494,24
Mycolicibacterium_diernhoferi,7178,7254,76
Mycolicibacterium_diernhoferi,7260,7268,8
Mycolicibacterium_diernhoferi,7760,7763,3
Mycolicibacterium_diernhoferi,8452,8500,48
Mycolicibacterium_diernhoferi,8577,8578,1
Mycolicibacterium_diernhoferi,8584,8599,15
Mycolicibacterium_diernhoferi,8600,8604,4
Mycolicibacterium_diernhoferi,8609,8610,1
Mycolicibacterium_diernhoferi,8661,8662,1
Mycolicibacterium_diernhoferi,8703,8704,1
Mycolicibacterium_diernhoferi,8720,8721,1
Mycolicibacterium_diernhoferi,8733,8735,2
Mycolicibacterium_diernhoferi,8739,8742,3
Mycolicibacterium_diernhoferi,8930,8931,1
Mycolicibacterium_diernhoferi,8980,8982,2
Mycolicibacterium_diernhoferi,8984,8998,14
Mycolicibacterium_diernhoferi,9120,9121,1
Mycolicibacterium_diernhoferi,9370,9372,2
Mycolicibacterium_diernhoferi,9546,9547,1
Mycolicibacterium_diernhoferi,9812,9813,1
Mycolicibacterium_diernhoferi,9985,9986,1
Mycolicibacterium_diernhoferi,10076,10078,2
Mycolicibacterium_diernhoferi,10157,10158,1
Mycolicibacterium_diernhoferi,10261,10262,1
Mycolicibacterium_diernhoferi,10310,10312,2
Mycolicibacterium_diernhoferi,10313,10315,2
Mycolicibacterium_diernhoferi,10325,10326,1
Mycolicibacterium_diernhoferi,10370,10371,1
Mycolicibacterium_diernhoferi,10416,10417,1
Mycolicibacterium_diernhoferi,10434,10435,1
Mycolicibacterium_diernhoferi,10448,10449,1
Mycolicibacterium_diernhoferi,10461,10462,1
Mycolicibacterium_diernhoferi,10491,10492,1
Mycolicibacterium_diernhoferi,10526,10527,1
Mycolicibacterium_diernhoferi,10546,10649,103
Mycolicibacterium_diernhoferi,10828,10830,2
Mycolicibacterium_diernhoferi,10835,10843,8
Mycolicibacterium_diernhoferi,10864,10865,1
Mycolicibacterium_diernhoferi,10914,10915,1
Mycolicibacterium_diernhoferi,10965,10966,1
Mycolicibacterium_diernhoferi,10971,10975,4
Mycolicibacterium_diernhoferi,11085,11086,1
Mycolicibacterium_diernhoferi,11143,11144,1
Mycolicibacterium_diernhoferi,11243,11244,1
Mycolicibacterium_diernhoferi,11260,11261,1
Mycolicibacterium_diernhoferi,11265,11267,2
Mycolicibacterium_diernhoferi,11286,11287,1
Mycolicibacterium_diernhoferi,11312,11313,1
Mycolicibacterium_diernhoferi,11473,11474,1
Mycolicibacterium_diernhoferi,11505,11512,7
Mycolicibacterium_diernhoferi,11513,11514,1
Mycolicibacterium_diernhoferi,11519,11531,12
Mycolicibacterium_diernhoferi,11532,11533,1
Mycolicibacterium_diernhoferi,11534,11535,1
Mycolicibacterium_diernhoferi,11566,11567,1
Mycolicibacterium_diernhoferi,11782,11783,1
Mycolicibacterium_diernhoferi,11823,11824,1
Mycolicibacterium_diernhoferi,11826,11827,1
Mycolicibacterium_diernhoferi,11830,11837,7
Mycolicibacterium_diernhoferi,11846,11850,4
Mycolicibacterium_diernhoferi,11851,11852,1
Mycolicibacterium_diernhoferi,11859,11860,1
Mycolicibacterium_diernhoferi,11866,11867,1
Mycolicibacterium_diernhoferi,11877,11878,1
Mycolicibacterium_diernhoferi,11993,11994,1
Mycolicibacterium_diernhoferi,12029,12030,1
Mycolicibacterium_diernhoferi,12068,12069,1
Mycolicibacterium_diernhoferi,12196,12197,1
Mycolicibacterium_diernhoferi,12207,12208,1
Mycolicibacterium_diernhoferi,12211,12212,1
Mycolicibacterium_diernhoferi,12213,12214,1
Mycolicibacterium_diernhoferi,12218,12222,4
Mycolicibacterium_diernhoferi,12226,12227,1
Mycolicibacterium_diernhoferi,12237,12238,1
Mycolicibacterium_diernhoferi,12360,12369,9
Mycolicibacterium_diernhoferi,12371,12372,1
Mycolicibacterium_diernhoferi,12374,12375,1
Mycolicibacterium_diernhoferi,12377,12382,5
Mycolicibacterium_diernhoferi,12384,12390,6
Mycolicibacterium_diernhoferi,12391,12400,9
Mycolicibacterium_diernhoferi,12454,12455,1
Mycolicibacterium_diernhoferi,12739,12740,1
Mycolicibacterium_diernhoferi,12798,12925,127
Mycolicibacterium_diernhoferi,13451,13452,1
Mycolicibacterium_diernhoferi,13453,13454,1
Mycolicibacterium_diernhoferi,13508,13509,1
Mycolicibacterium_pallens,1,10,9
Mycolicibacterium_pallens,21,39,18
Mycolicibacterium_pallens,43,46,3
Mycolicibacterium_pallens,50,109,59
Mycolicibacterium_pallens,117,132,15
Mycolicibacterium_pallens,133,136,3
Mycolicibacterium_pallens,346,349,3
Mycolicibacterium_pallens,1542,1691,149
Mycolicibacterium_pallens,3317,3361,44
Mycolicibacterium_pallens,3364,3365,1
Mycolicibacterium_pallens,3373,3374,1
Mycolicibacterium_pallens,3408,3480,72
Mycolicibacterium_pallens,3485,3491,6
Mycolicibacterium_pallens,3642,3645,3
Mycolicibacterium_pallens,3650,3653,3
Mycolicibacterium_pallens,3655,3667,12
Mycolicibacterium_pallens,3782,3788,6
Mycolicibacterium_pallens,4400,4406,6
Mycolicibacterium_pallens,4407,4413,6
Mycolicibacterium_pallens,4417,4426,9
Mycolicibacterium_pallens,4432,4445,13
Mycolicibacterium_pallens,4452,4455,3
Mycolicibacterium_pallens,4456,4462,6
Mycolicibacterium_pallens,4468,4474,6
Mycolicibacterium_pallens,4475,4481,6
Mycolicibacterium_pallens,4483,4486,3
Mycolicibacterium_pallens,4540,4552,12
Mycolicibacterium_pallens,4555,4564,9
Mycolicibacterium_pallens,4567,4573,6
Mycolicibacterium_pallens,4582,4585,3
Mycolicibacterium_pallens,5163,5169,6
Mycolicibacterium_pallens,5170,5179,9
Mycolicibacterium_pallens,5181,5190,9
Mycolicibacterium_pallens,5197,5199,2
Mycolicibacterium_pallens,5201,5204,3
Mycolicibacterium_pallens,5206,5214,8
Mycolicibacterium_pallens,5218,5230,12
Mycolicibacterium_pallens,5231,5241,10
Mycolicibacterium_pallens,5247,5253,6
Mycolicibacterium_pallens,5401,5402,1
Mycolicibacterium_pallens,6015,6016,1
Mycolicibacterium_pallens,6431,6467,36
Mycolicibacterium_pallens,6470,6494,24
Mycolicibacterium_pallens,7178,7254,76
Mycolicibacterium_pallens,7260,7268,8
Mycolicibacterium_pallens,7760,7763,3
Mycolicibacterium_pallens,8452,8500,48
Mycolicibacterium_pallens,8584,8599,15
Mycolicibacterium_pallens,8600,8604,4
Mycolicibacterium_pallens,8661,8662,1
Mycolicibacterium_pallens,8703,8704,1
Mycolicibacterium_pallens,8720,8721,1
Mycolicibacterium_pallens,8733,8735,2
Mycolicibacterium_pallens,8739,8742,3
Mycolicibacterium_pallens,8930,8931,1
Mycolicibacterium_pallens,8980,8982,2
Mycolicibacterium_pallens,8984,8998,14
Mycolicibacterium_pallens,9120,9121,1
Mycolicibacterium_pallens,9370,9372,2
Mycolicibacterium_pallens,9546,9547,1
Mycolicibacterium_pallens,9812,9813,1
Mycolicibacterium_pallens,9985,9986,1
Mycolicibacterium_pallens,10076,10078,2
Mycolicibacterium_pallens,10157,10158,1
Mycolicibacterium_pallens,10261,10262,1
Mycolicibacterium_pallens,10310,10312,2
Mycolicibacterium_pallens,10313,10315,2
Mycolicibacterium_pallens,10325,10326,1
Mycolicibacterium_pallens,10370,10371,1
Mycolicibacterium_pallens,10416,10417,1
Mycolicibacterium_pallens,10434,10435,1
Mycolicibacterium_pallens,10448,10449,1
Mycolicibacterium_pallens,10461,10462,1
Mycolicibacterium_pallens,10476,10477,1
Mycolicibacterium_pallens,10491,10492,1
Mycolicibacterium_pallens,10526,10527,1
Mycolicibacterium_pallens,10546,10649,103
Mycolicibacterium_pallens,10828,10830,2
Mycolicibacterium_pallens,10835,10836,1
Mycolicibacterium_pallens,10837,10843,6
Mycolicibacterium_pallens,10864,10865,1
Mycolicibacterium_pallens,10914,10915,1
Mycolicibacterium_pallens,10965,10966,1
Mycolicibacterium_pallens,10971,10975,4
Mycolicibacterium_pallens,11085,11086,1
Mycolicibacterium_pallens,11143,11144,1
Mycolicibacterium_pallens,11243,11244,1
Mycolicibacterium_pallens,11260,11261,1
Mycolicibacterium_pallens,11265,11267,2
Mycolicibacterium_pallens,11286,11287,1
Mycolicibacterium_pallens,11312,11313,1
Mycolicibacterium_pallens,11473,11474,1
Mycolicibacterium_pallens,11505,11512,7
Mycolicibacterium_pallens,11513,11514,1
Mycolicibacterium_pallens,11520,11521,1
Mycolicibacterium_pallens,11523,11537,14
Mycolicibacterium_pallens,11782,11783,1
Mycolicibacterium_pallens,11823,11824,1
Mycolicibacterium_pallens,11826,11827,1
Mycolicibacterium_pallens,11831,11836,5
Mycolicibacterium_pallens,11846,11850,4
Mycolicibacterium_pallens,11851,11852,1
Mycolicibacterium_pallens,11859,11860,1
Mycolicibacterium_pallens,11864,11866,2
Mycolicibacterium_pallens,11877,11878,1
Mycolicibacterium_pallens,11993,11994,1
Mycolicibacterium_pallens,12029,12030,1
Mycolicibacterium_pallens,12068,12069,1
Mycolicibacterium_pallens,12196,12197,1
Mycolicibacterium_pallens,12207,12208,1
Mycolicibacterium_pallens,12211,12212,1
Mycolicibacterium_pallens,12213,12214,1
Mycolicibacterium_pallens,12218,12222,4
Mycolicibacterium_pallens,12226,12227,1
Mycolicibacterium_pallens,12237,12238,1
Mycolicibacterium_pallens,12360,12369,9
Mycolicibacterium_pallens,12371,12372,1
Mycolicibacterium_pallens,12374,12375,1
Mycolicibacterium_pallens,12378,12382,4
Mycolicibacterium_pallens,12384,12390,6
Mycolicibacterium_pallens,12391,12400,9
Mycolicibacterium_pallens,12454,12455,1
Mycolicibacterium_pallens,12739,12740,1
Mycolicibacterium_pallens,12798,12925,127
Mycolicibacterium_pallens,13451,13452,1
Mycolicibacterium_pallens,13453,13454,1
Mycolicibacterium_pallens,13508,13509,1
Mycolicibacter_heraklionensis,1,10,9
Mycolicibacter_heraklionensis,21,39,18
Mycolicibacter_heraklionensis,43,46,3
Mycolicibacter_heraklionensis,59,136,77
Mycolicibacter_heraklionensis,346,349,3
Mycolicibacter_heraklionensis,1542,1691,149
Mycolicibacter_heraklionensis,3317,3361,44
Mycolicibacter_heraklionensis,3364,3365,1
Mycolicibacter_heraklionensis,3373,3374,1
Mycolicibacter_heraklionensis,3414,3420,6
Mycolicibacter_heraklionensis,3424,3460,36
Mycolicibacter_heraklionensis,3473,3479,6
Mycolicibacter_heraklionensis,3485,3491,6
Mycolicibacter_heraklionensis,3650,3653,3
Mycolicibacter_heraklionensis,3657,3672,15
Mycolicibacter_heraklionensis,3782,3788,6
Mycolicibacter_heraklionensis,4400,4406,6
Mycolicibacter_heraklionensis,4407,4413,6
Mycolicibacter_heraklionensis,4422,4426,4
Mycolicibacter_heraklionensis,4432,4438,6
Mycolicibacter_heraklionensis,4452,4455,3
Mycolicibacter_heraklionensis,4456,4486,30
Mycolicibacter_heraklionensis,4555,4564,9
Mycolicibacter_heraklionensis,4567,4573,6
Mycolicibacter_heraklionensis,5163,5169,6
Mycolicibacter_heraklionensis,5170,5179,9
Mycolicibacter_heraklionensis,5181,5190,9
Mycolicibacter_heraklionensis,5197,5199,2
Mycolicibacter_heraklionensis,5201,5204,3
Mycolicibacter_heraklionensis,5206,5214,8
Mycolicibacter_heraklionensis,5218,5230,12
Mycolicibacter_heraklionensis,5231,5241,10
Mycolicibacter_heraklionensis,5247,5253,6
Mycolicibacter_heraklionensis,5401,5402,1
Mycolicibacter_heraklionensis,6015,6016,1
Mycolicibacter_heraklionensis,6431,6452,21
Mycolicibacter_heraklionensis,6456,6462,6
Mycolicibacter_heraklionensis,6470,6494,24
Mycolicibacter_heraklionensis,7178,7254,76
Mycolicibacter_heraklionensis,7260,7268,8
Mycolicibacter_heraklionensis,7760,7763,3
Mycolicibacter_heraklionensis,8452,8500,48
Mycolicibacter_heraklionensis,8577,8578,1
Mycolicibacter_heraklionensis,8584,8599,15
Mycolicibacter_heraklionensis,8601,8603,2
Mycolicibacter_heraklionensis,8609,8610,1
Mycolicibacter_heraklionensis,8661,8662,1
Mycolicibacter_heraklionensis,8703,8704,1
Mycolicibacter_heraklionensis,8720,8721,1
Mycolicibacter_heraklionensis,8733,8735,2
Mycolicibacter_heraklionensis,8739,8742,3
Mycolicibacter_heraklionensis,8930,8931,1
Mycolicibacter_heraklionensis,8980,8982,2
Mycolicibacter_heraklionensis,9120,9121,1
Mycolicibacter_heraklionensis,9546,9547,1
Mycolicibacter_heraklionensis,9812,9814,2
Mycolicibacter_heraklionensis,9982,9984,2
Mycolicibacter_heraklionensis,9985,9986,1
Mycolicibacter_heraklionensis,10076,10078,2
Mycolicibacter_heraklionensis,10157,10158,1
Mycolicibacter_heraklionensis,10311,10312,1
Mycolicibacter_heraklionensis,10313,10315,2
Mycolicibacter_heraklionensis,10325,10326,1
Mycolicibacter_heraklionensis,10370,10371,1
Mycolicibacter_heraklionensis,10416,10417,1
Mycolicibacter_heraklionensis,10434,10435,1
Mycolicibacter_heraklionensis,10448,10449,1
Mycolicibacter_heraklionensis,10476,10477,1
Mycolicibacter_heraklionensis,10491,10492,1
Mycolicibacter_heraklionensis,10526,10527,1
Mycolicibacter_heraklionensis,10546,10649,103
Mycolicibacter_heraklionensis,10828,10830,2
Mycolicibacter_heraklionensis,10834,10843,9
Mycolicibacter_heraklionensis,10864,10865,1
Mycolicibacter_heraklionensis,10914,10915,1
Mycolicibacter_heraklionensis,10965,10966,1
Mycolicibacter_heraklionensis,10971,10975,4
Mycolicibacter_heraklionensis,11085,11086,1
Mycolicibacter_heraklionensis,11143,11144,1
Mycolicibacter_heraklionensis,11243,11244,1
Mycolicibacter_heraklionensis,11260,11261,1
Mycolicibacter_heraklionensis,11265,11267,2
Mycolicibacter_heraklionensis,11286,11287,1
Mycolicibacter_heraklionensis,11312,11313,1
Mycolicibacter_heraklionensis,11473,11474,1
Mycolicibacter_heraklionensis,11505,11512,7
Mycolicibacter_heraklionensis,11513,11514,1
Mycolicibacter_heraklionensis,11515,11533,18
Mycolicibacter_heraklionensis,11566,11567,1
Mycolicibacter_heraklionensis,11782,11783,1
Mycolicibacter_heraklionensis,11831,11836,5
Mycolicibacter_heraklionensis,11847,11850,3
Mycolicibacter_heraklionensis,11851,11852,1
Mycolicibacter_heraklionensis,11859,11860,1
Mycolicibacter_heraklionensis,11864,11865,1
Mycolicibacter_heraklionensis,11877,11878,1
Mycolicibacter_heraklionensis,11992,11994,2
Mycolicibacter_heraklionensis,12029,12030,1
Mycolicibacter_heraklionensis,12068,12069,1
Mycolicibacter_heraklionensis,12207,12208,1
Mycolicibacter_heraklionensis,12211,12212,1
Mycolicibacter_heraklionensis,12213,12214,1
Mycolicibacter_heraklionensis,12218,12222,4
Mycolicibacter_heraklionensis,12237,12238,1
Mycolicibacter_heraklionensis,12360,12369,9
Mycolicibacter_heraklionensis,12371,12372,1
Mycolicibacter_heraklionensis,12374,12375,1
Mycolicibacter_heraklionensis,12377,12382,5
Mycolicibacter_heraklionensis,12384,12390,6
Mycolicibacter_heraklionensis,12391,12400,9
Mycolicibacter_heraklionensis,12454,12455,1
Mycolicibacter_heraklionensis,12739,12740,1
Mycolicibacter_heraklionensis,12798,12925,127
Mycolicibacter_heraklionensis,13451,13452,1
Mycolicibacter_heraklionensis,13453,13454,1
Mycolicibacter_heraklionensis,13508,13509,1
Mycolicibacterium_holsaticum,1,10,9
Mycolicibacterium_holsaticum,21,39,18
Mycolicibacterium_holsaticum,43,46,3
Mycolicibacterium_holsaticum,57,72,15
Mycolicibacterium_holsaticum,84,107,23
Mycolicibacterium_holsaticum,117,132,15
Mycolicibacterium_holsaticum,133,136,3
Mycolicibacterium_holsaticum,346,349,3
Mycolicibacterium_holsaticum,1542,1545,3
Mycolicibacterium_holsaticum,1580,1615,35
Mycolicibacterium_holsaticum,1632,1650,18
Mycolicibacterium_holsaticum,1664,1676,12
Mycolicibacterium_holsaticum,3317,3361,44
Mycolicibacterium_holsaticum,3364,3365,1
Mycolicibacterium_holsaticum,3373,3374,1
Mycolicibacterium_holsaticum,3409,3421,12
Mycolicibacterium_holsaticum,3424,3478,54
Mycolicibacterium_holsaticum,3485,3491,6
Mycolicibacterium_holsaticum,3642,3645,3
Mycolicibacterium_holsaticum,3650,3653,3
Mycolicibacterium_holsaticum,3655,3667,12
Mycolicibacterium_holsaticum,3782,3788,6
Mycolicibacterium_holsaticum,4400,4406,6
Mycolicibacterium_holsaticum,4407,4413,6
Mycolicibacterium_holsaticum,4417,4426,9
Mycolicibacterium_holsaticum,4432,4445,13
Mycolicibacterium_holsaticum,4452,4455,3
Mycolicibacterium_holsaticum,4456,4462,6
Mycolicibacterium_holsaticum,4468,4474,6
Mycolicibacterium_holsaticum,4475,4481,6
Mycolicibacterium_holsaticum,4483,4486,3
Mycolicibacterium_holsaticum,4540,4552,12
Mycolicibacterium_holsaticum,4555,4564,9
Mycolicibacterium_holsaticum,4567,4573,6
Mycolicibacterium_holsaticum,4582,4585,3
Mycolicibacterium_holsaticum,5163,5169,6
Mycolicibacterium_holsaticum,5170,5179,9
Mycolicibacterium_holsaticum,5181,5190,9
Mycolicibacterium_holsaticum,5197,5199,2
Mycolicibacterium_holsaticum,5201,5204,3
Mycolicibacterium_holsaticum,5206,5214,8
Mycolicibacterium_holsaticum,5218,5230,12
Mycolicibacterium_holsaticum,5231,5241,10
Mycolicibacterium_holsaticum,5247,5253,6
Mycolicibacterium_holsaticum,5401,5402,1
Mycolicibacterium_holsaticum,6015,6016,1
Mycolicibacterium_holsaticum,6431,6467,36
Mycolicibacterium_holsaticum,6470,6494,24
Mycolicibacterium_holsaticum,7178,7254,76
Mycolicibacterium_holsaticum,7260,7268,8
Mycolicibacterium_holsaticum,7760,7763,3
Mycolicibacterium_holsaticum,8452,8500,48
Mycolicibacterium_holsaticum,8577,8578,1
Mycolicibacterium_holsaticum,8584,8599,15
Mycolicibacterium_holsaticum,8601,8603,2
Mycolicibacterium_holsaticum,8609,8610,1
Mycolicibacterium_holsaticum,8661,8662,1
Mycolicibacterium_holsaticum,8703,8704,1
Mycolicibacterium_holsaticum,8720,8721,1
Mycolicibacterium_holsaticum,8733,8735,2
Mycolicibacterium_holsaticum,8739,8742,3
Mycolicibacterium_holsaticum,8930,8931,1
Mycolicibacterium_holsaticum,8980,8982,2
Mycolicibacterium_holsaticum,8984,8998,14
Mycolicibacterium_holsaticum,9120,9121,1
Mycolicibacterium_holsaticum,9370,9372,2
Mycolicibacterium_holsaticum,9546,9547,1
Mycolicibacterium_holsaticum,9812,9813,1
Mycolicibacterium_holsaticum,9985,9986,1
Mycolicibacterium_holsaticum,10076,10078,2
Mycolicibacterium_holsaticum,10157,10158,1
Mycolicibacterium_holsaticum,10261,10262,1
Mycolicibacterium_holsaticum,10311,10312,1
Mycolicibacterium_holsaticum,10313,10315,2
Mycolicibacterium_holsaticum,10325,10326,1
Mycolicibacterium_holsaticum,10370,10371,1
Mycolicibacterium_holsaticum,10416,10417,1
Mycolicibacterium_holsaticum,10434,10435,1
Mycolicibacterium_holsaticum,10448,10449,1
Mycolicibacterium_holsaticum,10461,10462,1
Mycolicibacterium_holsaticum,10476,10477,1
Mycolicibacterium_holsaticum,10491,10492,1
Mycolicibacterium_holsaticum,10526,10527,1
Mycolicibacterium_holsaticum,10546,10649,103
Mycolicibacterium_holsaticum,10828,10830,2
Mycolicibacterium_holsaticum,10835,10836,1
Mycolicibacterium_holsaticum,10837,10843,6
Mycolicibacterium_holsaticum,10864,10865,1
Mycolicibacterium_holsaticum,10914,10915,1
Mycolicibacterium_holsaticum,10965,10966,1
Mycolicibacterium_holsaticum,10971,10975,4
Mycolicibacterium_holsaticum,11085,11086,1
Mycolicibacterium_holsaticum,11143,11144,1
Mycolicibacterium_holsaticum,11243,11244,1
Mycolicibacterium_holsaticum,11260,11261,1
Mycolicibacterium_holsaticum,11265,11267,2
Mycolicibacterium_holsaticum,11286,11287,1
Mycolicibacterium_holsaticum,11312,11313,1
Mycolicibacterium_holsaticum,11473,11474,1
Mycolicibacterium_holsaticum,11505,11512,7
Mycolicibacterium_holsaticum,11513,11515,2
Mycolicibacterium_holsaticum,11520,11521,1
Mycolicibacterium_holsaticum,11530,11538,8
Mycolicibacterium_holsaticum,11566,11567,1
Mycolicibacterium_holsaticum,11782,11783,1
Mycolicibacterium_holsaticum,11823,11824,1
Mycolicibacterium_holsaticum,11826,11827,1
Mycolicibacterium_holsaticum,11831,11836,5
Mycolicibacterium_holsaticum,11846,11850,4
Mycolicibacterium_holsaticum,11851,11852,1
Mycolicibacterium_holsaticum,11859,11860,1
Mycolicibacterium_holsaticum,11864,11866,2
Mycolicibacterium_holsaticum,11877,11878,1
Mycolicibacterium_holsaticum,11993,11994,1
Mycolicibacterium_holsaticum,12029,12030,1
Mycolicibacterium_holsaticum,12068,12069,1
Mycolicibacterium_holsaticum,12207,12208,1
Mycolicibacterium_holsaticum,12211,12212,1
Mycolicibacterium_holsaticum,12213,12214,1
Mycolicibacterium_holsaticum,12218,12222,4
Mycolicibacterium_holsaticum,12226,12227,1
Mycolicibacterium_holsaticum,12237,12238,1
Mycolicibacterium_holsaticum,12360,12369,9
Mycolicibacterium_holsaticum,12371,12372,1
Mycolicibacterium_holsaticum,12374,12375,1
Mycolicibacterium_holsaticum,12379,12381,2
Mycolicibacterium_holsaticum,12384,12390,6
Mycolicibacterium_holsaticum,12391,12400,9
Mycolicibacterium_holsaticum,12454,12455,1
Mycolicibacterium_holsaticum,12739,12740,1
Mycolicibacterium_holsaticum,12798,12925,127
Mycolicibacterium_holsaticum,13425,13426,1
Mycolicibacterium_holsaticum,13451,13452,1
Mycolicibacterium_holsaticum,13453,13454,1
Mycolicibacterium_holsaticum,13508,13509,1
Mycobacterium_malmoense,1,10,9
Mycobacterium_malmoense,21,39,18
Mycobacterium_malmoense,43,46,3
Mycobacterium_malmoense,62,71,9
Mycobacterium_malmoense,87,107,20
Mycobacterium_malmoense,117,132,15
Mycobacterium_malmoense,133,136,3
Mycobacterium_malmoense,346,349,3
Mycobacterium_malmoense,1542,1691,149
Mycobacterium_malmoense,3317,3381,64
Mycobacterium_malmoense,3424,3460,36
Mycobacterium_malmoense,3473,3479,6
Mycobacterium_malmoense,3485,3491,6
Mycobacterium_malmoense,3642,3645,3
Mycobacterium_malmoense,3650,3653,3
Mycobacterium_malmoense,3782,3788,6
Mycobacterium_malmoense,4400,4406,6
Mycobacterium_malmoense,4407,4413,6
Mycobacterium_malmoense,4417,4426,9
Mycobacterium_malmoense,4432,4445,13
Mycobacterium_malmoense,4452,4455,3
Mycobacterium_malmoense,4456,4462,6
Mycobacterium_malmoense,4468,4474,6
Mycobacterium_malmoense,4483,4486,3
Mycobacterium_malmoense,4540,4552,12
Mycobacterium_malmoense,4555,4564,9
Mycobacterium_malmoense,4567,4573,6
Mycobacterium_malmoense,4581,4584,3
Mycobacterium_malmoense,5163,5169,6
Mycobacterium_malmoense,5170,5179,9
Mycobacterium_malmoense,5197,5199,2
Mycobacterium_malmoense,5201,5204,3
Mycobacterium_malmoense,5206,5214,8
Mycobacterium_malmoense,5218,5227,9
Mycobacterium_malmoense,5231,5241,10
Mycobacterium_malmoense,5247,5253,6
Mycobacterium_malmoense,5401,5402,1
Mycobacterium_malmoense,6015,6016,1
Mycobacterium_malmoense,6431,6452,21
Mycobacterium_malmoense,6456,6462,6
Mycobacterium_malmoense,6470,6494,24
Mycobacterium_malmoense,7178,7254,76
Mycobacterium_malmoense,7260,7268,8
Mycobacterium_malmoense,7760,7763,3
Mycobacterium_malmoense,8452,8500,48
Mycobacterium_malmoense,8577,8578,1
Mycobacterium_malmoense,8584,8599,15
Mycobacterium_malmoense,8601,8603,2
Mycobacterium_malmoense,8609,8610,1
Mycobacterium_malmoense,8661,8662,1
Mycobacterium_malmoense,8703,8704,1
Mycobacterium_malmoense,8720,8721,1
Mycobacterium_malmoense,8733,8735,2
Mycobacterium_malmoense,8739,8742,3
Mycobacterium_malmoense,8930,8931,1
Mycobacterium_malmoense,8980,8982,2
Mycobacterium_malmoense,8996,8998,2
Mycobacterium_malmoense,9120,9121,1
Mycobacterium_malmoense,9370,9372,2
Mycobacterium_malmoense,9546,9547,1
Mycobacterium_malmoense,9812,9813,1
Mycobacterium_malmoense,9980,9981,1
Mycobacterium_malmoense,9983,9986,3
Mycobacterium_malmoense,10076,10078,2
Mycobacterium_malmoense,10157,10158,1
Mycobacterium_malmoense,10261,10262,1
Mycobacterium_malmoense,10310,10312,2
Mycobacterium_malmoense,10313,10315,2
Mycobacterium_malmoense,10325,10326,1
Mycobacterium_malmoense,10370,10371,1
Mycobacterium_malmoense,10434,10435,1
Mycobacterium_malmoense,10448,10449,1
Mycobacterium_malmoense,10476,10477,1
Mycobacterium_malmoense,10491,10492,1
Mycobacterium_malmoense,10526,10527,1
Mycobacterium_malmoense,10546,10649,103
Mycobacterium_malmoense,10828,10830,2
Mycobacterium_malmoense,10832,10846,14
Mycobacterium_malmoense,10864,10865,1
Mycobacterium_malmoense,10914,10915,1
Mycobacterium_malmoense,10957,10982,25
Mycobacterium_malmoense,11085,11086,1
Mycobacterium_malmoense,11143,11144,1
Mycobacterium_malmoense,11243,11244,1
Mycobacterium_malmoense,11260,11261,1
Mycobacterium_malmoense,11262,11263,1
Mycobacterium_malmoense,11265,11267,2
Mycobacterium_malmoense,11286,11287,1
Mycobacterium_malmoense,11312,11313,1
Mycobacterium_malmoense,11473,11474,1
Mycobacterium_malmoense,11505,11534,29
Mycobacterium_malmoense,11566,11567,1
Mycobacterium_malmoense,11590,11591,1
Mycobacterium_malmoense,11782,11783,1
Mycobacterium_malmoense,11823,11824,1
Mycobacterium_malmoense,11826,11827,1
Mycobacterium_malmoense,11831,11836,5
Mycobacterium_malmoense,11848,11850,2
Mycobacterium_malmoense,11851,11852,1
Mycobacterium_malmoense,11859,11860,1
Mycobacterium_malmoense,11864,11866,2
Mycobacterium_malmoense,11877,11878,1
Mycobacterium_malmoense,11993,11994,1
Mycobacterium_malmoense,12029,12030,1
Mycobacterium_malmoense,12068,12069,1
Mycobacterium_malmoense,12207,12208,1
Mycobacterium_malmoense,12211,12212,1
Mycobacterium_malmoense,12213,12214,1
Mycobacterium_malmoense,12218,12222,4
Mycobacterium_malmoense,12225,12227,2
Mycobacterium_malmoense,12237,12238,1
Mycobacterium_malmoense,12360,12369,9
Mycobacterium_malmoense,12371,12372,1
Mycobacterium_malmoense,12374,12380,6
Mycobacterium_malmoense,12384,12390,6
Mycobacterium_malmoense,12391,12400,9
Mycobacterium_malmoense,12454,12455,1
Mycobacterium_malmoense,12739,12740,1
Mycobacterium_malmoense,12798,12925,127
Mycobacterium_malmoense,13451,13452,1
Mycobacterium_malmoense,13453,13454,1
Mycobacterium_malmoense,13508,13509,1
Mycolicibacterium_senegalense,1,10,9
Mycolicibacterium_senegalense,21,39,18
Mycolicibacterium_senegalense,43,46,3
Mycolicibacterium_senegalense,48,110,62
Mycolicibacterium_senegalense,117,132,15
Mycolicibacterium_senegalense,133,136,3
Mycolicibacterium_senegalense,346,349,3
Mycolicibacterium_senegalense,1542,1691,149
Mycolicibacterium_senegalense,3269,3272,3
Mycolicibacterium_senegalense,3317,3361,44
Mycolicibacterium_senegalense,3364,3365,1
Mycolicibacterium_senegalense,3373,3374,1
Mycolicibacterium_senegalense,3409,3421,12
Mycolicibacterium_senegalense,3424,3478,54
Mycolicibacterium_senegalense,3485,3491,6
Mycolicibacterium_senegalense,3642,3645,3
Mycolicibacterium_senegalense,3650,3653,3
Mycolicibacterium_senegalense,3655,3667,12
Mycolicibacterium_senegalense,3782,3788,6
Mycolicibacterium_senegalense,4400,4406,6
Mycolicibacterium_senegalense,4407,4413,6
Mycolicibacterium_senegalense,4417,4426,9
Mycolicibacterium_senegalense,4432,4445,13
Mycolicibacterium_senegalense,4452,4455,3
Mycolicibacterium_senegalense,4456,4462,6
Mycolicibacterium_senegalense,4468,4474,6
Mycolicibacterium_senegalense,4475,4481,6
Mycolicibacterium_senegalense,4483,4486,3
Mycolicibacterium_senegalense,4540,4552,12
Mycolicibacterium_senegalense,4555,4564,9
Mycolicibacterium_senegalense,4567,4573,6
Mycolicibacterium_senegalense,4582,4585,3
Mycolicibacterium_senegalense,5163,5169,6
Mycolicibacterium_senegalense,5170,5179,9
Mycolicibacterium_senegalense,5181,5190,9
Mycolicibacterium_senegalense,5197,5199,2
Mycolicibacterium_senegalense,5201,5204,3
Mycolicibacterium_senegalense,5206,5214,8
Mycolicibacterium_senegalense,5218,5230,12
Mycolicibacterium_senegalense,5231,5241,10
Mycolicibacterium_senegalense,5247,5253,6
Mycolicibacterium_senegalense,5401,5402,1
Mycolicibacterium_senegalense,6015,6016,1
Mycolicibacterium_senegalense,6431,6452,21
Mycolicibacterium_senegalense,6456,6462,6
Mycolicibacterium_senegalense,6470,6494,24
Mycolicibacterium_senegalense,7178,7254,76
Mycolicibacterium_senegalense,7260,7268,8
Mycolicibacterium_senegalense,7760,7763,3
Mycolicibacterium_senegalense,8452,8500,48
Mycolicibacterium_senegalense,8577,8578,1
Mycolicibacterium_senegalense,8584,8599,15
Mycolicibacterium_senegalense,8600,8604,4
Mycolicibacterium_senegalense,8609,8610,1
Mycolicibacterium_senegalense,8661,8662,1
Mycolicibacterium_senegalense,8703,8704,1
Mycolicibacterium_senegalense,8720,8721,1
Mycolicibacterium_senegalense,8733,8735,2
Mycolicibacterium_senegalense,8739,8742,3
Mycolicibacterium_senegalense,8930,8931,1
Mycolicibacterium_senegalense,8980,8982,2
Mycolicibacterium_senegalense,8984,8998,14
Mycolicibacterium_senegalense,9120,9121,1
Mycolicibacterium_senegalense,9370,9372,2
Mycolicibacterium_senegalense,9546,9547,1
Mycolicibacterium_senegalense,9812,9813,1
Mycolicibacterium_senegalense,9982,9984,2
Mycolicibacterium_senegalense,9985,9986,1
Mycolicibacterium_senegalense,10076,10078,2
Mycolicibacterium_senegalense,10157,10158,1
Mycolicibacterium_senegalense,10261,10262,1
Mycolicibacterium_senegalense,10310,10312,2
Mycolicibacterium_senegalense,10313,10314,1
Mycolicibacterium_senegalense,10325,10326,1
Mycolicibacterium_senegalense,10370,10371,1
Mycolicibacterium_senegalense,10416,10417,1
Mycolicibacterium_senegalense,10434,10435,1
Mycolicibacterium_senegalense,10448,10449,1
Mycolicibacterium_senegalense,10476,10477,1
Mycolicibacterium_senegalense,10491,10492,1
Mycolicibacterium_senegalense,10526,10527,1
Mycolicibacterium_senegalense,10539,10540,1
Mycolicibacterium_senegalense,10547,10649,102
Mycolicibacterium_senegalense,10828,10831,3
Mycolicibacterium_senegalense,10835,10843,8
Mycolicibacterium_senegalense,10864,10865,1
Mycolicibacterium_senegalense,10914,10915,1
Mycolicibacterium_senegalense,10965,10966,1
Mycolicibacterium_senegalense,10971,10975,4
Mycolicibacterium_senegalense,11085,11086,1
Mycolicibacterium_senegalense,11143,11144,1
Mycolicibacterium_senegalense,11243,11244,1
Mycolicibacterium_senegalense,11260,11261,1
Mycolicibacterium_senegalense,11286,11287,1
Mycolicibacterium_senegalense,11312,11313,1
Mycolicibacterium_senegalense,11473,11474,1
Mycolicibacterium_senegalense,11505,11512,7
Mycolicibacterium_senegalense,11513,11514,1
Mycolicibacterium_senegalense,11516,11517,1
Mycolicibacterium_senegalense,11520,11521,1
Mycolicibacterium_senegalense,11524,11541,17
Mycolicibacterium_senegalense,11566,11567,1
Mycolicibacterium_senegalense,11782,11783,1
Mycolicibacterium_senegalense,11823,11824,1
Mycolicibacterium_senegalense,11826,11827,1
Mycolicibacterium_senegalense,11831,11836,5
Mycolicibacterium_senegalense,11846,11850,4
Mycolicibacterium_senegalense,11851,11852,1
Mycolicibacterium_senegalense,11859,11860,1
Mycolicibacterium_senegalense,11864,11865,1
Mycolicibacterium_senegalense,11877,11878,1
Mycolicibacterium_senegalense,11993,11994,1
Mycolicibacterium_senegalense,12029,12030,1
Mycolicibacterium_senegalense,12068,12069,1
Mycolicibacterium_senegalense,12207,12208,1
Mycolicibacterium_senegalense,12211,12212,1
Mycolicibacterium_senegalense,12213,12214,1
Mycolicibacterium_senegalense,12218,12222,4
Mycolicibacterium_senegalense,12226,12227,1
Mycolicibacterium_senegalense,12237,12238,1
Mycolicibacterium_senegalense,12360,12372,12
Mycolicibacterium_senegalense,12374,12375,1
Mycolicibacterium_senegalense,12378,12381,3
Mycolicibacterium_senegalense,12384,12390,6
Mycolicibacterium_senegalense,12391,12400,9
Mycolicibacterium_senegalense,12739,12740,1
Mycolicibacterium_senegalense,12798,12925,127
Mycolicibacterium_senegalense,13451,13452,1
Mycolicibacterium_senegalense,13453,13454,1
Mycolicibacterium_senegalense,13508,13509,1
Mycolicibacterium_farcinogenes,1,10,9
Mycolicibacterium_farcinogenes,21,39,18
Mycolicibacterium_farcinogenes,43,46,3
Mycolicibacterium_farcinogenes,48,110,62
Mycolicibacterium_farcinogenes,117,132,15
Mycolicibacterium_farcinogenes,133,136,3
Mycolicibacterium_farcinogenes,346,349,3
Mycolicibacterium_farcinogenes,1542,1691,149
Mycolicibacterium_farcinogenes,3269,3272,3
Mycolicibacterium_farcinogenes,3317,3361,44
Mycolicibacterium_farcinogenes,3364,3365,1
Mycolicibacterium_farcinogenes,3373,3374,1
Mycolicibacterium_farcinogenes,3409,3421,12
Mycolicibacterium_farcinogenes,3424,3478,54
Mycolicibacterium_farcinogenes,3485,3491,6
Mycolicibacterium_farcinogenes,3642,3645,3
Mycolicibacterium_farcinogenes,3650,3653,3
Mycolicibacterium_farcinogenes,3655,3667,12
Mycolicibacterium_farcinogenes,3782,3788,6
Mycolicibacterium_farcinogenes,4400,4406,6
Mycolicibacterium_farcinogenes,4407,4413,6
Mycolicibacterium_farcinogenes,4417,4426,9
Mycolicibacterium_farcinogenes,4432,4445,13
Mycolicibacterium_farcinogenes,4452,4455,3
Mycolicibacterium_farcinogenes,4456,4462,6
Mycolicibacterium_farcinogenes,4468,4474,6
Mycolicibacterium_farcinogenes,4475,4481,6
Mycolicibacterium_farcinogenes,4483,4486,3
Mycolicibacterium_farcinogenes,4540,4552,12
Mycolicibacterium_farcinogenes,4555,4564,9
Mycolicibacterium_farcinogenes,4567,4573,6
Mycolicibacterium_farcinogenes,4582,4585,3
Mycolicibacterium_farcinogenes,5163,5169,6
Mycolicibacterium_farcinogenes,5170,5179,9
Mycolicibacterium_farcinogenes,5181,5190,9
Mycolicibacterium_farcinogenes,5197,5199,2
Mycolicibacterium_farcinogenes,5201,5204,3
Mycolicibacterium_farcinogenes,5206,5214,8
Mycolicibacterium_farcinogenes,5218,5230,12
Mycolicibacterium_farcinogenes,5231,5241,10
Mycolicibacterium_farcinogenes,5247,5253,6
Mycolicibacterium_farcinogenes,5401,5402,1
Mycolicibacterium_farcinogenes,6015,6016,1
Mycolicibacterium_farcinogenes,6431,6452,21
Mycolicibacterium_farcinogenes,6456,6462,6
Mycolicibacterium_farcinogenes,6470,6494,24
Mycolicibacterium_farcinogenes,7178,7254,76
Mycolicibacterium_farcinogenes,7260,7268,8
Mycolicibacterium_farcinogenes,7760,7763,3
Mycolicibacterium_farcinogenes,8452,8500,48
Mycolicibacterium_farcinogenes,8577,8578,1
Mycolicibacterium_farcinogenes,8584,8599,15
Mycolicibacterium_farcinogenes,8600,8604,4
Mycolicibacterium_farcinogenes,8609,8610,1
Mycolicibacterium_farcinogenes,8661,8662,1
Mycolicibacterium_farcinogenes,8703,8704,1
Mycolicibacterium_farcinogenes,8720,8721,1
Mycolicibacterium_farcinogenes,8733,8735,2
Mycolicibacterium_farcinogenes,8739,8742,3
Mycolicibacterium_farcinogenes,8930,8931,1
Mycolicibacterium_farcinogenes,8980,8982,2
Mycolicibacterium_farcinogenes,8984,8998,14
Mycolicibacterium_farcinogenes,9120,9121,1
Mycolicibacterium_farcinogenes,9370,9372,2
Mycolicibacterium_farcinogenes,9546,9547,1
Mycolicibacterium_farcinogenes,9812,9813,1
Mycolicibacterium_farcinogenes,9982,9984,2
Mycolicibacterium_farcinogenes,9985,9986,1
Mycolicibacterium_farcinogenes,10076,10078,2
Mycolicibacterium_farcinogenes,10157,10158,1
Mycolicibacterium_farcinogenes,10261,10262,1
Mycolicibacterium_farcinogenes,10310,10312,2
Mycolicibacterium_farcinogenes,10313,10314,1
Mycolicibacterium_farcinogenes,10325,10326,1
Mycolicibacterium_farcinogenes,10370,10371,1
Mycolicibacterium_farcinogenes,10416,10417,1
Mycolicibacterium_farcinogenes,10434,10435,1
Mycolicibacterium_farcinogenes,10448,10449,1
Mycolicibacterium_farcinogenes,10476,10477,1
Mycolicibacterium_farcinogenes,10491,10492,1
Mycolicibacterium_farcinogenes,10526,10527,1
Mycolicibacterium_farcinogenes,10539,10540,1
Mycolicibacterium_farcinogenes,10547,10649,102
Mycolicibacterium_farcinogenes,10828,10831,3
Mycolicibacterium_farcinogenes,10835,10843,8
Mycolicibacterium_farcinogenes,10864,10865,1
Mycolicibacterium_farcinogenes,10914,10915,1
Mycolicibacterium_farcinogenes,10965,10966,1
Mycolicibacterium_farcinogenes,10971,10975,4
Mycolicibacterium_farcinogenes,11085,11086,1
Mycolicibacterium_farcinogenes,11143,11144,1
Mycolicibacterium_farcinogenes,11243,11244,1
Mycolicibacterium_farcinogenes,11260,11261,1
Mycolicibacterium_farcinogenes,11286,11287,1
Mycolicibacterium_farcinogenes,11312,11313,1
Mycolicibacterium_farcinogenes,11473,11474,1
Mycolicibacterium_farcinogenes,11505,11512,7
Mycolicibacterium_farcinogenes,11513,11514,1
Mycolicibacterium_farcinogenes,11516,11517,1
Mycolicibacterium_farcinogenes,11520,11521,1
Mycolicibacterium_farcinogenes,11524,11541,17
Mycolicibacterium_farcinogenes,11566,11567,1
Mycolicibacterium_farcinogenes,11782,11783,1
Mycolicibacterium_farcinogenes,11823,11824,1
Mycolicibacterium_farcinogenes,11826,11827,1
Mycolicibacterium_farcinogenes,11831,11836,5
Mycolicibacterium_farcinogenes,11846,11850,4
Mycolicibacterium_farcinogenes,11851,11852,1
Mycolicibacterium_farcinogenes,11859,11860,1
Mycolicibacterium_farcinogenes,11864,11865,1
Mycolicibacterium_farcinogenes,11877,11878,1
Mycolicibacterium_farcinogenes,11993,11994,1
Mycolicibacterium_farcinogenes,12029,12030,1
Mycolicibacterium_farcinogenes,12068,12069,1
Mycolicibacterium_farcinogenes,12207,12208,1
Mycolicibacterium_farcinogenes,12211,12212,1
Mycolicibacterium_farcinogenes,12213,12214,1
Mycolicibacterium_farcinogenes,12218,12222,4
Mycolicibacterium_farcinogenes,12226,12227,1
Mycolicibacterium_farcinogenes,12237,12238,1
Mycolicibacterium_farcinogenes,12360,12372,12
Mycolicibacterium_farcinogenes,12374,12375,1
Mycolicibacterium_farcinogenes,12378,12381,3
Mycolicibacterium_farcinogenes,12384,12390,6
Mycolicibacterium_farcinogenes,12391,12400,9
Mycolicibacterium_farcinogenes,12454,12455,1
Mycolicibacterium_farcinogenes,12739,12740,1
Mycolicibacterium_farcinogenes,12798,12925,127
Mycolicibacterium_farcinogenes,13451,13452,1
Mycolicibacterium_farcinogenes,13453,13454,1
Mycolicibacterium_farcinogenes,13508,13509,1
Mycobacterium_ostraviense,1,10,9
Mycobacterium_ostraviense,21,39,18
Mycobacterium_ostraviense,43,46,3
Mycobacterium_ostraviense,53,71,18
Mycobacterium_ostraviense,87,107,20
Mycobacterium_ostraviense,117,132,15
Mycobacterium_ostraviense,133,136,3
Mycobacterium_ostraviense,346,349,3
Mycobacterium_ostraviense,1542,1691,149
Mycobacterium_ostraviense,3284,3287,3
Mycobacterium_ostraviense,3317,3381,64
Mycobacterium_ostraviense,3418,3420,2
Mycobacterium_ostraviense,3424,3458,34
Mycobacterium_ostraviense,3473,3479,6
Mycobacterium_ostraviense,3485,3491,6
Mycobacterium_ostraviense,3642,3645,3
Mycobacterium_ostraviense,3650,3653,3
Mycobacterium_ostraviense,3655,3667,12
Mycobacterium_ostraviense,3782,3788,6
Mycobacterium_ostraviense,4400,4406,6
Mycobacterium_ostraviense,4407,4413,6
Mycobacterium_ostraviense,4417,4426,9
Mycobacterium_ostraviense,4432,4445,13
Mycobacterium_ostraviense,4452,4455,3
Mycobacterium_ostraviense,4456,4462,6
Mycobacterium_ostraviense,4468,4480,12
Mycobacterium_ostraviense,4483,4486,3
Mycobacterium_ostraviense,4555,4564,9
Mycobacterium_ostraviense,4567,4573,6
Mycobacterium_ostraviense,5163,5169,6
Mycobacterium_ostraviense,5170,5179,9
Mycobacterium_ostraviense,5181,5190,9
Mycobacterium_ostraviense,5201,5204,3
Mycobacterium_ostraviense,5206,5214,8
Mycobacterium_ostraviense,5218,5230,12
Mycobacterium_ostraviense,5247,5253,6
Mycobacterium_ostraviense,5401,5402,1
Mycobacterium_ostraviense,6015,6016,1
Mycobacterium_ostraviense,6431,6467,36
Mycobacterium_ostraviense,6470,6494,24
Mycobacterium_ostraviense,7178,7254,76
Mycobacterium_ostraviense,7260,7268,8
Mycobacterium_ostraviense,7760,7763,3
Mycobacterium_ostraviense,8452,8500,48
Mycobacterium_ostraviense,8577,8578,1
Mycobacterium_ostraviense,8584,8599,15
Mycobacterium_ostraviense,8601,8603,2
Mycobacterium_ostraviense,8609,8610,1
Mycobacterium_ostraviense,8661,8662,1
Mycobacterium_ostraviense,8703,8704,1
Mycobacterium_ostraviense,8720,8721,1
Mycobacterium_ostraviense,8733,8735,2
Mycobacterium_ostraviense,8739,8742,3
Mycobacterium_ostraviense,8930,8931,1
Mycobacterium_ostraviense,8980,8982,2
Mycobacterium_ostraviense,8996,8998,2
Mycobacterium_ostraviense,9120,9121,1
Mycobacterium_ostraviense,9370,9372,2
Mycobacterium_ostraviense,9546,9547,1
Mycobacterium_ostraviense,9812,9813,1
Mycobacterium_ostraviense,9980,9981,1
Mycobacterium_ostraviense,9983,9986,3
Mycobacterium_ostraviense,10076,10078,2
Mycobacterium_ostraviense,10157,10158,1
Mycobacterium_ostraviense,10261,10262,1
Mycobacterium_ostraviense,10310,10312,2
Mycobacterium_ostraviense,10313,10315,2
Mycobacterium_ostraviense,10325,10326,1
Mycobacterium_ostraviense,10370,10371,1
Mycobacterium_ostraviense,10434,10435,1
Mycobacterium_ostraviense,10448,10449,1
Mycobacterium_ostraviense,10476,10477,1
Mycobacterium_ostraviense,10491,10492,1
Mycobacterium_ostraviense,10526,10527,1
Mycobacterium_ostraviense,10546,10649,103
Mycobacterium_ostraviense,10828,10830,2
Mycobacterium_ostraviense,10832,10846,14
Mycobacterium_ostraviense,10864,10865,1
Mycobacterium_ostraviense,10914,10915,1
Mycobacterium_ostraviense,10958,10966,8
Mycobacterium_ostraviense,10971,10972,1
Mycobacterium_ostraviense,11085,11086,1
Mycobacterium_ostraviense,11143,11144,1
Mycobacterium_ostraviense,11243,11244,1
Mycobacterium_ostraviense,11260,11261,1
Mycobacterium_ostraviense,11262,11263,1
Mycobacterium_ostraviense,11265,11267,2
Mycobacterium_ostraviense,11286,11287,1
Mycobacterium_ostraviense,11312,11313,1
Mycobacterium_ostraviense,11473,11474,1
Mycobacterium_ostraviense,11505,11534,29
Mycobacterium_ostraviense,11566,11567,1
Mycobacterium_ostraviense,11590,11591,1
Mycobacterium_ostraviense,11782,11783,1
Mycobacterium_ostraviense,11823,11824,1
Mycobacterium_ostraviense,11826,11827,1
Mycobacterium_ostraviense,11831,11836,5
Mycobacterium_ostraviense,11848,11850,2
Mycobacterium_ostraviense,11851,11852,1
Mycobacterium_ostraviense,11859,11860,1
Mycobacterium_ostraviense,11864,11866,2
Mycobacterium_ostraviense,11877,11878,1
Mycobacterium_ostraviense,11993,11994,1
Mycobacterium_ostraviense,12029,12030,1
Mycobacterium_ostraviense,12068,12069,1
Mycobacterium_ostraviense,12207,12208,1
Mycobacterium_ostraviense,12211,12212,1
Mycobacterium_ostraviense,12213,12214,1
Mycobacterium_ostraviense,12218,12222,4
Mycobacterium_ostraviense,12225,12227,2
Mycobacterium_ostraviense,12237,12238,1
Mycobacterium_ostraviense,12360,12369,9
Mycobacterium_ostraviense,12371,12380,9
Mycobacterium_ostraviense,12384,12390,6
Mycobacterium_ostraviense,12391,12400,9
Mycobacterium_ostraviense,12454,12455,1
Mycobacterium_ostraviense,12739,12740,1
Mycobacterium_ostraviense,12798,12925,127
Mycobacterium_ostraviense,13451,13452,1
Mycobacterium_ostraviense,13453,13454,1
Mycolicibacterium_crocinum,1,10,9
Mycolicibacterium_crocinum,21,39,18
Mycolicibacterium_crocinum,43,46,3
Mycolicibacterium_crocinum,50,109,59
Mycolicibacterium_crocinum,117,132,15
Mycolicibacterium_crocinum,133,136,3
Mycolicibacterium_crocinum,346,349,3
Mycolicibacterium_crocinum,1542,1691,149
Mycolicibacterium_crocinum,3317,3361,44
Mycolicibacterium_crocinum,3364,3365,1
Mycolicibacterium_crocinum,3373,3374,1
Mycolicibacterium_crocinum,3408,3480,72
Mycolicibacterium_crocinum,3485,3491,6
Mycolicibacterium_crocinum,3642,3645,3
Mycolicibacterium_crocinum,3650,3653,3
Mycolicibacterium_crocinum,3655,3667,12
Mycolicibacterium_crocinum,3782,3788,6
Mycolicibacterium_crocinum,4400,4406,6
Mycolicibacterium_crocinum,4407,4413,6
Mycolicibacterium_crocinum,4417,4426,9
Mycolicibacterium_crocinum,4432,4445,13
Mycolicibacterium_crocinum,4452,4455,3
Mycolicibacterium_crocinum,4456,4462,6
Mycolicibacterium_crocinum,4468,4474,6
Mycolicibacterium_crocinum,4475,4481,6
Mycolicibacterium_crocinum,4483,4486,3
Mycolicibacterium_crocinum,4540,4552,12
Mycolicibacterium_crocinum,4555,4564,9
Mycolicibacterium_crocinum,4567,4573,6
Mycolicibacterium_crocinum,4582,4585,3
Mycolicibacterium_crocinum,5163,5169,6
Mycolicibacterium_crocinum,5170,5179,9
Mycolicibacterium_crocinum,5181,5190,9
Mycolicibacterium_crocinum,5197,5199,2
Mycolicibacterium_crocinum,5201,5204,3
Mycolicibacterium_crocinum,5206,5214,8
Mycolicibacterium_crocinum,5218,5230,12
Mycolicibacterium_crocinum,5231,5241,10
Mycolicibacterium_crocinum,5247,5253,6
Mycolicibacterium_crocinum,5401,5402,1
Mycolicibacterium_crocinum,6015,6016,1
Mycolicibacterium_crocinum,6431,6467,36
Mycolicibacterium_crocinum,6470,6494,24
Mycolicibacterium_crocinum,7760,7763,3
Mycolicibacterium_crocinum,8452,8500,48
Mycolicibacterium_crocinum,8584,8599,15
Mycolicibacterium_crocinum,8600,8604,4
Mycolicibacterium_crocinum,8661,8662,1
Mycolicibacterium_crocinum,8703,8704,1
Mycolicibacterium_crocinum,8720,8721,1
Mycolicibacterium_crocinum,8733,8735,2
Mycolicibacterium_crocinum,8739,8742,3
Mycolicibacterium_crocinum,8930,8931,1
Mycolicibacterium_crocinum,8980,8982,2
Mycolicibacterium_crocinum,8984,8998,14
Mycolicibacterium_crocinum,9120,9121,1
Mycolicibacterium_crocinum,9370,9372,2
Mycolicibacterium_crocinum,9546,9547,1
Mycolicibacterium_crocinum,9812,9813,1
Mycolicibacterium_crocinum,9985,9986,1
Mycolicibacterium_crocinum,10076,10078,2
Mycolicibacterium_crocinum,10157,10158,1
Mycolicibacterium_crocinum,10261,10262,1
Mycolicibacterium_crocinum,10310,10312,2
Mycolicibacterium_crocinum,10313,10315,2
Mycolicibacterium_crocinum,10325,10326,1
Mycolicibacterium_crocinum,10370,10371,1
Mycolicibacterium_crocinum,10416,10417,1
Mycolicibacterium_crocinum,10434,10435,1
Mycolicibacterium_crocinum,10448,10449,1
Mycolicibacterium_crocinum,10461,10462,1
Mycolicibacterium_crocinum,10476,10477,1
Mycolicibacterium_crocinum,10491,10492,1
Mycolicibacterium_crocinum,10526,10527,1
Mycolicibacterium_crocinum,10546,10649,103
Mycolicibacterium_crocinum,10828,10830,2
Mycolicibacterium_crocinum,10835,10836,1
Mycolicibacterium_crocinum,10837,10843,6
Mycolicibacterium_crocinum,10864,10865,1
Mycolicibacterium_crocinum,10914,10915,1
Mycolicibacterium_crocinum,10965,10966,1
Mycolicibacterium_crocinum,10971,10975,4
Mycolicibacterium_crocinum,11085,11086,1
Mycolicibacterium_crocinum,11143,11144,1
Mycolicibacterium_crocinum,11243,11244,1
Mycolicibacterium_crocinum,11260,11261,1
Mycolicibacterium_crocinum,11265,11267,2
Mycolicibacterium_crocinum,11286,11287,1
Mycolicibacterium_crocinum,11312,11313,1
Mycolicibacterium_crocinum,11473,11474,1
Mycolicibacterium_crocinum,11505,11512,7
Mycolicibacterium_crocinum,11513,11514,1
Mycolicibacterium_crocinum,11520,11521,1
Mycolicibacterium_crocinum,11523,11537,14
Mycolicibacterium_crocinum,11782,11783,1
Mycolicibacterium_crocinum,11823,11824,1
Mycolicibacterium_crocinum,11826,11827,1
Mycolicibacterium_crocinum,11831,11836,5
Mycolicibacterium_crocinum,11846,11850,4
Mycolicibacterium_crocinum,11851,11852,1
Mycolicibacterium_crocinum,11859,11860,1
Mycolicibacterium_crocinum,11864,11866,2
Mycolicibacterium_crocinum,11877,11878,1
Mycolicibacterium_crocinum,11993,11994,1
Mycolicibacterium_crocinum,12029,12030,1
Mycolicibacterium_crocinum,12068,12069,1
Mycolicibacterium_crocinum,12196,12197,1
Mycolicibacterium_crocinum,12207,12208,1
Mycolicibacterium_crocinum,12211,12212,1
Mycolicibacterium_crocinum,12213,12214,1
Mycolicibacterium_crocinum,12218,12222,4
Mycolicibacterium_crocinum,12226,12227,1
Mycolicibacterium_crocinum,12237,12238,1
Mycolicibacterium_crocinum,12360,12369,9
Mycolicibacterium_crocinum,12371,12372,1
Mycolicibacterium_crocinum,12374,12375,1
Mycolicibacterium_crocinum,12379,12380,1
Mycolicibacterium_crocinum,12384,12390,6
Mycolicibacterium_crocinum,12391,12400,9
Mycolicibacterium_crocinum,12454,12455,1
Mycolicibacterium_crocinum,12739,12740,1
Mycolicibacterium_crocinum,12798,12925,127
Mycolicibacterium_crocinum,13451,13452,1
Mycolicibacterium_crocinum,13453,13454,1
Mycolicibacterium_crocinum,13508,13509,1
Mycolicibacterium_goodii,1,10,9
Mycolicibacterium_goodii,21,39,18
Mycolicibacterium_goodii,43,46,3
Mycolicibacterium_goodii,48,110,62
Mycolicibacterium_goodii,117,132,15
Mycolicibacterium_goodii,133,136,3
Mycolicibacterium_goodii,346,349,3
Mycolicibacterium_goodii,1542,1691,149
Mycolicibacterium_goodii,3317,3361,44
Mycolicibacterium_goodii,3364,3365,1
Mycolicibacterium_goodii,3373,3374,1
Mycolicibacterium_goodii,3409,3478,69
Mycolicibacterium_goodii,3485,3491,6
Mycolicibacterium_goodii,3642,3645,3
Mycolicibacterium_goodii,3650,3653,3
Mycolicibacterium_goodii,3655,3667,12
Mycolicibacterium_goodii,3782,3788,6
Mycolicibacterium_goodii,4400,4406,6
Mycolicibacterium_goodii,4407,4413,6
Mycolicibacterium_goodii,4417,4426,9
Mycolicibacterium_goodii,4432,4445,13
Mycolicibacterium_goodii,4452,4455,3
Mycolicibacterium_goodii,4456,4462,6
Mycolicibacterium_goodii,4468,4474,6
Mycolicibacterium_goodii,4475,4481,6
Mycolicibacterium_goodii,4483,4486,3
Mycolicibacterium_goodii,4540,4552,12
Mycolicibacterium_goodii,4555,4564,9
Mycolicibacterium_goodii,4567,4573,6
Mycolicibacterium_goodii,4582,4585,3
Mycolicibacterium_goodii,5163,5169,6
Mycolicibacterium_goodii,5170,5179,9
Mycolicibacterium_goodii,5181,5190,9
Mycolicibacterium_goodii,5197,5199,2
Mycolicibacterium_goodii,5201,5204,3
Mycolicibacterium_goodii,5206,5214,8
Mycolicibacterium_goodii,5218,5230,12
Mycolicibacterium_goodii,5231,5241,10
Mycolicibacterium_goodii,5247,5253,6
Mycolicibacterium_goodii,5401,5402,1
Mycolicibacterium_goodii,6015,6016,1
Mycolicibacterium_goodii,6431,6452,21
Mycolicibacterium_goodii,6456,6462,6
Mycolicibacterium_goodii,6470,6494,24
Mycolicibacterium_goodii,7178,7254,76
Mycolicibacterium_goodii,7260,7268,8
Mycolicibacterium_goodii,7760,7763,3
Mycolicibacterium_goodii,8452,8500,48
Mycolicibacterium_goodii,8577,8578,1
Mycolicibacterium_goodii,8584,8599,15
Mycolicibacterium_goodii,8601,8603,2
Mycolicibacterium_goodii,8609,8610,1
Mycolicibacterium_goodii,8661,8662,1
Mycolicibacterium_goodii,8733,8735,2
Mycolicibacterium_goodii,8739,8742,3
Mycolicibacterium_goodii,8930,8931,1
Mycolicibacterium_goodii,8980,8982,2
Mycolicibacterium_goodii,8984,8998,14
Mycolicibacterium_goodii,9120,9121,1
Mycolicibacterium_goodii,9370,9372,2
Mycolicibacterium_goodii,9546,9547,1
Mycolicibacterium_goodii,9812,9813,1
Mycolicibacterium_goodii,9985,9986,1
Mycolicibacterium_goodii,10076,10078,2
Mycolicibacterium_goodii,10157,10158,1
Mycolicibacterium_goodii,10261,10262,1
Mycolicibacterium_goodii,10310,10312,2
Mycolicibacterium_goodii,10325,10326,1
Mycolicibacterium_goodii,10370,10371,1
Mycolicibacterium_goodii,10416,10417,1
Mycolicibacterium_goodii,10434,10435,1
Mycolicibacterium_goodii,10448,10449,1
Mycolicibacterium_goodii,10476,10477,1
Mycolicibacterium_goodii,10491,10492,1
Mycolicibacterium_goodii,10526,10527,1
Mycolicibacterium_goodii,10547,10649,102
Mycolicibacterium_goodii,10828,10830,2
Mycolicibacterium_goodii,10835,10843,8
Mycolicibacterium_goodii,10864,10865,1
Mycolicibacterium_goodii,10914,10915,1
Mycolicibacterium_goodii,10965,10966,1
Mycolicibacterium_goodii,10971,10975,4
Mycolicibacterium_goodii,11085,11086,1
Mycolicibacterium_goodii,11143,11144,1
Mycolicibacterium_goodii,11243,11244,1
Mycolicibacterium_goodii,11260,11261,1
Mycolicibacterium_goodii,11286,11287,1
Mycolicibacterium_goodii,11312,11313,1
Mycolicibacterium_goodii,11473,11474,1
Mycolicibacterium_goodii,11505,11512,7
Mycolicibacterium_goodii,11513,11514,1
Mycolicibacterium_goodii,11520,11539,19
Mycolicibacterium_goodii,11566,11567,1
Mycolicibacterium_goodii,11782,11783,1
Mycolicibacterium_goodii,11823,11824,1
Mycolicibacterium_goodii,11826,11827,1
Mycolicibacterium_goodii,11831,11836,5
Mycolicibacterium_goodii,11846,11850,4
Mycolicibacterium_goodii,11851,11852,1
Mycolicibacterium_goodii,11859,11860,1
Mycolicibacterium_goodii,11864,11865,1
Mycolicibacterium_goodii,11877,11878,1
Mycolicibacterium_goodii,11993,11995,2
Mycolicibacterium_goodii,12029,12030,1
Mycolicibacterium_goodii,12068,12069,1
Mycolicibacterium_goodii,12207,12208,1
Mycolicibacterium_goodii,12211,12212,1
Mycolicibacterium_goodii,12213,12214,1
Mycolicibacterium_goodii,12218,12222,4
Mycolicibacterium_goodii,12226,12228,2
Mycolicibacterium_goodii,12237,12238,1
Mycolicibacterium_goodii,12360,12372,12
Mycolicibacterium_goodii,12374,12375,1
Mycolicibacterium_goodii,12378,12381,3
Mycolicibacterium_goodii,12384,12390,6
Mycolicibacterium_goodii,12391,12400,9
Mycolicibacterium_goodii,12454,12455,1
Mycolicibacterium_goodii,12739,12740,1
Mycolicibacterium_goodii,12798,12925,127
Mycolicibacterium_goodii,13451,13452,1
Mycolicibacterium_goodii,13453,13454,1
Mycolicibacterium_goodii,13508,13509,1
Mycolicibacillus_parakoreensis,1,10,9
Mycolicibacillus_parakoreensis,21,39,18
Mycolicibacillus_parakoreensis,43,46,3
Mycolicibacillus_parakoreensis,64,102,38
Mycolicibacillus_parakoreensis,117,132,15
Mycolicibacillus_parakoreensis,133,136,3
Mycolicibacillus_parakoreensis,346,349,3
Mycolicibacillus_parakoreensis,1542,1691,149
Mycolicibacillus_parakoreensis,3317,3361,44
Mycolicibacillus_parakoreensis,3364,3365,1
Mycolicibacillus_parakoreensis,3373,3374,1
Mycolicibacillus_parakoreensis,3414,3477,63
Mycolicibacillus_parakoreensis,3485,3491,6
Mycolicibacillus_parakoreensis,3642,3645,3
Mycolicibacillus_parakoreensis,3650,3653,3
Mycolicibacillus_parakoreensis,3655,3667,12
Mycolicibacillus_parakoreensis,3782,3788,6
Mycolicibacillus_parakoreensis,4400,4406,6
Mycolicibacillus_parakoreensis,4407,4413,6
Mycolicibacillus_parakoreensis,4417,4426,9
Mycolicibacillus_parakoreensis,4434,4444,10
Mycolicibacillus_parakoreensis,4452,4455,3
Mycolicibacillus_parakoreensis,4456,4462,6
Mycolicibacillus_parakoreensis,4468,4480,12
Mycolicibacillus_parakoreensis,4483,4486,3
Mycolicibacillus_parakoreensis,4540,4552,12
Mycolicibacillus_parakoreensis,4555,4564,9
Mycolicibacillus_parakoreensis,4567,4573,6
Mycolicibacillus_parakoreensis,4581,4584,3
Mycolicibacillus_parakoreensis,5163,5169,6
Mycolicibacillus_parakoreensis,5170,5179,9
Mycolicibacillus_parakoreensis,5181,5190,9
Mycolicibacillus_parakoreensis,5197,5199,2
Mycolicibacillus_parakoreensis,5201,5204,3
Mycolicibacillus_parakoreensis,5206,5214,8
Mycolicibacillus_parakoreensis,5218,5230,12
Mycolicibacillus_parakoreensis,5231,5241,10
Mycolicibacillus_parakoreensis,5247,5253,6
Mycolicibacillus_parakoreensis,5401,5402,1
Mycolicibacillus_parakoreensis,6015,6016,1
Mycolicibacillus_parakoreensis,6431,6452,21
Mycolicibacillus_parakoreensis,6456,6462,6
Mycolicibacillus_parakoreensis,6470,6494,24
Mycolicibacillus_parakoreensis,7178,7254,76
Mycolicibacillus_parakoreensis,7260,7268,8
Mycolicibacillus_parakoreensis,7760,7763,3
Mycolicibacillus_parakoreensis,8452,8500,48
Mycolicibacillus_parakoreensis,8577,8578,1
Mycolicibacillus_parakoreensis,8584,8599,15
Mycolicibacillus_parakoreensis,8601,8603,2
Mycolicibacillus_parakoreensis,8609,8610,1
Mycolicibacillus_parakoreensis,8661,8662,1
Mycolicibacillus_parakoreensis,8703,8704,1
Mycolicibacillus_parakoreensis,8720,8721,1
Mycolicibacillus_parakoreensis,8733,8735,2
Mycolicibacillus_parakoreensis,8739,8742,3
Mycolicibacillus_parakoreensis,8930,8931,1
Mycolicibacillus_parakoreensis,8980,8982,2
Mycolicibacillus_parakoreensis,8984,8998,14
Mycolicibacillus_parakoreensis,9120,9121,1
Mycolicibacillus_parakoreensis,9370,9372,2
Mycolicibacillus_parakoreensis,9546,9547,1
Mycolicibacillus_parakoreensis,9985,9986,1
Mycolicibacillus_parakoreensis,10076,10078,2
Mycolicibacillus_parakoreensis,10157,10158,1
Mycolicibacillus_parakoreensis,10261,10262,1
Mycolicibacillus_parakoreensis,10310,10312,2
Mycolicibacillus_parakoreensis,10313,10315,2
Mycolicibacillus_parakoreensis,10325,10326,1
Mycolicibacillus_parakoreensis,10370,10371,1
Mycolicibacillus_parakoreensis,10416,10417,1
Mycolicibacillus_parakoreensis,10434,10435,1
Mycolicibacillus_parakoreensis,10448,10449,1
Mycolicibacillus_parakoreensis,10476,10477,1
Mycolicibacillus_parakoreensis,10491,10492,1
Mycolicibacillus_parakoreensis,10526,10527,1
Mycolicibacillus_parakoreensis,10546,10649,103
Mycolicibacillus_parakoreensis,10828,10830,2
Mycolicibacillus_parakoreensis,10835,10846,11
Mycolicibacillus_parakoreensis,10864,10865,1
Mycolicibacillus_parakoreensis,10914,10915,1
Mycolicibacillus_parakoreensis,10971,10975,4
Mycolicibacillus_parakoreensis,11085,11086,1
Mycolicibacillus_parakoreensis,11143,11144,1
Mycolicibacillus_parakoreensis,11243,11244,1
Mycolicibacillus_parakoreensis,11265,11267,2
Mycolicibacillus_parakoreensis,11286,11287,1
Mycolicibacillus_parakoreensis,11312,11313,1
Mycolicibacillus_parakoreensis,11473,11474,1
Mycolicibacillus_parakoreensis,11505,11512,7
Mycolicibacillus_parakoreensis,11513,11514,1
Mycolicibacillus_parakoreensis,11518,11523,5
Mycolicibacillus_parakoreensis,11524,11533,9
Mycolicibacillus_parakoreensis,11566,11567,1
Mycolicibacillus_parakoreensis,11782,11783,1
Mycolicibacillus_parakoreensis,11831,11836,5
Mycolicibacillus_parakoreensis,11859,11865,6
Mycolicibacillus_parakoreensis,11877,11878,1
Mycolicibacillus_parakoreensis,11993,11994,1
Mycolicibacillus_parakoreensis,12029,12030,1
Mycolicibacillus_parakoreensis,12068,12069,1
Mycolicibacillus_parakoreensis,12207,12208,1
Mycolicibacillus_parakoreensis,12211,12212,1
Mycolicibacillus_parakoreensis,12213,12214,1
Mycolicibacillus_parakoreensis,12218,12222,4
Mycolicibacillus_parakoreensis,12226,12227,1
Mycolicibacillus_parakoreensis,12237,12238,1
Mycolicibacillus_parakoreensis,12360,12380,20
Mycolicibacillus_parakoreensis,12385,12390,5
Mycolicibacillus_parakoreensis,12391,12393,2
Mycolicibacillus_parakoreensis,12454,12455,1
Mycolicibacillus_parakoreensis,12739,12740,1
Mycolicibacillus_parakoreensis,12798,12925,127
Mycolicibacillus_parakoreensis,13451,13452,1
Mycolicibacillus_parakoreensis,13453,13454,1
Mycolicibacillus_parakoreensis,13508,13509,1
Mycolicibacterium_rufum,1,10,9
Mycolicibacterium_rufum,21,39,18
Mycolicibacterium_rufum,43,46,3
Mycolicibacterium_rufum,64,102,38
Mycolicibacterium_rufum,117,132,15
Mycolicibacterium_rufum,133,136,3
Mycolicibacterium_rufum,346,349,3
Mycolicibacterium_rufum,1542,1691,149
Mycolicibacterium_rufum,3317,3361,44
Mycolicibacterium_rufum,3364,3365,1
Mycolicibacterium_rufum,3373,3374,1
Mycolicibacterium_rufum,3408,3480,72
Mycolicibacterium_rufum,3483,3492,9
Mycolicibacterium_rufum,3642,3645,3
Mycolicibacterium_rufum,3650,3653,3
Mycolicibacterium_rufum,3655,3667,12
Mycolicibacterium_rufum,3782,3788,6
Mycolicibacterium_rufum,4400,4406,6
Mycolicibacterium_rufum,4407,4413,6
Mycolicibacterium_rufum,4417,4426,9
Mycolicibacterium_rufum,4432,4445,13
Mycolicibacterium_rufum,4452,4455,3
Mycolicibacterium_rufum,4456,4462,6
Mycolicibacterium_rufum,4468,4474,6
Mycolicibacterium_rufum,4475,4481,6
Mycolicibacterium_rufum,4483,4486,3
Mycolicibacterium_rufum,4540,4552,12
Mycolicibacterium_rufum,4555,4564,9
Mycolicibacterium_rufum,4567,4573,6
Mycolicibacterium_rufum,4582,4585,3
Mycolicibacterium_rufum,5163,5169,6
Mycolicibacterium_rufum,5170,5179,9
Mycolicibacterium_rufum,5181,5190,9
Mycolicibacterium_rufum,5197,5199,2
Mycolicibacterium_rufum,5201,5204,3
Mycolicibacterium_rufum,5206,5214,8
Mycolicibacterium_rufum,5218,5230,12
Mycolicibacterium_rufum,5231,5241,10
Mycolicibacterium_rufum,5247,5253,6
Mycolicibacterium_rufum,5401,5402,1
Mycolicibacterium_rufum,6015,6016,1
Mycolicibacterium_rufum,6431,6467,36
Mycolicibacterium_rufum,6470,6494,24
Mycolicibacterium_rufum,7178,7254,76
Mycolicibacterium_rufum,7260,7268,8
Mycolicibacterium_rufum,7760,7763,3
Mycolicibacterium_rufum,8452,8500,48
Mycolicibacterium_rufum,8577,8578,1
Mycolicibacterium_rufum,8584,8599,15
Mycolicibacterium_rufum,8600,8604,4
Mycolicibacterium_rufum,8609,8610,1
Mycolicibacterium_rufum,8661,8662,1
Mycolicibacterium_rufum,8703,8704,1
Mycolicibacterium_rufum,8720,8721,1
Mycolicibacterium_rufum,8733,8735,2
Mycolicibacterium_rufum,8739,8742,3
Mycolicibacterium_rufum,8930,8931,1
Mycolicibacterium_rufum,8980,8982,2
Mycolicibacterium_rufum,8984,8998,14
Mycolicibacterium_rufum,9120,9121,1
Mycolicibacterium_rufum,9370,9372,2
Mycolicibacterium_rufum,9546,9547,1
Mycolicibacterium_rufum,9812,9813,1
Mycolicibacterium_rufum,9985,9986,1
Mycolicibacterium_rufum,10076,10078,2
Mycolicibacterium_rufum,10157,10158,1
Mycolicibacterium_rufum,10261,10262,1
Mycolicibacterium_rufum,10310,10312,2
Mycolicibacterium_rufum,10313,10315,2
Mycolicibacterium_rufum,10325,10326,1
Mycolicibacterium_rufum,10370,10371,1
Mycolicibacterium_rufum,10416,10417,1
Mycolicibacterium_rufum,10434,10435,1
Mycolicibacterium_rufum,10448,10449,1
Mycolicibacterium_rufum,10461,10462,1
Mycolicibacterium_rufum,10476,10477,1
Mycolicibacterium_rufum,10491,10492,1
Mycolicibacterium_rufum,10526,10527,1
Mycolicibacterium_rufum,10548,10649,101
Mycolicibacterium_rufum,10828,10831,3
Mycolicibacterium_rufum,10835,10836,1
Mycolicibacterium_rufum,10837,10843,6
Mycolicibacterium_rufum,10864,10865,1
Mycolicibacterium_rufum,10914,10915,1
Mycolicibacterium_rufum,10965,10966,1
Mycolicibacterium_rufum,10971,10975,4
Mycolicibacterium_rufum,11085,11086,1
Mycolicibacterium_rufum,11143,11144,1
Mycolicibacterium_rufum,11243,11244,1
Mycolicibacterium_rufum,11260,11261,1
Mycolicibacterium_rufum,11265,11267,2
Mycolicibacterium_rufum,11286,11287,1
Mycolicibacterium_rufum,11312,11313,1
Mycolicibacterium_rufum,11473,11474,1
Mycolicibacterium_rufum,11505,11512,7
Mycolicibacterium_rufum,11513,11514,1
Mycolicibacterium_rufum,11520,11521,1
Mycolicibacterium_rufum,11523,11538,15
Mycolicibacterium_rufum,11566,11567,1
Mycolicibacterium_rufum,11782,11783,1
Mycolicibacterium_rufum,11823,11824,1
Mycolicibacterium_rufum,11826,11827,1
Mycolicibacterium_rufum,11831,11836,5
Mycolicibacterium_rufum,11846,11850,4
Mycolicibacterium_rufum,11851,11852,1
Mycolicibacterium_rufum,11859,11860,1
Mycolicibacterium_rufum,11864,11866,2
Mycolicibacterium_rufum,11877,11878,1
Mycolicibacterium_rufum,11993,11994,1
Mycolicibacterium_rufum,12029,12030,1
Mycolicibacterium_rufum,12068,12069,1
Mycolicibacterium_rufum,12207,12208,1
Mycolicibacterium_rufum,12211,12212,1
Mycolicibacterium_rufum,12213,12214,1
Mycolicibacterium_rufum,12218,12222,4
Mycolicibacterium_rufum,12226,12227,1
Mycolicibacterium_rufum,12229,12230,1
Mycolicibacterium_rufum,12237,12238,1
Mycolicibacterium_rufum,12360,12369,9
Mycolicibacterium_rufum,12371,12372,1
Mycolicibacterium_rufum,12374,12375,1
Mycolicibacterium_rufum,12378,12382,4
Mycolicibacterium_rufum,12384,12390,6
Mycolicibacterium_rufum,12391,12400,9
Mycolicibacterium_rufum,12454,12455,1
Mycolicibacterium_rufum,12739,12740,1
Mycolicibacterium_rufum,12798,12925,127
Mycolicibacterium_rufum,13453,13454,1
Mycolicibacterium_rufum,13508,13509,1
Mycobacterium_lentiflavum,1,10,9
Mycobacterium_lentiflavum,21,39,18
Mycobacterium_lentiflavum,43,46,3
Mycobacterium_lentiflavum,53,71,18
Mycobacterium_lentiflavum,87,107,20
Mycobacterium_lentiflavum,117,132,15
Mycobacterium_lentiflavum,133,136,3
Mycobacterium_lentiflavum,346,349,3
Mycobacterium_lentiflavum,1542,1691,149
Mycobacterium_lentiflavum,3317,3361,44
Mycobacterium_lentiflavum,3364,3365,1
Mycobacterium_lentiflavum,3373,3374,1
Mycobacterium_lentiflavum,3414,3420,6
Mycobacterium_lentiflavum,3422,3482,60
Mycobacterium_lentiflavum,3485,3491,6
Mycobacterium_lentiflavum,3642,3645,3
Mycobacterium_lentiflavum,3650,3653,3
Mycobacterium_lentiflavum,3655,3667,12
Mycobacterium_lentiflavum,3782,3788,6
Mycobacterium_lentiflavum,4400,4406,6
Mycobacterium_lentiflavum,4407,4413,6
Mycobacterium_lentiflavum,4417,4426,9
Mycobacterium_lentiflavum,4432,4445,13
Mycobacterium_lentiflavum,4452,4455,3
Mycobacterium_lentiflavum,4456,4462,6
Mycobacterium_lentiflavum,4468,4480,12
Mycobacterium_lentiflavum,4483,4486,3
Mycobacterium_lentiflavum,4540,4552,12
Mycobacterium_lentiflavum,4555,4564,9
Mycobacterium_lentiflavum,4567,4573,6
Mycobacterium_lentiflavum,4581,4584,3
Mycobacterium_lentiflavum,5163,5169,6
Mycobacterium_lentiflavum,5170,5179,9
Mycobacterium_lentiflavum,5181,5190,9
Mycobacterium_lentiflavum,5197,5199,2
Mycobacterium_lentiflavum,5201,5204,3
Mycobacterium_lentiflavum,5206,5214,8
Mycobacterium_lentiflavum,5218,5230,12
Mycobacterium_lentiflavum,5231,5241,10
Mycobacterium_lentiflavum,5247,5253,6
Mycobacterium_lentiflavum,5401,5402,1
Mycobacterium_lentiflavum,6015,6016,1
Mycobacterium_lentiflavum,6428,6464,36
Mycobacterium_lentiflavum,6470,6494,24
Mycobacterium_lentiflavum,7178,7254,76
Mycobacterium_lentiflavum,7260,7268,8
Mycobacterium_lentiflavum,7760,7763,3
Mycobacterium_lentiflavum,8452,8500,48
Mycobacterium_lentiflavum,8577,8578,1
Mycobacterium_lentiflavum,8584,8599,15
Mycobacterium_lentiflavum,8601,8603,2
Mycobacterium_lentiflavum,8609,8610,1
Mycobacterium_lentiflavum,8661,8662,1
Mycobacterium_lentiflavum,8703,8704,1
Mycobacterium_lentiflavum,8720,8721,1
Mycobacterium_lentiflavum,8733,8735,2
Mycobacterium_lentiflavum,8739,8742,3
Mycobacterium_lentiflavum,8930,8931,1
Mycobacterium_lentiflavum,8980,8982,2
Mycobacterium_lentiflavum,8987,9001,14
Mycobacterium_lentiflavum,9120,9121,1
Mycobacterium_lentiflavum,9370,9372,2
Mycobacterium_lentiflavum,9546,9547,1
Mycobacterium_lentiflavum,9812,9813,1
Mycobacterium_lentiflavum,9983,9987,4
Mycobacterium_lentiflavum,10076,10078,2
Mycobacterium_lentiflavum,10157,10158,1
Mycobacterium_lentiflavum,10261,10262,1
Mycobacterium_lentiflavum,10310,10312,2
Mycobacterium_lentiflavum,10313,10315,2
Mycobacterium_lentiflavum,10325,10326,1
Mycobacterium_lentiflavum,10352,10353,1
Mycobacterium_lentiflavum,10370,10371,1
Mycobacterium_lentiflavum,10434,10435,1
Mycobacterium_lentiflavum,10448,10449,1
Mycobacterium_lentiflavum,10476,10477,1
Mycobacterium_lentiflavum,10491,10492,1
Mycobacterium_lentiflavum,10526,10527,1
Mycobacterium_lentiflavum,10546,10649,103
Mycobacterium_lentiflavum,10828,10830,2
Mycobacterium_lentiflavum,10832,10846,14
Mycobacterium_lentiflavum,10864,10865,1
Mycobacterium_lentiflavum,10914,10915,1
Mycobacterium_lentiflavum,10958,10983,25
Mycobacterium_lentiflavum,11085,11086,1
Mycobacterium_lentiflavum,11143,11144,1
Mycobacterium_lentiflavum,11243,11244,1
Mycobacterium_lentiflavum,11260,11261,1
Mycobacterium_lentiflavum,11262,11263,1
Mycobacterium_lentiflavum,11265,11267,2
Mycobacterium_lentiflavum,11286,11287,1
Mycobacterium_lentiflavum,11312,11313,1
Mycobacterium_lentiflavum,11473,11474,1
Mycobacterium_lentiflavum,11505,11534,29
Mycobacterium_lentiflavum,11566,11567,1
Mycobacterium_lentiflavum,11590,11591,1
Mycobacterium_lentiflavum,11782,11783,1
Mycobacterium_lentiflavum,11823,11824,1
Mycobacterium_lentiflavum,11826,11827,1
Mycobacterium_lentiflavum,11831,11836,5
Mycobacterium_lentiflavum,11847,11852,5
Mycobacterium_lentiflavum,11859,11860,1
Mycobacterium_lentiflavum,11864,11866,2
Mycobacterium_lentiflavum,11877,11878,1
Mycobacterium_lentiflavum,11993,11995,2
Mycobacterium_lentiflavum,12029,12030,1
Mycobacterium_lentiflavum,12068,12069,1
Mycobacterium_lentiflavum,12207,12208,1
Mycobacterium_lentiflavum,12211,12212,1
Mycobacterium_lentiflavum,12213,12214,1
Mycobacterium_lentiflavum,12218,12222,4
Mycobacterium_lentiflavum,12225,12227,2
Mycobacterium_lentiflavum,12237,12238,1
Mycobacterium_lentiflavum,12360,12370,10
Mycobacterium_lentiflavum,12371,12372,1
Mycobacterium_lentiflavum,12374,12380,6
Mycobacterium_lentiflavum,12383,12390,7
Mycobacterium_lentiflavum,12391,12400,9
Mycobacterium_lentiflavum,12454,12455,1
Mycobacterium_lentiflavum,12738,12740,2
Mycobacterium_lentiflavum,12798,12925,127
Mycobacterium_lentiflavum,13451,13452,1
Mycobacterium_lentiflavum,13453,13454,1
Mycobacterium_lentiflavum,13508,13509,1
Mycolicibacter_virginiensis,1,10,9
Mycolicibacter_virginiensis,21,39,18
Mycolicibacter_virginiensis,43,46,3
Mycolicibacter_virginiensis,59,136,77
Mycolicibacter_virginiensis,346,349,3
Mycolicibacter_virginiensis,1542,1691,149
Mycolicibacter_virginiensis,3317,3361,44
Mycolicibacter_virginiensis,3364,3365,1
Mycolicibacter_virginiensis,3373,3374,1
Mycolicibacter_virginiensis,3414,3420,6
Mycolicibacter_virginiensis,3424,3460,36
Mycolicibacter_virginiensis,3473,3479,6
Mycolicibacter_virginiensis,3485,3491,6
Mycolicibacter_virginiensis,3650,3653,3
Mycolicibacter_virginiensis,3657,3672,15
Mycolicibacter_virginiensis,3782,3788,6
Mycolicibacter_virginiensis,4400,4406,6
Mycolicibacter_virginiensis,4407,4413,6
Mycolicibacter_virginiensis,4422,4426,4
Mycolicibacter_virginiensis,4432,4438,6
Mycolicibacter_virginiensis,4452,4455,3
Mycolicibacter_virginiensis,4456,4486,30
Mycolicibacter_virginiensis,4555,4564,9
Mycolicibacter_virginiensis,4567,4573,6
Mycolicibacter_virginiensis,5163,5169,6
Mycolicibacter_virginiensis,5170,5179,9
Mycolicibacter_virginiensis,5181,5190,9
Mycolicibacter_virginiensis,5197,5199,2
Mycolicibacter_virginiensis,5201,5204,3
Mycolicibacter_virginiensis,5206,5214,8
Mycolicibacter_virginiensis,5218,5230,12
Mycolicibacter_virginiensis,5231,5241,10
Mycolicibacter_virginiensis,5247,5253,6
Mycolicibacter_virginiensis,5401,5402,1
Mycolicibacter_virginiensis,6015,6016,1
Mycolicibacter_virginiensis,6431,6452,21
Mycolicibacter_virginiensis,6456,6462,6
Mycolicibacter_virginiensis,6470,6494,24
Mycolicibacter_virginiensis,7178,7254,76
Mycolicibacter_virginiensis,7260,7268,8
Mycolicibacter_virginiensis,7760,7763,3
Mycolicibacter_virginiensis,8452,8500,48
Mycolicibacter_virginiensis,8577,8578,1
Mycolicibacter_virginiensis,8584,8599,15
Mycolicibacter_virginiensis,8601,8603,2
Mycolicibacter_virginiensis,8609,8610,1
Mycolicibacter_virginiensis,8661,8662,1
Mycolicibacter_virginiensis,8703,8704,1
Mycolicibacter_virginiensis,8720,8721,1
Mycolicibacter_virginiensis,8733,8735,2
Mycolicibacter_virginiensis,8739,8742,3
Mycolicibacter_virginiensis,8930,8931,1
Mycolicibacter_virginiensis,8980,8982,2
Mycolicibacter_virginiensis,9120,9121,1
Mycolicibacter_virginiensis,9546,9547,1
Mycolicibacter_virginiensis,9812,9814,2
Mycolicibacter_virginiensis,9982,9984,2
Mycolicibacter_virginiensis,9985,9986,1
Mycolicibacter_virginiensis,10076,10078,2
Mycolicibacter_virginiensis,10157,10158,1
Mycolicibacter_virginiensis,10311,10312,1
Mycolicibacter_virginiensis,10313,10315,2
Mycolicibacter_virginiensis,10325,10326,1
Mycolicibacter_virginiensis,10370,10371,1
Mycolicibacter_virginiensis,10416,10417,1
Mycolicibacter_virginiensis,10434,10435,1
Mycolicibacter_virginiensis,10448,10449,1
Mycolicibacter_virginiensis,10476,10477,1
Mycolicibacter_virginiensis,10491,10492,1
Mycolicibacter_virginiensis,10526,10527,1
Mycolicibacter_virginiensis,10547,10649,102
Mycolicibacter_virginiensis,10828,10830,2
Mycolicibacter_virginiensis,10834,10843,9
Mycolicibacter_virginiensis,10864,10865,1
Mycolicibacter_virginiensis,10914,10915,1
Mycolicibacter_virginiensis,10965,10966,1
Mycolicibacter_virginiensis,10971,10975,4
Mycolicibacter_virginiensis,11085,11086,1
Mycolicibacter_virginiensis,11143,11144,1
Mycolicibacter_virginiensis,11243,11244,1
Mycolicibacter_virginiensis,11260,11261,1
Mycolicibacter_virginiensis,11265,11267,2
Mycolicibacter_virginiensis,11286,11287,1
Mycolicibacter_virginiensis,11312,11313,1
Mycolicibacter_virginiensis,11473,11474,1
Mycolicibacter_virginiensis,11505,11512,7
Mycolicibacter_virginiensis,11513,11514,1
Mycolicibacter_virginiensis,11515,11533,18
Mycolicibacter_virginiensis,11537,11538,1
Mycolicibacter_virginiensis,11566,11567,1
Mycolicibacter_virginiensis,11782,11783,1
Mycolicibacter_virginiensis,11823,11824,1
Mycolicibacter_virginiensis,11826,11827,1
Mycolicibacter_virginiensis,11831,11836,5
Mycolicibacter_virginiensis,11847,11852,5
Mycolicibacter_virginiensis,11859,11860,1
Mycolicibacter_virginiensis,11864,11866,2
Mycolicibacter_virginiensis,11877,11878,1
Mycolicibacter_virginiensis,11993,11994,1
Mycolicibacter_virginiensis,12029,12030,1
Mycolicibacter_virginiensis,12068,12069,1
Mycolicibacter_virginiensis,12207,12208,1
Mycolicibacter_virginiensis,12211,12212,1
Mycolicibacter_virginiensis,12213,12214,1
Mycolicibacter_virginiensis,12218,12222,4
Mycolicibacter_virginiensis,12226,12227,1
Mycolicibacter_virginiensis,12237,12238,1
Mycolicibacter_virginiensis,12360,12369,9
Mycolicibacter_virginiensis,12371,12372,1
Mycolicibacter_virginiensis,12374,12375,1
Mycolicibacter_virginiensis,12377,12382,5
Mycolicibacter_virginiensis,12384,12390,6
Mycolicibacter_virginiensis,12391,12400,9
Mycolicibacter_virginiensis,12454,12455,1
Mycolicibacter_virginiensis,12739,12740,1
Mycolicibacter_virginiensis,12798,12925,127
Mycolicibacter_virginiensis,13451,13452,1
Mycolicibacter_virginiensis,13453,13454,1
Mycolicibacter_virginiensis,13508,13509,1
Mycobacterium_paraterrae,1,10,9
Mycobacterium_paraterrae,21,39,18
Mycobacterium_paraterrae,43,46,3
Mycobacterium_paraterrae,53,71,18
Mycobacterium_paraterrae,89,100,11
Mycobacterium_paraterrae,117,132,15
Mycobacterium_paraterrae,133,136,3
Mycobacterium_paraterrae,346,349,3
Mycobacterium_paraterrae,1542,1691,149
Mycobacterium_paraterrae,3317,3381,64
Mycobacterium_paraterrae,3414,3420,6
Mycobacterium_paraterrae,3422,3482,60
Mycobacterium_paraterrae,3642,3645,3
Mycobacterium_paraterrae,3650,3653,3
Mycobacterium_paraterrae,3655,3667,12
Mycobacterium_paraterrae,3782,3788,6
Mycobacterium_paraterrae,4400,4406,6
Mycobacterium_paraterrae,4407,4413,6
Mycobacterium_paraterrae,4420,4445,25
Mycobacterium_paraterrae,4452,4455,3
Mycobacterium_paraterrae,4456,4462,6
Mycobacterium_paraterrae,4468,4474,6
Mycobacterium_paraterrae,4483,4486,3
Mycobacterium_paraterrae,4540,4552,12
Mycobacterium_paraterrae,4555,4564,9
Mycobacterium_paraterrae,4567,4573,6
Mycobacterium_paraterrae,4581,4584,3
Mycobacterium_paraterrae,5163,5169,6
Mycobacterium_paraterrae,5170,5179,9
Mycobacterium_paraterrae,5181,5190,9
Mycobacterium_paraterrae,5197,5199,2
Mycobacterium_paraterrae,5201,5204,3
Mycobacterium_paraterrae,5206,5214,8
Mycobacterium_paraterrae,5218,5230,12
Mycobacterium_paraterrae,5231,5241,10
Mycobacterium_paraterrae,5247,5253,6
Mycobacterium_paraterrae,5401,5402,1
Mycobacterium_paraterrae,6015,6016,1
Mycobacterium_paraterrae,6431,6467,36
Mycobacterium_paraterrae,6470,6494,24
Mycobacterium_paraterrae,7178,7254,76
Mycobacterium_paraterrae,7260,7268,8
Mycobacterium_paraterrae,7760,7763,3
Mycobacterium_paraterrae,8452,8500,48
Mycobacterium_paraterrae,8577,8578,1
Mycobacterium_paraterrae,8584,8599,15
Mycobacterium_paraterrae,8601,8603,2
Mycobacterium_paraterrae,8609,8610,1
Mycobacterium_paraterrae,8661,8662,1
Mycobacterium_paraterrae,8703,8704,1
Mycobacterium_paraterrae,8720,8721,1
Mycobacterium_paraterrae,8733,8735,2
Mycobacterium_paraterrae,8739,8742,3
Mycobacterium_paraterrae,8930,8931,1
Mycobacterium_paraterrae,8981,8982,1
Mycobacterium_paraterrae,8996,8997,1
Mycobacterium_paraterrae,9120,9121,1
Mycobacterium_paraterrae,9370,9372,2
Mycobacterium_paraterrae,9546,9547,1
Mycobacterium_paraterrae,9812,9814,2
Mycobacterium_paraterrae,9983,9986,3
Mycobacterium_paraterrae,10076,10078,2
Mycobacterium_paraterrae,10157,10158,1
Mycobacterium_paraterrae,10261,10262,1
Mycobacterium_paraterrae,10310,10312,2
Mycobacterium_paraterrae,10313,10315,2
Mycobacterium_paraterrae,10325,10326,1
Mycobacterium_paraterrae,10370,10371,1
Mycobacterium_paraterrae,10416,10417,1
Mycobacterium_paraterrae,10434,10435,1
Mycobacterium_paraterrae,10448,10454,6
Mycobacterium_paraterrae,10461,10462,1
Mycobacterium_paraterrae,10476,10477,1
Mycobacterium_paraterrae,10491,10492,1
Mycobacterium_paraterrae,10526,10527,1
Mycobacterium_paraterrae,10544,10547,3
Mycobacterium_paraterrae,10548,10649,101
Mycobacterium_paraterrae,10828,10830,2
Mycobacterium_paraterrae,10835,10843,8
Mycobacterium_paraterrae,10864,10865,1
Mycobacterium_paraterrae,10914,10915,1
Mycobacterium_paraterrae,10960,10962,2
Mycobacterium_paraterrae,10965,10966,1
Mycobacterium_paraterrae,10971,10975,4
Mycobacterium_paraterrae,10977,10978,1
Mycobacterium_paraterrae,11085,11086,1
Mycobacterium_paraterrae,11143,11144,1
Mycobacterium_paraterrae,11243,11244,1
Mycobacterium_paraterrae,11260,11261,1
Mycobacterium_paraterrae,11265,11267,2
Mycobacterium_paraterrae,11286,11287,1
Mycobacterium_paraterrae,11312,11313,1
Mycobacterium_paraterrae,11473,11474,1
Mycobacterium_paraterrae,11505,11512,7
Mycobacterium_paraterrae,11513,11514,1
Mycobacterium_paraterrae,11520,11537,17
Mycobacterium_paraterrae,11566,11567,1
Mycobacterium_paraterrae,11782,11783,1
Mycobacterium_paraterrae,11823,11824,1
Mycobacterium_paraterrae,11826,11827,1
Mycobacterium_paraterrae,11831,11835,4
Mycobacterium_paraterrae,11847,11850,3
Mycobacterium_paraterrae,11851,11852,1
Mycobacterium_paraterrae,11859,11860,1
Mycobacterium_paraterrae,11864,11866,2
Mycobacterium_paraterrae,11877,11878,1
Mycobacterium_paraterrae,11993,11994,1
Mycobacterium_paraterrae,12029,12030,1
Mycobacterium_paraterrae,12068,12069,1
Mycobacterium_paraterrae,12207,12208,1
Mycobacterium_paraterrae,12211,12212,1
Mycobacterium_paraterrae,12213,12214,1
Mycobacterium_paraterrae,12218,12222,4
Mycobacterium_paraterrae,12226,12227,1
Mycobacterium_paraterrae,12237,12238,1
Mycobacterium_paraterrae,12360,12369,9
Mycobacterium_paraterrae,12371,12372,1
Mycobacterium_paraterrae,12374,12375,1
Mycobacterium_paraterrae,12378,12381,3
Mycobacterium_paraterrae,12384,12390,6
Mycobacterium_paraterrae,12391,12400,9
Mycobacterium_paraterrae,12454,12455,1
Mycobacterium_paraterrae,12739,12740,1
Mycobacterium_paraterrae,12798,12925,127
Mycobacterium_paraterrae,13451,13452,1
Mycobacterium_paraterrae,13453,13454,1
Mycobacterium_paraterrae,13508,13509,1
Mycolicibacterium_brumae,1,10,9
Mycolicibacterium_brumae,21,39,18
Mycolicibacterium_brumae,43,46,3
Mycolicibacterium_brumae,59,112,53
Mycolicibacterium_brumae,117,132,15
Mycolicibacterium_brumae,133,136,3
Mycolicibacterium_brumae,346,349,3
Mycolicibacterium_brumae,1542,1691,149
Mycolicibacterium_brumae,3317,3361,44
Mycolicibacterium_brumae,3364,3365,1
Mycolicibacterium_brumae,3373,3374,1
Mycolicibacterium_brumae,3408,3480,72
Mycolicibacterium_brumae,3485,3491,6
Mycolicibacterium_brumae,3494,3497,3
Mycolicibacterium_brumae,3642,3645,3
Mycolicibacterium_brumae,3655,3667,12
Mycolicibacterium_brumae,3782,3788,6
Mycolicibacterium_brumae,4400,4406,6
Mycolicibacterium_brumae,4407,4413,6
Mycolicibacterium_brumae,4417,4426,9
Mycolicibacterium_brumae,4432,4445,13
Mycolicibacterium_brumae,4456,4462,6
Mycolicibacterium_brumae,4468,4474,6
Mycolicibacterium_brumae,4475,4481,6
Mycolicibacterium_brumae,4540,4552,12
Mycolicibacterium_brumae,4555,4564,9
Mycolicibacterium_brumae,4567,4573,6
Mycolicibacterium_brumae,4582,4585,3
Mycolicibacterium_brumae,5163,5169,6
Mycolicibacterium_brumae,5170,5179,9
Mycolicibacterium_brumae,5181,5190,9
Mycolicibacterium_brumae,5197,5199,2
Mycolicibacterium_brumae,5201,5204,3
Mycolicibacterium_brumae,5212,5214,2
Mycolicibacterium_brumae,5218,5230,12
Mycolicibacterium_brumae,5234,5241,7
Mycolicibacterium_brumae,5247,5253,6
Mycolicibacterium_brumae,5401,5402,1
Mycolicibacterium_brumae,6015,6016,1
Mycolicibacterium_brumae,6431,6452,21
Mycolicibacterium_brumae,6456,6462,6
Mycolicibacterium_brumae,6470,6491,21
Mycolicibacterium_brumae,7178,7254,76
Mycolicibacterium_brumae,7260,7268,8
Mycolicibacterium_brumae,7760,7763,3
Mycolicibacterium_brumae,8452,8500,48
Mycolicibacterium_brumae,8577,8578,1
Mycolicibacterium_brumae,8584,8605,21
Mycolicibacterium_brumae,8609,8610,1
Mycolicibacterium_brumae,8661,8662,1
Mycolicibacterium_brumae,8720,8721,1
Mycolicibacterium_brumae,8733,8735,2
Mycolicibacterium_brumae,8739,8742,3
Mycolicibacterium_brumae,8930,8931,1
Mycolicibacterium_brumae,8980,8982,2
Mycolicibacterium_brumae,8984,8998,14
Mycolicibacterium_brumae,9120,9121,1
Mycolicibacterium_brumae,9370,9372,2
Mycolicibacterium_brumae,9546,9547,1
Mycolicibacterium_brumae,9812,9813,1
Mycolicibacterium_brumae,9985,9986,1
Mycolicibacterium_brumae,10076,10078,2
Mycolicibacterium_brumae,10157,10158,1
Mycolicibacterium_brumae,10310,10312,2
Mycolicibacterium_brumae,10313,10315,2
Mycolicibacterium_brumae,10325,10326,1
Mycolicibacterium_brumae,10370,10371,1
Mycolicibacterium_brumae,10416,10417,1
Mycolicibacterium_brumae,10434,10435,1
Mycolicibacterium_brumae,10448,10449,1
Mycolicibacterium_brumae,10461,10462,1
Mycolicibacterium_brumae,10476,10477,1
Mycolicibacterium_brumae,10491,10492,1
Mycolicibacterium_brumae,10526,10527,1
Mycolicibacterium_brumae,10545,10649,104
Mycolicibacterium_brumae,10828,10830,2
Mycolicibacterium_brumae,10835,10836,1
Mycolicibacterium_brumae,10837,10843,6
Mycolicibacterium_brumae,10864,10865,1
Mycolicibacterium_brumae,10914,10915,1
Mycolicibacterium_brumae,10961,10968,7
Mycolicibacterium_brumae,10971,10975,4
Mycolicibacterium_brumae,11085,11086,1
Mycolicibacterium_brumae,11143,11144,1
Mycolicibacterium_brumae,11243,11244,1
Mycolicibacterium_brumae,11260,11261,1
Mycolicibacterium_brumae,11265,11267,2
Mycolicibacterium_brumae,11286,11287,1
Mycolicibacterium_brumae,11312,11313,1
Mycolicibacterium_brumae,11473,11474,1
Mycolicibacterium_brumae,11506,11511,5
Mycolicibacterium_brumae,11513,11514,1
Mycolicibacterium_brumae,11520,11539,19
Mycolicibacterium_brumae,11566,11567,1
Mycolicibacterium_brumae,11782,11783,1
Mycolicibacterium_brumae,11823,11824,1
Mycolicibacterium_brumae,11826,11827,1
Mycolicibacterium_brumae,11831,11836,5
Mycolicibacterium_brumae,11847,11850,3
Mycolicibacterium_brumae,11851,11852,1
Mycolicibacterium_brumae,11859,11860,1
Mycolicibacterium_brumae,11864,11866,2
Mycolicibacterium_brumae,11877,11878,1
Mycolicibacterium_brumae,11993,11995,2
Mycolicibacterium_brumae,12029,12030,1
Mycolicibacterium_brumae,12068,12069,1
Mycolicibacterium_brumae,12207,12208,1
Mycolicibacterium_brumae,12211,12212,1
Mycolicibacterium_brumae,12213,12214,1
Mycolicibacterium_brumae,12218,12222,4
Mycolicibacterium_brumae,12226,12227,1
Mycolicibacterium_brumae,12237,12238,1
Mycolicibacterium_brumae,12360,12372,12
Mycolicibacterium_brumae,12384,12390,6
Mycolicibacterium_brumae,12391,12400,9
Mycolicibacterium_brumae,12454,12455,1
Mycolicibacterium_brumae,12739,12740,1
Mycolicibacterium_brumae,12798,12925,127
Mycolicibacterium_brumae,13451,13452,1
Mycolicibacterium_brumae,13453,13454,1
Mycolicibacterium_brumae,13508,13509,1
Mycolicibacterium_aubagnense,1,10,9
Mycolicibacterium_aubagnense,21,39,18
Mycolicibacterium_aubagnense,43,46,3
Mycolicibacterium_aubagnense,50,109,59
Mycolicibacterium_aubagnense,117,132,15
Mycolicibacterium_aubagnense,133,136,3
Mycolicibacterium_aubagnense,346,349,3
Mycolicibacterium_aubagnense,1542,1691,149
Mycolicibacterium_aubagnense,3317,3361,44
Mycolicibacterium_aubagnense,3364,3365,1
Mycolicibacterium_aubagnense,3373,3374,1
Mycolicibacterium_aubagnense,3409,3420,11
Mycolicibacterium_aubagnense,3424,3491,67
Mycolicibacterium_aubagnense,3642,3645,3
Mycolicibacterium_aubagnense,3650,3653,3
Mycolicibacterium_aubagnense,3655,3667,12
Mycolicibacterium_aubagnense,3782,3788,6
Mycolicibacterium_aubagnense,4400,4406,6
Mycolicibacterium_aubagnense,4407,4413,6
Mycolicibacterium_aubagnense,4417,4426,9
Mycolicibacterium_aubagnense,4432,4445,13
Mycolicibacterium_aubagnense,4452,4455,3
Mycolicibacterium_aubagnense,4468,4474,6
Mycolicibacterium_aubagnense,4475,4481,6
Mycolicibacterium_aubagnense,4483,4486,3
Mycolicibacterium_aubagnense,4540,4552,12
Mycolicibacterium_aubagnense,4555,4564,9
Mycolicibacterium_aubagnense,4567,4573,6
Mycolicibacterium_aubagnense,4582,4585,3
Mycolicibacterium_aubagnense,5163,5169,6
Mycolicibacterium_aubagnense,5170,5179,9
Mycolicibacterium_aubagnense,5181,5190,9
Mycolicibacterium_aubagnense,5197,5199,2
Mycolicibacterium_aubagnense,5201,5204,3
Mycolicibacterium_aubagnense,5206,5214,8
Mycolicibacterium_aubagnense,5218,5230,12
Mycolicibacterium_aubagnense,5231,5241,10
Mycolicibacterium_aubagnense,5247,5253,6
Mycolicibacterium_aubagnense,5401,5402,1
Mycolicibacterium_aubagnense,6015,6016,1
Mycolicibacterium_aubagnense,6431,6452,21
Mycolicibacterium_aubagnense,6456,6459,3
Mycolicibacterium_aubagnense,6470,6491,21
Mycolicibacterium_aubagnense,7178,7254,76
Mycolicibacterium_aubagnense,7260,7268,8
Mycolicibacterium_aubagnense,7760,7763,3
Mycolicibacterium_aubagnense,8452,8500,48
Mycolicibacterium_aubagnense,8577,8578,1
Mycolicibacterium_aubagnense,8584,8599,15
Mycolicibacterium_aubagnense,8600,8604,4
Mycolicibacterium_aubagnense,8609,8610,1
Mycolicibacterium_aubagnense,8661,8662,1
Mycolicibacterium_aubagnense,8703,8704,1
Mycolicibacterium_aubagnense,8720,8721,1
Mycolicibacterium_aubagnense,8733,8735,2
Mycolicibacterium_aubagnense,8739,8742,3
Mycolicibacterium_aubagnense,8930,8931,1
Mycolicibacterium_aubagnense,8980,8982,2
Mycolicibacterium_aubagnense,8984,8998,14
Mycolicibacterium_aubagnense,9120,9121,1
Mycolicibacterium_aubagnense,9359,9360,1
Mycolicibacterium_aubagnense,9370,9372,2
Mycolicibacterium_aubagnense,9546,9547,1
Mycolicibacterium_aubagnense,9812,9813,1
Mycolicibacterium_aubagnense,9982,9984,2
Mycolicibacterium_aubagnense,9985,9986,1
Mycolicibacterium_aubagnense,10076,10078,2
Mycolicibacterium_aubagnense,10157,10158,1
Mycolicibacterium_aubagnense,10261,10262,1
Mycolicibacterium_aubagnense,10310,10312,2
Mycolicibacterium_aubagnense,10313,10315,2
Mycolicibacterium_aubagnense,10325,10326,1
Mycolicibacterium_aubagnense,10352,10353,1
Mycolicibacterium_aubagnense,10370,10371,1
Mycolicibacterium_aubagnense,10416,10417,1
Mycolicibacterium_aubagnense,10434,10435,1
Mycolicibacterium_aubagnense,10448,10449,1
Mycolicibacterium_aubagnense,10476,10477,1
Mycolicibacterium_aubagnense,10491,10492,1
Mycolicibacterium_aubagnense,10526,10527,1
Mycolicibacterium_aubagnense,10546,10649,103
Mycolicibacterium_aubagnense,10828,10832,4
Mycolicibacterium_aubagnense,10835,10843,8
Mycolicibacterium_aubagnense,10864,10865,1
Mycolicibacterium_aubagnense,10914,10915,1
Mycolicibacterium_aubagnense,10965,10977,12
Mycolicibacterium_aubagnense,11085,11086,1
Mycolicibacterium_aubagnense,11143,11144,1
Mycolicibacterium_aubagnense,11243,11244,1
Mycolicibacterium_aubagnense,11260,11261,1
Mycolicibacterium_aubagnense,11266,11267,1
Mycolicibacterium_aubagnense,11286,11287,1
Mycolicibacterium_aubagnense,11312,11313,1
Mycolicibacterium_aubagnense,11473,11474,1
Mycolicibacterium_aubagnense,11505,11534,29
Mycolicibacterium_aubagnense,11566,11567,1
Mycolicibacterium_aubagnense,11782,11783,1
Mycolicibacterium_aubagnense,11823,11824,1
Mycolicibacterium_aubagnense,11825,11827,2
Mycolicibacterium_aubagnense,11831,11836,5
Mycolicibacterium_aubagnense,11846,11850,4
Mycolicibacterium_aubagnense,11851,11852,1
Mycolicibacterium_aubagnense,11859,11860,1
Mycolicibacterium_aubagnense,11864,11866,2
Mycolicibacterium_aubagnense,11877,11878,1
Mycolicibacterium_aubagnense,11993,11994,1
Mycolicibacterium_aubagnense,12029,12030,1
Mycolicibacterium_aubagnense,12068,12069,1
Mycolicibacterium_aubagnense,12207,12208,1
Mycolicibacterium_aubagnense,12211,12212,1
Mycolicibacterium_aubagnense,12213,12214,1
Mycolicibacterium_aubagnense,12218,12222,4
Mycolicibacterium_aubagnense,12226,12227,1
Mycolicibacterium_aubagnense,12229,12230,1
Mycolicibacterium_aubagnense,12237,12238,1
Mycolicibacterium_aubagnense,12360,12369,9
Mycolicibacterium_aubagnense,12371,12372,1
Mycolicibacterium_aubagnense,12374,12375,1
Mycolicibacterium_aubagnense,12378,12381,3
Mycolicibacterium_aubagnense,12384,12390,6
Mycolicibacterium_aubagnense,12391,12400,9
Mycolicibacterium_aubagnense,12454,12455,1
Mycolicibacterium_aubagnense,12739,12740,1
Mycolicibacterium_aubagnense,12798,12925,127
Mycolicibacterium_aubagnense,13451,13452,1
Mycolicibacterium_aubagnense,13453,13454,1
Mycolicibacterium_aubagnense,13508,13509,1
Mycolicibacterium_thermoresistibile,1,10,9
Mycolicibacterium_thermoresistibile,21,39,18
Mycolicibacterium_thermoresistibile,43,46,3
Mycolicibacterium_thermoresistibile,53,77,24
Mycolicibacterium_thermoresistibile,84,107,23
Mycolicibacterium_thermoresistibile,117,132,15
Mycolicibacterium_thermoresistibile,133,136,3
Mycolicibacterium_thermoresistibile,346,349,3
Mycolicibacterium_thermoresistibile,1542,1545,3
Mycolicibacterium_thermoresistibile,1573,1621,48
Mycolicibacterium_thermoresistibile,1632,1649,17
Mycolicibacterium_thermoresistibile,1664,1676,12
Mycolicibacterium_thermoresistibile,3317,3361,44
Mycolicibacterium_thermoresistibile,3364,3365,1
Mycolicibacterium_thermoresistibile,3373,3374,1
Mycolicibacterium_thermoresistibile,3416,3491,75
Mycolicibacterium_thermoresistibile,3642,3645,3
Mycolicibacterium_thermoresistibile,3650,3653,3
Mycolicibacterium_thermoresistibile,3655,3667,12
Mycolicibacterium_thermoresistibile,3782,3788,6
Mycolicibacterium_thermoresistibile,4400,4413,13
Mycolicibacterium_thermoresistibile,4417,4425,8
Mycolicibacterium_thermoresistibile,4432,4445,13
Mycolicibacterium_thermoresistibile,4452,4455,3
Mycolicibacterium_thermoresistibile,4456,4462,6
Mycolicibacterium_thermoresistibile,4468,4480,12
Mycolicibacterium_thermoresistibile,4483,4486,3
Mycolicibacterium_thermoresistibile,4540,4552,12
Mycolicibacterium_thermoresistibile,4555,4564,9
Mycolicibacterium_thermoresistibile,4567,4573,6
Mycolicibacterium_thermoresistibile,4581,4584,3
Mycolicibacterium_thermoresistibile,5163,5178,15
Mycolicibacterium_thermoresistibile,5181,5190,9
Mycolicibacterium_thermoresistibile,5197,5199,2
Mycolicibacterium_thermoresistibile,5201,5204,3
Mycolicibacterium_thermoresistibile,5206,5214,8
Mycolicibacterium_thermoresistibile,5218,5230,12
Mycolicibacterium_thermoresistibile,5231,5241,10
Mycolicibacterium_thermoresistibile,5247,5253,6
Mycolicibacterium_thermoresistibile,5401,5402,1
Mycolicibacterium_thermoresistibile,6015,6016,1
Mycolicibacterium_thermoresistibile,6431,6461,30
Mycolicibacterium_thermoresistibile,6470,6494,24
Mycolicibacterium_thermoresistibile,7178,7254,76
Mycolicibacterium_thermoresistibile,7260,7268,8
Mycolicibacterium_thermoresistibile,7760,7763,3
Mycolicibacterium_thermoresistibile,8452,8500,48
Mycolicibacterium_thermoresistibile,8577,8578,1
Mycolicibacterium_thermoresistibile,8584,8599,15
Mycolicibacterium_thermoresistibile,8601,8603,2
Mycolicibacterium_thermoresistibile,8609,8610,1
Mycolicibacterium_thermoresistibile,8661,8662,1
Mycolicibacterium_thermoresistibile,8733,8735,2
Mycolicibacterium_thermoresistibile,8930,8931,1
Mycolicibacterium_thermoresistibile,8980,8982,2
Mycolicibacterium_thermoresistibile,8984,8998,14
Mycolicibacterium_thermoresistibile,9120,9121,1
Mycolicibacterium_thermoresistibile,9359,9360,1
Mycolicibacterium_thermoresistibile,9370,9372,2
Mycolicibacterium_thermoresistibile,9546,9547,1
Mycolicibacterium_thermoresistibile,9812,9813,1
Mycolicibacterium_thermoresistibile,10076,10078,2
Mycolicibacterium_thermoresistibile,10157,10158,1
Mycolicibacterium_thermoresistibile,10261,10262,1
Mycolicibacterium_thermoresistibile,10310,10312,2
Mycolicibacterium_thermoresistibile,10313,10315,2
Mycolicibacterium_thermoresistibile,10325,10326,1
Mycolicibacterium_thermoresistibile,10352,10353,1
Mycolicibacterium_thermoresistibile,10370,10371,1
Mycolicibacterium_thermoresistibile,10416,10417,1
Mycolicibacterium_thermoresistibile,10434,10435,1
Mycolicibacterium_thermoresistibile,10448,10449,1
Mycolicibacterium_thermoresistibile,10476,10477,1
Mycolicibacterium_thermoresistibile,10491,10492,1
Mycolicibacterium_thermoresistibile,10526,10527,1
Mycolicibacterium_thermoresistibile,10546,10649,103
Mycolicibacterium_thermoresistibile,10829,10830,1
Mycolicibacterium_thermoresistibile,10838,10842,4
Mycolicibacterium_thermoresistibile,10864,10865,1
Mycolicibacterium_thermoresistibile,10965,10966,1
Mycolicibacterium_thermoresistibile,10971,10975,4
Mycolicibacterium_thermoresistibile,11085,11086,1
Mycolicibacterium_thermoresistibile,11143,11144,1
Mycolicibacterium_thermoresistibile,11243,11244,1
Mycolicibacterium_thermoresistibile,11260,11261,1
Mycolicibacterium_thermoresistibile,11265,11267,2
Mycolicibacterium_thermoresistibile,11286,11287,1
Mycolicibacterium_thermoresistibile,11312,11313,1
Mycolicibacterium_thermoresistibile,11473,11474,1
Mycolicibacterium_thermoresistibile,11505,11512,7
Mycolicibacterium_thermoresistibile,11520,11521,1
Mycolicibacterium_thermoresistibile,11524,11531,7
Mycolicibacterium_thermoresistibile,11532,11533,1
Mycolicibacterium_thermoresistibile,11566,11567,1
Mycolicibacterium_thermoresistibile,11782,11783,1
Mycolicibacterium_thermoresistibile,11823,11824,1
Mycolicibacterium_thermoresistibile,11826,11827,1
Mycolicibacterium_thermoresistibile,11831,11836,5
Mycolicibacterium_thermoresistibile,11847,11852,5
Mycolicibacterium_thermoresistibile,11859,11860,1
Mycolicibacterium_thermoresistibile,11864,11866,2
Mycolicibacterium_thermoresistibile,11877,11878,1
Mycolicibacterium_thermoresistibile,11993,11994,1
Mycolicibacterium_thermoresistibile,12029,12030,1
Mycolicibacterium_thermoresistibile,12068,12069,1
Mycolicibacterium_thermoresistibile,12196,12197,1
Mycolicibacterium_thermoresistibile,12207,12208,1
Mycolicibacterium_thermoresistibile,12211,12212,1
Mycolicibacterium_thermoresistibile,12213,12214,1
Mycolicibacterium_thermoresistibile,12218,12222,4
Mycolicibacterium_thermoresistibile,12225,12227,2
Mycolicibacterium_thermoresistibile,12237,12238,1
Mycolicibacterium_thermoresistibile,12360,12369,9
Mycolicibacterium_thermoresistibile,12371,12372,1
Mycolicibacterium_thermoresistibile,12374,12375,1
Mycolicibacterium_thermoresistibile,12379,12380,1
Mycolicibacterium_thermoresistibile,12384,12390,6
Mycolicibacterium_thermoresistibile,12391,12400,9
Mycolicibacterium_thermoresistibile,12454,12455,1
Mycolicibacterium_thermoresistibile,12739,12740,1
Mycolicibacterium_thermoresistibile,12798,12925,127
Mycolicibacterium_thermoresistibile,13451,13452,1
Mycolicibacterium_thermoresistibile,13453,13454,1
Mycolicibacterium_thermoresistibile,13508,13509,1
Mycobacterium_basiliense,1,10,9
Mycobacterium_basiliense,21,39,18
Mycobacterium_basiliense,43,46,3
Mycobacterium_basiliense,53,71,18
Mycobacterium_basiliense,87,107,20
Mycobacterium_basiliense,117,132,15
Mycobacterium_basiliense,133,136,3
Mycobacterium_basiliense,346,349,3
Mycobacterium_basiliense,1542,1691,149
Mycobacterium_basiliense,3317,3381,64
Mycobacterium_basiliense,3418,3420,2
Mycobacterium_basiliense,3424,3458,34
Mycobacterium_basiliense,3473,3479,6
Mycobacterium_basiliense,3485,3491,6
Mycobacterium_basiliense,3642,3645,3
Mycobacterium_basiliense,3650,3653,3
Mycobacterium_basiliense,3655,3667,12
Mycobacterium_basiliense,3782,3788,6
Mycobacterium_basiliense,4400,4406,6
Mycobacterium_basiliense,4407,4413,6
Mycobacterium_basiliense,4432,4445,13
Mycobacterium_basiliense,4452,4455,3
Mycobacterium_basiliense,4456,4462,6
Mycobacterium_basiliense,4468,4480,12
Mycobacterium_basiliense,4483,4486,3
Mycobacterium_basiliense,4540,4552,12
Mycobacterium_basiliense,4555,4564,9
Mycobacterium_basiliense,4567,4573,6
Mycobacterium_basiliense,4581,4584,3
Mycobacterium_basiliense,5163,5169,6
Mycobacterium_basiliense,5170,5179,9
Mycobacterium_basiliense,5181,5190,9
Mycobacterium_basiliense,5197,5199,2
Mycobacterium_basiliense,5201,5204,3
Mycobacterium_basiliense,5206,5214,8
Mycobacterium_basiliense,5218,5240,22
Mycobacterium_basiliense,5247,5253,6
Mycobacterium_basiliense,5401,5402,1
Mycobacterium_basiliense,6015,6016,1
Mycobacterium_basiliense,6431,6452,21
Mycobacterium_basiliense,6456,6462,6
Mycobacterium_basiliense,6470,6494,24
Mycobacterium_basiliense,7178,7254,76
Mycobacterium_basiliense,7260,7268,8
Mycobacterium_basiliense,7760,7763,3
Mycobacterium_basiliense,8452,8500,48
Mycobacterium_basiliense,8577,8578,1
Mycobacterium_basiliense,8584,8599,15
Mycobacterium_basiliense,8601,8603,2
Mycobacterium_basiliense,8609,8610,1
Mycobacterium_basiliense,8661,8662,1
Mycobacterium_basiliense,8703,8704,1
Mycobacterium_basiliense,8720,8721,1
Mycobacterium_basiliense,8733,8735,2
Mycobacterium_basiliense,8739,8742,3
Mycobacterium_basiliense,8930,8931,1
Mycobacterium_basiliense,8980,8982,2
Mycobacterium_basiliense,8987,8989,2
Mycobacterium_basiliense,8996,8998,2
Mycobacterium_basiliense,9120,9121,1
Mycobacterium_basiliense,9370,9372,2
Mycobacterium_basiliense,9546,9547,1
Mycobacterium_basiliense,9812,9813,1
Mycobacterium_basiliense,9983,9986,3
Mycobacterium_basiliense,10076,10078,2
Mycobacterium_basiliense,10157,10158,1
Mycobacterium_basiliense,10261,10262,1
Mycobacterium_basiliense,10310,10312,2
Mycobacterium_basiliense,10313,10315,2
Mycobacterium_basiliense,10325,10326,1
Mycobacterium_basiliense,10370,10371,1
Mycobacterium_basiliense,10434,10435,1
Mycobacterium_basiliense,10448,10449,1
Mycobacterium_basiliense,10476,10477,1
Mycobacterium_basiliense,10491,10492,1
Mycobacterium_basiliense,10526,10527,1
Mycobacterium_basiliense,10546,10649,103
Mycobacterium_basiliense,10828,10830,2
Mycobacterium_basiliense,10832,10846,14
Mycobacterium_basiliense,10864,10865,1
Mycobacterium_basiliense,10914,10915,1
Mycobacterium_basiliense,10958,10967,9
Mycobacterium_basiliense,10971,10972,1
Mycobacterium_basiliense,10976,10977,1
Mycobacterium_basiliense,11085,11086,1
Mycobacterium_basiliense,11143,11144,1
Mycobacterium_basiliense,11243,11244,1
Mycobacterium_basiliense,11260,11261,1
Mycobacterium_basiliense,11262,11263,1
Mycobacterium_basiliense,11265,11267,2
Mycobacterium_basiliense,11286,11287,1
Mycobacterium_basiliense,11312,11313,1
Mycobacterium_basiliense,11473,11474,1
Mycobacterium_basiliense,11505,11534,29
Mycobacterium_basiliense,11566,11567,1
Mycobacterium_basiliense,11590,11591,1
Mycobacterium_basiliense,11782,11783,1
Mycobacterium_basiliense,11823,11824,1
Mycobacterium_basiliense,11826,11827,1
Mycobacterium_basiliense,11831,11836,5
Mycobacterium_basiliense,11848,11850,2
Mycobacterium_basiliense,11851,11852,1
Mycobacterium_basiliense,11859,11860,1
Mycobacterium_basiliense,11864,11866,2
Mycobacterium_basiliense,11877,11878,1
Mycobacterium_basiliense,11993,11994,1
Mycobacterium_basiliense,12029,12030,1
Mycobacterium_basiliense,12068,12069,1
Mycobacterium_basiliense,12207,12208,1
Mycobacterium_basiliense,12211,12212,1
Mycobacterium_basiliense,12213,12214,1
Mycobacterium_basiliense,12218,12222,4
Mycobacterium_basiliense,12225,12227,2
Mycobacterium_basiliense,12237,12238,1
Mycobacterium_basiliense,12360,12369,9
Mycobacterium_basiliense,12371,12372,1
Mycobacterium_basiliense,12374,12380,6
Mycobacterium_basiliense,12384,12390,6
Mycobacterium_basiliense,12391,12400,9
Mycobacterium_basiliense,12454,12455,1
Mycobacterium_basiliense,12739,12740,1
Mycobacterium_basiliense,12798,12925,127
Mycobacterium_basiliense,13451,13452,1
Mycobacterium_basiliense,13453,13454,1
Mycobacterium_basiliense,13508,13509,1
Mycolicibacterium_hassiacum,1,10,9
Mycolicibacterium_hassiacum,21,39,18
Mycolicibacterium_hassiacum,43,46,3
Mycolicibacterium_hassiacum,53,71,18
Mycolicibacterium_hassiacum,87,107,20
Mycolicibacterium_hassiacum,117,132,15
Mycolicibacterium_hassiacum,133,136,3
Mycolicibacterium_hassiacum,346,349,3
Mycolicibacterium_hassiacum,1542,1685,143
Mycolicibacterium_hassiacum,3284,3287,3
Mycolicibacterium_hassiacum,3317,3361,44
Mycolicibacterium_hassiacum,3364,3365,1
Mycolicibacterium_hassiacum,3373,3374,1
Mycolicibacterium_hassiacum,3409,3421,12
Mycolicibacterium_hassiacum,3424,3478,54
Mycolicibacterium_hassiacum,3485,3491,6
Mycolicibacterium_hassiacum,3642,3645,3
Mycolicibacterium_hassiacum,3650,3653,3
Mycolicibacterium_hassiacum,3655,3667,12
Mycolicibacterium_hassiacum,3782,3788,6
Mycolicibacterium_hassiacum,4400,4406,6
Mycolicibacterium_hassiacum,4407,4413,6
Mycolicibacterium_hassiacum,4417,4426,9
Mycolicibacterium_hassiacum,4432,4445,13
Mycolicibacterium_hassiacum,4452,4455,3
Mycolicibacterium_hassiacum,4456,4462,6
Mycolicibacterium_hassiacum,4468,4474,6
Mycolicibacterium_hassiacum,4475,4481,6
Mycolicibacterium_hassiacum,4483,4486,3
Mycolicibacterium_hassiacum,4540,4552,12
Mycolicibacterium_hassiacum,4555,4564,9
Mycolicibacterium_hassiacum,4567,4573,6
Mycolicibacterium_hassiacum,4582,4585,3
Mycolicibacterium_hassiacum,5163,5169,6
Mycolicibacterium_hassiacum,5170,5179,9
Mycolicibacterium_hassiacum,5181,5190,9
Mycolicibacterium_hassiacum,5197,5199,2
Mycolicibacterium_hassiacum,5201,5204,3
Mycolicibacterium_hassiacum,5206,5214,8
Mycolicibacterium_hassiacum,5218,5230,12
Mycolicibacterium_hassiacum,5231,5241,10
Mycolicibacterium_hassiacum,5247,5253,6
Mycolicibacterium_hassiacum,5401,5402,1
Mycolicibacterium_hassiacum,6015,6016,1
Mycolicibacterium_hassiacum,6431,6467,36
Mycolicibacterium_hassiacum,6470,6494,24
Mycolicibacterium_hassiacum,7178,7254,76
Mycolicibacterium_hassiacum,7260,7268,8
Mycolicibacterium_hassiacum,7760,7763,3
Mycolicibacterium_hassiacum,8452,8500,48
Mycolicibacterium_hassiacum,8577,8578,1
Mycolicibacterium_hassiacum,8584,8599,15
Mycolicibacterium_hassiacum,8601,8603,2
Mycolicibacterium_hassiacum,8609,8610,1
Mycolicibacterium_hassiacum,8661,8662,1
Mycolicibacterium_hassiacum,8720,8721,1
Mycolicibacterium_hassiacum,8733,8734,1
Mycolicibacterium_hassiacum,8930,8931,1
Mycolicibacterium_hassiacum,8980,8982,2
Mycolicibacterium_hassiacum,8984,8998,14
Mycolicibacterium_hassiacum,9120,9121,1
Mycolicibacterium_hassiacum,9359,9360,1
Mycolicibacterium_hassiacum,9370,9372,2
Mycolicibacterium_hassiacum,9546,9547,1
Mycolicibacterium_hassiacum,9812,9813,1
Mycolicibacterium_hassiacum,9984,9986,2
Mycolicibacterium_hassiacum,10076,10078,2
Mycolicibacterium_hassiacum,10157,10158,1
Mycolicibacterium_hassiacum,10261,10262,1
Mycolicibacterium_hassiacum,10310,10312,2
Mycolicibacterium_hassiacum,10313,10315,2
Mycolicibacterium_hassiacum,10325,10326,1
Mycolicibacterium_hassiacum,10352,10353,1
Mycolicibacterium_hassiacum,10370,10371,1
Mycolicibacterium_hassiacum,10434,10435,1
Mycolicibacterium_hassiacum,10448,10449,1
Mycolicibacterium_hassiacum,10461,10462,1
Mycolicibacterium_hassiacum,10476,10477,1
Mycolicibacterium_hassiacum,10491,10492,1
Mycolicibacterium_hassiacum,10526,10527,1
Mycolicibacterium_hassiacum,10547,10649,102
Mycolicibacterium_hassiacum,10828,10843,15
Mycolicibacterium_hassiacum,10864,10865,1
Mycolicibacterium_hassiacum,10965,10966,1
Mycolicibacterium_hassiacum,10971,10975,4
Mycolicibacterium_hassiacum,11085,11086,1
Mycolicibacterium_hassiacum,11143,11144,1
Mycolicibacterium_hassiacum,11243,11244,1
Mycolicibacterium_hassiacum,11260,11261,1
Mycolicibacterium_hassiacum,11265,11267,2
Mycolicibacterium_hassiacum,11286,11287,1
Mycolicibacterium_hassiacum,11312,11313,1
Mycolicibacterium_hassiacum,11473,11474,1
Mycolicibacterium_hassiacum,11505,11512,7
Mycolicibacterium_hassiacum,11520,11537,17
Mycolicibacterium_hassiacum,11566,11567,1
Mycolicibacterium_hassiacum,11590,11591,1
Mycolicibacterium_hassiacum,11782,11783,1
Mycolicibacterium_hassiacum,11823,11824,1
Mycolicibacterium_hassiacum,11826,11835,9
Mycolicibacterium_hassiacum,11846,11852,6
Mycolicibacterium_hassiacum,11859,11860,1
Mycolicibacterium_hassiacum,11864,11866,2
Mycolicibacterium_hassiacum,11877,11878,1
Mycolicibacterium_hassiacum,11993,11995,2
Mycolicibacterium_hassiacum,12029,12030,1
Mycolicibacterium_hassiacum,12068,12069,1
Mycolicibacterium_hassiacum,12207,12208,1
Mycolicibacterium_hassiacum,12211,12212,1
Mycolicibacterium_hassiacum,12213,12214,1
Mycolicibacterium_hassiacum,12218,12222,4
Mycolicibacterium_hassiacum,12225,12227,2
Mycolicibacterium_hassiacum,12237,12238,1
Mycolicibacterium_hassiacum,12360,12369,9
Mycolicibacterium_hassiacum,12371,12372,1
Mycolicibacterium_hassiacum,12374,12375,1
Mycolicibacterium_hassiacum,12377,12382,5
Mycolicibacterium_hassiacum,12384,12390,6
Mycolicibacterium_hassiacum,12391,12400,9
Mycolicibacterium_hassiacum,12454,12455,1
Mycolicibacterium_hassiacum,12739,12740,1
Mycolicibacterium_hassiacum,12798,12925,127
Mycolicibacterium_hassiacum,13451,13452,1
Mycolicibacterium_hassiacum,13453,13454,1
Mycolicibacterium_hassiacum,13508,13509,1
Mycolicibacterium_aurum,1,10,9
Mycolicibacterium_aurum,21,39,18
Mycolicibacterium_aurum,43,46,3
Mycolicibacterium_aurum,63,107,44
Mycolicibacterium_aurum,117,126,9
Mycolicibacterium_aurum,133,136,3
Mycolicibacterium_aurum,346,349,3
Mycolicibacterium_aurum,1542,1691,149
Mycolicibacterium_aurum,3317,3361,44
Mycolicibacterium_aurum,3364,3365,1
Mycolicibacterium_aurum,3373,3374,1
Mycolicibacterium_aurum,3407,3482,75
Mycolicibacterium_aurum,3485,3491,6
Mycolicibacterium_aurum,3642,3645,3
Mycolicibacterium_aurum,3650,3653,3
Mycolicibacterium_aurum,3655,3667,12
Mycolicibacterium_aurum,3782,3788,6
Mycolicibacterium_aurum,4400,4406,6
Mycolicibacterium_aurum,4407,4413,6
Mycolicibacterium_aurum,4417,4426,9
Mycolicibacterium_aurum,4432,4445,13
Mycolicibacterium_aurum,4452,4455,3
Mycolicibacterium_aurum,4456,4462,6
Mycolicibacterium_aurum,4468,4474,6
Mycolicibacterium_aurum,4475,4481,6
Mycolicibacterium_aurum,4483,4486,3
Mycolicibacterium_aurum,4540,4552,12
Mycolicibacterium_aurum,4555,4564,9
Mycolicibacterium_aurum,4567,4573,6
Mycolicibacterium_aurum,4582,4585,3
Mycolicibacterium_aurum,5163,5169,6
Mycolicibacterium_aurum,5170,5179,9
Mycolicibacterium_aurum,5181,5190,9
Mycolicibacterium_aurum,5197,5199,2
Mycolicibacterium_aurum,5201,5204,3
Mycolicibacterium_aurum,5206,5214,8
Mycolicibacterium_aurum,5218,5230,12
Mycolicibacterium_aurum,5231,5241,10
Mycolicibacterium_aurum,5247,5253,6
Mycolicibacterium_aurum,5401,5402,1
Mycolicibacterium_aurum,6015,6016,1
Mycolicibacterium_aurum,6431,6452,21
Mycolicibacterium_aurum,6458,6467,9
Mycolicibacterium_aurum,6470,6494,24
Mycolicibacterium_aurum,7178,7254,76
Mycolicibacterium_aurum,7260,7268,8
Mycolicibacterium_aurum,7760,7763,3
Mycolicibacterium_aurum,8452,8500,48
Mycolicibacterium_aurum,8577,8578,1
Mycolicibacterium_aurum,8584,8599,15
Mycolicibacterium_aurum,8600,8604,4
Mycolicibacterium_aurum,8609,8610,1
Mycolicibacterium_aurum,8661,8662,1
Mycolicibacterium_aurum,8703,8704,1
Mycolicibacterium_aurum,8720,8721,1
Mycolicibacterium_aurum,8733,8735,2
Mycolicibacterium_aurum,8739,8742,3
Mycolicibacterium_aurum,8930,8931,1
Mycolicibacterium_aurum,8980,8982,2
Mycolicibacterium_aurum,8984,8998,14
Mycolicibacterium_aurum,9120,9121,1
Mycolicibacterium_aurum,9370,9372,2
Mycolicibacterium_aurum,9546,9547,1
Mycolicibacterium_aurum,9812,9813,1
Mycolicibacterium_aurum,9985,9986,1
Mycolicibacterium_aurum,10076,10078,2
Mycolicibacterium_aurum,10157,10158,1
Mycolicibacterium_aurum,10261,10262,1
Mycolicibacterium_aurum,10310,10312,2
Mycolicibacterium_aurum,10313,10315,2
Mycolicibacterium_aurum,10325,10326,1
Mycolicibacterium_aurum,10370,10371,1
Mycolicibacterium_aurum,10416,10417,1
Mycolicibacterium_aurum,10434,10435,1
Mycolicibacterium_aurum,10448,10449,1
Mycolicibacterium_aurum,10461,10462,1
Mycolicibacterium_aurum,10476,10477,1
Mycolicibacterium_aurum,10491,10492,1
Mycolicibacterium_aurum,10526,10527,1
Mycolicibacterium_aurum,10545,10649,104
Mycolicibacterium_aurum,10828,10832,4
Mycolicibacterium_aurum,10835,10836,1
Mycolicibacterium_aurum,10837,10843,6
Mycolicibacterium_aurum,10864,10865,1
Mycolicibacterium_aurum,10914,10915,1
Mycolicibacterium_aurum,10965,10966,1
Mycolicibacterium_aurum,10971,10975,4
Mycolicibacterium_aurum,11085,11086,1
Mycolicibacterium_aurum,11143,11144,1
Mycolicibacterium_aurum,11243,11244,1
Mycolicibacterium_aurum,11260,11261,1
Mycolicibacterium_aurum,11265,11267,2
Mycolicibacterium_aurum,11286,11287,1
Mycolicibacterium_aurum,11312,11313,1
Mycolicibacterium_aurum,11473,11474,1
Mycolicibacterium_aurum,11505,11512,7
Mycolicibacterium_aurum,11513,11514,1
Mycolicibacterium_aurum,11520,11521,1
Mycolicibacterium_aurum,11523,11538,15
Mycolicibacterium_aurum,11566,11567,1
Mycolicibacterium_aurum,11782,11783,1
Mycolicibacterium_aurum,11823,11824,1
Mycolicibacterium_aurum,11826,11827,1
Mycolicibacterium_aurum,11831,11836,5
Mycolicibacterium_aurum,11846,11850,4
Mycolicibacterium_aurum,11851,11852,1
Mycolicibacterium_aurum,11859,11860,1
Mycolicibacterium_aurum,11864,11866,2
Mycolicibacterium_aurum,11877,11878,1
Mycolicibacterium_aurum,11993,11995,2
Mycolicibacterium_aurum,12029,12030,1
Mycolicibacterium_aurum,12068,12069,1
Mycolicibacterium_aurum,12207,12208,1
Mycolicibacterium_aurum,12211,12212,1
Mycolicibacterium_aurum,12213,12214,1
Mycolicibacterium_aurum,12218,12222,4
Mycolicibacterium_aurum,12226,12227,1
Mycolicibacterium_aurum,12237,12238,1
Mycolicibacterium_aurum,12360,12369,9
Mycolicibacterium_aurum,12371,12372,1
Mycolicibacterium_aurum,12374,12375,1
Mycolicibacterium_aurum,12377,12382,5
Mycolicibacterium_aurum,12384,12390,6
Mycolicibacterium_aurum,12391,12400,9
Mycolicibacterium_aurum,12454,12455,1
Mycolicibacterium_aurum,12739,12740,1
Mycolicibacterium_aurum,12798,12925,127
Mycolicibacterium_aurum,13451,13452,1
Mycolicibacterium_aurum,13453,13454,1
Mycolicibacterium_aurum,13508,13509,1
Mycolicibacterium_nivoides,1,10,9
Mycolicibacterium_nivoides,21,39,18
Mycolicibacterium_nivoides,43,46,3
Mycolicibacterium_nivoides,48,110,62
Mycolicibacterium_nivoides,117,132,15
Mycolicibacterium_nivoides,133,136,3
Mycolicibacterium_nivoides,346,349,3
Mycolicibacterium_nivoides,1542,1691,149
Mycolicibacterium_nivoides,3265,3268,3
Mycolicibacterium_nivoides,3317,3361,44
Mycolicibacterium_nivoides,3364,3365,1
Mycolicibacterium_nivoides,3373,3374,1
Mycolicibacterium_nivoides,3403,3406,3
Mycolicibacterium_nivoides,3409,3421,12
Mycolicibacterium_nivoides,3424,3478,54
Mycolicibacterium_nivoides,3485,3491,6
Mycolicibacterium_nivoides,3642,3645,3
Mycolicibacterium_nivoides,3650,3653,3
Mycolicibacterium_nivoides,3655,3667,12
Mycolicibacterium_nivoides,3782,3788,6
Mycolicibacterium_nivoides,4400,4406,6
Mycolicibacterium_nivoides,4407,4413,6
Mycolicibacterium_nivoides,4417,4426,9
Mycolicibacterium_nivoides,4432,4445,13
Mycolicibacterium_nivoides,4452,4455,3
Mycolicibacterium_nivoides,4456,4462,6
Mycolicibacterium_nivoides,4468,4474,6
Mycolicibacterium_nivoides,4475,4481,6
Mycolicibacterium_nivoides,4483,4486,3
Mycolicibacterium_nivoides,4540,4552,12
Mycolicibacterium_nivoides,4555,4564,9
Mycolicibacterium_nivoides,4567,4573,6
Mycolicibacterium_nivoides,4582,4585,3
Mycolicibacterium_nivoides,5163,5169,6
Mycolicibacterium_nivoides,5170,5179,9
Mycolicibacterium_nivoides,5181,5190,9
Mycolicibacterium_nivoides,5197,5199,2
Mycolicibacterium_nivoides,5201,5204,3
Mycolicibacterium_nivoides,5206,5214,8
Mycolicibacterium_nivoides,5218,5230,12
Mycolicibacterium_nivoides,5231,5241,10
Mycolicibacterium_nivoides,5247,5253,6
Mycolicibacterium_nivoides,5401,5402,1
Mycolicibacterium_nivoides,6015,6016,1
Mycolicibacterium_nivoides,6431,6452,21
Mycolicibacterium_nivoides,6456,6462,6
Mycolicibacterium_nivoides,6470,6494,24
Mycolicibacterium_nivoides,7178,7254,76
Mycolicibacterium_nivoides,7260,7268,8
Mycolicibacterium_nivoides,7760,7763,3
Mycolicibacterium_nivoides,8452,8500,48
Mycolicibacterium_nivoides,8577,8578,1
Mycolicibacterium_nivoides,8584,8599,15
Mycolicibacterium_nivoides,8600,8604,4
Mycolicibacterium_nivoides,8609,8610,1
Mycolicibacterium_nivoides,8661,8662,1
Mycolicibacterium_nivoides,8703,8704,1
Mycolicibacterium_nivoides,8720,8721,1
Mycolicibacterium_nivoides,8733,8735,2
Mycolicibacterium_nivoides,8739,8742,3
Mycolicibacterium_nivoides,8930,8931,1
Mycolicibacterium_nivoides,8980,8982,2
Mycolicibacterium_nivoides,8984,8998,14
Mycolicibacterium_nivoides,9120,9121,1
Mycolicibacterium_nivoides,9370,9372,2
Mycolicibacterium_nivoides,9546,9547,1
Mycolicibacterium_nivoides,9812,9813,1
Mycolicibacterium_nivoides,9982,9984,2
Mycolicibacterium_nivoides,9985,9986,1
Mycolicibacterium_nivoides,10076,10078,2
Mycolicibacterium_nivoides,10157,10158,1
Mycolicibacterium_nivoides,10261,10262,1
Mycolicibacterium_nivoides,10310,10312,2
Mycolicibacterium_nivoides,10313,10315,2
Mycolicibacterium_nivoides,10325,10326,1
Mycolicibacterium_nivoides,10370,10371,1
Mycolicibacterium_nivoides,10416,10417,1
Mycolicibacterium_nivoides,10434,10435,1
Mycolicibacterium_nivoides,10448,10449,1
Mycolicibacterium_nivoides,10476,10477,1
Mycolicibacterium_nivoides,10491,10492,1
Mycolicibacterium_nivoides,10526,10527,1
Mycolicibacterium_nivoides,10539,10540,1
Mycolicibacterium_nivoides,10547,10649,102
Mycolicibacterium_nivoides,10828,10831,3
Mycolicibacterium_nivoides,10835,10843,8
Mycolicibacterium_nivoides,10864,10865,1
Mycolicibacterium_nivoides,10914,10915,1
Mycolicibacterium_nivoides,10965,10966,1
Mycolicibacterium_nivoides,10971,10975,4
Mycolicibacterium_nivoides,11085,11086,1
Mycolicibacterium_nivoides,11143,11144,1
Mycolicibacterium_nivoides,11243,11244,1
Mycolicibacterium_nivoides,11260,11261,1
Mycolicibacterium_nivoides,11286,11287,1
Mycolicibacterium_nivoides,11312,11313,1
Mycolicibacterium_nivoides,11473,11474,1
Mycolicibacterium_nivoides,11505,11512,7
Mycolicibacterium_nivoides,11513,11514,1
Mycolicibacterium_nivoides,11516,11517,1
Mycolicibacterium_nivoides,11520,11521,1
Mycolicibacterium_nivoides,11524,11541,17
Mycolicibacterium_nivoides,11566,11567,1
Mycolicibacterium_nivoides,11782,11783,1
Mycolicibacterium_nivoides,11823,11824,1
Mycolicibacterium_nivoides,11826,11827,1
Mycolicibacterium_nivoides,11831,11836,5
Mycolicibacterium_nivoides,11846,11850,4
Mycolicibacterium_nivoides,11851,11852,1
Mycolicibacterium_nivoides,11859,11860,1
Mycolicibacterium_nivoides,11864,11865,1
Mycolicibacterium_nivoides,11877,11878,1
Mycolicibacterium_nivoides,11993,11994,1
Mycolicibacterium_nivoides,12029,12030,1
Mycolicibacterium_nivoides,12068,12069,1
Mycolicibacterium_nivoides,12207,12208,1
Mycolicibacterium_nivoides,12211,12212,1
Mycolicibacterium_nivoides,12213,12214,1
Mycolicibacterium_nivoides,12218,12222,4
Mycolicibacterium_nivoides,12226,12227,1
Mycolicibacterium_nivoides,12237,12238,1
Mycolicibacterium_nivoides,12360,12372,12
Mycolicibacterium_nivoides,12374,12375,1
Mycolicibacterium_nivoides,12378,12381,3
Mycolicibacterium_nivoides,12384,12390,6
Mycolicibacterium_nivoides,12391,12400,9
Mycolicibacterium_nivoides,12454,12455,1
Mycolicibacterium_nivoides,12739,12740,1
Mycolicibacterium_nivoides,12798,12925,127
Mycolicibacterium_nivoides,13451,13452,1
Mycolicibacterium_nivoides,13453,13454,1
Mycolicibacterium_nivoides,13508,13509,1
Mycobacterium_frederiksbergense,1,10,9
Mycobacterium_frederiksbergense,21,39,18
Mycobacterium_frederiksbergense,43,46,3
Mycobacterium_frederiksbergense,48,110,62
Mycobacterium_frederiksbergense,118,130,12
Mycobacterium_frederiksbergense,133,136,3
Mycobacterium_frederiksbergense,346,349,3
Mycobacterium_frederiksbergense,1542,1691,149
Mycobacterium_frederiksbergense,3317,3365,48
Mycobacterium_frederiksbergense,3373,3374,1
Mycobacterium_frederiksbergense,3408,3480,72
Mycobacterium_frederiksbergense,3485,3491,6
Mycobacterium_frederiksbergense,3642,3645,3
Mycobacterium_frederiksbergense,3650,3653,3
Mycobacterium_frederiksbergense,3655,3667,12
Mycobacterium_frederiksbergense,3782,3788,6
Mycobacterium_frederiksbergense,4400,4406,6
Mycobacterium_frederiksbergense,4407,4413,6
Mycobacterium_frederiksbergense,4417,4426,9
Mycobacterium_frederiksbergense,4432,4445,13
Mycobacterium_frederiksbergense,4452,4455,3
Mycobacterium_frederiksbergense,4456,4462,6
Mycobacterium_frederiksbergense,4468,4474,6
Mycobacterium_frederiksbergense,4475,4481,6
Mycobacterium_frederiksbergense,4483,4486,3
Mycobacterium_frederiksbergense,4540,4552,12
Mycobacterium_frederiksbergense,4555,4564,9
Mycobacterium_frederiksbergense,4567,4573,6
Mycobacterium_frederiksbergense,4582,4585,3
Mycobacterium_frederiksbergense,5163,5169,6
Mycobacterium_frederiksbergense,5170,5179,9
Mycobacterium_frederiksbergense,5181,5190,9
Mycobacterium_frederiksbergense,5197,5199,2
Mycobacterium_frederiksbergense,5201,5204,3
Mycobacterium_frederiksbergense,5206,5214,8
Mycobacterium_frederiksbergense,5218,5230,12
Mycobacterium_frederiksbergense,5231,5241,10
Mycobacterium_frederiksbergense,5247,5253,6
Mycobacterium_frederiksbergense,5401,5402,1
Mycobacterium_frederiksbergense,6015,6016,1
Mycobacterium_frederiksbergense,6431,6467,36
Mycobacterium_frederiksbergense,6470,6494,24
Mycobacterium_frederiksbergense,7178,7254,76
Mycobacterium_frederiksbergense,7260,7268,8
Mycobacterium_frederiksbergense,7760,7763,3
Mycobacterium_frederiksbergense,8452,8500,48
Mycobacterium_frederiksbergense,8577,8578,1
Mycobacterium_frederiksbergense,8584,8599,15
Mycobacterium_frederiksbergense,8600,8604,4
Mycobacterium_frederiksbergense,8609,8610,1
Mycobacterium_frederiksbergense,8661,8662,1
Mycobacterium_frederiksbergense,8703,8704,1
Mycobacterium_frederiksbergense,8720,8721,1
Mycobacterium_frederiksbergense,8733,8735,2
Mycobacterium_frederiksbergense,8739,8742,3
Mycobacterium_frederiksbergense,8930,8931,1
Mycobacterium_frederiksbergense,8980,8982,2
Mycobacterium_frederiksbergense,8984,8998,14
Mycobacterium_frederiksbergense,9120,9121,1
Mycobacterium_frederiksbergense,9370,9372,2
Mycobacterium_frederiksbergense,9546,9547,1
Mycobacterium_frederiksbergense,9812,9813,1
Mycobacterium_frederiksbergense,9985,9986,1
Mycobacterium_frederiksbergense,10076,10078,2
Mycobacterium_frederiksbergense,10157,10158,1
Mycobacterium_frederiksbergense,10260,10262,2
Mycobacterium_frederiksbergense,10310,10312,2
Mycobacterium_frederiksbergense,10313,10315,2
Mycobacterium_frederiksbergense,10325,10326,1
Mycobacterium_frederiksbergense,10370,10371,1
Mycobacterium_frederiksbergense,10383,10384,1
Mycobacterium_frederiksbergense,10416,10417,1
Mycobacterium_frederiksbergense,10434,10435,1
Mycobacterium_frederiksbergense,10448,10449,1
Mycobacterium_frederiksbergense,10461,10462,1
Mycobacterium_frederiksbergense,10491,10492,1
Mycobacterium_frederiksbergense,10526,10527,1
Mycobacterium_frederiksbergense,10546,10649,103
Mycobacterium_frederiksbergense,10828,10830,2
Mycobacterium_frederiksbergense,10835,10843,8
Mycobacterium_frederiksbergense,10864,10865,1
Mycobacterium_frederiksbergense,10914,10915,1
Mycobacterium_frederiksbergense,10965,10966,1
Mycobacterium_frederiksbergense,10971,10975,4
Mycobacterium_frederiksbergense,11085,11086,1
Mycobacterium_frederiksbergense,11143,11144,1
Mycobacterium_frederiksbergense,11243,11244,1
Mycobacterium_frederiksbergense,11260,11261,1
Mycobacterium_frederiksbergense,11265,11267,2
Mycobacterium_frederiksbergense,11286,11287,1
Mycobacterium_frederiksbergense,11312,11313,1
Mycobacterium_frederiksbergense,11341,11342,1
Mycobacterium_frederiksbergense,11473,11474,1
Mycobacterium_frederiksbergense,11505,11512,7
Mycobacterium_frederiksbergense,11513,11514,1
Mycobacterium_frederiksbergense,11518,11534,16
Mycobacterium_frederiksbergense,11566,11567,1
Mycobacterium_frederiksbergense,11782,11783,1
Mycobacterium_frederiksbergense,11823,11824,1
Mycobacterium_frederiksbergense,11826,11827,1
Mycobacterium_frederiksbergense,11831,11836,5
Mycobacterium_frederiksbergense,11846,11850,4
Mycobacterium_frederiksbergense,11851,11852,1
Mycobacterium_frederiksbergense,11859,11860,1
Mycobacterium_frederiksbergense,11877,11878,1
Mycobacterium_frederiksbergense,11993,11994,1
Mycobacterium_frederiksbergense,12029,12030,1
Mycobacterium_frederiksbergense,12068,12069,1
Mycobacterium_frederiksbergense,12195,12197,2
Mycobacterium_frederiksbergense,12207,12208,1
Mycobacterium_frederiksbergense,12211,12212,1
Mycobacterium_frederiksbergense,12213,12214,1
Mycobacterium_frederiksbergense,12218,12222,4
Mycobacterium_frederiksbergense,12226,12227,1
Mycobacterium_frederiksbergense,12236,12238,2
Mycobacterium_frederiksbergense,12360,12369,9
Mycobacterium_frederiksbergense,12371,12372,1
Mycobacterium_frederiksbergense,12374,12375,1
Mycobacterium_frederiksbergense,12377,12382,5
Mycobacterium_frederiksbergense,12384,12390,6
Mycobacterium_frederiksbergense,12391,12400,9
Mycobacterium_frederiksbergense,12454,12455,1
Mycobacterium_frederiksbergense,12739,12740,1
Mycobacterium_frederiksbergense,12798,12925,127
Mycobacterium_frederiksbergense,13451,13452,1
Mycobacterium_frederiksbergense,13453,13454,1
Mycobacterium_frederiksbergense,13468,13469,1
Mycobacterium_frederiksbergense,13508,13509,1
Mycolicibacterium_fluoranthenivorans,1,10,9
Mycolicibacterium_fluoranthenivorans,21,39,18
Mycolicibacterium_fluoranthenivorans,43,46,3
Mycolicibacterium_fluoranthenivorans,48,110,62
Mycolicibacterium_fluoranthenivorans,117,132,15
Mycolicibacterium_fluoranthenivorans,133,136,3
Mycolicibacterium_fluoranthenivorans,346,349,3
Mycolicibacterium_fluoranthenivorans,1542,1691,149
Mycolicibacterium_fluoranthenivorans,3317,3361,44
Mycolicibacterium_fluoranthenivorans,3364,3365,1
Mycolicibacterium_fluoranthenivorans,3373,3374,1
Mycolicibacterium_fluoranthenivorans,3407,3482,75
Mycolicibacterium_fluoranthenivorans,3485,3491,6
Mycolicibacterium_fluoranthenivorans,3642,3645,3
Mycolicibacterium_fluoranthenivorans,3655,3667,12
Mycolicibacterium_fluoranthenivorans,3782,3788,6
Mycolicibacterium_fluoranthenivorans,4400,4406,6
Mycolicibacterium_fluoranthenivorans,4407,4413,6
Mycolicibacterium_fluoranthenivorans,4417,4426,9
Mycolicibacterium_fluoranthenivorans,4432,4445,13
Mycolicibacterium_fluoranthenivorans,4452,4455,3
Mycolicibacterium_fluoranthenivorans,4456,4462,6
Mycolicibacterium_fluoranthenivorans,4468,4474,6
Mycolicibacterium_fluoranthenivorans,4475,4481,6
Mycolicibacterium_fluoranthenivorans,4483,4486,3
Mycolicibacterium_fluoranthenivorans,4540,4552,12
Mycolicibacterium_fluoranthenivorans,4555,4564,9
Mycolicibacterium_fluoranthenivorans,4567,4573,6
Mycolicibacterium_fluoranthenivorans,4582,4585,3
Mycolicibacterium_fluoranthenivorans,5163,5169,6
Mycolicibacterium_fluoranthenivorans,5170,5179,9
Mycolicibacterium_fluoranthenivorans,5181,5190,9
Mycolicibacterium_fluoranthenivorans,5197,5199,2
Mycolicibacterium_fluoranthenivorans,5201,5204,3
Mycolicibacterium_fluoranthenivorans,5206,5214,8
Mycolicibacterium_fluoranthenivorans,5218,5230,12
Mycolicibacterium_fluoranthenivorans,5231,5241,10
Mycolicibacterium_fluoranthenivorans,5247,5253,6
Mycolicibacterium_fluoranthenivorans,5401,5402,1
Mycolicibacterium_fluoranthenivorans,6015,6016,1
Mycolicibacterium_fluoranthenivorans,6431,6452,21
Mycolicibacterium_fluoranthenivorans,6456,6462,6
Mycolicibacterium_fluoranthenivorans,6470,6494,24
Mycolicibacterium_fluoranthenivorans,7178,7254,76
Mycolicibacterium_fluoranthenivorans,7260,7268,8
Mycolicibacterium_fluoranthenivorans,7760,7763,3
Mycolicibacterium_fluoranthenivorans,8452,8500,48
Mycolicibacterium_fluoranthenivorans,8577,8578,1
Mycolicibacterium_fluoranthenivorans,8584,8599,15
Mycolicibacterium_fluoranthenivorans,8600,8604,4
Mycolicibacterium_fluoranthenivorans,8609,8610,1
Mycolicibacterium_fluoranthenivorans,8661,8662,1
Mycolicibacterium_fluoranthenivorans,8703,8704,1
Mycolicibacterium_fluoranthenivorans,8720,8721,1
Mycolicibacterium_fluoranthenivorans,8733,8735,2
Mycolicibacterium_fluoranthenivorans,8739,8742,3
Mycolicibacterium_fluoranthenivorans,8930,8931,1
Mycolicibacterium_fluoranthenivorans,8980,8982,2
Mycolicibacterium_fluoranthenivorans,8984,8998,14
Mycolicibacterium_fluoranthenivorans,9120,9121,1
Mycolicibacterium_fluoranthenivorans,9370,9372,2
Mycolicibacterium_fluoranthenivorans,9546,9547,1
Mycolicibacterium_fluoranthenivorans,9812,9813,1
Mycolicibacterium_fluoranthenivorans,9982,9984,2
Mycolicibacterium_fluoranthenivorans,9985,9986,1
Mycolicibacterium_fluoranthenivorans,10076,10078,2
Mycolicibacterium_fluoranthenivorans,10157,10158,1
Mycolicibacterium_fluoranthenivorans,10261,10262,1
Mycolicibacterium_fluoranthenivorans,10310,10312,2
Mycolicibacterium_fluoranthenivorans,10313,10315,2
Mycolicibacterium_fluoranthenivorans,10325,10326,1
Mycolicibacterium_fluoranthenivorans,10370,10371,1
Mycolicibacterium_fluoranthenivorans,10416,10417,1
Mycolicibacterium_fluoranthenivorans,10434,10435,1
Mycolicibacterium_fluoranthenivorans,10448,10449,1
Mycolicibacterium_fluoranthenivorans,10461,10462,1
Mycolicibacterium_fluoranthenivorans,10491,10492,1
Mycolicibacterium_fluoranthenivorans,10526,10527,1
Mycolicibacterium_fluoranthenivorans,10546,10649,103
Mycolicibacterium_fluoranthenivorans,10828,10830,2
Mycolicibacterium_fluoranthenivorans,10835,10843,8
Mycolicibacterium_fluoranthenivorans,10864,10865,1
Mycolicibacterium_fluoranthenivorans,10914,10915,1
Mycolicibacterium_fluoranthenivorans,10965,10966,1
Mycolicibacterium_fluoranthenivorans,10971,10975,4
Mycolicibacterium_fluoranthenivorans,11085,11086,1
Mycolicibacterium_fluoranthenivorans,11143,11144,1
Mycolicibacterium_fluoranthenivorans,11243,11244,1
Mycolicibacterium_fluoranthenivorans,11260,11261,1
Mycolicibacterium_fluoranthenivorans,11265,11267,2
Mycolicibacterium_fluoranthenivorans,11286,11287,1
Mycolicibacterium_fluoranthenivorans,11312,11313,1
Mycolicibacterium_fluoranthenivorans,11473,11474,1
Mycolicibacterium_fluoranthenivorans,11505,11512,7
Mycolicibacterium_fluoranthenivorans,11513,11514,1
Mycolicibacterium_fluoranthenivorans,11520,11535,15
Mycolicibacterium_fluoranthenivorans,11566,11567,1
Mycolicibacterium_fluoranthenivorans,11782,11783,1
Mycolicibacterium_fluoranthenivorans,11823,11824,1
Mycolicibacterium_fluoranthenivorans,11826,11827,1
Mycolicibacterium_fluoranthenivorans,11831,11836,5
Mycolicibacterium_fluoranthenivorans,11846,11850,4
Mycolicibacterium_fluoranthenivorans,11851,11852,1
Mycolicibacterium_fluoranthenivorans,11859,11860,1
Mycolicibacterium_fluoranthenivorans,11877,11878,1
Mycolicibacterium_fluoranthenivorans,11993,11994,1
Mycolicibacterium_fluoranthenivorans,12029,12030,1
Mycolicibacterium_fluoranthenivorans,12068,12069,1
Mycolicibacterium_fluoranthenivorans,12196,12197,1
Mycolicibacterium_fluoranthenivorans,12207,12208,1
Mycolicibacterium_fluoranthenivorans,12211,12212,1
Mycolicibacterium_fluoranthenivorans,12213,12214,1
Mycolicibacterium_fluoranthenivorans,12218,12222,4
Mycolicibacterium_fluoranthenivorans,12226,12227,1
Mycolicibacterium_fluoranthenivorans,12237,12238,1
Mycolicibacterium_fluoranthenivorans,12360,12369,9
Mycolicibacterium_fluoranthenivorans,12371,12372,1
Mycolicibacterium_fluoranthenivorans,12374,12375,1
Mycolicibacterium_fluoranthenivorans,12377,12382,5
Mycolicibacterium_fluoranthenivorans,12384,12390,6
Mycolicibacterium_fluoranthenivorans,12391,12400,9
Mycolicibacterium_fluoranthenivorans,12454,12455,1
Mycolicibacterium_fluoranthenivorans,12739,12740,1
Mycolicibacterium_fluoranthenivorans,12798,12925,127
Mycolicibacterium_fluoranthenivorans,13451,13452,1
Mycolicibacterium_fluoranthenivorans,13453,13454,1
Mycolicibacterium_fluoranthenivorans,13508,13509,1
Mycobacterium_riyadhense,1,10,9
Mycobacterium_riyadhense,21,39,18
Mycobacterium_riyadhense,43,46,3
Mycobacterium_riyadhense,53,71,18
Mycobacterium_riyadhense,87,107,20
Mycobacterium_riyadhense,117,132,15
Mycobacterium_riyadhense,133,136,3
Mycobacterium_riyadhense,346,349,3
Mycobacterium_riyadhense,1542,1691,149
Mycobacterium_riyadhense,3284,3287,3
Mycobacterium_riyadhense,3317,3381,64
Mycobacterium_riyadhense,3424,3460,36
Mycobacterium_riyadhense,3471,3480,9
Mycobacterium_riyadhense,3485,3491,6
Mycobacterium_riyadhense,3642,3645,3
Mycobacterium_riyadhense,3650,3653,3
Mycobacterium_riyadhense,3655,3667,12
Mycobacterium_riyadhense,3782,3788,6
Mycobacterium_riyadhense,4400,4406,6
Mycobacterium_riyadhense,4407,4413,6
Mycobacterium_riyadhense,4417,4426,9
Mycobacterium_riyadhense,4432,4445,13
Mycobacterium_riyadhense,4452,4455,3
Mycobacterium_riyadhense,4456,4462,6
Mycobacterium_riyadhense,4468,4480,12
Mycobacterium_riyadhense,4483,4486,3
Mycobacterium_riyadhense,4540,4552,12
Mycobacterium_riyadhense,4555,4564,9
Mycobacterium_riyadhense,4567,4573,6
Mycobacterium_riyadhense,4581,4584,3
Mycobacterium_riyadhense,5163,5169,6
Mycobacterium_riyadhense,5170,5179,9
Mycobacterium_riyadhense,5181,5190,9
Mycobacterium_riyadhense,5197,5199,2
Mycobacterium_riyadhense,5201,5204,3
Mycobacterium_riyadhense,5206,5214,8
Mycobacterium_riyadhense,5218,5230,12
Mycobacterium_riyadhense,5231,5241,10
Mycobacterium_riyadhense,5247,5253,6
Mycobacterium_riyadhense,5401,5402,1
Mycobacterium_riyadhense,6015,6016,1
Mycobacterium_riyadhense,6431,6452,21
Mycobacterium_riyadhense,6456,6462,6
Mycobacterium_riyadhense,6470,6494,24
Mycobacterium_riyadhense,7178,7254,76
Mycobacterium_riyadhense,7260,7268,8
Mycobacterium_riyadhense,7760,7763,3
Mycobacterium_riyadhense,8452,8500,48
Mycobacterium_riyadhense,8577,8578,1
Mycobacterium_riyadhense,8584,8599,15
Mycobacterium_riyadhense,8601,8603,2
Mycobacterium_riyadhense,8609,8610,1
Mycobacterium_riyadhense,8661,8662,1
Mycobacterium_riyadhense,8703,8704,1
Mycobacterium_riyadhense,8720,8721,1
Mycobacterium_riyadhense,8733,8735,2
Mycobacterium_riyadhense,8739,8742,3
Mycobacterium_riyadhense,8930,8931,1
Mycobacterium_riyadhense,8980,8982,2
Mycobacterium_riyadhense,8996,8998,2
Mycobacterium_riyadhense,9120,9121,1
Mycobacterium_riyadhense,9370,9372,2
Mycobacterium_riyadhense,9546,9547,1
Mycobacterium_riyadhense,9812,9813,1
Mycobacterium_riyadhense,9980,9981,1
Mycobacterium_riyadhense,9983,9986,3
Mycobacterium_riyadhense,10076,10078,2
Mycobacterium_riyadhense,10157,10158,1
Mycobacterium_riyadhense,10261,10262,1
Mycobacterium_riyadhense,10310,10312,2
Mycobacterium_riyadhense,10313,10315,2
Mycobacterium_riyadhense,10325,10326,1
Mycobacterium_riyadhense,10370,10371,1
Mycobacterium_riyadhense,10434,10435,1
Mycobacterium_riyadhense,10448,10449,1
Mycobacterium_riyadhense,10476,10477,1
Mycobacterium_riyadhense,10491,10492,1
Mycobacterium_riyadhense,10526,10527,1
Mycobacterium_riyadhense,10546,10649,103
Mycobacterium_riyadhense,10828,10830,2
Mycobacterium_riyadhense,10832,10846,14
Mycobacterium_riyadhense,10864,10865,1
Mycobacterium_riyadhense,10914,10915,1
Mycobacterium_riyadhense,10958,10967,9
Mycobacterium_riyadhense,10971,10972,1
Mycobacterium_riyadhense,10976,10977,1
Mycobacterium_riyadhense,11085,11086,1
Mycobacterium_riyadhense,11143,11144,1
Mycobacterium_riyadhense,11243,11244,1
Mycobacterium_riyadhense,11260,11261,1
Mycobacterium_riyadhense,11262,11263,1
Mycobacterium_riyadhense,11265,11267,2
Mycobacterium_riyadhense,11286,11287,1
Mycobacterium_riyadhense,11312,11313,1
Mycobacterium_riyadhense,11473,11474,1
Mycobacterium_riyadhense,11505,11511,6
Mycobacterium_riyadhense,11513,11514,1
Mycobacterium_riyadhense,11520,11521,1
Mycobacterium_riyadhense,11523,11534,11
Mycobacterium_riyadhense,11566,11567,1
Mycobacterium_riyadhense,11590,11591,1
Mycobacterium_riyadhense,11782,11783,1
Mycobacterium_riyadhense,11823,11824,1
Mycobacterium_riyadhense,11826,11827,1
Mycobacterium_riyadhense,11831,11836,5
Mycobacterium_riyadhense,11848,11850,2
Mycobacterium_riyadhense,11851,11852,1
Mycobacterium_riyadhense,11859,11860,1
Mycobacterium_riyadhense,11864,11866,2
Mycobacterium_riyadhense,11877,11878,1
Mycobacterium_riyadhense,11993,11994,1
Mycobacterium_riyadhense,12029,12030,1
Mycobacterium_riyadhense,12068,12069,1
Mycobacterium_riyadhense,12207,12208,1
Mycobacterium_riyadhense,12211,12212,1
Mycobacterium_riyadhense,12213,12214,1
Mycobacterium_riyadhense,12218,12222,4
Mycobacterium_riyadhense,12225,12227,2
Mycobacterium_riyadhense,12237,12238,1
Mycobacterium_riyadhense,12360,12369,9
Mycobacterium_riyadhense,12371,12372,1
Mycobacterium_riyadhense,12374,12380,6
Mycobacterium_riyadhense,12384,12390,6
Mycobacterium_riyadhense,12391,12400,9
Mycobacterium_riyadhense,12454,12455,1
Mycobacterium_riyadhense,12739,12740,1
Mycobacterium_riyadhense,12798,12925,127
Mycobacterium_riyadhense,13451,13452,1
Mycobacterium_riyadhense,13453,13454,1
Mycobacterium_riyadhense,13508,13509,1
Mycolicibacterium_septicum,1,10,9
Mycolicibacterium_septicum,21,39,18
Mycolicibacterium_septicum,43,46,3
Mycolicibacterium_septicum,48,110,62
Mycolicibacterium_septicum,117,132,15
Mycolicibacterium_septicum,133,136,3
Mycolicibacterium_septicum,346,349,3
Mycolicibacterium_septicum,1542,1691,149
Mycolicibacterium_septicum,3317,3361,44
Mycolicibacterium_septicum,3364,3365,1
Mycolicibacterium_septicum,3373,3374,1
Mycolicibacterium_septicum,3403,3406,3
Mycolicibacterium_septicum,3409,3421,12
Mycolicibacterium_septicum,3424,3478,54
Mycolicibacterium_septicum,3485,3491,6
Mycolicibacterium_septicum,3642,3645,3
Mycolicibacterium_septicum,3650,3653,3
Mycolicibacterium_septicum,3655,3667,12
Mycolicibacterium_septicum,3782,3788,6
Mycolicibacterium_septicum,4400,4406,6
Mycolicibacterium_septicum,4407,4413,6
Mycolicibacterium_septicum,4417,4426,9
Mycolicibacterium_septicum,4432,4445,13
Mycolicibacterium_septicum,4452,4455,3
Mycolicibacterium_septicum,4456,4462,6
Mycolicibacterium_septicum,4468,4474,6
Mycolicibacterium_septicum,4475,4481,6
Mycolicibacterium_septicum,4483,4486,3
Mycolicibacterium_septicum,4540,4552,12
Mycolicibacterium_septicum,4555,4564,9
Mycolicibacterium_septicum,4567,4573,6
Mycolicibacterium_septicum,4582,4585,3
Mycolicibacterium_septicum,5163,5169,6
Mycolicibacterium_septicum,5170,5179,9
Mycolicibacterium_septicum,5181,5190,9
Mycolicibacterium_septicum,5197,5199,2
Mycolicibacterium_septicum,5201,5204,3
Mycolicibacterium_septicum,5206,5214,8
Mycolicibacterium_septicum,5218,5230,12
Mycolicibacterium_septicum,5231,5241,10
Mycolicibacterium_septicum,5247,5253,6
Mycolicibacterium_septicum,5401,5402,1
Mycolicibacterium_septicum,6015,6016,1
Mycolicibacterium_septicum,6431,6452,21
Mycolicibacterium_septicum,6456,6462,6
Mycolicibacterium_septicum,6470,6494,24
Mycolicibacterium_septicum,7178,7254,76
Mycolicibacterium_septicum,7260,7268,8
Mycolicibacterium_septicum,7760,7763,3
Mycolicibacterium_septicum,8452,8500,48
Mycolicibacterium_septicum,8577,8578,1
Mycolicibacterium_septicum,8584,8599,15
Mycolicibacterium_septicum,8600,8604,4
Mycolicibacterium_septicum,8609,8610,1
Mycolicibacterium_septicum,8661,8662,1
Mycolicibacterium_septicum,8703,8704,1
Mycolicibacterium_septicum,8720,8721,1
Mycolicibacterium_septicum,8733,8735,2
Mycolicibacterium_septicum,8739,8742,3
Mycolicibacterium_septicum,8930,8931,1
Mycolicibacterium_septicum,8980,8982,2
Mycolicibacterium_septicum,8984,8998,14
Mycolicibacterium_septicum,9120,9121,1
Mycolicibacterium_septicum,9370,9372,2
Mycolicibacterium_septicum,9546,9547,1
Mycolicibacterium_septicum,9812,9813,1
Mycolicibacterium_septicum,9982,9984,2
Mycolicibacterium_septicum,9985,9986,1
Mycolicibacterium_septicum,10076,10078,2
Mycolicibacterium_septicum,10157,10158,1
Mycolicibacterium_septicum,10261,10262,1
Mycolicibacterium_septicum,10310,10312,2
Mycolicibacterium_septicum,10313,10315,2
Mycolicibacterium_septicum,10325,10326,1
Mycolicibacterium_septicum,10370,10371,1
Mycolicibacterium_septicum,10416,10417,1
Mycolicibacterium_septicum,10434,10435,1
Mycolicibacterium_septicum,10448,10449,1
Mycolicibacterium_septicum,10476,10477,1
Mycolicibacterium_septicum,10491,10492,1
Mycolicibacterium_septicum,10526,10527,1
Mycolicibacterium_septicum,10539,10540,1
Mycolicibacterium_septicum,10547,10649,102
Mycolicibacterium_septicum,10829,10830,1
Mycolicibacterium_septicum,10835,10843,8
Mycolicibacterium_septicum,10864,10865,1
Mycolicibacterium_septicum,10914,10915,1
Mycolicibacterium_septicum,10965,10966,1
Mycolicibacterium_septicum,10971,10975,4
Mycolicibacterium_septicum,11085,11086,1
Mycolicibacterium_septicum,11143,11144,1
Mycolicibacterium_septicum,11243,11244,1
Mycolicibacterium_septicum,11260,11261,1
Mycolicibacterium_septicum,11286,11287,1
Mycolicibacterium_septicum,11312,11313,1
Mycolicibacterium_septicum,11473,11474,1
Mycolicibacterium_septicum,11505,11512,7
Mycolicibacterium_septicum,11513,11514,1
Mycolicibacterium_septicum,11516,11517,1
Mycolicibacterium_septicum,11520,11521,1
Mycolicibacterium_septicum,11524,11538,14
Mycolicibacterium_septicum,11566,11567,1
Mycolicibacterium_septicum,11782,11783,1
Mycolicibacterium_septicum,11823,11824,1
Mycolicibacterium_septicum,11826,11827,1
Mycolicibacterium_septicum,11831,11836,5
Mycolicibacterium_septicum,11846,11850,4
Mycolicibacterium_septicum,11851,11852,1
Mycolicibacterium_septicum,11859,11860,1
Mycolicibacterium_septicum,11864,11865,1
Mycolicibacterium_septicum,11877,11878,1
Mycolicibacterium_septicum,11993,11994,1
Mycolicibacterium_septicum,12029,12030,1
Mycolicibacterium_septicum,12068,12069,1
Mycolicibacterium_septicum,12207,12208,1
Mycolicibacterium_septicum,12211,12212,1
Mycolicibacterium_septicum,12213,12214,1
Mycolicibacterium_septicum,12218,12222,4
Mycolicibacterium_septicum,12226,12227,1
Mycolicibacterium_septicum,12237,12238,1
Mycolicibacterium_septicum,12360,12372,12
Mycolicibacterium_septicum,12374,12375,1
Mycolicibacterium_septicum,12378,12381,3
Mycolicibacterium_septicum,12384,12390,6
Mycolicibacterium_septicum,12391,12400,9
Mycolicibacterium_septicum,12454,12455,1
Mycolicibacterium_septicum,12739,12740,1
Mycolicibacterium_septicum,12798,12925,127
Mycolicibacterium_septicum,13451,13452,1
Mycolicibacterium_septicum,13453,13454,1
Mycolicibacterium_septicum,13508,13509,1
Mycobacterium_senriense,1,10,9
Mycobacterium_senriense,21,39,18
Mycobacterium_senriense,43,46,3
Mycobacterium_senriense,62,71,9
Mycobacterium_senriense,87,107,20
Mycobacterium_senriense,117,132,15
Mycobacterium_senriense,133,136,3
Mycobacterium_senriense,346,349,3
Mycobacterium_senriense,1542,1583,41
Mycobacterium_senriense,1587,1676,89
Mycobacterium_senriense,1678,1691,13
Mycobacterium_senriense,3317,3381,64
Mycobacterium_senriense,3414,3420,6
Mycobacterium_senriense,3424,3460,36
Mycobacterium_senriense,3476,3479,3
Mycobacterium_senriense,3485,3491,6
Mycobacterium_senriense,3642,3645,3
Mycobacterium_senriense,3650,3653,3
Mycobacterium_senriense,3655,3667,12
Mycobacterium_senriense,3782,3788,6
Mycobacterium_senriense,4400,4406,6
Mycobacterium_senriense,4407,4413,6
Mycobacterium_senriense,4417,4426,9
Mycobacterium_senriense,4432,4445,13
Mycobacterium_senriense,4452,4455,3
Mycobacterium_senriense,4456,4462,6
Mycobacterium_senriense,4468,4480,12
Mycobacterium_senriense,4483,4486,3
Mycobacterium_senriense,4540,4552,12
Mycobacterium_senriense,4555,4564,9
Mycobacterium_senriense,4567,4573,6
Mycobacterium_senriense,4581,4584,3
Mycobacterium_senriense,5163,5169,6
Mycobacterium_senriense,5170,5179,9
Mycobacterium_senriense,5181,5190,9
Mycobacterium_senriense,5197,5199,2
Mycobacterium_senriense,5201,5204,3
Mycobacterium_senriense,5206,5214,8
Mycobacterium_senriense,5218,5230,12
Mycobacterium_senriense,5231,5241,10
Mycobacterium_senriense,5247,5253,6
Mycobacterium_senriense,5401,5402,1
Mycobacterium_senriense,6015,6016,1
Mycobacterium_senriense,6428,6464,36
Mycobacterium_senriense,6470,6494,24
Mycobacterium_senriense,7178,7254,76
Mycobacterium_senriense,7260,7268,8
Mycobacterium_senriense,7760,7763,3
Mycobacterium_senriense,8452,8500,48
Mycobacterium_senriense,8577,8578,1
Mycobacterium_senriense,8584,8599,15
Mycobacterium_senriense,8601,8603,2
Mycobacterium_senriense,8609,8610,1
Mycobacterium_senriense,8661,8662,1
Mycobacterium_senriense,8703,8704,1
Mycobacterium_senriense,8720,8721,1
Mycobacterium_senriense,8733,8735,2
Mycobacterium_senriense,8739,8742,3
Mycobacterium_senriense,8930,8931,1
Mycobacterium_senriense,8980,8982,2
Mycobacterium_senriense,8996,8998,2
Mycobacterium_senriense,9120,9121,1
Mycobacterium_senriense,9370,9372,2
Mycobacterium_senriense,9546,9547,1
Mycobacterium_senriense,9812,9813,1
Mycobacterium_senriense,9982,9986,4
Mycobacterium_senriense,10076,10078,2
Mycobacterium_senriense,10157,10158,1
Mycobacterium_senriense,10261,10262,1
Mycobacterium_senriense,10310,10312,2
Mycobacterium_senriense,10313,10315,2
Mycobacterium_senriense,10325,10326,1
Mycobacterium_senriense,10352,10353,1
Mycobacterium_senriense,10370,10371,1
Mycobacterium_senriense,10434,10435,1
Mycobacterium_senriense,10448,10449,1
Mycobacterium_senriense,10476,10477,1
Mycobacterium_senriense,10491,10492,1
Mycobacterium_senriense,10526,10527,1
Mycobacterium_senriense,10546,10649,103
Mycobacterium_senriense,10828,10830,2
Mycobacterium_senriense,10832,10846,14
Mycobacterium_senriense,10864,10865,1
Mycobacterium_senriense,10914,10915,1
Mycobacterium_senriense,10965,10977,12
Mycobacterium_senriense,11085,11086,1
Mycobacterium_senriense,11143,11144,1
Mycobacterium_senriense,11243,11244,1
Mycobacterium_senriense,11260,11261,1
Mycobacterium_senriense,11262,11263,1
Mycobacterium_senriense,11265,11267,2
Mycobacterium_senriense,11286,11287,1
Mycobacterium_senriense,11312,11313,1
Mycobacterium_senriense,11473,11474,1
Mycobacterium_senriense,11505,11511,6
Mycobacterium_senriense,11513,11514,1
Mycobacterium_senriense,11519,11521,2
Mycobacterium_senriense,11523,11533,10
Mycobacterium_senriense,11566,11567,1
Mycobacterium_senriense,11590,11591,1
Mycobacterium_senriense,11782,11783,1
Mycobacterium_senriense,11823,11824,1
Mycobacterium_senriense,11826,11827,1
Mycobacterium_senriense,11831,11836,5
Mycobacterium_senriense,11848,11850,2
Mycobacterium_senriense,11851,11852,1
Mycobacterium_senriense,11859,11860,1
Mycobacterium_senriense,11864,11866,2
Mycobacterium_senriense,11877,11878,1
Mycobacterium_senriense,11993,11994,1
Mycobacterium_senriense,12029,12030,1
Mycobacterium_senriense,12068,12069,1
Mycobacterium_senriense,12207,12208,1
Mycobacterium_senriense,12211,12212,1
Mycobacterium_senriense,12213,12214,1
Mycobacterium_senriense,12218,12222,4
Mycobacterium_senriense,12225,12227,2
Mycobacterium_senriense,12237,12238,1
Mycobacterium_senriense,12360,12369,9
Mycobacterium_senriense,12371,12380,9
Mycobacterium_senriense,12384,12390,6
Mycobacterium_senriense,12391,12400,9
Mycobacterium_senriense,12454,12455,1
Mycobacterium_senriense,12738,12740,2
Mycobacterium_senriense,12798,12925,127
Mycobacterium_senriense,13451,13452,1
Mycobacterium_senriense,13453,13454,1
Mycobacterium_senriense,13508,13509,1
Mycolicibacterium_rutilum,1,10,9
Mycolicibacterium_rutilum,21,39,18
Mycolicibacterium_rutilum,43,46,3
Mycolicibacterium_rutilum,53,71,18
Mycolicibacterium_rutilum,87,107,20
Mycolicibacterium_rutilum,117,132,15
Mycolicibacterium_rutilum,133,136,3
Mycolicibacterium_rutilum,346,349,3
Mycolicibacterium_rutilum,1542,1545,3
Mycolicibacterium_rutilum,1554,1649,95
Mycolicibacterium_rutilum,1664,1676,12
Mycolicibacterium_rutilum,3317,3361,44
Mycolicibacterium_rutilum,3364,3365,1
Mycolicibacterium_rutilum,3373,3374,1
Mycolicibacterium_rutilum,3409,3478,69
Mycolicibacterium_rutilum,3485,3491,6
Mycolicibacterium_rutilum,3642,3645,3
Mycolicibacterium_rutilum,3650,3653,3
Mycolicibacterium_rutilum,3655,3667,12
Mycolicibacterium_rutilum,3782,3788,6
Mycolicibacterium_rutilum,4407,4413,6
Mycolicibacterium_rutilum,4417,4426,9
Mycolicibacterium_rutilum,4432,4445,13
Mycolicibacterium_rutilum,4452,4455,3
Mycolicibacterium_rutilum,4456,4462,6
Mycolicibacterium_rutilum,4463,4466,3
Mycolicibacterium_rutilum,4468,4474,6
Mycolicibacterium_rutilum,4475,4481,6
Mycolicibacterium_rutilum,4483,4486,3
Mycolicibacterium_rutilum,4540,4552,12
Mycolicibacterium_rutilum,4555,4564,9
Mycolicibacterium_rutilum,4567,4573,6
Mycolicibacterium_rutilum,4582,4585,3
Mycolicibacterium_rutilum,5163,5169,6
Mycolicibacterium_rutilum,5170,5179,9
Mycolicibacterium_rutilum,5181,5190,9
Mycolicibacterium_rutilum,5197,5199,2
Mycolicibacterium_rutilum,5201,5204,3
Mycolicibacterium_rutilum,5206,5214,8
Mycolicibacterium_rutilum,5218,5230,12
Mycolicibacterium_rutilum,5231,5241,10
Mycolicibacterium_rutilum,5247,5253,6
Mycolicibacterium_rutilum,5401,5402,1
Mycolicibacterium_rutilum,6015,6016,1
Mycolicibacterium_rutilum,6431,6467,36
Mycolicibacterium_rutilum,6470,6494,24
Mycolicibacterium_rutilum,7178,7254,76
Mycolicibacterium_rutilum,7260,7268,8
Mycolicibacterium_rutilum,7760,7763,3
Mycolicibacterium_rutilum,8452,8500,48
Mycolicibacterium_rutilum,8577,8578,1
Mycolicibacterium_rutilum,8584,8599,15
Mycolicibacterium_rutilum,8600,8604,4
Mycolicibacterium_rutilum,8609,8610,1
Mycolicibacterium_rutilum,8661,8662,1
Mycolicibacterium_rutilum,8703,8704,1
Mycolicibacterium_rutilum,8720,8721,1
Mycolicibacterium_rutilum,8733,8735,2
Mycolicibacterium_rutilum,8739,8742,3
Mycolicibacterium_rutilum,8930,8931,1
Mycolicibacterium_rutilum,8980,8982,2
Mycolicibacterium_rutilum,8984,8998,14
Mycolicibacterium_rutilum,9120,9121,1
Mycolicibacterium_rutilum,9370,9372,2
Mycolicibacterium_rutilum,9546,9547,1
Mycolicibacterium_rutilum,9812,9813,1
Mycolicibacterium_rutilum,9985,9986,1
Mycolicibacterium_rutilum,10076,10078,2
Mycolicibacterium_rutilum,10157,10158,1
Mycolicibacterium_rutilum,10261,10262,1
Mycolicibacterium_rutilum,10310,10312,2
Mycolicibacterium_rutilum,10313,10315,2
Mycolicibacterium_rutilum,10325,10326,1
Mycolicibacterium_rutilum,10370,10371,1
Mycolicibacterium_rutilum,10416,10417,1
Mycolicibacterium_rutilum,10434,10435,1
Mycolicibacterium_rutilum,10448,10449,1
Mycolicibacterium_rutilum,10461,10462,1
Mycolicibacterium_rutilum,10476,10477,1
Mycolicibacterium_rutilum,10491,10492,1
Mycolicibacterium_rutilum,10526,10527,1
Mycolicibacterium_rutilum,10548,10649,101
Mycolicibacterium_rutilum,10828,10830,2
Mycolicibacterium_rutilum,10835,10843,8
Mycolicibacterium_rutilum,10864,10865,1
Mycolicibacterium_rutilum,10914,10915,1
Mycolicibacterium_rutilum,10965,10966,1
Mycolicibacterium_rutilum,10971,10975,4
Mycolicibacterium_rutilum,11085,11086,1
Mycolicibacterium_rutilum,11143,11144,1
Mycolicibacterium_rutilum,11243,11244,1
Mycolicibacterium_rutilum,11260,11261,1
Mycolicibacterium_rutilum,11265,11267,2
Mycolicibacterium_rutilum,11286,11287,1
Mycolicibacterium_rutilum,11312,11313,1
Mycolicibacterium_rutilum,11473,11474,1
Mycolicibacterium_rutilum,11505,11512,7
Mycolicibacterium_rutilum,11513,11514,1
Mycolicibacterium_rutilum,11520,11531,11
Mycolicibacterium_rutilum,11566,11567,1
Mycolicibacterium_rutilum,11782,11783,1
Mycolicibacterium_rutilum,11823,11824,1
Mycolicibacterium_rutilum,11826,11827,1
Mycolicibacterium_rutilum,11831,11836,5
Mycolicibacterium_rutilum,11846,11850,4
Mycolicibacterium_rutilum,11851,11852,1
Mycolicibacterium_rutilum,11859,11860,1
Mycolicibacterium_rutilum,11864,11866,2
Mycolicibacterium_rutilum,11877,11878,1
Mycolicibacterium_rutilum,11993,11994,1
Mycolicibacterium_rutilum,12029,12030,1
Mycolicibacterium_rutilum,12068,12069,1
Mycolicibacterium_rutilum,12207,12208,1
Mycolicibacterium_rutilum,12211,12212,1
Mycolicibacterium_rutilum,12213,12214,1
Mycolicibacterium_rutilum,12218,12222,4
Mycolicibacterium_rutilum,12226,12227,1
Mycolicibacterium_rutilum,12237,12238,1
Mycolicibacterium_rutilum,12360,12369,9
Mycolicibacterium_rutilum,12371,12372,1
Mycolicibacterium_rutilum,12374,12377,3
Mycolicibacterium_rutilum,12378,12381,3
Mycolicibacterium_rutilum,12384,12390,6
Mycolicibacterium_rutilum,12391,12400,9
Mycolicibacterium_rutilum,12454,12455,1
Mycolicibacterium_rutilum,12739,12740,1
Mycolicibacterium_rutilum,12798,12925,127
Mycolicibacterium_rutilum,13451,13452,1
Mycolicibacterium_rutilum,13453,13454,1
Mycolicibacterium_rutilum,13508,13509,1
Mycolicibacterium_acetamidolyticum,1,10,9
Mycolicibacterium_acetamidolyticum,21,39,18
Mycolicibacterium_acetamidolyticum,43,46,3
Mycolicibacterium_acetamidolyticum,48,110,62
Mycolicibacterium_acetamidolyticum,117,132,15
Mycolicibacterium_acetamidolyticum,133,136,3
Mycolicibacterium_acetamidolyticum,346,349,3
Mycolicibacterium_acetamidolyticum,1542,1691,149
Mycolicibacterium_acetamidolyticum,3269,3272,3
Mycolicibacterium_acetamidolyticum,3317,3361,44
Mycolicibacterium_acetamidolyticum,3364,3365,1
Mycolicibacterium_acetamidolyticum,3373,3374,1
Mycolicibacterium_acetamidolyticum,3409,3421,12
Mycolicibacterium_acetamidolyticum,3424,3478,54
Mycolicibacterium_acetamidolyticum,3485,3491,6
Mycolicibacterium_acetamidolyticum,3642,3645,3
Mycolicibacterium_acetamidolyticum,3650,3653,3
Mycolicibacterium_acetamidolyticum,3655,3667,12
Mycolicibacterium_acetamidolyticum,3782,3788,6
Mycolicibacterium_acetamidolyticum,4400,4406,6
Mycolicibacterium_acetamidolyticum,4407,4413,6
Mycolicibacterium_acetamidolyticum,4417,4426,9
Mycolicibacterium_acetamidolyticum,4432,4445,13
Mycolicibacterium_acetamidolyticum,4452,4455,3
Mycolicibacterium_acetamidolyticum,4456,4462,6
Mycolicibacterium_acetamidolyticum,4468,4474,6
Mycolicibacterium_acetamidolyticum,4475,4481,6
Mycolicibacterium_acetamidolyticum,4483,4486,3
Mycolicibacterium_acetamidolyticum,4540,4552,12
Mycolicibacterium_acetamidolyticum,4555,4564,9
Mycolicibacterium_acetamidolyticum,4567,4573,6
Mycolicibacterium_acetamidolyticum,4582,4585,3
Mycolicibacterium_acetamidolyticum,5163,5169,6
Mycolicibacterium_acetamidolyticum,5170,5179,9
Mycolicibacterium_acetamidolyticum,5181,5190,9
Mycolicibacterium_acetamidolyticum,5197,5199,2
Mycolicibacterium_acetamidolyticum,5201,5204,3
Mycolicibacterium_acetamidolyticum,5206,5214,8
Mycolicibacterium_acetamidolyticum,5218,5230,12
Mycolicibacterium_acetamidolyticum,5231,5241,10
Mycolicibacterium_acetamidolyticum,5247,5253,6
Mycolicibacterium_acetamidolyticum,5401,5402,1
Mycolicibacterium_acetamidolyticum,6015,6016,1
Mycolicibacterium_acetamidolyticum,6431,6452,21
Mycolicibacterium_acetamidolyticum,6456,6462,6
Mycolicibacterium_acetamidolyticum,6470,6494,24
Mycolicibacterium_acetamidolyticum,7178,7254,76
Mycolicibacterium_acetamidolyticum,7260,7268,8
Mycolicibacterium_acetamidolyticum,7760,7763,3
Mycolicibacterium_acetamidolyticum,8452,8500,48
Mycolicibacterium_acetamidolyticum,8577,8578,1
Mycolicibacterium_acetamidolyticum,8584,8599,15
Mycolicibacterium_acetamidolyticum,8600,8604,4
Mycolicibacterium_acetamidolyticum,8609,8610,1
Mycolicibacterium_acetamidolyticum,8661,8662,1
Mycolicibacterium_acetamidolyticum,8703,8704,1
Mycolicibacterium_acetamidolyticum,8720,8721,1
Mycolicibacterium_acetamidolyticum,8733,8735,2
Mycolicibacterium_acetamidolyticum,8739,8742,3
Mycolicibacterium_acetamidolyticum,8930,8931,1
Mycolicibacterium_acetamidolyticum,8980,8982,2
Mycolicibacterium_acetamidolyticum,8984,8998,14
Mycolicibacterium_acetamidolyticum,9120,9121,1
Mycolicibacterium_acetamidolyticum,9370,9372,2
Mycolicibacterium_acetamidolyticum,9546,9547,1
Mycolicibacterium_acetamidolyticum,9812,9813,1
Mycolicibacterium_acetamidolyticum,9982,9984,2
Mycolicibacterium_acetamidolyticum,9985,9986,1
Mycolicibacterium_acetamidolyticum,10076,10078,2
Mycolicibacterium_acetamidolyticum,10157,10158,1
Mycolicibacterium_acetamidolyticum,10261,10262,1
Mycolicibacterium_acetamidolyticum,10310,10312,2
Mycolicibacterium_acetamidolyticum,10313,10314,1
Mycolicibacterium_acetamidolyticum,10325,10326,1
Mycolicibacterium_acetamidolyticum,10370,10371,1
Mycolicibacterium_acetamidolyticum,10416,10417,1
Mycolicibacterium_acetamidolyticum,10434,10435,1
Mycolicibacterium_acetamidolyticum,10448,10449,1
Mycolicibacterium_acetamidolyticum,10476,10477,1
Mycolicibacterium_acetamidolyticum,10491,10492,1
Mycolicibacterium_acetamidolyticum,10526,10527,1
Mycolicibacterium_acetamidolyticum,10547,10649,102
Mycolicibacterium_acetamidolyticum,10829,10830,1
Mycolicibacterium_acetamidolyticum,10835,10843,8
Mycolicibacterium_acetamidolyticum,10864,10865,1
Mycolicibacterium_acetamidolyticum,10914,10915,1
Mycolicibacterium_acetamidolyticum,10965,10966,1
Mycolicibacterium_acetamidolyticum,10971,10975,4
Mycolicibacterium_acetamidolyticum,11085,11086,1
Mycolicibacterium_acetamidolyticum,11143,11144,1
Mycolicibacterium_acetamidolyticum,11243,11244,1
Mycolicibacterium_acetamidolyticum,11260,11261,1
Mycolicibacterium_acetamidolyticum,11286,11287,1
Mycolicibacterium_acetamidolyticum,11312,11313,1
Mycolicibacterium_acetamidolyticum,11473,11474,1
Mycolicibacterium_acetamidolyticum,11505,11512,7
Mycolicibacterium_acetamidolyticum,11513,11514,1
Mycolicibacterium_acetamidolyticum,11516,11517,1
Mycolicibacterium_acetamidolyticum,11520,11521,1
Mycolicibacterium_acetamidolyticum,11524,11541,17
Mycolicibacterium_acetamidolyticum,11566,11567,1
Mycolicibacterium_acetamidolyticum,11782,11783,1
Mycolicibacterium_acetamidolyticum,11823,11824,1
Mycolicibacterium_acetamidolyticum,11826,11827,1
Mycolicibacterium_acetamidolyticum,11831,11836,5
Mycolicibacterium_acetamidolyticum,11846,11850,4
Mycolicibacterium_acetamidolyticum,11851,11852,1
Mycolicibacterium_acetamidolyticum,11859,11860,1
Mycolicibacterium_acetamidolyticum,11864,11865,1
Mycolicibacterium_acetamidolyticum,11877,11878,1
Mycolicibacterium_acetamidolyticum,11993,11994,1
Mycolicibacterium_acetamidolyticum,12029,12030,1
Mycolicibacterium_acetamidolyticum,12068,12069,1
Mycolicibacterium_acetamidolyticum,12207,12208,1
Mycolicibacterium_acetamidolyticum,12211,12212,1
Mycolicibacterium_acetamidolyticum,12213,12214,1
Mycolicibacterium_acetamidolyticum,12218,12222,4
Mycolicibacterium_acetamidolyticum,12226,12227,1
Mycolicibacterium_acetamidolyticum,12237,12238,1
Mycolicibacterium_acetamidolyticum,12360,12372,12
Mycolicibacterium_acetamidolyticum,12374,12375,1
Mycolicibacterium_acetamidolyticum,12378,12381,3
Mycolicibacterium_acetamidolyticum,12384,12390,6
Mycolicibacterium_acetamidolyticum,12391,12400,9
Mycolicibacterium_acetamidolyticum,12454,12455,1
Mycolicibacterium_acetamidolyticum,12739,12740,1
Mycolicibacterium_acetamidolyticum,12798,12925,127
Mycolicibacterium_acetamidolyticum,13451,13452,1
Mycolicibacterium_acetamidolyticum,13453,13454,1
Mycolicibacterium_acetamidolyticum,13508,13509,1
Mycobacterium_parascrofulaceum,1,10,9
Mycobacterium_parascrofulaceum,21,39,18
Mycobacterium_parascrofulaceum,43,46,3
Mycobacterium_parascrofulaceum,62,71,9
Mycobacterium_parascrofulaceum,87,107,20
Mycobacterium_parascrofulaceum,117,132,15
Mycobacterium_parascrofulaceum,133,136,3
Mycobacterium_parascrofulaceum,346,349,3
Mycobacterium_parascrofulaceum,1542,1583,41
Mycobacterium_parascrofulaceum,1587,1676,89
Mycobacterium_parascrofulaceum,1678,1691,13
Mycobacterium_parascrofulaceum,3317,3381,64
Mycobacterium_parascrofulaceum,3414,3420,6
Mycobacterium_parascrofulaceum,3424,3460,36
Mycobacterium_parascrofulaceum,3476,3479,3
Mycobacterium_parascrofulaceum,3485,3491,6
Mycobacterium_parascrofulaceum,3642,3645,3
Mycobacterium_parascrofulaceum,3650,3653,3
Mycobacterium_parascrofulaceum,3655,3667,12
Mycobacterium_parascrofulaceum,3782,3788,6
Mycobacterium_parascrofulaceum,4400,4406,6
Mycobacterium_parascrofulaceum,4407,4413,6
Mycobacterium_parascrofulaceum,4417,4426,9
Mycobacterium_parascrofulaceum,4432,4445,13
Mycobacterium_parascrofulaceum,4452,4455,3
Mycobacterium_parascrofulaceum,4456,4462,6
Mycobacterium_parascrofulaceum,4468,4480,12
Mycobacterium_parascrofulaceum,4483,4486,3
Mycobacterium_parascrofulaceum,4555,4564,9
Mycobacterium_parascrofulaceum,4567,4573,6
Mycobacterium_parascrofulaceum,5163,5169,6
Mycobacterium_parascrofulaceum,5170,5179,9
Mycobacterium_parascrofulaceum,5181,5190,9
Mycobacterium_parascrofulaceum,5197,5199,2
Mycobacterium_parascrofulaceum,5201,5204,3
Mycobacterium_parascrofulaceum,5206,5214,8
Mycobacterium_parascrofulaceum,5218,5230,12
Mycobacterium_parascrofulaceum,5231,5241,10
Mycobacterium_parascrofulaceum,5247,5253,6
Mycobacterium_parascrofulaceum,5401,5402,1
Mycobacterium_parascrofulaceum,6015,6016,1
Mycobacterium_parascrofulaceum,6428,6464,36
Mycobacterium_parascrofulaceum,6470,6494,24
Mycobacterium_parascrofulaceum,7178,7254,76
Mycobacterium_parascrofulaceum,7260,7268,8
Mycobacterium_parascrofulaceum,7760,7763,3
Mycobacterium_parascrofulaceum,8452,8500,48
Mycobacterium_parascrofulaceum,8577,8578,1
Mycobacterium_parascrofulaceum,8584,8599,15
Mycobacterium_parascrofulaceum,8601,8603,2
Mycobacterium_parascrofulaceum,8609,8610,1
Mycobacterium_parascrofulaceum,8661,8662,1
Mycobacterium_parascrofulaceum,8703,8704,1
Mycobacterium_parascrofulaceum,8720,8721,1
Mycobacterium_parascrofulaceum,8733,8735,2
Mycobacterium_parascrofulaceum,8739,8742,3
Mycobacterium_parascrofulaceum,8930,8931,1
Mycobacterium_parascrofulaceum,8980,8982,2
Mycobacterium_parascrofulaceum,8987,9001,14
Mycobacterium_parascrofulaceum,9120,9121,1
Mycobacterium_parascrofulaceum,9370,9372,2
Mycobacterium_parascrofulaceum,9546,9547,1
Mycobacterium_parascrofulaceum,9812,9813,1
Mycobacterium_parascrofulaceum,9982,9986,4
Mycobacterium_parascrofulaceum,10076,10078,2
Mycobacterium_parascrofulaceum,10157,10158,1
Mycobacterium_parascrofulaceum,10261,10262,1
Mycobacterium_parascrofulaceum,10310,10312,2
Mycobacterium_parascrofulaceum,10313,10315,2
Mycobacterium_parascrofulaceum,10325,10326,1
Mycobacterium_parascrofulaceum,10352,10353,1
Mycobacterium_parascrofulaceum,10370,10371,1
Mycobacterium_parascrofulaceum,10434,10435,1
Mycobacterium_parascrofulaceum,10448,10449,1
Mycobacterium_parascrofulaceum,10476,10477,1
Mycobacterium_parascrofulaceum,10491,10492,1
Mycobacterium_parascrofulaceum,10526,10527,1
Mycobacterium_parascrofulaceum,10546,10649,103
Mycobacterium_parascrofulaceum,10828,10830,2
Mycobacterium_parascrofulaceum,10832,10846,14
Mycobacterium_parascrofulaceum,10864,10865,1
Mycobacterium_parascrofulaceum,10914,10915,1
Mycobacterium_parascrofulaceum,10965,10977,12
Mycobacterium_parascrofulaceum,11085,11086,1
Mycobacterium_parascrofulaceum,11143,11144,1
Mycobacterium_parascrofulaceum,11243,11244,1
Mycobacterium_parascrofulaceum,11260,11261,1
Mycobacterium_parascrofulaceum,11262,11263,1
Mycobacterium_parascrofulaceum,11265,11267,2
Mycobacterium_parascrofulaceum,11286,11287,1
Mycobacterium_parascrofulaceum,11312,11313,1
Mycobacterium_parascrofulaceum,11473,11474,1
Mycobacterium_parascrofulaceum,11505,11534,29
Mycobacterium_parascrofulaceum,11566,11567,1
Mycobacterium_parascrofulaceum,11590,11591,1
Mycobacterium_parascrofulaceum,11782,11783,1
Mycobacterium_parascrofulaceum,11823,11824,1
Mycobacterium_parascrofulaceum,11826,11827,1
Mycobacterium_parascrofulaceum,11831,11836,5
Mycobacterium_parascrofulaceum,11848,11850,2
Mycobacterium_parascrofulaceum,11851,11852,1
Mycobacterium_parascrofulaceum,11859,11860,1
Mycobacterium_parascrofulaceum,11864,11866,2
Mycobacterium_parascrofulaceum,11877,11878,1
Mycobacterium_parascrofulaceum,11993,11994,1
Mycobacterium_parascrofulaceum,12029,12030,1
Mycobacterium_parascrofulaceum,12068,12069,1
Mycobacterium_parascrofulaceum,12207,12208,1
Mycobacterium_parascrofulaceum,12211,12212,1
Mycobacterium_parascrofulaceum,12213,12214,1
Mycobacterium_parascrofulaceum,12218,12222,4
Mycobacterium_parascrofulaceum,12225,12227,2
Mycobacterium_parascrofulaceum,12237,12238,1
Mycobacterium_parascrofulaceum,12360,12369,9
Mycobacterium_parascrofulaceum,12371,12380,9
Mycobacterium_parascrofulaceum,12384,12390,6
Mycobacterium_parascrofulaceum,12391,12400,9
Mycobacterium_parascrofulaceum,12454,12455,1
Mycobacterium_parascrofulaceum,12738,12740,2
Mycobacterium_parascrofulaceum,12798,12925,127
Mycobacterium_parascrofulaceum,13451,13452,1
Mycobacterium_parascrofulaceum,13453,13454,1
Mycobacterium_parascrofulaceum,13508,13509,1
Mycolicibacterium_tusciae,1,10,9
Mycolicibacterium_tusciae,21,39,18
Mycolicibacterium_tusciae,43,46,3
Mycolicibacterium_tusciae,53,115,62
Mycolicibacterium_tusciae,117,132,15
Mycolicibacterium_tusciae,133,136,3
Mycolicibacterium_tusciae,346,349,3
Mycolicibacterium_tusciae,1542,1545,3
Mycolicibacterium_tusciae,1572,1604,32
Mycolicibacterium_tusciae,1629,1650,21
Mycolicibacterium_tusciae,1666,1675,9
Mycolicibacterium_tusciae,3317,3361,44
Mycolicibacterium_tusciae,3364,3365,1
Mycolicibacterium_tusciae,3373,3374,1
Mycolicibacterium_tusciae,3409,3478,69
Mycolicibacterium_tusciae,3485,3491,6
Mycolicibacterium_tusciae,3642,3645,3
Mycolicibacterium_tusciae,3655,3667,12
Mycolicibacterium_tusciae,3782,3788,6
Mycolicibacterium_tusciae,4400,4406,6
Mycolicibacterium_tusciae,4407,4413,6
Mycolicibacterium_tusciae,4417,4426,9
Mycolicibacterium_tusciae,4432,4445,13
Mycolicibacterium_tusciae,4452,4455,3
Mycolicibacterium_tusciae,4456,4462,6
Mycolicibacterium_tusciae,4468,4474,6
Mycolicibacterium_tusciae,4475,4481,6
Mycolicibacterium_tusciae,4483,4486,3
Mycolicibacterium_tusciae,4540,4552,12
Mycolicibacterium_tusciae,4555,4564,9
Mycolicibacterium_tusciae,4567,4573,6
Mycolicibacterium_tusciae,4582,4585,3
Mycolicibacterium_tusciae,5163,5169,6
Mycolicibacterium_tusciae,5170,5179,9
Mycolicibacterium_tusciae,5181,5190,9
Mycolicibacterium_tusciae,5197,5199,2
Mycolicibacterium_tusciae,5201,5204,3
Mycolicibacterium_tusciae,5206,5214,8
Mycolicibacterium_tusciae,5218,5230,12
Mycolicibacterium_tusciae,5231,5241,10
Mycolicibacterium_tusciae,5247,5253,6
Mycolicibacterium_tusciae,5401,5402,1
Mycolicibacterium_tusciae,6015,6016,1
Mycolicibacterium_tusciae,6431,6467,36
Mycolicibacterium_tusciae,6470,6494,24
Mycolicibacterium_tusciae,7178,7254,76
Mycolicibacterium_tusciae,7260,7268,8
Mycolicibacterium_tusciae,7760,7763,3
Mycolicibacterium_tusciae,8452,8500,48
Mycolicibacterium_tusciae,8577,8578,1
Mycolicibacterium_tusciae,8584,8599,15
Mycolicibacterium_tusciae,8600,8604,4
Mycolicibacterium_tusciae,8609,8610,1
Mycolicibacterium_tusciae,8661,8662,1
Mycolicibacterium_tusciae,8720,8721,1
Mycolicibacterium_tusciae,8733,8735,2
Mycolicibacterium_tusciae,8739,8742,3
Mycolicibacterium_tusciae,8930,8931,1
Mycolicibacterium_tusciae,8980,8982,2
Mycolicibacterium_tusciae,8984,8998,14
Mycolicibacterium_tusciae,9120,9121,1
Mycolicibacterium_tusciae,9370,9372,2
Mycolicibacterium_tusciae,9546,9547,1
Mycolicibacterium_tusciae,9812,9813,1
Mycolicibacterium_tusciae,9985,9986,1
Mycolicibacterium_tusciae,10076,10078,2
Mycolicibacterium_tusciae,10157,10158,1
Mycolicibacterium_tusciae,10261,10262,1
Mycolicibacterium_tusciae,10310,10312,2
Mycolicibacterium_tusciae,10313,10315,2
Mycolicibacterium_tusciae,10325,10326,1
Mycolicibacterium_tusciae,10370,10371,1
Mycolicibacterium_tusciae,10416,10417,1
Mycolicibacterium_tusciae,10434,10435,1
Mycolicibacterium_tusciae,10448,10449,1
Mycolicibacterium_tusciae,10461,10462,1
Mycolicibacterium_tusciae,10476,10477,1
Mycolicibacterium_tusciae,10526,10527,1
Mycolicibacterium_tusciae,10546,10649,103
Mycolicibacterium_tusciae,10828,10830,2
Mycolicibacterium_tusciae,10835,10843,8
Mycolicibacterium_tusciae,10864,10865,1
Mycolicibacterium_tusciae,10914,10915,1
Mycolicibacterium_tusciae,10965,10966,1
Mycolicibacterium_tusciae,10971,10975,4
Mycolicibacterium_tusciae,11085,11086,1
Mycolicibacterium_tusciae,11143,11144,1
Mycolicibacterium_tusciae,11243,11244,1
Mycolicibacterium_tusciae,11260,11261,1
Mycolicibacterium_tusciae,11286,11287,1
Mycolicibacterium_tusciae,11312,11313,1
Mycolicibacterium_tusciae,11473,11474,1
Mycolicibacterium_tusciae,11505,11512,7
Mycolicibacterium_tusciae,11513,11514,1
Mycolicibacterium_tusciae,11520,11521,1
Mycolicibacterium_tusciae,11530,11535,5
Mycolicibacterium_tusciae,11566,11567,1
Mycolicibacterium_tusciae,11782,11783,1
Mycolicibacterium_tusciae,11823,11824,1
Mycolicibacterium_tusciae,11831,11836,5
Mycolicibacterium_tusciae,11846,11850,4
Mycolicibacterium_tusciae,11851,11852,1
Mycolicibacterium_tusciae,11864,11866,2
Mycolicibacterium_tusciae,11877,11878,1
Mycolicibacterium_tusciae,11993,11994,1
Mycolicibacterium_tusciae,12029,12030,1
Mycolicibacterium_tusciae,12068,12069,1
Mycolicibacterium_tusciae,12196,12197,1
Mycolicibacterium_tusciae,12207,12208,1
Mycolicibacterium_tusciae,12211,12212,1
Mycolicibacterium_tusciae,12213,12214,1
Mycolicibacterium_tusciae,12218,12222,4
Mycolicibacterium_tusciae,12226,12227,1
Mycolicibacterium_tusciae,12237,12238,1
Mycolicibacterium_tusciae,12360,12369,9
Mycolicibacterium_tusciae,12371,12372,1
Mycolicibacterium_tusciae,12374,12375,1
Mycolicibacterium_tusciae,12377,12382,5
Mycolicibacterium_tusciae,12384,12390,6
Mycolicibacterium_tusciae,12391,12400,9
Mycolicibacterium_tusciae,12454,12455,1
Mycolicibacterium_tusciae,12739,12740,1
Mycolicibacterium_tusciae,12798,12925,127
Mycolicibacterium_tusciae,13451,13452,1
Mycolicibacterium_tusciae,13453,13454,1
Mycolicibacterium_tusciae,13508,13509,1
Mycolicibacterium_iranicum,1,10,9
Mycolicibacterium_iranicum,21,39,18
Mycolicibacterium_iranicum,43,46,3
Mycolicibacterium_iranicum,51,107,56
Mycolicibacterium_iranicum,117,132,15
Mycolicibacterium_iranicum,133,136,3
Mycolicibacterium_iranicum,346,349,3
Mycolicibacterium_iranicum,1542,1691,149
Mycolicibacterium_iranicum,3317,3365,48
Mycolicibacterium_iranicum,3373,3374,1
Mycolicibacterium_iranicum,3408,3480,72
Mycolicibacterium_iranicum,3485,3491,6
Mycolicibacterium_iranicum,3642,3645,3
Mycolicibacterium_iranicum,3650,3653,3
Mycolicibacterium_iranicum,3655,3667,12
Mycolicibacterium_iranicum,3782,3788,6
Mycolicibacterium_iranicum,4400,4406,6
Mycolicibacterium_iranicum,4407,4413,6
Mycolicibacterium_iranicum,4417,4426,9
Mycolicibacterium_iranicum,4432,4445,13
Mycolicibacterium_iranicum,4452,4455,3
Mycolicibacterium_iranicum,4456,4462,6
Mycolicibacterium_iranicum,4468,4474,6
Mycolicibacterium_iranicum,4475,4481,6
Mycolicibacterium_iranicum,4483,4486,3
Mycolicibacterium_iranicum,4540,4552,12
Mycolicibacterium_iranicum,4555,4564,9
Mycolicibacterium_iranicum,4567,4573,6
Mycolicibacterium_iranicum,4582,4585,3
Mycolicibacterium_iranicum,5163,5169,6
Mycolicibacterium_iranicum,5170,5179,9
Mycolicibacterium_iranicum,5181,5190,9
Mycolicibacterium_iranicum,5197,5199,2
Mycolicibacterium_iranicum,5201,5204,3
Mycolicibacterium_iranicum,5206,5214,8
Mycolicibacterium_iranicum,5218,5230,12
Mycolicibacterium_iranicum,5231,5241,10
Mycolicibacterium_iranicum,5247,5253,6
Mycolicibacterium_iranicum,5401,5402,1
Mycolicibacterium_iranicum,6015,6016,1
Mycolicibacterium_iranicum,6431,6452,21
Mycolicibacterium_iranicum,6456,6462,6
Mycolicibacterium_iranicum,6470,6494,24
Mycolicibacterium_iranicum,7182,7191,9
Mycolicibacterium_iranicum,7226,7232,6
Mycolicibacterium_iranicum,7245,7252,7
Mycolicibacterium_iranicum,7260,7268,8
Mycolicibacterium_iranicum,7760,7763,3
Mycolicibacterium_iranicum,8452,8500,48
Mycolicibacterium_iranicum,8577,8578,1
Mycolicibacterium_iranicum,8584,8599,15
Mycolicibacterium_iranicum,8600,8604,4
Mycolicibacterium_iranicum,8609,8610,1
Mycolicibacterium_iranicum,8661,8662,1
Mycolicibacterium_iranicum,8703,8704,1
Mycolicibacterium_iranicum,8720,8721,1
Mycolicibacterium_iranicum,8733,8735,2
Mycolicibacterium_iranicum,8739,8742,3
Mycolicibacterium_iranicum,8930,8931,1
Mycolicibacterium_iranicum,8980,8982,2
Mycolicibacterium_iranicum,8984,8998,14
Mycolicibacterium_iranicum,9120,9121,1
Mycolicibacterium_iranicum,9370,9372,2
Mycolicibacterium_iranicum,9546,9547,1
Mycolicibacterium_iranicum,9812,9813,1
Mycolicibacterium_iranicum,9985,9986,1
Mycolicibacterium_iranicum,10076,10078,2
Mycolicibacterium_iranicum,10157,10158,1
Mycolicibacterium_iranicum,10261,10262,1
Mycolicibacterium_iranicum,10310,10312,2
Mycolicibacterium_iranicum,10313,10315,2
Mycolicibacterium_iranicum,10325,10326,1
Mycolicibacterium_iranicum,10370,10371,1
Mycolicibacterium_iranicum,10416,10417,1
Mycolicibacterium_iranicum,10434,10435,1
Mycolicibacterium_iranicum,10448,10449,1
Mycolicibacterium_iranicum,10461,10462,1
Mycolicibacterium_iranicum,10476,10477,1
Mycolicibacterium_iranicum,10526,10527,1
Mycolicibacterium_iranicum,10828,10831,3
Mycolicibacterium_iranicum,10835,10836,1
Mycolicibacterium_iranicum,10837,10843,6
Mycolicibacterium_iranicum,10864,10865,1
Mycolicibacterium_iranicum,10914,10915,1
Mycolicibacterium_iranicum,10965,10966,1
Mycolicibacterium_iranicum,10971,10975,4
Mycolicibacterium_iranicum,11085,11086,1
Mycolicibacterium_iranicum,11143,11144,1
Mycolicibacterium_iranicum,11243,11244,1
Mycolicibacterium_iranicum,11260,11261,1
Mycolicibacterium_iranicum,11265,11267,2
Mycolicibacterium_iranicum,11286,11287,1
Mycolicibacterium_iranicum,11312,11313,1
Mycolicibacterium_iranicum,11473,11474,1
Mycolicibacterium_iranicum,11505,11512,7
Mycolicibacterium_iranicum,11513,11514,1
Mycolicibacterium_iranicum,11520,11537,17
Mycolicibacterium_iranicum,11566,11567,1
Mycolicibacterium_iranicum,11782,11783,1
Mycolicibacterium_iranicum,11823,11824,1
Mycolicibacterium_iranicum,11826,11827,1
Mycolicibacterium_iranicum,11831,11836,5
Mycolicibacterium_iranicum,11846,11850,4
Mycolicibacterium_iranicum,11851,11852,1
Mycolicibacterium_iranicum,11859,11860,1
Mycolicibacterium_iranicum,11864,11866,2
Mycolicibacterium_iranicum,11877,11878,1
Mycolicibacterium_iranicum,11993,11995,2
Mycolicibacterium_iranicum,12029,12030,1
Mycolicibacterium_iranicum,12068,12069,1
Mycolicibacterium_iranicum,12207,12208,1
Mycolicibacterium_iranicum,12211,12212,1
Mycolicibacterium_iranicum,12213,12214,1
Mycolicibacterium_iranicum,12218,12222,4
Mycolicibacterium_iranicum,12226,12227,1
Mycolicibacterium_iranicum,12237,12238,1
Mycolicibacterium_iranicum,12360,12369,9
Mycolicibacterium_iranicum,12371,12372,1
Mycolicibacterium_iranicum,12374,12375,1
Mycolicibacterium_iranicum,12377,12382,5
Mycolicibacterium_iranicum,12384,12390,6
Mycolicibacterium_iranicum,12391,12400,9
Mycolicibacterium_iranicum,12454,12455,1
Mycolicibacterium_iranicum,12739,12740,1
Mycolicibacterium_iranicum,12798,12925,127
Mycolicibacterium_iranicum,13451,13452,1
Mycolicibacterium_iranicum,13453,13454,1
Mycolicibacterium_iranicum,13508,13509,1
Mycobacterium_genavense,1,10,9
Mycobacterium_genavense,21,39,18
Mycobacterium_genavense,43,46,3
Mycobacterium_genavense,53,71,18
Mycobacterium_genavense,87,107,20
Mycobacterium_genavense,117,132,15
Mycobacterium_genavense,133,136,3
Mycobacterium_genavense,346,349,3
Mycobacterium_genavense,1542,1691,149
Mycobacterium_genavense,3317,3361,44
Mycobacterium_genavense,3364,3365,1
Mycobacterium_genavense,3373,3374,1
Mycobacterium_genavense,3414,3420,6
Mycobacterium_genavense,3422,3482,60
Mycobacterium_genavense,3485,3491,6
Mycobacterium_genavense,3642,3645,3
Mycobacterium_genavense,3650,3653,3
Mycobacterium_genavense,3655,3667,12
Mycobacterium_genavense,3782,3788,6
Mycobacterium_genavense,4400,4406,6
Mycobacterium_genavense,4407,4413,6
Mycobacterium_genavense,4417,4426,9
Mycobacterium_genavense,4432,4445,13
Mycobacterium_genavense,4452,4455,3
Mycobacterium_genavense,4456,4462,6
Mycobacterium_genavense,4468,4480,12
Mycobacterium_genavense,4483,4486,3
Mycobacterium_genavense,4540,4552,12
Mycobacterium_genavense,4555,4564,9
Mycobacterium_genavense,4567,4573,6
Mycobacterium_genavense,4581,4584,3
Mycobacterium_genavense,5163,5169,6
Mycobacterium_genavense,5170,5179,9
Mycobacterium_genavense,5181,5190,9
Mycobacterium_genavense,5197,5199,2
Mycobacterium_genavense,5201,5204,3
Mycobacterium_genavense,5206,5214,8
Mycobacterium_genavense,5218,5230,12
Mycobacterium_genavense,5231,5241,10
Mycobacterium_genavense,5247,5253,6
Mycobacterium_genavense,5401,5402,1
Mycobacterium_genavense,6015,6016,1
Mycobacterium_genavense,6428,6464,36
Mycobacterium_genavense,6470,6494,24
Mycobacterium_genavense,7178,7254,76
Mycobacterium_genavense,7260,7268,8
Mycobacterium_genavense,7760,7763,3
Mycobacterium_genavense,8452,8500,48
Mycobacterium_genavense,8577,8578,1
Mycobacterium_genavense,8584,8599,15
Mycobacterium_genavense,8601,8603,2
Mycobacterium_genavense,8609,8610,1
Mycobacterium_genavense,8661,8662,1
Mycobacterium_genavense,8703,8704,1
Mycobacterium_genavense,8720,8721,1
Mycobacterium_genavense,8733,8735,2
Mycobacterium_genavense,8739,8742,3
Mycobacterium_genavense,8930,8931,1
Mycobacterium_genavense,8980,8982,2
Mycobacterium_genavense,8987,9001,14
Mycobacterium_genavense,9120,9121,1
Mycobacterium_genavense,9370,9372,2
Mycobacterium_genavense,9546,9547,1
Mycobacterium_genavense,9812,9813,1
Mycobacterium_genavense,9983,9987,4
Mycobacterium_genavense,10076,10078,2
Mycobacterium_genavense,10157,10158,1
Mycobacterium_genavense,10261,10262,1
Mycobacterium_genavense,10310,10312,2
Mycobacterium_genavense,10313,10315,2
Mycobacterium_genavense,10352,10353,1
Mycobacterium_genavense,10370,10371,1
Mycobacterium_genavense,10415,10416,1
Mycobacterium_genavense,10434,10435,1
Mycobacterium_genavense,10448,10449,1
Mycobacterium_genavense,10476,10477,1
Mycobacterium_genavense,10491,10492,1
Mycobacterium_genavense,10526,10527,1
Mycobacterium_genavense,10539,10540,1
Mycobacterium_genavense,10546,10649,103
Mycobacterium_genavense,10828,10830,2
Mycobacterium_genavense,10832,10846,14
Mycobacterium_genavense,10864,10865,1
Mycobacterium_genavense,10914,10915,1
Mycobacterium_genavense,10958,10983,25
Mycobacterium_genavense,11085,11086,1
Mycobacterium_genavense,11143,11144,1
Mycobacterium_genavense,11243,11244,1
Mycobacterium_genavense,11260,11261,1
Mycobacterium_genavense,11262,11263,1
Mycobacterium_genavense,11265,11267,2
Mycobacterium_genavense,11286,11287,1
Mycobacterium_genavense,11312,11313,1
Mycobacterium_genavense,11473,11474,1
Mycobacterium_genavense,11505,11534,29
Mycobacterium_genavense,11566,11567,1
Mycobacterium_genavense,11590,11591,1
Mycobacterium_genavense,11782,11783,1
Mycobacterium_genavense,11823,11824,1
Mycobacterium_genavense,11826,11827,1
Mycobacterium_genavense,11831,11836,5
Mycobacterium_genavense,11847,11852,5
Mycobacterium_genavense,11859,11860,1
Mycobacterium_genavense,11864,11866,2
Mycobacterium_genavense,11993,11995,2
Mycobacterium_genavense,12029,12030,1
Mycobacterium_genavense,12068,12069,1
Mycobacterium_genavense,12207,12208,1
Mycobacterium_genavense,12211,12212,1
Mycobacterium_genavense,12213,12214,1
Mycobacterium_genavense,12218,12222,4
Mycobacterium_genavense,12225,12227,2
Mycobacterium_genavense,12237,12238,1
Mycobacterium_genavense,12360,12369,9
Mycobacterium_genavense,12371,12372,1
Mycobacterium_genavense,12374,12380,6
Mycobacterium_genavense,12384,12390,6
Mycobacterium_genavense,12391,12400,9
Mycobacterium_genavense,12454,12455,1
Mycobacterium_genavense,12738,12740,2
Mycobacterium_genavense,12798,12925,127
Mycobacterium_genavense,13451,13452,1
Mycobacterium_genavense,13453,13454,1
Mycobacterium_genavense,13508,13509,1
Mycolicibacterium_aromaticivorans,1,10,9
Mycolicibacterium_aromaticivorans,21,39,18
Mycolicibacterium_aromaticivorans,43,46,3
Mycolicibacterium_aromaticivorans,50,109,59
Mycolicibacterium_aromaticivorans,117,132,15
Mycolicibacterium_aromaticivorans,133,136,3
Mycolicibacterium_aromaticivorans,346,349,3
Mycolicibacterium_aromaticivorans,1542,1691,149
Mycolicibacterium_aromaticivorans,3317,3361,44
Mycolicibacterium_aromaticivorans,3364,3365,1
Mycolicibacterium_aromaticivorans,3373,3374,1
Mycolicibacterium_aromaticivorans,3408,3480,72
Mycolicibacterium_aromaticivorans,3485,3491,6
Mycolicibacterium_aromaticivorans,3642,3645,3
Mycolicibacterium_aromaticivorans,3650,3653,3
Mycolicibacterium_aromaticivorans,3655,3667,12
Mycolicibacterium_aromaticivorans,3782,3788,6
Mycolicibacterium_aromaticivorans,4400,4406,6
Mycolicibacterium_aromaticivorans,4407,4413,6
Mycolicibacterium_aromaticivorans,4417,4426,9
Mycolicibacterium_aromaticivorans,4432,4445,13
Mycolicibacterium_aromaticivorans,4452,4455,3
Mycolicibacterium_aromaticivorans,4456,4462,6
Mycolicibacterium_aromaticivorans,4468,4474,6
Mycolicibacterium_aromaticivorans,4475,4481,6
Mycolicibacterium_aromaticivorans,4483,4486,3
Mycolicibacterium_aromaticivorans,4540,4552,12
Mycolicibacterium_aromaticivorans,4555,4564,9
Mycolicibacterium_aromaticivorans,4567,4573,6
Mycolicibacterium_aromaticivorans,4582,4585,3
Mycolicibacterium_aromaticivorans,5163,5169,6
Mycolicibacterium_aromaticivorans,5170,5179,9
Mycolicibacterium_aromaticivorans,5181,5190,9
Mycolicibacterium_aromaticivorans,5197,5199,2
Mycolicibacterium_aromaticivorans,5201,5204,3
Mycolicibacterium_aromaticivorans,5206,5214,8
Mycolicibacterium_aromaticivorans,5218,5230,12
Mycolicibacterium_aromaticivorans,5231,5241,10
Mycolicibacterium_aromaticivorans,5247,5253,6
Mycolicibacterium_aromaticivorans,5401,5402,1
Mycolicibacterium_aromaticivorans,6015,6016,1
Mycolicibacterium_aromaticivorans,6431,6452,21
Mycolicibacterium_aromaticivorans,6456,6462,6
Mycolicibacterium_aromaticivorans,6470,6494,24
Mycolicibacterium_aromaticivorans,7178,7254,76
Mycolicibacterium_aromaticivorans,7260,7268,8
Mycolicibacterium_aromaticivorans,7760,7763,3
Mycolicibacterium_aromaticivorans,8452,8500,48
Mycolicibacterium_aromaticivorans,8577,8578,1
Mycolicibacterium_aromaticivorans,8584,8599,15
Mycolicibacterium_aromaticivorans,8600,8604,4
Mycolicibacterium_aromaticivorans,8609,8610,1
Mycolicibacterium_aromaticivorans,8661,8662,1
Mycolicibacterium_aromaticivorans,8703,8704,1
Mycolicibacterium_aromaticivorans,8720,8721,1
Mycolicibacterium_aromaticivorans,8733,8735,2
Mycolicibacterium_aromaticivorans,8739,8742,3
Mycolicibacterium_aromaticivorans,8930,8931,1
Mycolicibacterium_aromaticivorans,8980,8982,2
Mycolicibacterium_aromaticivorans,8984,8998,14
Mycolicibacterium_aromaticivorans,9120,9121,1
Mycolicibacterium_aromaticivorans,9370,9372,2
Mycolicibacterium_aromaticivorans,9546,9547,1
Mycolicibacterium_aromaticivorans,9812,9813,1
Mycolicibacterium_aromaticivorans,9985,9986,1
Mycolicibacterium_aromaticivorans,10076,10078,2
Mycolicibacterium_aromaticivorans,10157,10158,1
Mycolicibacterium_aromaticivorans,10261,10262,1
Mycolicibacterium_aromaticivorans,10310,10312,2
Mycolicibacterium_aromaticivorans,10313,10315,2
Mycolicibacterium_aromaticivorans,10325,10326,1
Mycolicibacterium_aromaticivorans,10370,10371,1
Mycolicibacterium_aromaticivorans,10416,10417,1
Mycolicibacterium_aromaticivorans,10434,10435,1
Mycolicibacterium_aromaticivorans,10448,10449,1
Mycolicibacterium_aromaticivorans,10461,10462,1
Mycolicibacterium_aromaticivorans,10476,10477,1
Mycolicibacterium_aromaticivorans,10491,10492,1
Mycolicibacterium_aromaticivorans,10526,10527,1
Mycolicibacterium_aromaticivorans,10546,10649,103
Mycolicibacterium_aromaticivorans,10828,10830,2
Mycolicibacterium_aromaticivorans,10835,10843,8
Mycolicibacterium_aromaticivorans,10864,10865,1
Mycolicibacterium_aromaticivorans,10914,10915,1
Mycolicibacterium_aromaticivorans,10965,10966,1
Mycolicibacterium_aromaticivorans,10971,10975,4
Mycolicibacterium_aromaticivorans,11085,11086,1
Mycolicibacterium_aromaticivorans,11143,11144,1
Mycolicibacterium_aromaticivorans,11243,11244,1
Mycolicibacterium_aromaticivorans,11260,11261,1
Mycolicibacterium_aromaticivorans,11265,11267,2
Mycolicibacterium_aromaticivorans,11286,11287,1
Mycolicibacterium_aromaticivorans,11312,11313,1
Mycolicibacterium_aromaticivorans,11473,11474,1
Mycolicibacterium_aromaticivorans,11505,11512,7
Mycolicibacterium_aromaticivorans,11513,11514,1
Mycolicibacterium_aromaticivorans,11520,11521,1
Mycolicibacterium_aromaticivorans,11523,11537,14
Mycolicibacterium_aromaticivorans,11538,11539,1
Mycolicibacterium_aromaticivorans,11540,11541,1
Mycolicibacterium_aromaticivorans,11782,11783,1
Mycolicibacterium_aromaticivorans,11823,11824,1
Mycolicibacterium_aromaticivorans,11826,11827,1
Mycolicibacterium_aromaticivorans,11831,11836,5
Mycolicibacterium_aromaticivorans,11846,11850,4
Mycolicibacterium_aromaticivorans,11851,11852,1
Mycolicibacterium_aromaticivorans,11859,11860,1
Mycolicibacterium_aromaticivorans,11864,11866,2
Mycolicibacterium_aromaticivorans,11877,11878,1
Mycolicibacterium_aromaticivorans,11993,11994,1
Mycolicibacterium_aromaticivorans,12029,12030,1
Mycolicibacterium_aromaticivorans,12068,12069,1
Mycolicibacterium_aromaticivorans,12196,12197,1
Mycolicibacterium_aromaticivorans,12207,12208,1
Mycolicibacterium_aromaticivorans,12211,12212,1
Mycolicibacterium_aromaticivorans,12213,12214,1
Mycolicibacterium_aromaticivorans,12218,12222,4
Mycolicibacterium_aromaticivorans,12226,12227,1
Mycolicibacterium_aromaticivorans,12237,12238,1
Mycolicibacterium_aromaticivorans,12360,12369,9
Mycolicibacterium_aromaticivorans,12371,12372,1
Mycolicibacterium_aromaticivorans,12374,12375,1
Mycolicibacterium_aromaticivorans,12378,12382,4
Mycolicibacterium_aromaticivorans,12384,12390,6
Mycolicibacterium_aromaticivorans,12391,12400,9
Mycolicibacterium_aromaticivorans,12454,12455,1
Mycolicibacterium_aromaticivorans,12739,12740,1
Mycolicibacterium_aromaticivorans,12798,12925,127
Mycolicibacterium_aromaticivorans,13451,13452,1
Mycolicibacterium_aromaticivorans,13453,13454,1
Mycolicibacterium_aromaticivorans,13508,13509,1
Mycolicibacterium_cosmeticum,1,10,9
Mycolicibacterium_cosmeticum,21,39,18
Mycolicibacterium_cosmeticum,43,46,3
Mycolicibacterium_cosmeticum,48,110,62
Mycolicibacterium_cosmeticum,118,130,12
Mycolicibacterium_cosmeticum,133,136,3
Mycolicibacterium_cosmeticum,346,349,3
Mycolicibacterium_cosmeticum,1542,1691,149
Mycolicibacterium_cosmeticum,3317,3361,44
Mycolicibacterium_cosmeticum,3364,3365,1
Mycolicibacterium_cosmeticum,3373,3374,1
Mycolicibacterium_cosmeticum,3407,3482,75
Mycolicibacterium_cosmeticum,3485,3491,6
Mycolicibacterium_cosmeticum,3642,3645,3
Mycolicibacterium_cosmeticum,3650,3653,3
Mycolicibacterium_cosmeticum,3655,3667,12
Mycolicibacterium_cosmeticum,3782,3788,6
Mycolicibacterium_cosmeticum,4400,4406,6
Mycolicibacterium_cosmeticum,4407,4413,6
Mycolicibacterium_cosmeticum,4417,4426,9
Mycolicibacterium_cosmeticum,4432,4445,13
Mycolicibacterium_cosmeticum,4452,4455,3
Mycolicibacterium_cosmeticum,4456,4462,6
Mycolicibacterium_cosmeticum,4468,4474,6
Mycolicibacterium_cosmeticum,4475,4481,6
Mycolicibacterium_cosmeticum,4483,4486,3
Mycolicibacterium_cosmeticum,4540,4552,12
Mycolicibacterium_cosmeticum,4555,4564,9
Mycolicibacterium_cosmeticum,4567,4573,6
Mycolicibacterium_cosmeticum,4582,4585,3
Mycolicibacterium_cosmeticum,5163,5169,6
Mycolicibacterium_cosmeticum,5170,5179,9
Mycolicibacterium_cosmeticum,5181,5190,9
Mycolicibacterium_cosmeticum,5197,5199,2
Mycolicibacterium_cosmeticum,5201,5204,3
Mycolicibacterium_cosmeticum,5206,5214,8
Mycolicibacterium_cosmeticum,5218,5230,12
Mycolicibacterium_cosmeticum,5231,5241,10
Mycolicibacterium_cosmeticum,5247,5253,6
Mycolicibacterium_cosmeticum,5401,5402,1
Mycolicibacterium_cosmeticum,6015,6016,1
Mycolicibacterium_cosmeticum,6431,6467,36
Mycolicibacterium_cosmeticum,6470,6494,24
Mycolicibacterium_cosmeticum,7178,7254,76
Mycolicibacterium_cosmeticum,7260,7268,8
Mycolicibacterium_cosmeticum,7760,7763,3
Mycolicibacterium_cosmeticum,8452,8500,48
Mycolicibacterium_cosmeticum,8577,8578,1
Mycolicibacterium_cosmeticum,8584,8599,15
Mycolicibacterium_cosmeticum,8600,8604,4
Mycolicibacterium_cosmeticum,8609,8610,1
Mycolicibacterium_cosmeticum,8661,8662,1
Mycolicibacterium_cosmeticum,8703,8704,1
Mycolicibacterium_cosmeticum,8720,8721,1
Mycolicibacterium_cosmeticum,8733,8735,2
Mycolicibacterium_cosmeticum,8739,8742,3
Mycolicibacterium_cosmeticum,8930,8931,1
Mycolicibacterium_cosmeticum,8980,8982,2
Mycolicibacterium_cosmeticum,8984,8998,14
Mycolicibacterium_cosmeticum,9120,9121,1
Mycolicibacterium_cosmeticum,9370,9372,2
Mycolicibacterium_cosmeticum,9546,9547,1
Mycolicibacterium_cosmeticum,9812,9813,1
Mycolicibacterium_cosmeticum,9985,9986,1
Mycolicibacterium_cosmeticum,10076,10078,2
Mycolicibacterium_cosmeticum,10157,10158,1
Mycolicibacterium_cosmeticum,10261,10262,1
Mycolicibacterium_cosmeticum,10310,10312,2
Mycolicibacterium_cosmeticum,10313,10315,2
Mycolicibacterium_cosmeticum,10325,10326,1
Mycolicibacterium_cosmeticum,10370,10371,1
Mycolicibacterium_cosmeticum,10416,10417,1
Mycolicibacterium_cosmeticum,10434,10435,1
Mycolicibacterium_cosmeticum,10448,10449,1
Mycolicibacterium_cosmeticum,10461,10462,1
Mycolicibacterium_cosmeticum,10491,10492,1
Mycolicibacterium_cosmeticum,10526,10527,1
Mycolicibacterium_cosmeticum,10546,10649,103
Mycolicibacterium_cosmeticum,10828,10832,4
Mycolicibacterium_cosmeticum,10835,10842,7
Mycolicibacterium_cosmeticum,10864,10865,1
Mycolicibacterium_cosmeticum,10914,10915,1
Mycolicibacterium_cosmeticum,10965,10968,3
Mycolicibacterium_cosmeticum,10971,10975,4
Mycolicibacterium_cosmeticum,11085,11086,1
Mycolicibacterium_cosmeticum,11143,11144,1
Mycolicibacterium_cosmeticum,11243,11244,1
Mycolicibacterium_cosmeticum,11260,11261,1
Mycolicibacterium_cosmeticum,11265,11267,2
Mycolicibacterium_cosmeticum,11286,11287,1
Mycolicibacterium_cosmeticum,11312,11313,1
Mycolicibacterium_cosmeticum,11473,11474,1
Mycolicibacterium_cosmeticum,11505,11512,7
Mycolicibacterium_cosmeticum,11513,11514,1
Mycolicibacterium_cosmeticum,11516,11535,19
Mycolicibacterium_cosmeticum,11566,11567,1
Mycolicibacterium_cosmeticum,11782,11783,1
Mycolicibacterium_cosmeticum,11813,11817,4
Mycolicibacterium_cosmeticum,11823,11824,1
Mycolicibacterium_cosmeticum,11826,11827,1
Mycolicibacterium_cosmeticum,11833,11835,2
Mycolicibacterium_cosmeticum,11846,11850,4
Mycolicibacterium_cosmeticum,11851,11852,1
Mycolicibacterium_cosmeticum,11859,11860,1
Mycolicibacterium_cosmeticum,11864,11865,1
Mycolicibacterium_cosmeticum,11877,11878,1
Mycolicibacterium_cosmeticum,11993,11994,1
Mycolicibacterium_cosmeticum,12029,12030,1
Mycolicibacterium_cosmeticum,12068,12069,1
Mycolicibacterium_cosmeticum,12196,12197,1
Mycolicibacterium_cosmeticum,12207,12208,1
Mycolicibacterium_cosmeticum,12211,12212,1
Mycolicibacterium_cosmeticum,12213,12214,1
Mycolicibacterium_cosmeticum,12218,12222,4
Mycolicibacterium_cosmeticum,12226,12227,1
Mycolicibacterium_cosmeticum,12237,12238,1
Mycolicibacterium_cosmeticum,12360,12369,9
Mycolicibacterium_cosmeticum,12371,12372,1
Mycolicibacterium_cosmeticum,12374,12375,1
Mycolicibacterium_cosmeticum,12377,12382,5
Mycolicibacterium_cosmeticum,12384,12390,6
Mycolicibacterium_cosmeticum,12391,12400,9
Mycolicibacterium_cosmeticum,12454,12455,1
Mycolicibacterium_cosmeticum,12739,12740,1
Mycolicibacterium_cosmeticum,12798,12925,127
Mycolicibacterium_cosmeticum,13451,13452,1
Mycolicibacterium_cosmeticum,13453,13454,1
Mycolicibacterium_cosmeticum,13508,13509,1
Mycobacterium_asiaticum,1,10,9
Mycobacterium_asiaticum,21,39,18
Mycobacterium_asiaticum,43,46,3
Mycobacterium_asiaticum,56,71,15
Mycobacterium_asiaticum,87,107,20
Mycobacterium_asiaticum,117,132,15
Mycobacterium_asiaticum,133,136,3
Mycobacterium_asiaticum,346,349,3
Mycobacterium_asiaticum,1542,1691,149
Mycobacterium_asiaticum,3317,3361,44
Mycobacterium_asiaticum,3364,3365,1
Mycobacterium_asiaticum,3373,3374,1
Mycobacterium_asiaticum,3402,3492,90
Mycobacterium_asiaticum,3642,3645,3
Mycobacterium_asiaticum,3650,3653,3
Mycobacterium_asiaticum,3655,3667,12
Mycobacterium_asiaticum,3782,3788,6
Mycobacterium_asiaticum,4400,4406,6
Mycobacterium_asiaticum,4407,4413,6
Mycobacterium_asiaticum,4417,4426,9
Mycobacterium_asiaticum,4432,4445,13
Mycobacterium_asiaticum,4452,4455,3
Mycobacterium_asiaticum,4456,4462,6
Mycobacterium_asiaticum,4468,4480,12
Mycobacterium_asiaticum,4483,4486,3
Mycobacterium_asiaticum,4540,4552,12
Mycobacterium_asiaticum,4555,4564,9
Mycobacterium_asiaticum,4567,4573,6
Mycobacterium_asiaticum,4581,4584,3
Mycobacterium_asiaticum,5163,5169,6
Mycobacterium_asiaticum,5170,5179,9
Mycobacterium_asiaticum,5181,5190,9
Mycobacterium_asiaticum,5197,5199,2
Mycobacterium_asiaticum,5201,5204,3
Mycobacterium_asiaticum,5206,5214,8
Mycobacterium_asiaticum,5218,5230,12
Mycobacterium_asiaticum,5231,5241,10
Mycobacterium_asiaticum,5247,5253,6
Mycobacterium_asiaticum,5401,5402,1
Mycobacterium_asiaticum,6015,6016,1
Mycobacterium_asiaticum,6428,6464,36
Mycobacterium_asiaticum,6470,6494,24
Mycobacterium_asiaticum,7178,7254,76
Mycobacterium_asiaticum,7260,7268,8
Mycobacterium_asiaticum,7760,7763,3
Mycobacterium_asiaticum,8452,8500,48
Mycobacterium_asiaticum,8577,8578,1
Mycobacterium_asiaticum,8584,8599,15
Mycobacterium_asiaticum,8601,8603,2
Mycobacterium_asiaticum,8609,8610,1
Mycobacterium_asiaticum,8661,8662,1
Mycobacterium_asiaticum,8703,8704,1
Mycobacterium_asiaticum,8720,8721,1
Mycobacterium_asiaticum,8733,8735,2
Mycobacterium_asiaticum,8739,8742,3
Mycobacterium_asiaticum,8930,8931,1
Mycobacterium_asiaticum,8980,8982,2
Mycobacterium_asiaticum,8996,8998,2
Mycobacterium_asiaticum,9120,9121,1
Mycobacterium_asiaticum,9370,9372,2
Mycobacterium_asiaticum,9546,9547,1
Mycobacterium_asiaticum,9812,9813,1
Mycobacterium_asiaticum,9983,9986,3
Mycobacterium_asiaticum,10076,10078,2
Mycobacterium_asiaticum,10157,10158,1
Mycobacterium_asiaticum,10261,10262,1
Mycobacterium_asiaticum,10310,10312,2
Mycobacterium_asiaticum,10313,10315,2
Mycobacterium_asiaticum,10325,10326,1
Mycobacterium_asiaticum,10370,10371,1
Mycobacterium_asiaticum,10415,10416,1
Mycobacterium_asiaticum,10434,10435,1
Mycobacterium_asiaticum,10448,10449,1
Mycobacterium_asiaticum,10476,10477,1
Mycobacterium_asiaticum,10491,10492,1
Mycobacterium_asiaticum,10526,10527,1
Mycobacterium_asiaticum,10540,10541,1
Mycobacterium_asiaticum,10547,10649,102
Mycobacterium_asiaticum,10828,10830,2
Mycobacterium_asiaticum,10832,10846,14
Mycobacterium_asiaticum,10864,10865,1
Mycobacterium_asiaticum,10914,10915,1
Mycobacterium_asiaticum,10959,10966,7
Mycobacterium_asiaticum,10971,10975,4
Mycobacterium_asiaticum,11085,11086,1
Mycobacterium_asiaticum,11143,11144,1
Mycobacterium_asiaticum,11243,11244,1
Mycobacterium_asiaticum,11260,11261,1
Mycobacterium_asiaticum,11262,11263,1
Mycobacterium_asiaticum,11265,11267,2
Mycobacterium_asiaticum,11286,11287,1
Mycobacterium_asiaticum,11312,11313,1
Mycobacterium_asiaticum,11473,11474,1
Mycobacterium_asiaticum,11505,11511,6
Mycobacterium_asiaticum,11513,11514,1
Mycobacterium_asiaticum,11520,11534,14
Mycobacterium_asiaticum,11566,11567,1
Mycobacterium_asiaticum,11590,11591,1
Mycobacterium_asiaticum,11782,11783,1
Mycobacterium_asiaticum,11823,11824,1
Mycobacterium_asiaticum,11826,11827,1
Mycobacterium_asiaticum,11831,11836,5
Mycobacterium_asiaticum,11841,11843,2
Mycobacterium_asiaticum,11848,11850,2
Mycobacterium_asiaticum,11851,11852,1
Mycobacterium_asiaticum,11859,11860,1
Mycobacterium_asiaticum,11864,11866,2
Mycobacterium_asiaticum,11877,11878,1
Mycobacterium_asiaticum,11993,11994,1
Mycobacterium_asiaticum,12029,12030,1
Mycobacterium_asiaticum,12068,12069,1
Mycobacterium_asiaticum,12207,12208,1
Mycobacterium_asiaticum,12211,12212,1
Mycobacterium_asiaticum,12213,12214,1
Mycobacterium_asiaticum,12218,12222,4
Mycobacterium_asiaticum,12225,12227,2
Mycobacterium_asiaticum,12237,12238,1
Mycobacterium_asiaticum,12360,12369,9
Mycobacterium_asiaticum,12371,12372,1
Mycobacterium_asiaticum,12374,12380,6
Mycobacterium_asiaticum,12384,12390,6
Mycobacterium_asiaticum,12391,12400,9
Mycobacterium_asiaticum,12454,12455,1
Mycobacterium_asiaticum,12739,12740,1
Mycobacterium_asiaticum,12798,12925,127
Mycobacterium_asiaticum,13451,13452,1
Mycobacterium_asiaticum,13453,13454,1
Mycobacterium_asiaticum,13508,13509,1
Mycobacterium_triplex,1,10,9
Mycobacterium_triplex,21,39,18
Mycobacterium_triplex,43,46,3
Mycobacterium_triplex,53,71,18
Mycobacterium_triplex,87,107,20
Mycobacterium_triplex,117,132,15
Mycobacterium_triplex,133,136,3
Mycobacterium_triplex,346,349,3
Mycobacterium_triplex,1542,1691,149
Mycobacterium_triplex,3317,3361,44
Mycobacterium_triplex,3364,3365,1
Mycobacterium_triplex,3373,3374,1
Mycobacterium_triplex,3414,3420,6
Mycobacterium_triplex,3422,3482,60
Mycobacterium_triplex,3485,3491,6
Mycobacterium_triplex,3642,3645,3
Mycobacterium_triplex,3650,3653,3
Mycobacterium_triplex,3655,3667,12
Mycobacterium_triplex,3782,3788,6
Mycobacterium_triplex,4400,4406,6
Mycobacterium_triplex,4407,4413,6
Mycobacterium_triplex,4417,4426,9
Mycobacterium_triplex,4432,4445,13
Mycobacterium_triplex,4452,4455,3
Mycobacterium_triplex,4456,4462,6
Mycobacterium_triplex,4468,4480,12
Mycobacterium_triplex,4483,4486,3
Mycobacterium_triplex,4540,4552,12
Mycobacterium_triplex,4555,4564,9
Mycobacterium_triplex,4567,4573,6
Mycobacterium_triplex,4581,4584,3
Mycobacterium_triplex,5163,5169,6
Mycobacterium_triplex,5170,5179,9
Mycobacterium_triplex,5181,5190,9
Mycobacterium_triplex,5197,5199,2
Mycobacterium_triplex,5201,5204,3
Mycobacterium_triplex,5206,5214,8
Mycobacterium_triplex,5218,5230,12
Mycobacterium_triplex,5231,5241,10
Mycobacterium_triplex,5247,5253,6
Mycobacterium_triplex,5401,5402,1
Mycobacterium_triplex,6015,6016,1
Mycobacterium_triplex,6428,6464,36
Mycobacterium_triplex,6470,6494,24
Mycobacterium_triplex,7178,7254,76
Mycobacterium_triplex,7260,7268,8
Mycobacterium_triplex,7760,7763,3
Mycobacterium_triplex,8452,8500,48
Mycobacterium_triplex,8577,8578,1
Mycobacterium_triplex,8584,8599,15
Mycobacterium_triplex,8601,8603,2
Mycobacterium_triplex,8609,8610,1
Mycobacterium_triplex,8661,8662,1
Mycobacterium_triplex,8703,8704,1
Mycobacterium_triplex,8720,8721,1
Mycobacterium_triplex,8733,8735,2
Mycobacterium_triplex,8739,8742,3
Mycobacterium_triplex,8930,8931,1
Mycobacterium_triplex,8980,8982,2
Mycobacterium_triplex,8987,9001,14
Mycobacterium_triplex,9120,9121,1
Mycobacterium_triplex,9370,9372,2
Mycobacterium_triplex,9546,9547,1
Mycobacterium_triplex,9812,9813,1
Mycobacterium_triplex,9983,9987,4
Mycobacterium_triplex,10076,10078,2
Mycobacterium_triplex,10157,10158,1
Mycobacterium_triplex,10261,10262,1
Mycobacterium_triplex,10310,10312,2
Mycobacterium_triplex,10313,10315,2
Mycobacterium_triplex,10325,10326,1
Mycobacterium_triplex,10352,10353,1
Mycobacterium_triplex,10370,10371,1
Mycobacterium_triplex,10434,10435,1
Mycobacterium_triplex,10448,10449,1
Mycobacterium_triplex,10476,10477,1
Mycobacterium_triplex,10491,10492,1
Mycobacterium_triplex,10526,10527,1
Mycobacterium_triplex,10546,10649,103
Mycobacterium_triplex,10828,10830,2
Mycobacterium_triplex,10832,10846,14
Mycobacterium_triplex,10864,10865,1
Mycobacterium_triplex,10914,10915,1
Mycobacterium_triplex,10958,10983,25
Mycobacterium_triplex,11085,11086,1
Mycobacterium_triplex,11143,11144,1
Mycobacterium_triplex,11243,11244,1
Mycobacterium_triplex,11260,11261,1
Mycobacterium_triplex,11262,11263,1
Mycobacterium_triplex,11265,11267,2
Mycobacterium_triplex,11286,11287,1
Mycobacterium_triplex,11312,11313,1
Mycobacterium_triplex,11473,11474,1
Mycobacterium_triplex,11505,11534,29
Mycobacterium_triplex,11566,11567,1
Mycobacterium_triplex,11590,11591,1
Mycobacterium_triplex,11782,11783,1
Mycobacterium_triplex,11823,11824,1
Mycobacterium_triplex,11826,11827,1
Mycobacterium_triplex,11831,11836,5
Mycobacterium_triplex,11847,11852,5
Mycobacterium_triplex,11859,11860,1
Mycobacterium_triplex,11864,11866,2
Mycobacterium_triplex,11877,11878,1
Mycobacterium_triplex,11993,11995,2
Mycobacterium_triplex,12029,12030,1
Mycobacterium_triplex,12068,12069,1
Mycobacterium_triplex,12207,12208,1
Mycobacterium_triplex,12211,12212,1
Mycobacterium_triplex,12213,12214,1
Mycobacterium_triplex,12218,12222,4
Mycobacterium_triplex,12225,12227,2
Mycobacterium_triplex,12237,12238,1
Mycobacterium_triplex,12360,12369,9
Mycobacterium_triplex,12371,12372,1
Mycobacterium_triplex,12374,12380,6
Mycobacterium_triplex,12384,12390,6
Mycobacterium_triplex,12391,12400,9
Mycobacterium_triplex,12454,12455,1
Mycobacterium_triplex,12738,12740,2
Mycobacterium_triplex,12798,12925,127
Mycobacterium_triplex,13451,13452,1
Mycobacterium_triplex,13453,13454,1
Mycobacterium_triplex,13508,13509,1
Mycolicibacterium_setense,1,10,9
Mycolicibacterium_setense,21,39,18
Mycolicibacterium_setense,43,46,3
Mycolicibacterium_setense,48,110,62
Mycolicibacterium_setense,117,132,15
Mycolicibacterium_setense,133,136,3
Mycolicibacterium_setense,346,349,3
Mycolicibacterium_setense,1542,1691,149
Mycolicibacterium_setense,3317,3361,44
Mycolicibacterium_setense,3364,3365,1
Mycolicibacterium_setense,3373,3374,1
Mycolicibacterium_setense,3403,3406,3
Mycolicibacterium_setense,3409,3421,12
Mycolicibacterium_setense,3424,3478,54
Mycolicibacterium_setense,3485,3491,6
Mycolicibacterium_setense,3642,3645,3
Mycolicibacterium_setense,3650,3653,3
Mycolicibacterium_setense,3655,3667,12
Mycolicibacterium_setense,3782,3788,6
Mycolicibacterium_setense,4400,4406,6
Mycolicibacterium_setense,4407,4413,6
Mycolicibacterium_setense,4417,4426,9
Mycolicibacterium_setense,4432,4445,13
Mycolicibacterium_setense,4452,4455,3
Mycolicibacterium_setense,4456,4462,6
Mycolicibacterium_setense,4468,4474,6
Mycolicibacterium_setense,4475,4481,6
Mycolicibacterium_setense,4483,4486,3
Mycolicibacterium_setense,4540,4552,12
Mycolicibacterium_setense,4555,4564,9
Mycolicibacterium_setense,4567,4573,6
Mycolicibacterium_setense,4582,4585,3
Mycolicibacterium_setense,5163,5169,6
Mycolicibacterium_setense,5170,5179,9
Mycolicibacterium_setense,5181,5190,9
Mycolicibacterium_setense,5197,5199,2
Mycolicibacterium_setense,5201,5204,3
Mycolicibacterium_setense,5206,5214,8
Mycolicibacterium_setense,5218,5230,12
Mycolicibacterium_setense,5231,5241,10
Mycolicibacterium_setense,5247,5253,6
Mycolicibacterium_setense,5401,5402,1
Mycolicibacterium_setense,6015,6016,1
Mycolicibacterium_setense,6431,6452,21
Mycolicibacterium_setense,6456,6462,6
Mycolicibacterium_setense,6470,6494,24
Mycolicibacterium_setense,7178,7254,76
Mycolicibacterium_setense,7260,7268,8
Mycolicibacterium_setense,7760,7763,3
Mycolicibacterium_setense,8452,8500,48
Mycolicibacterium_setense,8577,8578,1
Mycolicibacterium_setense,8584,8599,15
Mycolicibacterium_setense,8600,8604,4
Mycolicibacterium_setense,8609,8610,1
Mycolicibacterium_setense,8661,8662,1
Mycolicibacterium_setense,8703,8704,1
Mycolicibacterium_setense,8720,8721,1
Mycolicibacterium_setense,8733,8735,2
Mycolicibacterium_setense,8739,8742,3
Mycolicibacterium_setense,8930,8931,1
Mycolicibacterium_setense,8980,8982,2
Mycolicibacterium_setense,8984,8998,14
Mycolicibacterium_setense,9120,9121,1
Mycolicibacterium_setense,9370,9372,2
Mycolicibacterium_setense,9546,9547,1
Mycolicibacterium_setense,9812,9813,1
Mycolicibacterium_setense,9985,9986,1
Mycolicibacterium_setense,10076,10078,2
Mycolicibacterium_setense,10157,10158,1
Mycolicibacterium_setense,10261,10262,1
Mycolicibacterium_setense,10310,10312,2
Mycolicibacterium_setense,10313,10315,2
Mycolicibacterium_setense,10325,10326,1
Mycolicibacterium_setense,10370,10371,1
Mycolicibacterium_setense,10416,10417,1
Mycolicibacterium_setense,10434,10435,1
Mycolicibacterium_setense,10448,10449,1
Mycolicibacterium_setense,10476,10477,1
Mycolicibacterium_setense,10491,10492,1
Mycolicibacterium_setense,10526,10527,1
Mycolicibacterium_setense,10547,10649,102
Mycolicibacterium_setense,10828,10831,3
Mycolicibacterium_setense,10835,10843,8
Mycolicibacterium_setense,10864,10865,1
Mycolicibacterium_setense,10914,10915,1
Mycolicibacterium_setense,10965,10966,1
Mycolicibacterium_setense,10971,10975,4
Mycolicibacterium_setense,11085,11086,1
Mycolicibacterium_setense,11143,11144,1
Mycolicibacterium_setense,11243,11244,1
Mycolicibacterium_setense,11260,11261,1
Mycolicibacterium_setense,11286,11287,1
Mycolicibacterium_setense,11312,11313,1
Mycolicibacterium_setense,11473,11474,1
Mycolicibacterium_setense,11505,11512,7
Mycolicibacterium_setense,11520,11521,1
Mycolicibacterium_setense,11524,11539,15
Mycolicibacterium_setense,11566,11567,1
Mycolicibacterium_setense,11782,11783,1
Mycolicibacterium_setense,11823,11824,1
Mycolicibacterium_setense,11826,11827,1
Mycolicibacterium_setense,11831,11836,5
Mycolicibacterium_setense,11846,11850,4
Mycolicibacterium_setense,11851,11852,1
Mycolicibacterium_setense,11859,11860,1
Mycolicibacterium_setense,11864,11865,1
Mycolicibacterium_setense,11877,11878,1
Mycolicibacterium_setense,11993,11995,2
Mycolicibacterium_setense,12029,12030,1
Mycolicibacterium_setense,12068,12069,1
Mycolicibacterium_setense,12207,12208,1
Mycolicibacterium_setense,12211,12212,1
Mycolicibacterium_setense,12213,12214,1
Mycolicibacterium_setense,12218,12222,4
Mycolicibacterium_setense,12226,12227,1
Mycolicibacterium_setense,12237,12238,1
Mycolicibacterium_setense,12360,12372,12
Mycolicibacterium_setense,12374,12375,1
Mycolicibacterium_setense,12378,12381,3
Mycolicibacterium_setense,12384,12390,6
Mycolicibacterium_setense,12391,12400,9
Mycolicibacterium_setense,12454,12455,1
Mycolicibacterium_setense,12739,12740,1
Mycolicibacterium_setense,12798,12925,127
Mycolicibacterium_setense,13451,13452,1
Mycolicibacterium_setense,13453,13454,1
Mycolicibacterium_setense,13508,13509,1
Mycolicibacterium_llatzerense,1,10,9
Mycolicibacterium_llatzerense,21,39,18
Mycolicibacterium_llatzerense,43,46,3
Mycolicibacterium_llatzerense,50,109,59
Mycolicibacterium_llatzerense,117,132,15
Mycolicibacterium_llatzerense,133,136,3
Mycolicibacterium_llatzerense,346,349,3
Mycolicibacterium_llatzerense,1542,1691,149
Mycolicibacterium_llatzerense,3317,3381,64
Mycolicibacterium_llatzerense,3409,3420,11
Mycolicibacterium_llatzerense,3424,3491,67
Mycolicibacterium_llatzerense,3642,3645,3
Mycolicibacterium_llatzerense,3650,3653,3
Mycolicibacterium_llatzerense,3655,3667,12
Mycolicibacterium_llatzerense,3782,3788,6
Mycolicibacterium_llatzerense,4400,4406,6
Mycolicibacterium_llatzerense,4407,4413,6
Mycolicibacterium_llatzerense,4417,4426,9
Mycolicibacterium_llatzerense,4432,4445,13
Mycolicibacterium_llatzerense,4452,4455,3
Mycolicibacterium_llatzerense,4468,4474,6
Mycolicibacterium_llatzerense,4475,4481,6
Mycolicibacterium_llatzerense,4483,4486,3
Mycolicibacterium_llatzerense,4540,4552,12
Mycolicibacterium_llatzerense,4555,4564,9
Mycolicibacterium_llatzerense,4567,4573,6
Mycolicibacterium_llatzerense,4582,4585,3
Mycolicibacterium_llatzerense,5163,5169,6
Mycolicibacterium_llatzerense,5170,5179,9
Mycolicibacterium_llatzerense,5181,5190,9
Mycolicibacterium_llatzerense,5197,5199,2
Mycolicibacterium_llatzerense,5201,5204,3
Mycolicibacterium_llatzerense,5206,5214,8
Mycolicibacterium_llatzerense,5218,5230,12
Mycolicibacterium_llatzerense,5231,5241,10
Mycolicibacterium_llatzerense,5247,5253,6
Mycolicibacterium_llatzerense,5401,5402,1
Mycolicibacterium_llatzerense,6015,6016,1
Mycolicibacterium_llatzerense,6431,6467,36
Mycolicibacterium_llatzerense,6470,6494,24
Mycolicibacterium_llatzerense,7178,7254,76
Mycolicibacterium_llatzerense,7260,7268,8
Mycolicibacterium_llatzerense,7760,7763,3
Mycolicibacterium_llatzerense,8452,8500,48
Mycolicibacterium_llatzerense,8577,8578,1
Mycolicibacterium_llatzerense,8584,8599,15
Mycolicibacterium_llatzerense,8600,8604,4
Mycolicibacterium_llatzerense,8609,8610,1
Mycolicibacterium_llatzerense,8661,8662,1
Mycolicibacterium_llatzerense,8703,8704,1
Mycolicibacterium_llatzerense,8720,8721,1
Mycolicibacterium_llatzerense,8733,8735,2
Mycolicibacterium_llatzerense,8739,8742,3
Mycolicibacterium_llatzerense,8930,8931,1
Mycolicibacterium_llatzerense,8980,8982,2
Mycolicibacterium_llatzerense,8984,8998,14
Mycolicibacterium_llatzerense,9120,9121,1
Mycolicibacterium_llatzerense,9359,9360,1
Mycolicibacterium_llatzerense,9370,9372,2
Mycolicibacterium_llatzerense,9546,9547,1
Mycolicibacterium_llatzerense,9812,9813,1
Mycolicibacterium_llatzerense,9982,9984,2
Mycolicibacterium_llatzerense,9985,9986,1
Mycolicibacterium_llatzerense,10157,10158,1
Mycolicibacterium_llatzerense,10261,10262,1
Mycolicibacterium_llatzerense,10310,10312,2
Mycolicibacterium_llatzerense,10313,10315,2
Mycolicibacterium_llatzerense,10325,10326,1
Mycolicibacterium_llatzerense,10352,10353,1
Mycolicibacterium_llatzerense,10370,10371,1
Mycolicibacterium_llatzerense,10416,10417,1
Mycolicibacterium_llatzerense,10434,10435,1
Mycolicibacterium_llatzerense,10448,10449,1
Mycolicibacterium_llatzerense,10476,10477,1
Mycolicibacterium_llatzerense,10491,10492,1
Mycolicibacterium_llatzerense,10526,10527,1
Mycolicibacterium_llatzerense,10546,10649,103
Mycolicibacterium_llatzerense,10828,10832,4
Mycolicibacterium_llatzerense,10835,10843,8
Mycolicibacterium_llatzerense,10864,10865,1
Mycolicibacterium_llatzerense,10914,10915,1
Mycolicibacterium_llatzerense,10959,10960,1
Mycolicibacterium_llatzerense,10965,10966,1
Mycolicibacterium_llatzerense,10967,10978,11
Mycolicibacterium_llatzerense,11085,11086,1
Mycolicibacterium_llatzerense,11143,11144,1
Mycolicibacterium_llatzerense,11243,11244,1
Mycolicibacterium_llatzerense,11260,11261,1
Mycolicibacterium_llatzerense,11266,11267,1
Mycolicibacterium_llatzerense,11286,11287,1
Mycolicibacterium_llatzerense,11312,11313,1
Mycolicibacterium_llatzerense,11473,11474,1
Mycolicibacterium_llatzerense,11505,11534,29
Mycolicibacterium_llatzerense,11566,11567,1
Mycolicibacterium_llatzerense,11782,11783,1
Mycolicibacterium_llatzerense,11823,11824,1
Mycolicibacterium_llatzerense,11825,11827,2
Mycolicibacterium_llatzerense,11831,11836,5
Mycolicibacterium_llatzerense,11846,11850,4
Mycolicibacterium_llatzerense,11851,11852,1
Mycolicibacterium_llatzerense,11859,11860,1
Mycolicibacterium_llatzerense,11864,11866,2
Mycolicibacterium_llatzerense,11877,11878,1
Mycolicibacterium_llatzerense,11993,11995,2
Mycolicibacterium_llatzerense,12029,12030,1
Mycolicibacterium_llatzerense,12068,12069,1
Mycolicibacterium_llatzerense,12196,12197,1
Mycolicibacterium_llatzerense,12207,12208,1
Mycolicibacterium_llatzerense,12211,12212,1
Mycolicibacterium_llatzerense,12213,12214,1
Mycolicibacterium_llatzerense,12218,12222,4
Mycolicibacterium_llatzerense,12226,12227,1
Mycolicibacterium_llatzerense,12237,12238,1
Mycolicibacterium_llatzerense,12360,12369,9
Mycolicibacterium_llatzerense,12371,12372,1
Mycolicibacterium_llatzerense,12374,12375,1
Mycolicibacterium_llatzerense,12378,12381,3
Mycolicibacterium_llatzerense,12384,12390,6
Mycolicibacterium_llatzerense,12391,12400,9
Mycolicibacterium_llatzerense,12454,12455,1
Mycolicibacterium_llatzerense,12739,12740,1
Mycolicibacterium_llatzerense,12798,12925,127
Mycolicibacterium_llatzerense,13451,13452,1
Mycolicibacterium_llatzerense,13453,13454,1
Mycolicibacterium_llatzerense,13508,13509,1
Mycolicibacter_arupensis,1,10,9
Mycolicibacter_arupensis,21,39,18
Mycolicibacter_arupensis,43,46,3
Mycolicibacter_arupensis,59,136,77
Mycolicibacter_arupensis,346,349,3
Mycolicibacter_arupensis,1542,1691,149
Mycolicibacter_arupensis,3317,3361,44
Mycolicibacter_arupensis,3364,3365,1
Mycolicibacter_arupensis,3373,3374,1
Mycolicibacter_arupensis,3414,3420,6
Mycolicibacter_arupensis,3424,3460,36
Mycolicibacter_arupensis,3473,3479,6
Mycolicibacter_arupensis,3485,3491,6
Mycolicibacter_arupensis,3650,3653,3
Mycolicibacter_arupensis,3657,3672,15
Mycolicibacter_arupensis,3782,3788,6
Mycolicibacter_arupensis,4400,4406,6
Mycolicibacter_arupensis,4407,4413,6
Mycolicibacter_arupensis,4422,4426,4
Mycolicibacter_arupensis,4432,4438,6
Mycolicibacter_arupensis,4452,4455,3
Mycolicibacter_arupensis,4456,4486,30
Mycolicibacter_arupensis,4555,4564,9
Mycolicibacter_arupensis,5163,5169,6
Mycolicibacter_arupensis,5170,5179,9
Mycolicibacter_arupensis,5181,5190,9
Mycolicibacter_arupensis,5197,5199,2
Mycolicibacter_arupensis,5201,5204,3
Mycolicibacter_arupensis,5206,5214,8
Mycolicibacter_arupensis,5218,5230,12
Mycolicibacter_arupensis,5231,5241,10
Mycolicibacter_arupensis,5247,5253,6
Mycolicibacter_arupensis,5401,5402,1
Mycolicibacter_arupensis,6015,6016,1
Mycolicibacter_arupensis,6431,6452,21
Mycolicibacter_arupensis,6456,6462,6
Mycolicibacter_arupensis,6470,6494,24
Mycolicibacter_arupensis,7178,7254,76
Mycolicibacter_arupensis,7260,7268,8
Mycolicibacter_arupensis,7760,7763,3
Mycolicibacter_arupensis,8452,8500,48
Mycolicibacter_arupensis,8577,8578,1
Mycolicibacter_arupensis,8584,8599,15
Mycolicibacter_arupensis,8601,8603,2
Mycolicibacter_arupensis,8609,8610,1
Mycolicibacter_arupensis,8661,8662,1
Mycolicibacter_arupensis,8703,8704,1
Mycolicibacter_arupensis,8720,8721,1
Mycolicibacter_arupensis,8733,8735,2
Mycolicibacter_arupensis,8739,8742,3
Mycolicibacter_arupensis,8930,8931,1
Mycolicibacter_arupensis,8980,8982,2
Mycolicibacter_arupensis,9120,9121,1
Mycolicibacter_arupensis,9546,9547,1
Mycolicibacter_arupensis,9812,9814,2
Mycolicibacter_arupensis,9982,9984,2
Mycolicibacter_arupensis,9985,9986,1
Mycolicibacter_arupensis,10076,10078,2
Mycolicibacter_arupensis,10157,10158,1
Mycolicibacter_arupensis,10311,10312,1
Mycolicibacter_arupensis,10313,10315,2
Mycolicibacter_arupensis,10325,10326,1
Mycolicibacter_arupensis,10370,10371,1
Mycolicibacter_arupensis,10416,10417,1
Mycolicibacter_arupensis,10434,10435,1
Mycolicibacter_arupensis,10448,10449,1
Mycolicibacter_arupensis,10476,10477,1
Mycolicibacter_arupensis,10491,10492,1
Mycolicibacter_arupensis,10526,10527,1
Mycolicibacter_arupensis,10547,10649,102
Mycolicibacter_arupensis,10828,10830,2
Mycolicibacter_arupensis,10834,10843,9
Mycolicibacter_arupensis,10864,10865,1
Mycolicibacter_arupensis,10914,10915,1
Mycolicibacter_arupensis,10965,10966,1
Mycolicibacter_arupensis,10971,10975,4
Mycolicibacter_arupensis,11085,11086,1
Mycolicibacter_arupensis,11143,11144,1
Mycolicibacter_arupensis,11243,11244,1
Mycolicibacter_arupensis,11260,11261,1
Mycolicibacter_arupensis,11265,11267,2
Mycolicibacter_arupensis,11286,11287,1
Mycolicibacter_arupensis,11312,11313,1
Mycolicibacter_arupensis,11473,11474,1
Mycolicibacter_arupensis,11505,11512,7
Mycolicibacter_arupensis,11513,11514,1
Mycolicibacter_arupensis,11515,11533,18
Mycolicibacter_arupensis,11537,11538,1
Mycolicibacter_arupensis,11566,11567,1
Mycolicibacter_arupensis,11782,11783,1
Mycolicibacter_arupensis,11823,11824,1
Mycolicibacter_arupensis,11826,11827,1
Mycolicibacter_arupensis,11831,11836,5
Mycolicibacter_arupensis,11847,11852,5
Mycolicibacter_arupensis,11859,11860,1
Mycolicibacter_arupensis,11864,11866,2
Mycolicibacter_arupensis,11877,11878,1
Mycolicibacter_arupensis,11993,11994,1
Mycolicibacter_arupensis,12029,12030,1
Mycolicibacter_arupensis,12068,12069,1
Mycolicibacter_arupensis,12207,12208,1
Mycolicibacter_arupensis,12211,12212,1
Mycolicibacter_arupensis,12213,12214,1
Mycolicibacter_arupensis,12218,12222,4
Mycolicibacter_arupensis,12226,12227,1
Mycolicibacter_arupensis,12237,12238,1
Mycolicibacter_arupensis,12360,12369,9
Mycolicibacter_arupensis,12371,12372,1
Mycolicibacter_arupensis,12374,12375,1
Mycolicibacter_arupensis,12377,12382,5
Mycolicibacter_arupensis,12384,12390,6
Mycolicibacter_arupensis,12391,12400,9
Mycolicibacter_arupensis,12454,12455,1
Mycolicibacter_arupensis,12739,12740,1
Mycolicibacter_arupensis,12798,12925,127
Mycolicibacter_arupensis,13451,13452,1
Mycolicibacter_arupensis,13453,13454,1
Mycolicibacter_arupensis,13508,13509,1
Mycobacterium_celatum,1,10,9
Mycobacterium_celatum,21,39,18
Mycobacterium_celatum,43,46,3
Mycobacterium_celatum,53,71,18
Mycobacterium_celatum,89,100,11
Mycobacterium_celatum,117,132,15
Mycobacterium_celatum,133,136,3
Mycobacterium_celatum,346,349,3
Mycobacterium_celatum,1542,1557,15
Mycobacterium_celatum,1572,1604,32
Mycobacterium_celatum,1632,1644,12
Mycobacterium_celatum,3284,3287,3
Mycobacterium_celatum,3317,3361,44
Mycobacterium_celatum,3364,3365,1
Mycobacterium_celatum,3373,3374,1
Mycobacterium_celatum,3414,3477,63
Mycobacterium_celatum,3485,3491,6
Mycobacterium_celatum,3642,3645,3
Mycobacterium_celatum,3650,3653,3
Mycobacterium_celatum,3655,3667,12
Mycobacterium_celatum,3782,3788,6
Mycobacterium_celatum,4400,4406,6
Mycobacterium_celatum,4407,4413,6
Mycobacterium_celatum,4417,4426,9
Mycobacterium_celatum,4432,4445,13
Mycobacterium_celatum,4452,4455,3
Mycobacterium_celatum,4456,4462,6
Mycobacterium_celatum,4468,4480,12
Mycobacterium_celatum,4483,4486,3
Mycobacterium_celatum,4540,4552,12
Mycobacterium_celatum,4555,4564,9
Mycobacterium_celatum,4567,4573,6
Mycobacterium_celatum,4581,4584,3
Mycobacterium_celatum,5163,5169,6
Mycobacterium_celatum,5170,5179,9
Mycobacterium_celatum,5181,5190,9
Mycobacterium_celatum,5197,5199,2
Mycobacterium_celatum,5201,5204,3
Mycobacterium_celatum,5206,5214,8
Mycobacterium_celatum,5218,5230,12
Mycobacterium_celatum,5231,5241,10
Mycobacterium_celatum,5247,5253,6
Mycobacterium_celatum,5401,5402,1
Mycobacterium_celatum,6015,6016,1
Mycobacterium_celatum,6431,6467,36
Mycobacterium_celatum,6470,6494,24
Mycobacterium_celatum,7178,7254,76
Mycobacterium_celatum,7260,7268,8
Mycobacterium_celatum,7760,7763,3
Mycobacterium_celatum,8452,8500,48
Mycobacterium_celatum,8577,8578,1
Mycobacterium_celatum,8584,8599,15
Mycobacterium_celatum,8609,8610,1
Mycobacterium_celatum,8661,8662,1
Mycobacterium_celatum,8703,8704,1
Mycobacterium_celatum,8720,8721,1
Mycobacterium_celatum,8733,8734,1
Mycobacterium_celatum,8739,8742,3
Mycobacterium_celatum,8930,8931,1
Mycobacterium_celatum,8980,8982,2
Mycobacterium_celatum,8996,8998,2
Mycobacterium_celatum,9120,9121,1
Mycobacterium_celatum,9370,9372,2
Mycobacterium_celatum,9546,9547,1
Mycobacterium_celatum,9812,9814,2
Mycobacterium_celatum,9984,9986,2
Mycobacterium_celatum,10076,10078,2
Mycobacterium_celatum,10157,10158,1
Mycobacterium_celatum,10261,10262,1
Mycobacterium_celatum,10310,10312,2
Mycobacterium_celatum,10313,10315,2
Mycobacterium_celatum,10325,10326,1
Mycobacterium_celatum,10370,10371,1
Mycobacterium_celatum,10434,10435,1
Mycobacterium_celatum,10448,10449,1
Mycobacterium_celatum,10476,10477,1
Mycobacterium_celatum,10491,10492,1
Mycobacterium_celatum,10526,10527,1
Mycobacterium_celatum,10546,10649,103
Mycobacterium_celatum,10828,10830,2
Mycobacterium_celatum,10835,10843,8
Mycobacterium_celatum,10864,10865,1
Mycobacterium_celatum,10959,10961,2
Mycobacterium_celatum,10965,10966,1
Mycobacterium_celatum,11085,11086,1
Mycobacterium_celatum,11143,11144,1
Mycobacterium_celatum,11243,11244,1
Mycobacterium_celatum,11259,11261,2
Mycobacterium_celatum,11265,11267,2
Mycobacterium_celatum,11286,11287,1
Mycobacterium_celatum,11312,11313,1
Mycobacterium_celatum,11473,11474,1
Mycobacterium_celatum,11505,11512,7
Mycobacterium_celatum,11513,11514,1
Mycobacterium_celatum,11520,11521,1
Mycobacterium_celatum,11524,11534,10
Mycobacterium_celatum,11566,11567,1
Mycobacterium_celatum,11782,11783,1
Mycobacterium_celatum,11823,11824,1
Mycobacterium_celatum,11831,11836,5
Mycobacterium_celatum,11847,11850,3
Mycobacterium_celatum,11851,11852,1
Mycobacterium_celatum,11859,11860,1
Mycobacterium_celatum,11864,11866,2
Mycobacterium_celatum,11877,11878,1
Mycobacterium_celatum,12029,12030,1
Mycobacterium_celatum,12068,12069,1
Mycobacterium_celatum,12207,12208,1
Mycobacterium_celatum,12211,12212,1
Mycobacterium_celatum,12213,12214,1
Mycobacterium_celatum,12218,12222,4
Mycobacterium_celatum,12226,12227,1
Mycobacterium_celatum,12229,12230,1
Mycobacterium_celatum,12237,12238,1
Mycobacterium_celatum,12360,12369,9
Mycobacterium_celatum,12371,12380,9
Mycobacterium_celatum,12391,12400,9
Mycobacterium_celatum,12454,12455,1
Mycobacterium_celatum,12739,12740,1
Mycobacterium_celatum,12798,12925,127
Mycobacterium_celatum,13451,13452,1
Mycobacterium_celatum,13453,13454,1
Mycobacterium_celatum,13508,13509,1
Mycolicibacterium_elephantis,1,10,9
Mycolicibacterium_elephantis,21,39,18
Mycolicibacterium_elephantis,43,46,3
Mycolicibacterium_elephantis,57,72,15
Mycolicibacterium_elephantis,84,107,23
Mycolicibacterium_elephantis,117,132,15
Mycolicibacterium_elephantis,133,136,3
Mycolicibacterium_elephantis,346,349,3
Mycolicibacterium_elephantis,1542,1545,3
Mycolicibacterium_elephantis,1579,1620,41
Mycolicibacterium_elephantis,1632,1650,18
Mycolicibacterium_elephantis,1664,1676,12
Mycolicibacterium_elephantis,3317,3361,44
Mycolicibacterium_elephantis,3364,3365,1
Mycolicibacterium_elephantis,3373,3374,1
Mycolicibacterium_elephantis,3409,3421,12
Mycolicibacterium_elephantis,3424,3478,54
Mycolicibacterium_elephantis,3485,3491,6
Mycolicibacterium_elephantis,3642,3645,3
Mycolicibacterium_elephantis,3650,3653,3
Mycolicibacterium_elephantis,3655,3667,12
Mycolicibacterium_elephantis,3782,3788,6
Mycolicibacterium_elephantis,4400,4406,6
Mycolicibacterium_elephantis,4407,4413,6
Mycolicibacterium_elephantis,4417,4426,9
Mycolicibacterium_elephantis,4432,4445,13
Mycolicibacterium_elephantis,4452,4455,3
Mycolicibacterium_elephantis,4456,4462,6
Mycolicibacterium_elephantis,4468,4474,6
Mycolicibacterium_elephantis,4475,4481,6
Mycolicibacterium_elephantis,4483,4486,3
Mycolicibacterium_elephantis,4540,4552,12
Mycolicibacterium_elephantis,4555,4564,9
Mycolicibacterium_elephantis,4567,4573,6
Mycolicibacterium_elephantis,4582,4585,3
Mycolicibacterium_elephantis,5163,5169,6
Mycolicibacterium_elephantis,5170,5179,9
Mycolicibacterium_elephantis,5181,5190,9
Mycolicibacterium_elephantis,5197,5199,2
Mycolicibacterium_elephantis,5201,5204,3
Mycolicibacterium_elephantis,5206,5214,8
Mycolicibacterium_elephantis,5218,5230,12
Mycolicibacterium_elephantis,5231,5241,10
Mycolicibacterium_elephantis,5247,5253,6
Mycolicibacterium_elephantis,5401,5402,1
Mycolicibacterium_elephantis,6015,6016,1
Mycolicibacterium_elephantis,6431,6467,36
Mycolicibacterium_elephantis,6470,6494,24
Mycolicibacterium_elephantis,7178,7254,76
Mycolicibacterium_elephantis,7260,7268,8
Mycolicibacterium_elephantis,7760,7763,3
Mycolicibacterium_elephantis,8452,8500,48
Mycolicibacterium_elephantis,8577,8578,1
Mycolicibacterium_elephantis,8584,8599,15
Mycolicibacterium_elephantis,8601,8603,2
Mycolicibacterium_elephantis,8609,8610,1
Mycolicibacterium_elephantis,8661,8662,1
Mycolicibacterium_elephantis,8733,8735,2
Mycolicibacterium_elephantis,8739,8742,3
Mycolicibacterium_elephantis,8930,8931,1
Mycolicibacterium_elephantis,8980,8982,2
Mycolicibacterium_elephantis,8984,8998,14
Mycolicibacterium_elephantis,9120,9121,1
Mycolicibacterium_elephantis,9370,9372,2
Mycolicibacterium_elephantis,9546,9547,1
Mycolicibacterium_elephantis,9812,9813,1
Mycolicibacterium_elephantis,9977,9978,1
Mycolicibacterium_elephantis,9985,9986,1
Mycolicibacterium_elephantis,10076,10078,2
Mycolicibacterium_elephantis,10157,10158,1
Mycolicibacterium_elephantis,10261,10262,1
Mycolicibacterium_elephantis,10310,10312,2
Mycolicibacterium_elephantis,10313,10315,2
Mycolicibacterium_elephantis,10325,10326,1
Mycolicibacterium_elephantis,10370,10371,1
Mycolicibacterium_elephantis,10434,10435,1
Mycolicibacterium_elephantis,10448,10449,1
Mycolicibacterium_elephantis,10461,10462,1
Mycolicibacterium_elephantis,10476,10477,1
Mycolicibacterium_elephantis,10491,10492,1
Mycolicibacterium_elephantis,10526,10527,1
Mycolicibacterium_elephantis,10548,10649,101
Mycolicibacterium_elephantis,10828,10830,2
Mycolicibacterium_elephantis,10834,10846,12
Mycolicibacterium_elephantis,10864,10865,1
Mycolicibacterium_elephantis,10914,10915,1
Mycolicibacterium_elephantis,10965,10966,1
Mycolicibacterium_elephantis,10971,10975,4
Mycolicibacterium_elephantis,11085,11086,1
Mycolicibacterium_elephantis,11143,11144,1
Mycolicibacterium_elephantis,11243,11244,1
Mycolicibacterium_elephantis,11260,11261,1
Mycolicibacterium_elephantis,11266,11267,1
Mycolicibacterium_elephantis,11286,11287,1
Mycolicibacterium_elephantis,11312,11313,1
Mycolicibacterium_elephantis,11473,11474,1
Mycolicibacterium_elephantis,11505,11512,7
Mycolicibacterium_elephantis,11513,11514,1
Mycolicibacterium_elephantis,11520,11521,1
Mycolicibacterium_elephantis,11530,11534,4
Mycolicibacterium_elephantis,11566,11567,1
Mycolicibacterium_elephantis,11782,11783,1
Mycolicibacterium_elephantis,11823,11824,1
Mycolicibacterium_elephantis,11831,11836,5
Mycolicibacterium_elephantis,11851,11852,1
Mycolicibacterium_elephantis,11859,11865,6
Mycolicibacterium_elephantis,11877,11878,1
Mycolicibacterium_elephantis,11993,11995,2
Mycolicibacterium_elephantis,12029,12030,1
Mycolicibacterium_elephantis,12068,12069,1
Mycolicibacterium_elephantis,12207,12208,1
Mycolicibacterium_elephantis,12211,12212,1
Mycolicibacterium_elephantis,12213,12214,1
Mycolicibacterium_elephantis,12218,12222,4
Mycolicibacterium_elephantis,12226,12227,1
Mycolicibacterium_elephantis,12229,12230,1
Mycolicibacterium_elephantis,12237,12238,1
Mycolicibacterium_elephantis,12360,12369,9
Mycolicibacterium_elephantis,12371,12372,1
Mycolicibacterium_elephantis,12374,12375,1
Mycolicibacterium_elephantis,12379,12380,1
Mycolicibacterium_elephantis,12384,12390,6
Mycolicibacterium_elephantis,12391,12400,9
Mycolicibacterium_elephantis,12454,12455,1
Mycolicibacterium_elephantis,12739,12740,1
Mycolicibacterium_elephantis,12798,12925,127
Mycolicibacterium_elephantis,13451,13452,1
Mycolicibacterium_elephantis,13453,13454,1
Mycolicibacterium_elephantis,13508,13509,1
Mycolicibacterium_chlorophenolicum,1,10,9
Mycolicibacterium_chlorophenolicum,21,39,18
Mycolicibacterium_chlorophenolicum,43,46,3
Mycolicibacterium_chlorophenolicum,51,107,56
Mycolicibacterium_chlorophenolicum,117,132,15
Mycolicibacterium_chlorophenolicum,133,136,3
Mycolicibacterium_chlorophenolicum,346,349,3
Mycolicibacterium_chlorophenolicum,1542,1691,149
Mycolicibacterium_chlorophenolicum,3317,3361,44
Mycolicibacterium_chlorophenolicum,3364,3365,1
Mycolicibacterium_chlorophenolicum,3373,3374,1
Mycolicibacterium_chlorophenolicum,3408,3480,72
Mycolicibacterium_chlorophenolicum,3485,3491,6
Mycolicibacterium_chlorophenolicum,3642,3645,3
Mycolicibacterium_chlorophenolicum,3650,3653,3
Mycolicibacterium_chlorophenolicum,3655,3667,12
Mycolicibacterium_chlorophenolicum,3782,3788,6
Mycolicibacterium_chlorophenolicum,4400,4406,6
Mycolicibacterium_chlorophenolicum,4407,4413,6
Mycolicibacterium_chlorophenolicum,4417,4426,9
Mycolicibacterium_chlorophenolicum,4432,4445,13
Mycolicibacterium_chlorophenolicum,4452,4455,3
Mycolicibacterium_chlorophenolicum,4456,4462,6
Mycolicibacterium_chlorophenolicum,4468,4474,6
Mycolicibacterium_chlorophenolicum,4475,4481,6
Mycolicibacterium_chlorophenolicum,4483,4486,3
Mycolicibacterium_chlorophenolicum,4540,4552,12
Mycolicibacterium_chlorophenolicum,4555,4564,9
Mycolicibacterium_chlorophenolicum,4567,4573,6
Mycolicibacterium_chlorophenolicum,4582,4585,3
Mycolicibacterium_chlorophenolicum,5163,5169,6
Mycolicibacterium_chlorophenolicum,5170,5179,9
Mycolicibacterium_chlorophenolicum,5181,5190,9
Mycolicibacterium_chlorophenolicum,5197,5199,2
Mycolicibacterium_chlorophenolicum,5201,5204,3
Mycolicibacterium_chlorophenolicum,5206,5214,8
Mycolicibacterium_chlorophenolicum,5218,5230,12
Mycolicibacterium_chlorophenolicum,5231,5241,10
Mycolicibacterium_chlorophenolicum,5247,5253,6
Mycolicibacterium_chlorophenolicum,5401,5402,1
Mycolicibacterium_chlorophenolicum,6015,6016,1
Mycolicibacterium_chlorophenolicum,6431,6467,36
Mycolicibacterium_chlorophenolicum,6470,6494,24
Mycolicibacterium_chlorophenolicum,7178,7254,76
Mycolicibacterium_chlorophenolicum,7260,7268,8
Mycolicibacterium_chlorophenolicum,7760,7763,3
Mycolicibacterium_chlorophenolicum,8452,8500,48
Mycolicibacterium_chlorophenolicum,8577,8578,1
Mycolicibacterium_chlorophenolicum,8584,8599,15
Mycolicibacterium_chlorophenolicum,8600,8604,4
Mycolicibacterium_chlorophenolicum,8609,8610,1
Mycolicibacterium_chlorophenolicum,8661,8662,1
Mycolicibacterium_chlorophenolicum,8703,8704,1
Mycolicibacterium_chlorophenolicum,8720,8721,1
Mycolicibacterium_chlorophenolicum,8733,8735,2
Mycolicibacterium_chlorophenolicum,8739,8742,3
Mycolicibacterium_chlorophenolicum,8930,8931,1
Mycolicibacterium_chlorophenolicum,8980,8982,2
Mycolicibacterium_chlorophenolicum,8984,8998,14
Mycolicibacterium_chlorophenolicum,9120,9121,1
Mycolicibacterium_chlorophenolicum,9370,9372,2
Mycolicibacterium_chlorophenolicum,9546,9547,1
Mycolicibacterium_chlorophenolicum,9812,9813,1
Mycolicibacterium_chlorophenolicum,9985,9986,1
Mycolicibacterium_chlorophenolicum,10076,10078,2
Mycolicibacterium_chlorophenolicum,10157,10158,1
Mycolicibacterium_chlorophenolicum,10261,10262,1
Mycolicibacterium_chlorophenolicum,10310,10312,2
Mycolicibacterium_chlorophenolicum,10313,10315,2
Mycolicibacterium_chlorophenolicum,10325,10326,1
Mycolicibacterium_chlorophenolicum,10370,10371,1
Mycolicibacterium_chlorophenolicum,10416,10417,1
Mycolicibacterium_chlorophenolicum,10434,10435,1
Mycolicibacterium_chlorophenolicum,10448,10449,1
Mycolicibacterium_chlorophenolicum,10461,10462,1
Mycolicibacterium_chlorophenolicum,10476,10477,1
Mycolicibacterium_chlorophenolicum,10491,10492,1
Mycolicibacterium_chlorophenolicum,10526,10527,1
Mycolicibacterium_chlorophenolicum,10548,10649,101
Mycolicibacterium_chlorophenolicum,10828,10830,2
Mycolicibacterium_chlorophenolicum,10835,10836,1
Mycolicibacterium_chlorophenolicum,10837,10843,6
Mycolicibacterium_chlorophenolicum,10864,10865,1
Mycolicibacterium_chlorophenolicum,10914,10915,1
Mycolicibacterium_chlorophenolicum,10965,10966,1
Mycolicibacterium_chlorophenolicum,10971,10975,4
Mycolicibacterium_chlorophenolicum,11085,11086,1
Mycolicibacterium_chlorophenolicum,11143,11144,1
Mycolicibacterium_chlorophenolicum,11243,11244,1
Mycolicibacterium_chlorophenolicum,11260,11261,1
Mycolicibacterium_chlorophenolicum,11265,11267,2
Mycolicibacterium_chlorophenolicum,11286,11287,1
Mycolicibacterium_chlorophenolicum,11312,11313,1
Mycolicibacterium_chlorophenolicum,11473,11474,1
Mycolicibacterium_chlorophenolicum,11505,11512,7
Mycolicibacterium_chlorophenolicum,11513,11514,1
Mycolicibacterium_chlorophenolicum,11520,11521,1
Mycolicibacterium_chlorophenolicum,11523,11537,14
Mycolicibacterium_chlorophenolicum,11566,11567,1
Mycolicibacterium_chlorophenolicum,11782,11783,1
Mycolicibacterium_chlorophenolicum,11823,11824,1
Mycolicibacterium_chlorophenolicum,11826,11827,1
Mycolicibacterium_chlorophenolicum,11831,11836,5
Mycolicibacterium_chlorophenolicum,11846,11850,4
Mycolicibacterium_chlorophenolicum,11851,11852,1
Mycolicibacterium_chlorophenolicum,11859,11860,1
Mycolicibacterium_chlorophenolicum,11864,11866,2
Mycolicibacterium_chlorophenolicum,11877,11878,1
Mycolicibacterium_chlorophenolicum,11993,11994,1
Mycolicibacterium_chlorophenolicum,12029,12030,1
Mycolicibacterium_chlorophenolicum,12068,12069,1
Mycolicibacterium_chlorophenolicum,12207,12208,1
Mycolicibacterium_chlorophenolicum,12211,12212,1
Mycolicibacterium_chlorophenolicum,12213,12214,1
Mycolicibacterium_chlorophenolicum,12218,12222,4
Mycolicibacterium_chlorophenolicum,12226,12227,1
Mycolicibacterium_chlorophenolicum,12229,12230,1
Mycolicibacterium_chlorophenolicum,12237,12238,1
Mycolicibacterium_chlorophenolicum,12360,12369,9
Mycolicibacterium_chlorophenolicum,12371,12372,1
Mycolicibacterium_chlorophenolicum,12374,12375,1
Mycolicibacterium_chlorophenolicum,12377,12382,5
Mycolicibacterium_chlorophenolicum,12384,12390,6
Mycolicibacterium_chlorophenolicum,12391,12400,9
Mycolicibacterium_chlorophenolicum,12454,12455,1
Mycolicibacterium_chlorophenolicum,12739,12740,1
Mycolicibacterium_chlorophenolicum,12798,12925,127
Mycolicibacterium_chlorophenolicum,13453,13454,1
Mycolicibacterium_chlorophenolicum,13508,13509,1
Mycolicibacterium_malmesburyense,1,10,9
Mycolicibacterium_malmesburyense,21,39,18
Mycolicibacterium_malmesburyense,43,46,3
Mycolicibacterium_malmesburyense,60,107,47
Mycolicibacterium_malmesburyense,117,132,15
Mycolicibacterium_malmesburyense,133,136,3
Mycolicibacterium_malmesburyense,346,349,3
Mycolicibacterium_malmesburyense,1542,1545,3
Mycolicibacterium_malmesburyense,1572,1604,32
Mycolicibacterium_malmesburyense,1626,1662,36
Mycolicibacterium_malmesburyense,1664,1676,12
Mycolicibacterium_malmesburyense,3317,3361,44
Mycolicibacterium_malmesburyense,3364,3365,1
Mycolicibacterium_malmesburyense,3373,3374,1
Mycolicibacterium_malmesburyense,3409,3478,69
Mycolicibacterium_malmesburyense,3485,3491,6
Mycolicibacterium_malmesburyense,3642,3645,3
Mycolicibacterium_malmesburyense,3650,3653,3
Mycolicibacterium_malmesburyense,3655,3667,12
Mycolicibacterium_malmesburyense,3782,3788,6
Mycolicibacterium_malmesburyense,4407,4413,6
Mycolicibacterium_malmesburyense,4417,4426,9
Mycolicibacterium_malmesburyense,4432,4445,13
Mycolicibacterium_malmesburyense,4452,4455,3
Mycolicibacterium_malmesburyense,4456,4462,6
Mycolicibacterium_malmesburyense,4463,4466,3
Mycolicibacterium_malmesburyense,4468,4474,6
Mycolicibacterium_malmesburyense,4475,4481,6
Mycolicibacterium_malmesburyense,4483,4486,3
Mycolicibacterium_malmesburyense,4540,4552,12
Mycolicibacterium_malmesburyense,4555,4564,9
Mycolicibacterium_malmesburyense,4567,4573,6
Mycolicibacterium_malmesburyense,4582,4585,3
Mycolicibacterium_malmesburyense,5163,5169,6
Mycolicibacterium_malmesburyense,5170,5179,9
Mycolicibacterium_malmesburyense,5181,5190,9
Mycolicibacterium_malmesburyense,5197,5199,2
Mycolicibacterium_malmesburyense,5201,5204,3
Mycolicibacterium_malmesburyense,5206,5214,8
Mycolicibacterium_malmesburyense,5218,5230,12
Mycolicibacterium_malmesburyense,5231,5241,10
Mycolicibacterium_malmesburyense,5247,5253,6
Mycolicibacterium_malmesburyense,5401,5402,1
Mycolicibacterium_malmesburyense,6015,6016,1
Mycolicibacterium_malmesburyense,6431,6467,36
Mycolicibacterium_malmesburyense,6470,6494,24
Mycolicibacterium_malmesburyense,7178,7254,76
Mycolicibacterium_malmesburyense,7260,7268,8
Mycolicibacterium_malmesburyense,7760,7763,3
Mycolicibacterium_malmesburyense,8452,8500,48
Mycolicibacterium_malmesburyense,8577,8578,1
Mycolicibacterium_malmesburyense,8584,8599,15
Mycolicibacterium_malmesburyense,8601,8603,2
Mycolicibacterium_malmesburyense,8609,8610,1
Mycolicibacterium_malmesburyense,8661,8662,1
Mycolicibacterium_malmesburyense,8733,8735,2
Mycolicibacterium_malmesburyense,8739,8742,3
Mycolicibacterium_malmesburyense,8930,8931,1
Mycolicibacterium_malmesburyense,8980,8982,2
Mycolicibacterium_malmesburyense,8984,8998,14
Mycolicibacterium_malmesburyense,9120,9121,1
Mycolicibacterium_malmesburyense,9370,9372,2
Mycolicibacterium_malmesburyense,9546,9547,1
Mycolicibacterium_malmesburyense,9812,9813,1
Mycolicibacterium_malmesburyense,9985,9986,1
Mycolicibacterium_malmesburyense,10076,10078,2
Mycolicibacterium_malmesburyense,10157,10158,1
Mycolicibacterium_malmesburyense,10261,10262,1
Mycolicibacterium_malmesburyense,10310,10312,2
Mycolicibacterium_malmesburyense,10313,10315,2
Mycolicibacterium_malmesburyense,10325,10326,1
Mycolicibacterium_malmesburyense,10370,10371,1
Mycolicibacterium_malmesburyense,10416,10417,1
Mycolicibacterium_malmesburyense,10434,10435,1
Mycolicibacterium_malmesburyense,10448,10449,1
Mycolicibacterium_malmesburyense,10461,10462,1
Mycolicibacterium_malmesburyense,10476,10477,1
Mycolicibacterium_malmesburyense,10491,10492,1
Mycolicibacterium_malmesburyense,10526,10527,1
Mycolicibacterium_malmesburyense,10548,10649,101
Mycolicibacterium_malmesburyense,10828,10830,2
Mycolicibacterium_malmesburyense,10837,10843,6
Mycolicibacterium_malmesburyense,10864,10865,1
Mycolicibacterium_malmesburyense,10914,10915,1
Mycolicibacterium_malmesburyense,10965,10966,1
Mycolicibacterium_malmesburyense,10971,10975,4
Mycolicibacterium_malmesburyense,11085,11086,1
Mycolicibacterium_malmesburyense,11143,11144,1
Mycolicibacterium_malmesburyense,11243,11244,1
Mycolicibacterium_malmesburyense,11260,11261,1
Mycolicibacterium_malmesburyense,11265,11267,2
Mycolicibacterium_malmesburyense,11286,11287,1
Mycolicibacterium_malmesburyense,11312,11313,1
Mycolicibacterium_malmesburyense,11473,11474,1
Mycolicibacterium_malmesburyense,11505,11512,7
Mycolicibacterium_malmesburyense,11513,11515,2
Mycolicibacterium_malmesburyense,11520,11521,1
Mycolicibacterium_malmesburyense,11523,11525,2
Mycolicibacterium_malmesburyense,11530,11538,8
Mycolicibacterium_malmesburyense,11566,11567,1
Mycolicibacterium_malmesburyense,11782,11783,1
Mycolicibacterium_malmesburyense,11823,11824,1
Mycolicibacterium_malmesburyense,11826,11827,1
Mycolicibacterium_malmesburyense,11831,11836,5
Mycolicibacterium_malmesburyense,11846,11850,4
Mycolicibacterium_malmesburyense,11851,11852,1
Mycolicibacterium_malmesburyense,11859,11860,1
Mycolicibacterium_malmesburyense,11864,11866,2
Mycolicibacterium_malmesburyense,11877,11878,1
Mycolicibacterium_malmesburyense,11993,11995,2
Mycolicibacterium_malmesburyense,12029,12030,1
Mycolicibacterium_malmesburyense,12068,12069,1
Mycolicibacterium_malmesburyense,12207,12208,1
Mycolicibacterium_malmesburyense,12211,12212,1
Mycolicibacterium_malmesburyense,12213,12214,1
Mycolicibacterium_malmesburyense,12218,12222,4
Mycolicibacterium_malmesburyense,12226,12227,1
Mycolicibacterium_malmesburyense,12237,12238,1
Mycolicibacterium_malmesburyense,12360,12369,9
Mycolicibacterium_malmesburyense,12371,12372,1
Mycolicibacterium_malmesburyense,12374,12375,1
Mycolicibacterium_malmesburyense,12377,12382,5
Mycolicibacterium_malmesburyense,12384,12390,6
Mycolicibacterium_malmesburyense,12391,12400,9
Mycolicibacterium_malmesburyense,12454,12455,1
Mycolicibacterium_malmesburyense,12739,12740,1
Mycolicibacterium_malmesburyense,12798,12925,127
Mycolicibacterium_malmesburyense,13453,13454,1
Mycolicibacterium_malmesburyense,13508,13509,1
Mycolicibacterium_komanii,1,10,9
Mycolicibacterium_komanii,21,39,18
Mycolicibacterium_komanii,43,46,3
Mycolicibacterium_komanii,60,107,47
Mycolicibacterium_komanii,117,132,15
Mycolicibacterium_komanii,133,136,3
Mycolicibacterium_komanii,346,349,3
Mycolicibacterium_komanii,1542,1545,3
Mycolicibacterium_komanii,1572,1604,32
Mycolicibacterium_komanii,1626,1662,36
Mycolicibacterium_komanii,1664,1676,12
Mycolicibacterium_komanii,3317,3361,44
Mycolicibacterium_komanii,3364,3365,1
Mycolicibacterium_komanii,3373,3374,1
Mycolicibacterium_komanii,3409,3478,69
Mycolicibacterium_komanii,3485,3491,6
Mycolicibacterium_komanii,3642,3645,3
Mycolicibacterium_komanii,3650,3653,3
Mycolicibacterium_komanii,3655,3667,12
Mycolicibacterium_komanii,3782,3788,6
Mycolicibacterium_komanii,4407,4413,6
Mycolicibacterium_komanii,4417,4426,9
Mycolicibacterium_komanii,4432,4445,13
Mycolicibacterium_komanii,4452,4455,3
Mycolicibacterium_komanii,4456,4462,6
Mycolicibacterium_komanii,4463,4466,3
Mycolicibacterium_komanii,4468,4474,6
Mycolicibacterium_komanii,4475,4481,6
Mycolicibacterium_komanii,4483,4486,3
Mycolicibacterium_komanii,4540,4552,12
Mycolicibacterium_komanii,4555,4564,9
Mycolicibacterium_komanii,4567,4573,6
Mycolicibacterium_komanii,4582,4585,3
Mycolicibacterium_komanii,5163,5169,6
Mycolicibacterium_komanii,5170,5179,9
Mycolicibacterium_komanii,5181,5190,9
Mycolicibacterium_komanii,5197,5199,2
Mycolicibacterium_komanii,5201,5204,3
Mycolicibacterium_komanii,5206,5214,8
Mycolicibacterium_komanii,5218,5230,12
Mycolicibacterium_komanii,5231,5241,10
Mycolicibacterium_komanii,5247,5253,6
Mycolicibacterium_komanii,5401,5402,1
Mycolicibacterium_komanii,6015,6016,1
Mycolicibacterium_komanii,6431,6467,36
Mycolicibacterium_komanii,6470,6494,24
Mycolicibacterium_komanii,7178,7254,76
Mycolicibacterium_komanii,7260,7268,8
Mycolicibacterium_komanii,7760,7763,3
Mycolicibacterium_komanii,8452,8500,48
Mycolicibacterium_komanii,8577,8578,1
Mycolicibacterium_komanii,8584,8599,15
Mycolicibacterium_komanii,8601,8603,2
Mycolicibacterium_komanii,8609,8610,1
Mycolicibacterium_komanii,8661,8662,1
Mycolicibacterium_komanii,8733,8735,2
Mycolicibacterium_komanii,8739,8742,3
Mycolicibacterium_komanii,8930,8931,1
Mycolicibacterium_komanii,8980,8982,2
Mycolicibacterium_komanii,8984,8998,14
Mycolicibacterium_komanii,9120,9121,1
Mycolicibacterium_komanii,9370,9372,2
Mycolicibacterium_komanii,9546,9547,1
Mycolicibacterium_komanii,9812,9813,1
Mycolicibacterium_komanii,9985,9986,1
Mycolicibacterium_komanii,10076,10078,2
Mycolicibacterium_komanii,10157,10158,1
Mycolicibacterium_komanii,10261,10262,1
Mycolicibacterium_komanii,10310,10312,2
Mycolicibacterium_komanii,10313,10315,2
Mycolicibacterium_komanii,10325,10326,1
Mycolicibacterium_komanii,10370,10371,1
Mycolicibacterium_komanii,10416,10417,1
Mycolicibacterium_komanii,10434,10435,1
Mycolicibacterium_komanii,10448,10449,1
Mycolicibacterium_komanii,10461,10462,1
Mycolicibacterium_komanii,10476,10477,1
Mycolicibacterium_komanii,10491,10492,1
Mycolicibacterium_komanii,10526,10527,1
Mycolicibacterium_komanii,10548,10649,101
Mycolicibacterium_komanii,10828,10830,2
Mycolicibacterium_komanii,10835,10836,1
Mycolicibacterium_komanii,10837,10843,6
Mycolicibacterium_komanii,10864,10865,1
Mycolicibacterium_komanii,10914,10915,1
Mycolicibacterium_komanii,10965,10966,1
Mycolicibacterium_komanii,10971,10975,4
Mycolicibacterium_komanii,11085,11086,1
Mycolicibacterium_komanii,11143,11144,1
Mycolicibacterium_komanii,11243,11244,1
Mycolicibacterium_komanii,11260,11261,1
Mycolicibacterium_komanii,11265,11267,2
Mycolicibacterium_komanii,11286,11287,1
Mycolicibacterium_komanii,11312,11313,1
Mycolicibacterium_komanii,11473,11474,1
Mycolicibacterium_komanii,11505,11512,7
Mycolicibacterium_komanii,11513,11514,1
Mycolicibacterium_komanii,11520,11521,1
Mycolicibacterium_komanii,11523,11537,14
Mycolicibacterium_komanii,11566,11567,1
Mycolicibacterium_komanii,11782,11783,1
Mycolicibacterium_komanii,11823,11824,1
Mycolicibacterium_komanii,11826,11827,1
Mycolicibacterium_komanii,11831,11836,5
Mycolicibacterium_komanii,11846,11850,4
Mycolicibacterium_komanii,11851,11852,1
Mycolicibacterium_komanii,11859,11860,1
Mycolicibacterium_komanii,11864,11866,2
Mycolicibacterium_komanii,11877,11878,1
Mycolicibacterium_komanii,11993,11994,1
Mycolicibacterium_komanii,12029,12030,1
Mycolicibacterium_komanii,12068,12069,1
Mycolicibacterium_komanii,12207,12208,1
Mycolicibacterium_komanii,12211,12212,1
Mycolicibacterium_komanii,12213,12214,1
Mycolicibacterium_komanii,12218,12222,4
Mycolicibacterium_komanii,12226,12227,1
Mycolicibacterium_komanii,12237,12238,1
Mycolicibacterium_komanii,12360,12369,9
Mycolicibacterium_komanii,12371,12372,1
Mycolicibacterium_komanii,12374,12375,1
Mycolicibacterium_komanii,12378,12381,3
Mycolicibacterium_komanii,12384,12390,6
Mycolicibacterium_komanii,12391,12400,9
Mycolicibacterium_komanii,12454,12455,1
Mycolicibacterium_komanii,12739,12740,1
Mycolicibacterium_komanii,12798,12925,127
Mycolicibacterium_komanii,13453,13454,1
Mycolicibacterium_komanii,13508,13509,1
Mycobacterium_bohemicum,1,10,9
Mycobacterium_bohemicum,24,33,9
Mycobacterium_bohemicum,56,71,15
Mycobacterium_bohemicum,87,107,20
Mycobacterium_bohemicum,117,132,15
Mycobacterium_bohemicum,133,136,3
Mycobacterium_bohemicum,346,349,3
Mycobacterium_bohemicum,1542,1583,41
Mycobacterium_bohemicum,1587,1676,89
Mycobacterium_bohemicum,1678,1691,13
Mycobacterium_bohemicum,3317,3365,48
Mycobacterium_bohemicum,3373,3374,1
Mycobacterium_bohemicum,3414,3420,6
Mycobacterium_bohemicum,3476,3479,3
Mycobacterium_bohemicum,3485,3491,6
Mycobacterium_bohemicum,3642,3645,3
Mycobacterium_bohemicum,3650,3653,3
Mycobacterium_bohemicum,3655,3667,12
Mycobacterium_bohemicum,3782,3788,6
Mycobacterium_bohemicum,4400,4406,6
Mycobacterium_bohemicum,4407,4413,6
Mycobacterium_bohemicum,4432,4445,13
Mycobacterium_bohemicum,4452,4455,3
Mycobacterium_bohemicum,4456,4462,6
Mycobacterium_bohemicum,4468,4480,12
Mycobacterium_bohemicum,4483,4486,3
Mycobacterium_bohemicum,4540,4552,12
Mycobacterium_bohemicum,4555,4564,9
Mycobacterium_bohemicum,4567,4573,6
Mycobacterium_bohemicum,4581,4584,3
Mycobacterium_bohemicum,5163,5169,6
Mycobacterium_bohemicum,5170,5179,9
Mycobacterium_bohemicum,5181,5190,9
Mycobacterium_bohemicum,5197,5199,2
Mycobacterium_bohemicum,5201,5204,3
Mycobacterium_bohemicum,5206,5214,8
Mycobacterium_bohemicum,5218,5230,12
Mycobacterium_bohemicum,5231,5241,10
Mycobacterium_bohemicum,5247,5253,6
Mycobacterium_bohemicum,5401,5402,1
Mycobacterium_bohemicum,6015,6016,1
Mycobacterium_bohemicum,6431,6452,21
Mycobacterium_bohemicum,6456,6462,6
Mycobacterium_bohemicum,6470,6494,24
Mycobacterium_bohemicum,7178,7254,76
Mycobacterium_bohemicum,7260,7268,8
Mycobacterium_bohemicum,7760,7763,3
Mycobacterium_bohemicum,8452,8500,48
Mycobacterium_bohemicum,8577,8578,1
Mycobacterium_bohemicum,8584,8599,15
Mycobacterium_bohemicum,8601,8603,2
Mycobacterium_bohemicum,8609,8610,1
Mycobacterium_bohemicum,8661,8662,1
Mycobacterium_bohemicum,8703,8704,1
Mycobacterium_bohemicum,8720,8721,1
Mycobacterium_bohemicum,8733,8735,2
Mycobacterium_bohemicum,8739,8742,3
Mycobacterium_bohemicum,8930,8931,1
Mycobacterium_bohemicum,8980,8982,2
Mycobacterium_bohemicum,8996,8998,2
Mycobacterium_bohemicum,9120,9121,1
Mycobacterium_bohemicum,9370,9372,2
Mycobacterium_bohemicum,9546,9547,1
Mycobacterium_bohemicum,9812,9813,1
Mycobacterium_bohemicum,9983,9986,3
Mycobacterium_bohemicum,10076,10078,2
Mycobacterium_bohemicum,10157,10158,1
Mycobacterium_bohemicum,10261,10262,1
Mycobacterium_bohemicum,10310,10312,2
Mycobacterium_bohemicum,10313,10315,2
Mycobacterium_bohemicum,10325,10326,1
Mycobacterium_bohemicum,10352,10353,1
Mycobacterium_bohemicum,10370,10371,1
Mycobacterium_bohemicum,10434,10435,1
Mycobacterium_bohemicum,10448,10449,1
Mycobacterium_bohemicum,10476,10477,1
Mycobacterium_bohemicum,10491,10492,1
Mycobacterium_bohemicum,10526,10527,1
Mycobacterium_bohemicum,10546,10649,103
Mycobacterium_bohemicum,10828,10830,2
Mycobacterium_bohemicum,10832,10846,14
Mycobacterium_bohemicum,10864,10865,1
Mycobacterium_bohemicum,10914,10915,1
Mycobacterium_bohemicum,10965,10977,12
Mycobacterium_bohemicum,11085,11086,1
Mycobacterium_bohemicum,11143,11144,1
Mycobacterium_bohemicum,11243,11244,1
Mycobacterium_bohemicum,11260,11261,1
Mycobacterium_bohemicum,11262,11263,1
Mycobacterium_bohemicum,11265,11267,2
Mycobacterium_bohemicum,11286,11287,1
Mycobacterium_bohemicum,11312,11313,1
Mycobacterium_bohemicum,11473,11474,1
Mycobacterium_bohemicum,11505,11534,29
Mycobacterium_bohemicum,11566,11567,1
Mycobacterium_bohemicum,11590,11591,1
Mycobacterium_bohemicum,11782,11783,1
Mycobacterium_bohemicum,11823,11824,1
Mycobacterium_bohemicum,11826,11827,1
Mycobacterium_bohemicum,11831,11836,5
Mycobacterium_bohemicum,11841,11843,2
Mycobacterium_bohemicum,11848,11850,2
Mycobacterium_bohemicum,11851,11852,1
Mycobacterium_bohemicum,11859,11860,1
Mycobacterium_bohemicum,11864,11866,2
Mycobacterium_bohemicum,11877,11878,1
Mycobacterium_bohemicum,11993,11994,1
Mycobacterium_bohemicum,12029,12030,1
Mycobacterium_bohemicum,12068,12069,1
Mycobacterium_bohemicum,12207,12208,1
Mycobacterium_bohemicum,12211,12212,1
Mycobacterium_bohemicum,12213,12215,2
Mycobacterium_bohemicum,12218,12222,4
Mycobacterium_bohemicum,12225,12227,2
Mycobacterium_bohemicum,12237,12238,1
Mycobacterium_bohemicum,12360,12369,9
Mycobacterium_bohemicum,12371,12380,9
Mycobacterium_bohemicum,12384,12390,6
Mycobacterium_bohemicum,12391,12400,9
Mycobacterium_bohemicum,12454,12455,1
Mycobacterium_bohemicum,12739,12740,1
Mycobacterium_bohemicum,12798,12925,127
Mycobacterium_bohemicum,13451,13452,1
Mycobacterium_bohemicum,13453,13454,1
Mycobacterium_bohemicum,13508,13509,1
Mycolicibacterium_neworleansense,1,10,9
Mycolicibacterium_neworleansense,21,39,18
Mycolicibacterium_neworleansense,43,46,3
Mycolicibacterium_neworleansense,48,110,62
Mycolicibacterium_neworleansense,117,132,15
Mycolicibacterium_neworleansense,133,136,3
Mycolicibacterium_neworleansense,346,349,3
Mycolicibacterium_neworleansense,1542,1691,149
Mycolicibacterium_neworleansense,3265,3268,3
Mycolicibacterium_neworleansense,3317,3381,64
Mycolicibacterium_neworleansense,3409,3421,12
Mycolicibacterium_neworleansense,3424,3478,54
Mycolicibacterium_neworleansense,3485,3491,6
Mycolicibacterium_neworleansense,3642,3645,3
Mycolicibacterium_neworleansense,3650,3653,3
Mycolicibacterium_neworleansense,3655,3667,12
Mycolicibacterium_neworleansense,3782,3788,6
Mycolicibacterium_neworleansense,4400,4406,6
Mycolicibacterium_neworleansense,4407,4413,6
Mycolicibacterium_neworleansense,4417,4426,9
Mycolicibacterium_neworleansense,4432,4445,13
Mycolicibacterium_neworleansense,4452,4455,3
Mycolicibacterium_neworleansense,4456,4462,6
Mycolicibacterium_neworleansense,4468,4474,6
Mycolicibacterium_neworleansense,4475,4481,6
Mycolicibacterium_neworleansense,4483,4486,3
Mycolicibacterium_neworleansense,4540,4552,12
Mycolicibacterium_neworleansense,4555,4564,9
Mycolicibacterium_neworleansense,4567,4573,6
Mycolicibacterium_neworleansense,4582,4585,3
Mycolicibacterium_neworleansense,5163,5169,6
Mycolicibacterium_neworleansense,5170,5179,9
Mycolicibacterium_neworleansense,5181,5190,9
Mycolicibacterium_neworleansense,5197,5199,2
Mycolicibacterium_neworleansense,5201,5204,3
Mycolicibacterium_neworleansense,5206,5214,8
Mycolicibacterium_neworleansense,5218,5230,12
Mycolicibacterium_neworleansense,5231,5241,10
Mycolicibacterium_neworleansense,5247,5253,6
Mycolicibacterium_neworleansense,5401,5402,1
Mycolicibacterium_neworleansense,6015,6016,1
Mycolicibacterium_neworleansense,6431,6452,21
Mycolicibacterium_neworleansense,6456,6462,6
Mycolicibacterium_neworleansense,6470,6494,24
Mycolicibacterium_neworleansense,7178,7254,76
Mycolicibacterium_neworleansense,7260,7268,8
Mycolicibacterium_neworleansense,7760,7763,3
Mycolicibacterium_neworleansense,8452,8500,48
Mycolicibacterium_neworleansense,8577,8578,1
Mycolicibacterium_neworleansense,8584,8599,15
Mycolicibacterium_neworleansense,8600,8604,4
Mycolicibacterium_neworleansense,8609,8610,1
Mycolicibacterium_neworleansense,8661,8662,1
Mycolicibacterium_neworleansense,8703,8704,1
Mycolicibacterium_neworleansense,8720,8721,1
Mycolicibacterium_neworleansense,8733,8735,2
Mycolicibacterium_neworleansense,8739,8742,3
Mycolicibacterium_neworleansense,8930,8931,1
Mycolicibacterium_neworleansense,8980,8982,2
Mycolicibacterium_neworleansense,8984,8998,14
Mycolicibacterium_neworleansense,9120,9121,1
Mycolicibacterium_neworleansense,9370,9372,2
Mycolicibacterium_neworleansense,9546,9547,1
Mycolicibacterium_neworleansense,9812,9813,1
Mycolicibacterium_neworleansense,9982,9984,2
Mycolicibacterium_neworleansense,9985,9986,1
Mycolicibacterium_neworleansense,10157,10158,1
Mycolicibacterium_neworleansense,10261,10262,1
Mycolicibacterium_neworleansense,10310,10312,2
Mycolicibacterium_neworleansense,10313,10314,1
Mycolicibacterium_neworleansense,10325,10326,1
Mycolicibacterium_neworleansense,10370,10371,1
Mycolicibacterium_neworleansense,10416,10417,1
Mycolicibacterium_neworleansense,10434,10435,1
Mycolicibacterium_neworleansense,10448,10449,1
Mycolicibacterium_neworleansense,10476,10477,1
Mycolicibacterium_neworleansense,10491,10492,1
Mycolicibacterium_neworleansense,10526,10527,1
Mycolicibacterium_neworleansense,10547,10649,102
Mycolicibacterium_neworleansense,10828,10830,2
Mycolicibacterium_neworleansense,10835,10843,8
Mycolicibacterium_neworleansense,10864,10865,1
Mycolicibacterium_neworleansense,10914,10915,1
Mycolicibacterium_neworleansense,10965,10966,1
Mycolicibacterium_neworleansense,10971,10975,4
Mycolicibacterium_neworleansense,11085,11086,1
Mycolicibacterium_neworleansense,11143,11144,1
Mycolicibacterium_neworleansense,11243,11244,1
Mycolicibacterium_neworleansense,11260,11261,1
Mycolicibacterium_neworleansense,11286,11287,1
Mycolicibacterium_neworleansense,11312,11313,1
Mycolicibacterium_neworleansense,11473,11474,1
Mycolicibacterium_neworleansense,11505,11512,7
Mycolicibacterium_neworleansense,11513,11514,1
Mycolicibacterium_neworleansense,11520,11521,1
Mycolicibacterium_neworleansense,11524,11540,16
Mycolicibacterium_neworleansense,11566,11567,1
Mycolicibacterium_neworleansense,11782,11783,1
Mycolicibacterium_neworleansense,11823,11824,1
Mycolicibacterium_neworleansense,11826,11827,1
Mycolicibacterium_neworleansense,11831,11836,5
Mycolicibacterium_neworleansense,11846,11850,4
Mycolicibacterium_neworleansense,11851,11852,1
Mycolicibacterium_neworleansense,11859,11860,1
Mycolicibacterium_neworleansense,11864,11865,1
Mycolicibacterium_neworleansense,11877,11878,1
Mycolicibacterium_neworleansense,11993,11994,1
Mycolicibacterium_neworleansense,12029,12030,1
Mycolicibacterium_neworleansense,12068,12069,1
Mycolicibacterium_neworleansense,12207,12208,1
Mycolicibacterium_neworleansense,12211,12212,1
Mycolicibacterium_neworleansense,12213,12214,1
Mycolicibacterium_neworleansense,12218,12222,4
Mycolicibacterium_neworleansense,12226,12227,1
Mycolicibacterium_neworleansense,12237,12238,1
Mycolicibacterium_neworleansense,12360,12372,12
Mycolicibacterium_neworleansense,12374,12375,1
Mycolicibacterium_neworleansense,12378,12381,3
Mycolicibacterium_neworleansense,12384,12390,6
Mycolicibacterium_neworleansense,12391,12400,9
Mycolicibacterium_neworleansense,12454,12455,1
Mycolicibacterium_neworleansense,12739,12740,1
Mycolicibacterium_neworleansense,12798,12925,127
Mycolicibacterium_neworleansense,13451,13452,1
Mycolicibacterium_neworleansense,13453,13454,1
Mycolicibacterium_neworleansense,13508,13509,1
Mycobacterium_europaeum,1,10,9
Mycobacterium_europaeum,21,39,18
Mycobacterium_europaeum,43,46,3
Mycobacterium_europaeum,62,71,9
Mycobacterium_europaeum,87,107,20
Mycobacterium_europaeum,117,132,15
Mycobacterium_europaeum,133,136,3
Mycobacterium_europaeum,346,349,3
Mycobacterium_europaeum,1542,1583,41
Mycobacterium_europaeum,1587,1676,89
Mycobacterium_europaeum,1678,1691,13
Mycobacterium_europaeum,3317,3381,64
Mycobacterium_europaeum,3414,3420,6
Mycobacterium_europaeum,3424,3460,36
Mycobacterium_europaeum,3476,3479,3
Mycobacterium_europaeum,3485,3491,6
Mycobacterium_europaeum,3642,3645,3
Mycobacterium_europaeum,3650,3653,3
Mycobacterium_europaeum,3655,3667,12
Mycobacterium_europaeum,3782,3788,6
Mycobacterium_europaeum,4400,4406,6
Mycobacterium_europaeum,4407,4413,6
Mycobacterium_europaeum,4417,4426,9
Mycobacterium_europaeum,4432,4445,13
Mycobacterium_europaeum,4452,4455,3
Mycobacterium_europaeum,4456,4462,6
Mycobacterium_europaeum,4468,4480,12
Mycobacterium_europaeum,4483,4486,3
Mycobacterium_europaeum,4555,4564,9
Mycobacterium_europaeum,4567,4573,6
Mycobacterium_europaeum,5163,5169,6
Mycobacterium_europaeum,5170,5179,9
Mycobacterium_europaeum,5181,5190,9
Mycobacterium_europaeum,5197,5199,2
Mycobacterium_europaeum,5201,5204,3
Mycobacterium_europaeum,5206,5214,8
Mycobacterium_europaeum,5218,5230,12
Mycobacterium_europaeum,5231,5241,10
Mycobacterium_europaeum,5247,5253,6
Mycobacterium_europaeum,5401,5402,1
Mycobacterium_europaeum,6015,6016,1
Mycobacterium_europaeum,6428,6464,36
Mycobacterium_europaeum,6470,6494,24
Mycobacterium_europaeum,7178,7254,76
Mycobacterium_europaeum,7260,7268,8
Mycobacterium_europaeum,7760,7763,3
Mycobacterium_europaeum,8452,8500,48
Mycobacterium_europaeum,8577,8578,1
Mycobacterium_europaeum,8584,8599,15
Mycobacterium_europaeum,8601,8603,2
Mycobacterium_europaeum,8609,8610,1
Mycobacterium_europaeum,8661,8662,1
Mycobacterium_europaeum,8703,8704,1
Mycobacterium_europaeum,8720,8721,1
Mycobacterium_europaeum,8733,8735,2
Mycobacterium_europaeum,8739,8742,3
Mycobacterium_europaeum,8930,8931,1
Mycobacterium_europaeum,8980,8982,2
Mycobacterium_europaeum,8987,9001,14
Mycobacterium_europaeum,9120,9121,1
Mycobacterium_europaeum,9370,9372,2
Mycobacterium_europaeum,9546,9547,1
Mycobacterium_europaeum,9812,9813,1
Mycobacterium_europaeum,9982,9986,4
Mycobacterium_europaeum,10076,10078,2
Mycobacterium_europaeum,10157,10158,1
Mycobacterium_europaeum,10261,10262,1
Mycobacterium_europaeum,10310,10312,2
Mycobacterium_europaeum,10313,10315,2
Mycobacterium_europaeum,10325,10326,1
Mycobacterium_europaeum,10352,10353,1
Mycobacterium_europaeum,10370,10371,1
Mycobacterium_europaeum,10434,10435,1
Mycobacterium_europaeum,10448,10449,1
Mycobacterium_europaeum,10476,10477,1
Mycobacterium_europaeum,10491,10492,1
Mycobacterium_europaeum,10526,10527,1
Mycobacterium_europaeum,10546,10649,103
Mycobacterium_europaeum,10828,10830,2
Mycobacterium_europaeum,10832,10846,14
Mycobacterium_europaeum,10864,10865,1
Mycobacterium_europaeum,10914,10915,1
Mycobacterium_europaeum,10965,10977,12
Mycobacterium_europaeum,11085,11086,1
Mycobacterium_europaeum,11143,11144,1
Mycobacterium_europaeum,11243,11244,1
Mycobacterium_europaeum,11260,11261,1
Mycobacterium_europaeum,11262,11263,1
Mycobacterium_europaeum,11265,11267,2
Mycobacterium_europaeum,11286,11287,1
Mycobacterium_europaeum,11312,11313,1
Mycobacterium_europaeum,11473,11474,1
Mycobacterium_europaeum,11505,11534,29
Mycobacterium_europaeum,11566,11567,1
Mycobacterium_europaeum,11782,11783,1
Mycobacterium_europaeum,11823,11824,1
Mycobacterium_europaeum,11826,11827,1
Mycobacterium_europaeum,11831,11836,5
Mycobacterium_europaeum,11848,11850,2
Mycobacterium_europaeum,11851,11852,1
Mycobacterium_europaeum,11859,11860,1
Mycobacterium_europaeum,11862,11866,4
Mycobacterium_europaeum,11877,11878,1
Mycobacterium_europaeum,11993,11994,1
Mycobacterium_europaeum,12029,12030,1
Mycobacterium_europaeum,12068,12069,1
Mycobacterium_europaeum,12207,12208,1
Mycobacterium_europaeum,12211,12212,1
Mycobacterium_europaeum,12213,12214,1
Mycobacterium_europaeum,12218,12222,4
Mycobacterium_europaeum,12225,12227,2
Mycobacterium_europaeum,12237,12238,1
Mycobacterium_europaeum,12360,12369,9
Mycobacterium_europaeum,12371,12380,9
Mycobacterium_europaeum,12384,12390,6
Mycobacterium_europaeum,12391,12400,9
Mycobacterium_europaeum,12454,12455,1
Mycobacterium_europaeum,12738,12740,2
Mycobacterium_europaeum,12798,12925,127
Mycobacterium_europaeum,13451,13452,1
Mycobacterium_europaeum,13453,13454,1
Mycobacterium_europaeum,13508,13509,1
Mycolicibacterium_peregrinum,1,10,9
Mycolicibacterium_peregrinum,21,39,18
Mycolicibacterium_peregrinum,43,46,3
Mycolicibacterium_peregrinum,48,110,62
Mycolicibacterium_peregrinum,117,132,15
Mycolicibacterium_peregrinum,133,136,3
Mycolicibacterium_peregrinum,346,349,3
Mycolicibacterium_peregrinum,1542,1691,149
Mycolicibacterium_peregrinum,3265,3268,3
Mycolicibacterium_peregrinum,3317,3361,44
Mycolicibacterium_peregrinum,3364,3365,1
Mycolicibacterium_peregrinum,3373,3374,1
Mycolicibacterium_peregrinum,3403,3406,3
Mycolicibacterium_peregrinum,3409,3421,12
Mycolicibacterium_peregrinum,3424,3478,54
Mycolicibacterium_peregrinum,3485,3491,6
Mycolicibacterium_peregrinum,3642,3645,3
Mycolicibacterium_peregrinum,3650,3653,3
Mycolicibacterium_peregrinum,3655,3667,12
Mycolicibacterium_peregrinum,3782,3788,6
Mycolicibacterium_peregrinum,4400,4406,6
Mycolicibacterium_peregrinum,4407,4413,6
Mycolicibacterium_peregrinum,4417,4426,9
Mycolicibacterium_peregrinum,4432,4445,13
Mycolicibacterium_peregrinum,4452,4455,3
Mycolicibacterium_peregrinum,4456,4462,6
Mycolicibacterium_peregrinum,4468,4474,6
Mycolicibacterium_peregrinum,4475,4481,6
Mycolicibacterium_peregrinum,4483,4486,3
Mycolicibacterium_peregrinum,4540,4552,12
Mycolicibacterium_peregrinum,4555,4564,9
Mycolicibacterium_peregrinum,4567,4573,6
Mycolicibacterium_peregrinum,4582,4585,3
Mycolicibacterium_peregrinum,5163,5169,6
Mycolicibacterium_peregrinum,5170,5179,9
Mycolicibacterium_peregrinum,5181,5190,9
Mycolicibacterium_peregrinum,5197,5199,2
Mycolicibacterium_peregrinum,5201,5204,3
Mycolicibacterium_peregrinum,5206,5214,8
Mycolicibacterium_peregrinum,5218,5230,12
Mycolicibacterium_peregrinum,5231,5241,10
Mycolicibacterium_peregrinum,5247,5253,6
Mycolicibacterium_peregrinum,5401,5402,1
Mycolicibacterium_peregrinum,6015,6016,1
Mycolicibacterium_peregrinum,6431,6452,21
Mycolicibacterium_peregrinum,6456,6462,6
Mycolicibacterium_peregrinum,6470,6494,24
Mycolicibacterium_peregrinum,7178,7254,76
Mycolicibacterium_peregrinum,7260,7268,8
Mycolicibacterium_peregrinum,7760,7763,3
Mycolicibacterium_peregrinum,8452,8500,48
Mycolicibacterium_peregrinum,8577,8578,1
Mycolicibacterium_peregrinum,8584,8599,15
Mycolicibacterium_peregrinum,8600,8604,4
Mycolicibacterium_peregrinum,8609,8610,1
Mycolicibacterium_peregrinum,8661,8662,1
Mycolicibacterium_peregrinum,8703,8704,1
Mycolicibacterium_peregrinum,8720,8721,1
Mycolicibacterium_peregrinum,8733,8735,2
Mycolicibacterium_peregrinum,8739,8742,3
Mycolicibacterium_peregrinum,8930,8931,1
Mycolicibacterium_peregrinum,8980,8982,2
Mycolicibacterium_peregrinum,8984,8998,14
Mycolicibacterium_peregrinum,9120,9121,1
Mycolicibacterium_peregrinum,9370,9372,2
Mycolicibacterium_peregrinum,9546,9547,1
Mycolicibacterium_peregrinum,9812,9813,1
Mycolicibacterium_peregrinum,9982,9984,2
Mycolicibacterium_peregrinum,9985,9986,1
Mycolicibacterium_peregrinum,10076,10078,2
Mycolicibacterium_peregrinum,10157,10158,1
Mycolicibacterium_peregrinum,10261,10262,1
Mycolicibacterium_peregrinum,10310,10312,2
Mycolicibacterium_peregrinum,10313,10315,2
Mycolicibacterium_peregrinum,10325,10326,1
Mycolicibacterium_peregrinum,10370,10371,1
Mycolicibacterium_peregrinum,10416,10417,1
Mycolicibacterium_peregrinum,10434,10435,1
Mycolicibacterium_peregrinum,10448,10449,1
Mycolicibacterium_peregrinum,10476,10477,1
Mycolicibacterium_peregrinum,10491,10492,1
Mycolicibacterium_peregrinum,10526,10527,1
Mycolicibacterium_peregrinum,10547,10649,102
Mycolicibacterium_peregrinum,10829,10830,1
Mycolicibacterium_peregrinum,10835,10843,8
Mycolicibacterium_peregrinum,10864,10865,1
Mycolicibacterium_peregrinum,10914,10915,1
Mycolicibacterium_peregrinum,10965,10966,1
Mycolicibacterium_peregrinum,10971,10975,4
Mycolicibacterium_peregrinum,11085,11086,1
Mycolicibacterium_peregrinum,11143,11144,1
Mycolicibacterium_peregrinum,11243,11244,1
Mycolicibacterium_peregrinum,11260,11261,1
Mycolicibacterium_peregrinum,11286,11287,1
Mycolicibacterium_peregrinum,11312,11313,1
Mycolicibacterium_peregrinum,11473,11474,1
Mycolicibacterium_peregrinum,11505,11512,7
Mycolicibacterium_peregrinum,11513,11514,1
Mycolicibacterium_peregrinum,11520,11521,1
Mycolicibacterium_peregrinum,11524,11540,16
Mycolicibacterium_peregrinum,11566,11567,1
Mycolicibacterium_peregrinum,11782,11783,1
Mycolicibacterium_peregrinum,11823,11824,1
Mycolicibacterium_peregrinum,11826,11827,1
Mycolicibacterium_peregrinum,11831,11836,5
Mycolicibacterium_peregrinum,11846,11850,4
Mycolicibacterium_peregrinum,11851,11852,1
Mycolicibacterium_peregrinum,11859,11860,1
Mycolicibacterium_peregrinum,11864,11865,1
Mycolicibacterium_peregrinum,11877,11878,1
Mycolicibacterium_peregrinum,11993,11995,2
Mycolicibacterium_peregrinum,12029,12030,1
Mycolicibacterium_peregrinum,12068,12069,1
Mycolicibacterium_peregrinum,12207,12208,1
Mycolicibacterium_peregrinum,12211,12212,1
Mycolicibacterium_peregrinum,12213,12214,1
Mycolicibacterium_peregrinum,12218,12222,4
Mycolicibacterium_peregrinum,12226,12227,1
Mycolicibacterium_peregrinum,12237,12238,1
Mycolicibacterium_peregrinum,12360,12372,12
Mycolicibacterium_peregrinum,12374,12375,1
Mycolicibacterium_peregrinum,12378,12381,3
Mycolicibacterium_peregrinum,12384,12390,6
Mycolicibacterium_peregrinum,12391,12400,9
Mycolicibacterium_peregrinum,12454,12455,1
Mycolicibacterium_peregrinum,12739,12740,1
Mycolicibacterium_peregrinum,12798,12925,127
Mycolicibacterium_peregrinum,13451,13452,1
Mycolicibacterium_peregrinum,13453,13454,1
Mycolicibacterium_peregrinum,13508,13509,1
Mycolicibacterium_novocastrense,1,10,9
Mycolicibacterium_novocastrense,21,39,18
Mycolicibacterium_novocastrense,43,46,3
Mycolicibacterium_novocastrense,60,107,47
Mycolicibacterium_novocastrense,117,132,15
Mycolicibacterium_novocastrense,133,136,3
Mycolicibacterium_novocastrense,346,349,3
Mycolicibacterium_novocastrense,1542,1545,3
Mycolicibacterium_novocastrense,1572,1604,32
Mycolicibacterium_novocastrense,1632,1650,18
Mycolicibacterium_novocastrense,1664,1676,12
Mycolicibacterium_novocastrense,3317,3381,64
Mycolicibacterium_novocastrense,3409,3478,69
Mycolicibacterium_novocastrense,3485,3491,6
Mycolicibacterium_novocastrense,3642,3645,3
Mycolicibacterium_novocastrense,3650,3653,3
Mycolicibacterium_novocastrense,3655,3667,12
Mycolicibacterium_novocastrense,3782,3788,6
Mycolicibacterium_novocastrense,4407,4413,6
Mycolicibacterium_novocastrense,4417,4426,9
Mycolicibacterium_novocastrense,4432,4445,13
Mycolicibacterium_novocastrense,4452,4455,3
Mycolicibacterium_novocastrense,4456,4462,6
Mycolicibacterium_novocastrense,4463,4466,3
Mycolicibacterium_novocastrense,4468,4474,6
Mycolicibacterium_novocastrense,4475,4481,6
Mycolicibacterium_novocastrense,4483,4486,3
Mycolicibacterium_novocastrense,4540,4552,12
Mycolicibacterium_novocastrense,4555,4564,9
Mycolicibacterium_novocastrense,4567,4573,6
Mycolicibacterium_novocastrense,4582,4585,3
Mycolicibacterium_novocastrense,5163,5169,6
Mycolicibacterium_novocastrense,5170,5179,9
Mycolicibacterium_novocastrense,5181,5190,9
Mycolicibacterium_novocastrense,5197,5199,2
Mycolicibacterium_novocastrense,5201,5204,3
Mycolicibacterium_novocastrense,5206,5214,8
Mycolicibacterium_novocastrense,5218,5230,12
Mycolicibacterium_novocastrense,5231,5241,10
Mycolicibacterium_novocastrense,5247,5253,6
Mycolicibacterium_novocastrense,5401,5402,1
Mycolicibacterium_novocastrense,6015,6016,1
Mycolicibacterium_novocastrense,6431,6467,36
Mycolicibacterium_novocastrense,6470,6494,24
Mycolicibacterium_novocastrense,7178,7254,76
Mycolicibacterium_novocastrense,7260,7268,8
Mycolicibacterium_novocastrense,7760,7763,3
Mycolicibacterium_novocastrense,8452,8500,48
Mycolicibacterium_novocastrense,8577,8578,1
Mycolicibacterium_novocastrense,8584,8599,15
Mycolicibacterium_novocastrense,8601,8603,2
Mycolicibacterium_novocastrense,8609,8610,1
Mycolicibacterium_novocastrense,8661,8662,1
Mycolicibacterium_novocastrense,8717,8718,1
Mycolicibacterium_novocastrense,8733,8735,2
Mycolicibacterium_novocastrense,8739,8742,3
Mycolicibacterium_novocastrense,8930,8931,1
Mycolicibacterium_novocastrense,8980,8982,2
Mycolicibacterium_novocastrense,8984,8998,14
Mycolicibacterium_novocastrense,9120,9121,1
Mycolicibacterium_novocastrense,9370,9372,2
Mycolicibacterium_novocastrense,9546,9547,1
Mycolicibacterium_novocastrense,9812,9813,1
Mycolicibacterium_novocastrense,9985,9986,1
Mycolicibacterium_novocastrense,10076,10078,2
Mycolicibacterium_novocastrense,10157,10158,1
Mycolicibacterium_novocastrense,10261,10262,1
Mycolicibacterium_novocastrense,10310,10312,2
Mycolicibacterium_novocastrense,10313,10315,2
Mycolicibacterium_novocastrense,10325,10326,1
Mycolicibacterium_novocastrense,10370,10371,1
Mycolicibacterium_novocastrense,10434,10435,1
Mycolicibacterium_novocastrense,10448,10449,1
Mycolicibacterium_novocastrense,10461,10462,1
Mycolicibacterium_novocastrense,10476,10477,1
Mycolicibacterium_novocastrense,10491,10492,1
Mycolicibacterium_novocastrense,10548,10649,101
Mycolicibacterium_novocastrense,10828,10830,2
Mycolicibacterium_novocastrense,10835,10836,1
Mycolicibacterium_novocastrense,10837,10843,6
Mycolicibacterium_novocastrense,10864,10865,1
Mycolicibacterium_novocastrense,10914,10915,1
Mycolicibacterium_novocastrense,10965,10966,1
Mycolicibacterium_novocastrense,10971,10975,4
Mycolicibacterium_novocastrense,11085,11086,1
Mycolicibacterium_novocastrense,11143,11144,1
Mycolicibacterium_novocastrense,11243,11244,1
Mycolicibacterium_novocastrense,11260,11261,1
Mycolicibacterium_novocastrense,11265,11267,2
Mycolicibacterium_novocastrense,11286,11287,1
Mycolicibacterium_novocastrense,11312,11313,1
Mycolicibacterium_novocastrense,11473,11474,1
Mycolicibacterium_novocastrense,11505,11512,7
Mycolicibacterium_novocastrense,11513,11515,2
Mycolicibacterium_novocastrense,11520,11521,1
Mycolicibacterium_novocastrense,11523,11524,1
Mycolicibacterium_novocastrense,11530,11538,8
Mycolicibacterium_novocastrense,11566,11567,1
Mycolicibacterium_novocastrense,11782,11783,1
Mycolicibacterium_novocastrense,11823,11824,1
Mycolicibacterium_novocastrense,11826,11827,1
Mycolicibacterium_novocastrense,11831,11836,5
Mycolicibacterium_novocastrense,11846,11850,4
Mycolicibacterium_novocastrense,11851,11852,1
Mycolicibacterium_novocastrense,11859,11860,1
Mycolicibacterium_novocastrense,11864,11866,2
Mycolicibacterium_novocastrense,11877,11878,1
Mycolicibacterium_novocastrense,11993,11995,2
Mycolicibacterium_novocastrense,12029,12030,1
Mycolicibacterium_novocastrense,12068,12069,1
Mycolicibacterium_novocastrense,12207,12208,1
Mycolicibacterium_novocastrense,12211,12212,1
Mycolicibacterium_novocastrense,12213,12214,1
Mycolicibacterium_novocastrense,12218,12222,4
Mycolicibacterium_novocastrense,12226,12227,1
Mycolicibacterium_novocastrense,12237,12238,1
Mycolicibacterium_novocastrense,12360,12369,9
Mycolicibacterium_novocastrense,12371,12372,1
Mycolicibacterium_novocastrense,12374,12377,3
Mycolicibacterium_novocastrense,12378,12381,3
Mycolicibacterium_novocastrense,12384,12390,6
Mycolicibacterium_novocastrense,12391,12400,9
Mycolicibacterium_novocastrense,12454,12455,1
Mycolicibacterium_novocastrense,12739,12740,1
Mycolicibacterium_novocastrense,12798,12925,127
Mycolicibacterium_novocastrense,13453,13454,1
Mycolicibacterium_novocastrense,13508,13509,1
Mycobacterium_lehmannii,1,10,9
Mycobacterium_lehmannii,21,39,18
Mycobacterium_lehmannii,43,46,3
Mycobacterium_lehmannii,60,107,47
Mycobacterium_lehmannii,117,132,15
Mycobacterium_lehmannii,133,136,3
Mycobacterium_lehmannii,346,349,3
Mycobacterium_lehmannii,1542,1545,3
Mycobacterium_lehmannii,1572,1604,32
Mycobacterium_lehmannii,1632,1650,18
Mycobacterium_lehmannii,1664,1676,12
Mycobacterium_lehmannii,3317,3361,44
Mycobacterium_lehmannii,3364,3365,1
Mycobacterium_lehmannii,3373,3374,1
Mycobacterium_lehmannii,3409,3478,69
Mycobacterium_lehmannii,3485,3491,6
Mycobacterium_lehmannii,3642,3645,3
Mycobacterium_lehmannii,3650,3653,3
Mycobacterium_lehmannii,3655,3667,12
Mycobacterium_lehmannii,3782,3788,6
Mycobacterium_lehmannii,4407,4413,6
Mycobacterium_lehmannii,4417,4426,9
Mycobacterium_lehmannii,4432,4445,13
Mycobacterium_lehmannii,4452,4455,3
Mycobacterium_lehmannii,4456,4462,6
Mycobacterium_lehmannii,4463,4466,3
Mycobacterium_lehmannii,4468,4474,6
Mycobacterium_lehmannii,4475,4481,6
Mycobacterium_lehmannii,4483,4486,3
Mycobacterium_lehmannii,4540,4552,12
Mycobacterium_lehmannii,4555,4564,9
Mycobacterium_lehmannii,4567,4573,6
Mycobacterium_lehmannii,4582,4585,3
Mycobacterium_lehmannii,5163,5169,6
Mycobacterium_lehmannii,5170,5179,9
Mycobacterium_lehmannii,5181,5190,9
Mycobacterium_lehmannii,5197,5199,2
Mycobacterium_lehmannii,5201,5204,3
Mycobacterium_lehmannii,5206,5214,8
Mycobacterium_lehmannii,5218,5230,12
Mycobacterium_lehmannii,5231,5241,10
Mycobacterium_lehmannii,5247,5253,6
Mycobacterium_lehmannii,5401,5402,1
Mycobacterium_lehmannii,6015,6016,1
Mycobacterium_lehmannii,6431,6467,36
Mycobacterium_lehmannii,6470,6494,24
Mycobacterium_lehmannii,7178,7254,76
Mycobacterium_lehmannii,7260,7268,8
Mycobacterium_lehmannii,7760,7763,3
Mycobacterium_lehmannii,8452,8500,48
Mycobacterium_lehmannii,8577,8578,1
Mycobacterium_lehmannii,8584,8599,15
Mycobacterium_lehmannii,8601,8603,2
Mycobacterium_lehmannii,8609,8610,1
Mycobacterium_lehmannii,8661,8662,1
Mycobacterium_lehmannii,8733,8735,2
Mycobacterium_lehmannii,8739,8742,3
Mycobacterium_lehmannii,8930,8931,1
Mycobacterium_lehmannii,8980,8982,2
Mycobacterium_lehmannii,8984,8998,14
Mycobacterium_lehmannii,9120,9121,1
Mycobacterium_lehmannii,9370,9372,2
Mycobacterium_lehmannii,9546,9547,1
Mycobacterium_lehmannii,9812,9813,1
Mycobacterium_lehmannii,9985,9986,1
Mycobacterium_lehmannii,10076,10078,2
Mycobacterium_lehmannii,10157,10158,1
Mycobacterium_lehmannii,10261,10262,1
Mycobacterium_lehmannii,10310,10312,2
Mycobacterium_lehmannii,10313,10315,2
Mycobacterium_lehmannii,10325,10326,1
Mycobacterium_lehmannii,10370,10371,1
Mycobacterium_lehmannii,10416,10417,1
Mycobacterium_lehmannii,10434,10435,1
Mycobacterium_lehmannii,10448,10449,1
Mycobacterium_lehmannii,10461,10462,1
Mycobacterium_lehmannii,10476,10477,1
Mycobacterium_lehmannii,10491,10492,1
Mycobacterium_lehmannii,10526,10527,1
Mycobacterium_lehmannii,10546,10649,103
Mycobacterium_lehmannii,10828,10830,2
Mycobacterium_lehmannii,10837,10843,6
Mycobacterium_lehmannii,10864,10865,1
Mycobacterium_lehmannii,10914,10915,1
Mycobacterium_lehmannii,10965,10966,1
Mycobacterium_lehmannii,10971,10975,4
Mycobacterium_lehmannii,11085,11086,1
Mycobacterium_lehmannii,11143,11144,1
Mycobacterium_lehmannii,11243,11244,1
Mycobacterium_lehmannii,11260,11261,1
Mycobacterium_lehmannii,11265,11267,2
Mycobacterium_lehmannii,11286,11287,1
Mycobacterium_lehmannii,11312,11313,1
Mycobacterium_lehmannii,11473,11474,1
Mycobacterium_lehmannii,11505,11512,7
Mycobacterium_lehmannii,11513,11515,2
Mycobacterium_lehmannii,11520,11521,1
Mycobacterium_lehmannii,11523,11525,2
Mycobacterium_lehmannii,11530,11538,8
Mycobacterium_lehmannii,11566,11567,1
Mycobacterium_lehmannii,11782,11783,1
Mycobacterium_lehmannii,11823,11824,1
Mycobacterium_lehmannii,11826,11827,1
Mycobacterium_lehmannii,11831,11836,5
Mycobacterium_lehmannii,11846,11850,4
Mycobacterium_lehmannii,11851,11852,1
Mycobacterium_lehmannii,11859,11860,1
Mycobacterium_lehmannii,11864,11866,2
Mycobacterium_lehmannii,11877,11878,1
Mycobacterium_lehmannii,11993,11994,1
Mycobacterium_lehmannii,12029,12030,1
Mycobacterium_lehmannii,12068,12069,1
Mycobacterium_lehmannii,12207,12208,1
Mycobacterium_lehmannii,12211,12212,1
Mycobacterium_lehmannii,12213,12214,1
Mycobacterium_lehmannii,12218,12222,4
Mycobacterium_lehmannii,12226,12227,1
Mycobacterium_lehmannii,12237,12238,1
Mycobacterium_lehmannii,12360,12369,9
Mycobacterium_lehmannii,12371,12372,1
Mycobacterium_lehmannii,12374,12375,1
Mycobacterium_lehmannii,12378,12381,3
Mycobacterium_lehmannii,12384,12390,6
Mycobacterium_lehmannii,12391,12400,9
Mycobacterium_lehmannii,12454,12455,1
Mycobacterium_lehmannii,12739,12740,1
Mycobacterium_lehmannii,12798,12925,127
Mycobacterium_lehmannii,13453,13454,1
Mycobacterium_lehmannii,13508,13509,1
Mycolicibacterium_wolinskyi,1,10,9
Mycolicibacterium_wolinskyi,21,39,18
Mycolicibacterium_wolinskyi,43,46,3
Mycolicibacterium_wolinskyi,48,110,62
Mycolicibacterium_wolinskyi,117,132,15
Mycolicibacterium_wolinskyi,133,136,3
Mycolicibacterium_wolinskyi,346,349,3
Mycolicibacterium_wolinskyi,1542,1691,149
Mycolicibacterium_wolinskyi,3317,3381,64
Mycolicibacterium_wolinskyi,3403,3406,3
Mycolicibacterium_wolinskyi,3409,3421,12
Mycolicibacterium_wolinskyi,3424,3478,54
Mycolicibacterium_wolinskyi,3485,3491,6
Mycolicibacterium_wolinskyi,3642,3645,3
Mycolicibacterium_wolinskyi,3650,3653,3
Mycolicibacterium_wolinskyi,3655,3667,12
Mycolicibacterium_wolinskyi,3782,3788,6
Mycolicibacterium_wolinskyi,4400,4406,6
Mycolicibacterium_wolinskyi,4407,4413,6
Mycolicibacterium_wolinskyi,4417,4426,9
Mycolicibacterium_wolinskyi,4432,4445,13
Mycolicibacterium_wolinskyi,4452,4455,3
Mycolicibacterium_wolinskyi,4456,4462,6
Mycolicibacterium_wolinskyi,4468,4474,6
Mycolicibacterium_wolinskyi,4475,4481,6
Mycolicibacterium_wolinskyi,4483,4486,3
Mycolicibacterium_wolinskyi,4540,4552,12
Mycolicibacterium_wolinskyi,4555,4564,9
Mycolicibacterium_wolinskyi,4567,4573,6
Mycolicibacterium_wolinskyi,4582,4585,3
Mycolicibacterium_wolinskyi,5163,5169,6
Mycolicibacterium_wolinskyi,5170,5179,9
Mycolicibacterium_wolinskyi,5181,5190,9
Mycolicibacterium_wolinskyi,5197,5199,2
Mycolicibacterium_wolinskyi,5201,5204,3
Mycolicibacterium_wolinskyi,5206,5214,8
Mycolicibacterium_wolinskyi,5218,5230,12
Mycolicibacterium_wolinskyi,5231,5241,10
Mycolicibacterium_wolinskyi,5247,5253,6
Mycolicibacterium_wolinskyi,5401,5402,1
Mycolicibacterium_wolinskyi,6015,6016,1
Mycolicibacterium_wolinskyi,6431,6452,21
Mycolicibacterium_wolinskyi,6456,6462,6
Mycolicibacterium_wolinskyi,6470,6494,24
Mycolicibacterium_wolinskyi,7178,7254,76
Mycolicibacterium_wolinskyi,7260,7268,8
Mycolicibacterium_wolinskyi,7760,7763,3
Mycolicibacterium_wolinskyi,8452,8500,48
Mycolicibacterium_wolinskyi,8577,8578,1
Mycolicibacterium_wolinskyi,8584,8599,15
Mycolicibacterium_wolinskyi,8600,8604,4
Mycolicibacterium_wolinskyi,8609,8610,1
Mycolicibacterium_wolinskyi,8661,8662,1
Mycolicibacterium_wolinskyi,8703,8704,1
Mycolicibacterium_wolinskyi,8720,8721,1
Mycolicibacterium_wolinskyi,8733,8735,2
Mycolicibacterium_wolinskyi,8739,8742,3
Mycolicibacterium_wolinskyi,8930,8931,1
Mycolicibacterium_wolinskyi,8980,8982,2
Mycolicibacterium_wolinskyi,8984,8998,14
Mycolicibacterium_wolinskyi,9120,9121,1
Mycolicibacterium_wolinskyi,9370,9372,2
Mycolicibacterium_wolinskyi,9546,9547,1
Mycolicibacterium_wolinskyi,9812,9813,1
Mycolicibacterium_wolinskyi,9985,9986,1
Mycolicibacterium_wolinskyi,10076,10078,2
Mycolicibacterium_wolinskyi,10157,10158,1
Mycolicibacterium_wolinskyi,10261,10262,1
Mycolicibacterium_wolinskyi,10310,10312,2
Mycolicibacterium_wolinskyi,10313,10315,2
Mycolicibacterium_wolinskyi,10325,10326,1
Mycolicibacterium_wolinskyi,10370,10371,1
Mycolicibacterium_wolinskyi,10416,10417,1
Mycolicibacterium_wolinskyi,10434,10435,1
Mycolicibacterium_wolinskyi,10448,10449,1
Mycolicibacterium_wolinskyi,10476,10477,1
Mycolicibacterium_wolinskyi,10491,10492,1
Mycolicibacterium_wolinskyi,10526,10527,1
Mycolicibacterium_wolinskyi,10547,10649,102
Mycolicibacterium_wolinskyi,10828,10830,2
Mycolicibacterium_wolinskyi,10835,10843,8
Mycolicibacterium_wolinskyi,10864,10865,1
Mycolicibacterium_wolinskyi,10914,10915,1
Mycolicibacterium_wolinskyi,10965,10966,1
Mycolicibacterium_wolinskyi,10971,10975,4
Mycolicibacterium_wolinskyi,11085,11086,1
Mycolicibacterium_wolinskyi,11143,11144,1
Mycolicibacterium_wolinskyi,11243,11244,1
Mycolicibacterium_wolinskyi,11260,11261,1
Mycolicibacterium_wolinskyi,11286,11287,1
Mycolicibacterium_wolinskyi,11312,11313,1
Mycolicibacterium_wolinskyi,11473,11474,1
Mycolicibacterium_wolinskyi,11505,11512,7
Mycolicibacterium_wolinskyi,11513,11514,1
Mycolicibacterium_wolinskyi,11520,11521,1
Mycolicibacterium_wolinskyi,11524,11539,15
Mycolicibacterium_wolinskyi,11566,11567,1
Mycolicibacterium_wolinskyi,11782,11783,1
Mycolicibacterium_wolinskyi,11823,11824,1
Mycolicibacterium_wolinskyi,11826,11827,1
Mycolicibacterium_wolinskyi,11831,11836,5
Mycolicibacterium_wolinskyi,11846,11850,4
Mycolicibacterium_wolinskyi,11851,11852,1
Mycolicibacterium_wolinskyi,11859,11860,1
Mycolicibacterium_wolinskyi,11864,11865,1
Mycolicibacterium_wolinskyi,11877,11878,1
Mycolicibacterium_wolinskyi,11993,11994,1
Mycolicibacterium_wolinskyi,12029,12030,1
Mycolicibacterium_wolinskyi,12068,12069,1
Mycolicibacterium_wolinskyi,12211,12212,1
Mycolicibacterium_wolinskyi,12213,12214,1
Mycolicibacterium_wolinskyi,12218,12222,4
Mycolicibacterium_wolinskyi,12226,12227,1
Mycolicibacterium_wolinskyi,12237,12238,1
Mycolicibacterium_wolinskyi,12360,12372,12
Mycolicibacterium_wolinskyi,12374,12375,1
Mycolicibacterium_wolinskyi,12378,12381,3
Mycolicibacterium_wolinskyi,12384,12390,6
Mycolicibacterium_wolinskyi,12391,12400,9
Mycolicibacterium_wolinskyi,12454,12455,1
Mycolicibacterium_wolinskyi,12739,12740,1
Mycolicibacterium_wolinskyi,12798,12925,127
Mycolicibacterium_wolinskyi,13451,13452,1
Mycolicibacterium_wolinskyi,13453,13454,1
Mycolicibacterium_wolinskyi,13508,13509,1
Mycolicibacterium_brisbanense,1,10,9
Mycolicibacterium_brisbanense,21,39,18
Mycolicibacterium_brisbanense,43,46,3
Mycolicibacterium_brisbanense,50,109,59
Mycolicibacterium_brisbanense,117,132,15
Mycolicibacterium_brisbanense,133,136,3
Mycolicibacterium_brisbanense,346,349,3
Mycolicibacterium_brisbanense,1542,1691,149
Mycolicibacterium_brisbanense,3317,3381,64
Mycolicibacterium_brisbanense,3403,3406,3
Mycolicibacterium_brisbanense,3409,3421,12
Mycolicibacterium_brisbanense,3424,3478,54
Mycolicibacterium_brisbanense,3485,3491,6
Mycolicibacterium_brisbanense,3642,3645,3
Mycolicibacterium_brisbanense,3650,3653,3
Mycolicibacterium_brisbanense,3655,3667,12
Mycolicibacterium_brisbanense,3782,3788,6
Mycolicibacterium_brisbanense,4400,4406,6
Mycolicibacterium_brisbanense,4407,4413,6
Mycolicibacterium_brisbanense,4417,4426,9
Mycolicibacterium_brisbanense,4432,4445,13
Mycolicibacterium_brisbanense,4452,4455,3
Mycolicibacterium_brisbanense,4456,4462,6
Mycolicibacterium_brisbanense,4468,4474,6
Mycolicibacterium_brisbanense,4475,4481,6
Mycolicibacterium_brisbanense,4483,4486,3
Mycolicibacterium_brisbanense,4540,4552,12
Mycolicibacterium_brisbanense,4555,4564,9
Mycolicibacterium_brisbanense,4567,4573,6
Mycolicibacterium_brisbanense,4582,4585,3
Mycolicibacterium_brisbanense,5163,5169,6
Mycolicibacterium_brisbanense,5170,5179,9
Mycolicibacterium_brisbanense,5181,5190,9
Mycolicibacterium_brisbanense,5197,5199,2
Mycolicibacterium_brisbanense,5201,5204,3
Mycolicibacterium_brisbanense,5206,5214,8
Mycolicibacterium_brisbanense,5218,5230,12
Mycolicibacterium_brisbanense,5231,5241,10
Mycolicibacterium_brisbanense,5247,5253,6
Mycolicibacterium_brisbanense,5401,5402,1
Mycolicibacterium_brisbanense,6015,6016,1
Mycolicibacterium_brisbanense,6431,6452,21
Mycolicibacterium_brisbanense,6456,6462,6
Mycolicibacterium_brisbanense,6470,6494,24
Mycolicibacterium_brisbanense,7178,7254,76
Mycolicibacterium_brisbanense,7260,7268,8
Mycolicibacterium_brisbanense,7760,7763,3
Mycolicibacterium_brisbanense,8452,8500,48
Mycolicibacterium_brisbanense,8577,8578,1
Mycolicibacterium_brisbanense,8584,8599,15
Mycolicibacterium_brisbanense,8600,8604,4
Mycolicibacterium_brisbanense,8609,8610,1
Mycolicibacterium_brisbanense,8661,8662,1
Mycolicibacterium_brisbanense,8703,8704,1
Mycolicibacterium_brisbanense,8720,8721,1
Mycolicibacterium_brisbanense,8733,8735,2
Mycolicibacterium_brisbanense,8739,8742,3
Mycolicibacterium_brisbanense,8930,8931,1
Mycolicibacterium_brisbanense,8980,8982,2
Mycolicibacterium_brisbanense,8984,8998,14
Mycolicibacterium_brisbanense,9120,9121,1
Mycolicibacterium_brisbanense,9370,9372,2
Mycolicibacterium_brisbanense,9546,9547,1
Mycolicibacterium_brisbanense,9812,9813,1
Mycolicibacterium_brisbanense,9985,9986,1
Mycolicibacterium_brisbanense,10157,10158,1
Mycolicibacterium_brisbanense,10261,10262,1
Mycolicibacterium_brisbanense,10310,10312,2
Mycolicibacterium_brisbanense,10313,10315,2
Mycolicibacterium_brisbanense,10325,10326,1
Mycolicibacterium_brisbanense,10370,10371,1
Mycolicibacterium_brisbanense,10416,10417,1
Mycolicibacterium_brisbanense,10434,10435,1
Mycolicibacterium_brisbanense,10448,10449,1
Mycolicibacterium_brisbanense,10476,10477,1
Mycolicibacterium_brisbanense,10491,10492,1
Mycolicibacterium_brisbanense,10526,10527,1
Mycolicibacterium_brisbanense,10546,10649,103
Mycolicibacterium_brisbanense,10828,10830,2
Mycolicibacterium_brisbanense,10835,10843,8
Mycolicibacterium_brisbanense,10864,10865,1
Mycolicibacterium_brisbanense,10914,10915,1
Mycolicibacterium_brisbanense,10965,10966,1
Mycolicibacterium_brisbanense,10971,10975,4
Mycolicibacterium_brisbanense,11085,11086,1
Mycolicibacterium_brisbanense,11143,11144,1
Mycolicibacterium_brisbanense,11243,11244,1
Mycolicibacterium_brisbanense,11260,11261,1
Mycolicibacterium_brisbanense,11286,11287,1
Mycolicibacterium_brisbanense,11312,11313,1
Mycolicibacterium_brisbanense,11473,11474,1
Mycolicibacterium_brisbanense,11505,11512,7
Mycolicibacterium_brisbanense,11513,11514,1
Mycolicibacterium_brisbanense,11519,11521,2
Mycolicibacterium_brisbanense,11524,11539,15
Mycolicibacterium_brisbanense,11566,11567,1
Mycolicibacterium_brisbanense,11782,11783,1
Mycolicibacterium_brisbanense,11823,11824,1
Mycolicibacterium_brisbanense,11826,11827,1
Mycolicibacterium_brisbanense,11831,11836,5
Mycolicibacterium_brisbanense,11846,11850,4
Mycolicibacterium_brisbanense,11851,11852,1
Mycolicibacterium_brisbanense,11859,11860,1
Mycolicibacterium_brisbanense,11864,11866,2
Mycolicibacterium_brisbanense,11877,11878,1
Mycolicibacterium_brisbanense,11993,11994,1
Mycolicibacterium_brisbanense,12029,12030,1
Mycolicibacterium_brisbanense,12068,12069,1
Mycolicibacterium_brisbanense,12207,12208,1
Mycolicibacterium_brisbanense,12211,12212,1
Mycolicibacterium_brisbanense,12213,12214,1
Mycolicibacterium_brisbanense,12218,12222,4
Mycolicibacterium_brisbanense,12226,12227,1
Mycolicibacterium_brisbanense,12237,12238,1
Mycolicibacterium_brisbanense,12360,12369,9
Mycolicibacterium_brisbanense,12371,12372,1
Mycolicibacterium_brisbanense,12374,12375,1
Mycolicibacterium_brisbanense,12378,12381,3
Mycolicibacterium_brisbanense,12384,12390,6
Mycolicibacterium_brisbanense,12391,12400,9
Mycolicibacterium_brisbanense,12454,12455,1
Mycolicibacterium_brisbanense,12739,12740,1
Mycolicibacterium_brisbanense,12798,12925,127
Mycolicibacterium_brisbanense,13451,13452,1
Mycolicibacterium_brisbanense,13453,13454,1
Mycolicibacterium_brisbanense,13508,13509,1
Mycolicibacterium_canariasense,1,10,9
Mycolicibacterium_canariasense,21,39,18
Mycolicibacterium_canariasense,43,46,3
Mycolicibacterium_canariasense,48,110,62
Mycolicibacterium_canariasense,118,130,12
Mycolicibacterium_canariasense,133,136,3
Mycolicibacterium_canariasense,346,349,3
Mycolicibacterium_canariasense,1542,1691,149
Mycolicibacterium_canariasense,3317,3361,44
Mycolicibacterium_canariasense,3364,3365,1
Mycolicibacterium_canariasense,3373,3374,1
Mycolicibacterium_canariasense,3407,3482,75
Mycolicibacterium_canariasense,3485,3491,6
Mycolicibacterium_canariasense,3642,3645,3
Mycolicibacterium_canariasense,3650,3653,3
Mycolicibacterium_canariasense,3655,3667,12
Mycolicibacterium_canariasense,3782,3788,6
Mycolicibacterium_canariasense,4400,4406,6
Mycolicibacterium_canariasense,4407,4413,6
Mycolicibacterium_canariasense,4417,4426,9
Mycolicibacterium_canariasense,4432,4445,13
Mycolicibacterium_canariasense,4452,4455,3
Mycolicibacterium_canariasense,4456,4462,6
Mycolicibacterium_canariasense,4468,4474,6
Mycolicibacterium_canariasense,4475,4481,6
Mycolicibacterium_canariasense,4483,4486,3
Mycolicibacterium_canariasense,4540,4552,12
Mycolicibacterium_canariasense,4555,4564,9
Mycolicibacterium_canariasense,4567,4573,6
Mycolicibacterium_canariasense,4582,4585,3
Mycolicibacterium_canariasense,5163,5169,6
Mycolicibacterium_canariasense,5170,5179,9
Mycolicibacterium_canariasense,5181,5190,9
Mycolicibacterium_canariasense,5197,5199,2
Mycolicibacterium_canariasense,5201,5204,3
Mycolicibacterium_canariasense,5206,5214,8
Mycolicibacterium_canariasense,5218,5230,12
Mycolicibacterium_canariasense,5231,5241,10
Mycolicibacterium_canariasense,5247,5253,6
Mycolicibacterium_canariasense,5401,5402,1
Mycolicibacterium_canariasense,6015,6016,1
Mycolicibacterium_canariasense,6431,6467,36
Mycolicibacterium_canariasense,6470,6494,24
Mycolicibacterium_canariasense,7178,7254,76
Mycolicibacterium_canariasense,7260,7268,8
Mycolicibacterium_canariasense,7760,7763,3
Mycolicibacterium_canariasense,8452,8500,48
Mycolicibacterium_canariasense,8577,8578,1
Mycolicibacterium_canariasense,8584,8599,15
Mycolicibacterium_canariasense,8600,8604,4
Mycolicibacterium_canariasense,8609,8610,1
Mycolicibacterium_canariasense,8661,8662,1
Mycolicibacterium_canariasense,8703,8704,1
Mycolicibacterium_canariasense,8720,8721,1
Mycolicibacterium_canariasense,8733,8735,2
Mycolicibacterium_canariasense,8739,8742,3
Mycolicibacterium_canariasense,8930,8931,1
Mycolicibacterium_canariasense,8980,8982,2
Mycolicibacterium_canariasense,8984,8998,14
Mycolicibacterium_canariasense,9120,9121,1
Mycolicibacterium_canariasense,9370,9372,2
Mycolicibacterium_canariasense,9546,9547,1
Mycolicibacterium_canariasense,9812,9813,1
Mycolicibacterium_canariasense,9985,9986,1
Mycolicibacterium_canariasense,10076,10078,2
Mycolicibacterium_canariasense,10157,10158,1
Mycolicibacterium_canariasense,10261,10262,1
Mycolicibacterium_canariasense,10310,10312,2
Mycolicibacterium_canariasense,10313,10315,2
Mycolicibacterium_canariasense,10325,10326,1
Mycolicibacterium_canariasense,10370,10371,1
Mycolicibacterium_canariasense,10416,10417,1
Mycolicibacterium_canariasense,10434,10435,1
Mycolicibacterium_canariasense,10448,10449,1
Mycolicibacterium_canariasense,10461,10462,1
Mycolicibacterium_canariasense,10491,10492,1
Mycolicibacterium_canariasense,10526,10527,1
Mycolicibacterium_canariasense,10546,10649,103
Mycolicibacterium_canariasense,10828,10832,4
Mycolicibacterium_canariasense,10835,10842,7
Mycolicibacterium_canariasense,10864,10865,1
Mycolicibacterium_canariasense,10914,10915,1
Mycolicibacterium_canariasense,10965,10966,1
Mycolicibacterium_canariasense,10971,10975,4
Mycolicibacterium_canariasense,11085,11086,1
Mycolicibacterium_canariasense,11143,11144,1
Mycolicibacterium_canariasense,11243,11244,1
Mycolicibacterium_canariasense,11260,11261,1
Mycolicibacterium_canariasense,11265,11267,2
Mycolicibacterium_canariasense,11286,11287,1
Mycolicibacterium_canariasense,11312,11313,1
Mycolicibacterium_canariasense,11473,11474,1
Mycolicibacterium_canariasense,11505,11512,7
Mycolicibacterium_canariasense,11513,11514,1
Mycolicibacterium_canariasense,11516,11535,19
Mycolicibacterium_canariasense,11566,11567,1
Mycolicibacterium_canariasense,11782,11783,1
Mycolicibacterium_canariasense,11813,11817,4
Mycolicibacterium_canariasense,11823,11824,1
Mycolicibacterium_canariasense,11826,11827,1
Mycolicibacterium_canariasense,11833,11835,2
Mycolicibacterium_canariasense,11846,11850,4
Mycolicibacterium_canariasense,11851,11852,1
Mycolicibacterium_canariasense,11859,11860,1
Mycolicibacterium_canariasense,11864,11865,1
Mycolicibacterium_canariasense,11877,11878,1
Mycolicibacterium_canariasense,11993,11994,1
Mycolicibacterium_canariasense,12029,12030,1
Mycolicibacterium_canariasense,12068,12069,1
Mycolicibacterium_canariasense,12196,12197,1
Mycolicibacterium_canariasense,12207,12208,1
Mycolicibacterium_canariasense,12211,12212,1
Mycolicibacterium_canariasense,12213,12214,1
Mycolicibacterium_canariasense,12218,12222,4
Mycolicibacterium_canariasense,12226,12227,1
Mycolicibacterium_canariasense,12237,12238,1
Mycolicibacterium_canariasense,12360,12369,9
Mycolicibacterium_canariasense,12371,12372,1
Mycolicibacterium_canariasense,12374,12375,1
Mycolicibacterium_canariasense,12377,12382,5
Mycolicibacterium_canariasense,12384,12390,6
Mycolicibacterium_canariasense,12391,12400,9
Mycolicibacterium_canariasense,12454,12455,1
Mycolicibacterium_canariasense,12739,12740,1
Mycolicibacterium_canariasense,12798,12925,127
Mycolicibacterium_canariasense,13451,13452,1
Mycolicibacterium_canariasense,13453,13454,1
Mycolicibacterium_canariasense,13508,13509,1
Mycobacterium_persicum,1,10,9
Mycobacterium_persicum,21,39,18
Mycobacterium_persicum,43,46,3
Mycobacterium_persicum,53,71,18
Mycobacterium_persicum,87,107,20
Mycobacterium_persicum,117,132,15
Mycobacterium_persicum,133,136,3
Mycobacterium_persicum,346,349,3
Mycobacterium_persicum,1542,1691,149
Mycobacterium_persicum,3284,3287,3
Mycobacterium_persicum,3317,3381,64
Mycobacterium_persicum,3418,3420,2
Mycobacterium_persicum,3424,3458,34
Mycobacterium_persicum,3473,3479,6
Mycobacterium_persicum,3485,3491,6
Mycobacterium_persicum,3642,3645,3
Mycobacterium_persicum,3650,3653,3
Mycobacterium_persicum,3782,3788,6
Mycobacterium_persicum,4400,4406,6
Mycobacterium_persicum,4407,4413,6
Mycobacterium_persicum,4417,4426,9
Mycobacterium_persicum,4432,4445,13
Mycobacterium_persicum,4452,4455,3
Mycobacterium_persicum,4456,4462,6
Mycobacterium_persicum,4468,4480,12
Mycobacterium_persicum,4483,4486,3
Mycobacterium_persicum,4555,4564,9
Mycobacterium_persicum,4567,4573,6
Mycobacterium_persicum,5163,5169,6
Mycobacterium_persicum,5170,5179,9
Mycobacterium_persicum,5181,5190,9
Mycobacterium_persicum,5197,5199,2
Mycobacterium_persicum,5201,5204,3
Mycobacterium_persicum,5206,5214,8
Mycobacterium_persicum,5218,5230,12
Mycobacterium_persicum,5231,5241,10
Mycobacterium_persicum,5247,5253,6
Mycobacterium_persicum,5401,5402,1
Mycobacterium_persicum,6015,6016,1
Mycobacterium_persicum,6431,6467,36
Mycobacterium_persicum,6470,6494,24
Mycobacterium_persicum,7178,7254,76
Mycobacterium_persicum,7260,7268,8
Mycobacterium_persicum,7760,7763,3
Mycobacterium_persicum,8452,8500,48
Mycobacterium_persicum,8577,8578,1
Mycobacterium_persicum,8584,8599,15
Mycobacterium_persicum,8600,8604,4
Mycobacterium_persicum,8609,8610,1
Mycobacterium_persicum,8661,8662,1
Mycobacterium_persicum,8703,8704,1
Mycobacterium_persicum,8720,8721,1
Mycobacterium_persicum,8733,8735,2
Mycobacterium_persicum,8739,8742,3
Mycobacterium_persicum,8930,8931,1
Mycobacterium_persicum,8980,8982,2
Mycobacterium_persicum,8996,8998,2
Mycobacterium_persicum,9120,9121,1
Mycobacterium_persicum,9370,9372,2
Mycobacterium_persicum,9546,9547,1
Mycobacterium_persicum,9812,9813,1
Mycobacterium_persicum,9980,9981,1
Mycobacterium_persicum,9983,9986,3
Mycobacterium_persicum,10076,10078,2
Mycobacterium_persicum,10157,10158,1
Mycobacterium_persicum,10261,10262,1
Mycobacterium_persicum,10310,10312,2
Mycobacterium_persicum,10313,10315,2
Mycobacterium_persicum,10325,10326,1
Mycobacterium_persicum,10370,10371,1
Mycobacterium_persicum,10434,10435,1
Mycobacterium_persicum,10448,10449,1
Mycobacterium_persicum,10476,10477,1
Mycobacterium_persicum,10491,10492,1
Mycobacterium_persicum,10526,10527,1
Mycobacterium_persicum,10546,10649,103
Mycobacterium_persicum,10828,10830,2
Mycobacterium_persicum,10832,10846,14
Mycobacterium_persicum,10864,10865,1
Mycobacterium_persicum,10914,10915,1
Mycobacterium_persicum,10958,10966,8
Mycobacterium_persicum,10971,10972,1
Mycobacterium_persicum,11085,11086,1
Mycobacterium_persicum,11143,11144,1
Mycobacterium_persicum,11243,11244,1
Mycobacterium_persicum,11260,11261,1
Mycobacterium_persicum,11262,11263,1
Mycobacterium_persicum,11265,11267,2
Mycobacterium_persicum,11286,11287,1
Mycobacterium_persicum,11312,11313,1
Mycobacterium_persicum,11473,11474,1
Mycobacterium_persicum,11505,11534,29
Mycobacterium_persicum,11566,11567,1
Mycobacterium_persicum,11590,11591,1
Mycobacterium_persicum,11782,11783,1
Mycobacterium_persicum,11823,11824,1
Mycobacterium_persicum,11826,11827,1
Mycobacterium_persicum,11831,11836,5
Mycobacterium_persicum,11848,11850,2
Mycobacterium_persicum,11851,11852,1
Mycobacterium_persicum,11859,11860,1
Mycobacterium_persicum,11864,11866,2
Mycobacterium_persicum,11877,11878,1
Mycobacterium_persicum,11991,11992,1
Mycobacterium_persicum,11993,11994,1
Mycobacterium_persicum,12029,12030,1
Mycobacterium_persicum,12068,12069,1
Mycobacterium_persicum,12207,12208,1
Mycobacterium_persicum,12211,12212,1
Mycobacterium_persicum,12213,12214,1
Mycobacterium_persicum,12218,12222,4
Mycobacterium_persicum,12225,12227,2
Mycobacterium_persicum,12237,12238,1
Mycobacterium_persicum,12360,12369,9
Mycobacterium_persicum,12371,12380,9
Mycobacterium_persicum,12384,12390,6
Mycobacterium_persicum,12391,12400,9
Mycobacterium_persicum,12454,12455,1
Mycobacterium_persicum,12739,12740,1
Mycobacterium_persicum,12798,12925,127
Mycobacterium_persicum,13451,13452,1
Mycobacterium_persicum,13453,13454,1
Mycobacterium_persicum,13508,13509,1
Mycobacterium_alsense,1,10,9
Mycobacterium_alsense,21,39,18
Mycobacterium_alsense,43,46,3
Mycobacterium_alsense,65,71,6
Mycobacterium_alsense,87,107,20
Mycobacterium_alsense,117,132,15
Mycobacterium_alsense,133,136,3
Mycobacterium_alsense,346,349,3
Mycobacterium_alsense,1542,1583,41
Mycobacterium_alsense,1587,1676,89
Mycobacterium_alsense,1678,1691,13
Mycobacterium_alsense,3317,3381,64
Mycobacterium_alsense,3414,3477,63
Mycobacterium_alsense,3485,3491,6
Mycobacterium_alsense,3642,3645,3
Mycobacterium_alsense,3650,3653,3
Mycobacterium_alsense,3782,3788,6
Mycobacterium_alsense,4400,4406,6
Mycobacterium_alsense,4407,4413,6
Mycobacterium_alsense,4417,4426,9
Mycobacterium_alsense,4432,4445,13
Mycobacterium_alsense,4452,4455,3
Mycobacterium_alsense,4456,4462,6
Mycobacterium_alsense,4468,4474,6
Mycobacterium_alsense,4483,4486,3
Mycobacterium_alsense,4555,4564,9
Mycobacterium_alsense,4567,4573,6
Mycobacterium_alsense,5163,5169,6
Mycobacterium_alsense,5170,5179,9
Mycobacterium_alsense,5181,5190,9
Mycobacterium_alsense,5197,5199,2
Mycobacterium_alsense,5201,5204,3
Mycobacterium_alsense,5206,5214,8
Mycobacterium_alsense,5218,5230,12
Mycobacterium_alsense,5231,5241,10
Mycobacterium_alsense,5247,5253,6
Mycobacterium_alsense,5401,5402,1
Mycobacterium_alsense,6015,6016,1
Mycobacterium_alsense,6431,6452,21
Mycobacterium_alsense,6456,6462,6
Mycobacterium_alsense,6470,6494,24
Mycobacterium_alsense,7178,7254,76
Mycobacterium_alsense,7260,7268,8
Mycobacterium_alsense,7760,7763,3
Mycobacterium_alsense,8452,8500,48
Mycobacterium_alsense,8577,8578,1
Mycobacterium_alsense,8584,8599,15
Mycobacterium_alsense,8601,8603,2
Mycobacterium_alsense,8609,8610,1
Mycobacterium_alsense,8661,8662,1
Mycobacterium_alsense,8703,8704,1
Mycobacterium_alsense,8720,8721,1
Mycobacterium_alsense,8733,8735,2
Mycobacterium_alsense,8739,8742,3
Mycobacterium_alsense,8930,8931,1
Mycobacterium_alsense,8980,8982,2
Mycobacterium_alsense,8996,8998,2
Mycobacterium_alsense,9120,9121,1
Mycobacterium_alsense,9370,9372,2
Mycobacterium_alsense,9546,9547,1
Mycobacterium_alsense,9812,9814,2
Mycobacterium_alsense,9983,9986,3
Mycobacterium_alsense,10076,10078,2
Mycobacterium_alsense,10157,10158,1
Mycobacterium_alsense,10261,10262,1
Mycobacterium_alsense,10310,10312,2
Mycobacterium_alsense,10313,10315,2
Mycobacterium_alsense,10325,10326,1
Mycobacterium_alsense,10370,10371,1
Mycobacterium_alsense,10434,10435,1
Mycobacterium_alsense,10448,10449,1
Mycobacterium_alsense,10476,10477,1
Mycobacterium_alsense,10491,10492,1
Mycobacterium_alsense,10526,10527,1
Mycobacterium_alsense,10546,10649,103
Mycobacterium_alsense,10828,10830,2
Mycobacterium_alsense,10832,10846,14
Mycobacterium_alsense,10864,10865,1
Mycobacterium_alsense,10914,10915,1
Mycobacterium_alsense,10957,10982,25
Mycobacterium_alsense,11085,11086,1
Mycobacterium_alsense,11143,11144,1
Mycobacterium_alsense,11243,11244,1
Mycobacterium_alsense,11260,11261,1
Mycobacterium_alsense,11265,11267,2
Mycobacterium_alsense,11286,11287,1
Mycobacterium_alsense,11312,11313,1
Mycobacterium_alsense,11473,11474,1
Mycobacterium_alsense,11505,11534,29
Mycobacterium_alsense,11566,11567,1
Mycobacterium_alsense,11590,11591,1
Mycobacterium_alsense,11782,11783,1
Mycobacterium_alsense,11823,11824,1
Mycobacterium_alsense,11826,11827,1
Mycobacterium_alsense,11831,11836,5
Mycobacterium_alsense,11848,11850,2
Mycobacterium_alsense,11851,11852,1
Mycobacterium_alsense,11859,11860,1
Mycobacterium_alsense,11864,11866,2
Mycobacterium_alsense,11877,11878,1
Mycobacterium_alsense,11993,11994,1
Mycobacterium_alsense,12029,12030,1
Mycobacterium_alsense,12068,12069,1
Mycobacterium_alsense,12207,12208,1
Mycobacterium_alsense,12211,12212,1
Mycobacterium_alsense,12213,12214,1
Mycobacterium_alsense,12218,12222,4
Mycobacterium_alsense,12225,12227,2
Mycobacterium_alsense,12237,12238,1
Mycobacterium_alsense,12360,12369,9
Mycobacterium_alsense,12371,12372,1
Mycobacterium_alsense,12374,12380,6
Mycobacterium_alsense,12384,12390,6
Mycobacterium_alsense,12391,12400,9
Mycobacterium_alsense,12454,12455,1
Mycobacterium_alsense,12739,12740,1
Mycobacterium_alsense,12798,12925,127
Mycobacterium_alsense,13451,13452,1
Mycobacterium_alsense,13453,13454,1
Mycobacterium_alsense,13508,13509,1
Mycobacterium_scrofulaceum,1,10,9
Mycobacterium_scrofulaceum,21,39,18
Mycobacterium_scrofulaceum,43,46,3
Mycobacterium_scrofulaceum,62,71,9
Mycobacterium_scrofulaceum,87,107,20
Mycobacterium_scrofulaceum,117,132,15
Mycobacterium_scrofulaceum,133,136,3
Mycobacterium_scrofulaceum,346,349,3
Mycobacterium_scrofulaceum,1542,1583,41
Mycobacterium_scrofulaceum,1587,1676,89
Mycobacterium_scrofulaceum,1678,1691,13
Mycobacterium_scrofulaceum,3317,3381,64
Mycobacterium_scrofulaceum,3414,3420,6
Mycobacterium_scrofulaceum,3424,3460,36
Mycobacterium_scrofulaceum,3476,3479,3
Mycobacterium_scrofulaceum,3485,3491,6
Mycobacterium_scrofulaceum,3642,3645,3
Mycobacterium_scrofulaceum,3650,3653,3
Mycobacterium_scrofulaceum,3655,3667,12
Mycobacterium_scrofulaceum,3782,3788,6
Mycobacterium_scrofulaceum,4400,4406,6
Mycobacterium_scrofulaceum,4407,4413,6
Mycobacterium_scrofulaceum,4417,4426,9
Mycobacterium_scrofulaceum,4432,4445,13
Mycobacterium_scrofulaceum,4452,4455,3
Mycobacterium_scrofulaceum,4456,4462,6
Mycobacterium_scrofulaceum,4468,4480,12
Mycobacterium_scrofulaceum,4483,4486,3
Mycobacterium_scrofulaceum,4555,4564,9
Mycobacterium_scrofulaceum,4567,4573,6
Mycobacterium_scrofulaceum,5163,5169,6
Mycobacterium_scrofulaceum,5170,5179,9
Mycobacterium_scrofulaceum,5181,5190,9
Mycobacterium_scrofulaceum,5197,5199,2
Mycobacterium_scrofulaceum,5201,5204,3
Mycobacterium_scrofulaceum,5206,5214,8
Mycobacterium_scrofulaceum,5218,5230,12
Mycobacterium_scrofulaceum,5231,5241,10
Mycobacterium_scrofulaceum,5247,5253,6
Mycobacterium_scrofulaceum,5401,5402,1
Mycobacterium_scrofulaceum,6015,6016,1
Mycobacterium_scrofulaceum,6431,6452,21
Mycobacterium_scrofulaceum,6456,6462,6
Mycobacterium_scrofulaceum,6470,6494,24
Mycobacterium_scrofulaceum,7178,7254,76
Mycobacterium_scrofulaceum,7260,7268,8
Mycobacterium_scrofulaceum,7760,7763,3
Mycobacterium_scrofulaceum,8452,8500,48
Mycobacterium_scrofulaceum,8577,8578,1
Mycobacterium_scrofulaceum,8584,8599,15
Mycobacterium_scrofulaceum,8601,8603,2
Mycobacterium_scrofulaceum,8609,8610,1
Mycobacterium_scrofulaceum,8661,8662,1
Mycobacterium_scrofulaceum,8703,8704,1
Mycobacterium_scrofulaceum,8720,8721,1
Mycobacterium_scrofulaceum,8733,8735,2
Mycobacterium_scrofulaceum,8739,8742,3
Mycobacterium_scrofulaceum,8930,8931,1
Mycobacterium_scrofulaceum,8980,8982,2
Mycobacterium_scrofulaceum,8985,8988,3
Mycobacterium_scrofulaceum,8996,8998,2
Mycobacterium_scrofulaceum,9120,9121,1
Mycobacterium_scrofulaceum,9370,9372,2
Mycobacterium_scrofulaceum,9546,9547,1
Mycobacterium_scrofulaceum,9812,9813,1
Mycobacterium_scrofulaceum,9980,9981,1
Mycobacterium_scrofulaceum,9983,9986,3
Mycobacterium_scrofulaceum,10076,10078,2
Mycobacterium_scrofulaceum,10157,10158,1
Mycobacterium_scrofulaceum,10261,10262,1
Mycobacterium_scrofulaceum,10310,10312,2
Mycobacterium_scrofulaceum,10313,10315,2
Mycobacterium_scrofulaceum,10325,10326,1
Mycobacterium_scrofulaceum,10352,10353,1
Mycobacterium_scrofulaceum,10370,10371,1
Mycobacterium_scrofulaceum,10434,10435,1
Mycobacterium_scrofulaceum,10448,10449,1
Mycobacterium_scrofulaceum,10476,10477,1
Mycobacterium_scrofulaceum,10491,10492,1
Mycobacterium_scrofulaceum,10526,10527,1
Mycobacterium_scrofulaceum,10546,10649,103
Mycobacterium_scrofulaceum,10828,10830,2
Mycobacterium_scrofulaceum,10832,10846,14
Mycobacterium_scrofulaceum,10864,10865,1
Mycobacterium_scrofulaceum,10914,10915,1
Mycobacterium_scrofulaceum,10965,10977,12
Mycobacterium_scrofulaceum,11085,11086,1
Mycobacterium_scrofulaceum,11143,11144,1
Mycobacterium_scrofulaceum,11243,11244,1
Mycobacterium_scrofulaceum,11260,11261,1
Mycobacterium_scrofulaceum,11262,11263,1
Mycobacterium_scrofulaceum,11265,11267,2
Mycobacterium_scrofulaceum,11286,11287,1
Mycobacterium_scrofulaceum,11312,11313,1
Mycobacterium_scrofulaceum,11473,11474,1
Mycobacterium_scrofulaceum,11505,11534,29
Mycobacterium_scrofulaceum,11566,11567,1
Mycobacterium_scrofulaceum,11590,11591,1
Mycobacterium_scrofulaceum,11782,11783,1
Mycobacterium_scrofulaceum,11823,11824,1
Mycobacterium_scrofulaceum,11826,11827,1
Mycobacterium_scrofulaceum,11831,11836,5
Mycobacterium_scrofulaceum,11848,11850,2
Mycobacterium_scrofulaceum,11851,11852,1
Mycobacterium_scrofulaceum,11859,11860,1
Mycobacterium_scrofulaceum,11864,11866,2
Mycobacterium_scrofulaceum,11877,11878,1
Mycobacterium_scrofulaceum,11993,11994,1
Mycobacterium_scrofulaceum,12029,12030,1
Mycobacterium_scrofulaceum,12068,12069,1
Mycobacterium_scrofulaceum,12207,12208,1
Mycobacterium_scrofulaceum,12211,12212,1
Mycobacterium_scrofulaceum,12213,12214,1
Mycobacterium_scrofulaceum,12218,12222,4
Mycobacterium_scrofulaceum,12225,12227,2
Mycobacterium_scrofulaceum,12237,12238,1
Mycobacterium_scrofulaceum,12360,12369,9
Mycobacterium_scrofulaceum,12371,12380,9
Mycobacterium_scrofulaceum,12384,12390,6
Mycobacterium_scrofulaceum,12391,12400,9
Mycobacterium_scrofulaceum,12454,12455,1
Mycobacterium_scrofulaceum,12738,12740,2
Mycobacterium_scrofulaceum,12798,12925,127
Mycobacterium_scrofulaceum,13451,13452,1
Mycobacterium_scrofulaceum,13453,13454,1
Mycobacterium_scrofulaceum,13508,13509,1
Mycolicibacter_kumamotonensis,1,10,9
Mycolicibacter_kumamotonensis,21,39,18
Mycolicibacter_kumamotonensis,43,46,3
Mycolicibacter_kumamotonensis,59,136,77
Mycolicibacter_kumamotonensis,346,349,3
Mycolicibacter_kumamotonensis,1542,1691,149
Mycolicibacter_kumamotonensis,3317,3365,48
Mycolicibacter_kumamotonensis,3373,3374,1
Mycolicibacter_kumamotonensis,3414,3420,6
Mycolicibacter_kumamotonensis,3424,3460,36
Mycolicibacter_kumamotonensis,3473,3479,6
Mycolicibacter_kumamotonensis,3485,3491,6
Mycolicibacter_kumamotonensis,3650,3653,3
Mycolicibacter_kumamotonensis,3657,3672,15
Mycolicibacter_kumamotonensis,3782,3788,6
Mycolicibacter_kumamotonensis,4400,4406,6
Mycolicibacter_kumamotonensis,4407,4413,6
Mycolicibacter_kumamotonensis,4422,4426,4
Mycolicibacter_kumamotonensis,4452,4455,3
Mycolicibacter_kumamotonensis,4456,4486,30
Mycolicibacter_kumamotonensis,4555,4564,9
Mycolicibacter_kumamotonensis,4567,4573,6
Mycolicibacter_kumamotonensis,5163,5169,6
Mycolicibacter_kumamotonensis,5170,5179,9
Mycolicibacter_kumamotonensis,5181,5190,9
Mycolicibacter_kumamotonensis,5197,5199,2
Mycolicibacter_kumamotonensis,5201,5204,3
Mycolicibacter_kumamotonensis,5206,5214,8
Mycolicibacter_kumamotonensis,5218,5230,12
Mycolicibacter_kumamotonensis,5231,5241,10
Mycolicibacter_kumamotonensis,5247,5253,6
Mycolicibacter_kumamotonensis,5401,5402,1
Mycolicibacter_kumamotonensis,6015,6016,1
Mycolicibacter_kumamotonensis,6431,6452,21
Mycolicibacter_kumamotonensis,6470,6494,24
Mycolicibacter_kumamotonensis,7178,7254,76
Mycolicibacter_kumamotonensis,7260,7268,8
Mycolicibacter_kumamotonensis,7760,7763,3
Mycolicibacter_kumamotonensis,8452,8500,48
Mycolicibacter_kumamotonensis,8577,8578,1
Mycolicibacter_kumamotonensis,8584,8599,15
Mycolicibacter_kumamotonensis,8601,8603,2
Mycolicibacter_kumamotonensis,8609,8610,1
Mycolicibacter_kumamotonensis,8661,8662,1
Mycolicibacter_kumamotonensis,8703,8704,1
Mycolicibacter_kumamotonensis,8720,8721,1
Mycolicibacter_kumamotonensis,8733,8735,2
Mycolicibacter_kumamotonensis,8739,8742,3
Mycolicibacter_kumamotonensis,8930,8931,1
Mycolicibacter_kumamotonensis,8980,8982,2
Mycolicibacter_kumamotonensis,9120,9121,1
Mycolicibacter_kumamotonensis,9546,9547,1
Mycolicibacter_kumamotonensis,9812,9814,2
Mycolicibacter_kumamotonensis,9982,9984,2
Mycolicibacter_kumamotonensis,9985,9986,1
Mycolicibacter_kumamotonensis,10076,10078,2
Mycolicibacter_kumamotonensis,10157,10158,1
Mycolicibacter_kumamotonensis,10311,10312,1
Mycolicibacter_kumamotonensis,10313,10315,2
Mycolicibacter_kumamotonensis,10325,10326,1
Mycolicibacter_kumamotonensis,10352,10353,1
Mycolicibacter_kumamotonensis,10370,10371,1
Mycolicibacter_kumamotonensis,10416,10417,1
Mycolicibacter_kumamotonensis,10434,10435,1
Mycolicibacter_kumamotonensis,10448,10449,1
Mycolicibacter_kumamotonensis,10476,10477,1
Mycolicibacter_kumamotonensis,10491,10492,1
Mycolicibacter_kumamotonensis,10526,10527,1
Mycolicibacter_kumamotonensis,10547,10649,102
Mycolicibacter_kumamotonensis,10828,10830,2
Mycolicibacter_kumamotonensis,10835,10843,8
Mycolicibacter_kumamotonensis,10864,10865,1
Mycolicibacter_kumamotonensis,10914,10915,1
Mycolicibacter_kumamotonensis,10965,10966,1
Mycolicibacter_kumamotonensis,10971,10975,4
Mycolicibacter_kumamotonensis,11085,11086,1
Mycolicibacter_kumamotonensis,11143,11144,1
Mycolicibacter_kumamotonensis,11243,11244,1
Mycolicibacter_kumamotonensis,11260,11261,1
Mycolicibacter_kumamotonensis,11265,11267,2
Mycolicibacter_kumamotonensis,11286,11287,1
Mycolicibacter_kumamotonensis,11312,11313,1
Mycolicibacter_kumamotonensis,11473,11474,1
Mycolicibacter_kumamotonensis,11505,11512,7
Mycolicibacter_kumamotonensis,11513,11514,1
Mycolicibacter_kumamotonensis,11515,11533,18
Mycolicibacter_kumamotonensis,11537,11538,1
Mycolicibacter_kumamotonensis,11566,11567,1
Mycolicibacter_kumamotonensis,11782,11783,1
Mycolicibacter_kumamotonensis,11823,11824,1
Mycolicibacter_kumamotonensis,11831,11836,5
Mycolicibacter_kumamotonensis,11847,11850,3
Mycolicibacter_kumamotonensis,11851,11852,1
Mycolicibacter_kumamotonensis,11859,11860,1
Mycolicibacter_kumamotonensis,11864,11866,2
Mycolicibacter_kumamotonensis,11877,11878,1
Mycolicibacter_kumamotonensis,11993,11994,1
Mycolicibacter_kumamotonensis,12029,12030,1
Mycolicibacter_kumamotonensis,12068,12069,1
Mycolicibacter_kumamotonensis,12207,12208,1
Mycolicibacter_kumamotonensis,12211,12212,1
Mycolicibacter_kumamotonensis,12213,12214,1
Mycolicibacter_kumamotonensis,12218,12222,4
Mycolicibacter_kumamotonensis,12226,12227,1
Mycolicibacter_kumamotonensis,12237,12238,1
Mycolicibacter_kumamotonensis,12360,12369,9
Mycolicibacter_kumamotonensis,12371,12372,1
Mycolicibacter_kumamotonensis,12374,12375,1
Mycolicibacter_kumamotonensis,12377,12382,5
Mycolicibacter_kumamotonensis,12384,12390,6
Mycolicibacter_kumamotonensis,12391,12400,9
Mycolicibacter_kumamotonensis,12454,12455,1
Mycolicibacter_kumamotonensis,12739,12740,1
Mycolicibacter_kumamotonensis,12798,12925,127
Mycolicibacter_kumamotonensis,13451,13452,1
Mycolicibacter_kumamotonensis,13453,13454,1
Mycolicibacter_kumamotonensis,13508,13509,1
Mycobacterium_sherrisii,1,10,9
Mycobacterium_sherrisii,21,39,18
Mycobacterium_sherrisii,43,46,3
Mycobacterium_sherrisii,53,71,18
Mycobacterium_sherrisii,87,107,20
Mycobacterium_sherrisii,117,132,15
Mycobacterium_sherrisii,133,136,3
Mycobacterium_sherrisii,346,349,3
Mycobacterium_sherrisii,1542,1691,149
Mycobacterium_sherrisii,3317,3381,64
Mycobacterium_sherrisii,3414,3420,6
Mycobacterium_sherrisii,3422,3482,60
Mycobacterium_sherrisii,3485,3491,6
Mycobacterium_sherrisii,3642,3645,3
Mycobacterium_sherrisii,3650,3653,3
Mycobacterium_sherrisii,3655,3667,12
Mycobacterium_sherrisii,3782,3788,6
Mycobacterium_sherrisii,4400,4406,6
Mycobacterium_sherrisii,4407,4413,6
Mycobacterium_sherrisii,4417,4426,9
Mycobacterium_sherrisii,4432,4445,13
Mycobacterium_sherrisii,4452,4455,3
Mycobacterium_sherrisii,4456,4462,6
Mycobacterium_sherrisii,4468,4480,12
Mycobacterium_sherrisii,4483,4486,3
Mycobacterium_sherrisii,4540,4552,12
Mycobacterium_sherrisii,4555,4564,9
Mycobacterium_sherrisii,4567,4573,6
Mycobacterium_sherrisii,4581,4584,3
Mycobacterium_sherrisii,5163,5169,6
Mycobacterium_sherrisii,5170,5179,9
Mycobacterium_sherrisii,5181,5190,9
Mycobacterium_sherrisii,5197,5199,2
Mycobacterium_sherrisii,5201,5204,3
Mycobacterium_sherrisii,5206,5214,8
Mycobacterium_sherrisii,5218,5230,12
Mycobacterium_sherrisii,5231,5241,10
Mycobacterium_sherrisii,5247,5253,6
Mycobacterium_sherrisii,5401,5402,1
Mycobacterium_sherrisii,6015,6016,1
Mycobacterium_sherrisii,6428,6464,36
Mycobacterium_sherrisii,6470,6494,24
Mycobacterium_sherrisii,7178,7254,76
Mycobacterium_sherrisii,7260,7268,8
Mycobacterium_sherrisii,7760,7763,3
Mycobacterium_sherrisii,8452,8500,48
Mycobacterium_sherrisii,8577,8578,1
Mycobacterium_sherrisii,8584,8599,15
Mycobacterium_sherrisii,8601,8603,2
Mycobacterium_sherrisii,8609,8610,1
Mycobacterium_sherrisii,8661,8662,1
Mycobacterium_sherrisii,8703,8704,1
Mycobacterium_sherrisii,8720,8721,1
Mycobacterium_sherrisii,8733,8735,2
Mycobacterium_sherrisii,8739,8742,3
Mycobacterium_sherrisii,8930,8931,1
Mycobacterium_sherrisii,8980,8982,2
Mycobacterium_sherrisii,8987,9001,14
Mycobacterium_sherrisii,9120,9121,1
Mycobacterium_sherrisii,9370,9372,2
Mycobacterium_sherrisii,9546,9547,1
Mycobacterium_sherrisii,9812,9813,1
Mycobacterium_sherrisii,9983,9987,4
Mycobacterium_sherrisii,10076,10078,2
Mycobacterium_sherrisii,10157,10158,1
Mycobacterium_sherrisii,10261,10262,1
Mycobacterium_sherrisii,10310,10312,2
Mycobacterium_sherrisii,10313,10315,2
Mycobacterium_sherrisii,10325,10326,1
Mycobacterium_sherrisii,10370,10371,1
Mycobacterium_sherrisii,10434,10435,1
Mycobacterium_sherrisii,10448,10449,1
Mycobacterium_sherrisii,10476,10477,1
Mycobacterium_sherrisii,10491,10492,1
Mycobacterium_sherrisii,10526,10527,1
Mycobacterium_sherrisii,10546,10649,103
Mycobacterium_sherrisii,10828,10830,2
Mycobacterium_sherrisii,10832,10846,14
Mycobacterium_sherrisii,10864,10865,1
Mycobacterium_sherrisii,10914,10915,1
Mycobacterium_sherrisii,10958,10983,25
Mycobacterium_sherrisii,11085,11086,1
Mycobacterium_sherrisii,11143,11144,1
Mycobacterium_sherrisii,11243,11244,1
Mycobacterium_sherrisii,11260,11261,1
Mycobacterium_sherrisii,11262,11263,1
Mycobacterium_sherrisii,11265,11267,2
Mycobacterium_sherrisii,11286,11287,1
Mycobacterium_sherrisii,11312,11313,1
Mycobacterium_sherrisii,11473,11474,1
Mycobacterium_sherrisii,11505,11534,29
Mycobacterium_sherrisii,11566,11567,1
Mycobacterium_sherrisii,11590,11591,1
Mycobacterium_sherrisii,11782,11783,1
Mycobacterium_sherrisii,11823,11824,1
Mycobacterium_sherrisii,11826,11827,1
Mycobacterium_sherrisii,11831,11836,5
Mycobacterium_sherrisii,11847,11852,5
Mycobacterium_sherrisii,11859,11860,1
Mycobacterium_sherrisii,11864,11866,2
Mycobacterium_sherrisii,11877,11878,1
Mycobacterium_sherrisii,11993,11995,2
Mycobacterium_sherrisii,12029,12030,1
Mycobacterium_sherrisii,12068,12069,1
Mycobacterium_sherrisii,12207,12208,1
Mycobacterium_sherrisii,12211,12212,1
Mycobacterium_sherrisii,12213,12214,1
Mycobacterium_sherrisii,12218,12222,4
Mycobacterium_sherrisii,12225,12227,2
Mycobacterium_sherrisii,12237,12238,1
Mycobacterium_sherrisii,12360,12369,9
Mycobacterium_sherrisii,12371,12372,1
Mycobacterium_sherrisii,12374,12380,6
Mycobacterium_sherrisii,12384,12390,6
Mycobacterium_sherrisii,12391,12400,9
Mycobacterium_sherrisii,12454,12455,1
Mycobacterium_sherrisii,12738,12740,2
Mycobacterium_sherrisii,12798,12925,127
Mycobacterium_sherrisii,13451,13452,1
Mycobacterium_sherrisii,13453,13454,1
Mycobacterium_sherrisii,13508,13509,1
Mycolicibacterium_flavescens,1,10,9
Mycolicibacterium_flavescens,21,39,18
Mycolicibacterium_flavescens,43,46,3
Mycolicibacterium_flavescens,53,71,18
Mycolicibacterium_flavescens,87,107,20
Mycolicibacterium_flavescens,117,132,15
Mycolicibacterium_flavescens,133,136,3
Mycolicibacterium_flavescens,346,349,3
Mycolicibacterium_flavescens,1542,1545,3
Mycolicibacterium_flavescens,1559,1648,89
Mycolicibacterium_flavescens,1664,1676,12
Mycolicibacterium_flavescens,3333,3335,2
Mycolicibacterium_flavescens,3364,3365,1
Mycolicibacterium_flavescens,3373,3374,1
Mycolicibacterium_flavescens,3409,3478,69
Mycolicibacterium_flavescens,3485,3491,6
Mycolicibacterium_flavescens,3642,3645,3
Mycolicibacterium_flavescens,3650,3653,3
Mycolicibacterium_flavescens,3655,3667,12
Mycolicibacterium_flavescens,3782,3788,6
Mycolicibacterium_flavescens,4407,4413,6
Mycolicibacterium_flavescens,4417,4426,9
Mycolicibacterium_flavescens,4432,4445,13
Mycolicibacterium_flavescens,4452,4455,3
Mycolicibacterium_flavescens,4456,4462,6
Mycolicibacterium_flavescens,4463,4466,3
Mycolicibacterium_flavescens,4468,4474,6
Mycolicibacterium_flavescens,4475,4481,6
Mycolicibacterium_flavescens,4483,4486,3
Mycolicibacterium_flavescens,4540,4552,12
Mycolicibacterium_flavescens,4555,4564,9
Mycolicibacterium_flavescens,4567,4573,6
Mycolicibacterium_flavescens,4582,4585,3
Mycolicibacterium_flavescens,5163,5169,6
Mycolicibacterium_flavescens,5170,5179,9
Mycolicibacterium_flavescens,5181,5190,9
Mycolicibacterium_flavescens,5197,5199,2
Mycolicibacterium_flavescens,5201,5204,3
Mycolicibacterium_flavescens,5206,5214,8
Mycolicibacterium_flavescens,5218,5230,12
Mycolicibacterium_flavescens,5231,5241,10
Mycolicibacterium_flavescens,5247,5253,6
Mycolicibacterium_flavescens,5401,5402,1
Mycolicibacterium_flavescens,6015,6016,1
Mycolicibacterium_flavescens,6431,6467,36
Mycolicibacterium_flavescens,6470,6494,24
Mycolicibacterium_flavescens,7178,7254,76
Mycolicibacterium_flavescens,7260,7268,8
Mycolicibacterium_flavescens,7760,7763,3
Mycolicibacterium_flavescens,8452,8500,48
Mycolicibacterium_flavescens,8577,8578,1
Mycolicibacterium_flavescens,8584,8599,15
Mycolicibacterium_flavescens,8600,8604,4
Mycolicibacterium_flavescens,8609,8610,1
Mycolicibacterium_flavescens,8661,8662,1
Mycolicibacterium_flavescens,8733,8735,2
Mycolicibacterium_flavescens,8739,8742,3
Mycolicibacterium_flavescens,8930,8931,1
Mycolicibacterium_flavescens,8980,8982,2
Mycolicibacterium_flavescens,8984,8998,14
Mycolicibacterium_flavescens,9120,9121,1
Mycolicibacterium_flavescens,9370,9372,2
Mycolicibacterium_flavescens,9546,9547,1
Mycolicibacterium_flavescens,9812,9813,1
Mycolicibacterium_flavescens,9985,9986,1
Mycolicibacterium_flavescens,10076,10078,2
Mycolicibacterium_flavescens,10157,10158,1
Mycolicibacterium_flavescens,10261,10262,1
Mycolicibacterium_flavescens,10310,10312,2
Mycolicibacterium_flavescens,10313,10315,2
Mycolicibacterium_flavescens,10325,10326,1
Mycolicibacterium_flavescens,10370,10371,1
Mycolicibacterium_flavescens,10416,10417,1
Mycolicibacterium_flavescens,10434,10435,1
Mycolicibacterium_flavescens,10448,10449,1
Mycolicibacterium_flavescens,10461,10462,1
Mycolicibacterium_flavescens,10476,10477,1
Mycolicibacterium_flavescens,10491,10492,1
Mycolicibacterium_flavescens,10526,10527,1
Mycolicibacterium_flavescens,10548,10649,101
Mycolicibacterium_flavescens,10828,10830,2
Mycolicibacterium_flavescens,10835,10836,1
Mycolicibacterium_flavescens,10837,10843,6
Mycolicibacterium_flavescens,10864,10865,1
Mycolicibacterium_flavescens,10914,10915,1
Mycolicibacterium_flavescens,10965,10966,1
Mycolicibacterium_flavescens,10971,10975,4
Mycolicibacterium_flavescens,11085,11086,1
Mycolicibacterium_flavescens,11143,11144,1
Mycolicibacterium_flavescens,11243,11244,1
Mycolicibacterium_flavescens,11260,11261,1
Mycolicibacterium_flavescens,11265,11267,2
Mycolicibacterium_flavescens,11286,11287,1
Mycolicibacterium_flavescens,11312,11313,1
Mycolicibacterium_flavescens,11473,11474,1
Mycolicibacterium_flavescens,11505,11512,7
Mycolicibacterium_flavescens,11513,11514,1
Mycolicibacterium_flavescens,11520,11531,11
Mycolicibacterium_flavescens,11566,11567,1
Mycolicibacterium_flavescens,11782,11783,1
Mycolicibacterium_flavescens,11823,11824,1
Mycolicibacterium_flavescens,11826,11827,1
Mycolicibacterium_flavescens,11831,11836,5
Mycolicibacterium_flavescens,11846,11850,4
Mycolicibacterium_flavescens,11851,11852,1
Mycolicibacterium_flavescens,11859,11860,1
Mycolicibacterium_flavescens,11864,11866,2
Mycolicibacterium_flavescens,11877,11878,1
Mycolicibacterium_flavescens,11993,11994,1
Mycolicibacterium_flavescens,12029,12030,1
Mycolicibacterium_flavescens,12068,12069,1
Mycolicibacterium_flavescens,12207,12208,1
Mycolicibacterium_flavescens,12211,12212,1
Mycolicibacterium_flavescens,12213,12214,1
Mycolicibacterium_flavescens,12218,12222,4
Mycolicibacterium_flavescens,12226,12227,1
Mycolicibacterium_flavescens,12237,12238,1
Mycolicibacterium_flavescens,12360,12369,9
Mycolicibacterium_flavescens,12371,12372,1
Mycolicibacterium_flavescens,12374,12377,3
Mycolicibacterium_flavescens,12378,12381,3
Mycolicibacterium_flavescens,12384,12390,6
Mycolicibacterium_flavescens,12391,12400,9
Mycolicibacterium_flavescens,12454,12455,1
Mycolicibacterium_flavescens,12739,12740,1
Mycolicibacterium_flavescens,12798,12925,127
Mycolicibacterium_flavescens,13451,13452,1
Mycolicibacterium_flavescens,13453,13454,1
Mycolicibacterium_flavescens,13508,13509,1
Mycobacterium_intermedium,1,10,9
Mycobacterium_intermedium,21,39,18
Mycobacterium_intermedium,43,46,3
Mycobacterium_intermedium,56,71,15
Mycobacterium_intermedium,87,107,20
Mycobacterium_intermedium,117,132,15
Mycobacterium_intermedium,133,136,3
Mycobacterium_intermedium,346,349,3
Mycobacterium_intermedium,1542,1691,149
Mycobacterium_intermedium,3317,3381,64
Mycobacterium_intermedium,3414,3420,6
Mycobacterium_intermedium,3425,3479,54
Mycobacterium_intermedium,3485,3491,6
Mycobacterium_intermedium,3642,3645,3
Mycobacterium_intermedium,3650,3653,3
Mycobacterium_intermedium,3655,3667,12
Mycobacterium_intermedium,3782,3788,6
Mycobacterium_intermedium,4400,4406,6
Mycobacterium_intermedium,4407,4413,6
Mycobacterium_intermedium,4417,4420,3
Mycobacterium_intermedium,4425,4426,1
Mycobacterium_intermedium,4432,4445,13
Mycobacterium_intermedium,4447,4449,2
Mycobacterium_intermedium,4452,4455,3
Mycobacterium_intermedium,4456,4462,6
Mycobacterium_intermedium,4468,4480,12
Mycobacterium_intermedium,4483,4486,3
Mycobacterium_intermedium,4540,4552,12
Mycobacterium_intermedium,4555,4564,9
Mycobacterium_intermedium,4567,4573,6
Mycobacterium_intermedium,4581,4584,3
Mycobacterium_intermedium,5163,5169,6
Mycobacterium_intermedium,5170,5179,9
Mycobacterium_intermedium,5181,5190,9
Mycobacterium_intermedium,5197,5199,2
Mycobacterium_intermedium,5201,5204,3
Mycobacterium_intermedium,5206,5214,8
Mycobacterium_intermedium,5218,5230,12
Mycobacterium_intermedium,5231,5241,10
Mycobacterium_intermedium,5247,5253,6
Mycobacterium_intermedium,5401,5402,1
Mycobacterium_intermedium,6015,6016,1
Mycobacterium_intermedium,6431,6452,21
Mycobacterium_intermedium,6456,6462,6
Mycobacterium_intermedium,6470,6494,24
Mycobacterium_intermedium,7178,7254,76
Mycobacterium_intermedium,7260,7268,8
Mycobacterium_intermedium,7760,7763,3
Mycobacterium_intermedium,8452,8500,48
Mycobacterium_intermedium,8577,8578,1
Mycobacterium_intermedium,8584,8599,15
Mycobacterium_intermedium,8601,8603,2
Mycobacterium_intermedium,8609,8610,1
Mycobacterium_intermedium,8661,8662,1
Mycobacterium_intermedium,8703,8704,1
Mycobacterium_intermedium,8733,8735,2
Mycobacterium_intermedium,8739,8742,3
Mycobacterium_intermedium,8930,8931,1
Mycobacterium_intermedium,8980,8982,2
Mycobacterium_intermedium,8987,9001,14
Mycobacterium_intermedium,9120,9121,1
Mycobacterium_intermedium,9370,9372,2
Mycobacterium_intermedium,9546,9547,1
Mycobacterium_intermedium,9812,9813,1
Mycobacterium_intermedium,9983,9986,3
Mycobacterium_intermedium,10076,10078,2
Mycobacterium_intermedium,10157,10158,1
Mycobacterium_intermedium,10261,10262,1
Mycobacterium_intermedium,10310,10312,2
Mycobacterium_intermedium,10313,10315,2
Mycobacterium_intermedium,10325,10326,1
Mycobacterium_intermedium,10370,10371,1
Mycobacterium_intermedium,10434,10435,1
Mycobacterium_intermedium,10448,10449,1
Mycobacterium_intermedium,10476,10477,1
Mycobacterium_intermedium,10491,10492,1
Mycobacterium_intermedium,10526,10527,1
Mycobacterium_intermedium,10546,10649,103
Mycobacterium_intermedium,10828,10830,2
Mycobacterium_intermedium,10832,10846,14
Mycobacterium_intermedium,10864,10865,1
Mycobacterium_intermedium,10914,10915,1
Mycobacterium_intermedium,10959,10966,7
Mycobacterium_intermedium,10971,10975,4
Mycobacterium_intermedium,11085,11086,1
Mycobacterium_intermedium,11143,11144,1
Mycobacterium_intermedium,11243,11244,1
Mycobacterium_intermedium,11260,11261,1
Mycobacterium_intermedium,11262,11263,1
Mycobacterium_intermedium,11265,11267,2
Mycobacterium_intermedium,11286,11287,1
Mycobacterium_intermedium,11312,11313,1
Mycobacterium_intermedium,11473,11474,1
Mycobacterium_intermedium,11505,11511,6
Mycobacterium_intermedium,11513,11514,1
Mycobacterium_intermedium,11520,11534,14
Mycobacterium_intermedium,11566,11567,1
Mycobacterium_intermedium,11590,11591,1
Mycobacterium_intermedium,11782,11783,1
Mycobacterium_intermedium,11823,11824,1
Mycobacterium_intermedium,11826,11827,1
Mycobacterium_intermedium,11831,11836,5
Mycobacterium_intermedium,11841,11843,2
Mycobacterium_intermedium,11848,11850,2
Mycobacterium_intermedium,11851,11852,1
Mycobacterium_intermedium,11859,11860,1
Mycobacterium_intermedium,11864,11866,2
Mycobacterium_intermedium,11877,11878,1
Mycobacterium_intermedium,11993,11994,1
Mycobacterium_intermedium,12029,12030,1
Mycobacterium_intermedium,12068,12069,1
Mycobacterium_intermedium,12207,12208,1
Mycobacterium_intermedium,12211,12212,1
Mycobacterium_intermedium,12213,12214,1
Mycobacterium_intermedium,12218,12222,4
Mycobacterium_intermedium,12225,12227,2
Mycobacterium_intermedium,12237,12238,1
Mycobacterium_intermedium,12360,12369,9
Mycobacterium_intermedium,12371,12372,1
Mycobacterium_intermedium,12374,12380,6
Mycobacterium_intermedium,12384,12390,6
Mycobacterium_intermedium,12391,12400,9
Mycobacterium_intermedium,12454,12455,1
Mycobacterium_intermedium,12739,12740,1
Mycobacterium_intermedium,12798,12925,127
Mycobacterium_intermedium,13451,13452,1
Mycobacterium_intermedium,13453,13454,1
Mycobacterium_intermedium,13508,13509,1
Mycobacterium_shimoidei,1,10,9
Mycobacterium_shimoidei,21,39,18
Mycobacterium_shimoidei,43,46,3
Mycobacterium_shimoidei,53,71,18
Mycobacterium_shimoidei,89,100,11
Mycobacterium_shimoidei,117,132,15
Mycobacterium_shimoidei,133,136,3
Mycobacterium_shimoidei,346,349,3
Mycobacterium_shimoidei,1542,1691,149
Mycobacterium_shimoidei,3284,3287,3
Mycobacterium_shimoidei,3317,3381,64
Mycobacterium_shimoidei,3414,3462,48
Mycobacterium_shimoidei,3642,3645,3
Mycobacterium_shimoidei,3650,3653,3
Mycobacterium_shimoidei,3655,3667,12
Mycobacterium_shimoidei,3782,3788,6
Mycobacterium_shimoidei,4400,4406,6
Mycobacterium_shimoidei,4417,4426,9
Mycobacterium_shimoidei,4432,4445,13
Mycobacterium_shimoidei,4452,4455,3
Mycobacterium_shimoidei,4456,4462,6
Mycobacterium_shimoidei,4468,4480,12
Mycobacterium_shimoidei,4483,4486,3
Mycobacterium_shimoidei,4540,4552,12
Mycobacterium_shimoidei,4555,4564,9
Mycobacterium_shimoidei,4567,4573,6
Mycobacterium_shimoidei,4581,4584,3
Mycobacterium_shimoidei,5163,5169,6
Mycobacterium_shimoidei,5170,5179,9
Mycobacterium_shimoidei,5181,5190,9
Mycobacterium_shimoidei,5197,5199,2
Mycobacterium_shimoidei,5201,5204,3
Mycobacterium_shimoidei,5206,5214,8
Mycobacterium_shimoidei,5218,5230,12
Mycobacterium_shimoidei,5231,5241,10
Mycobacterium_shimoidei,5247,5253,6
Mycobacterium_shimoidei,5401,5402,1
Mycobacterium_shimoidei,6015,6016,1
Mycobacterium_shimoidei,6431,6452,21
Mycobacterium_shimoidei,6456,6462,6
Mycobacterium_shimoidei,6470,6494,24
Mycobacterium_shimoidei,7178,7254,76
Mycobacterium_shimoidei,7260,7268,8
Mycobacterium_shimoidei,7760,7763,3
Mycobacterium_shimoidei,8452,8500,48
Mycobacterium_shimoidei,8577,8578,1
Mycobacterium_shimoidei,8584,8599,15
Mycobacterium_shimoidei,8609,8610,1
Mycobacterium_shimoidei,8661,8662,1
Mycobacterium_shimoidei,8703,8704,1
Mycobacterium_shimoidei,8720,8721,1
Mycobacterium_shimoidei,8733,8735,2
Mycobacterium_shimoidei,8739,8742,3
Mycobacterium_shimoidei,8930,8931,1
Mycobacterium_shimoidei,8980,8982,2
Mycobacterium_shimoidei,8996,8998,2
Mycobacterium_shimoidei,9120,9121,1
Mycobacterium_shimoidei,9359,9360,1
Mycobacterium_shimoidei,9370,9372,2
Mycobacterium_shimoidei,9546,9547,1
Mycobacterium_shimoidei,9984,9986,2
Mycobacterium_shimoidei,10076,10078,2
Mycobacterium_shimoidei,10157,10158,1
Mycobacterium_shimoidei,10261,10262,1
Mycobacterium_shimoidei,10313,10315,2
Mycobacterium_shimoidei,10325,10326,1
Mycobacterium_shimoidei,10370,10371,1
Mycobacterium_shimoidei,10416,10417,1
Mycobacterium_shimoidei,10434,10435,1
Mycobacterium_shimoidei,10448,10454,6
Mycobacterium_shimoidei,10461,10462,1
Mycobacterium_shimoidei,10476,10477,1
Mycobacterium_shimoidei,10491,10492,1
Mycobacterium_shimoidei,10526,10527,1
Mycobacterium_shimoidei,10546,10649,103
Mycobacterium_shimoidei,10828,10830,2
Mycobacterium_shimoidei,10835,10843,8
Mycobacterium_shimoidei,10864,10865,1
Mycobacterium_shimoidei,10914,10915,1
Mycobacterium_shimoidei,10959,10961,2
Mycobacterium_shimoidei,10965,10966,1
Mycobacterium_shimoidei,10971,10975,4
Mycobacterium_shimoidei,11085,11086,1
Mycobacterium_shimoidei,11143,11144,1
Mycobacterium_shimoidei,11243,11244,1
Mycobacterium_shimoidei,11259,11261,2
Mycobacterium_shimoidei,11265,11267,2
Mycobacterium_shimoidei,11286,11287,1
Mycobacterium_shimoidei,11312,11313,1
Mycobacterium_shimoidei,11473,11474,1
Mycobacterium_shimoidei,11505,11512,7
Mycobacterium_shimoidei,11513,11514,1
Mycobacterium_shimoidei,11515,11518,3
Mycobacterium_shimoidei,11520,11521,1
Mycobacterium_shimoidei,11524,11530,6
Mycobacterium_shimoidei,11532,11533,1
Mycobacterium_shimoidei,11566,11567,1
Mycobacterium_shimoidei,11782,11783,1
Mycobacterium_shimoidei,11823,11824,1
Mycobacterium_shimoidei,11831,11836,5
Mycobacterium_shimoidei,11848,11852,4
Mycobacterium_shimoidei,11859,11860,1
Mycobacterium_shimoidei,11864,11866,2
Mycobacterium_shimoidei,11877,11878,1
Mycobacterium_shimoidei,11992,11994,2
Mycobacterium_shimoidei,12029,12030,1
Mycobacterium_shimoidei,12068,12069,1
Mycobacterium_shimoidei,12207,12208,1
Mycobacterium_shimoidei,12213,12214,1
Mycobacterium_shimoidei,12218,12222,4
Mycobacterium_shimoidei,12226,12227,1
Mycobacterium_shimoidei,12237,12238,1
Mycobacterium_shimoidei,12360,12369,9
Mycobacterium_shimoidei,12371,12372,1
Mycobacterium_shimoidei,12374,12375,1
Mycobacterium_shimoidei,12384,12390,6
Mycobacterium_shimoidei,12391,12400,9
Mycobacterium_shimoidei,12454,12455,1
Mycobacterium_shimoidei,12739,12740,1
Mycobacterium_shimoidei,12798,12925,127
Mycobacterium_shimoidei,13453,13454,1
Mycobacterium_shimoidei,13508,13509,1
Mycobacterium_syngnathidarum,1,10,9
Mycobacterium_syngnathidarum,21,39,18
Mycobacterium_syngnathidarum,43,46,3
Mycobacterium_syngnathidarum,48,110,62
Mycobacterium_syngnathidarum,117,132,15
Mycobacterium_syngnathidarum,133,136,3
Mycobacterium_syngnathidarum,346,349,3
Mycobacterium_syngnathidarum,1542,1691,149
Mycobacterium_syngnathidarum,3269,3272,3
Mycobacterium_syngnathidarum,3317,3361,44
Mycobacterium_syngnathidarum,3364,3365,1
Mycobacterium_syngnathidarum,3373,3374,1
Mycobacterium_syngnathidarum,3409,3421,12
Mycobacterium_syngnathidarum,3424,3478,54
Mycobacterium_syngnathidarum,3485,3491,6
Mycobacterium_syngnathidarum,3642,3645,3
Mycobacterium_syngnathidarum,3650,3653,3
Mycobacterium_syngnathidarum,3655,3667,12
Mycobacterium_syngnathidarum,3782,3788,6
Mycobacterium_syngnathidarum,4400,4406,6
Mycobacterium_syngnathidarum,4407,4413,6
Mycobacterium_syngnathidarum,4417,4426,9
Mycobacterium_syngnathidarum,4432,4445,13
Mycobacterium_syngnathidarum,4452,4455,3
Mycobacterium_syngnathidarum,4456,4462,6
Mycobacterium_syngnathidarum,4468,4474,6
Mycobacterium_syngnathidarum,4475,4481,6
Mycobacterium_syngnathidarum,4483,4486,3
Mycobacterium_syngnathidarum,4540,4552,12
Mycobacterium_syngnathidarum,4555,4564,9
Mycobacterium_syngnathidarum,4567,4573,6
Mycobacterium_syngnathidarum,4582,4585,3
Mycobacterium_syngnathidarum,5163,5169,6
Mycobacterium_syngnathidarum,5170,5179,9
Mycobacterium_syngnathidarum,5181,5190,9
Mycobacterium_syngnathidarum,5197,5199,2
Mycobacterium_syngnathidarum,5201,5204,3
Mycobacterium_syngnathidarum,5206,5214,8
Mycobacterium_syngnathidarum,5218,5230,12
Mycobacterium_syngnathidarum,5231,5241,10
Mycobacterium_syngnathidarum,5247,5253,6
Mycobacterium_syngnathidarum,5401,5402,1
Mycobacterium_syngnathidarum,6015,6016,1
Mycobacterium_syngnathidarum,6431,6452,21
Mycobacterium_syngnathidarum,6456,6462,6
Mycobacterium_syngnathidarum,6470,6494,24
Mycobacterium_syngnathidarum,7178,7254,76
Mycobacterium_syngnathidarum,7260,7268,8
Mycobacterium_syngnathidarum,7760,7763,3
Mycobacterium_syngnathidarum,8452,8500,48
Mycobacterium_syngnathidarum,8577,8578,1
Mycobacterium_syngnathidarum,8584,8599,15
Mycobacterium_syngnathidarum,8600,8604,4
Mycobacterium_syngnathidarum,8609,8610,1
Mycobacterium_syngnathidarum,8661,8662,1
Mycobacterium_syngnathidarum,8703,8704,1
Mycobacterium_syngnathidarum,8720,8721,1
Mycobacterium_syngnathidarum,8733,8735,2
Mycobacterium_syngnathidarum,8739,8742,3
Mycobacterium_syngnathidarum,8930,8931,1
Mycobacterium_syngnathidarum,8980,8982,2
Mycobacterium_syngnathidarum,8984,8998,14
Mycobacterium_syngnathidarum,9120,9121,1
Mycobacterium_syngnathidarum,9370,9372,2
Mycobacterium_syngnathidarum,9546,9547,1
Mycobacterium_syngnathidarum,9812,9813,1
Mycobacterium_syngnathidarum,9982,9984,2
Mycobacterium_syngnathidarum,9985,9986,1
Mycobacterium_syngnathidarum,10076,10078,2
Mycobacterium_syngnathidarum,10157,10158,1
Mycobacterium_syngnathidarum,10261,10262,1
Mycobacterium_syngnathidarum,10310,10312,2
Mycobacterium_syngnathidarum,10313,10315,2
Mycobacterium_syngnathidarum,10325,10326,1
Mycobacterium_syngnathidarum,10370,10371,1
Mycobacterium_syngnathidarum,10416,10417,1
Mycobacterium_syngnathidarum,10434,10435,1
Mycobacterium_syngnathidarum,10448,10449,1
Mycobacterium_syngnathidarum,10476,10477,1
Mycobacterium_syngnathidarum,10491,10492,1
Mycobacterium_syngnathidarum,10526,10527,1
Mycobacterium_syngnathidarum,10539,10540,1
Mycobacterium_syngnathidarum,10547,10649,102
Mycobacterium_syngnathidarum,10828,10831,3
Mycobacterium_syngnathidarum,10835,10843,8
Mycobacterium_syngnathidarum,10864,10865,1
Mycobacterium_syngnathidarum,10914,10915,1
Mycobacterium_syngnathidarum,10965,10966,1
Mycobacterium_syngnathidarum,10971,10975,4
Mycobacterium_syngnathidarum,11085,11086,1
Mycobacterium_syngnathidarum,11143,11144,1
Mycobacterium_syngnathidarum,11243,11244,1
Mycobacterium_syngnathidarum,11260,11261,1
Mycobacterium_syngnathidarum,11286,11287,1
Mycobacterium_syngnathidarum,11312,11313,1
Mycobacterium_syngnathidarum,11473,11474,1
Mycobacterium_syngnathidarum,11505,11512,7
Mycobacterium_syngnathidarum,11513,11514,1
Mycobacterium_syngnathidarum,11516,11517,1
Mycobacterium_syngnathidarum,11520,11521,1
Mycobacterium_syngnathidarum,11524,11541,17
Mycobacterium_syngnathidarum,11566,11567,1
Mycobacterium_syngnathidarum,11782,11783,1
Mycobacterium_syngnathidarum,11823,11824,1
Mycobacterium_syngnathidarum,11826,11827,1
Mycobacterium_syngnathidarum,11831,11836,5
Mycobacterium_syngnathidarum,11846,11850,4
Mycobacterium_syngnathidarum,11851,11852,1
Mycobacterium_syngnathidarum,11859,11860,1
Mycobacterium_syngnathidarum,11864,11865,1
Mycobacterium_syngnathidarum,11877,11878,1
Mycobacterium_syngnathidarum,11993,11995,2
Mycobacterium_syngnathidarum,12029,12030,1
Mycobacterium_syngnathidarum,12068,12069,1
Mycobacterium_syngnathidarum,12207,12208,1
Mycobacterium_syngnathidarum,12211,12212,1
Mycobacterium_syngnathidarum,12213,12214,1
Mycobacterium_syngnathidarum,12218,12222,4
Mycobacterium_syngnathidarum,12226,12227,1
Mycobacterium_syngnathidarum,12237,12238,1
Mycobacterium_syngnathidarum,12360,12372,12
Mycobacterium_syngnathidarum,12374,12375,1
Mycobacterium_syngnathidarum,12378,12381,3
Mycobacterium_syngnathidarum,12384,12390,6
Mycobacterium_syngnathidarum,12391,12400,9
Mycobacterium_syngnathidarum,12454,12455,1
Mycobacterium_syngnathidarum,12739,12740,1
Mycobacterium_syngnathidarum,12798,12925,127
Mycobacterium_syngnathidarum,13451,13452,1
Mycobacterium_syngnathidarum,13453,13454,1
Mycobacterium_syngnathidarum,13508,13509,1
Mycobacteroides_franklinii,1,10,9
Mycobacteroides_franklinii,24,39,15
Mycobacteroides_franklinii,43,46,3
Mycobacteroides_franklinii,53,115,62
Mycobacteroides_franklinii,117,132,15
Mycobacteroides_franklinii,133,136,3
Mycobacteroides_franklinii,346,349,3
Mycobacteroides_franklinii,1542,1691,149
Mycobacteroides_franklinii,3320,3326,6
Mycobacteroides_franklinii,3333,3361,28
Mycobacteroides_franklinii,3364,3365,1
Mycobacteroides_franklinii,3372,3374,2
Mycobacteroides_franklinii,3411,3480,69
Mycobacteroides_franklinii,3485,3491,6
Mycobacteroides_franklinii,3642,3645,3
Mycobacteroides_franklinii,3650,3653,3
Mycobacteroides_franklinii,3655,3667,12
Mycobacteroides_franklinii,3782,3788,6
Mycobacteroides_franklinii,4400,4406,6
Mycobacteroides_franklinii,4407,4413,6
Mycobacteroides_franklinii,4424,4425,1
Mycobacteroides_franklinii,4433,4445,12
Mycobacteroides_franklinii,4452,4455,3
Mycobacteroides_franklinii,4456,4462,6
Mycobacteroides_franklinii,4468,4486,18
Mycobacteroides_franklinii,4540,4552,12
Mycobacteroides_franklinii,4555,4564,9
Mycobacteroides_franklinii,4567,4573,6
Mycobacteroides_franklinii,4582,4585,3
Mycobacteroides_franklinii,5163,5169,6
Mycobacteroides_franklinii,5170,5179,9
Mycobacteroides_franklinii,5181,5190,9
Mycobacteroides_franklinii,5197,5199,2
Mycobacteroides_franklinii,5201,5204,3
Mycobacteroides_franklinii,5206,5214,8
Mycobacteroides_franklinii,5218,5230,12
Mycobacteroides_franklinii,5231,5241,10
Mycobacteroides_franklinii,5247,5253,6
Mycobacteroides_franklinii,5401,5402,1
Mycobacteroides_franklinii,6015,6016,1
Mycobacteroides_franklinii,6431,6467,36
Mycobacteroides_franklinii,6478,6487,9
Mycobacteroides_franklinii,7178,7254,76
Mycobacteroides_franklinii,7260,7268,8
Mycobacteroides_franklinii,8452,8500,48
Mycobacteroides_franklinii,8577,8578,1
Mycobacteroides_franklinii,8584,8603,19
Mycobacteroides_franklinii,8609,8610,1
Mycobacteroides_franklinii,8661,8662,1
Mycobacteroides_franklinii,8703,8704,1
Mycobacteroides_franklinii,8720,8721,1
Mycobacteroides_franklinii,8733,8735,2
Mycobacteroides_franklinii,8739,8742,3
Mycobacteroides_franklinii,8930,8931,1
Mycobacteroides_franklinii,8981,8997,16
Mycobacteroides_franklinii,9120,9121,1
Mycobacteroides_franklinii,9370,9372,2
Mycobacteroides_franklinii,9546,9547,1
Mycobacteroides_franklinii,9812,9814,2
Mycobacteroides_franklinii,9982,9986,4
Mycobacteroides_franklinii,10076,10078,2
Mycobacteroides_franklinii,10157,10158,1
Mycobacteroides_franklinii,10261,10262,1
Mycobacteroides_franklinii,10310,10312,2
Mycobacteroides_franklinii,10313,10315,2
Mycobacteroides_franklinii,10325,10326,1
Mycobacteroides_franklinii,10370,10371,1
Mycobacteroides_franklinii,10434,10435,1
Mycobacteroides_franklinii,10448,10449,1
Mycobacteroides_franklinii,10476,10477,1
Mycobacteroides_franklinii,10491,10492,1
Mycobacteroides_franklinii,10526,10527,1
Mycobacteroides_franklinii,10546,10649,103
Mycobacteroides_franklinii,10828,10839,11
Mycobacteroides_franklinii,10841,10846,5
Mycobacteroides_franklinii,10864,10865,1
Mycobacteroides_franklinii,10914,10915,1
Mycobacteroides_franklinii,10955,10974,19
Mycobacteroides_franklinii,10975,10980,5
Mycobacteroides_franklinii,11085,11086,1
Mycobacteroides_franklinii,11143,11144,1
Mycobacteroides_franklinii,11243,11244,1
Mycobacteroides_franklinii,11260,11261,1
Mycobacteroides_franklinii,11265,11267,2
Mycobacteroides_franklinii,11286,11287,1
Mycobacteroides_franklinii,11312,11313,1
Mycobacteroides_franklinii,11473,11474,1
Mycobacteroides_franklinii,11520,11521,1
Mycobacteroides_franklinii,11532,11533,1
Mycobacteroides_franklinii,11566,11567,1
Mycobacteroides_franklinii,11635,11636,1
Mycobacteroides_franklinii,11782,11783,1
Mycobacteroides_franklinii,11823,11824,1
Mycobacteroides_franklinii,11826,11827,1
Mycobacteroides_franklinii,11831,11836,5
Mycobacteroides_franklinii,11847,11852,5
Mycobacteroides_franklinii,11859,11860,1
Mycobacteroides_franklinii,11864,11866,2
Mycobacteroides_franklinii,11877,11878,1
Mycobacteroides_franklinii,11992,11994,2
Mycobacteroides_franklinii,12029,12030,1
Mycobacteroides_franklinii,12068,12069,1
Mycobacteroides_franklinii,12194,12195,1
Mycobacteroides_franklinii,12211,12214,3
Mycobacteroides_franklinii,12220,12221,1
Mycobacteroides_franklinii,12222,12227,5
Mycobacteroides_franklinii,12237,12238,1
Mycobacteroides_franklinii,12360,12369,9
Mycobacteroides_franklinii,12371,12372,1
Mycobacteroides_franklinii,12374,12388,14
Mycobacteroides_franklinii,12391,12400,9
Mycobacteroides_franklinii,12454,12455,1
Mycobacteroides_franklinii,12739,12740,1
Mycobacteroides_franklinii,12798,12925,127
Mycobacteroides_franklinii,13451,13452,1
Mycobacteroides_franklinii,13453,13454,1
Mycobacteroides_franklinii,13508,13509,1
Mycobacterium_talmoniae,1,10,9
Mycobacterium_talmoniae,21,39,18
Mycobacterium_talmoniae,43,46,3
Mycobacterium_talmoniae,64,102,38
Mycobacterium_talmoniae,117,132,15
Mycobacterium_talmoniae,133,136,3
Mycobacterium_talmoniae,346,349,3
Mycobacterium_talmoniae,1542,1691,149
Mycobacterium_talmoniae,3317,3381,64
Mycobacterium_talmoniae,3409,3420,11
Mycobacterium_talmoniae,3424,3479,55
Mycobacterium_talmoniae,3488,3491,3
Mycobacterium_talmoniae,3642,3645,3
Mycobacterium_talmoniae,3650,3653,3
Mycobacterium_talmoniae,3655,3666,11
Mycobacterium_talmoniae,3671,3672,1
Mycobacterium_talmoniae,3782,3788,6
Mycobacterium_talmoniae,4400,4406,6
Mycobacterium_talmoniae,4409,4446,37
Mycobacterium_talmoniae,4452,4455,3
Mycobacterium_talmoniae,4456,4462,6
Mycobacterium_talmoniae,4468,4471,3
Mycobacterium_talmoniae,4475,4478,3
Mycobacterium_talmoniae,4483,4486,3
Mycobacterium_talmoniae,4540,4552,12
Mycobacterium_talmoniae,4555,4564,9
Mycobacterium_talmoniae,4567,4573,6
Mycobacterium_talmoniae,4581,4584,3
Mycobacterium_talmoniae,5163,5169,6
Mycobacterium_talmoniae,5170,5179,9
Mycobacterium_talmoniae,5181,5190,9
Mycobacterium_talmoniae,5197,5199,2
Mycobacterium_talmoniae,5201,5204,3
Mycobacterium_talmoniae,5206,5214,8
Mycobacterium_talmoniae,5218,5230,12
Mycobacterium_talmoniae,5231,5241,10
Mycobacterium_talmoniae,5247,5253,6
Mycobacterium_talmoniae,5401,5402,1
Mycobacterium_talmoniae,6015,6016,1
Mycobacterium_talmoniae,6431,6467,36
Mycobacterium_talmoniae,6470,6494,24
Mycobacterium_talmoniae,7178,7254,76
Mycobacterium_talmoniae,7260,7268,8
Mycobacterium_talmoniae,7760,7763,3
Mycobacterium_talmoniae,8452,8500,48
Mycobacterium_talmoniae,8577,8578,1
Mycobacterium_talmoniae,8584,8599,15
Mycobacterium_talmoniae,8601,8603,2
Mycobacterium_talmoniae,8609,8610,1
Mycobacterium_talmoniae,8661,8662,1
Mycobacterium_talmoniae,8703,8704,1
Mycobacterium_talmoniae,8720,8721,1
Mycobacterium_talmoniae,8733,8734,1
Mycobacterium_talmoniae,8930,8931,1
Mycobacterium_talmoniae,8981,8997,16
Mycobacterium_talmoniae,9120,9121,1
Mycobacterium_talmoniae,9370,9371,1
Mycobacterium_talmoniae,9546,9547,1
Mycobacterium_talmoniae,9812,9814,2
Mycobacterium_talmoniae,9983,9986,3
Mycobacterium_talmoniae,10076,10078,2
Mycobacterium_talmoniae,10157,10158,1
Mycobacterium_talmoniae,10261,10262,1
Mycobacterium_talmoniae,10310,10312,2
Mycobacterium_talmoniae,10313,10315,2
Mycobacterium_talmoniae,10325,10326,1
Mycobacterium_talmoniae,10370,10371,1
Mycobacterium_talmoniae,10416,10417,1
Mycobacterium_talmoniae,10434,10435,1
Mycobacterium_talmoniae,10448,10449,1
Mycobacterium_talmoniae,10476,10477,1
Mycobacterium_talmoniae,10491,10492,1
Mycobacterium_talmoniae,10526,10527,1
Mycobacterium_talmoniae,10548,10649,101
Mycobacterium_talmoniae,10828,10830,2
Mycobacterium_talmoniae,10832,10833,1
Mycobacterium_talmoniae,10835,10843,8
Mycobacterium_talmoniae,10864,10865,1
Mycobacterium_talmoniae,10914,10915,1
Mycobacterium_talmoniae,10959,10966,7
Mycobacterium_talmoniae,10971,10975,4
Mycobacterium_talmoniae,11085,11086,1
Mycobacterium_talmoniae,11143,11144,1
Mycobacterium_talmoniae,11243,11244,1
Mycobacterium_talmoniae,11260,11261,1
Mycobacterium_talmoniae,11264,11267,3
Mycobacterium_talmoniae,11286,11287,1
Mycobacterium_talmoniae,11312,11313,1
Mycobacterium_talmoniae,11473,11474,1
Mycobacterium_talmoniae,11505,11512,7
Mycobacterium_talmoniae,11513,11514,1
Mycobacterium_talmoniae,11516,11531,15
Mycobacterium_talmoniae,11532,11533,1
Mycobacterium_talmoniae,11566,11567,1
Mycobacterium_talmoniae,11782,11783,1
Mycobacterium_talmoniae,11823,11824,1
Mycobacterium_talmoniae,11826,11827,1
Mycobacterium_talmoniae,11831,11836,5
Mycobacterium_talmoniae,11847,11852,5
Mycobacterium_talmoniae,11859,11860,1
Mycobacterium_talmoniae,11864,11866,2
Mycobacterium_talmoniae,11877,11878,1
Mycobacterium_talmoniae,12029,12030,1
Mycobacterium_talmoniae,12068,12069,1
Mycobacterium_talmoniae,12207,12208,1
Mycobacterium_talmoniae,12211,12212,1
Mycobacterium_talmoniae,12213,12214,1
Mycobacterium_talmoniae,12218,12222,4
Mycobacterium_talmoniae,12225,12227,2
Mycobacterium_talmoniae,12237,12238,1
Mycobacterium_talmoniae,12360,12369,9
Mycobacterium_talmoniae,12370,12382,12
Mycobacterium_talmoniae,12384,12390,6
Mycobacterium_talmoniae,12454,12455,1
Mycobacterium_talmoniae,12739,12740,1
Mycobacterium_talmoniae,12798,12925,127
Mycobacterium_talmoniae,13451,13452,1
Mycobacterium_talmoniae,13453,13454,1
Mycobacterium_talmoniae,13508,13509,1
Mycobacterium_paraffinicum,1,10,9
Mycobacterium_paraffinicum,21,39,18
Mycobacterium_paraffinicum,43,46,3
Mycobacterium_paraffinicum,62,71,9
Mycobacterium_paraffinicum,87,107,20
Mycobacterium_paraffinicum,117,132,15
Mycobacterium_paraffinicum,133,136,3
Mycobacterium_paraffinicum,346,349,3
Mycobacterium_paraffinicum,1542,1583,41
Mycobacterium_paraffinicum,1587,1676,89
Mycobacterium_paraffinicum,1678,1691,13
Mycobacterium_paraffinicum,3317,3381,64
Mycobacterium_paraffinicum,3414,3420,6
Mycobacterium_paraffinicum,3424,3460,36
Mycobacterium_paraffinicum,3476,3479,3
Mycobacterium_paraffinicum,3485,3491,6
Mycobacterium_paraffinicum,3642,3645,3
Mycobacterium_paraffinicum,3650,3653,3
Mycobacterium_paraffinicum,3655,3667,12
Mycobacterium_paraffinicum,3782,3788,6
Mycobacterium_paraffinicum,4400,4406,6
Mycobacterium_paraffinicum,4407,4413,6
Mycobacterium_paraffinicum,4417,4426,9
Mycobacterium_paraffinicum,4432,4445,13
Mycobacterium_paraffinicum,4452,4455,3
Mycobacterium_paraffinicum,4456,4462,6
Mycobacterium_paraffinicum,4468,4480,12
Mycobacterium_paraffinicum,4483,4486,3
Mycobacterium_paraffinicum,4555,4564,9
Mycobacterium_paraffinicum,4567,4573,6
Mycobacterium_paraffinicum,5163,5169,6
Mycobacterium_paraffinicum,5170,5179,9
Mycobacterium_paraffinicum,5181,5190,9
Mycobacterium_paraffinicum,5197,5199,2
Mycobacterium_paraffinicum,5201,5204,3
Mycobacterium_paraffinicum,5206,5214,8
Mycobacterium_paraffinicum,5218,5230,12
Mycobacterium_paraffinicum,5231,5241,10
Mycobacterium_paraffinicum,5247,5253,6
Mycobacterium_paraffinicum,5401,5402,1
Mycobacterium_paraffinicum,6015,6016,1
Mycobacterium_paraffinicum,6428,6464,36
Mycobacterium_paraffinicum,6470,6494,24
Mycobacterium_paraffinicum,7178,7254,76
Mycobacterium_paraffinicum,7260,7268,8
Mycobacterium_paraffinicum,7760,7763,3
Mycobacterium_paraffinicum,8452,8500,48
Mycobacterium_paraffinicum,8577,8578,1
Mycobacterium_paraffinicum,8584,8599,15
Mycobacterium_paraffinicum,8601,8603,2
Mycobacterium_paraffinicum,8609,8610,1
Mycobacterium_paraffinicum,8661,8662,1
Mycobacterium_paraffinicum,8703,8704,1
Mycobacterium_paraffinicum,8720,8721,1
Mycobacterium_paraffinicum,8733,8735,2
Mycobacterium_paraffinicum,8739,8742,3
Mycobacterium_paraffinicum,8930,8931,1
Mycobacterium_paraffinicum,8980,8982,2
Mycobacterium_paraffinicum,8985,8988,3
Mycobacterium_paraffinicum,8996,8998,2
Mycobacterium_paraffinicum,9120,9121,1
Mycobacterium_paraffinicum,9370,9372,2
Mycobacterium_paraffinicum,9546,9547,1
Mycobacterium_paraffinicum,9812,9813,1
Mycobacterium_paraffinicum,9980,9981,1
Mycobacterium_paraffinicum,9983,9986,3
Mycobacterium_paraffinicum,10157,10158,1
Mycobacterium_paraffinicum,10261,10262,1
Mycobacterium_paraffinicum,10310,10312,2
Mycobacterium_paraffinicum,10313,10315,2
Mycobacterium_paraffinicum,10325,10326,1
Mycobacterium_paraffinicum,10352,10353,1
Mycobacterium_paraffinicum,10370,10371,1
Mycobacterium_paraffinicum,10434,10435,1
Mycobacterium_paraffinicum,10448,10449,1
Mycobacterium_paraffinicum,10476,10477,1
Mycobacterium_paraffinicum,10491,10492,1
Mycobacterium_paraffinicum,10526,10527,1
Mycobacterium_paraffinicum,10546,10649,103
Mycobacterium_paraffinicum,10828,10830,2
Mycobacterium_paraffinicum,10832,10846,14
Mycobacterium_paraffinicum,10864,10865,1
Mycobacterium_paraffinicum,10914,10915,1
Mycobacterium_paraffinicum,10965,10977,12
Mycobacterium_paraffinicum,11085,11086,1
Mycobacterium_paraffinicum,11143,11144,1
Mycobacterium_paraffinicum,11243,11244,1
Mycobacterium_paraffinicum,11260,11261,1
Mycobacterium_paraffinicum,11262,11263,1
Mycobacterium_paraffinicum,11265,11267,2
Mycobacterium_paraffinicum,11286,11287,1
Mycobacterium_paraffinicum,11312,11313,1
Mycobacterium_paraffinicum,11473,11474,1
Mycobacterium_paraffinicum,11505,11534,29
Mycobacterium_paraffinicum,11566,11567,1
Mycobacterium_paraffinicum,11590,11591,1
Mycobacterium_paraffinicum,11782,11783,1
Mycobacterium_paraffinicum,11823,11824,1
Mycobacterium_paraffinicum,11826,11827,1
Mycobacterium_paraffinicum,11831,11836,5
Mycobacterium_paraffinicum,11848,11850,2
Mycobacterium_paraffinicum,11851,11852,1
Mycobacterium_paraffinicum,11859,11860,1
Mycobacterium_paraffinicum,11862,11866,4
Mycobacterium_paraffinicum,11877,11878,1
Mycobacterium_paraffinicum,11993,11994,1
Mycobacterium_paraffinicum,12029,12030,1
Mycobacterium_paraffinicum,12068,12069,1
Mycobacterium_paraffinicum,12207,12208,1
Mycobacterium_paraffinicum,12211,12212,1
Mycobacterium_paraffinicum,12213,12214,1
Mycobacterium_paraffinicum,12218,12222,4
Mycobacterium_paraffinicum,12225,12227,2
Mycobacterium_paraffinicum,12237,12238,1
Mycobacterium_paraffinicum,12360,12369,9
Mycobacterium_paraffinicum,12371,12380,9
Mycobacterium_paraffinicum,12384,12390,6
Mycobacterium_paraffinicum,12391,12400,9
Mycobacterium_paraffinicum,12454,12455,1
Mycobacterium_paraffinicum,12738,12740,2
Mycobacterium_paraffinicum,12798,12925,127
Mycobacterium_paraffinicum,13451,13452,1
Mycobacterium_paraffinicum,13453,13454,1
Mycobacterium_paraffinicum,13508,13509,1
Mycolicibacterium_bacteremicum,1,10,9
Mycolicibacterium_bacteremicum,21,39,18
Mycolicibacterium_bacteremicum,43,46,3
Mycolicibacterium_bacteremicum,48,110,62
Mycolicibacterium_bacteremicum,118,130,12
Mycolicibacterium_bacteremicum,133,136,3
Mycolicibacterium_bacteremicum,346,349,3
Mycolicibacterium_bacteremicum,1542,1691,149
Mycolicibacterium_bacteremicum,3317,3365,48
Mycolicibacterium_bacteremicum,3373,3374,1
Mycolicibacterium_bacteremicum,3408,3480,72
Mycolicibacterium_bacteremicum,3485,3491,6
Mycolicibacterium_bacteremicum,3642,3645,3
Mycolicibacterium_bacteremicum,3650,3653,3
Mycolicibacterium_bacteremicum,3655,3667,12
Mycolicibacterium_bacteremicum,3782,3788,6
Mycolicibacterium_bacteremicum,4400,4406,6
Mycolicibacterium_bacteremicum,4407,4413,6
Mycolicibacterium_bacteremicum,4417,4426,9
Mycolicibacterium_bacteremicum,4432,4445,13
Mycolicibacterium_bacteremicum,4452,4455,3
Mycolicibacterium_bacteremicum,4456,4462,6
Mycolicibacterium_bacteremicum,4468,4474,6
Mycolicibacterium_bacteremicum,4475,4481,6
Mycolicibacterium_bacteremicum,4483,4486,3
Mycolicibacterium_bacteremicum,4540,4552,12
Mycolicibacterium_bacteremicum,4555,4564,9
Mycolicibacterium_bacteremicum,4567,4573,6
Mycolicibacterium_bacteremicum,4582,4585,3
Mycolicibacterium_bacteremicum,5163,5169,6
Mycolicibacterium_bacteremicum,5170,5179,9
Mycolicibacterium_bacteremicum,5181,5190,9
Mycolicibacterium_bacteremicum,5197,5199,2
Mycolicibacterium_bacteremicum,5201,5204,3
Mycolicibacterium_bacteremicum,5206,5214,8
Mycolicibacterium_bacteremicum,5218,5230,12
Mycolicibacterium_bacteremicum,5231,5241,10
Mycolicibacterium_bacteremicum,5247,5253,6
Mycolicibacterium_bacteremicum,5401,5402,1
Mycolicibacterium_bacteremicum,6015,6016,1
Mycolicibacterium_bacteremicum,6431,6467,36
Mycolicibacterium_bacteremicum,6470,6494,24
Mycolicibacterium_bacteremicum,7178,7254,76
Mycolicibacterium_bacteremicum,7260,7268,8
Mycolicibacterium_bacteremicum,7760,7763,3
Mycolicibacterium_bacteremicum,8452,8500,48
Mycolicibacterium_bacteremicum,8577,8578,1
Mycolicibacterium_bacteremicum,8584,8599,15
Mycolicibacterium_bacteremicum,8600,8604,4
Mycolicibacterium_bacteremicum,8609,8610,1
Mycolicibacterium_bacteremicum,8661,8662,1
Mycolicibacterium_bacteremicum,8703,8704,1
Mycolicibacterium_bacteremicum,8720,8721,1
Mycolicibacterium_bacteremicum,8733,8735,2
Mycolicibacterium_bacteremicum,8739,8742,3
Mycolicibacterium_bacteremicum,8930,8931,1
Mycolicibacterium_bacteremicum,8980,8982,2
Mycolicibacterium_bacteremicum,8984,8998,14
Mycolicibacterium_bacteremicum,9120,9121,1
Mycolicibacterium_bacteremicum,9370,9372,2
Mycolicibacterium_bacteremicum,9546,9547,1
Mycolicibacterium_bacteremicum,9812,9813,1
Mycolicibacterium_bacteremicum,9985,9986,1
Mycolicibacterium_bacteremicum,10076,10078,2
Mycolicibacterium_bacteremicum,10157,10158,1
Mycolicibacterium_bacteremicum,10261,10262,1
Mycolicibacterium_bacteremicum,10310,10312,2
Mycolicibacterium_bacteremicum,10313,10315,2
Mycolicibacterium_bacteremicum,10325,10326,1
Mycolicibacterium_bacteremicum,10370,10371,1
Mycolicibacterium_bacteremicum,10416,10417,1
Mycolicibacterium_bacteremicum,10434,10435,1
Mycolicibacterium_bacteremicum,10448,10449,1
Mycolicibacterium_bacteremicum,10461,10462,1
Mycolicibacterium_bacteremicum,10475,10477,2
Mycolicibacterium_bacteremicum,10491,10492,1
Mycolicibacterium_bacteremicum,10526,10527,1
Mycolicibacterium_bacteremicum,10547,10649,102
Mycolicibacterium_bacteremicum,10828,10830,2
Mycolicibacterium_bacteremicum,10835,10843,8
Mycolicibacterium_bacteremicum,10864,10865,1
Mycolicibacterium_bacteremicum,10914,10915,1
Mycolicibacterium_bacteremicum,10965,10966,1
Mycolicibacterium_bacteremicum,10971,10975,4
Mycolicibacterium_bacteremicum,11085,11086,1
Mycolicibacterium_bacteremicum,11143,11144,1
Mycolicibacterium_bacteremicum,11243,11244,1
Mycolicibacterium_bacteremicum,11260,11261,1
Mycolicibacterium_bacteremicum,11265,11267,2
Mycolicibacterium_bacteremicum,11286,11287,1
Mycolicibacterium_bacteremicum,11312,11313,1
Mycolicibacterium_bacteremicum,11473,11474,1
Mycolicibacterium_bacteremicum,11505,11512,7
Mycolicibacterium_bacteremicum,11513,11514,1
Mycolicibacterium_bacteremicum,11520,11531,11
Mycolicibacterium_bacteremicum,11532,11533,1
Mycolicibacterium_bacteremicum,11534,11535,1
Mycolicibacterium_bacteremicum,11566,11567,1
Mycolicibacterium_bacteremicum,11782,11783,1
Mycolicibacterium_bacteremicum,11823,11824,1
Mycolicibacterium_bacteremicum,11826,11827,1
Mycolicibacterium_bacteremicum,11831,11836,5
Mycolicibacterium_bacteremicum,11846,11850,4
Mycolicibacterium_bacteremicum,11851,11852,1
Mycolicibacterium_bacteremicum,11859,11860,1
Mycolicibacterium_bacteremicum,11877,11878,1
Mycolicibacterium_bacteremicum,11993,11995,2
Mycolicibacterium_bacteremicum,12029,12030,1
Mycolicibacterium_bacteremicum,12068,12069,1
Mycolicibacterium_bacteremicum,12207,12208,1
Mycolicibacterium_bacteremicum,12211,12212,1
Mycolicibacterium_bacteremicum,12213,12214,1
Mycolicibacterium_bacteremicum,12218,12222,4
Mycolicibacterium_bacteremicum,12226,12227,1
Mycolicibacterium_bacteremicum,12237,12238,1
Mycolicibacterium_bacteremicum,12360,12369,9
Mycolicibacterium_bacteremicum,12371,12372,1
Mycolicibacterium_bacteremicum,12374,12375,1
Mycolicibacterium_bacteremicum,12377,12382,5
Mycolicibacterium_bacteremicum,12384,12390,6
Mycolicibacterium_bacteremicum,12391,12400,9
Mycolicibacterium_bacteremicum,12454,12455,1
Mycolicibacterium_bacteremicum,12739,12740,1
Mycolicibacterium_bacteremicum,12798,12925,127
Mycolicibacterium_bacteremicum,13451,13452,1
Mycolicibacterium_bacteremicum,13453,13454,1
Mycolicibacterium_bacteremicum,13508,13509,1
Mycobacterium_arosiense,1,10,9
Mycobacterium_arosiense,21,39,18
Mycobacterium_arosiense,43,46,3
Mycobacterium_arosiense,53,80,27
Mycobacterium_arosiense,87,107,20
Mycobacterium_arosiense,117,132,15
Mycobacterium_arosiense,133,136,3
Mycobacterium_arosiense,346,349,3
Mycobacterium_arosiense,1542,1583,41
Mycobacterium_arosiense,1587,1676,89
Mycobacterium_arosiense,1678,1691,13
Mycobacterium_arosiense,3317,3381,64
Mycobacterium_arosiense,3414,3420,6
Mycobacterium_arosiense,3424,3460,36
Mycobacterium_arosiense,3476,3479,3
Mycobacterium_arosiense,3485,3491,6
Mycobacterium_arosiense,3642,3645,3
Mycobacterium_arosiense,3650,3653,3
Mycobacterium_arosiense,3660,3672,12
Mycobacterium_arosiense,3782,3788,6
Mycobacterium_arosiense,4400,4406,6
Mycobacterium_arosiense,4407,4413,6
Mycobacterium_arosiense,4417,4426,9
Mycobacterium_arosiense,4432,4445,13
Mycobacterium_arosiense,4452,4455,3
Mycobacterium_arosiense,4456,4462,6
Mycobacterium_arosiense,4468,4480,12
Mycobacterium_arosiense,4483,4486,3
Mycobacterium_arosiense,4540,4552,12
Mycobacterium_arosiense,4555,4564,9
Mycobacterium_arosiense,4567,4573,6
Mycobacterium_arosiense,4581,4584,3
Mycobacterium_arosiense,5163,5169,6
Mycobacterium_arosiense,5170,5179,9
Mycobacterium_arosiense,5181,5190,9
Mycobacterium_arosiense,5197,5199,2
Mycobacterium_arosiense,5201,5204,3
Mycobacterium_arosiense,5206,5214,8
Mycobacterium_arosiense,5218,5230,12
Mycobacterium_arosiense,5231,5241,10
Mycobacterium_arosiense,5247,5253,6
Mycobacterium_arosiense,5401,5402,1
Mycobacterium_arosiense,6015,6016,1
Mycobacterium_arosiense,6428,6464,36
Mycobacterium_arosiense,6470,6494,24
Mycobacterium_arosiense,7178,7254,76
Mycobacterium_arosiense,7260,7268,8
Mycobacterium_arosiense,7760,7763,3
Mycobacterium_arosiense,8452,8500,48
Mycobacterium_arosiense,8577,8578,1
Mycobacterium_arosiense,8584,8599,15
Mycobacterium_arosiense,8601,8603,2
Mycobacterium_arosiense,8609,8610,1
Mycobacterium_arosiense,8661,8662,1
Mycobacterium_arosiense,8703,8704,1
Mycobacterium_arosiense,8720,8721,1
Mycobacterium_arosiense,8733,8735,2
Mycobacterium_arosiense,8739,8742,3
Mycobacterium_arosiense,8930,8931,1
Mycobacterium_arosiense,8980,8982,2
Mycobacterium_arosiense,8996,8998,2
Mycobacterium_arosiense,9120,9121,1
Mycobacterium_arosiense,9370,9372,2
Mycobacterium_arosiense,9546,9547,1
Mycobacterium_arosiense,9812,9813,1
Mycobacterium_arosiense,9982,9986,4
Mycobacterium_arosiense,10076,10078,2
Mycobacterium_arosiense,10157,10158,1
Mycobacterium_arosiense,10261,10262,1
Mycobacterium_arosiense,10310,10312,2
Mycobacterium_arosiense,10313,10315,2
Mycobacterium_arosiense,10325,10326,1
Mycobacterium_arosiense,10352,10353,1
Mycobacterium_arosiense,10370,10371,1
Mycobacterium_arosiense,10434,10435,1
Mycobacterium_arosiense,10448,10449,1
Mycobacterium_arosiense,10476,10477,1
Mycobacterium_arosiense,10491,10492,1
Mycobacterium_arosiense,10526,10527,1
Mycobacterium_arosiense,10546,10649,103
Mycobacterium_arosiense,10828,10830,2
Mycobacterium_arosiense,10832,10846,14
Mycobacterium_arosiense,10864,10865,1
Mycobacterium_arosiense,10914,10915,1
Mycobacterium_arosiense,10965,10977,12
Mycobacterium_arosiense,11085,11086,1
Mycobacterium_arosiense,11143,11144,1
Mycobacterium_arosiense,11243,11244,1
Mycobacterium_arosiense,11260,11261,1
Mycobacterium_arosiense,11262,11263,1
Mycobacterium_arosiense,11265,11267,2
Mycobacterium_arosiense,11286,11287,1
Mycobacterium_arosiense,11312,11313,1
Mycobacterium_arosiense,11473,11474,1
Mycobacterium_arosiense,11505,11511,6
Mycobacterium_arosiense,11513,11514,1
Mycobacterium_arosiense,11520,11521,1
Mycobacterium_arosiense,11523,11533,10
Mycobacterium_arosiense,11566,11567,1
Mycobacterium_arosiense,11590,11591,1
Mycobacterium_arosiense,11782,11783,1
Mycobacterium_arosiense,11823,11824,1
Mycobacterium_arosiense,11826,11827,1
Mycobacterium_arosiense,11831,11836,5
Mycobacterium_arosiense,11848,11850,2
Mycobacterium_arosiense,11851,11852,1
Mycobacterium_arosiense,11859,11860,1
Mycobacterium_arosiense,11864,11866,2
Mycobacterium_arosiense,11877,11878,1
Mycobacterium_arosiense,11993,11994,1
Mycobacterium_arosiense,12029,12030,1
Mycobacterium_arosiense,12068,12069,1
Mycobacterium_arosiense,12207,12208,1
Mycobacterium_arosiense,12211,12212,1
Mycobacterium_arosiense,12213,12214,1
Mycobacterium_arosiense,12218,12222,4
Mycobacterium_arosiense,12225,12227,2
Mycobacterium_arosiense,12237,12238,1
Mycobacterium_arosiense,12360,12369,9
Mycobacterium_arosiense,12371,12380,9
Mycobacterium_arosiense,12384,12390,6
Mycobacterium_arosiense,12391,12400,9
Mycobacterium_arosiense,12454,12455,1
Mycobacterium_arosiense,12738,12740,2
Mycobacterium_arosiense,12798,12925,127
Mycobacterium_arosiense,13451,13452,1
Mycobacterium_arosiense,13453,13454,1
Mycobacterium_arosiense,13508,13509,1
Mycobacterium_angelicum,1,10,9
Mycobacterium_angelicum,21,39,18
Mycobacterium_angelicum,43,46,3
Mycobacterium_angelicum,53,71,18
Mycobacterium_angelicum,84,107,23
Mycobacterium_angelicum,117,132,15
Mycobacterium_angelicum,133,136,3
Mycobacterium_angelicum,346,349,3
Mycobacterium_angelicum,1542,1691,149
Mycobacterium_angelicum,3317,3381,64
Mycobacterium_angelicum,3424,3460,36
Mycobacterium_angelicum,3461,3479,18
Mycobacterium_angelicum,3485,3491,6
Mycobacterium_angelicum,3642,3645,3
Mycobacterium_angelicum,3650,3653,3
Mycobacterium_angelicum,3655,3667,12
Mycobacterium_angelicum,3782,3788,6
Mycobacterium_angelicum,4400,4406,6
Mycobacterium_angelicum,4407,4413,6
Mycobacterium_angelicum,4417,4426,9
Mycobacterium_angelicum,4432,4445,13
Mycobacterium_angelicum,4452,4455,3
Mycobacterium_angelicum,4456,4462,6
Mycobacterium_angelicum,4468,4480,12
Mycobacterium_angelicum,4483,4486,3
Mycobacterium_angelicum,4540,4552,12
Mycobacterium_angelicum,4555,4564,9
Mycobacterium_angelicum,4567,4573,6
Mycobacterium_angelicum,4581,4584,3
Mycobacterium_angelicum,5163,5169,6
Mycobacterium_angelicum,5170,5179,9
Mycobacterium_angelicum,5181,5190,9
Mycobacterium_angelicum,5197,5199,2
Mycobacterium_angelicum,5201,5204,3
Mycobacterium_angelicum,5206,5214,8
Mycobacterium_angelicum,5218,5230,12
Mycobacterium_angelicum,5231,5241,10
Mycobacterium_angelicum,5247,5253,6
Mycobacterium_angelicum,5401,5402,1
Mycobacterium_angelicum,6015,6016,1
Mycobacterium_angelicum,6428,6464,36
Mycobacterium_angelicum,6470,6494,24
Mycobacterium_angelicum,7178,7254,76
Mycobacterium_angelicum,7260,7268,8
Mycobacterium_angelicum,7760,7763,3
Mycobacterium_angelicum,8577,8578,1
Mycobacterium_angelicum,8584,8599,15
Mycobacterium_angelicum,8601,8603,2
Mycobacterium_angelicum,8609,8610,1
Mycobacterium_angelicum,8661,8662,1
Mycobacterium_angelicum,8703,8704,1
Mycobacterium_angelicum,8720,8721,1
Mycobacterium_angelicum,8733,8735,2
Mycobacterium_angelicum,8739,8742,3
Mycobacterium_angelicum,8930,8931,1
Mycobacterium_angelicum,8980,8982,2
Mycobacterium_angelicum,8996,8998,2
Mycobacterium_angelicum,9120,9121,1
Mycobacterium_angelicum,9370,9372,2
Mycobacterium_angelicum,9546,9547,1
Mycobacterium_angelicum,9812,9813,1
Mycobacterium_angelicum,9980,9981,1
Mycobacterium_angelicum,9983,9986,3
Mycobacterium_angelicum,10157,10158,1
Mycobacterium_angelicum,10261,10262,1
Mycobacterium_angelicum,10310,10312,2
Mycobacterium_angelicum,10313,10315,2
Mycobacterium_angelicum,10325,10326,1
Mycobacterium_angelicum,10370,10371,1
Mycobacterium_angelicum,10411,10412,1
Mycobacterium_angelicum,10434,10435,1
Mycobacterium_angelicum,10448,10449,1
Mycobacterium_angelicum,10476,10477,1
Mycobacterium_angelicum,10491,10492,1
Mycobacterium_angelicum,10526,10527,1
Mycobacterium_angelicum,10546,10649,103
Mycobacterium_angelicum,10828,10830,2
Mycobacterium_angelicum,10832,10846,14
Mycobacterium_angelicum,10864,10865,1
Mycobacterium_angelicum,10914,10915,1
Mycobacterium_angelicum,10959,10966,7
Mycobacterium_angelicum,10971,10975,4
Mycobacterium_angelicum,11085,11086,1
Mycobacterium_angelicum,11143,11144,1
Mycobacterium_angelicum,11243,11244,1
Mycobacterium_angelicum,11260,11261,1
Mycobacterium_angelicum,11262,11263,1
Mycobacterium_angelicum,11265,11267,2
Mycobacterium_angelicum,11286,11287,1
Mycobacterium_angelicum,11312,11313,1
Mycobacterium_angelicum,11473,11474,1
Mycobacterium_angelicum,11505,11534,29
Mycobacterium_angelicum,11566,11567,1
Mycobacterium_angelicum,11590,11591,1
Mycobacterium_angelicum,11782,11783,1
Mycobacterium_angelicum,11823,11824,1
Mycobacterium_angelicum,11826,11827,1
Mycobacterium_angelicum,11831,11836,5
Mycobacterium_angelicum,11841,11843,2
Mycobacterium_angelicum,11848,11850,2
Mycobacterium_angelicum,11851,11852,1
Mycobacterium_angelicum,11859,11860,1
Mycobacterium_angelicum,11864,11866,2
Mycobacterium_angelicum,11877,11878,1
Mycobacterium_angelicum,11993,11994,1
Mycobacterium_angelicum,12029,12030,1
Mycobacterium_angelicum,12068,12069,1
Mycobacterium_angelicum,12207,12208,1
Mycobacterium_angelicum,12211,12212,1
Mycobacterium_angelicum,12213,12214,1
Mycobacterium_angelicum,12218,12222,4
Mycobacterium_angelicum,12225,12227,2
Mycobacterium_angelicum,12237,12238,1
Mycobacterium_angelicum,12360,12369,9
Mycobacterium_angelicum,12371,12372,1
Mycobacterium_angelicum,12374,12380,6
Mycobacterium_angelicum,12384,12390,6
Mycobacterium_angelicum,12391,12400,9
Mycobacterium_angelicum,12454,12455,1
Mycobacterium_angelicum,12739,12740,1
Mycobacterium_angelicum,12798,12925,127
Mycobacterium_angelicum,13451,13452,1
Mycobacterium_angelicum,13453,13454,1
Mycobacterium_angelicum,13508,13509,1
Mycobacterium_bouchedurhonense,1,10,9
Mycobacterium_bouchedurhonense,24,36,12
Mycobacterium_bouchedurhonense,43,46,3
Mycobacterium_bouchedurhonense,53,71,18
Mycobacterium_bouchedurhonense,87,107,20
Mycobacterium_bouchedurhonense,117,132,15
Mycobacterium_bouchedurhonense,133,136,3
Mycobacterium_bouchedurhonense,346,349,3
Mycobacterium_bouchedurhonense,1542,1691,149
Mycobacterium_bouchedurhonense,3317,3381,64
Mycobacterium_bouchedurhonense,3414,3420,6
Mycobacterium_bouchedurhonense,3424,3460,36
Mycobacterium_bouchedurhonense,3485,3491,6
Mycobacterium_bouchedurhonense,3642,3645,3
Mycobacterium_bouchedurhonense,3650,3653,3
Mycobacterium_bouchedurhonense,3655,3667,12
Mycobacterium_bouchedurhonense,3782,3788,6
Mycobacterium_bouchedurhonense,4400,4406,6
Mycobacterium_bouchedurhonense,4407,4413,6
Mycobacterium_bouchedurhonense,4417,4426,9
Mycobacterium_bouchedurhonense,4432,4445,13
Mycobacterium_bouchedurhonense,4452,4455,3
Mycobacterium_bouchedurhonense,4456,4462,6
Mycobacterium_bouchedurhonense,4468,4480,12
Mycobacterium_bouchedurhonense,4483,4486,3
Mycobacterium_bouchedurhonense,4540,4552,12
Mycobacterium_bouchedurhonense,4555,4564,9
Mycobacterium_bouchedurhonense,4567,4573,6
Mycobacterium_bouchedurhonense,4581,4584,3
Mycobacterium_bouchedurhonense,5163,5169,6
Mycobacterium_bouchedurhonense,5170,5179,9
Mycobacterium_bouchedurhonense,5181,5190,9
Mycobacterium_bouchedurhonense,5197,5199,2
Mycobacterium_bouchedurhonense,5201,5204,3
Mycobacterium_bouchedurhonense,5206,5214,8
Mycobacterium_bouchedurhonense,5218,5230,12
Mycobacterium_bouchedurhonense,5231,5241,10
Mycobacterium_bouchedurhonense,5247,5253,6
Mycobacterium_bouchedurhonense,5401,5402,1
Mycobacterium_bouchedurhonense,6015,6016,1
Mycobacterium_bouchedurhonense,6428,6464,36
Mycobacterium_bouchedurhonense,6470,6494,24
Mycobacterium_bouchedurhonense,7178,7254,76
Mycobacterium_bouchedurhonense,7260,7268,8
Mycobacterium_bouchedurhonense,7760,7763,3
Mycobacterium_bouchedurhonense,8452,8500,48
Mycobacterium_bouchedurhonense,8577,8578,1
Mycobacterium_bouchedurhonense,8584,8599,15
Mycobacterium_bouchedurhonense,8601,8603,2
Mycobacterium_bouchedurhonense,8609,8610,1
Mycobacterium_bouchedurhonense,8661,8662,1
Mycobacterium_bouchedurhonense,8703,8704,1
Mycobacterium_bouchedurhonense,8720,8721,1
Mycobacterium_bouchedurhonense,8733,8735,2
Mycobacterium_bouchedurhonense,8739,8742,3
Mycobacterium_bouchedurhonense,8930,8931,1
Mycobacterium_bouchedurhonense,8980,8982,2
Mycobacterium_bouchedurhonense,8996,8998,2
Mycobacterium_bouchedurhonense,9120,9121,1
Mycobacterium_bouchedurhonense,9370,9372,2
Mycobacterium_bouchedurhonense,9546,9547,1
Mycobacterium_bouchedurhonense,9812,9813,1
Mycobacterium_bouchedurhonense,9984,9986,2
Mycobacterium_bouchedurhonense,10076,10078,2
Mycobacterium_bouchedurhonense,10157,10158,1
Mycobacterium_bouchedurhonense,10261,10262,1
Mycobacterium_bouchedurhonense,10310,10312,2
Mycobacterium_bouchedurhonense,10313,10315,2
Mycobacterium_bouchedurhonense,10325,10326,1
Mycobacterium_bouchedurhonense,10352,10353,1
Mycobacterium_bouchedurhonense,10370,10371,1
Mycobacterium_bouchedurhonense,10434,10435,1
Mycobacterium_bouchedurhonense,10448,10449,1
Mycobacterium_bouchedurhonense,10476,10477,1
Mycobacterium_bouchedurhonense,10491,10492,1
Mycobacterium_bouchedurhonense,10526,10527,1
Mycobacterium_bouchedurhonense,10546,10649,103
Mycobacterium_bouchedurhonense,10828,10830,2
Mycobacterium_bouchedurhonense,10832,10846,14
Mycobacterium_bouchedurhonense,10864,10865,1
Mycobacterium_bouchedurhonense,10914,10915,1
Mycobacterium_bouchedurhonense,10965,10977,12
Mycobacterium_bouchedurhonense,11085,11086,1
Mycobacterium_bouchedurhonense,11143,11144,1
Mycobacterium_bouchedurhonense,11243,11244,1
Mycobacterium_bouchedurhonense,11260,11261,1
Mycobacterium_bouchedurhonense,11262,11263,1
Mycobacterium_bouchedurhonense,11265,11267,2
Mycobacterium_bouchedurhonense,11286,11287,1
Mycobacterium_bouchedurhonense,11312,11313,1
Mycobacterium_bouchedurhonense,11473,11474,1
Mycobacterium_bouchedurhonense,11505,11511,6
Mycobacterium_bouchedurhonense,11513,11514,1
Mycobacterium_bouchedurhonense,11520,11521,1
Mycobacterium_bouchedurhonense,11523,11533,10
Mycobacterium_bouchedurhonense,11566,11567,1
Mycobacterium_bouchedurhonense,11590,11591,1
Mycobacterium_bouchedurhonense,11782,11783,1
Mycobacterium_bouchedurhonense,11823,11824,1
Mycobacterium_bouchedurhonense,11826,11827,1
Mycobacterium_bouchedurhonense,11831,11836,5
Mycobacterium_bouchedurhonense,11848,11850,2
Mycobacterium_bouchedurhonense,11851,11852,1
Mycobacterium_bouchedurhonense,11859,11860,1
Mycobacterium_bouchedurhonense,11864,11866,2
Mycobacterium_bouchedurhonense,11877,11878,1
Mycobacterium_bouchedurhonense,11993,11994,1
Mycobacterium_bouchedurhonense,12029,12030,1
Mycobacterium_bouchedurhonense,12068,12069,1
Mycobacterium_bouchedurhonense,12207,12208,1
Mycobacterium_bouchedurhonense,12211,12212,1
Mycobacterium_bouchedurhonense,12213,12214,1
Mycobacterium_bouchedurhonense,12218,12222,4
Mycobacterium_bouchedurhonense,12225,12227,2
Mycobacterium_bouchedurhonense,12237,12238,1
Mycobacterium_bouchedurhonense,12360,12369,9
Mycobacterium_bouchedurhonense,12371,12372,1
Mycobacterium_bouchedurhonense,12374,12380,6
Mycobacterium_bouchedurhonense,12384,12390,6
Mycobacterium_bouchedurhonense,12391,12400,9
Mycobacterium_bouchedurhonense,12454,12455,1
Mycobacterium_bouchedurhonense,12738,12740,2
Mycobacterium_bouchedurhonense,12798,12925,127
Mycobacterium_bouchedurhonense,13451,13452,1
Mycobacterium_bouchedurhonense,13453,13454,1
Mycobacterium_bouchedurhonense,13508,13509,1
Mycolicibacter_algericus,1,10,9
Mycolicibacter_algericus,21,39,18
Mycolicibacter_algericus,43,46,3
Mycolicibacter_algericus,59,136,77
Mycolicibacter_algericus,346,349,3
Mycolicibacter_algericus,1542,1691,149
Mycolicibacter_algericus,3317,3361,44
Mycolicibacter_algericus,3364,3365,1
Mycolicibacter_algericus,3373,3374,1
Mycolicibacter_algericus,3414,3420,6
Mycolicibacter_algericus,3424,3460,36
Mycolicibacter_algericus,3473,3479,6
Mycolicibacter_algericus,3485,3491,6
Mycolicibacter_algericus,3650,3653,3
Mycolicibacter_algericus,3657,3672,15
Mycolicibacter_algericus,3782,3788,6
Mycolicibacter_algericus,4400,4406,6
Mycolicibacter_algericus,4407,4413,6
Mycolicibacter_algericus,4422,4426,4
Mycolicibacter_algericus,4452,4455,3
Mycolicibacter_algericus,4456,4486,30
Mycolicibacter_algericus,4555,4564,9
Mycolicibacter_algericus,4567,4573,6
Mycolicibacter_algericus,5163,5169,6
Mycolicibacter_algericus,5170,5179,9
Mycolicibacter_algericus,5181,5190,9
Mycolicibacter_algericus,5197,5199,2
Mycolicibacter_algericus,5201,5204,3
Mycolicibacter_algericus,5206,5214,8
Mycolicibacter_algericus,5218,5230,12
Mycolicibacter_algericus,5231,5241,10
Mycolicibacter_algericus,5247,5253,6
Mycolicibacter_algericus,5401,5402,1
Mycolicibacter_algericus,6015,6016,1
Mycolicibacter_algericus,6431,6452,21
Mycolicibacter_algericus,6456,6462,6
Mycolicibacter_algericus,6470,6494,24
Mycolicibacter_algericus,7178,7254,76
Mycolicibacter_algericus,7260,7268,8
Mycolicibacter_algericus,7760,7763,3
Mycolicibacter_algericus,8452,8500,48
Mycolicibacter_algericus,8577,8578,1
Mycolicibacter_algericus,8584,8599,15
Mycolicibacter_algericus,8601,8603,2
Mycolicibacter_algericus,8609,8610,1
Mycolicibacter_algericus,8661,8662,1
Mycolicibacter_algericus,8703,8704,1
Mycolicibacter_algericus,8720,8721,1
Mycolicibacter_algericus,8733,8735,2
Mycolicibacter_algericus,8739,8742,3
Mycolicibacter_algericus,8980,8982,2
Mycolicibacter_algericus,9120,9121,1
Mycolicibacter_algericus,9546,9547,1
Mycolicibacter_algericus,9812,9814,2
Mycolicibacter_algericus,9982,9986,4
Mycolicibacter_algericus,10076,10078,2
Mycolicibacter_algericus,10157,10158,1
Mycolicibacter_algericus,10310,10312,2
Mycolicibacter_algericus,10313,10315,2
Mycolicibacter_algericus,10325,10326,1
Mycolicibacter_algericus,10370,10371,1
Mycolicibacter_algericus,10416,10417,1
Mycolicibacter_algericus,10448,10449,1
Mycolicibacter_algericus,10476,10477,1
Mycolicibacter_algericus,10491,10492,1
Mycolicibacter_algericus,10526,10527,1
Mycolicibacter_algericus,10547,10649,102
Mycolicibacter_algericus,10828,10830,2
Mycolicibacter_algericus,10836,10843,7
Mycolicibacter_algericus,10864,10865,1
Mycolicibacter_algericus,10914,10915,1
Mycolicibacter_algericus,10965,10966,1
Mycolicibacter_algericus,10971,10975,4
Mycolicibacter_algericus,11085,11086,1
Mycolicibacter_algericus,11143,11144,1
Mycolicibacter_algericus,11243,11244,1
Mycolicibacter_algericus,11260,11261,1
Mycolicibacter_algericus,11265,11267,2
Mycolicibacter_algericus,11286,11287,1
Mycolicibacter_algericus,11312,11313,1
Mycolicibacter_algericus,11331,11335,4
Mycolicibacter_algericus,11473,11474,1
Mycolicibacter_algericus,11505,11512,7
Mycolicibacter_algericus,11513,11514,1
Mycolicibacter_algericus,11515,11533,18
Mycolicibacter_algericus,11537,11538,1
Mycolicibacter_algericus,11566,11567,1
Mycolicibacter_algericus,11782,11783,1
Mycolicibacter_algericus,11823,11824,1
Mycolicibacter_algericus,11831,11836,5
Mycolicibacter_algericus,11847,11850,3
Mycolicibacter_algericus,11851,11852,1
Mycolicibacter_algericus,11859,11860,1
Mycolicibacter_algericus,11863,11866,3
Mycolicibacter_algericus,11877,11878,1
Mycolicibacter_algericus,11993,11994,1
Mycolicibacter_algericus,12029,12030,1
Mycolicibacter_algericus,12068,12069,1
Mycolicibacter_algericus,12207,12208,1
Mycolicibacter_algericus,12211,12212,1
Mycolicibacter_algericus,12213,12214,1
Mycolicibacter_algericus,12218,12222,4
Mycolicibacter_algericus,12225,12228,3
Mycolicibacter_algericus,12237,12238,1
Mycolicibacter_algericus,12275,12276,1
Mycolicibacter_algericus,12360,12369,9
Mycolicibacter_algericus,12371,12372,1
Mycolicibacter_algericus,12374,12375,1
Mycolicibacter_algericus,12378,12381,3
Mycolicibacter_algericus,12384,12390,6
Mycolicibacter_algericus,12391,12400,9
Mycolicibacter_algericus,12454,12455,1
Mycolicibacter_algericus,12739,12740,1
Mycolicibacter_algericus,12798,12925,127
Mycolicibacter_algericus,13453,13454,1
Mycolicibacter_algericus,13508,13509,1
Mycobacterium_aquaticum,1,10,9
Mycobacterium_aquaticum,21,39,18
Mycobacterium_aquaticum,43,46,3
Mycobacterium_aquaticum,50,109,59
Mycobacterium_aquaticum,117,132,15
Mycobacterium_aquaticum,133,136,3
Mycobacterium_aquaticum,346,349,3
Mycobacterium_aquaticum,1542,1691,149
Mycobacterium_aquaticum,3317,3361,44
Mycobacterium_aquaticum,3364,3365,1
Mycobacterium_aquaticum,3373,3374,1
Mycobacterium_aquaticum,3403,3406,3
Mycobacterium_aquaticum,3409,3421,12
Mycobacterium_aquaticum,3424,3478,54
Mycobacterium_aquaticum,3485,3491,6
Mycobacterium_aquaticum,3642,3645,3
Mycobacterium_aquaticum,3650,3653,3
Mycobacterium_aquaticum,3655,3667,12
Mycobacterium_aquaticum,3782,3788,6
Mycobacterium_aquaticum,4400,4406,6
Mycobacterium_aquaticum,4407,4413,6
Mycobacterium_aquaticum,4417,4426,9
Mycobacterium_aquaticum,4432,4445,13
Mycobacterium_aquaticum,4452,4455,3
Mycobacterium_aquaticum,4456,4462,6
Mycobacterium_aquaticum,4468,4474,6
Mycobacterium_aquaticum,4475,4481,6
Mycobacterium_aquaticum,4483,4486,3
Mycobacterium_aquaticum,4540,4552,12
Mycobacterium_aquaticum,4555,4564,9
Mycobacterium_aquaticum,4567,4573,6
Mycobacterium_aquaticum,4582,4585,3
Mycobacterium_aquaticum,5163,5169,6
Mycobacterium_aquaticum,5170,5179,9
Mycobacterium_aquaticum,5181,5190,9
Mycobacterium_aquaticum,5197,5199,2
Mycobacterium_aquaticum,5201,5204,3
Mycobacterium_aquaticum,5206,5214,8
Mycobacterium_aquaticum,5218,5230,12
Mycobacterium_aquaticum,5231,5241,10
Mycobacterium_aquaticum,5247,5253,6
Mycobacterium_aquaticum,5401,5402,1
Mycobacterium_aquaticum,6015,6016,1
Mycobacterium_aquaticum,6431,6452,21
Mycobacterium_aquaticum,6456,6462,6
Mycobacterium_aquaticum,6470,6494,24
Mycobacterium_aquaticum,7178,7254,76
Mycobacterium_aquaticum,7260,7268,8
Mycobacterium_aquaticum,7760,7763,3
Mycobacterium_aquaticum,8452,8500,48
Mycobacterium_aquaticum,8577,8578,1
Mycobacterium_aquaticum,8584,8599,15
Mycobacterium_aquaticum,8600,8604,4
Mycobacterium_aquaticum,8609,8610,1
Mycobacterium_aquaticum,8661,8662,1
Mycobacterium_aquaticum,8703,8704,1
Mycobacterium_aquaticum,8720,8721,1
Mycobacterium_aquaticum,8733,8735,2
Mycobacterium_aquaticum,8739,8742,3
Mycobacterium_aquaticum,8930,8931,1
Mycobacterium_aquaticum,8980,8982,2
Mycobacterium_aquaticum,8984,8998,14
Mycobacterium_aquaticum,9120,9121,1
Mycobacterium_aquaticum,9370,9372,2
Mycobacterium_aquaticum,9546,9547,1
Mycobacterium_aquaticum,9812,9813,1
Mycobacterium_aquaticum,9985,9986,1
Mycobacterium_aquaticum,10076,10078,2
Mycobacterium_aquaticum,10157,10158,1
Mycobacterium_aquaticum,10261,10262,1
Mycobacterium_aquaticum,10310,10312,2
Mycobacterium_aquaticum,10313,10315,2
Mycobacterium_aquaticum,10325,10326,1
Mycobacterium_aquaticum,10370,10371,1
Mycobacterium_aquaticum,10416,10417,1
Mycobacterium_aquaticum,10434,10435,1
Mycobacterium_aquaticum,10448,10449,1
Mycobacterium_aquaticum,10476,10477,1
Mycobacterium_aquaticum,10491,10492,1
Mycobacterium_aquaticum,10526,10527,1
Mycobacterium_aquaticum,10546,10649,103
Mycobacterium_aquaticum,10828,10830,2
Mycobacterium_aquaticum,10835,10843,8
Mycobacterium_aquaticum,10864,10865,1
Mycobacterium_aquaticum,10914,10915,1
Mycobacterium_aquaticum,10965,10966,1
Mycobacterium_aquaticum,10971,10975,4
Mycobacterium_aquaticum,11085,11086,1
Mycobacterium_aquaticum,11143,11144,1
Mycobacterium_aquaticum,11243,11244,1
Mycobacterium_aquaticum,11260,11261,1
Mycobacterium_aquaticum,11286,11287,1
Mycobacterium_aquaticum,11312,11313,1
Mycobacterium_aquaticum,11473,11474,1
Mycobacterium_aquaticum,11505,11512,7
Mycobacterium_aquaticum,11513,11514,1
Mycobacterium_aquaticum,11520,11539,19
Mycobacterium_aquaticum,11566,11567,1
Mycobacterium_aquaticum,11782,11783,1
Mycobacterium_aquaticum,11823,11824,1
Mycobacterium_aquaticum,11826,11827,1
Mycobacterium_aquaticum,11831,11836,5
Mycobacterium_aquaticum,11846,11850,4
Mycobacterium_aquaticum,11851,11852,1
Mycobacterium_aquaticum,11859,11860,1
Mycobacterium_aquaticum,11863,11865,2
Mycobacterium_aquaticum,11877,11878,1
Mycobacterium_aquaticum,11993,11994,1
Mycobacterium_aquaticum,12029,12030,1
Mycobacterium_aquaticum,12068,12069,1
Mycobacterium_aquaticum,12207,12208,1
Mycobacterium_aquaticum,12211,12212,1
Mycobacterium_aquaticum,12218,12222,4
Mycobacterium_aquaticum,12226,12227,1
Mycobacterium_aquaticum,12237,12238,1
Mycobacterium_aquaticum,12360,12369,9
Mycobacterium_aquaticum,12371,12372,1
Mycobacterium_aquaticum,12374,12375,1
Mycobacterium_aquaticum,12378,12381,3
Mycobacterium_aquaticum,12384,12390,6
Mycobacterium_aquaticum,12391,12400,9
Mycobacterium_aquaticum,12454,12455,1
Mycobacterium_aquaticum,12739,12740,1
Mycobacterium_aquaticum,12798,12925,127
Mycobacterium_aquaticum,13451,13452,1
Mycobacterium_aquaticum,13453,13454,1
Mycobacterium_aquaticum,13508,13509,1
Mycobacterium_timonense,1,10,9
Mycobacterium_timonense,21,39,18
Mycobacterium_timonense,43,46,3
Mycobacterium_timonense,53,71,18
Mycobacterium_timonense,87,107,20
Mycobacterium_timonense,117,132,15
Mycobacterium_timonense,133,136,3
Mycobacterium_timonense,346,349,3
Mycobacterium_timonense,1542,1691,149
Mycobacterium_timonense,3317,3381,64
Mycobacterium_timonense,3414,3420,6
Mycobacterium_timonense,3424,3460,36
Mycobacterium_timonense,3476,3479,3
Mycobacterium_timonense,3485,3491,6
Mycobacterium_timonense,3642,3645,3
Mycobacterium_timonense,3650,3653,3
Mycobacterium_timonense,3782,3788,6
Mycobacterium_timonense,4400,4406,6
Mycobacterium_timonense,4407,4413,6
Mycobacterium_timonense,4417,4426,9
Mycobacterium_timonense,4432,4445,13
Mycobacterium_timonense,4452,4455,3
Mycobacterium_timonense,4456,4462,6
Mycobacterium_timonense,4468,4480,12
Mycobacterium_timonense,4483,4486,3
Mycobacterium_timonense,4540,4552,12
Mycobacterium_timonense,4555,4564,9
Mycobacterium_timonense,4567,4573,6
Mycobacterium_timonense,4581,4584,3
Mycobacterium_timonense,5163,5169,6
Mycobacterium_timonense,5170,5179,9
Mycobacterium_timonense,5181,5190,9
Mycobacterium_timonense,5197,5199,2
Mycobacterium_timonense,5201,5204,3
Mycobacterium_timonense,5206,5214,8
Mycobacterium_timonense,5218,5230,12
Mycobacterium_timonense,5231,5241,10
Mycobacterium_timonense,5247,5253,6
Mycobacterium_timonense,5401,5402,1
Mycobacterium_timonense,6015,6016,1
Mycobacterium_timonense,6428,6464,36
Mycobacterium_timonense,6470,6494,24
Mycobacterium_timonense,7178,7254,76
Mycobacterium_timonense,7260,7268,8
Mycobacterium_timonense,7760,7763,3
Mycobacterium_timonense,8452,8500,48
Mycobacterium_timonense,8577,8578,1
Mycobacterium_timonense,8584,8599,15
Mycobacterium_timonense,8601,8603,2
Mycobacterium_timonense,8609,8610,1
Mycobacterium_timonense,8661,8662,1
Mycobacterium_timonense,8703,8704,1
Mycobacterium_timonense,8720,8721,1
Mycobacterium_timonense,8733,8735,2
Mycobacterium_timonense,8739,8742,3
Mycobacterium_timonense,8930,8931,1
Mycobacterium_timonense,8980,8982,2
Mycobacterium_timonense,8996,8998,2
Mycobacterium_timonense,9120,9121,1
Mycobacterium_timonense,9370,9372,2
Mycobacterium_timonense,9546,9547,1
Mycobacterium_timonense,9812,9813,1
Mycobacterium_timonense,9982,9986,4
Mycobacterium_timonense,10076,10078,2
Mycobacterium_timonense,10157,10158,1
Mycobacterium_timonense,10261,10262,1
Mycobacterium_timonense,10310,10312,2
Mycobacterium_timonense,10313,10315,2
Mycobacterium_timonense,10325,10326,1
Mycobacterium_timonense,10352,10353,1
Mycobacterium_timonense,10370,10371,1
Mycobacterium_timonense,10411,10412,1
Mycobacterium_timonense,10434,10435,1
Mycobacterium_timonense,10448,10449,1
Mycobacterium_timonense,10476,10477,1
Mycobacterium_timonense,10491,10492,1
Mycobacterium_timonense,10526,10527,1
Mycobacterium_timonense,10546,10649,103
Mycobacterium_timonense,10828,10830,2
Mycobacterium_timonense,10832,10846,14
Mycobacterium_timonense,10864,10865,1
Mycobacterium_timonense,10914,10915,1
Mycobacterium_timonense,10965,10977,12
Mycobacterium_timonense,11085,11086,1
Mycobacterium_timonense,11143,11144,1
Mycobacterium_timonense,11243,11244,1
Mycobacterium_timonense,11260,11261,1
Mycobacterium_timonense,11262,11263,1
Mycobacterium_timonense,11265,11267,2
Mycobacterium_timonense,11286,11287,1
Mycobacterium_timonense,11312,11313,1
Mycobacterium_timonense,11473,11474,1
Mycobacterium_timonense,11505,11511,6
Mycobacterium_timonense,11513,11514,1
Mycobacterium_timonense,11519,11521,2
Mycobacterium_timonense,11523,11533,10
Mycobacterium_timonense,11566,11567,1
Mycobacterium_timonense,11590,11591,1
Mycobacterium_timonense,11782,11783,1
Mycobacterium_timonense,11823,11824,1
Mycobacterium_timonense,11826,11827,1
Mycobacterium_timonense,11831,11836,5
Mycobacterium_timonense,11848,11850,2
Mycobacterium_timonense,11851,11852,1
Mycobacterium_timonense,11859,11860,1
Mycobacterium_timonense,11864,11866,2
Mycobacterium_timonense,11877,11878,1
Mycobacterium_timonense,11993,11994,1
Mycobacterium_timonense,12029,12030,1
Mycobacterium_timonense,12068,12069,1
Mycobacterium_timonense,12207,12208,1
Mycobacterium_timonense,12211,12212,1
Mycobacterium_timonense,12213,12214,1
Mycobacterium_timonense,12218,12222,4
Mycobacterium_timonense,12225,12227,2
Mycobacterium_timonense,12237,12238,1
Mycobacterium_timonense,12360,12369,9
Mycobacterium_timonense,12371,12380,9
Mycobacterium_timonense,12384,12390,6
Mycobacterium_timonense,12391,12400,9
Mycobacterium_timonense,12454,12455,1
Mycobacterium_timonense,12739,12740,1
Mycobacterium_timonense,12798,12925,127
Mycobacterium_timonense,13451,13452,1
Mycobacterium_timonense,13453,13454,1
Mycobacterium_timonense,13508,13509,1
Mycolicibacter_engbaekii,1,10,9
Mycolicibacter_engbaekii,21,39,18
Mycolicibacter_engbaekii,43,46,3
Mycolicibacter_engbaekii,59,136,77
Mycolicibacter_engbaekii,346,349,3
Mycolicibacter_engbaekii,1542,1691,149
Mycolicibacter_engbaekii,3317,3361,44
Mycolicibacter_engbaekii,3364,3365,1
Mycolicibacter_engbaekii,3373,3374,1
Mycolicibacter_engbaekii,3414,3420,6
Mycolicibacter_engbaekii,3424,3460,36
Mycolicibacter_engbaekii,3473,3479,6
Mycolicibacter_engbaekii,3485,3491,6
Mycolicibacter_engbaekii,3650,3653,3
Mycolicibacter_engbaekii,3657,3672,15
Mycolicibacter_engbaekii,3782,3788,6
Mycolicibacter_engbaekii,4400,4406,6
Mycolicibacter_engbaekii,4407,4413,6
Mycolicibacter_engbaekii,4422,4426,4
Mycolicibacter_engbaekii,4432,4438,6
Mycolicibacter_engbaekii,4452,4455,3
Mycolicibacter_engbaekii,4456,4486,30
Mycolicibacter_engbaekii,4555,4564,9
Mycolicibacter_engbaekii,4567,4573,6
Mycolicibacter_engbaekii,5163,5169,6
Mycolicibacter_engbaekii,5170,5179,9
Mycolicibacter_engbaekii,5181,5190,9
Mycolicibacter_engbaekii,5197,5199,2
Mycolicibacter_engbaekii,5201,5204,3
Mycolicibacter_engbaekii,5206,5214,8
Mycolicibacter_engbaekii,5218,5230,12
Mycolicibacter_engbaekii,5231,5241,10
Mycolicibacter_engbaekii,5247,5253,6
Mycolicibacter_engbaekii,5401,5402,1
Mycolicibacter_engbaekii,6015,6016,1
Mycolicibacter_engbaekii,6431,6452,21
Mycolicibacter_engbaekii,6456,6462,6
Mycolicibacter_engbaekii,6470,6494,24
Mycolicibacter_engbaekii,7178,7254,76
Mycolicibacter_engbaekii,7260,7268,8
Mycolicibacter_engbaekii,7760,7763,3
Mycolicibacter_engbaekii,8452,8500,48
Mycolicibacter_engbaekii,8577,8578,1
Mycolicibacter_engbaekii,8584,8599,15
Mycolicibacter_engbaekii,8601,8603,2
Mycolicibacter_engbaekii,8609,8610,1
Mycolicibacter_engbaekii,8661,8662,1
Mycolicibacter_engbaekii,8703,8704,1
Mycolicibacter_engbaekii,8720,8721,1
Mycolicibacter_engbaekii,8733,8735,2
Mycolicibacter_engbaekii,8739,8742,3
Mycolicibacter_engbaekii,8930,8931,1
Mycolicibacter_engbaekii,8980,8982,2
Mycolicibacter_engbaekii,9120,9121,1
Mycolicibacter_engbaekii,9546,9547,1
Mycolicibacter_engbaekii,9812,9814,2
Mycolicibacter_engbaekii,9982,9984,2
Mycolicibacter_engbaekii,9985,9986,1
Mycolicibacter_engbaekii,10076,10078,2
Mycolicibacter_engbaekii,10157,10158,1
Mycolicibacter_engbaekii,10311,10312,1
Mycolicibacter_engbaekii,10313,10315,2
Mycolicibacter_engbaekii,10325,10326,1
Mycolicibacter_engbaekii,10352,10353,1
Mycolicibacter_engbaekii,10370,10371,1
Mycolicibacter_engbaekii,10416,10417,1
Mycolicibacter_engbaekii,10434,10435,1
Mycolicibacter_engbaekii,10448,10449,1
Mycolicibacter_engbaekii,10476,10477,1
Mycolicibacter_engbaekii,10491,10492,1
Mycolicibacter_engbaekii,10526,10527,1
Mycolicibacter_engbaekii,10546,10649,103
Mycolicibacter_engbaekii,10828,10830,2
Mycolicibacter_engbaekii,10834,10843,9
Mycolicibacter_engbaekii,10864,10865,1
Mycolicibacter_engbaekii,10914,10915,1
Mycolicibacter_engbaekii,10965,10966,1
Mycolicibacter_engbaekii,10971,10975,4
Mycolicibacter_engbaekii,11085,11086,1
Mycolicibacter_engbaekii,11143,11144,1
Mycolicibacter_engbaekii,11243,11244,1
Mycolicibacter_engbaekii,11260,11261,1
Mycolicibacter_engbaekii,11265,11267,2
Mycolicibacter_engbaekii,11286,11287,1
Mycolicibacter_engbaekii,11312,11313,1
Mycolicibacter_engbaekii,11473,11474,1
Mycolicibacter_engbaekii,11505,11512,7
Mycolicibacter_engbaekii,11513,11514,1
Mycolicibacter_engbaekii,11515,11533,18
Mycolicibacter_engbaekii,11537,11538,1
Mycolicibacter_engbaekii,11566,11567,1
Mycolicibacter_engbaekii,11782,11783,1
Mycolicibacter_engbaekii,11823,11824,1
Mycolicibacter_engbaekii,11826,11827,1
Mycolicibacter_engbaekii,11831,11836,5
Mycolicibacter_engbaekii,11847,11852,5
Mycolicibacter_engbaekii,11859,11860,1
Mycolicibacter_engbaekii,11864,11866,2
Mycolicibacter_engbaekii,11877,11878,1
Mycolicibacter_engbaekii,11993,11994,1
Mycolicibacter_engbaekii,12029,12030,1
Mycolicibacter_engbaekii,12068,12069,1
Mycolicibacter_engbaekii,12207,12208,1
Mycolicibacter_engbaekii,12211,12212,1
Mycolicibacter_engbaekii,12213,12214,1
Mycolicibacter_engbaekii,12218,12222,4
Mycolicibacter_engbaekii,12226,12227,1
Mycolicibacter_engbaekii,12237,12238,1
Mycolicibacter_engbaekii,12360,12369,9
Mycolicibacter_engbaekii,12371,12372,1
Mycolicibacter_engbaekii,12374,12375,1
Mycolicibacter_engbaekii,12377,12382,5
Mycolicibacter_engbaekii,12384,12390,6
Mycolicibacter_engbaekii,12391,12400,9
Mycolicibacter_engbaekii,12454,12455,1
Mycolicibacter_engbaekii,12739,12740,1
Mycolicibacter_engbaekii,12798,12925,127
Mycolicibacter_engbaekii,13451,13452,1
Mycolicibacter_engbaekii,13453,13454,1
Mycolicibacter_engbaekii,13508,13509,1
Mycolicibacter_nonchromogenicus,1,10,9
Mycolicibacter_nonchromogenicus,21,39,18
Mycolicibacter_nonchromogenicus,43,46,3
Mycolicibacter_nonchromogenicus,59,136,77
Mycolicibacter_nonchromogenicus,346,349,3
Mycolicibacter_nonchromogenicus,1542,1691,149
Mycolicibacter_nonchromogenicus,3317,3361,44
Mycolicibacter_nonchromogenicus,3364,3365,1
Mycolicibacter_nonchromogenicus,3373,3374,1
Mycolicibacter_nonchromogenicus,3414,3420,6
Mycolicibacter_nonchromogenicus,3424,3460,36
Mycolicibacter_nonchromogenicus,3473,3479,6
Mycolicibacter_nonchromogenicus,3485,3491,6
Mycolicibacter_nonchromogenicus,3650,3653,3
Mycolicibacter_nonchromogenicus,3657,3672,15
Mycolicibacter_nonchromogenicus,3782,3788,6
Mycolicibacter_nonchromogenicus,4400,4406,6
Mycolicibacter_nonchromogenicus,4407,4413,6
Mycolicibacter_nonchromogenicus,4422,4426,4
Mycolicibacter_nonchromogenicus,4432,4438,6
Mycolicibacter_nonchromogenicus,4452,4455,3
Mycolicibacter_nonchromogenicus,4456,4486,30
Mycolicibacter_nonchromogenicus,4555,4564,9
Mycolicibacter_nonchromogenicus,4567,4573,6
Mycolicibacter_nonchromogenicus,5163,5169,6
Mycolicibacter_nonchromogenicus,5170,5179,9
Mycolicibacter_nonchromogenicus,5181,5190,9
Mycolicibacter_nonchromogenicus,5197,5199,2
Mycolicibacter_nonchromogenicus,5201,5204,3
Mycolicibacter_nonchromogenicus,5206,5214,8
Mycolicibacter_nonchromogenicus,5218,5230,12
Mycolicibacter_nonchromogenicus,5231,5241,10
Mycolicibacter_nonchromogenicus,5247,5253,6
Mycolicibacter_nonchromogenicus,5401,5402,1
Mycolicibacter_nonchromogenicus,6015,6016,1
Mycolicibacter_nonchromogenicus,6431,6452,21
Mycolicibacter_nonchromogenicus,6456,6462,6
Mycolicibacter_nonchromogenicus,6470,6494,24
Mycolicibacter_nonchromogenicus,7178,7254,76
Mycolicibacter_nonchromogenicus,7260,7268,8
Mycolicibacter_nonchromogenicus,7760,7763,3
Mycolicibacter_nonchromogenicus,8452,8500,48
Mycolicibacter_nonchromogenicus,8577,8578,1
Mycolicibacter_nonchromogenicus,8584,8599,15
Mycolicibacter_nonchromogenicus,8601,8603,2
Mycolicibacter_nonchromogenicus,8609,8610,1
Mycolicibacter_nonchromogenicus,8661,8662,1
Mycolicibacter_nonchromogenicus,8703,8704,1
Mycolicibacter_nonchromogenicus,8720,8721,1
Mycolicibacter_nonchromogenicus,8733,8735,2
Mycolicibacter_nonchromogenicus,8739,8742,3
Mycolicibacter_nonchromogenicus,8930,8931,1
Mycolicibacter_nonchromogenicus,8980,8982,2
Mycolicibacter_nonchromogenicus,9120,9121,1
Mycolicibacter_nonchromogenicus,9546,9547,1
Mycolicibacter_nonchromogenicus,9812,9814,2
Mycolicibacter_nonchromogenicus,9982,9984,2
Mycolicibacter_nonchromogenicus,9985,9986,1
Mycolicibacter_nonchromogenicus,10076,10078,2
Mycolicibacter_nonchromogenicus,10157,10158,1
Mycolicibacter_nonchromogenicus,10311,10312,1
Mycolicibacter_nonchromogenicus,10313,10315,2
Mycolicibacter_nonchromogenicus,10325,10326,1
Mycolicibacter_nonchromogenicus,10370,10371,1
Mycolicibacter_nonchromogenicus,10416,10417,1
Mycolicibacter_nonchromogenicus,10434,10435,1
Mycolicibacter_nonchromogenicus,10448,10449,1
Mycolicibacter_nonchromogenicus,10476,10477,1
Mycolicibacter_nonchromogenicus,10491,10492,1
Mycolicibacter_nonchromogenicus,10526,10527,1
Mycolicibacter_nonchromogenicus,10546,10649,103
Mycolicibacter_nonchromogenicus,10828,10830,2
Mycolicibacter_nonchromogenicus,10834,10843,9
Mycolicibacter_nonchromogenicus,10864,10865,1
Mycolicibacter_nonchromogenicus,10914,10915,1
Mycolicibacter_nonchromogenicus,10965,10966,1
Mycolicibacter_nonchromogenicus,10971,10975,4
Mycolicibacter_nonchromogenicus,11085,11086,1
Mycolicibacter_nonchromogenicus,11143,11144,1
Mycolicibacter_nonchromogenicus,11243,11244,1
Mycolicibacter_nonchromogenicus,11260,11261,1
Mycolicibacter_nonchromogenicus,11265,11267,2
Mycolicibacter_nonchromogenicus,11286,11287,1
Mycolicibacter_nonchromogenicus,11312,11313,1
Mycolicibacter_nonchromogenicus,11473,11474,1
Mycolicibacter_nonchromogenicus,11505,11512,7
Mycolicibacter_nonchromogenicus,11513,11514,1
Mycolicibacter_nonchromogenicus,11515,11533,18
Mycolicibacter_nonchromogenicus,11537,11538,1
Mycolicibacter_nonchromogenicus,11566,11567,1
Mycolicibacter_nonchromogenicus,11782,11783,1
Mycolicibacter_nonchromogenicus,11823,11824,1
Mycolicibacter_nonchromogenicus,11826,11827,1
Mycolicibacter_nonchromogenicus,11831,11836,5
Mycolicibacter_nonchromogenicus,11847,11852,5
Mycolicibacter_nonchromogenicus,11859,11860,1
Mycolicibacter_nonchromogenicus,11864,11866,2
Mycolicibacter_nonchromogenicus,11877,11878,1
Mycolicibacter_nonchromogenicus,12029,12030,1
Mycolicibacter_nonchromogenicus,12068,12069,1
Mycolicibacter_nonchromogenicus,12207,12208,1
Mycolicibacter_nonchromogenicus,12211,12212,1
Mycolicibacter_nonchromogenicus,12213,12214,1
Mycolicibacter_nonchromogenicus,12218,12222,4
Mycolicibacter_nonchromogenicus,12226,12227,1
Mycolicibacter_nonchromogenicus,12237,12238,1
Mycolicibacter_nonchromogenicus,12360,12369,9
Mycolicibacter_nonchromogenicus,12371,12372,1
Mycolicibacter_nonchromogenicus,12374,12375,1
Mycolicibacter_nonchromogenicus,12377,12382,5
Mycolicibacter_nonchromogenicus,12384,12390,6
Mycolicibacter_nonchromogenicus,12391,12400,9
Mycolicibacter_nonchromogenicus,12454,12455,1
Mycolicibacter_nonchromogenicus,12739,12740,1
Mycolicibacter_nonchromogenicus,12798,12925,127
Mycolicibacter_nonchromogenicus,13451,13452,1
Mycolicibacter_nonchromogenicus,13453,13454,1
Mycolicibacter_nonchromogenicus,13508,13509,1
Mycobacterium_palustre,1,10,9
Mycobacterium_palustre,21,39,18
Mycobacterium_palustre,43,46,3
Mycobacterium_palustre,87,107,20
Mycobacterium_palustre,117,132,15
Mycobacterium_palustre,133,136,3
Mycobacterium_palustre,346,349,3
Mycobacterium_palustre,1542,1583,41
Mycobacterium_palustre,1587,1676,89
Mycobacterium_palustre,1678,1691,13
Mycobacterium_palustre,3317,3381,64
Mycobacterium_palustre,3414,3420,6
Mycobacterium_palustre,3424,3460,36
Mycobacterium_palustre,3464,3491,27
Mycobacterium_palustre,3642,3645,3
Mycobacterium_palustre,3650,3653,3
Mycobacterium_palustre,3655,3667,12
Mycobacterium_palustre,3782,3788,6
Mycobacterium_palustre,4400,4406,6
Mycobacterium_palustre,4407,4413,6
Mycobacterium_palustre,4417,4426,9
Mycobacterium_palustre,4432,4445,13
Mycobacterium_palustre,4452,4455,3
Mycobacterium_palustre,4456,4462,6
Mycobacterium_palustre,4468,4480,12
Mycobacterium_palustre,4483,4486,3
Mycobacterium_palustre,4540,4552,12
Mycobacterium_palustre,4555,4564,9
Mycobacterium_palustre,4567,4573,6
Mycobacterium_palustre,4581,4584,3
Mycobacterium_palustre,5163,5169,6
Mycobacterium_palustre,5170,5179,9
Mycobacterium_palustre,5181,5190,9
Mycobacterium_palustre,5197,5199,2
Mycobacterium_palustre,5201,5204,3
Mycobacterium_palustre,5206,5214,8
Mycobacterium_palustre,5218,5230,12
Mycobacterium_palustre,5231,5241,10
Mycobacterium_palustre,5247,5253,6
Mycobacterium_palustre,5401,5402,1
Mycobacterium_palustre,6015,6016,1
Mycobacterium_palustre,6431,6452,21
Mycobacterium_palustre,6456,6462,6
Mycobacterium_palustre,6470,6494,24
Mycobacterium_palustre,7178,7254,76
Mycobacterium_palustre,7260,7268,8
Mycobacterium_palustre,7760,7763,3
Mycobacterium_palustre,8452,8500,48
Mycobacterium_palustre,8577,8578,1
Mycobacterium_palustre,8584,8599,15
Mycobacterium_palustre,8601,8603,2
Mycobacterium_palustre,8609,8610,1
Mycobacterium_palustre,8661,8662,1
Mycobacterium_palustre,8703,8704,1
Mycobacterium_palustre,8720,8721,1
Mycobacterium_palustre,8733,8735,2
Mycobacterium_palustre,8739,8742,3
Mycobacterium_palustre,8930,8931,1
Mycobacterium_palustre,8980,8982,2
Mycobacterium_palustre,8987,9001,14
Mycobacterium_palustre,9120,9121,1
Mycobacterium_palustre,9370,9372,2
Mycobacterium_palustre,9546,9547,1
Mycobacterium_palustre,9812,9814,2
Mycobacterium_palustre,9983,9986,3
Mycobacterium_palustre,10157,10158,1
Mycobacterium_palustre,10261,10262,1
Mycobacterium_palustre,10310,10312,2
Mycobacterium_palustre,10313,10315,2
Mycobacterium_palustre,10325,10326,1
Mycobacterium_palustre,10370,10371,1
Mycobacterium_palustre,10434,10435,1
Mycobacterium_palustre,10448,10449,1
Mycobacterium_palustre,10476,10477,1
Mycobacterium_palustre,10491,10492,1
Mycobacterium_palustre,10526,10527,1
Mycobacterium_palustre,10546,10649,103
Mycobacterium_palustre,10828,10830,2
Mycobacterium_palustre,10832,10846,14
Mycobacterium_palustre,10864,10865,1
Mycobacterium_palustre,10914,10915,1
Mycobacterium_palustre,10957,10982,25
Mycobacterium_palustre,11085,11086,1
Mycobacterium_palustre,11143,11144,1
Mycobacterium_palustre,11243,11244,1
Mycobacterium_palustre,11260,11261,1
Mycobacterium_palustre,11262,11263,1
Mycobacterium_palustre,11265,11267,2
Mycobacterium_palustre,11286,11287,1
Mycobacterium_palustre,11312,11313,1
Mycobacterium_palustre,11473,11474,1
Mycobacterium_palustre,11505,11534,29
Mycobacterium_palustre,11566,11567,1
Mycobacterium_palustre,11590,11591,1
Mycobacterium_palustre,11782,11783,1
Mycobacterium_palustre,11823,11824,1
Mycobacterium_palustre,11826,11827,1
Mycobacterium_palustre,11831,11836,5
Mycobacterium_palustre,11848,11850,2
Mycobacterium_palustre,11851,11852,1
Mycobacterium_palustre,11859,11860,1
Mycobacterium_palustre,11864,11866,2
Mycobacterium_palustre,11877,11878,1
Mycobacterium_palustre,11990,11991,1
Mycobacterium_palustre,11993,11994,1
Mycobacterium_palustre,12029,12030,1
Mycobacterium_palustre,12068,12069,1
Mycobacterium_palustre,12207,12208,1
Mycobacterium_palustre,12211,12212,1
Mycobacterium_palustre,12213,12214,1
Mycobacterium_palustre,12218,12222,4
Mycobacterium_palustre,12225,12227,2
Mycobacterium_palustre,12237,12238,1
Mycobacterium_palustre,12360,12369,9
Mycobacterium_palustre,12371,12380,9
Mycobacterium_palustre,12384,12390,6
Mycobacterium_palustre,12391,12400,9
Mycobacterium_palustre,12454,12455,1
Mycobacterium_palustre,12739,12740,1
Mycobacterium_palustre,12798,12925,127
Mycobacterium_palustre,13451,13452,1
Mycobacterium_palustre,13453,13454,1
Mycobacterium_palustre,13508,13509,1
Mycobacterium_paraense,1,10,9
Mycobacterium_paraense,21,39,18
Mycobacterium_paraense,43,46,3
Mycobacterium_paraense,53,71,18
Mycobacterium_paraense,87,107,20
Mycobacterium_paraense,117,132,15
Mycobacterium_paraense,133,136,3
Mycobacterium_paraense,346,349,3
Mycobacterium_paraense,1542,1583,41
Mycobacterium_paraense,1587,1676,89
Mycobacterium_paraense,1678,1691,13
Mycobacterium_paraense,3317,3381,64
Mycobacterium_paraense,3403,3460,57
Mycobacterium_paraense,3473,3479,6
Mycobacterium_paraense,3485,3491,6
Mycobacterium_paraense,3642,3645,3
Mycobacterium_paraense,3650,3653,3
Mycobacterium_paraense,3782,3788,6
Mycobacterium_paraense,4400,4406,6
Mycobacterium_paraense,4407,4413,6
Mycobacterium_paraense,4417,4426,9
Mycobacterium_paraense,4432,4445,13
Mycobacterium_paraense,4452,4455,3
Mycobacterium_paraense,4456,4462,6
Mycobacterium_paraense,4468,4480,12
Mycobacterium_paraense,4483,4486,3
Mycobacterium_paraense,4540,4552,12
Mycobacterium_paraense,4555,4564,9
Mycobacterium_paraense,4567,4573,6
Mycobacterium_paraense,4581,4584,3
Mycobacterium_paraense,5163,5169,6
Mycobacterium_paraense,5170,5179,9
Mycobacterium_paraense,5181,5190,9
Mycobacterium_paraense,5197,5199,2
Mycobacterium_paraense,5201,5204,3
Mycobacterium_paraense,5206,5214,8
Mycobacterium_paraense,5218,5230,12
Mycobacterium_paraense,5231,5241,10
Mycobacterium_paraense,5247,5253,6
Mycobacterium_paraense,5401,5402,1
Mycobacterium_paraense,6015,6016,1
Mycobacterium_paraense,6431,6452,21
Mycobacterium_paraense,6456,6462,6
Mycobacterium_paraense,6470,6494,24
Mycobacterium_paraense,7178,7254,76
Mycobacterium_paraense,7260,7268,8
Mycobacterium_paraense,7760,7763,3
Mycobacterium_paraense,8452,8500,48
Mycobacterium_paraense,8577,8578,1
Mycobacterium_paraense,8584,8599,15
Mycobacterium_paraense,8601,8603,2
Mycobacterium_paraense,8609,8610,1
Mycobacterium_paraense,8661,8662,1
Mycobacterium_paraense,8703,8704,1
Mycobacterium_paraense,8720,8721,1
Mycobacterium_paraense,8733,8735,2
Mycobacterium_paraense,8739,8742,3
Mycobacterium_paraense,8930,8931,1
Mycobacterium_paraense,8980,8982,2
Mycobacterium_paraense,8987,9001,14
Mycobacterium_paraense,9120,9121,1
Mycobacterium_paraense,9370,9372,2
Mycobacterium_paraense,9546,9547,1
Mycobacterium_paraense,9812,9813,1
Mycobacterium_paraense,9983,9986,3
Mycobacterium_paraense,10076,10078,2
Mycobacterium_paraense,10157,10158,1
Mycobacterium_paraense,10261,10262,1
Mycobacterium_paraense,10310,10312,2
Mycobacterium_paraense,10313,10315,2
Mycobacterium_paraense,10325,10326,1
Mycobacterium_paraense,10370,10371,1
Mycobacterium_paraense,10434,10435,1
Mycobacterium_paraense,10448,10449,1
Mycobacterium_paraense,10476,10477,1
Mycobacterium_paraense,10491,10492,1
Mycobacterium_paraense,10526,10527,1
Mycobacterium_paraense,10546,10649,103
Mycobacterium_paraense,10828,10830,2
Mycobacterium_paraense,10832,10846,14
Mycobacterium_paraense,10864,10865,1
Mycobacterium_paraense,10914,10915,1
Mycobacterium_paraense,10965,10977,12
Mycobacterium_paraense,11085,11086,1
Mycobacterium_paraense,11143,11144,1
Mycobacterium_paraense,11243,11244,1
Mycobacterium_paraense,11260,11261,1
Mycobacterium_paraense,11262,11263,1
Mycobacterium_paraense,11265,11267,2
Mycobacterium_paraense,11286,11287,1
Mycobacterium_paraense,11312,11313,1
Mycobacterium_paraense,11473,11474,1
Mycobacterium_paraense,11505,11534,29
Mycobacterium_paraense,11566,11567,1
Mycobacterium_paraense,11590,11591,1
Mycobacterium_paraense,11782,11783,1
Mycobacterium_paraense,11823,11824,1
Mycobacterium_paraense,11826,11827,1
Mycobacterium_paraense,11831,11836,5
Mycobacterium_paraense,11848,11850,2
Mycobacterium_paraense,11851,11852,1
Mycobacterium_paraense,11859,11860,1
Mycobacterium_paraense,11864,11866,2
Mycobacterium_paraense,11877,11878,1
Mycobacterium_paraense,11990,11991,1
Mycobacterium_paraense,11993,11994,1
Mycobacterium_paraense,12029,12030,1
Mycobacterium_paraense,12068,12069,1
Mycobacterium_paraense,12207,12208,1
Mycobacterium_paraense,12211,12212,1
Mycobacterium_paraense,12213,12214,1
Mycobacterium_paraense,12218,12222,4
Mycobacterium_paraense,12225,12227,2
Mycobacterium_paraense,12237,12238,1
Mycobacterium_paraense,12360,12369,9
Mycobacterium_paraense,12371,12380,9
Mycobacterium_paraense,12384,12390,6
Mycobacterium_paraense,12391,12400,9
Mycobacterium_paraense,12454,12455,1
Mycobacterium_paraense,12739,12740,1
Mycobacterium_paraense,12798,12925,127
Mycobacterium_paraense,13451,13452,1
Mycobacterium_paraense,13453,13454,1
Mycobacterium_paraense,13508,13509,1
Mycolicibacter_senuensis,1,10,9
Mycolicibacter_senuensis,21,39,18
Mycolicibacter_senuensis,43,46,3
Mycolicibacter_senuensis,59,136,77
Mycolicibacter_senuensis,346,349,3
Mycolicibacter_senuensis,1542,1691,149
Mycolicibacter_senuensis,3317,3361,44
Mycolicibacter_senuensis,3364,3365,1
Mycolicibacter_senuensis,3373,3374,1
Mycolicibacter_senuensis,3414,3420,6
Mycolicibacter_senuensis,3424,3460,36
Mycolicibacter_senuensis,3473,3479,6
Mycolicibacter_senuensis,3485,3491,6
Mycolicibacter_senuensis,3650,3653,3
Mycolicibacter_senuensis,3657,3672,15
Mycolicibacter_senuensis,3782,3788,6
Mycolicibacter_senuensis,4400,4406,6
Mycolicibacter_senuensis,4407,4413,6
Mycolicibacter_senuensis,4422,4426,4
Mycolicibacter_senuensis,4432,4438,6
Mycolicibacter_senuensis,4452,4455,3
Mycolicibacter_senuensis,4456,4486,30
Mycolicibacter_senuensis,4555,4564,9
Mycolicibacter_senuensis,4567,4573,6
Mycolicibacter_senuensis,5163,5169,6
Mycolicibacter_senuensis,5170,5179,9
Mycolicibacter_senuensis,5181,5190,9
Mycolicibacter_senuensis,5197,5199,2
Mycolicibacter_senuensis,5201,5204,3
Mycolicibacter_senuensis,5206,5214,8
Mycolicibacter_senuensis,5218,5230,12
Mycolicibacter_senuensis,5231,5241,10
Mycolicibacter_senuensis,5247,5253,6
Mycolicibacter_senuensis,5401,5402,1
Mycolicibacter_senuensis,6015,6016,1
Mycolicibacter_senuensis,6431,6452,21
Mycolicibacter_senuensis,6456,6462,6
Mycolicibacter_senuensis,6470,6494,24
Mycolicibacter_senuensis,7178,7254,76
Mycolicibacter_senuensis,7260,7268,8
Mycolicibacter_senuensis,7760,7763,3
Mycolicibacter_senuensis,8452,8500,48
Mycolicibacter_senuensis,8577,8578,1
Mycolicibacter_senuensis,8584,8599,15
Mycolicibacter_senuensis,8601,8603,2
Mycolicibacter_senuensis,8609,8610,1
Mycolicibacter_senuensis,8661,8662,1
Mycolicibacter_senuensis,8703,8704,1
Mycolicibacter_senuensis,8720,8721,1
Mycolicibacter_senuensis,8733,8735,2
Mycolicibacter_senuensis,8739,8742,3
Mycolicibacter_senuensis,8930,8931,1
Mycolicibacter_senuensis,8980,8982,2
Mycolicibacter_senuensis,9120,9121,1
Mycolicibacter_senuensis,9546,9547,1
Mycolicibacter_senuensis,9812,9814,2
Mycolicibacter_senuensis,9982,9986,4
Mycolicibacter_senuensis,10076,10078,2
Mycolicibacter_senuensis,10157,10158,1
Mycolicibacter_senuensis,10310,10312,2
Mycolicibacter_senuensis,10313,10315,2
Mycolicibacter_senuensis,10325,10326,1
Mycolicibacter_senuensis,10370,10371,1
Mycolicibacter_senuensis,10416,10417,1
Mycolicibacter_senuensis,10448,10449,1
Mycolicibacter_senuensis,10476,10477,1
Mycolicibacter_senuensis,10491,10492,1
Mycolicibacter_senuensis,10526,10527,1
Mycolicibacter_senuensis,10547,10649,102
Mycolicibacter_senuensis,10828,10830,2
Mycolicibacter_senuensis,10835,10843,8
Mycolicibacter_senuensis,10864,10865,1
Mycolicibacter_senuensis,10914,10915,1
Mycolicibacter_senuensis,10965,10966,1
Mycolicibacter_senuensis,10971,10975,4
Mycolicibacter_senuensis,11085,11086,1
Mycolicibacter_senuensis,11143,11145,2
Mycolicibacter_senuensis,11243,11244,1
Mycolicibacter_senuensis,11260,11261,1
Mycolicibacter_senuensis,11265,11267,2
Mycolicibacter_senuensis,11286,11287,1
Mycolicibacter_senuensis,11312,11313,1
Mycolicibacter_senuensis,11473,11474,1
Mycolicibacter_senuensis,11505,11512,7
Mycolicibacter_senuensis,11513,11514,1
Mycolicibacter_senuensis,11515,11533,18
Mycolicibacter_senuensis,11537,11538,1
Mycolicibacter_senuensis,11566,11567,1
Mycolicibacter_senuensis,11782,11783,1
Mycolicibacter_senuensis,11823,11824,1
Mycolicibacter_senuensis,11831,11836,5
Mycolicibacter_senuensis,11847,11850,3
Mycolicibacter_senuensis,11851,11852,1
Mycolicibacter_senuensis,11859,11860,1
Mycolicibacter_senuensis,11864,11866,2
Mycolicibacter_senuensis,11877,11878,1
Mycolicibacter_senuensis,11993,11994,1
Mycolicibacter_senuensis,12029,12030,1
Mycolicibacter_senuensis,12068,12069,1
Mycolicibacter_senuensis,12207,12208,1
Mycolicibacter_senuensis,12211,12212,1
Mycolicibacter_senuensis,12213,12214,1
Mycolicibacter_senuensis,12218,12222,4
Mycolicibacter_senuensis,12226,12227,1
Mycolicibacter_senuensis,12237,12238,1
Mycolicibacter_senuensis,12360,12369,9
Mycolicibacter_senuensis,12371,12372,1
Mycolicibacter_senuensis,12374,12375,1
Mycolicibacter_senuensis,12377,12382,5
Mycolicibacter_senuensis,12384,12390,6
Mycolicibacter_senuensis,12391,12400,9
Mycolicibacter_senuensis,12454,12455,1
Mycolicibacter_senuensis,12739,12740,1
Mycolicibacter_senuensis,12798,12925,127
Mycolicibacter_senuensis,13451,13454,3
Mycolicibacter_senuensis,13508,13509,1
Mycobacterium_gastri,1,10,9
Mycobacterium_gastri,21,39,18
Mycobacterium_gastri,43,46,3
Mycobacterium_gastri,53,71,18
Mycobacterium_gastri,87,107,20
Mycobacterium_gastri,117,132,15
Mycobacterium_gastri,133,136,3
Mycobacterium_gastri,346,349,3
Mycobacterium_gastri,1542,1691,149
Mycobacterium_gastri,3284,3287,3
Mycobacterium_gastri,3317,3381,64
Mycobacterium_gastri,3418,3420,2
Mycobacterium_gastri,3424,3458,34
Mycobacterium_gastri,3473,3479,6
Mycobacterium_gastri,3485,3491,6
Mycobacterium_gastri,3642,3645,3
Mycobacterium_gastri,3650,3653,3
Mycobacterium_gastri,3655,3667,12
Mycobacterium_gastri,3782,3788,6
Mycobacterium_gastri,4400,4406,6
Mycobacterium_gastri,4407,4413,6
Mycobacterium_gastri,4417,4426,9
Mycobacterium_gastri,4432,4445,13
Mycobacterium_gastri,4452,4455,3
Mycobacterium_gastri,4456,4462,6
Mycobacterium_gastri,4468,4480,12
Mycobacterium_gastri,4483,4486,3
Mycobacterium_gastri,4555,4564,9
Mycobacterium_gastri,4567,4573,6
Mycobacterium_gastri,5163,5169,6
Mycobacterium_gastri,5170,5179,9
Mycobacterium_gastri,5181,5190,9
Mycobacterium_gastri,5197,5199,2
Mycobacterium_gastri,5201,5204,3
Mycobacterium_gastri,5206,5214,8
Mycobacterium_gastri,5218,5230,12
Mycobacterium_gastri,5231,5241,10
Mycobacterium_gastri,5247,5253,6
Mycobacterium_gastri,5401,5402,1
Mycobacterium_gastri,6015,6016,1
Mycobacterium_gastri,6431,6467,36
Mycobacterium_gastri,6470,6494,24
Mycobacterium_gastri,7178,7254,76
Mycobacterium_gastri,7260,7268,8
Mycobacterium_gastri,7760,7763,3
Mycobacterium_gastri,8452,8500,48
Mycobacterium_gastri,8577,8578,1
Mycobacterium_gastri,8584,8599,15
Mycobacterium_gastri,8601,8603,2
Mycobacterium_gastri,8609,8610,1
Mycobacterium_gastri,8661,8662,1
Mycobacterium_gastri,8703,8704,1
Mycobacterium_gastri,8720,8721,1
Mycobacterium_gastri,8733,8735,2
Mycobacterium_gastri,8739,8742,3
Mycobacterium_gastri,8930,8931,1
Mycobacterium_gastri,8980,8982,2
Mycobacterium_gastri,8996,8998,2
Mycobacterium_gastri,9120,9121,1
Mycobacterium_gastri,9370,9372,2
Mycobacterium_gastri,9546,9547,1
Mycobacterium_gastri,9812,9813,1
Mycobacterium_gastri,9980,9981,1
Mycobacterium_gastri,9983,9986,3
Mycobacterium_gastri,10076,10078,2
Mycobacterium_gastri,10157,10158,1
Mycobacterium_gastri,10261,10262,1
Mycobacterium_gastri,10310,10312,2
Mycobacterium_gastri,10313,10315,2
Mycobacterium_gastri,10325,10326,1
Mycobacterium_gastri,10370,10371,1
Mycobacterium_gastri,10434,10435,1
Mycobacterium_gastri,10448,10449,1
Mycobacterium_gastri,10476,10477,1
Mycobacterium_gastri,10491,10492,1
Mycobacterium_gastri,10526,10527,1
Mycobacterium_gastri,10546,10649,103
Mycobacterium_gastri,10828,10830,2
Mycobacterium_gastri,10832,10846,14
Mycobacterium_gastri,10864,10865,1
Mycobacterium_gastri,10914,10915,1
Mycobacterium_gastri,10958,10966,8
Mycobacterium_gastri,10971,10972,1
Mycobacterium_gastri,11085,11086,1
Mycobacterium_gastri,11143,11144,1
Mycobacterium_gastri,11243,11244,1
Mycobacterium_gastri,11260,11261,1
Mycobacterium_gastri,11262,11263,1
Mycobacterium_gastri,11265,11267,2
Mycobacterium_gastri,11286,11287,1
Mycobacterium_gastri,11312,11313,1
Mycobacterium_gastri,11473,11474,1
Mycobacterium_gastri,11505,11534,29
Mycobacterium_gastri,11566,11567,1
Mycobacterium_gastri,11590,11591,1
Mycobacterium_gastri,11782,11783,1
Mycobacterium_gastri,11823,11824,1
Mycobacterium_gastri,11826,11827,1
Mycobacterium_gastri,11831,11836,5
Mycobacterium_gastri,11848,11850,2
Mycobacterium_gastri,11851,11852,1
Mycobacterium_gastri,11859,11860,1
Mycobacterium_gastri,11864,11866,2
Mycobacterium_gastri,11877,11878,1
Mycobacterium_gastri,11993,11994,1
Mycobacterium_gastri,12029,12030,1
Mycobacterium_gastri,12068,12069,1
Mycobacterium_gastri,12207,12208,1
Mycobacterium_gastri,12211,12212,1
Mycobacterium_gastri,12213,12214,1
Mycobacterium_gastri,12218,12222,4
Mycobacterium_gastri,12225,12227,2
Mycobacterium_gastri,12237,12238,1
Mycobacterium_gastri,12360,12369,9
Mycobacterium_gastri,12371,12380,9
Mycobacterium_gastri,12384,12390,6
Mycobacterium_gastri,12391,12400,9
Mycobacterium_gastri,12454,12455,1
Mycobacterium_gastri,12739,12740,1
Mycobacterium_gastri,12798,12925,127
Mycobacterium_gastri,13451,13452,1
Mycobacterium_gastri,13453,13454,1
Mycobacterium_gastri,13508,13509,1
Mycolicibacter_longobardus,1,10,9
Mycolicibacter_longobardus,21,39,18
Mycolicibacter_longobardus,43,46,3
Mycolicibacter_longobardus,59,136,77
Mycolicibacter_longobardus,346,349,3
Mycolicibacter_longobardus,1542,1691,149
Mycolicibacter_longobardus,3317,3365,48
Mycolicibacter_longobardus,3373,3374,1
Mycolicibacter_longobardus,3414,3420,6
Mycolicibacter_longobardus,3424,3460,36
Mycolicibacter_longobardus,3473,3479,6
Mycolicibacter_longobardus,3485,3491,6
Mycolicibacter_longobardus,3650,3653,3
Mycolicibacter_longobardus,3657,3672,15
Mycolicibacter_longobardus,3782,3788,6
Mycolicibacter_longobardus,4400,4406,6
Mycolicibacter_longobardus,4407,4413,6
Mycolicibacter_longobardus,4422,4426,4
Mycolicibacter_longobardus,4432,4438,6
Mycolicibacter_longobardus,4441,4444,3
Mycolicibacter_longobardus,4452,4455,3
Mycolicibacter_longobardus,4456,4486,30
Mycolicibacter_longobardus,4555,4564,9
Mycolicibacter_longobardus,4567,4573,6
Mycolicibacter_longobardus,5163,5169,6
Mycolicibacter_longobardus,5170,5179,9
Mycolicibacter_longobardus,5181,5190,9
Mycolicibacter_longobardus,5197,5199,2
Mycolicibacter_longobardus,5201,5204,3
Mycolicibacter_longobardus,5206,5214,8
Mycolicibacter_longobardus,5218,5230,12
Mycolicibacter_longobardus,5231,5241,10
Mycolicibacter_longobardus,5247,5253,6
Mycolicibacter_longobardus,5401,5402,1
Mycolicibacter_longobardus,6015,6016,1
Mycolicibacter_longobardus,6431,6452,21
Mycolicibacter_longobardus,6456,6462,6
Mycolicibacter_longobardus,6470,6494,24
Mycolicibacter_longobardus,7178,7254,76
Mycolicibacter_longobardus,7260,7268,8
Mycolicibacter_longobardus,7760,7763,3
Mycolicibacter_longobardus,8452,8500,48
Mycolicibacter_longobardus,8577,8578,1
Mycolicibacter_longobardus,8584,8599,15
Mycolicibacter_longobardus,8601,8603,2
Mycolicibacter_longobardus,8609,8610,1
Mycolicibacter_longobardus,8661,8662,1
Mycolicibacter_longobardus,8703,8704,1
Mycolicibacter_longobardus,8720,8721,1
Mycolicibacter_longobardus,8733,8735,2
Mycolicibacter_longobardus,8739,8742,3
Mycolicibacter_longobardus,8930,8931,1
Mycolicibacter_longobardus,8980,8982,2
Mycolicibacter_longobardus,9120,9121,1
Mycolicibacter_longobardus,9546,9547,1
Mycolicibacter_longobardus,9812,9814,2
Mycolicibacter_longobardus,9985,9986,1
Mycolicibacter_longobardus,10076,10078,2
Mycolicibacter_longobardus,10157,10158,1
Mycolicibacter_longobardus,10311,10312,1
Mycolicibacter_longobardus,10313,10315,2
Mycolicibacter_longobardus,10325,10326,1
Mycolicibacter_longobardus,10370,10371,1
Mycolicibacter_longobardus,10416,10417,1
Mycolicibacter_longobardus,10434,10435,1
Mycolicibacter_longobardus,10448,10449,1
Mycolicibacter_longobardus,10476,10477,1
Mycolicibacter_longobardus,10491,10492,1
Mycolicibacter_longobardus,10526,10527,1
Mycolicibacter_longobardus,10546,10649,103
Mycolicibacter_longobardus,10828,10830,2
Mycolicibacter_longobardus,10835,10843,8
Mycolicibacter_longobardus,10864,10865,1
Mycolicibacter_longobardus,10914,10915,1
Mycolicibacter_longobardus,10965,10966,1
Mycolicibacter_longobardus,10971,10975,4
Mycolicibacter_longobardus,11085,11086,1
Mycolicibacter_longobardus,11143,11144,1
Mycolicibacter_longobardus,11243,11244,1
Mycolicibacter_longobardus,11260,11261,1
Mycolicibacter_longobardus,11265,11267,2
Mycolicibacter_longobardus,11286,11287,1
Mycolicibacter_longobardus,11312,11313,1
Mycolicibacter_longobardus,11473,11474,1
Mycolicibacter_longobardus,11505,11512,7
Mycolicibacter_longobardus,11513,11514,1
Mycolicibacter_longobardus,11515,11533,18
Mycolicibacter_longobardus,11537,11538,1
Mycolicibacter_longobardus,11566,11567,1
Mycolicibacter_longobardus,11782,11783,1
Mycolicibacter_longobardus,11823,11824,1
Mycolicibacter_longobardus,11831,11836,5
Mycolicibacter_longobardus,11847,11850,3
Mycolicibacter_longobardus,11851,11852,1
Mycolicibacter_longobardus,11859,11860,1
Mycolicibacter_longobardus,11864,11866,2
Mycolicibacter_longobardus,11877,11878,1
Mycolicibacter_longobardus,11993,11994,1
Mycolicibacter_longobardus,12029,12030,1
Mycolicibacter_longobardus,12068,12069,1
Mycolicibacter_longobardus,12207,12208,1
Mycolicibacter_longobardus,12211,12212,1
Mycolicibacter_longobardus,12213,12214,1
Mycolicibacter_longobardus,12218,12222,4
Mycolicibacter_longobardus,12226,12227,1
Mycolicibacter_longobardus,12237,12238,1
Mycolicibacter_longobardus,12360,12369,9
Mycolicibacter_longobardus,12371,12372,1
Mycolicibacter_longobardus,12374,12375,1
Mycolicibacter_longobardus,12377,12382,5
Mycolicibacter_longobardus,12384,12390,6
Mycolicibacter_longobardus,12391,12400,9
Mycolicibacter_longobardus,12454,12455,1
Mycolicibacter_longobardus,12739,12740,1
Mycolicibacter_longobardus,12798,12925,127
Mycolicibacter_longobardus,13451,13452,1
Mycolicibacter_longobardus,13453,13454,1
Mycolicibacter_longobardus,13508,13509,1
Mycolicibacillus_trivialis,1,10,9
Mycolicibacillus_trivialis,21,39,18
Mycolicibacillus_trivialis,43,46,3
Mycolicibacillus_trivialis,64,102,38
Mycolicibacillus_trivialis,117,132,15
Mycolicibacillus_trivialis,133,136,3
Mycolicibacillus_trivialis,346,349,3
Mycolicibacillus_trivialis,1542,1691,149
Mycolicibacillus_trivialis,3317,3365,48
Mycolicibacillus_trivialis,3373,3374,1
Mycolicibacillus_trivialis,3414,3477,63
Mycolicibacillus_trivialis,3485,3491,6
Mycolicibacillus_trivialis,3642,3645,3
Mycolicibacillus_trivialis,3650,3653,3
Mycolicibacillus_trivialis,3655,3667,12
Mycolicibacillus_trivialis,3782,3788,6
Mycolicibacillus_trivialis,4400,4406,6
Mycolicibacillus_trivialis,4407,4413,6
Mycolicibacillus_trivialis,4417,4426,9
Mycolicibacillus_trivialis,4432,4445,13
Mycolicibacillus_trivialis,4452,4455,3
Mycolicibacillus_trivialis,4456,4480,24
Mycolicibacillus_trivialis,4483,4486,3
Mycolicibacillus_trivialis,4540,4552,12
Mycolicibacillus_trivialis,4555,4564,9
Mycolicibacillus_trivialis,4567,4573,6
Mycolicibacillus_trivialis,4581,4584,3
Mycolicibacillus_trivialis,5163,5169,6
Mycolicibacillus_trivialis,5170,5179,9
Mycolicibacillus_trivialis,5181,5190,9
Mycolicibacillus_trivialis,5197,5199,2
Mycolicibacillus_trivialis,5201,5204,3
Mycolicibacillus_trivialis,5206,5214,8
Mycolicibacillus_trivialis,5218,5230,12
Mycolicibacillus_trivialis,5231,5241,10
Mycolicibacillus_trivialis,5247,5253,6
Mycolicibacillus_trivialis,5401,5402,1
Mycolicibacillus_trivialis,6015,6016,1
Mycolicibacillus_trivialis,6431,6452,21
Mycolicibacillus_trivialis,6456,6462,6
Mycolicibacillus_trivialis,6470,6494,24
Mycolicibacillus_trivialis,7178,7254,76
Mycolicibacillus_trivialis,7260,7268,8
Mycolicibacillus_trivialis,7760,7763,3
Mycolicibacillus_trivialis,8452,8500,48
Mycolicibacillus_trivialis,8577,8578,1
Mycolicibacillus_trivialis,8584,8599,15
Mycolicibacillus_trivialis,8601,8603,2
Mycolicibacillus_trivialis,8609,8610,1
Mycolicibacillus_trivialis,8661,8662,1
Mycolicibacillus_trivialis,8703,8704,1
Mycolicibacillus_trivialis,8720,8721,1
Mycolicibacillus_trivialis,8733,8735,2
Mycolicibacillus_trivialis,8739,8742,3
Mycolicibacillus_trivialis,8930,8931,1
Mycolicibacillus_trivialis,8980,8982,2
Mycolicibacillus_trivialis,8984,8998,14
Mycolicibacillus_trivialis,9120,9121,1
Mycolicibacillus_trivialis,9370,9372,2
Mycolicibacillus_trivialis,9546,9547,1
Mycolicibacillus_trivialis,9812,9813,1
Mycolicibacillus_trivialis,9984,9986,2
Mycolicibacillus_trivialis,10076,10078,2
Mycolicibacillus_trivialis,10157,10158,1
Mycolicibacillus_trivialis,10261,10262,1
Mycolicibacillus_trivialis,10310,10312,2
Mycolicibacillus_trivialis,10313,10315,2
Mycolicibacillus_trivialis,10325,10326,1
Mycolicibacillus_trivialis,10370,10371,1
Mycolicibacillus_trivialis,10416,10417,1
Mycolicibacillus_trivialis,10448,10449,1
Mycolicibacillus_trivialis,10476,10477,1
Mycolicibacillus_trivialis,10491,10492,1
Mycolicibacillus_trivialis,10526,10527,1
Mycolicibacillus_trivialis,10546,10649,103
Mycolicibacillus_trivialis,10828,10830,2
Mycolicibacillus_trivialis,10835,10842,7
Mycolicibacillus_trivialis,10864,10865,1
Mycolicibacillus_trivialis,10914,10915,1
Mycolicibacillus_trivialis,10962,10977,15
Mycolicibacillus_trivialis,11085,11086,1
Mycolicibacillus_trivialis,11143,11144,1
Mycolicibacillus_trivialis,11243,11244,1
Mycolicibacillus_trivialis,11265,11267,2
Mycolicibacillus_trivialis,11286,11287,1
Mycolicibacillus_trivialis,11312,11313,1
Mycolicibacillus_trivialis,11473,11474,1
Mycolicibacillus_trivialis,11505,11512,7
Mycolicibacillus_trivialis,11513,11514,1
Mycolicibacillus_trivialis,11520,11521,1
Mycolicibacillus_trivialis,11524,11533,9
Mycolicibacillus_trivialis,11566,11567,1
Mycolicibacillus_trivialis,11782,11783,1
Mycolicibacillus_trivialis,11823,11824,1
Mycolicibacillus_trivialis,11831,11836,5
Mycolicibacillus_trivialis,11851,11852,1
Mycolicibacillus_trivialis,11859,11865,6
Mycolicibacillus_trivialis,11877,11878,1
Mycolicibacillus_trivialis,12029,12030,1
Mycolicibacillus_trivialis,12068,12069,1
Mycolicibacillus_trivialis,12207,12208,1
Mycolicibacillus_trivialis,12211,12212,1
Mycolicibacillus_trivialis,12213,12214,1
Mycolicibacillus_trivialis,12218,12222,4
Mycolicibacillus_trivialis,12226,12227,1
Mycolicibacillus_trivialis,12237,12238,1
Mycolicibacillus_trivialis,12360,12380,20
Mycolicibacillus_trivialis,12385,12390,5
Mycolicibacillus_trivialis,12391,12393,2
Mycolicibacillus_trivialis,12454,12455,1
Mycolicibacillus_trivialis,12739,12740,1
Mycolicibacillus_trivialis,12798,12925,127
Mycolicibacillus_trivialis,13451,13452,1
Mycolicibacillus_trivialis,13453,13454,1
Mycolicibacillus_trivialis,13508,13509,1
Mycobacterium_decipiens,1,10,9
Mycobacterium_decipiens,21,39,18
Mycobacterium_decipiens,43,46,3
Mycobacterium_decipiens,53,109,56
Mycobacterium_decipiens,117,132,15
Mycobacterium_decipiens,133,136,3
Mycobacterium_decipiens,346,349,3
Mycobacterium_decipiens,1542,1691,149
Mycobacterium_decipiens,3317,3381,64
Mycobacterium_decipiens,3418,3420,2
Mycobacterium_decipiens,3424,3458,34
Mycobacterium_decipiens,3473,3479,6
Mycobacterium_decipiens,3485,3491,6
Mycobacterium_decipiens,3642,3645,3
Mycobacterium_decipiens,3650,3653,3
Mycobacterium_decipiens,3655,3667,12
Mycobacterium_decipiens,3782,3788,6
Mycobacterium_decipiens,4400,4406,6
Mycobacterium_decipiens,4407,4413,6
Mycobacterium_decipiens,4417,4426,9
Mycobacterium_decipiens,4432,4445,13
Mycobacterium_decipiens,4452,4455,3
Mycobacterium_decipiens,4456,4462,6
Mycobacterium_decipiens,4468,4480,12
Mycobacterium_decipiens,4483,4486,3
Mycobacterium_decipiens,4540,4552,12
Mycobacterium_decipiens,4555,4564,9
Mycobacterium_decipiens,4567,4573,6
Mycobacterium_decipiens,4581,4584,3
Mycobacterium_decipiens,5163,5169,6
Mycobacterium_decipiens,5170,5179,9
Mycobacterium_decipiens,5181,5190,9
Mycobacterium_decipiens,5197,5199,2
Mycobacterium_decipiens,5201,5204,3
Mycobacterium_decipiens,5206,5214,8
Mycobacterium_decipiens,5218,5230,12
Mycobacterium_decipiens,5231,5241,10
Mycobacterium_decipiens,5247,5253,6
Mycobacterium_decipiens,5401,5402,1
Mycobacterium_decipiens,6015,6016,1
Mycobacterium_decipiens,6431,6452,21
Mycobacterium_decipiens,6470,6494,24
Mycobacterium_decipiens,7178,7254,76
Mycobacterium_decipiens,7260,7268,8
Mycobacterium_decipiens,7760,7763,3
Mycobacterium_decipiens,8452,8500,48
Mycobacterium_decipiens,8577,8578,1
Mycobacterium_decipiens,8584,8599,15
Mycobacterium_decipiens,8601,8603,2
Mycobacterium_decipiens,8609,8610,1
Mycobacterium_decipiens,8661,8662,1
Mycobacterium_decipiens,8703,8704,1
Mycobacterium_decipiens,8720,8721,1
Mycobacterium_decipiens,8739,8742,3
Mycobacterium_decipiens,8930,8931,1
Mycobacterium_decipiens,8980,8982,2
Mycobacterium_decipiens,8996,8998,2
Mycobacterium_decipiens,9120,9121,1
Mycobacterium_decipiens,9370,9372,2
Mycobacterium_decipiens,9546,9547,1
Mycobacterium_decipiens,9812,9813,1
Mycobacterium_decipiens,9983,9986,3
Mycobacterium_decipiens,10076,10078,2
Mycobacterium_decipiens,10157,10158,1
Mycobacterium_decipiens,10261,10262,1
Mycobacterium_decipiens,10310,10312,2
Mycobacterium_decipiens,10313,10315,2
Mycobacterium_decipiens,10325,10326,1
Mycobacterium_decipiens,10370,10371,1
Mycobacterium_decipiens,10434,10435,1
Mycobacterium_decipiens,10448,10449,1
Mycobacterium_decipiens,10476,10477,1
Mycobacterium_decipiens,10491,10492,1
Mycobacterium_decipiens,10526,10527,1
Mycobacterium_decipiens,10546,10649,103
Mycobacterium_decipiens,10828,10830,2
Mycobacterium_decipiens,10832,10846,14
Mycobacterium_decipiens,10864,10865,1
Mycobacterium_decipiens,10914,10915,1
Mycobacterium_decipiens,10958,10966,8
Mycobacterium_decipiens,10971,10972,1
Mycobacterium_decipiens,11085,11086,1
Mycobacterium_decipiens,11143,11144,1
Mycobacterium_decipiens,11243,11244,1
Mycobacterium_decipiens,11260,11261,1
Mycobacterium_decipiens,11262,11263,1
Mycobacterium_decipiens,11265,11267,2
Mycobacterium_decipiens,11286,11287,1
Mycobacterium_decipiens,11312,11313,1
Mycobacterium_decipiens,11473,11474,1
Mycobacterium_decipiens,11505,11511,6
Mycobacterium_decipiens,11513,11514,1
Mycobacterium_decipiens,11520,11534,14
Mycobacterium_decipiens,11566,11567,1
Mycobacterium_decipiens,11590,11591,1
Mycobacterium_decipiens,11782,11783,1
Mycobacterium_decipiens,11823,11824,1
Mycobacterium_decipiens,11826,11827,1
Mycobacterium_decipiens,11831,11836,5
Mycobacterium_decipiens,11848,11850,2
Mycobacterium_decipiens,11851,11852,1
Mycobacterium_decipiens,11859,11860,1
Mycobacterium_decipiens,11864,11866,2
Mycobacterium_decipiens,11877,11878,1
Mycobacterium_decipiens,11993,11994,1
Mycobacterium_decipiens,12029,12030,1
Mycobacterium_decipiens,12068,12069,1
Mycobacterium_decipiens,12207,12208,1
Mycobacterium_decipiens,12211,12212,1
Mycobacterium_decipiens,12213,12214,1
Mycobacterium_decipiens,12218,12222,4
Mycobacterium_decipiens,12225,12227,2
Mycobacterium_decipiens,12237,12238,1
Mycobacterium_decipiens,12360,12369,9
Mycobacterium_decipiens,12371,12372,1
Mycobacterium_decipiens,12374,12380,6
Mycobacterium_decipiens,12384,12390,6
Mycobacterium_decipiens,12391,12400,9
Mycobacterium_decipiens,12454,12455,1
Mycobacterium_decipiens,12739,12740,1
Mycobacterium_decipiens,12798,12925,127
Mycobacterium_decipiens,13451,13452,1
Mycobacterium_decipiens,13453,13454,1
Mycobacterium_decipiens,13508,13509,1
Mycolicibacterium_vulneris,1,10,9
Mycolicibacterium_vulneris,21,39,18
Mycolicibacterium_vulneris,43,46,3
Mycolicibacterium_vulneris,53,80,27
Mycolicibacterium_vulneris,87,107,20
Mycolicibacterium_vulneris,117,132,15
Mycolicibacterium_vulneris,133,136,3
Mycolicibacterium_vulneris,346,349,3
Mycolicibacterium_vulneris,1542,1583,41
Mycolicibacterium_vulneris,1587,1676,89
Mycolicibacterium_vulneris,1678,1691,13
Mycolicibacterium_vulneris,3317,3381,64
Mycolicibacterium_vulneris,3414,3420,6
Mycolicibacterium_vulneris,3424,3460,36
Mycolicibacterium_vulneris,3476,3479,3
Mycolicibacterium_vulneris,3485,3491,6
Mycolicibacterium_vulneris,3642,3645,3
Mycolicibacterium_vulneris,3650,3653,3
Mycolicibacterium_vulneris,3782,3788,6
Mycolicibacterium_vulneris,4400,4406,6
Mycolicibacterium_vulneris,4407,4413,6
Mycolicibacterium_vulneris,4417,4426,9
Mycolicibacterium_vulneris,4432,4445,13
Mycolicibacterium_vulneris,4452,4455,3
Mycolicibacterium_vulneris,4456,4462,6
Mycolicibacterium_vulneris,4468,4480,12
Mycolicibacterium_vulneris,4483,4486,3
Mycolicibacterium_vulneris,4555,4564,9
Mycolicibacterium_vulneris,4567,4573,6
Mycolicibacterium_vulneris,5163,5169,6
Mycolicibacterium_vulneris,5170,5179,9
Mycolicibacterium_vulneris,5181,5190,9
Mycolicibacterium_vulneris,5197,5199,2
Mycolicibacterium_vulneris,5201,5204,3
Mycolicibacterium_vulneris,5206,5214,8
Mycolicibacterium_vulneris,5218,5230,12
Mycolicibacterium_vulneris,5231,5241,10
Mycolicibacterium_vulneris,5247,5253,6
Mycolicibacterium_vulneris,5401,5402,1
Mycolicibacterium_vulneris,6015,6016,1
Mycolicibacterium_vulneris,6428,6464,36
Mycolicibacterium_vulneris,6470,6494,24
Mycolicibacterium_vulneris,7178,7254,76
Mycolicibacterium_vulneris,7260,7268,8
Mycolicibacterium_vulneris,7760,7763,3
Mycolicibacterium_vulneris,8452,8500,48
Mycolicibacterium_vulneris,8577,8578,1
Mycolicibacterium_vulneris,8584,8599,15
Mycolicibacterium_vulneris,8601,8603,2
Mycolicibacterium_vulneris,8609,8610,1
Mycolicibacterium_vulneris,8661,8662,1
Mycolicibacterium_vulneris,8703,8704,1
Mycolicibacterium_vulneris,8720,8721,1
Mycolicibacterium_vulneris,8733,8735,2
Mycolicibacterium_vulneris,8739,8742,3
Mycolicibacterium_vulneris,8930,8931,1
Mycolicibacterium_vulneris,8980,8982,2
Mycolicibacterium_vulneris,8996,8998,2
Mycolicibacterium_vulneris,9120,9121,1
Mycolicibacterium_vulneris,9370,9372,2
Mycolicibacterium_vulneris,9546,9547,1
Mycolicibacterium_vulneris,9812,9813,1
Mycolicibacterium_vulneris,9982,9986,4
Mycolicibacterium_vulneris,10076,10078,2
Mycolicibacterium_vulneris,10157,10158,1
Mycolicibacterium_vulneris,10261,10262,1
Mycolicibacterium_vulneris,10310,10312,2
Mycolicibacterium_vulneris,10313,10315,2
Mycolicibacterium_vulneris,10325,10326,1
Mycolicibacterium_vulneris,10352,10353,1
Mycolicibacterium_vulneris,10370,10371,1
Mycolicibacterium_vulneris,10434,10435,1
Mycolicibacterium_vulneris,10448,10449,1
Mycolicibacterium_vulneris,10476,10477,1
Mycolicibacterium_vulneris,10491,10492,1
Mycolicibacterium_vulneris,10526,10527,1
Mycolicibacterium_vulneris,10546,10649,103
Mycolicibacterium_vulneris,10828,10830,2
Mycolicibacterium_vulneris,10832,10846,14
Mycolicibacterium_vulneris,10864,10865,1
Mycolicibacterium_vulneris,10914,10915,1
Mycolicibacterium_vulneris,10965,10977,12
Mycolicibacterium_vulneris,11085,11086,1
Mycolicibacterium_vulneris,11143,11144,1
Mycolicibacterium_vulneris,11243,11244,1
Mycolicibacterium_vulneris,11260,11261,1
Mycolicibacterium_vulneris,11262,11263,1
Mycolicibacterium_vulneris,11265,11267,2
Mycolicibacterium_vulneris,11286,11287,1
Mycolicibacterium_vulneris,11312,11313,1
Mycolicibacterium_vulneris,11473,11474,1
Mycolicibacterium_vulneris,11505,11511,6
Mycolicibacterium_vulneris,11513,11514,1
Mycolicibacterium_vulneris,11519,11521,2
Mycolicibacterium_vulneris,11523,11533,10
Mycolicibacterium_vulneris,11566,11567,1
Mycolicibacterium_vulneris,11590,11591,1
Mycolicibacterium_vulneris,11782,11783,1
Mycolicibacterium_vulneris,11823,11824,1
Mycolicibacterium_vulneris,11826,11827,1
Mycolicibacterium_vulneris,11831,11836,5
Mycolicibacterium_vulneris,11848,11850,2
Mycolicibacterium_vulneris,11851,11852,1
Mycolicibacterium_vulneris,11859,11860,1
Mycolicibacterium_vulneris,11864,11866,2
Mycolicibacterium_vulneris,11877,11878,1
Mycolicibacterium_vulneris,11993,11994,1
Mycolicibacterium_vulneris,12029,12030,1
Mycolicibacterium_vulneris,12068,12069,1
Mycolicibacterium_vulneris,12207,12208,1
Mycolicibacterium_vulneris,12211,12212,1
Mycolicibacterium_vulneris,12213,12214,1
Mycolicibacterium_vulneris,12218,12222,4
Mycolicibacterium_vulneris,12225,12227,2
Mycolicibacterium_vulneris,12237,12238,1
Mycolicibacterium_vulneris,12360,12369,9
Mycolicibacterium_vulneris,12371,12380,9
Mycolicibacterium_vulneris,12384,12390,6
Mycolicibacterium_vulneris,12391,12400,9
Mycolicibacterium_vulneris,12454,12455,1
Mycolicibacterium_vulneris,12738,12740,2
Mycolicibacterium_vulneris,12798,12925,127
Mycolicibacterium_vulneris,13451,13452,1
Mycolicibacterium_vulneris,13453,13454,1
Mycolicibacterium_vulneris,13508,13509,1
Mycobacterium_szulgai,1,10,9
Mycobacterium_szulgai,21,39,18
Mycobacterium_szulgai,43,46,3
Mycobacterium_szulgai,53,71,18
Mycobacterium_szulgai,84,107,23
Mycobacterium_szulgai,117,132,15
Mycobacterium_szulgai,133,136,3
Mycobacterium_szulgai,346,349,3
Mycobacterium_szulgai,1542,1691,149
Mycobacterium_szulgai,3317,3381,64
Mycobacterium_szulgai,3424,3460,36
Mycobacterium_szulgai,3461,3479,18
Mycobacterium_szulgai,3485,3491,6
Mycobacterium_szulgai,3642,3645,3
Mycobacterium_szulgai,3650,3653,3
Mycobacterium_szulgai,3655,3667,12
Mycobacterium_szulgai,3782,3788,6
Mycobacterium_szulgai,4400,4406,6
Mycobacterium_szulgai,4407,4413,6
Mycobacterium_szulgai,4417,4426,9
Mycobacterium_szulgai,4432,4445,13
Mycobacterium_szulgai,4452,4455,3
Mycobacterium_szulgai,4456,4462,6
Mycobacterium_szulgai,4468,4480,12
Mycobacterium_szulgai,4483,4486,3
Mycobacterium_szulgai,4540,4552,12
Mycobacterium_szulgai,4555,4564,9
Mycobacterium_szulgai,4567,4573,6
Mycobacterium_szulgai,4581,4584,3
Mycobacterium_szulgai,5163,5169,6
Mycobacterium_szulgai,5170,5179,9
Mycobacterium_szulgai,5181,5190,9
Mycobacterium_szulgai,5197,5199,2
Mycobacterium_szulgai,5201,5204,3
Mycobacterium_szulgai,5206,5214,8
Mycobacterium_szulgai,5218,5230,12
Mycobacterium_szulgai,5231,5241,10
Mycobacterium_szulgai,5247,5253,6
Mycobacterium_szulgai,5401,5402,1
Mycobacterium_szulgai,6015,6016,1
Mycobacterium_szulgai,6317,6318,1
Mycobacterium_szulgai,6428,6464,36
Mycobacterium_szulgai,6470,6494,24
Mycobacterium_szulgai,7178,7254,76
Mycobacterium_szulgai,7260,7268,8
Mycobacterium_szulgai,7760,7763,3
Mycobacterium_szulgai,8452,8500,48
Mycobacterium_szulgai,8577,8578,1
Mycobacterium_szulgai,8584,8599,15
Mycobacterium_szulgai,8601,8603,2
Mycobacterium_szulgai,8609,8610,1
Mycobacterium_szulgai,8661,8662,1
Mycobacterium_szulgai,8703,8704,1
Mycobacterium_szulgai,8720,8721,1
Mycobacterium_szulgai,8733,8735,2
Mycobacterium_szulgai,8739,8742,3
Mycobacterium_szulgai,8930,8931,1
Mycobacterium_szulgai,8980,8982,2
Mycobacterium_szulgai,8996,8998,2
Mycobacterium_szulgai,9120,9121,1
Mycobacterium_szulgai,9370,9372,2
Mycobacterium_szulgai,9546,9547,1
Mycobacterium_szulgai,9812,9813,1
Mycobacterium_szulgai,9980,9981,1
Mycobacterium_szulgai,9983,9986,3
Mycobacterium_szulgai,10076,10078,2
Mycobacterium_szulgai,10157,10158,1
Mycobacterium_szulgai,10261,10262,1
Mycobacterium_szulgai,10310,10312,2
Mycobacterium_szulgai,10313,10315,2
Mycobacterium_szulgai,10325,10326,1
Mycobacterium_szulgai,10370,10371,1
Mycobacterium_szulgai,10411,10412,1
Mycobacterium_szulgai,10434,10435,1
Mycobacterium_szulgai,10448,10449,1
Mycobacterium_szulgai,10476,10477,1
Mycobacterium_szulgai,10491,10492,1
Mycobacterium_szulgai,10526,10527,1
Mycobacterium_szulgai,10546,10649,103
Mycobacterium_szulgai,10828,10830,2
Mycobacterium_szulgai,10832,10846,14
Mycobacterium_szulgai,10864,10865,1
Mycobacterium_szulgai,10914,10915,1
Mycobacterium_szulgai,10959,10966,7
Mycobacterium_szulgai,10971,10975,4
Mycobacterium_szulgai,11085,11086,1
Mycobacterium_szulgai,11143,11144,1
Mycobacterium_szulgai,11243,11244,1
Mycobacterium_szulgai,11260,11261,1
Mycobacterium_szulgai,11262,11263,1
Mycobacterium_szulgai,11265,11267,2
Mycobacterium_szulgai,11286,11287,1
Mycobacterium_szulgai,11312,11313,1
Mycobacterium_szulgai,11473,11474,1
Mycobacterium_szulgai,11505,11534,29
Mycobacterium_szulgai,11566,11567,1
Mycobacterium_szulgai,11590,11591,1
Mycobacterium_szulgai,11782,11783,1
Mycobacterium_szulgai,11823,11824,1
Mycobacterium_szulgai,11826,11827,1
Mycobacterium_szulgai,11831,11836,5
Mycobacterium_szulgai,11841,11843,2
Mycobacterium_szulgai,11848,11850,2
Mycobacterium_szulgai,11851,11852,1
Mycobacterium_szulgai,11859,11860,1
Mycobacterium_szulgai,11864,11866,2
Mycobacterium_szulgai,11877,11878,1
Mycobacterium_szulgai,11993,11994,1
Mycobacterium_szulgai,12029,12030,1
Mycobacterium_szulgai,12068,12069,1
Mycobacterium_szulgai,12207,12208,1
Mycobacterium_szulgai,12211,12212,1
Mycobacterium_szulgai,12213,12214,1
Mycobacterium_szulgai,12218,12222,4
Mycobacterium_szulgai,12225,12227,2
Mycobacterium_szulgai,12237,12238,1
Mycobacterium_szulgai,12360,12369,9
Mycobacterium_szulgai,12371,12372,1
Mycobacterium_szulgai,12374,12380,6
Mycobacterium_szulgai,12384,12390,6
Mycobacterium_szulgai,12391,12400,9
Mycobacterium_szulgai,12454,12455,1
Mycobacterium_szulgai,12739,12740,1
Mycobacterium_szulgai,13451,13452,1
Mycobacterium_szulgai,13453,13454,1
Mycobacterium_szulgai,13508,13509,1
Mycobacterium_neumannii,1,10,9
Mycobacterium_neumannii,21,39,18
Mycobacterium_neumannii,43,46,3
Mycobacterium_neumannii,60,107,47
Mycobacterium_neumannii,117,132,15
Mycobacterium_neumannii,133,136,3
Mycobacterium_neumannii,346,349,3
Mycobacterium_neumannii,1542,1545,3
Mycobacterium_neumannii,1572,1604,32
Mycobacterium_neumannii,1632,1650,18
Mycobacterium_neumannii,1664,1676,12
Mycobacterium_neumannii,3317,3361,44
Mycobacterium_neumannii,3364,3365,1
Mycobacterium_neumannii,3373,3374,1
Mycobacterium_neumannii,3409,3478,69
Mycobacterium_neumannii,3485,3491,6
Mycobacterium_neumannii,3642,3645,3
Mycobacterium_neumannii,3650,3653,3
Mycobacterium_neumannii,3655,3667,12
Mycobacterium_neumannii,3782,3788,6
Mycobacterium_neumannii,4407,4413,6
Mycobacterium_neumannii,4417,4426,9
Mycobacterium_neumannii,4432,4445,13
Mycobacterium_neumannii,4452,4455,3
Mycobacterium_neumannii,4456,4462,6
Mycobacterium_neumannii,4463,4466,3
Mycobacterium_neumannii,4468,4474,6
Mycobacterium_neumannii,4475,4481,6
Mycobacterium_neumannii,4483,4486,3
Mycobacterium_neumannii,4540,4552,12
Mycobacterium_neumannii,4555,4564,9
Mycobacterium_neumannii,4567,4573,6
Mycobacterium_neumannii,4582,4585,3
Mycobacterium_neumannii,5163,5169,6
Mycobacterium_neumannii,5170,5179,9
Mycobacterium_neumannii,5181,5190,9
Mycobacterium_neumannii,5197,5199,2
Mycobacterium_neumannii,5201,5204,3
Mycobacterium_neumannii,5206,5214,8
Mycobacterium_neumannii,5218,5230,12
Mycobacterium_neumannii,5231,5241,10
Mycobacterium_neumannii,5247,5253,6
Mycobacterium_neumannii,5401,5402,1
Mycobacterium_neumannii,6015,6016,1
Mycobacterium_neumannii,6431,6467,36
Mycobacterium_neumannii,6470,6494,24
Mycobacterium_neumannii,7178,7254,76
Mycobacterium_neumannii,7260,7268,8
Mycobacterium_neumannii,7760,7763,3
Mycobacterium_neumannii,8452,8500,48
Mycobacterium_neumannii,8577,8578,1
Mycobacterium_neumannii,8584,8599,15
Mycobacterium_neumannii,8601,8603,2
Mycobacterium_neumannii,8609,8610,1
Mycobacterium_neumannii,8661,8662,1
Mycobacterium_neumannii,8733,8735,2
Mycobacterium_neumannii,8739,8742,3
Mycobacterium_neumannii,8930,8931,1
Mycobacterium_neumannii,8980,8982,2
Mycobacterium_neumannii,8984,8998,14
Mycobacterium_neumannii,9120,9121,1
Mycobacterium_neumannii,9370,9372,2
Mycobacterium_neumannii,9546,9547,1
Mycobacterium_neumannii,9812,9813,1
Mycobacterium_neumannii,9985,9986,1
Mycobacterium_neumannii,10076,10078,2
Mycobacterium_neumannii,10157,10158,1
Mycobacterium_neumannii,10261,10262,1
Mycobacterium_neumannii,10310,10312,2
Mycobacterium_neumannii,10313,10315,2
Mycobacterium_neumannii,10325,10326,1
Mycobacterium_neumannii,10370,10371,1
Mycobacterium_neumannii,10416,10417,1
Mycobacterium_neumannii,10434,10435,1
Mycobacterium_neumannii,10448,10449,1
Mycobacterium_neumannii,10461,10462,1
Mycobacterium_neumannii,10476,10477,1
Mycobacterium_neumannii,10491,10492,1
Mycobacterium_neumannii,10526,10527,1
Mycobacterium_neumannii,10546,10649,103
Mycobacterium_neumannii,10828,10830,2
Mycobacterium_neumannii,10835,10836,1
Mycobacterium_neumannii,10837,10843,6
Mycobacterium_neumannii,10864,10865,1
Mycobacterium_neumannii,10914,10915,1
Mycobacterium_neumannii,10965,10966,1
Mycobacterium_neumannii,10971,10975,4
Mycobacterium_neumannii,11085,11086,1
Mycobacterium_neumannii,11143,11144,1
Mycobacterium_neumannii,11243,11244,1
Mycobacterium_neumannii,11260,11261,1
Mycobacterium_neumannii,11265,11267,2
Mycobacterium_neumannii,11286,11287,1
Mycobacterium_neumannii,11312,11313,1
Mycobacterium_neumannii,11473,11474,1
Mycobacterium_neumannii,11505,11512,7
Mycobacterium_neumannii,11513,11515,2
Mycobacterium_neumannii,11520,11521,1
Mycobacterium_neumannii,11523,11525,2
Mycobacterium_neumannii,11530,11538,8
Mycobacterium_neumannii,11566,11567,1
Mycobacterium_neumannii,11782,11783,1
Mycobacterium_neumannii,11823,11824,1
Mycobacterium_neumannii,11826,11827,1
Mycobacterium_neumannii,11831,11836,5
Mycobacterium_neumannii,11846,11850,4
Mycobacterium_neumannii,11851,11852,1
Mycobacterium_neumannii,11859,11860,1
Mycobacterium_neumannii,11864,11866,2
Mycobacterium_neumannii,11877,11878,1
Mycobacterium_neumannii,11993,11994,1
Mycobacterium_neumannii,12029,12030,1
Mycobacterium_neumannii,12068,12069,1
Mycobacterium_neumannii,12207,12208,1
Mycobacterium_neumannii,12211,12212,1
Mycobacterium_neumannii,12213,12214,1
Mycobacterium_neumannii,12218,12222,4
Mycobacterium_neumannii,12226,12227,1
Mycobacterium_neumannii,12237,12238,1
Mycobacterium_neumannii,12360,12369,9
Mycobacterium_neumannii,12371,12372,1
Mycobacterium_neumannii,12373,12376,3
Mycobacterium_neumannii,12378,12381,3
Mycobacterium_neumannii,12384,12390,6
Mycobacterium_neumannii,12391,12400,9
Mycobacterium_neumannii,12454,12455,1
Mycobacterium_neumannii,12739,12740,1
Mycobacterium_neumannii,12798,12925,127
Mycobacterium_neumannii,13453,13454,1
Mycobacterium_neumannii,13508,13509,1
Mycolicibacterium_sphagni,1,10,9
Mycolicibacterium_sphagni,21,39,18
Mycolicibacterium_sphagni,43,46,3
Mycolicibacterium_sphagni,48,110,62
Mycolicibacterium_sphagni,117,132,15
Mycolicibacterium_sphagni,133,136,3
Mycolicibacterium_sphagni,346,349,3
Mycolicibacterium_sphagni,1542,1691,149
Mycolicibacterium_sphagni,3317,3381,64
Mycolicibacterium_sphagni,3408,3480,72
Mycolicibacterium_sphagni,3485,3491,6
Mycolicibacterium_sphagni,3642,3645,3
Mycolicibacterium_sphagni,3650,3653,3
Mycolicibacterium_sphagni,3655,3667,12
Mycolicibacterium_sphagni,3782,3788,6
Mycolicibacterium_sphagni,4400,4406,6
Mycolicibacterium_sphagni,4407,4413,6
Mycolicibacterium_sphagni,4417,4426,9
Mycolicibacterium_sphagni,4432,4445,13
Mycolicibacterium_sphagni,4452,4455,3
Mycolicibacterium_sphagni,4456,4462,6
Mycolicibacterium_sphagni,4468,4474,6
Mycolicibacterium_sphagni,4475,4481,6
Mycolicibacterium_sphagni,4483,4486,3
Mycolicibacterium_sphagni,4540,4552,12
Mycolicibacterium_sphagni,4555,4564,9
Mycolicibacterium_sphagni,4567,4573,6
Mycolicibacterium_sphagni,4582,4585,3
Mycolicibacterium_sphagni,5163,5169,6
Mycolicibacterium_sphagni,5170,5179,9
Mycolicibacterium_sphagni,5181,5190,9
Mycolicibacterium_sphagni,5197,5199,2
Mycolicibacterium_sphagni,5201,5204,3
Mycolicibacterium_sphagni,5206,5214,8
Mycolicibacterium_sphagni,5218,5230,12
Mycolicibacterium_sphagni,5231,5241,10
Mycolicibacterium_sphagni,5247,5253,6
Mycolicibacterium_sphagni,5401,5402,1
Mycolicibacterium_sphagni,6015,6016,1
Mycolicibacterium_sphagni,6431,6467,36
Mycolicibacterium_sphagni,6470,6494,24
Mycolicibacterium_sphagni,7178,7254,76
Mycolicibacterium_sphagni,7260,7268,8
Mycolicibacterium_sphagni,7760,7763,3
Mycolicibacterium_sphagni,8452,8500,48
Mycolicibacterium_sphagni,8577,8578,1
Mycolicibacterium_sphagni,8584,8599,15
Mycolicibacterium_sphagni,8600,8604,4
Mycolicibacterium_sphagni,8609,8610,1
Mycolicibacterium_sphagni,8661,8662,1
Mycolicibacterium_sphagni,8703,8704,1
Mycolicibacterium_sphagni,8720,8721,1
Mycolicibacterium_sphagni,8733,8735,2
Mycolicibacterium_sphagni,8739,8742,3
Mycolicibacterium_sphagni,8930,8931,1
Mycolicibacterium_sphagni,8980,8982,2
Mycolicibacterium_sphagni,8984,8998,14
Mycolicibacterium_sphagni,9120,9121,1
Mycolicibacterium_sphagni,9370,9372,2
Mycolicibacterium_sphagni,9546,9547,1
Mycolicibacterium_sphagni,9812,9813,1
Mycolicibacterium_sphagni,9985,9986,1
Mycolicibacterium_sphagni,10076,10078,2
Mycolicibacterium_sphagni,10157,10158,1
Mycolicibacterium_sphagni,10261,10262,1
Mycolicibacterium_sphagni,10310,10312,2
Mycolicibacterium_sphagni,10325,10326,1
Mycolicibacterium_sphagni,10370,10371,1
Mycolicibacterium_sphagni,10416,10417,1
Mycolicibacterium_sphagni,10434,10435,1
Mycolicibacterium_sphagni,10448,10449,1
Mycolicibacterium_sphagni,10461,10462,1
Mycolicibacterium_sphagni,10476,10477,1
Mycolicibacterium_sphagni,10491,10492,1
Mycolicibacterium_sphagni,10526,10527,1
Mycolicibacterium_sphagni,10545,10649,104
Mycolicibacterium_sphagni,10828,10832,4
Mycolicibacterium_sphagni,10835,10836,1
Mycolicibacterium_sphagni,10837,10843,6
Mycolicibacterium_sphagni,10864,10865,1
Mycolicibacterium_sphagni,10914,10915,1
Mycolicibacterium_sphagni,10965,10966,1
Mycolicibacterium_sphagni,10971,10975,4
Mycolicibacterium_sphagni,11085,11086,1
Mycolicibacterium_sphagni,11143,11144,1
Mycolicibacterium_sphagni,11243,11244,1
Mycolicibacterium_sphagni,11260,11261,1
Mycolicibacterium_sphagni,11265,11267,2
Mycolicibacterium_sphagni,11286,11287,1
Mycolicibacterium_sphagni,11312,11313,1
Mycolicibacterium_sphagni,11473,11474,1
Mycolicibacterium_sphagni,11505,11512,7
Mycolicibacterium_sphagni,11513,11514,1
Mycolicibacterium_sphagni,11520,11521,1
Mycolicibacterium_sphagni,11523,11537,14
Mycolicibacterium_sphagni,11782,11783,1
Mycolicibacterium_sphagni,11823,11824,1
Mycolicibacterium_sphagni,11826,11827,1
Mycolicibacterium_sphagni,11831,11836,5
Mycolicibacterium_sphagni,11846,11850,4
Mycolicibacterium_sphagni,11851,11852,1
Mycolicibacterium_sphagni,11859,11860,1
Mycolicibacterium_sphagni,11864,11866,2
Mycolicibacterium_sphagni,11877,11878,1
Mycolicibacterium_sphagni,11993,11994,1
Mycolicibacterium_sphagni,12029,12030,1
Mycolicibacterium_sphagni,12068,12069,1
Mycolicibacterium_sphagni,12196,12197,1
Mycolicibacterium_sphagni,12207,12208,1
Mycolicibacterium_sphagni,12211,12212,1
Mycolicibacterium_sphagni,12213,12214,1
Mycolicibacterium_sphagni,12218,12222,4
Mycolicibacterium_sphagni,12226,12227,1
Mycolicibacterium_sphagni,12237,12238,1
Mycolicibacterium_sphagni,12360,12369,9
Mycolicibacterium_sphagni,12371,12372,1
Mycolicibacterium_sphagni,12374,12375,1
Mycolicibacterium_sphagni,12378,12383,5
Mycolicibacterium_sphagni,12384,12390,6
Mycolicibacterium_sphagni,12391,12400,9
Mycolicibacterium_sphagni,12454,12455,1
Mycolicibacterium_sphagni,12739,12740,1
Mycolicibacterium_sphagni,12798,12925,127
Mycolicibacterium_sphagni,13451,13452,1
Mycolicibacterium_sphagni,13453,13454,1
Mycolicibacterium_sphagni,13508,13509,1
Mycolicibacterium_agri,1,10,9
Mycolicibacterium_agri,21,39,18
Mycolicibacterium_agri,43,46,3
Mycolicibacterium_agri,60,107,47
Mycolicibacterium_agri,117,132,15
Mycolicibacterium_agri,133,136,3
Mycolicibacterium_agri,346,349,3
Mycolicibacterium_agri,1542,1545,3
Mycolicibacterium_agri,1572,1604,32
Mycolicibacterium_agri,1632,1650,18
Mycolicibacterium_agri,1664,1676,12
Mycolicibacterium_agri,3284,3287,3
Mycolicibacterium_agri,3317,3361,44
Mycolicibacterium_agri,3364,3365,1
Mycolicibacterium_agri,3373,3374,1
Mycolicibacterium_agri,3409,3478,69
Mycolicibacterium_agri,3485,3491,6
Mycolicibacterium_agri,3642,3645,3
Mycolicibacterium_agri,3650,3653,3
Mycolicibacterium_agri,3655,3667,12
Mycolicibacterium_agri,3782,3788,6
Mycolicibacterium_agri,4400,4406,6
Mycolicibacterium_agri,4407,4413,6
Mycolicibacterium_agri,4417,4426,9
Mycolicibacterium_agri,4432,4445,13
Mycolicibacterium_agri,4452,4455,3
Mycolicibacterium_agri,4456,4462,6
Mycolicibacterium_agri,4468,4474,6
Mycolicibacterium_agri,4475,4481,6
Mycolicibacterium_agri,4483,4486,3
Mycolicibacterium_agri,4540,4552,12
Mycolicibacterium_agri,4555,4564,9
Mycolicibacterium_agri,4567,4573,6
Mycolicibacterium_agri,4582,4585,3
Mycolicibacterium_agri,5163,5169,6
Mycolicibacterium_agri,5170,5179,9
Mycolicibacterium_agri,5181,5190,9
Mycolicibacterium_agri,5197,5199,2
Mycolicibacterium_agri,5201,5204,3
Mycolicibacterium_agri,5206,5214,8
Mycolicibacterium_agri,5218,5230,12
Mycolicibacterium_agri,5231,5241,10
Mycolicibacterium_agri,5247,5253,6
Mycolicibacterium_agri,5401,5402,1
Mycolicibacterium_agri,6015,6016,1
Mycolicibacterium_agri,6431,6467,36
Mycolicibacterium_agri,6470,6494,24
Mycolicibacterium_agri,7178,7254,76
Mycolicibacterium_agri,7260,7268,8
Mycolicibacterium_agri,7760,7763,3
Mycolicibacterium_agri,8452,8500,48
Mycolicibacterium_agri,8577,8578,1
Mycolicibacterium_agri,8584,8599,15
Mycolicibacterium_agri,8609,8610,1
Mycolicibacterium_agri,8661,8662,1
Mycolicibacterium_agri,8720,8721,1
Mycolicibacterium_agri,8733,8735,2
Mycolicibacterium_agri,8739,8742,3
Mycolicibacterium_agri,8930,8931,1
Mycolicibacterium_agri,8980,8982,2
Mycolicibacterium_agri,8984,8998,14
Mycolicibacterium_agri,9120,9121,1
Mycolicibacterium_agri,9359,9360,1
Mycolicibacterium_agri,9370,9372,2
Mycolicibacterium_agri,9546,9547,1
Mycolicibacterium_agri,9812,9813,1
Mycolicibacterium_agri,9985,9986,1
Mycolicibacterium_agri,10076,10078,2
Mycolicibacterium_agri,10157,10158,1
Mycolicibacterium_agri,10261,10262,1
Mycolicibacterium_agri,10310,10312,2
Mycolicibacterium_agri,10313,10315,2
Mycolicibacterium_agri,10325,10326,1
Mycolicibacterium_agri,10370,10371,1
Mycolicibacterium_agri,10434,10435,1
Mycolicibacterium_agri,10448,10449,1
Mycolicibacterium_agri,10461,10462,1
Mycolicibacterium_agri,10476,10477,1
Mycolicibacterium_agri,10491,10492,1
Mycolicibacterium_agri,10526,10527,1
Mycolicibacterium_agri,10547,10649,102
Mycolicibacterium_agri,10828,10832,4
Mycolicibacterium_agri,10835,10836,1
Mycolicibacterium_agri,10837,10843,6
Mycolicibacterium_agri,10864,10865,1
Mycolicibacterium_agri,10914,10915,1
Mycolicibacterium_agri,10965,10966,1
Mycolicibacterium_agri,10971,10975,4
Mycolicibacterium_agri,11085,11086,1
Mycolicibacterium_agri,11143,11144,1
Mycolicibacterium_agri,11243,11244,1
Mycolicibacterium_agri,11260,11261,1
Mycolicibacterium_agri,11265,11267,2
Mycolicibacterium_agri,11286,11287,1
Mycolicibacterium_agri,11312,11313,1
Mycolicibacterium_agri,11473,11474,1
Mycolicibacterium_agri,11506,11511,5
Mycolicibacterium_agri,11513,11514,1
Mycolicibacterium_agri,11520,11521,1
Mycolicibacterium_agri,11525,11537,12
Mycolicibacterium_agri,11566,11567,1
Mycolicibacterium_agri,11782,11783,1
Mycolicibacterium_agri,11823,11824,1
Mycolicibacterium_agri,11826,11827,1
Mycolicibacterium_agri,11831,11836,5
Mycolicibacterium_agri,11846,11850,4
Mycolicibacterium_agri,11851,11852,1
Mycolicibacterium_agri,11859,11860,1
Mycolicibacterium_agri,11864,11866,2
Mycolicibacterium_agri,11877,11878,1
Mycolicibacterium_agri,11993,11994,1
Mycolicibacterium_agri,12029,12030,1
Mycolicibacterium_agri,12068,12069,1
Mycolicibacterium_agri,12207,12208,1
Mycolicibacterium_agri,12211,12212,1
Mycolicibacterium_agri,12213,12214,1
Mycolicibacterium_agri,12218,12222,4
Mycolicibacterium_agri,12226,12227,1
Mycolicibacterium_agri,12237,12238,1
Mycolicibacterium_agri,12360,12369,9
Mycolicibacterium_agri,12371,12372,1
Mycolicibacterium_agri,12374,12375,1
Mycolicibacterium_agri,12379,12380,1
Mycolicibacterium_agri,12384,12390,6
Mycolicibacterium_agri,12391,12400,9
Mycolicibacterium_agri,12454,12455,1
Mycolicibacterium_agri,12739,12740,1
Mycolicibacterium_agri,12798,12925,127
Mycolicibacterium_agri,13451,13452,1
Mycolicibacterium_agri,13453,13454,1
Mycolicibacterium_agri,13508,13509,1
Mycobacterium_neglectum,1,10,9
Mycobacterium_neglectum,21,39,18
Mycobacterium_neglectum,43,46,3
Mycobacterium_neglectum,54,107,53
Mycobacterium_neglectum,117,132,15
Mycobacterium_neglectum,133,136,3
Mycobacterium_neglectum,346,349,3
Mycobacterium_neglectum,1542,1545,3
Mycobacterium_neglectum,1572,1604,32
Mycobacterium_neglectum,1626,1650,24
Mycobacterium_neglectum,1666,1675,9
Mycobacterium_neglectum,3317,3361,44
Mycobacterium_neglectum,3364,3365,1
Mycobacterium_neglectum,3373,3374,1
Mycobacterium_neglectum,3409,3478,69
Mycobacterium_neglectum,3485,3491,6
Mycobacterium_neglectum,3642,3645,3
Mycobacterium_neglectum,3655,3667,12
Mycobacterium_neglectum,3782,3788,6
Mycobacterium_neglectum,4400,4406,6
Mycobacterium_neglectum,4407,4413,6
Mycobacterium_neglectum,4417,4426,9
Mycobacterium_neglectum,4432,4445,13
Mycobacterium_neglectum,4452,4455,3
Mycobacterium_neglectum,4456,4462,6
Mycobacterium_neglectum,4468,4474,6
Mycobacterium_neglectum,4475,4481,6
Mycobacterium_neglectum,4483,4486,3
Mycobacterium_neglectum,4540,4552,12
Mycobacterium_neglectum,4555,4564,9
Mycobacterium_neglectum,4567,4573,6
Mycobacterium_neglectum,4582,4585,3
Mycobacterium_neglectum,5163,5169,6
Mycobacterium_neglectum,5170,5179,9
Mycobacterium_neglectum,5181,5190,9
Mycobacterium_neglectum,5197,5199,2
Mycobacterium_neglectum,5201,5204,3
Mycobacterium_neglectum,5206,5214,8
Mycobacterium_neglectum,5218,5230,12
Mycobacterium_neglectum,5231,5241,10
Mycobacterium_neglectum,5247,5253,6
Mycobacterium_neglectum,5401,5402,1
Mycobacterium_neglectum,6015,6016,1
Mycobacterium_neglectum,6431,6467,36
Mycobacterium_neglectum,6470,6494,24
Mycobacterium_neglectum,7178,7254,76
Mycobacterium_neglectum,7260,7268,8
Mycobacterium_neglectum,7760,7763,3
Mycobacterium_neglectum,8452,8500,48
Mycobacterium_neglectum,8577,8578,1
Mycobacterium_neglectum,8584,8599,15
Mycobacterium_neglectum,8600,8604,4
Mycobacterium_neglectum,8609,8610,1
Mycobacterium_neglectum,8661,8662,1
Mycobacterium_neglectum,8720,8721,1
Mycobacterium_neglectum,8733,8735,2
Mycobacterium_neglectum,8739,8742,3
Mycobacterium_neglectum,8930,8931,1
Mycobacterium_neglectum,8980,8982,2
Mycobacterium_neglectum,8984,8998,14
Mycobacterium_neglectum,9120,9121,1
Mycobacterium_neglectum,9370,9372,2
Mycobacterium_neglectum,9546,9547,1
Mycobacterium_neglectum,9812,9813,1
Mycobacterium_neglectum,9985,9986,1
Mycobacterium_neglectum,10076,10078,2
Mycobacterium_neglectum,10157,10158,1
Mycobacterium_neglectum,10261,10262,1
Mycobacterium_neglectum,10310,10312,2
Mycobacterium_neglectum,10313,10315,2
Mycobacterium_neglectum,10325,10326,1
Mycobacterium_neglectum,10370,10371,1
Mycobacterium_neglectum,10416,10417,1
Mycobacterium_neglectum,10434,10435,1
Mycobacterium_neglectum,10448,10449,1
Mycobacterium_neglectum,10461,10462,1
Mycobacterium_neglectum,10476,10477,1
Mycobacterium_neglectum,10491,10492,1
Mycobacterium_neglectum,10526,10527,1
Mycobacterium_neglectum,10546,10649,103
Mycobacterium_neglectum,10828,10830,2
Mycobacterium_neglectum,10835,10836,1
Mycobacterium_neglectum,10837,10843,6
Mycobacterium_neglectum,10864,10865,1
Mycobacterium_neglectum,10914,10915,1
Mycobacterium_neglectum,10965,10966,1
Mycobacterium_neglectum,10971,10975,4
Mycobacterium_neglectum,11085,11086,1
Mycobacterium_neglectum,11143,11144,1
Mycobacterium_neglectum,11243,11244,1
Mycobacterium_neglectum,11260,11261,1
Mycobacterium_neglectum,11286,11287,1
Mycobacterium_neglectum,11312,11313,1
Mycobacterium_neglectum,11473,11474,1
Mycobacterium_neglectum,11505,11512,7
Mycobacterium_neglectum,11513,11514,1
Mycobacterium_neglectum,11520,11521,1
Mycobacterium_neglectum,11529,11542,13
Mycobacterium_neglectum,11566,11567,1
Mycobacterium_neglectum,11782,11783,1
Mycobacterium_neglectum,11823,11824,1
Mycobacterium_neglectum,11831,11836,5
Mycobacterium_neglectum,11846,11850,4
Mycobacterium_neglectum,11851,11852,1
Mycobacterium_neglectum,11864,11866,2
Mycobacterium_neglectum,11877,11878,1
Mycobacterium_neglectum,11993,11994,1
Mycobacterium_neglectum,12029,12030,1
Mycobacterium_neglectum,12068,12069,1
Mycobacterium_neglectum,12196,12197,1
Mycobacterium_neglectum,12207,12208,1
Mycobacterium_neglectum,12211,12212,1
Mycobacterium_neglectum,12213,12214,1
Mycobacterium_neglectum,12218,12222,4
Mycobacterium_neglectum,12226,12227,1
Mycobacterium_neglectum,12237,12238,1
Mycobacterium_neglectum,12360,12369,9
Mycobacterium_neglectum,12371,12372,1
Mycobacterium_neglectum,12374,12375,1
Mycobacterium_neglectum,12377,12382,5
Mycobacterium_neglectum,12384,12390,6
Mycobacterium_neglectum,12391,12400,9
Mycobacterium_neglectum,12454,12455,1
Mycobacterium_neglectum,12739,12740,1
Mycobacterium_neglectum,12798,12925,127
Mycobacterium_neglectum,13451,13452,1
Mycobacterium_neglectum,13453,13454,1
Mycobacterium_neglectum,13508,13509,1
Mycobacterium_palauense,1,10,9
Mycobacterium_palauense,21,39,18
Mycobacterium_palauense,43,46,3
Mycobacterium_palauense,51,107,56
Mycobacterium_palauense,133,136,3
Mycobacterium_palauense,346,349,3
Mycobacterium_palauense,1542,1691,149
Mycobacterium_palauense,3317,3361,44
Mycobacterium_palauense,3364,3365,1
Mycobacterium_palauense,3373,3374,1
Mycobacterium_palauense,3409,3484,75
Mycobacterium_palauense,3485,3491,6
Mycobacterium_palauense,3642,3645,3
Mycobacterium_palauense,3650,3653,3
Mycobacterium_palauense,3655,3667,12
Mycobacterium_palauense,3782,3788,6
Mycobacterium_palauense,4400,4406,6
Mycobacterium_palauense,4407,4425,18
Mycobacterium_palauense,4432,4445,13
Mycobacterium_palauense,4452,4455,3
Mycobacterium_palauense,4456,4462,6
Mycobacterium_palauense,4468,4474,6
Mycobacterium_palauense,4483,4486,3
Mycobacterium_palauense,4540,4552,12
Mycobacterium_palauense,4555,4564,9
Mycobacterium_palauense,4567,4573,6
Mycobacterium_palauense,4582,4585,3
Mycobacterium_palauense,5163,5169,6
Mycobacterium_palauense,5170,5179,9
Mycobacterium_palauense,5181,5190,9
Mycobacterium_palauense,5197,5199,2
Mycobacterium_palauense,5201,5204,3
Mycobacterium_palauense,5206,5213,7
Mycobacterium_palauense,5218,5230,12
Mycobacterium_palauense,5231,5232,1
Mycobacterium_palauense,5234,5241,7
Mycobacterium_palauense,5247,5253,6
Mycobacterium_palauense,5401,5402,1
Mycobacterium_palauense,6015,6016,1
Mycobacterium_palauense,6431,6452,21
Mycobacterium_palauense,6456,6462,6
Mycobacterium_palauense,6470,6494,24
Mycobacterium_palauense,7178,7254,76
Mycobacterium_palauense,7260,7268,8
Mycobacterium_palauense,7760,7763,3
Mycobacterium_palauense,8452,8500,48
Mycobacterium_palauense,8577,8578,1
Mycobacterium_palauense,8584,8599,15
Mycobacterium_palauense,8600,8604,4
Mycobacterium_palauense,8609,8610,1
Mycobacterium_palauense,8661,8662,1
Mycobacterium_palauense,8703,8704,1
Mycobacterium_palauense,8720,8721,1
Mycobacterium_palauense,8733,8735,2
Mycobacterium_palauense,8739,8742,3
Mycobacterium_palauense,8930,8931,1
Mycobacterium_palauense,8980,8982,2
Mycobacterium_palauense,8984,8998,14
Mycobacterium_palauense,9120,9121,1
Mycobacterium_palauense,9370,9372,2
Mycobacterium_palauense,9546,9547,1
Mycobacterium_palauense,9812,9813,1
Mycobacterium_palauense,9983,9986,3
Mycobacterium_palauense,10076,10078,2
Mycobacterium_palauense,10157,10158,1
Mycobacterium_palauense,10261,10262,1
Mycobacterium_palauense,10310,10312,2
Mycobacterium_palauense,10313,10315,2
Mycobacterium_palauense,10325,10326,1
Mycobacterium_palauense,10352,10353,1
Mycobacterium_palauense,10370,10371,1
Mycobacterium_palauense,10416,10417,1
Mycobacterium_palauense,10434,10435,1
Mycobacterium_palauense,10448,10449,1
Mycobacterium_palauense,10461,10462,1
Mycobacterium_palauense,10476,10477,1
Mycobacterium_palauense,10491,10492,1
Mycobacterium_palauense,10526,10527,1
Mycobacterium_palauense,10546,10649,103
Mycobacterium_palauense,10828,10830,2
Mycobacterium_palauense,10835,10843,8
Mycobacterium_palauense,10864,10865,1
Mycobacterium_palauense,10914,10915,1
Mycobacterium_palauense,10965,10966,1
Mycobacterium_palauense,10969,10979,10
Mycobacterium_palauense,11085,11086,1
Mycobacterium_palauense,11143,11144,1
Mycobacterium_palauense,11243,11244,1
Mycobacterium_palauense,11260,11261,1
Mycobacterium_palauense,11265,11267,2
Mycobacterium_palauense,11286,11287,1
Mycobacterium_palauense,11312,11313,1
Mycobacterium_palauense,11473,11474,1
Mycobacterium_palauense,11505,11512,7
Mycobacterium_palauense,11513,11514,1
Mycobacterium_palauense,11516,11535,19
Mycobacterium_palauense,11566,11567,1
Mycobacterium_palauense,11782,11783,1
Mycobacterium_palauense,11823,11824,1
Mycobacterium_palauense,11831,11836,5
Mycobacterium_palauense,11846,11850,4
Mycobacterium_palauense,11851,11852,1
Mycobacterium_palauense,11859,11860,1
Mycobacterium_palauense,11864,11865,1
Mycobacterium_palauense,11877,11878,1
Mycobacterium_palauense,11993,11995,2
Mycobacterium_palauense,12029,12030,1
Mycobacterium_palauense,12068,12069,1
Mycobacterium_palauense,12196,12197,1
Mycobacterium_palauense,12207,12208,1
Mycobacterium_palauense,12211,12212,1
Mycobacterium_palauense,12213,12214,1
Mycobacterium_palauense,12218,12222,4
Mycobacterium_palauense,12226,12227,1
Mycobacterium_palauense,12237,12238,1
Mycobacterium_palauense,12360,12369,9
Mycobacterium_palauense,12371,12372,1
Mycobacterium_palauense,12374,12380,6
Mycobacterium_palauense,12384,12390,6
Mycobacterium_palauense,12391,12400,9
Mycobacterium_palauense,12454,12455,1
Mycobacterium_palauense,12739,12740,1
Mycobacterium_palauense,12798,12925,127
Mycobacterium_palauense,13451,13452,1
Mycobacterium_palauense,13453,13454,1
Mycobacterium_palauense,13508,13509,1
Mycobacterium_montefiorense,1,10,9
Mycobacterium_montefiorense,21,39,18
Mycobacterium_montefiorense,43,46,3
Mycobacterium_montefiorense,53,71,18
Mycobacterium_montefiorense,87,107,20
Mycobacterium_montefiorense,117,132,15
Mycobacterium_montefiorense,133,136,3
Mycobacterium_montefiorense,346,349,3
Mycobacterium_montefiorense,1542,1691,149
Mycobacterium_montefiorense,3317,3361,44
Mycobacterium_montefiorense,3364,3365,1
Mycobacterium_montefiorense,3373,3374,1
Mycobacterium_montefiorense,3414,3420,6
Mycobacterium_montefiorense,3422,3491,69
Mycobacterium_montefiorense,3642,3645,3
Mycobacterium_montefiorense,3650,3653,3
Mycobacterium_montefiorense,3655,3667,12
Mycobacterium_montefiorense,3782,3788,6
Mycobacterium_montefiorense,4400,4406,6
Mycobacterium_montefiorense,4407,4413,6
Mycobacterium_montefiorense,4417,4426,9
Mycobacterium_montefiorense,4432,4445,13
Mycobacterium_montefiorense,4452,4455,3
Mycobacterium_montefiorense,4456,4462,6
Mycobacterium_montefiorense,4468,4480,12
Mycobacterium_montefiorense,4483,4486,3
Mycobacterium_montefiorense,4540,4552,12
Mycobacterium_montefiorense,4555,4564,9
Mycobacterium_montefiorense,4567,4573,6
Mycobacterium_montefiorense,4581,4584,3
Mycobacterium_montefiorense,5163,5169,6
Mycobacterium_montefiorense,5170,5179,9
Mycobacterium_montefiorense,5181,5190,9
Mycobacterium_montefiorense,5197,5199,2
Mycobacterium_montefiorense,5201,5204,3
Mycobacterium_montefiorense,5206,5214,8
Mycobacterium_montefiorense,5218,5230,12
Mycobacterium_montefiorense,5231,5241,10
Mycobacterium_montefiorense,5247,5253,6
Mycobacterium_montefiorense,5401,5402,1
Mycobacterium_montefiorense,6015,6016,1
Mycobacterium_montefiorense,6428,6464,36
Mycobacterium_montefiorense,6470,6494,24
Mycobacterium_montefiorense,7178,7254,76
Mycobacterium_montefiorense,7260,7268,8
Mycobacterium_montefiorense,7760,7763,3
Mycobacterium_montefiorense,8452,8500,48
Mycobacterium_montefiorense,8577,8578,1
Mycobacterium_montefiorense,8584,8599,15
Mycobacterium_montefiorense,8601,8603,2
Mycobacterium_montefiorense,8609,8610,1
Mycobacterium_montefiorense,8661,8662,1
Mycobacterium_montefiorense,8703,8704,1
Mycobacterium_montefiorense,8720,8721,1
Mycobacterium_montefiorense,8733,8735,2
Mycobacterium_montefiorense,8739,8742,3
Mycobacterium_montefiorense,8930,8931,1
Mycobacterium_montefiorense,8980,8982,2
Mycobacterium_montefiorense,8987,9001,14
Mycobacterium_montefiorense,9120,9121,1
Mycobacterium_montefiorense,9370,9372,2
Mycobacterium_montefiorense,9546,9547,1
Mycobacterium_montefiorense,9812,9813,1
Mycobacterium_montefiorense,9983,9987,4
Mycobacterium_montefiorense,10076,10078,2
Mycobacterium_montefiorense,10157,10158,1
Mycobacterium_montefiorense,10261,10262,1
Mycobacterium_montefiorense,10310,10312,2
Mycobacterium_montefiorense,10313,10315,2
Mycobacterium_montefiorense,10325,10326,1
Mycobacterium_montefiorense,10370,10371,1
Mycobacterium_montefiorense,10434,10435,1
Mycobacterium_montefiorense,10448,10449,1
Mycobacterium_montefiorense,10476,10477,1
Mycobacterium_montefiorense,10491,10492,1
Mycobacterium_montefiorense,10526,10527,1
Mycobacterium_montefiorense,10546,10649,103
Mycobacterium_montefiorense,10828,10830,2
Mycobacterium_montefiorense,10832,10846,14
Mycobacterium_montefiorense,10864,10865,1
Mycobacterium_montefiorense,10914,10915,1
Mycobacterium_montefiorense,10958,10983,25
Mycobacterium_montefiorense,11085,11086,1
Mycobacterium_montefiorense,11143,11144,1
Mycobacterium_montefiorense,11243,11244,1
Mycobacterium_montefiorense,11260,11261,1
Mycobacterium_montefiorense,11262,11263,1
Mycobacterium_montefiorense,11265,11267,2
Mycobacterium_montefiorense,11286,11287,1
Mycobacterium_montefiorense,11312,11313,1
Mycobacterium_montefiorense,11473,11474,1
Mycobacterium_montefiorense,11505,11534,29
Mycobacterium_montefiorense,11566,11567,1
Mycobacterium_montefiorense,11590,11591,1
Mycobacterium_montefiorense,11782,11783,1
Mycobacterium_montefiorense,11823,11824,1
Mycobacterium_montefiorense,11826,11827,1
Mycobacterium_montefiorense,11831,11836,5
Mycobacterium_montefiorense,11847,11852,5
Mycobacterium_montefiorense,11859,11860,1
Mycobacterium_montefiorense,11864,11866,2
Mycobacterium_montefiorense,11877,11878,1
Mycobacterium_montefiorense,11993,11995,2
Mycobacterium_montefiorense,12029,12030,1
Mycobacterium_montefiorense,12068,12069,1
Mycobacterium_montefiorense,12207,12208,1
Mycobacterium_montefiorense,12211,12212,1
Mycobacterium_montefiorense,12213,12214,1
Mycobacterium_montefiorense,12218,12222,4
Mycobacterium_montefiorense,12225,12227,2
Mycobacterium_montefiorense,12237,12238,1
Mycobacterium_montefiorense,12360,12369,9
Mycobacterium_montefiorense,12371,12372,1
Mycobacterium_montefiorense,12374,12380,6
Mycobacterium_montefiorense,12384,12390,6
Mycobacterium_montefiorense,12391,12400,9
Mycobacterium_montefiorense,12454,12455,1
Mycobacterium_montefiorense,12738,12740,2
Mycobacterium_montefiorense,12798,12925,127
Mycobacterium_montefiorense,13451,13452,1
Mycobacterium_montefiorense,13453,13454,1
Mycobacterium_montefiorense,13508,13509,1
Mycobacterium_kyogaense,1,10,9
Mycobacterium_kyogaense,21,39,18
Mycobacterium_kyogaense,43,46,3
Mycobacterium_kyogaense,64,102,38
Mycobacterium_kyogaense,117,132,15
Mycobacterium_kyogaense,133,136,3
Mycobacterium_kyogaense,346,349,3
Mycobacterium_kyogaense,1542,1691,149
Mycobacterium_kyogaense,3317,3361,44
Mycobacterium_kyogaense,3364,3365,1
Mycobacterium_kyogaense,3373,3374,1
Mycobacterium_kyogaense,3408,3480,72
Mycobacterium_kyogaense,3483,3492,9
Mycobacterium_kyogaense,3642,3645,3
Mycobacterium_kyogaense,3650,3653,3
Mycobacterium_kyogaense,3655,3667,12
Mycobacterium_kyogaense,3782,3788,6
Mycobacterium_kyogaense,4400,4406,6
Mycobacterium_kyogaense,4407,4413,6
Mycobacterium_kyogaense,4417,4426,9
Mycobacterium_kyogaense,4432,4445,13
Mycobacterium_kyogaense,4452,4455,3
Mycobacterium_kyogaense,4456,4462,6
Mycobacterium_kyogaense,4468,4474,6
Mycobacterium_kyogaense,4475,4481,6
Mycobacterium_kyogaense,4483,4486,3
Mycobacterium_kyogaense,4540,4552,12
Mycobacterium_kyogaense,4555,4564,9
Mycobacterium_kyogaense,4567,4573,6
Mycobacterium_kyogaense,4582,4585,3
Mycobacterium_kyogaense,5163,5169,6
Mycobacterium_kyogaense,5170,5179,9
Mycobacterium_kyogaense,5181,5190,9
Mycobacterium_kyogaense,5197,5199,2
Mycobacterium_kyogaense,5201,5204,3
Mycobacterium_kyogaense,5206,5214,8
Mycobacterium_kyogaense,5218,5230,12
Mycobacterium_kyogaense,5231,5241,10
Mycobacterium_kyogaense,5247,5253,6
Mycobacterium_kyogaense,5401,5402,1
Mycobacterium_kyogaense,6015,6016,1
Mycobacterium_kyogaense,6431,6467,36
Mycobacterium_kyogaense,6470,6494,24
Mycobacterium_kyogaense,7178,7254,76
Mycobacterium_kyogaense,7260,7268,8
Mycobacterium_kyogaense,7760,7763,3
Mycobacterium_kyogaense,8452,8500,48
Mycobacterium_kyogaense,8577,8578,1
Mycobacterium_kyogaense,8584,8599,15
Mycobacterium_kyogaense,8600,8604,4
Mycobacterium_kyogaense,8609,8610,1
Mycobacterium_kyogaense,8661,8662,1
Mycobacterium_kyogaense,8703,8704,1
Mycobacterium_kyogaense,8720,8721,1
Mycobacterium_kyogaense,8733,8735,2
Mycobacterium_kyogaense,8739,8742,3
Mycobacterium_kyogaense,8930,8931,1
Mycobacterium_kyogaense,8980,8982,2
Mycobacterium_kyogaense,8984,8998,14
Mycobacterium_kyogaense,9120,9121,1
Mycobacterium_kyogaense,9370,9372,2
Mycobacterium_kyogaense,9546,9547,1
Mycobacterium_kyogaense,9812,9813,1
Mycobacterium_kyogaense,9985,9986,1
Mycobacterium_kyogaense,10076,10078,2
Mycobacterium_kyogaense,10157,10158,1
Mycobacterium_kyogaense,10261,10262,1
Mycobacterium_kyogaense,10310,10312,2
Mycobacterium_kyogaense,10313,10315,2
Mycobacterium_kyogaense,10325,10326,1
Mycobacterium_kyogaense,10370,10371,1
Mycobacterium_kyogaense,10416,10417,1
Mycobacterium_kyogaense,10434,10435,1
Mycobacterium_kyogaense,10448,10449,1
Mycobacterium_kyogaense,10461,10462,1
Mycobacterium_kyogaense,10476,10477,1
Mycobacterium_kyogaense,10491,10492,1
Mycobacterium_kyogaense,10526,10527,1
Mycobacterium_kyogaense,10548,10649,101
Mycobacterium_kyogaense,10828,10830,2
Mycobacterium_kyogaense,10835,10836,1
Mycobacterium_kyogaense,10837,10843,6
Mycobacterium_kyogaense,10864,10865,1
Mycobacterium_kyogaense,10914,10915,1
Mycobacterium_kyogaense,10965,10966,1
Mycobacterium_kyogaense,10971,10975,4
Mycobacterium_kyogaense,11085,11086,1
Mycobacterium_kyogaense,11143,11144,1
Mycobacterium_kyogaense,11243,11244,1
Mycobacterium_kyogaense,11260,11261,1
Mycobacterium_kyogaense,11265,11267,2
Mycobacterium_kyogaense,11286,11287,1
Mycobacterium_kyogaense,11312,11313,1
Mycobacterium_kyogaense,11473,11474,1
Mycobacterium_kyogaense,11505,11512,7
Mycobacterium_kyogaense,11513,11514,1
Mycobacterium_kyogaense,11520,11521,1
Mycobacterium_kyogaense,11524,11537,13
Mycobacterium_kyogaense,11566,11567,1
Mycobacterium_kyogaense,11782,11783,1
Mycobacterium_kyogaense,11823,11824,1
Mycobacterium_kyogaense,11826,11827,1
Mycobacterium_kyogaense,11831,11836,5
Mycobacterium_kyogaense,11846,11850,4
Mycobacterium_kyogaense,11851,11852,1
Mycobacterium_kyogaense,11859,11860,1
Mycobacterium_kyogaense,11864,11866,2
Mycobacterium_kyogaense,11877,11878,1
Mycobacterium_kyogaense,11993,11994,1
Mycobacterium_kyogaense,12029,12030,1
Mycobacterium_kyogaense,12068,12069,1
Mycobacterium_kyogaense,12207,12208,1
Mycobacterium_kyogaense,12211,12212,1
Mycobacterium_kyogaense,12213,12214,1
Mycobacterium_kyogaense,12218,12222,4
Mycobacterium_kyogaense,12226,12227,1
Mycobacterium_kyogaense,12229,12230,1
Mycobacterium_kyogaense,12237,12238,1
Mycobacterium_kyogaense,12360,12369,9
Mycobacterium_kyogaense,12371,12372,1
Mycobacterium_kyogaense,12374,12375,1
Mycobacterium_kyogaense,12377,12382,5
Mycobacterium_kyogaense,12384,12390,6
Mycobacterium_kyogaense,12391,12400,9
Mycobacterium_kyogaense,12454,12455,1
Mycobacterium_kyogaense,12739,12740,1
Mycobacterium_kyogaense,12798,12925,127
Mycobacterium_kyogaense,13451,13452,1
Mycobacterium_kyogaense,13453,13454,1
Mycobacterium_kyogaense,13508,13509,1
Mycolicibacterium_stellerae,1,10,9
Mycolicibacterium_stellerae,21,39,18
Mycolicibacterium_stellerae,43,46,3
Mycolicibacterium_stellerae,57,72,15
Mycolicibacterium_stellerae,84,107,23
Mycolicibacterium_stellerae,117,132,15
Mycolicibacterium_stellerae,133,136,3
Mycolicibacterium_stellerae,346,349,3
Mycolicibacterium_stellerae,1542,1545,3
Mycolicibacterium_stellerae,1587,1604,17
Mycolicibacterium_stellerae,1632,1650,18
Mycolicibacterium_stellerae,1664,1676,12
Mycolicibacterium_stellerae,3317,3361,44
Mycolicibacterium_stellerae,3364,3365,1
Mycolicibacterium_stellerae,3373,3374,1
Mycolicibacterium_stellerae,3409,3478,69
Mycolicibacterium_stellerae,3485,3491,6
Mycolicibacterium_stellerae,3642,3645,3
Mycolicibacterium_stellerae,3650,3653,3
Mycolicibacterium_stellerae,3655,3667,12
Mycolicibacterium_stellerae,3782,3788,6
Mycolicibacterium_stellerae,4400,4406,6
Mycolicibacterium_stellerae,4407,4413,6
Mycolicibacterium_stellerae,4417,4426,9
Mycolicibacterium_stellerae,4432,4445,13
Mycolicibacterium_stellerae,4452,4455,3
Mycolicibacterium_stellerae,4456,4462,6
Mycolicibacterium_stellerae,4468,4474,6
Mycolicibacterium_stellerae,4475,4481,6
Mycolicibacterium_stellerae,4483,4486,3
Mycolicibacterium_stellerae,4540,4552,12
Mycolicibacterium_stellerae,4555,4564,9
Mycolicibacterium_stellerae,4567,4573,6
Mycolicibacterium_stellerae,4582,4585,3
Mycolicibacterium_stellerae,5163,5169,6
Mycolicibacterium_stellerae,5170,5179,9
Mycolicibacterium_stellerae,5181,5190,9
Mycolicibacterium_stellerae,5197,5199,2
Mycolicibacterium_stellerae,5201,5204,3
Mycolicibacterium_stellerae,5206,5214,8
Mycolicibacterium_stellerae,5218,5230,12
Mycolicibacterium_stellerae,5231,5241,10
Mycolicibacterium_stellerae,5247,5253,6
Mycolicibacterium_stellerae,5401,5402,1
Mycolicibacterium_stellerae,6015,6016,1
Mycolicibacterium_stellerae,6431,6467,36
Mycolicibacterium_stellerae,6470,6494,24
Mycolicibacterium_stellerae,7178,7254,76
Mycolicibacterium_stellerae,7260,7268,8
Mycolicibacterium_stellerae,7760,7763,3
Mycolicibacterium_stellerae,8452,8500,48
Mycolicibacterium_stellerae,8577,8578,1
Mycolicibacterium_stellerae,8584,8599,15
Mycolicibacterium_stellerae,8601,8603,2
Mycolicibacterium_stellerae,8609,8610,1
Mycolicibacterium_stellerae,8661,8662,1
Mycolicibacterium_stellerae,8733,8735,2
Mycolicibacterium_stellerae,8739,8742,3
Mycolicibacterium_stellerae,8930,8931,1
Mycolicibacterium_stellerae,8980,8982,2
Mycolicibacterium_stellerae,8984,8998,14
Mycolicibacterium_stellerae,9120,9121,1
Mycolicibacterium_stellerae,9370,9372,2
Mycolicibacterium_stellerae,9546,9547,1
Mycolicibacterium_stellerae,9984,9986,2
Mycolicibacterium_stellerae,10076,10078,2
Mycolicibacterium_stellerae,10157,10158,1
Mycolicibacterium_stellerae,10261,10262,1
Mycolicibacterium_stellerae,10310,10312,2
Mycolicibacterium_stellerae,10313,10315,2
Mycolicibacterium_stellerae,10325,10326,1
Mycolicibacterium_stellerae,10370,10371,1
Mycolicibacterium_stellerae,10416,10417,1
Mycolicibacterium_stellerae,10434,10435,1
Mycolicibacterium_stellerae,10448,10449,1
Mycolicibacterium_stellerae,10461,10462,1
Mycolicibacterium_stellerae,10476,10477,1
Mycolicibacterium_stellerae,10491,10492,1
Mycolicibacterium_stellerae,10526,10527,1
Mycolicibacterium_stellerae,10548,10649,101
Mycolicibacterium_stellerae,10828,10830,2
Mycolicibacterium_stellerae,10835,10836,1
Mycolicibacterium_stellerae,10837,10843,6
Mycolicibacterium_stellerae,10864,10865,1
Mycolicibacterium_stellerae,10959,10966,7
Mycolicibacterium_stellerae,10971,10975,4
Mycolicibacterium_stellerae,11085,11086,1
Mycolicibacterium_stellerae,11143,11144,1
Mycolicibacterium_stellerae,11243,11244,1
Mycolicibacterium_stellerae,11260,11261,1
Mycolicibacterium_stellerae,11266,11267,1
Mycolicibacterium_stellerae,11286,11287,1
Mycolicibacterium_stellerae,11312,11313,1
Mycolicibacterium_stellerae,11473,11474,1
Mycolicibacterium_stellerae,11505,11512,7
Mycolicibacterium_stellerae,11513,11514,1
Mycolicibacterium_stellerae,11520,11521,1
Mycolicibacterium_stellerae,11524,11539,15
Mycolicibacterium_stellerae,11566,11567,1
Mycolicibacterium_stellerae,11782,11783,1
Mycolicibacterium_stellerae,11823,11824,1
Mycolicibacterium_stellerae,11826,11827,1
Mycolicibacterium_stellerae,11831,11835,4
Mycolicibacterium_stellerae,11847,11850,3
Mycolicibacterium_stellerae,11851,11852,1
Mycolicibacterium_stellerae,11859,11860,1
Mycolicibacterium_stellerae,11864,11866,2
Mycolicibacterium_stellerae,11877,11878,1
Mycolicibacterium_stellerae,11993,11994,1
Mycolicibacterium_stellerae,12029,12030,1
Mycolicibacterium_stellerae,12068,12069,1
Mycolicibacterium_stellerae,12196,12197,1
Mycolicibacterium_stellerae,12207,12208,1
Mycolicibacterium_stellerae,12211,12212,1
Mycolicibacterium_stellerae,12213,12214,1
Mycolicibacterium_stellerae,12218,12222,4
Mycolicibacterium_stellerae,12226,12227,1
Mycolicibacterium_stellerae,12237,12238,1
Mycolicibacterium_stellerae,12360,12369,9
Mycolicibacterium_stellerae,12371,12372,1
Mycolicibacterium_stellerae,12374,12375,1
Mycolicibacterium_stellerae,12379,12380,1
Mycolicibacterium_stellerae,12384,12390,6
Mycolicibacterium_stellerae,12391,12400,9
Mycolicibacterium_stellerae,12454,12455,1
Mycolicibacterium_stellerae,12739,12740,1
Mycolicibacterium_stellerae,12798,12925,127
Mycolicibacterium_stellerae,13451,13452,1
Mycolicibacterium_stellerae,13453,13454,1
Mycolicibacterium_stellerae,13508,13509,1
Mycolicibacterium_stellerae,13523,13524,1
Mycolicibacterium_hodleri,1,10,9
Mycolicibacterium_hodleri,21,39,18
Mycolicibacterium_hodleri,43,46,3
Mycolicibacterium_hodleri,51,107,56
Mycolicibacterium_hodleri,117,132,15
Mycolicibacterium_hodleri,133,136,3
Mycolicibacterium_hodleri,346,349,3
Mycolicibacterium_hodleri,1542,1691,149
Mycolicibacterium_hodleri,3317,3361,44
Mycolicibacterium_hodleri,3364,3365,1
Mycolicibacterium_hodleri,3373,3374,1
Mycolicibacterium_hodleri,3409,3478,69
Mycolicibacterium_hodleri,3485,3491,6
Mycolicibacterium_hodleri,3642,3645,3
Mycolicibacterium_hodleri,3650,3653,3
Mycolicibacterium_hodleri,3655,3667,12
Mycolicibacterium_hodleri,3782,3788,6
Mycolicibacterium_hodleri,4400,4406,6
Mycolicibacterium_hodleri,4407,4413,6
Mycolicibacterium_hodleri,4417,4426,9
Mycolicibacterium_hodleri,4432,4445,13
Mycolicibacterium_hodleri,4452,4455,3
Mycolicibacterium_hodleri,4456,4462,6
Mycolicibacterium_hodleri,4468,4474,6
Mycolicibacterium_hodleri,4475,4481,6
Mycolicibacterium_hodleri,4483,4486,3
Mycolicibacterium_hodleri,4540,4552,12
Mycolicibacterium_hodleri,4555,4564,9
Mycolicibacterium_hodleri,4567,4573,6
Mycolicibacterium_hodleri,4582,4585,3
Mycolicibacterium_hodleri,5163,5169,6
Mycolicibacterium_hodleri,5170,5179,9
Mycolicibacterium_hodleri,5181,5190,9
Mycolicibacterium_hodleri,5197,5199,2
Mycolicibacterium_hodleri,5201,5204,3
Mycolicibacterium_hodleri,5206,5214,8
Mycolicibacterium_hodleri,5218,5230,12
Mycolicibacterium_hodleri,5231,5241,10
Mycolicibacterium_hodleri,5247,5253,6
Mycolicibacterium_hodleri,5401,5402,1
Mycolicibacterium_hodleri,6015,6016,1
Mycolicibacterium_hodleri,6431,6452,21
Mycolicibacterium_hodleri,6456,6462,6
Mycolicibacterium_hodleri,6477,6489,12
Mycolicibacterium_hodleri,7178,7254,76
Mycolicibacterium_hodleri,7260,7268,8
Mycolicibacterium_hodleri,7760,7763,3
Mycolicibacterium_hodleri,8452,8500,48
Mycolicibacterium_hodleri,8577,8578,1
Mycolicibacterium_hodleri,8584,8599,15
Mycolicibacterium_hodleri,8600,8604,4
Mycolicibacterium_hodleri,8609,8610,1
Mycolicibacterium_hodleri,8661,8662,1
Mycolicibacterium_hodleri,8703,8704,1
Mycolicibacterium_hodleri,8720,8721,1
Mycolicibacterium_hodleri,8733,8735,2
Mycolicibacterium_hodleri,8739,8742,3
Mycolicibacterium_hodleri,8930,8931,1
Mycolicibacterium_hodleri,8980,8982,2
Mycolicibacterium_hodleri,8984,8998,14
Mycolicibacterium_hodleri,9120,9121,1
Mycolicibacterium_hodleri,9370,9372,2
Mycolicibacterium_hodleri,9546,9547,1
Mycolicibacterium_hodleri,9812,9813,1
Mycolicibacterium_hodleri,9985,9986,1
Mycolicibacterium_hodleri,10076,10078,2
Mycolicibacterium_hodleri,10157,10158,1
Mycolicibacterium_hodleri,10261,10262,1
Mycolicibacterium_hodleri,10310,10312,2
Mycolicibacterium_hodleri,10313,10315,2
Mycolicibacterium_hodleri,10325,10326,1
Mycolicibacterium_hodleri,10370,10371,1
Mycolicibacterium_hodleri,10416,10417,1
Mycolicibacterium_hodleri,10434,10435,1
Mycolicibacterium_hodleri,10448,10449,1
Mycolicibacterium_hodleri,10491,10492,1
Mycolicibacterium_hodleri,10526,10527,1
Mycolicibacterium_hodleri,10547,10649,102
Mycolicibacterium_hodleri,10828,10831,3
Mycolicibacterium_hodleri,10835,10843,8
Mycolicibacterium_hodleri,10864,10865,1
Mycolicibacterium_hodleri,10914,10915,1
Mycolicibacterium_hodleri,10965,10966,1
Mycolicibacterium_hodleri,10971,10975,4
Mycolicibacterium_hodleri,11085,11086,1
Mycolicibacterium_hodleri,11143,11144,1
Mycolicibacterium_hodleri,11243,11244,1
Mycolicibacterium_hodleri,11260,11261,1
Mycolicibacterium_hodleri,11266,11267,1
Mycolicibacterium_hodleri,11286,11287,1
Mycolicibacterium_hodleri,11312,11313,1
Mycolicibacterium_hodleri,11473,11474,1
Mycolicibacterium_hodleri,11505,11512,7
Mycolicibacterium_hodleri,11513,11514,1
Mycolicibacterium_hodleri,11520,11521,1
Mycolicibacterium_hodleri,11527,11531,4
Mycolicibacterium_hodleri,11532,11533,1
Mycolicibacterium_hodleri,11782,11783,1
Mycolicibacterium_hodleri,11823,11824,1
Mycolicibacterium_hodleri,11826,11827,1
Mycolicibacterium_hodleri,11831,11836,5
Mycolicibacterium_hodleri,11846,11850,4
Mycolicibacterium_hodleri,11851,11852,1
Mycolicibacterium_hodleri,11859,11860,1
Mycolicibacterium_hodleri,11864,11866,2
Mycolicibacterium_hodleri,11877,11878,1
Mycolicibacterium_hodleri,11993,11994,1
Mycolicibacterium_hodleri,12029,12030,1
Mycolicibacterium_hodleri,12068,12069,1
Mycolicibacterium_hodleri,12196,12197,1
Mycolicibacterium_hodleri,12207,12208,1
Mycolicibacterium_hodleri,12211,12212,1
Mycolicibacterium_hodleri,12213,12214,1
Mycolicibacterium_hodleri,12218,12222,4
Mycolicibacterium_hodleri,12226,12227,1
Mycolicibacterium_hodleri,12237,12238,1
Mycolicibacterium_hodleri,12360,12369,9
Mycolicibacterium_hodleri,12371,12372,1
Mycolicibacterium_hodleri,12374,12375,1
Mycolicibacterium_hodleri,12378,12381,3
Mycolicibacterium_hodleri,12382,12390,8
Mycolicibacterium_hodleri,12391,12400,9
Mycolicibacterium_hodleri,12454,12455,1
Mycolicibacterium_hodleri,12739,12740,1
Mycolicibacterium_hodleri,12798,12925,127
Mycolicibacterium_hodleri,13451,13452,1
Mycolicibacterium_hodleri,13453,13454,1
Mycolicibacterium_hodleri,13508,13509,1
Mycobacterium_helveticum,1,10,9
Mycobacterium_helveticum,21,39,18
Mycobacterium_helveticum,43,46,3
Mycobacterium_helveticum,53,71,18
Mycobacterium_helveticum,87,107,20
Mycobacterium_helveticum,117,132,15
Mycobacterium_helveticum,133,136,3
Mycobacterium_helveticum,346,349,3
Mycobacterium_helveticum,1542,1691,149
Mycobacterium_helveticum,3317,3381,64
Mycobacterium_helveticum,3414,3420,6
Mycobacterium_helveticum,3424,3460,36
Mycobacterium_helveticum,3476,3479,3
Mycobacterium_helveticum,3485,3491,6
Mycobacterium_helveticum,3642,3645,3
Mycobacterium_helveticum,3650,3653,3
Mycobacterium_helveticum,3655,3667,12
Mycobacterium_helveticum,3782,3788,6
Mycobacterium_helveticum,4400,4406,6
Mycobacterium_helveticum,4407,4413,6
Mycobacterium_helveticum,4419,4431,12
Mycobacterium_helveticum,4432,4445,13
Mycobacterium_helveticum,4452,4455,3
Mycobacterium_helveticum,4456,4462,6
Mycobacterium_helveticum,4475,4481,6
Mycobacterium_helveticum,4483,4486,3
Mycobacterium_helveticum,4555,4564,9
Mycobacterium_helveticum,4567,4573,6
Mycobacterium_helveticum,5163,5169,6
Mycobacterium_helveticum,5170,5179,9
Mycobacterium_helveticum,5181,5190,9
Mycobacterium_helveticum,5197,5199,2
Mycobacterium_helveticum,5201,5204,3
Mycobacterium_helveticum,5206,5214,8
Mycobacterium_helveticum,5218,5230,12
Mycobacterium_helveticum,5231,5241,10
Mycobacterium_helveticum,5247,5253,6
Mycobacterium_helveticum,5401,5402,1
Mycobacterium_helveticum,6015,6016,1
Mycobacterium_helveticum,6428,6464,36
Mycobacterium_helveticum,6470,6494,24
Mycobacterium_helveticum,7178,7254,76
Mycobacterium_helveticum,7260,7268,8
Mycobacterium_helveticum,7760,7763,3
Mycobacterium_helveticum,8452,8500,48
Mycobacterium_helveticum,8577,8578,1
Mycobacterium_helveticum,8584,8599,15
Mycobacterium_helveticum,8601,8603,2
Mycobacterium_helveticum,8609,8610,1
Mycobacterium_helveticum,8661,8662,1
Mycobacterium_helveticum,8703,8704,1
Mycobacterium_helveticum,8720,8721,1
Mycobacterium_helveticum,8733,8735,2
Mycobacterium_helveticum,8739,8742,3
Mycobacterium_helveticum,8930,8931,1
Mycobacterium_helveticum,8980,8982,2
Mycobacterium_helveticum,8987,9001,14
Mycobacterium_helveticum,9120,9121,1
Mycobacterium_helveticum,9370,9372,2
Mycobacterium_helveticum,9546,9547,1
Mycobacterium_helveticum,9812,9814,2
Mycobacterium_helveticum,9983,9986,3
Mycobacterium_helveticum,10076,10078,2
Mycobacterium_helveticum,10157,10158,1
Mycobacterium_helveticum,10261,10262,1
Mycobacterium_helveticum,10310,10312,2
Mycobacterium_helveticum,10313,10315,2
Mycobacterium_helveticum,10325,10326,1
Mycobacterium_helveticum,10352,10353,1
Mycobacterium_helveticum,10370,10371,1
Mycobacterium_helveticum,10434,10435,1
Mycobacterium_helveticum,10448,10449,1
Mycobacterium_helveticum,10476,10477,1
Mycobacterium_helveticum,10491,10492,1
Mycobacterium_helveticum,10526,10527,1
Mycobacterium_helveticum,10546,10649,103
Mycobacterium_helveticum,10828,10830,2
Mycobacterium_helveticum,10832,10846,14
Mycobacterium_helveticum,10864,10865,1
Mycobacterium_helveticum,10914,10915,1
Mycobacterium_helveticum,10957,10982,25
Mycobacterium_helveticum,11085,11086,1
Mycobacterium_helveticum,11143,11144,1
Mycobacterium_helveticum,11243,11244,1
Mycobacterium_helveticum,11260,11261,1
Mycobacterium_helveticum,11262,11263,1
Mycobacterium_helveticum,11265,11267,2
Mycobacterium_helveticum,11286,11287,1
Mycobacterium_helveticum,11312,11313,1
Mycobacterium_helveticum,11473,11474,1
Mycobacterium_helveticum,11505,11534,29
Mycobacterium_helveticum,11566,11567,1
Mycobacterium_helveticum,11590,11591,1
Mycobacterium_helveticum,11782,11783,1
Mycobacterium_helveticum,11823,11824,1
Mycobacterium_helveticum,11826,11827,1
Mycobacterium_helveticum,11831,11836,5
Mycobacterium_helveticum,11848,11850,2
Mycobacterium_helveticum,11851,11852,1
Mycobacterium_helveticum,11859,11860,1
Mycobacterium_helveticum,11864,11866,2
Mycobacterium_helveticum,11877,11878,1
Mycobacterium_helveticum,11993,11994,1
Mycobacterium_helveticum,12029,12030,1
Mycobacterium_helveticum,12068,12069,1
Mycobacterium_helveticum,12207,12208,1
Mycobacterium_helveticum,12211,12212,1
Mycobacterium_helveticum,12213,12214,1
Mycobacterium_helveticum,12218,12222,4
Mycobacterium_helveticum,12225,12227,2
Mycobacterium_helveticum,12237,12238,1
Mycobacterium_helveticum,12360,12369,9
Mycobacterium_helveticum,12371,12380,9
Mycobacterium_helveticum,12384,12390,6
Mycobacterium_helveticum,12391,12400,9
Mycobacterium_helveticum,12454,12455,1
Mycobacterium_helveticum,12739,12740,1
Mycobacterium_helveticum,12798,12925,127
Mycobacterium_helveticum,13451,13452,1
Mycobacterium_helveticum,13453,13454,1
Mycobacterium_helveticum,13508,13509,1
Mycolicibacterium_murale,1,10,9
Mycolicibacterium_murale,21,39,18
Mycolicibacterium_murale,43,46,3
Mycolicibacterium_murale,48,110,62
Mycolicibacterium_murale,118,130,12
Mycolicibacterium_murale,133,136,3
Mycolicibacterium_murale,346,349,3
Mycolicibacterium_murale,1542,1691,149
Mycolicibacterium_murale,3317,3356,39
Mycolicibacterium_murale,3373,3374,1
Mycolicibacterium_murale,3400,3478,78
Mycolicibacterium_murale,3485,3491,6
Mycolicibacterium_murale,3642,3645,3
Mycolicibacterium_murale,3650,3653,3
Mycolicibacterium_murale,3655,3667,12
Mycolicibacterium_murale,3782,3788,6
Mycolicibacterium_murale,4400,4406,6
Mycolicibacterium_murale,4407,4413,6
Mycolicibacterium_murale,4417,4426,9
Mycolicibacterium_murale,4432,4445,13
Mycolicibacterium_murale,4452,4455,3
Mycolicibacterium_murale,4456,4462,6
Mycolicibacterium_murale,4468,4474,6
Mycolicibacterium_murale,4475,4481,6
Mycolicibacterium_murale,4483,4486,3
Mycolicibacterium_murale,4540,4552,12
Mycolicibacterium_murale,4555,4564,9
Mycolicibacterium_murale,4567,4573,6
Mycolicibacterium_murale,4582,4585,3
Mycolicibacterium_murale,5163,5169,6
Mycolicibacterium_murale,5170,5179,9
Mycolicibacterium_murale,5181,5190,9
Mycolicibacterium_murale,5197,5199,2
Mycolicibacterium_murale,5201,5204,3
Mycolicibacterium_murale,5206,5214,8
Mycolicibacterium_murale,5218,5230,12
Mycolicibacterium_murale,5231,5241,10
Mycolicibacterium_murale,5247,5253,6
Mycolicibacterium_murale,5401,5402,1
Mycolicibacterium_murale,6015,6016,1
Mycolicibacterium_murale,6431,6452,21
Mycolicibacterium_murale,6456,6462,6
Mycolicibacterium_murale,6470,6494,24
Mycolicibacterium_murale,7178,7254,76
Mycolicibacterium_murale,7260,7268,8
Mycolicibacterium_murale,7760,7763,3
Mycolicibacterium_murale,8452,8500,48
Mycolicibacterium_murale,8577,8578,1
Mycolicibacterium_murale,8584,8599,15
Mycolicibacterium_murale,8600,8604,4
Mycolicibacterium_murale,8609,8610,1
Mycolicibacterium_murale,8661,8662,1
Mycolicibacterium_murale,8703,8704,1
Mycolicibacterium_murale,8720,8721,1
Mycolicibacterium_murale,8733,8735,2
Mycolicibacterium_murale,8739,8742,3
Mycolicibacterium_murale,8930,8931,1
Mycolicibacterium_murale,8980,8982,2
Mycolicibacterium_murale,8984,8998,14
Mycolicibacterium_murale,9120,9121,1
Mycolicibacterium_murale,9370,9372,2
Mycolicibacterium_murale,9451,9452,1
Mycolicibacterium_murale,9546,9547,1
Mycolicibacterium_murale,9812,9813,1
Mycolicibacterium_murale,9985,9986,1
Mycolicibacterium_murale,10076,10078,2
Mycolicibacterium_murale,10157,10158,1
Mycolicibacterium_murale,10261,10262,1
Mycolicibacterium_murale,10310,10312,2
Mycolicibacterium_murale,10313,10315,2
Mycolicibacterium_murale,10325,10326,1
Mycolicibacterium_murale,10370,10371,1
Mycolicibacterium_murale,10416,10417,1
Mycolicibacterium_murale,10434,10435,1
Mycolicibacterium_murale,10448,10449,1
Mycolicibacterium_murale,10461,10462,1
Mycolicibacterium_murale,10476,10477,1
Mycolicibacterium_murale,10491,10492,1
Mycolicibacterium_murale,10526,10527,1
Mycolicibacterium_murale,10546,10649,103
Mycolicibacterium_murale,10828,10832,4
Mycolicibacterium_murale,10835,10842,7
Mycolicibacterium_murale,10864,10865,1
Mycolicibacterium_murale,10914,10915,1
Mycolicibacterium_murale,10961,10968,7
Mycolicibacterium_murale,10971,10975,4
Mycolicibacterium_murale,11085,11087,2
Mycolicibacterium_murale,11143,11144,1
Mycolicibacterium_murale,11243,11244,1
Mycolicibacterium_murale,11260,11261,1
Mycolicibacterium_murale,11265,11267,2
Mycolicibacterium_murale,11286,11287,1
Mycolicibacterium_murale,11312,11313,1
Mycolicibacterium_murale,11473,11474,1
Mycolicibacterium_murale,11484,11486,2
Mycolicibacterium_murale,11505,11512,7
Mycolicibacterium_murale,11513,11514,1
Mycolicibacterium_murale,11518,11519,1
Mycolicibacterium_murale,11520,11521,1
Mycolicibacterium_murale,11523,11539,16
Mycolicibacterium_murale,11566,11567,1
Mycolicibacterium_murale,11782,11783,1
Mycolicibacterium_murale,11823,11824,1
Mycolicibacterium_murale,11826,11827,1
Mycolicibacterium_murale,11831,11836,5
Mycolicibacterium_murale,11846,11850,4
Mycolicibacterium_murale,11851,11852,1
Mycolicibacterium_murale,11859,11860,1
Mycolicibacterium_murale,11864,11866,2
Mycolicibacterium_murale,11877,11878,1
Mycolicibacterium_murale,11993,11994,1
Mycolicibacterium_murale,12029,12030,1
Mycolicibacterium_murale,12068,12069,1
Mycolicibacterium_murale,12207,12208,1
Mycolicibacterium_murale,12211,12212,1
Mycolicibacterium_murale,12213,12214,1
Mycolicibacterium_murale,12218,12222,4
Mycolicibacterium_murale,12225,12227,2
Mycolicibacterium_murale,12237,12238,1
Mycolicibacterium_murale,12360,12369,9
Mycolicibacterium_murale,12371,12372,1
Mycolicibacterium_murale,12374,12382,8
Mycolicibacterium_murale,12384,12390,6
Mycolicibacterium_murale,12391,12400,9
Mycolicibacterium_murale,12454,12455,1
Mycolicibacterium_murale,12739,12740,1
Mycolicibacterium_murale,12798,12925,127
Mycolicibacterium_murale,13096,13097,1
Mycolicibacterium_murale,13451,13452,1
Mycolicibacterium_murale,13453,13454,1
Mycolicibacterium_murale,13508,13509,1
Mycolicibacterium_murale,13522,13523,1
Mycobacterium_botniense,1,10,9
Mycobacterium_botniense,21,39,18
Mycobacterium_botniense,43,46,3
Mycobacterium_botniense,63,107,44
Mycobacterium_botniense,117,132,15
Mycobacterium_botniense,133,136,3
Mycobacterium_botniense,346,349,3
Mycobacterium_botniense,1542,1691,149
Mycobacterium_botniense,3284,3287,3
Mycobacterium_botniense,3317,3361,44
Mycobacterium_botniense,3364,3365,1
Mycobacterium_botniense,3373,3374,1
Mycobacterium_botniense,3414,3477,63
Mycobacterium_botniense,3485,3491,6
Mycobacterium_botniense,3642,3645,3
Mycobacterium_botniense,3650,3653,3
Mycobacterium_botniense,3655,3667,12
Mycobacterium_botniense,3782,3788,6
Mycobacterium_botniense,4400,4406,6
Mycobacterium_botniense,4407,4413,6
Mycobacterium_botniense,4417,4445,28
Mycobacterium_botniense,4452,4455,3
Mycobacterium_botniense,4456,4462,6
Mycobacterium_botniense,4468,4480,12
Mycobacterium_botniense,4483,4486,3
Mycobacterium_botniense,4540,4552,12
Mycobacterium_botniense,4555,4564,9
Mycobacterium_botniense,4567,4573,6
Mycobacterium_botniense,4581,4584,3
Mycobacterium_botniense,5163,5169,6
Mycobacterium_botniense,5170,5179,9
Mycobacterium_botniense,5181,5190,9
Mycobacterium_botniense,5197,5199,2
Mycobacterium_botniense,5201,5204,3
Mycobacterium_botniense,5206,5214,8
Mycobacterium_botniense,5218,5230,12
Mycobacterium_botniense,5231,5241,10
Mycobacterium_botniense,5247,5253,6
Mycobacterium_botniense,5401,5402,1
Mycobacterium_botniense,6015,6016,1
Mycobacterium_botniense,6431,6452,21
Mycobacterium_botniense,6456,6462,6
Mycobacterium_botniense,6470,6494,24
Mycobacterium_botniense,7178,7254,76
Mycobacterium_botniense,7260,7268,8
Mycobacterium_botniense,7760,7763,3
Mycobacterium_botniense,8452,8500,48
Mycobacterium_botniense,8577,8578,1
Mycobacterium_botniense,8584,8599,15
Mycobacterium_botniense,8601,8603,2
Mycobacterium_botniense,8609,8610,1
Mycobacterium_botniense,8661,8662,1
Mycobacterium_botniense,8703,8704,1
Mycobacterium_botniense,8720,8721,1
Mycobacterium_botniense,8733,8734,1
Mycobacterium_botniense,8930,8931,1
Mycobacterium_botniense,8980,8982,2
Mycobacterium_botniense,8996,8998,2
Mycobacterium_botniense,9120,9121,1
Mycobacterium_botniense,9370,9372,2
Mycobacterium_botniense,9546,9547,1
Mycobacterium_botniense,9812,9814,2
Mycobacterium_botniense,9984,9986,2
Mycobacterium_botniense,10076,10078,2
Mycobacterium_botniense,10157,10158,1
Mycobacterium_botniense,10261,10262,1
Mycobacterium_botniense,10311,10312,1
Mycobacterium_botniense,10313,10315,2
Mycobacterium_botniense,10325,10326,1
Mycobacterium_botniense,10370,10371,1
Mycobacterium_botniense,10434,10435,1
Mycobacterium_botniense,10448,10449,1
Mycobacterium_botniense,10461,10462,1
Mycobacterium_botniense,10476,10477,1
Mycobacterium_botniense,10491,10492,1
Mycobacterium_botniense,10526,10527,1
Mycobacterium_botniense,10546,10649,103
Mycobacterium_botniense,10828,10830,2
Mycobacterium_botniense,10837,10843,6
Mycobacterium_botniense,10864,10865,1
Mycobacterium_botniense,10914,10915,1
Mycobacterium_botniense,10965,10966,1
Mycobacterium_botniense,10971,10975,4
Mycobacterium_botniense,11085,11086,1
Mycobacterium_botniense,11143,11144,1
Mycobacterium_botniense,11243,11244,1
Mycobacterium_botniense,11259,11261,2
Mycobacterium_botniense,11265,11267,2
Mycobacterium_botniense,11286,11288,2
Mycobacterium_botniense,11312,11313,1
Mycobacterium_botniense,11473,11474,1
Mycobacterium_botniense,11505,11512,7
Mycobacterium_botniense,11513,11514,1
Mycobacterium_botniense,11520,11521,1
Mycobacterium_botniense,11524,11537,13
Mycobacterium_botniense,11566,11567,1
Mycobacterium_botniense,11590,11591,1
Mycobacterium_botniense,11782,11783,1
Mycobacterium_botniense,11823,11824,1
Mycobacterium_botniense,11832,11836,4
Mycobacterium_botniense,11847,11850,3
Mycobacterium_botniense,11859,11860,1
Mycobacterium_botniense,11864,11866,2
Mycobacterium_botniense,11877,11878,1
Mycobacterium_botniense,11993,11994,1
Mycobacterium_botniense,12029,12030,1
Mycobacterium_botniense,12068,12069,1
Mycobacterium_botniense,12207,12208,1
Mycobacterium_botniense,12211,12212,1
Mycobacterium_botniense,12213,12214,1
Mycobacterium_botniense,12218,12222,4
Mycobacterium_botniense,12226,12227,1
Mycobacterium_botniense,12237,12238,1
Mycobacterium_botniense,12360,12369,9
Mycobacterium_botniense,12371,12372,1
Mycobacterium_botniense,12374,12378,4
Mycobacterium_botniense,12384,12390,6
Mycobacterium_botniense,12391,12400,9
Mycobacterium_botniense,12454,12455,1
Mycobacterium_botniense,12798,12925,127
Mycobacterium_botniense,13451,13452,1
Mycobacterium_botniense,13453,13454,1
Mycobacterium_botniense,13508,13509,1
Mycobacterium_bourgelatii,1,10,9
Mycobacterium_bourgelatii,21,39,18
Mycobacterium_bourgelatii,43,46,3
Mycobacterium_bourgelatii,56,71,15
Mycobacterium_bourgelatii,87,107,20
Mycobacterium_bourgelatii,117,132,15
Mycobacterium_bourgelatii,133,136,3
Mycobacterium_bourgelatii,346,349,3
Mycobacterium_bourgelatii,1542,1691,149
Mycobacterium_bourgelatii,3317,3361,44
Mycobacterium_bourgelatii,3364,3365,1
Mycobacterium_bourgelatii,3373,3374,1
Mycobacterium_bourgelatii,3414,3420,6
Mycobacterium_bourgelatii,3425,3479,54
Mycobacterium_bourgelatii,3485,3491,6
Mycobacterium_bourgelatii,3642,3645,3
Mycobacterium_bourgelatii,3650,3653,3
Mycobacterium_bourgelatii,3655,3667,12
Mycobacterium_bourgelatii,3782,3788,6
Mycobacterium_bourgelatii,4400,4406,6
Mycobacterium_bourgelatii,4407,4413,6
Mycobacterium_bourgelatii,4417,4420,3
Mycobacterium_bourgelatii,4425,4426,1
Mycobacterium_bourgelatii,4432,4445,13
Mycobacterium_bourgelatii,4447,4449,2
Mycobacterium_bourgelatii,4452,4455,3
Mycobacterium_bourgelatii,4456,4462,6
Mycobacterium_bourgelatii,4468,4480,12
Mycobacterium_bourgelatii,4483,4486,3
Mycobacterium_bourgelatii,4540,4552,12
Mycobacterium_bourgelatii,4555,4564,9
Mycobacterium_bourgelatii,4567,4573,6
Mycobacterium_bourgelatii,4581,4584,3
Mycobacterium_bourgelatii,5163,5169,6
Mycobacterium_bourgelatii,5170,5179,9
Mycobacterium_bourgelatii,5181,5190,9
Mycobacterium_bourgelatii,5197,5199,2
Mycobacterium_bourgelatii,5201,5204,3
Mycobacterium_bourgelatii,5206,5214,8
Mycobacterium_bourgelatii,5218,5230,12
Mycobacterium_bourgelatii,5231,5241,10
Mycobacterium_bourgelatii,5247,5253,6
Mycobacterium_bourgelatii,5401,5402,1
Mycobacterium_bourgelatii,6015,6016,1
Mycobacterium_bourgelatii,6431,6452,21
Mycobacterium_bourgelatii,6456,6462,6
Mycobacterium_bourgelatii,6470,6494,24
Mycobacterium_bourgelatii,7178,7254,76
Mycobacterium_bourgelatii,7260,7268,8
Mycobacterium_bourgelatii,7760,7763,3
Mycobacterium_bourgelatii,8452,8500,48
Mycobacterium_bourgelatii,8577,8578,1
Mycobacterium_bourgelatii,8584,8599,15
Mycobacterium_bourgelatii,8601,8603,2
Mycobacterium_bourgelatii,8609,8610,1
Mycobacterium_bourgelatii,8661,8662,1
Mycobacterium_bourgelatii,8703,8704,1
Mycobacterium_bourgelatii,8733,8735,2
Mycobacterium_bourgelatii,8739,8742,3
Mycobacterium_bourgelatii,8930,8931,1
Mycobacterium_bourgelatii,8980,8982,2
Mycobacterium_bourgelatii,8996,8998,2
Mycobacterium_bourgelatii,9120,9121,1
Mycobacterium_bourgelatii,9370,9372,2
Mycobacterium_bourgelatii,9546,9547,1
Mycobacterium_bourgelatii,9812,9813,1
Mycobacterium_bourgelatii,9983,9986,3
Mycobacterium_bourgelatii,10076,10078,2
Mycobacterium_bourgelatii,10157,10158,1
Mycobacterium_bourgelatii,10261,10262,1
Mycobacterium_bourgelatii,10310,10312,2
Mycobacterium_bourgelatii,10313,10315,2
Mycobacterium_bourgelatii,10325,10326,1
Mycobacterium_bourgelatii,10370,10371,1
Mycobacterium_bourgelatii,10434,10435,1
Mycobacterium_bourgelatii,10448,10449,1
Mycobacterium_bourgelatii,10476,10477,1
Mycobacterium_bourgelatii,10491,10492,1
Mycobacterium_bourgelatii,10526,10527,1
Mycobacterium_bourgelatii,10546,10649,103
Mycobacterium_bourgelatii,10828,10830,2
Mycobacterium_bourgelatii,10832,10846,14
Mycobacterium_bourgelatii,10864,10865,1
Mycobacterium_bourgelatii,10914,10915,1
Mycobacterium_bourgelatii,10959,10966,7
Mycobacterium_bourgelatii,10971,10975,4
Mycobacterium_bourgelatii,11085,11086,1
Mycobacterium_bourgelatii,11143,11144,1
Mycobacterium_bourgelatii,11243,11244,1
Mycobacterium_bourgelatii,11260,11261,1
Mycobacterium_bourgelatii,11262,11263,1
Mycobacterium_bourgelatii,11265,11267,2
Mycobacterium_bourgelatii,11286,11287,1
Mycobacterium_bourgelatii,11312,11313,1
Mycobacterium_bourgelatii,11473,11474,1
Mycobacterium_bourgelatii,11505,11511,6
Mycobacterium_bourgelatii,11513,11514,1
Mycobacterium_bourgelatii,11520,11534,14
Mycobacterium_bourgelatii,11566,11567,1
Mycobacterium_bourgelatii,11590,11591,1
Mycobacterium_bourgelatii,11782,11783,1
Mycobacterium_bourgelatii,11823,11824,1
Mycobacterium_bourgelatii,11826,11827,1
Mycobacterium_bourgelatii,11831,11836,5
Mycobacterium_bourgelatii,11841,11843,2
Mycobacterium_bourgelatii,11848,11850,2
Mycobacterium_bourgelatii,11851,11852,1
Mycobacterium_bourgelatii,11859,11860,1
Mycobacterium_bourgelatii,11864,11866,2
Mycobacterium_bourgelatii,11877,11878,1
Mycobacterium_bourgelatii,11993,11994,1
Mycobacterium_bourgelatii,12029,12030,1
Mycobacterium_bourgelatii,12068,12069,1
Mycobacterium_bourgelatii,12207,12208,1
Mycobacterium_bourgelatii,12211,12212,1
Mycobacterium_bourgelatii,12213,12214,1
Mycobacterium_bourgelatii,12218,12222,4
Mycobacterium_bourgelatii,12225,12227,2
Mycobacterium_bourgelatii,12237,12238,1
Mycobacterium_bourgelatii,12360,12369,9
Mycobacterium_bourgelatii,12371,12372,1
Mycobacterium_bourgelatii,12374,12380,6
Mycobacterium_bourgelatii,12384,12390,6
Mycobacterium_bourgelatii,12391,12400,9
Mycobacterium_bourgelatii,12454,12455,1
Mycobacterium_bourgelatii,12739,12740,1
Mycobacterium_bourgelatii,12798,12925,127
Mycobacterium_bourgelatii,13451,13452,1
Mycobacterium_bourgelatii,13453,13454,1
Mycobacterium_bourgelatii,13508,13509,1
Mycolicibacterium_hippocampi,1,10,9
Mycolicibacterium_hippocampi,21,39,18
Mycolicibacterium_hippocampi,43,46,3
Mycolicibacterium_hippocampi,63,107,44
Mycolicibacterium_hippocampi,117,126,9
Mycolicibacterium_hippocampi,133,136,3
Mycolicibacterium_hippocampi,346,349,3
Mycolicibacterium_hippocampi,1542,1691,149
Mycolicibacterium_hippocampi,3317,3361,44
Mycolicibacterium_hippocampi,3364,3365,1
Mycolicibacterium_hippocampi,3373,3374,1
Mycolicibacterium_hippocampi,3409,3421,12
Mycolicibacterium_hippocampi,3424,3478,54
Mycolicibacterium_hippocampi,3485,3491,6
Mycolicibacterium_hippocampi,3642,3645,3
Mycolicibacterium_hippocampi,3650,3653,3
Mycolicibacterium_hippocampi,3655,3667,12
Mycolicibacterium_hippocampi,3782,3788,6
Mycolicibacterium_hippocampi,4400,4406,6
Mycolicibacterium_hippocampi,4407,4413,6
Mycolicibacterium_hippocampi,4417,4426,9
Mycolicibacterium_hippocampi,4432,4445,13
Mycolicibacterium_hippocampi,4452,4455,3
Mycolicibacterium_hippocampi,4456,4462,6
Mycolicibacterium_hippocampi,4468,4474,6
Mycolicibacterium_hippocampi,4475,4481,6
Mycolicibacterium_hippocampi,4483,4486,3
Mycolicibacterium_hippocampi,4540,4552,12
Mycolicibacterium_hippocampi,4555,4564,9
Mycolicibacterium_hippocampi,4567,4573,6
Mycolicibacterium_hippocampi,4582,4585,3
Mycolicibacterium_hippocampi,5163,5169,6
Mycolicibacterium_hippocampi,5170,5179,9
Mycolicibacterium_hippocampi,5181,5190,9
Mycolicibacterium_hippocampi,5197,5199,2
Mycolicibacterium_hippocampi,5201,5204,3
Mycolicibacterium_hippocampi,5206,5214,8
Mycolicibacterium_hippocampi,5218,5230,12
Mycolicibacterium_hippocampi,5231,5241,10
Mycolicibacterium_hippocampi,5247,5253,6
Mycolicibacterium_hippocampi,5401,5402,1
Mycolicibacterium_hippocampi,6015,6016,1
Mycolicibacterium_hippocampi,6431,6452,21
Mycolicibacterium_hippocampi,6456,6462,6
Mycolicibacterium_hippocampi,6470,6476,6
Mycolicibacterium_hippocampi,6478,6487,9
Mycolicibacterium_hippocampi,7178,7254,76
Mycolicibacterium_hippocampi,7260,7268,8
Mycolicibacterium_hippocampi,7760,7763,3
Mycolicibacterium_hippocampi,8452,8500,48
Mycolicibacterium_hippocampi,8577,8578,1
Mycolicibacterium_hippocampi,8584,8599,15
Mycolicibacterium_hippocampi,8600,8604,4
Mycolicibacterium_hippocampi,8609,8610,1
Mycolicibacterium_hippocampi,8661,8662,1
Mycolicibacterium_hippocampi,8717,8718,1
Mycolicibacterium_hippocampi,8733,8735,2
Mycolicibacterium_hippocampi,8739,8742,3
Mycolicibacterium_hippocampi,8930,8931,1
Mycolicibacterium_hippocampi,8980,8982,2
Mycolicibacterium_hippocampi,8984,8998,14
Mycolicibacterium_hippocampi,9120,9121,1
Mycolicibacterium_hippocampi,9370,9372,2
Mycolicibacterium_hippocampi,9546,9547,1
Mycolicibacterium_hippocampi,9812,9813,1
Mycolicibacterium_hippocampi,9985,9986,1
Mycolicibacterium_hippocampi,10076,10078,2
Mycolicibacterium_hippocampi,10157,10158,1
Mycolicibacterium_hippocampi,10261,10262,1
Mycolicibacterium_hippocampi,10310,10312,2
Mycolicibacterium_hippocampi,10313,10315,2
Mycolicibacterium_hippocampi,10325,10326,1
Mycolicibacterium_hippocampi,10370,10371,1
Mycolicibacterium_hippocampi,10416,10417,1
Mycolicibacterium_hippocampi,10434,10435,1
Mycolicibacterium_hippocampi,10448,10449,1
Mycolicibacterium_hippocampi,10461,10462,1
Mycolicibacterium_hippocampi,10476,10477,1
Mycolicibacterium_hippocampi,10491,10492,1
Mycolicibacterium_hippocampi,10526,10527,1
Mycolicibacterium_hippocampi,10546,10649,103
Mycolicibacterium_hippocampi,10828,10832,4
Mycolicibacterium_hippocampi,10835,10836,1
Mycolicibacterium_hippocampi,10837,10843,6
Mycolicibacterium_hippocampi,10864,10865,1
Mycolicibacterium_hippocampi,10914,10915,1
Mycolicibacterium_hippocampi,10965,10966,1
Mycolicibacterium_hippocampi,10971,10975,4
Mycolicibacterium_hippocampi,11085,11086,1
Mycolicibacterium_hippocampi,11243,11244,1
Mycolicibacterium_hippocampi,11260,11261,1
Mycolicibacterium_hippocampi,11265,11267,2
Mycolicibacterium_hippocampi,11286,11287,1
Mycolicibacterium_hippocampi,11473,11474,1
Mycolicibacterium_hippocampi,11505,11512,7
Mycolicibacterium_hippocampi,11513,11514,1
Mycolicibacterium_hippocampi,11520,11521,1
Mycolicibacterium_hippocampi,11523,11538,15
Mycolicibacterium_hippocampi,11566,11567,1
Mycolicibacterium_hippocampi,11782,11783,1
Mycolicibacterium_hippocampi,11823,11824,1
Mycolicibacterium_hippocampi,11826,11827,1
Mycolicibacterium_hippocampi,11831,11836,5
Mycolicibacterium_hippocampi,11847,11849,2
Mycolicibacterium_hippocampi,11851,11852,1
Mycolicibacterium_hippocampi,11859,11860,1
Mycolicibacterium_hippocampi,11864,11866,2
Mycolicibacterium_hippocampi,11877,11878,1
Mycolicibacterium_hippocampi,11993,11994,1
Mycolicibacterium_hippocampi,12029,12030,1
Mycolicibacterium_hippocampi,12068,12069,1
Mycolicibacterium_hippocampi,12207,12208,1
Mycolicibacterium_hippocampi,12211,12212,1
Mycolicibacterium_hippocampi,12218,12222,4
Mycolicibacterium_hippocampi,12226,12227,1
Mycolicibacterium_hippocampi,12237,12238,1
Mycolicibacterium_hippocampi,12360,12369,9
Mycolicibacterium_hippocampi,12371,12372,1
Mycolicibacterium_hippocampi,12374,12375,1
Mycolicibacterium_hippocampi,12377,12382,5
Mycolicibacterium_hippocampi,12384,12390,6
Mycolicibacterium_hippocampi,12391,12400,9
Mycolicibacterium_hippocampi,12454,12455,1
Mycolicibacterium_hippocampi,12739,12740,1
Mycolicibacterium_hippocampi,12798,12925,127
Mycolicibacterium_hippocampi,13451,13452,1
Mycolicibacterium_hippocampi,13453,13454,1
Mycolicibacterium_hippocampi,13508,13509,1
Mycolicibacterium_vinylchloridicum,1,10,9
Mycolicibacterium_vinylchloridicum,21,39,18
Mycolicibacterium_vinylchloridicum,43,46,3
Mycolicibacterium_vinylchloridicum,48,110,62
Mycolicibacterium_vinylchloridicum,117,132,15
Mycolicibacterium_vinylchloridicum,133,136,3
Mycolicibacterium_vinylchloridicum,346,349,3
Mycolicibacterium_vinylchloridicum,1542,1691,149
Mycolicibacterium_vinylchloridicum,3317,3381,64
Mycolicibacterium_vinylchloridicum,3408,3480,72
Mycolicibacterium_vinylchloridicum,3485,3491,6
Mycolicibacterium_vinylchloridicum,3642,3645,3
Mycolicibacterium_vinylchloridicum,3650,3653,3
Mycolicibacterium_vinylchloridicum,3655,3667,12
Mycolicibacterium_vinylchloridicum,3782,3788,6
Mycolicibacterium_vinylchloridicum,4400,4406,6
Mycolicibacterium_vinylchloridicum,4407,4413,6
Mycolicibacterium_vinylchloridicum,4417,4426,9
Mycolicibacterium_vinylchloridicum,4432,4445,13
Mycolicibacterium_vinylchloridicum,4452,4455,3
Mycolicibacterium_vinylchloridicum,4456,4462,6
Mycolicibacterium_vinylchloridicum,4468,4474,6
Mycolicibacterium_vinylchloridicum,4475,4481,6
Mycolicibacterium_vinylchloridicum,4483,4486,3
Mycolicibacterium_vinylchloridicum,4540,4552,12
Mycolicibacterium_vinylchloridicum,4555,4564,9
Mycolicibacterium_vinylchloridicum,4567,4573,6
Mycolicibacterium_vinylchloridicum,4582,4585,3
Mycolicibacterium_vinylchloridicum,5163,5169,6
Mycolicibacterium_vinylchloridicum,5170,5179,9
Mycolicibacterium_vinylchloridicum,5181,5190,9
Mycolicibacterium_vinylchloridicum,5197,5199,2
Mycolicibacterium_vinylchloridicum,5201,5204,3
Mycolicibacterium_vinylchloridicum,5206,5214,8
Mycolicibacterium_vinylchloridicum,5218,5230,12
Mycolicibacterium_vinylchloridicum,5231,5241,10
Mycolicibacterium_vinylchloridicum,5247,5253,6
Mycolicibacterium_vinylchloridicum,5401,5402,1
Mycolicibacterium_vinylchloridicum,6015,6016,1
Mycolicibacterium_vinylchloridicum,6431,6467,36
Mycolicibacterium_vinylchloridicum,6470,6494,24
Mycolicibacterium_vinylchloridicum,7178,7254,76
Mycolicibacterium_vinylchloridicum,7260,7268,8
Mycolicibacterium_vinylchloridicum,7760,7763,3
Mycolicibacterium_vinylchloridicum,8452,8500,48
Mycolicibacterium_vinylchloridicum,8584,8599,15
Mycolicibacterium_vinylchloridicum,8600,8604,4
Mycolicibacterium_vinylchloridicum,8661,8662,1
Mycolicibacterium_vinylchloridicum,8703,8704,1
Mycolicibacterium_vinylchloridicum,8720,8721,1
Mycolicibacterium_vinylchloridicum,8733,8735,2
Mycolicibacterium_vinylchloridicum,8739,8742,3
Mycolicibacterium_vinylchloridicum,8930,8931,1
Mycolicibacterium_vinylchloridicum,8980,8982,2
Mycolicibacterium_vinylchloridicum,8984,8998,14
Mycolicibacterium_vinylchloridicum,9120,9121,1
Mycolicibacterium_vinylchloridicum,9370,9372,2
Mycolicibacterium_vinylchloridicum,9546,9547,1
Mycolicibacterium_vinylchloridicum,9812,9813,1
Mycolicibacterium_vinylchloridicum,9985,9986,1
Mycolicibacterium_vinylchloridicum,10076,10078,2
Mycolicibacterium_vinylchloridicum,10157,10158,1
Mycolicibacterium_vinylchloridicum,10261,10262,1
Mycolicibacterium_vinylchloridicum,10310,10312,2
Mycolicibacterium_vinylchloridicum,10313,10315,2
Mycolicibacterium_vinylchloridicum,10325,10326,1
Mycolicibacterium_vinylchloridicum,10370,10371,1
Mycolicibacterium_vinylchloridicum,10416,10417,1
Mycolicibacterium_vinylchloridicum,10434,10435,1
Mycolicibacterium_vinylchloridicum,10448,10449,1
Mycolicibacterium_vinylchloridicum,10461,10462,1
Mycolicibacterium_vinylchloridicum,10476,10477,1
Mycolicibacterium_vinylchloridicum,10491,10492,1
Mycolicibacterium_vinylchloridicum,10526,10527,1
Mycolicibacterium_vinylchloridicum,10545,10649,104
Mycolicibacterium_vinylchloridicum,10828,10830,2
Mycolicibacterium_vinylchloridicum,10835,10843,8
Mycolicibacterium_vinylchloridicum,10864,10865,1
Mycolicibacterium_vinylchloridicum,10914,10915,1
Mycolicibacterium_vinylchloridicum,10953,10979,26
Mycolicibacterium_vinylchloridicum,11085,11086,1
Mycolicibacterium_vinylchloridicum,11143,11144,1
Mycolicibacterium_vinylchloridicum,11243,11244,1
Mycolicibacterium_vinylchloridicum,11260,11261,1
Mycolicibacterium_vinylchloridicum,11265,11267,2
Mycolicibacterium_vinylchloridicum,11286,11287,1
Mycolicibacterium_vinylchloridicum,11312,11313,1
Mycolicibacterium_vinylchloridicum,11473,11474,1
Mycolicibacterium_vinylchloridicum,11505,11512,7
Mycolicibacterium_vinylchloridicum,11513,11514,1
Mycolicibacterium_vinylchloridicum,11520,11521,1
Mycolicibacterium_vinylchloridicum,11523,11537,14
Mycolicibacterium_vinylchloridicum,11566,11567,1
Mycolicibacterium_vinylchloridicum,11782,11783,1
Mycolicibacterium_vinylchloridicum,11823,11824,1
Mycolicibacterium_vinylchloridicum,11826,11827,1
Mycolicibacterium_vinylchloridicum,11831,11836,5
Mycolicibacterium_vinylchloridicum,11846,11850,4
Mycolicibacterium_vinylchloridicum,11851,11852,1
Mycolicibacterium_vinylchloridicum,11859,11860,1
Mycolicibacterium_vinylchloridicum,11864,11866,2
Mycolicibacterium_vinylchloridicum,11877,11878,1
Mycolicibacterium_vinylchloridicum,11993,11994,1
Mycolicibacterium_vinylchloridicum,12029,12030,1
Mycolicibacterium_vinylchloridicum,12068,12069,1
Mycolicibacterium_vinylchloridicum,12196,12197,1
Mycolicibacterium_vinylchloridicum,12207,12208,1
Mycolicibacterium_vinylchloridicum,12211,12212,1
Mycolicibacterium_vinylchloridicum,12213,12214,1
Mycolicibacterium_vinylchloridicum,12218,12222,4
Mycolicibacterium_vinylchloridicum,12226,12227,1
Mycolicibacterium_vinylchloridicum,12237,12238,1
Mycolicibacterium_vinylchloridicum,12360,12369,9
Mycolicibacterium_vinylchloridicum,12371,12372,1
Mycolicibacterium_vinylchloridicum,12374,12375,1
Mycolicibacterium_vinylchloridicum,12378,12383,5
Mycolicibacterium_vinylchloridicum,12384,12390,6
Mycolicibacterium_vinylchloridicum,12391,12400,9
Mycolicibacterium_vinylchloridicum,12454,12455,1
Mycolicibacterium_vinylchloridicum,12739,12740,1
Mycolicibacterium_vinylchloridicum,12798,12925,127
Mycolicibacterium_vinylchloridicum,13451,13452,1
Mycolicibacterium_vinylchloridicum,13453,13454,1
Mycolicibacterium_vinylchloridicum,13508,13509,1
Mycolicibacterium_lutetiense,1,10,9
Mycolicibacterium_lutetiense,21,39,18
Mycolicibacterium_lutetiense,43,46,3
Mycolicibacterium_lutetiense,48,110,62
Mycolicibacterium_lutetiense,117,132,15
Mycolicibacterium_lutetiense,133,136,3
Mycolicibacterium_lutetiense,346,349,3
Mycolicibacterium_lutetiense,1542,1691,149
Mycolicibacterium_lutetiense,3317,3381,64
Mycolicibacterium_lutetiense,3403,3406,3
Mycolicibacterium_lutetiense,3409,3421,12
Mycolicibacterium_lutetiense,3424,3478,54
Mycolicibacterium_lutetiense,3485,3491,6
Mycolicibacterium_lutetiense,3642,3645,3
Mycolicibacterium_lutetiense,3650,3653,3
Mycolicibacterium_lutetiense,3655,3667,12
Mycolicibacterium_lutetiense,3782,3788,6
Mycolicibacterium_lutetiense,4400,4406,6
Mycolicibacterium_lutetiense,4407,4413,6
Mycolicibacterium_lutetiense,4417,4426,9
Mycolicibacterium_lutetiense,4432,4445,13
Mycolicibacterium_lutetiense,4452,4455,3
Mycolicibacterium_lutetiense,4456,4462,6
Mycolicibacterium_lutetiense,4468,4474,6
Mycolicibacterium_lutetiense,4475,4481,6
Mycolicibacterium_lutetiense,4483,4486,3
Mycolicibacterium_lutetiense,4540,4552,12
Mycolicibacterium_lutetiense,4555,4564,9
Mycolicibacterium_lutetiense,4567,4573,6
Mycolicibacterium_lutetiense,4582,4585,3
Mycolicibacterium_lutetiense,5163,5169,6
Mycolicibacterium_lutetiense,5170,5179,9
Mycolicibacterium_lutetiense,5181,5190,9
Mycolicibacterium_lutetiense,5197,5199,2
Mycolicibacterium_lutetiense,5201,5204,3
Mycolicibacterium_lutetiense,5206,5214,8
Mycolicibacterium_lutetiense,5218,5230,12
Mycolicibacterium_lutetiense,5231,5241,10
Mycolicibacterium_lutetiense,5247,5253,6
Mycolicibacterium_lutetiense,5401,5402,1
Mycolicibacterium_lutetiense,6015,6016,1
Mycolicibacterium_lutetiense,6431,6452,21
Mycolicibacterium_lutetiense,6456,6462,6
Mycolicibacterium_lutetiense,6470,6494,24
Mycolicibacterium_lutetiense,7178,7254,76
Mycolicibacterium_lutetiense,7260,7268,8
Mycolicibacterium_lutetiense,7760,7763,3
Mycolicibacterium_lutetiense,8452,8500,48
Mycolicibacterium_lutetiense,8577,8578,1
Mycolicibacterium_lutetiense,8584,8599,15
Mycolicibacterium_lutetiense,8600,8604,4
Mycolicibacterium_lutetiense,8609,8610,1
Mycolicibacterium_lutetiense,8661,8662,1
Mycolicibacterium_lutetiense,8703,8704,1
Mycolicibacterium_lutetiense,8720,8721,1
Mycolicibacterium_lutetiense,8733,8735,2
Mycolicibacterium_lutetiense,8739,8742,3
Mycolicibacterium_lutetiense,8930,8931,1
Mycolicibacterium_lutetiense,8980,8982,2
Mycolicibacterium_lutetiense,8984,8998,14
Mycolicibacterium_lutetiense,9120,9121,1
Mycolicibacterium_lutetiense,9370,9372,2
Mycolicibacterium_lutetiense,9546,9547,1
Mycolicibacterium_lutetiense,9812,9813,1
Mycolicibacterium_lutetiense,9985,9986,1
Mycolicibacterium_lutetiense,10076,10078,2
Mycolicibacterium_lutetiense,10157,10158,1
Mycolicibacterium_lutetiense,10261,10262,1
Mycolicibacterium_lutetiense,10310,10312,2
Mycolicibacterium_lutetiense,10313,10315,2
Mycolicibacterium_lutetiense,10325,10326,1
Mycolicibacterium_lutetiense,10370,10371,1
Mycolicibacterium_lutetiense,10416,10417,1
Mycolicibacterium_lutetiense,10434,10435,1
Mycolicibacterium_lutetiense,10448,10449,1
Mycolicibacterium_lutetiense,10476,10477,1
Mycolicibacterium_lutetiense,10491,10492,1
Mycolicibacterium_lutetiense,10526,10527,1
Mycolicibacterium_lutetiense,10547,10649,102
Mycolicibacterium_lutetiense,10828,10830,2
Mycolicibacterium_lutetiense,10835,10843,8
Mycolicibacterium_lutetiense,10864,10865,1
Mycolicibacterium_lutetiense,10914,10915,1
Mycolicibacterium_lutetiense,10965,10966,1
Mycolicibacterium_lutetiense,10971,10975,4
Mycolicibacterium_lutetiense,11085,11086,1
Mycolicibacterium_lutetiense,11143,11144,1
Mycolicibacterium_lutetiense,11243,11244,1
Mycolicibacterium_lutetiense,11260,11261,1
Mycolicibacterium_lutetiense,11286,11287,1
Mycolicibacterium_lutetiense,11312,11313,1
Mycolicibacterium_lutetiense,11473,11474,1
Mycolicibacterium_lutetiense,11505,11512,7
Mycolicibacterium_lutetiense,11513,11514,1
Mycolicibacterium_lutetiense,11524,11538,14
Mycolicibacterium_lutetiense,11566,11567,1
Mycolicibacterium_lutetiense,11782,11783,1
Mycolicibacterium_lutetiense,11823,11824,1
Mycolicibacterium_lutetiense,11826,11827,1
Mycolicibacterium_lutetiense,11831,11835,4
Mycolicibacterium_lutetiense,11846,11850,4
Mycolicibacterium_lutetiense,11851,11852,1
Mycolicibacterium_lutetiense,11859,11860,1
Mycolicibacterium_lutetiense,11864,11865,1
Mycolicibacterium_lutetiense,11877,11878,1
Mycolicibacterium_lutetiense,11993,11994,1
Mycolicibacterium_lutetiense,12029,12030,1
Mycolicibacterium_lutetiense,12068,12069,1
Mycolicibacterium_lutetiense,12207,12208,1
Mycolicibacterium_lutetiense,12211,12212,1
Mycolicibacterium_lutetiense,12213,12214,1
Mycolicibacterium_lutetiense,12218,12222,4
Mycolicibacterium_lutetiense,12226,12227,1
Mycolicibacterium_lutetiense,12237,12238,1
Mycolicibacterium_lutetiense,12360,12372,12
Mycolicibacterium_lutetiense,12374,12375,1
Mycolicibacterium_lutetiense,12378,12381,3
Mycolicibacterium_lutetiense,12384,12390,6
Mycolicibacterium_lutetiense,12391,12400,9
Mycolicibacterium_lutetiense,12454,12455,1
Mycolicibacterium_lutetiense,12739,12740,1
Mycolicibacterium_lutetiense,12798,12925,127
Mycolicibacterium_lutetiense,13451,13452,1
Mycolicibacterium_lutetiense,13453,13454,1
Mycolicibacterium_lutetiense,13508,13509,1
Mycolicibacter_acidiphilus,1,10,9
Mycolicibacter_acidiphilus,21,39,18
Mycolicibacter_acidiphilus,43,46,3
Mycolicibacter_acidiphilus,64,105,41
Mycolicibacter_acidiphilus,117,132,15
Mycolicibacter_acidiphilus,133,136,3
Mycolicibacter_acidiphilus,346,349,3
Mycolicibacter_acidiphilus,1542,1691,149
Mycolicibacter_acidiphilus,3317,3365,48
Mycolicibacter_acidiphilus,3373,3374,1
Mycolicibacter_acidiphilus,3414,3420,6
Mycolicibacter_acidiphilus,3421,3466,45
Mycolicibacter_acidiphilus,3473,3479,6
Mycolicibacter_acidiphilus,3485,3491,6
Mycolicibacter_acidiphilus,3650,3653,3
Mycolicibacter_acidiphilus,3657,3672,15
Mycolicibacter_acidiphilus,3782,3788,6
Mycolicibacter_acidiphilus,4400,4406,6
Mycolicibacter_acidiphilus,4407,4413,6
Mycolicibacter_acidiphilus,4422,4426,4
Mycolicibacter_acidiphilus,4432,4438,6
Mycolicibacter_acidiphilus,4452,4455,3
Mycolicibacter_acidiphilus,4456,4486,30
Mycolicibacter_acidiphilus,4555,4564,9
Mycolicibacter_acidiphilus,4567,4573,6
Mycolicibacter_acidiphilus,5163,5169,6
Mycolicibacter_acidiphilus,5170,5179,9
Mycolicibacter_acidiphilus,5181,5190,9
Mycolicibacter_acidiphilus,5197,5199,2
Mycolicibacter_acidiphilus,5201,5204,3
Mycolicibacter_acidiphilus,5206,5214,8
Mycolicibacter_acidiphilus,5218,5230,12
Mycolicibacter_acidiphilus,5231,5241,10
Mycolicibacter_acidiphilus,5247,5253,6
Mycolicibacter_acidiphilus,5401,5402,1
Mycolicibacter_acidiphilus,6015,6016,1
Mycolicibacter_acidiphilus,6431,6452,21
Mycolicibacter_acidiphilus,6456,6462,6
Mycolicibacter_acidiphilus,6470,6494,24
Mycolicibacter_acidiphilus,7178,7254,76
Mycolicibacter_acidiphilus,7260,7268,8
Mycolicibacter_acidiphilus,7760,7763,3
Mycolicibacter_acidiphilus,8452,8500,48
Mycolicibacter_acidiphilus,8577,8578,1
Mycolicibacter_acidiphilus,8584,8599,15
Mycolicibacter_acidiphilus,8601,8603,2
Mycolicibacter_acidiphilus,8609,8610,1
Mycolicibacter_acidiphilus,8661,8662,1
Mycolicibacter_acidiphilus,8703,8704,1
Mycolicibacter_acidiphilus,8720,8721,1
Mycolicibacter_acidiphilus,8733,8735,2
Mycolicibacter_acidiphilus,8739,8742,3
Mycolicibacter_acidiphilus,8930,8931,1
Mycolicibacter_acidiphilus,8980,8982,2
Mycolicibacter_acidiphilus,9120,9121,1
Mycolicibacter_acidiphilus,9546,9547,1
Mycolicibacter_acidiphilus,9812,9814,2
Mycolicibacter_acidiphilus,9982,9984,2
Mycolicibacter_acidiphilus,9985,9986,1
Mycolicibacter_acidiphilus,10076,10078,2
Mycolicibacter_acidiphilus,10157,10158,1
Mycolicibacter_acidiphilus,10311,10312,1
Mycolicibacter_acidiphilus,10313,10315,2
Mycolicibacter_acidiphilus,10325,10326,1
Mycolicibacter_acidiphilus,10370,10371,1
Mycolicibacter_acidiphilus,10416,10417,1
Mycolicibacter_acidiphilus,10434,10435,1
Mycolicibacter_acidiphilus,10448,10449,1
Mycolicibacter_acidiphilus,10461,10462,1
Mycolicibacter_acidiphilus,10476,10477,1
Mycolicibacter_acidiphilus,10491,10492,1
Mycolicibacter_acidiphilus,10526,10527,1
Mycolicibacter_acidiphilus,10546,10649,103
Mycolicibacter_acidiphilus,10828,10830,2
Mycolicibacter_acidiphilus,10831,10833,2
Mycolicibacter_acidiphilus,10836,10843,7
Mycolicibacter_acidiphilus,10864,10865,1
Mycolicibacter_acidiphilus,10914,10915,1
Mycolicibacter_acidiphilus,10965,10966,1
Mycolicibacter_acidiphilus,10971,10975,4
Mycolicibacter_acidiphilus,11085,11086,1
Mycolicibacter_acidiphilus,11143,11144,1
Mycolicibacter_acidiphilus,11243,11244,1
Mycolicibacter_acidiphilus,11260,11261,1
Mycolicibacter_acidiphilus,11265,11267,2
Mycolicibacter_acidiphilus,11286,11287,1
Mycolicibacter_acidiphilus,11312,11313,1
Mycolicibacter_acidiphilus,11473,11474,1
Mycolicibacter_acidiphilus,11505,11512,7
Mycolicibacter_acidiphilus,11513,11514,1
Mycolicibacter_acidiphilus,11515,11533,18
Mycolicibacter_acidiphilus,11537,11538,1
Mycolicibacter_acidiphilus,11566,11567,1
Mycolicibacter_acidiphilus,11782,11783,1
Mycolicibacter_acidiphilus,11823,11825,2
Mycolicibacter_acidiphilus,11831,11836,5
Mycolicibacter_acidiphilus,11847,11850,3
Mycolicibacter_acidiphilus,11851,11852,1
Mycolicibacter_acidiphilus,11859,11860,1
Mycolicibacter_acidiphilus,11863,11866,3
Mycolicibacter_acidiphilus,11877,11878,1
Mycolicibacter_acidiphilus,11993,11994,1
Mycolicibacter_acidiphilus,12029,12030,1
Mycolicibacter_acidiphilus,12068,12069,1
Mycolicibacter_acidiphilus,12207,12208,1
Mycolicibacter_acidiphilus,12211,12212,1
Mycolicibacter_acidiphilus,12213,12214,1
Mycolicibacter_acidiphilus,12218,12222,4
Mycolicibacter_acidiphilus,12226,12227,1
Mycolicibacter_acidiphilus,12237,12238,1
Mycolicibacter_acidiphilus,12360,12369,9
Mycolicibacter_acidiphilus,12371,12372,1
Mycolicibacter_acidiphilus,12374,12375,1
Mycolicibacter_acidiphilus,12377,12382,5
Mycolicibacter_acidiphilus,12384,12390,6
Mycolicibacter_acidiphilus,12391,12400,9
Mycolicibacter_acidiphilus,12454,12455,1
Mycolicibacter_acidiphilus,12739,12740,1
Mycolicibacter_acidiphilus,12798,12925,127
Mycolicibacter_acidiphilus,13451,13452,1
Mycolicibacter_acidiphilus,13453,13454,1
Mycolicibacter_acidiphilus,13508,13509,1
Mycolicibacterium_xanthum,1,10,9
Mycolicibacterium_xanthum,21,39,18
Mycolicibacterium_xanthum,43,46,3
Mycolicibacterium_xanthum,51,107,56
Mycolicibacterium_xanthum,117,132,15
Mycolicibacterium_xanthum,133,136,3
Mycolicibacterium_xanthum,346,349,3
Mycolicibacterium_xanthum,1539,1691,152
Mycolicibacterium_xanthum,3320,3322,2
Mycolicibacterium_xanthum,3364,3365,1
Mycolicibacterium_xanthum,3373,3374,1
Mycolicibacterium_xanthum,3409,3478,69
Mycolicibacterium_xanthum,3485,3491,6
Mycolicibacterium_xanthum,3642,3645,3
Mycolicibacterium_xanthum,3650,3653,3
Mycolicibacterium_xanthum,3655,3667,12
Mycolicibacterium_xanthum,3782,3788,6
Mycolicibacterium_xanthum,4400,4406,6
Mycolicibacterium_xanthum,4407,4413,6
Mycolicibacterium_xanthum,4417,4426,9
Mycolicibacterium_xanthum,4432,4445,13
Mycolicibacterium_xanthum,4452,4455,3
Mycolicibacterium_xanthum,4456,4462,6
Mycolicibacterium_xanthum,4468,4474,6
Mycolicibacterium_xanthum,4475,4481,6
Mycolicibacterium_xanthum,4483,4486,3
Mycolicibacterium_xanthum,4540,4552,12
Mycolicibacterium_xanthum,4555,4564,9
Mycolicibacterium_xanthum,4567,4573,6
Mycolicibacterium_xanthum,4582,4585,3
Mycolicibacterium_xanthum,5163,5169,6
Mycolicibacterium_xanthum,5170,5179,9
Mycolicibacterium_xanthum,5181,5190,9
Mycolicibacterium_xanthum,5197,5199,2
Mycolicibacterium_xanthum,5201,5204,3
Mycolicibacterium_xanthum,5206,5214,8
Mycolicibacterium_xanthum,5218,5230,12
Mycolicibacterium_xanthum,5231,5241,10
Mycolicibacterium_xanthum,5247,5253,6
Mycolicibacterium_xanthum,5401,5402,1
Mycolicibacterium_xanthum,6015,6016,1
Mycolicibacterium_xanthum,6431,6452,21
Mycolicibacterium_xanthum,6456,6462,6
Mycolicibacterium_xanthum,6470,6494,24
Mycolicibacterium_xanthum,7178,7254,76
Mycolicibacterium_xanthum,7260,7268,8
Mycolicibacterium_xanthum,7760,7763,3
Mycolicibacterium_xanthum,8452,8500,48
Mycolicibacterium_xanthum,8577,8578,1
Mycolicibacterium_xanthum,8584,8599,15
Mycolicibacterium_xanthum,8600,8604,4
Mycolicibacterium_xanthum,8609,8610,1
Mycolicibacterium_xanthum,8661,8662,1
Mycolicibacterium_xanthum,8703,8704,1
Mycolicibacterium_xanthum,8720,8721,1
Mycolicibacterium_xanthum,8733,8735,2
Mycolicibacterium_xanthum,8739,8742,3
Mycolicibacterium_xanthum,8930,8931,1
Mycolicibacterium_xanthum,8980,8982,2
Mycolicibacterium_xanthum,8984,8998,14
Mycolicibacterium_xanthum,9120,9121,1
Mycolicibacterium_xanthum,9370,9372,2
Mycolicibacterium_xanthum,9546,9547,1
Mycolicibacterium_xanthum,9812,9813,1
Mycolicibacterium_xanthum,9985,9986,1
Mycolicibacterium_xanthum,10157,10158,1
Mycolicibacterium_xanthum,10261,10262,1
Mycolicibacterium_xanthum,10310,10312,2
Mycolicibacterium_xanthum,10313,10315,2
Mycolicibacterium_xanthum,10325,10326,1
Mycolicibacterium_xanthum,10370,10371,1
Mycolicibacterium_xanthum,10416,10417,1
Mycolicibacterium_xanthum,10434,10435,1
Mycolicibacterium_xanthum,10448,10449,1
Mycolicibacterium_xanthum,10461,10462,1
Mycolicibacterium_xanthum,10476,10477,1
Mycolicibacterium_xanthum,10491,10492,1
Mycolicibacterium_xanthum,10526,10527,1
Mycolicibacterium_xanthum,10545,10649,104
Mycolicibacterium_xanthum,10828,10830,2
Mycolicibacterium_xanthum,10835,10836,1
Mycolicibacterium_xanthum,10837,10843,6
Mycolicibacterium_xanthum,10864,10865,1
Mycolicibacterium_xanthum,10914,10915,1
Mycolicibacterium_xanthum,10965,10966,1
Mycolicibacterium_xanthum,10971,10975,4
Mycolicibacterium_xanthum,11085,11086,1
Mycolicibacterium_xanthum,11143,11144,1
Mycolicibacterium_xanthum,11243,11244,1
Mycolicibacterium_xanthum,11260,11261,1
Mycolicibacterium_xanthum,11265,11267,2
Mycolicibacterium_xanthum,11286,11287,1
Mycolicibacterium_xanthum,11312,11313,1
Mycolicibacterium_xanthum,11473,11474,1
Mycolicibacterium_xanthum,11505,11512,7
Mycolicibacterium_xanthum,11513,11514,1
Mycolicibacterium_xanthum,11520,11537,17
Mycolicibacterium_xanthum,11566,11567,1
Mycolicibacterium_xanthum,11782,11783,1
Mycolicibacterium_xanthum,11823,11824,1
Mycolicibacterium_xanthum,11826,11827,1
Mycolicibacterium_xanthum,11831,11836,5
Mycolicibacterium_xanthum,11846,11850,4
Mycolicibacterium_xanthum,11851,11852,1
Mycolicibacterium_xanthum,11864,11866,2
Mycolicibacterium_xanthum,11877,11878,1
Mycolicibacterium_xanthum,11993,11994,1
Mycolicibacterium_xanthum,12029,12030,1
Mycolicibacterium_xanthum,12068,12069,1
Mycolicibacterium_xanthum,12207,12208,1
Mycolicibacterium_xanthum,12211,12212,1
Mycolicibacterium_xanthum,12213,12214,1
Mycolicibacterium_xanthum,12218,12222,4
Mycolicibacterium_xanthum,12226,12227,1
Mycolicibacterium_xanthum,12237,12238,1
Mycolicibacterium_xanthum,12360,12369,9
Mycolicibacterium_xanthum,12371,12372,1
Mycolicibacterium_xanthum,12374,12375,1
Mycolicibacterium_xanthum,12378,12381,3
Mycolicibacterium_xanthum,12384,12390,6
Mycolicibacterium_xanthum,12391,12400,9
Mycolicibacterium_xanthum,12454,12455,1
Mycolicibacterium_xanthum,12739,12740,1
Mycolicibacterium_xanthum,12798,12925,127
Mycolicibacterium_xanthum,13451,13452,1
Mycolicibacterium_xanthum,13453,13454,1
Mycolicibacterium_xanthum,13508,13509,1
Mycolicibacterium_lacusdiani,1,10,9
Mycolicibacterium_lacusdiani,21,39,18
Mycolicibacterium_lacusdiani,43,46,3
Mycolicibacterium_lacusdiani,51,107,56
Mycolicibacterium_lacusdiani,117,132,15
Mycolicibacterium_lacusdiani,133,136,3
Mycolicibacterium_lacusdiani,346,349,3
Mycolicibacterium_lacusdiani,1542,1691,149
Mycolicibacterium_lacusdiani,3317,3381,64
Mycolicibacterium_lacusdiani,3386,3389,3
Mycolicibacterium_lacusdiani,3409,3420,11
Mycolicibacterium_lacusdiani,3424,3491,67
Mycolicibacterium_lacusdiani,3642,3645,3
Mycolicibacterium_lacusdiani,3650,3653,3
Mycolicibacterium_lacusdiani,3655,3667,12
Mycolicibacterium_lacusdiani,3782,3788,6
Mycolicibacterium_lacusdiani,4400,4406,6
Mycolicibacterium_lacusdiani,4407,4413,6
Mycolicibacterium_lacusdiani,4417,4426,9
Mycolicibacterium_lacusdiani,4432,4445,13
Mycolicibacterium_lacusdiani,4452,4455,3
Mycolicibacterium_lacusdiani,4456,4462,6
Mycolicibacterium_lacusdiani,4468,4474,6
Mycolicibacterium_lacusdiani,4475,4481,6
Mycolicibacterium_lacusdiani,4483,4486,3
Mycolicibacterium_lacusdiani,4540,4552,12
Mycolicibacterium_lacusdiani,4567,4573,6
Mycolicibacterium_lacusdiani,5163,5169,6
Mycolicibacterium_lacusdiani,5170,5179,9
Mycolicibacterium_lacusdiani,5181,5190,9
Mycolicibacterium_lacusdiani,5197,5199,2
Mycolicibacterium_lacusdiani,5201,5204,3
Mycolicibacterium_lacusdiani,5206,5214,8
Mycolicibacterium_lacusdiani,5218,5230,12
Mycolicibacterium_lacusdiani,5231,5241,10
Mycolicibacterium_lacusdiani,5247,5253,6
Mycolicibacterium_lacusdiani,5401,5402,1
Mycolicibacterium_lacusdiani,6015,6016,1
Mycolicibacterium_lacusdiani,6431,6452,21
Mycolicibacterium_lacusdiani,6456,6462,6
Mycolicibacterium_lacusdiani,6470,6494,24
Mycolicibacterium_lacusdiani,7178,7254,76
Mycolicibacterium_lacusdiani,7260,7268,8
Mycolicibacterium_lacusdiani,7760,7763,3
Mycolicibacterium_lacusdiani,8452,8500,48
Mycolicibacterium_lacusdiani,8577,8578,1
Mycolicibacterium_lacusdiani,8584,8599,15
Mycolicibacterium_lacusdiani,8600,8604,4
Mycolicibacterium_lacusdiani,8609,8610,1
Mycolicibacterium_lacusdiani,8661,8662,1
Mycolicibacterium_lacusdiani,8733,8735,2
Mycolicibacterium_lacusdiani,8739,8742,3
Mycolicibacterium_lacusdiani,8930,8931,1
Mycolicibacterium_lacusdiani,8980,8982,2
Mycolicibacterium_lacusdiani,8984,8998,14
Mycolicibacterium_lacusdiani,9120,9121,1
Mycolicibacterium_lacusdiani,9370,9372,2
Mycolicibacterium_lacusdiani,9546,9547,1
Mycolicibacterium_lacusdiani,9812,9813,1
Mycolicibacterium_lacusdiani,9985,9986,1
Mycolicibacterium_lacusdiani,10157,10158,1
Mycolicibacterium_lacusdiani,10261,10262,1
Mycolicibacterium_lacusdiani,10310,10312,2
Mycolicibacterium_lacusdiani,10313,10315,2
Mycolicibacterium_lacusdiani,10325,10326,1
Mycolicibacterium_lacusdiani,10370,10371,1
Mycolicibacterium_lacusdiani,10416,10417,1
Mycolicibacterium_lacusdiani,10434,10435,1
Mycolicibacterium_lacusdiani,10448,10449,1
Mycolicibacterium_lacusdiani,10491,10492,1
Mycolicibacterium_lacusdiani,10526,10527,1
Mycolicibacterium_lacusdiani,10546,10649,103
Mycolicibacterium_lacusdiani,10835,10843,8
Mycolicibacterium_lacusdiani,10864,10865,1
Mycolicibacterium_lacusdiani,10914,10915,1
Mycolicibacterium_lacusdiani,10965,10966,1
Mycolicibacterium_lacusdiani,10971,10975,4
Mycolicibacterium_lacusdiani,11085,11086,1
Mycolicibacterium_lacusdiani,11143,11144,1
Mycolicibacterium_lacusdiani,11243,11244,1
Mycolicibacterium_lacusdiani,11260,11261,1
Mycolicibacterium_lacusdiani,11266,11267,1
Mycolicibacterium_lacusdiani,11286,11287,1
Mycolicibacterium_lacusdiani,11312,11313,1
Mycolicibacterium_lacusdiani,11473,11474,1
Mycolicibacterium_lacusdiani,11505,11512,7
Mycolicibacterium_lacusdiani,11513,11514,1
Mycolicibacterium_lacusdiani,11520,11540,20
Mycolicibacterium_lacusdiani,11782,11783,1
Mycolicibacterium_lacusdiani,11823,11824,1
Mycolicibacterium_lacusdiani,11826,11827,1
Mycolicibacterium_lacusdiani,11831,11836,5
Mycolicibacterium_lacusdiani,11846,11850,4
Mycolicibacterium_lacusdiani,11851,11852,1
Mycolicibacterium_lacusdiani,11859,11860,1
Mycolicibacterium_lacusdiani,11877,11878,1
Mycolicibacterium_lacusdiani,11993,11994,1
Mycolicibacterium_lacusdiani,12029,12030,1
Mycolicibacterium_lacusdiani,12068,12069,1
Mycolicibacterium_lacusdiani,12207,12208,1
Mycolicibacterium_lacusdiani,12211,12212,1
Mycolicibacterium_lacusdiani,12213,12214,1
Mycolicibacterium_lacusdiani,12218,12222,4
Mycolicibacterium_lacusdiani,12226,12227,1
Mycolicibacterium_lacusdiani,12237,12238,1
Mycolicibacterium_lacusdiani,12361,12368,7
Mycolicibacterium_lacusdiani,12371,12372,1
Mycolicibacterium_lacusdiani,12374,12375,1
Mycolicibacterium_lacusdiani,12378,12381,3
Mycolicibacterium_lacusdiani,12384,12390,6
Mycolicibacterium_lacusdiani,12391,12400,9
Mycolicibacterium_lacusdiani,12454,12455,1
Mycolicibacterium_lacusdiani,12739,12740,1
Mycolicibacterium_lacusdiani,12798,12925,127
Mycolicibacterium_lacusdiani,13451,13452,1
Mycolicibacterium_lacusdiani,13453,13454,1
Mycolicibacterium_lacusdiani,13508,13509,1
Mycobacterium_interjectum,1,10,9
Mycobacterium_interjectum,21,39,18
Mycobacterium_interjectum,43,46,3
Mycobacterium_interjectum,62,71,9
Mycobacterium_interjectum,87,107,20
Mycobacterium_interjectum,117,132,15
Mycobacterium_interjectum,133,136,3
Mycobacterium_interjectum,346,349,3
Mycobacterium_interjectum,1542,1583,41
Mycobacterium_interjectum,1587,1676,89
Mycobacterium_interjectum,1678,1691,13
Mycobacterium_interjectum,3317,3381,64
Mycobacterium_interjectum,3403,3460,57
Mycobacterium_interjectum,3473,3479,6
Mycobacterium_interjectum,3485,3491,6
Mycobacterium_interjectum,3642,3645,3
Mycobacterium_interjectum,3650,3653,3
Mycobacterium_interjectum,3655,3667,12
Mycobacterium_interjectum,3782,3788,6
Mycobacterium_interjectum,4400,4406,6
Mycobacterium_interjectum,4407,4413,6
Mycobacterium_interjectum,4417,4426,9
Mycobacterium_interjectum,4432,4445,13
Mycobacterium_interjectum,4452,4455,3
Mycobacterium_interjectum,4456,4462,6
Mycobacterium_interjectum,4468,4480,12
Mycobacterium_interjectum,4483,4486,3
Mycobacterium_interjectum,4540,4552,12
Mycobacterium_interjectum,4555,4564,9
Mycobacterium_interjectum,4567,4573,6
Mycobacterium_interjectum,4581,4584,3
Mycobacterium_interjectum,5163,5169,6
Mycobacterium_interjectum,5170,5179,9
Mycobacterium_interjectum,5181,5190,9
Mycobacterium_interjectum,5197,5199,2
Mycobacterium_interjectum,5201,5204,3
Mycobacterium_interjectum,5206,5214,8
Mycobacterium_interjectum,5218,5230,12
Mycobacterium_interjectum,5231,5241,10
Mycobacterium_interjectum,5247,5253,6
Mycobacterium_interjectum,5401,5402,1
Mycobacterium_interjectum,6015,6016,1
Mycobacterium_interjectum,6431,6452,21
Mycobacterium_interjectum,6456,6462,6
Mycobacterium_interjectum,6470,6494,24
Mycobacterium_interjectum,7178,7254,76
Mycobacterium_interjectum,7260,7268,8
Mycobacterium_interjectum,7760,7763,3
Mycobacterium_interjectum,8452,8500,48
Mycobacterium_interjectum,8577,8578,1
Mycobacterium_interjectum,8584,8599,15
Mycobacterium_interjectum,8601,8603,2
Mycobacterium_interjectum,8609,8610,1
Mycobacterium_interjectum,8661,8662,1
Mycobacterium_interjectum,8703,8704,1
Mycobacterium_interjectum,8720,8721,1
Mycobacterium_interjectum,8733,8735,2
Mycobacterium_interjectum,8739,8742,3
Mycobacterium_interjectum,8930,8931,1
Mycobacterium_interjectum,8980,8982,2
Mycobacterium_interjectum,8987,9001,14
Mycobacterium_interjectum,9120,9121,1
Mycobacterium_interjectum,9370,9372,2
Mycobacterium_interjectum,9546,9547,1
Mycobacterium_interjectum,9812,9813,1
Mycobacterium_interjectum,9983,9986,3
Mycobacterium_interjectum,10076,10078,2
Mycobacterium_interjectum,10157,10158,1
Mycobacterium_interjectum,10261,10262,1
Mycobacterium_interjectum,10310,10312,2
Mycobacterium_interjectum,10313,10315,2
Mycobacterium_interjectum,10325,10326,1
Mycobacterium_interjectum,10370,10371,1
Mycobacterium_interjectum,10434,10435,1
Mycobacterium_interjectum,10448,10449,1
Mycobacterium_interjectum,10476,10477,1
Mycobacterium_interjectum,10491,10492,1
Mycobacterium_interjectum,10526,10527,1
Mycobacterium_interjectum,10546,10649,103
Mycobacterium_interjectum,10828,10830,2
Mycobacterium_interjectum,10832,10846,14
Mycobacterium_interjectum,10864,10865,1
Mycobacterium_interjectum,10914,10915,1
Mycobacterium_interjectum,10965,10977,12
Mycobacterium_interjectum,11085,11086,1
Mycobacterium_interjectum,11143,11144,1
Mycobacterium_interjectum,11243,11244,1
Mycobacterium_interjectum,11260,11261,1
Mycobacterium_interjectum,11262,11263,1
Mycobacterium_interjectum,11265,11267,2
Mycobacterium_interjectum,11286,11287,1
Mycobacterium_interjectum,11312,11313,1
Mycobacterium_interjectum,11473,11474,1
Mycobacterium_interjectum,11505,11534,29
Mycobacterium_interjectum,11566,11567,1
Mycobacterium_interjectum,11590,11591,1
Mycobacterium_interjectum,11782,11783,1
Mycobacterium_interjectum,11823,11824,1
Mycobacterium_interjectum,11826,11827,1
Mycobacterium_interjectum,11831,11836,5
Mycobacterium_interjectum,11848,11850,2
Mycobacterium_interjectum,11851,11852,1
Mycobacterium_interjectum,11859,11860,1
Mycobacterium_interjectum,11864,11866,2
Mycobacterium_interjectum,11877,11878,1
Mycobacterium_interjectum,11990,11991,1
Mycobacterium_interjectum,11993,11994,1
Mycobacterium_interjectum,12029,12030,1
Mycobacterium_interjectum,12068,12069,1
Mycobacterium_interjectum,12207,12208,1
Mycobacterium_interjectum,12211,12212,1
Mycobacterium_interjectum,12213,12214,1
Mycobacterium_interjectum,12218,12222,4
Mycobacterium_interjectum,12225,12227,2
Mycobacterium_interjectum,12237,12238,1
Mycobacterium_interjectum,12360,12369,9
Mycobacterium_interjectum,12371,12380,9
Mycobacterium_interjectum,12384,12390,6
Mycobacterium_interjectum,12391,12400,9
Mycobacterium_interjectum,12454,12455,1
Mycobacterium_interjectum,12739,12740,1
Mycobacterium_interjectum,12798,12925,127
Mycobacterium_interjectum,13451,13452,1
Mycobacterium_interjectum,13453,13454,1
Mycobacterium_interjectum,13508,13509,1
Mycolicibacterium_pyrenivorans,1,10,9
Mycolicibacterium_pyrenivorans,21,39,18
Mycolicibacterium_pyrenivorans,43,46,3
Mycolicibacterium_pyrenivorans,63,107,44
Mycolicibacterium_pyrenivorans,117,126,9
Mycolicibacterium_pyrenivorans,133,136,3
Mycolicibacterium_pyrenivorans,346,349,3
Mycolicibacterium_pyrenivorans,1542,1691,149
Mycolicibacterium_pyrenivorans,3317,3365,48
Mycolicibacterium_pyrenivorans,3373,3374,1
Mycolicibacterium_pyrenivorans,3409,3421,12
Mycolicibacterium_pyrenivorans,3424,3478,54
Mycolicibacterium_pyrenivorans,3485,3491,6
Mycolicibacterium_pyrenivorans,3642,3645,3
Mycolicibacterium_pyrenivorans,3650,3653,3
Mycolicibacterium_pyrenivorans,3655,3667,12
Mycolicibacterium_pyrenivorans,3782,3788,6
Mycolicibacterium_pyrenivorans,4400,4406,6
Mycolicibacterium_pyrenivorans,4407,4413,6
Mycolicibacterium_pyrenivorans,4417,4426,9
Mycolicibacterium_pyrenivorans,4432,4445,13
Mycolicibacterium_pyrenivorans,4452,4455,3
Mycolicibacterium_pyrenivorans,4456,4462,6
Mycolicibacterium_pyrenivorans,4468,4474,6
Mycolicibacterium_pyrenivorans,4475,4481,6
Mycolicibacterium_pyrenivorans,4483,4486,3
Mycolicibacterium_pyrenivorans,4540,4552,12
Mycolicibacterium_pyrenivorans,4555,4564,9
Mycolicibacterium_pyrenivorans,4567,4573,6
Mycolicibacterium_pyrenivorans,4582,4585,3
Mycolicibacterium_pyrenivorans,5163,5169,6
Mycolicibacterium_pyrenivorans,5170,5179,9
Mycolicibacterium_pyrenivorans,5181,5190,9
Mycolicibacterium_pyrenivorans,5197,5199,2
Mycolicibacterium_pyrenivorans,5201,5204,3
Mycolicibacterium_pyrenivorans,5218,5230,12
Mycolicibacterium_pyrenivorans,5233,5239,6
Mycolicibacterium_pyrenivorans,5247,5253,6
Mycolicibacterium_pyrenivorans,5401,5402,1
Mycolicibacterium_pyrenivorans,6015,6016,1
Mycolicibacterium_pyrenivorans,6431,6452,21
Mycolicibacterium_pyrenivorans,6456,6462,6
Mycolicibacterium_pyrenivorans,6470,6494,24
Mycolicibacterium_pyrenivorans,7178,7254,76
Mycolicibacterium_pyrenivorans,7260,7268,8
Mycolicibacterium_pyrenivorans,7760,7763,3
Mycolicibacterium_pyrenivorans,8452,8500,48
Mycolicibacterium_pyrenivorans,8577,8578,1
Mycolicibacterium_pyrenivorans,8584,8599,15
Mycolicibacterium_pyrenivorans,8601,8603,2
Mycolicibacterium_pyrenivorans,8609,8610,1
Mycolicibacterium_pyrenivorans,8661,8662,1
Mycolicibacterium_pyrenivorans,8720,8721,1
Mycolicibacterium_pyrenivorans,8733,8735,2
Mycolicibacterium_pyrenivorans,8739,8742,3
Mycolicibacterium_pyrenivorans,8930,8931,1
Mycolicibacterium_pyrenivorans,8980,8982,2
Mycolicibacterium_pyrenivorans,8984,8998,14
Mycolicibacterium_pyrenivorans,9120,9121,1
Mycolicibacterium_pyrenivorans,9370,9372,2
Mycolicibacterium_pyrenivorans,9546,9547,1
Mycolicibacterium_pyrenivorans,9812,9813,1
Mycolicibacterium_pyrenivorans,9985,9986,1
Mycolicibacterium_pyrenivorans,10157,10158,1
Mycolicibacterium_pyrenivorans,10261,10262,1
Mycolicibacterium_pyrenivorans,10310,10312,2
Mycolicibacterium_pyrenivorans,10313,10315,2
Mycolicibacterium_pyrenivorans,10325,10326,1
Mycolicibacterium_pyrenivorans,10370,10371,1
Mycolicibacterium_pyrenivorans,10416,10417,1
Mycolicibacterium_pyrenivorans,10434,10435,1
Mycolicibacterium_pyrenivorans,10448,10449,1
Mycolicibacterium_pyrenivorans,10461,10462,1
Mycolicibacterium_pyrenivorans,10476,10477,1
Mycolicibacterium_pyrenivorans,10491,10492,1
Mycolicibacterium_pyrenivorans,10526,10527,1
Mycolicibacterium_pyrenivorans,10548,10649,101
Mycolicibacterium_pyrenivorans,10829,10830,1
Mycolicibacterium_pyrenivorans,10835,10836,1
Mycolicibacterium_pyrenivorans,10837,10843,6
Mycolicibacterium_pyrenivorans,10864,10865,1
Mycolicibacterium_pyrenivorans,10914,10915,1
Mycolicibacterium_pyrenivorans,10965,10966,1
Mycolicibacterium_pyrenivorans,10971,10975,4
Mycolicibacterium_pyrenivorans,11085,11086,1
Mycolicibacterium_pyrenivorans,11143,11144,1
Mycolicibacterium_pyrenivorans,11243,11244,1
Mycolicibacterium_pyrenivorans,11260,11261,1
Mycolicibacterium_pyrenivorans,11265,11267,2
Mycolicibacterium_pyrenivorans,11286,11287,1
Mycolicibacterium_pyrenivorans,11312,11313,1
Mycolicibacterium_pyrenivorans,11473,11474,1
Mycolicibacterium_pyrenivorans,11505,11512,7
Mycolicibacterium_pyrenivorans,11513,11514,1
Mycolicibacterium_pyrenivorans,11520,11521,1
Mycolicibacterium_pyrenivorans,11523,11538,15
Mycolicibacterium_pyrenivorans,11566,11567,1
Mycolicibacterium_pyrenivorans,11782,11783,1
Mycolicibacterium_pyrenivorans,11823,11824,1
Mycolicibacterium_pyrenivorans,11826,11827,1
Mycolicibacterium_pyrenivorans,11831,11836,5
Mycolicibacterium_pyrenivorans,11846,11850,4
Mycolicibacterium_pyrenivorans,11851,11852,1
Mycolicibacterium_pyrenivorans,11859,11860,1
Mycolicibacterium_pyrenivorans,11877,11878,1
Mycolicibacterium_pyrenivorans,12029,12030,1
Mycolicibacterium_pyrenivorans,12068,12069,1
Mycolicibacterium_pyrenivorans,12207,12208,1
Mycolicibacterium_pyrenivorans,12211,12212,1
Mycolicibacterium_pyrenivorans,12213,12214,1
Mycolicibacterium_pyrenivorans,12218,12222,4
Mycolicibacterium_pyrenivorans,12226,12227,1
Mycolicibacterium_pyrenivorans,12237,12238,1
Mycolicibacterium_pyrenivorans,12360,12369,9
Mycolicibacterium_pyrenivorans,12371,12372,1
Mycolicibacterium_pyrenivorans,12374,12375,1
Mycolicibacterium_pyrenivorans,12378,12381,3
Mycolicibacterium_pyrenivorans,12384,12390,6
Mycolicibacterium_pyrenivorans,12391,12400,9
Mycolicibacterium_pyrenivorans,12454,12455,1
Mycolicibacterium_pyrenivorans,12739,12740,1
Mycolicibacterium_pyrenivorans,12798,12925,127
Mycolicibacterium_pyrenivorans,13451,13452,1
Mycolicibacterium_pyrenivorans,13453,13454,1
Mycolicibacterium_pyrenivorans,13508,13509,1
Mycobacterium_manitobense,1,10,9
Mycobacterium_manitobense,21,39,18
Mycobacterium_manitobense,43,46,3
Mycobacterium_manitobense,60,107,47
Mycobacterium_manitobense,117,132,15
Mycobacterium_manitobense,133,136,3
Mycobacterium_manitobense,346,349,3
Mycobacterium_manitobense,1539,1691,152
Mycobacterium_manitobense,3317,3356,39
Mycobacterium_manitobense,3364,3365,1
Mycobacterium_manitobense,3409,3421,12
Mycobacterium_manitobense,3424,3478,54
Mycobacterium_manitobense,3485,3491,6
Mycobacterium_manitobense,3642,3645,3
Mycobacterium_manitobense,3650,3653,3
Mycobacterium_manitobense,3655,3667,12
Mycobacterium_manitobense,3782,3788,6
Mycobacterium_manitobense,4407,4413,6
Mycobacterium_manitobense,4417,4426,9
Mycobacterium_manitobense,4432,4445,13
Mycobacterium_manitobense,4452,4455,3
Mycobacterium_manitobense,4456,4462,6
Mycobacterium_manitobense,4466,4481,15
Mycobacterium_manitobense,4483,4486,3
Mycobacterium_manitobense,4540,4552,12
Mycobacterium_manitobense,4555,4564,9
Mycobacterium_manitobense,4567,4573,6
Mycobacterium_manitobense,4582,4585,3
Mycobacterium_manitobense,5163,5169,6
Mycobacterium_manitobense,5170,5179,9
Mycobacterium_manitobense,5181,5190,9
Mycobacterium_manitobense,5197,5199,2
Mycobacterium_manitobense,5201,5204,3
Mycobacterium_manitobense,5206,5214,8
Mycobacterium_manitobense,5218,5230,12
Mycobacterium_manitobense,5231,5241,10
Mycobacterium_manitobense,5247,5253,6
Mycobacterium_manitobense,5401,5402,1
Mycobacterium_manitobense,6015,6016,1
Mycobacterium_manitobense,6431,6452,21
Mycobacterium_manitobense,6456,6462,6
Mycobacterium_manitobense,6477,6489,12
Mycobacterium_manitobense,7178,7254,76
Mycobacterium_manitobense,7260,7268,8
Mycobacterium_manitobense,7760,7763,3
Mycobacterium_manitobense,8452,8500,48
Mycobacterium_manitobense,8577,8578,1
Mycobacterium_manitobense,8584,8599,15
Mycobacterium_manitobense,8600,8604,4
Mycobacterium_manitobense,8609,8610,1
Mycobacterium_manitobense,8661,8662,1
Mycobacterium_manitobense,8720,8721,1
Mycobacterium_manitobense,8733,8735,2
Mycobacterium_manitobense,8739,8742,3
Mycobacterium_manitobense,8930,8931,1
Mycobacterium_manitobense,8980,8982,2
Mycobacterium_manitobense,8984,8998,14
Mycobacterium_manitobense,9120,9121,1
Mycobacterium_manitobense,9370,9372,2
Mycobacterium_manitobense,9546,9547,1
Mycobacterium_manitobense,9812,9814,2
Mycobacterium_manitobense,9985,9986,1
Mycobacterium_manitobense,10076,10078,2
Mycobacterium_manitobense,10157,10158,1
Mycobacterium_manitobense,10261,10262,1
Mycobacterium_manitobense,10310,10312,2
Mycobacterium_manitobense,10313,10315,2
Mycobacterium_manitobense,10325,10326,1
Mycobacterium_manitobense,10370,10371,1
Mycobacterium_manitobense,10416,10417,1
Mycobacterium_manitobense,10434,10435,1
Mycobacterium_manitobense,10448,10449,1
Mycobacterium_manitobense,10461,10462,1
Mycobacterium_manitobense,10491,10492,1
Mycobacterium_manitobense,10526,10527,1
Mycobacterium_manitobense,10546,10649,103
Mycobacterium_manitobense,10828,10830,2
Mycobacterium_manitobense,10835,10843,8
Mycobacterium_manitobense,10864,10865,1
Mycobacterium_manitobense,10914,10915,1
Mycobacterium_manitobense,10965,10966,1
Mycobacterium_manitobense,10971,10975,4
Mycobacterium_manitobense,11085,11086,1
Mycobacterium_manitobense,11143,11144,1
Mycobacterium_manitobense,11243,11244,1
Mycobacterium_manitobense,11260,11261,1
Mycobacterium_manitobense,11265,11267,2
Mycobacterium_manitobense,11286,11287,1
Mycobacterium_manitobense,11312,11313,1
Mycobacterium_manitobense,11473,11474,1
Mycobacterium_manitobense,11505,11512,7
Mycobacterium_manitobense,11513,11514,1
Mycobacterium_manitobense,11520,11535,15
Mycobacterium_manitobense,11566,11567,1
Mycobacterium_manitobense,11782,11783,1
Mycobacterium_manitobense,11823,11824,1
Mycobacterium_manitobense,11826,11827,1
Mycobacterium_manitobense,11831,11836,5
Mycobacterium_manitobense,11846,11850,4
Mycobacterium_manitobense,11851,11852,1
Mycobacterium_manitobense,11859,11860,1
Mycobacterium_manitobense,11877,11878,1
Mycobacterium_manitobense,11992,11994,2
Mycobacterium_manitobense,12029,12030,1
Mycobacterium_manitobense,12068,12069,1
Mycobacterium_manitobense,12207,12208,1
Mycobacterium_manitobense,12211,12212,1
Mycobacterium_manitobense,12218,12222,4
Mycobacterium_manitobense,12226,12227,1
Mycobacterium_manitobense,12237,12238,1
Mycobacterium_manitobense,12360,12369,9
Mycobacterium_manitobense,12371,12372,1
Mycobacterium_manitobense,12374,12375,1
Mycobacterium_manitobense,12377,12382,5
Mycobacterium_manitobense,12384,12390,6
Mycobacterium_manitobense,12391,12400,9
Mycobacterium_manitobense,12454,12455,1
Mycobacterium_manitobense,12739,12740,1
Mycobacterium_manitobense,12798,12925,127
Mycobacterium_manitobense,13453,13454,1
Mycobacterium_manitobense,13508,13509,1
Mycobacterium_hackensackense,1,10,9
Mycobacterium_hackensackense,21,39,18
Mycobacterium_hackensackense,43,46,3
Mycobacterium_hackensackense,48,110,62
Mycobacterium_hackensackense,117,132,15
Mycobacterium_hackensackense,133,136,3
Mycobacterium_hackensackense,346,349,3
Mycobacterium_hackensackense,1542,1691,149
Mycobacterium_hackensackense,3317,3361,44
Mycobacterium_hackensackense,3364,3365,1
Mycobacterium_hackensackense,3373,3374,1
Mycobacterium_hackensackense,3407,3482,75
Mycobacterium_hackensackense,3485,3491,6
Mycobacterium_hackensackense,3642,3645,3
Mycobacterium_hackensackense,3655,3667,12
Mycobacterium_hackensackense,3782,3788,6
Mycobacterium_hackensackense,4400,4406,6
Mycobacterium_hackensackense,4407,4413,6
Mycobacterium_hackensackense,4417,4426,9
Mycobacterium_hackensackense,4432,4445,13
Mycobacterium_hackensackense,4452,4455,3
Mycobacterium_hackensackense,4456,4462,6
Mycobacterium_hackensackense,4468,4474,6
Mycobacterium_hackensackense,4475,4481,6
Mycobacterium_hackensackense,4483,4486,3
Mycobacterium_hackensackense,4540,4552,12
Mycobacterium_hackensackense,4555,4564,9
Mycobacterium_hackensackense,4567,4573,6
Mycobacterium_hackensackense,4582,4585,3
Mycobacterium_hackensackense,5163,5169,6
Mycobacterium_hackensackense,5170,5179,9
Mycobacterium_hackensackense,5181,5190,9
Mycobacterium_hackensackense,5197,5199,2
Mycobacterium_hackensackense,5201,5204,3
Mycobacterium_hackensackense,5206,5214,8
Mycobacterium_hackensackense,5218,5230,12
Mycobacterium_hackensackense,5231,5241,10
Mycobacterium_hackensackense,5247,5253,6
Mycobacterium_hackensackense,5401,5402,1
Mycobacterium_hackensackense,6015,6016,1
Mycobacterium_hackensackense,6431,6452,21
Mycobacterium_hackensackense,6456,6462,6
Mycobacterium_hackensackense,6470,6494,24
Mycobacterium_hackensackense,7178,7254,76
Mycobacterium_hackensackense,7260,7268,8
Mycobacterium_hackensackense,7760,7763,3
Mycobacterium_hackensackense,8452,8500,48
Mycobacterium_hackensackense,8577,8578,1
Mycobacterium_hackensackense,8584,8599,15
Mycobacterium_hackensackense,8600,8604,4
Mycobacterium_hackensackense,8609,8610,1
Mycobacterium_hackensackense,8661,8662,1
Mycobacterium_hackensackense,8703,8704,1
Mycobacterium_hackensackense,8720,8721,1
Mycobacterium_hackensackense,8733,8735,2
Mycobacterium_hackensackense,8739,8742,3
Mycobacterium_hackensackense,8930,8931,1
Mycobacterium_hackensackense,8980,8982,2
Mycobacterium_hackensackense,8984,8998,14
Mycobacterium_hackensackense,9120,9121,1
Mycobacterium_hackensackense,9370,9372,2
Mycobacterium_hackensackense,9546,9547,1
Mycobacterium_hackensackense,9812,9813,1
Mycobacterium_hackensackense,9982,9984,2
Mycobacterium_hackensackense,9985,9986,1
Mycobacterium_hackensackense,10076,10078,2
Mycobacterium_hackensackense,10157,10158,1
Mycobacterium_hackensackense,10261,10262,1
Mycobacterium_hackensackense,10310,10312,2
Mycobacterium_hackensackense,10313,10315,2
Mycobacterium_hackensackense,10325,10326,1
Mycobacterium_hackensackense,10370,10371,1
Mycobacterium_hackensackense,10416,10417,1
Mycobacterium_hackensackense,10434,10435,1
Mycobacterium_hackensackense,10448,10449,1
Mycobacterium_hackensackense,10461,10462,1
Mycobacterium_hackensackense,10491,10492,1
Mycobacterium_hackensackense,10526,10527,1
Mycobacterium_hackensackense,10546,10649,103
Mycobacterium_hackensackense,10828,10830,2
Mycobacterium_hackensackense,10835,10843,8
Mycobacterium_hackensackense,10864,10865,1
Mycobacterium_hackensackense,10914,10915,1
Mycobacterium_hackensackense,10965,10966,1
Mycobacterium_hackensackense,10971,10975,4
Mycobacterium_hackensackense,11085,11086,1
Mycobacterium_hackensackense,11143,11144,1
Mycobacterium_hackensackense,11243,11244,1
Mycobacterium_hackensackense,11260,11261,1
Mycobacterium_hackensackense,11265,11267,2
Mycobacterium_hackensackense,11286,11287,1
Mycobacterium_hackensackense,11312,11313,1
Mycobacterium_hackensackense,11473,11474,1
Mycobacterium_hackensackense,11505,11512,7
Mycobacterium_hackensackense,11513,11514,1
Mycobacterium_hackensackense,11520,11521,1
Mycobacterium_hackensackense,11524,11539,15
Mycobacterium_hackensackense,11566,11567,1
Mycobacterium_hackensackense,11782,11783,1
Mycobacterium_hackensackense,11823,11824,1
Mycobacterium_hackensackense,11826,11827,1
Mycobacterium_hackensackense,11831,11836,5
Mycobacterium_hackensackense,11846,11850,4
Mycobacterium_hackensackense,11851,11852,1
Mycobacterium_hackensackense,11859,11860,1
Mycobacterium_hackensackense,11877,11878,1
Mycobacterium_hackensackense,11993,11994,1
Mycobacterium_hackensackense,12029,12030,1
Mycobacterium_hackensackense,12068,12069,1
Mycobacterium_hackensackense,12196,12197,1
Mycobacterium_hackensackense,12207,12208,1
Mycobacterium_hackensackense,12211,12212,1
Mycobacterium_hackensackense,12213,12214,1
Mycobacterium_hackensackense,12218,12222,4
Mycobacterium_hackensackense,12226,12227,1
Mycobacterium_hackensackense,12237,12238,1
Mycobacterium_hackensackense,12360,12369,9
Mycobacterium_hackensackense,12371,12372,1
Mycobacterium_hackensackense,12374,12375,1
Mycobacterium_hackensackense,12377,12382,5
Mycobacterium_hackensackense,12384,12390,6
Mycobacterium_hackensackense,12391,12400,9
Mycobacterium_hackensackense,12454,12455,1
Mycobacterium_hackensackense,12739,12740,1
Mycobacterium_hackensackense,12798,12925,127
Mycobacterium_hackensackense,13451,13452,1
Mycobacterium_hackensackense,13453,13454,1
Mycobacterium_hackensackense,13508,13509,1
Mycolicibacterium_komossense,1,10,9
Mycolicibacterium_komossense,21,39,18
Mycolicibacterium_komossense,43,46,3
Mycolicibacterium_komossense,59,136,77
Mycolicibacterium_komossense,346,349,3
Mycolicibacterium_komossense,1542,1691,149
Mycolicibacterium_komossense,3317,3381,64
Mycolicibacterium_komossense,3413,3491,78
Mycolicibacterium_komossense,3642,3645,3
Mycolicibacterium_komossense,3650,3653,3
Mycolicibacterium_komossense,3655,3667,12
Mycolicibacterium_komossense,3782,3788,6
Mycolicibacterium_komossense,4400,4406,6
Mycolicibacterium_komossense,4407,4413,6
Mycolicibacterium_komossense,4417,4426,9
Mycolicibacterium_komossense,4432,4445,13
Mycolicibacterium_komossense,4452,4455,3
Mycolicibacterium_komossense,4456,4462,6
Mycolicibacterium_komossense,4468,4474,6
Mycolicibacterium_komossense,4475,4481,6
Mycolicibacterium_komossense,4483,4486,3
Mycolicibacterium_komossense,4546,4552,6
Mycolicibacterium_komossense,4555,4564,9
Mycolicibacterium_komossense,4567,4570,3
Mycolicibacterium_komossense,5163,5169,6
Mycolicibacterium_komossense,5170,5179,9
Mycolicibacterium_komossense,5181,5190,9
Mycolicibacterium_komossense,5197,5199,2
Mycolicibacterium_komossense,5201,5204,3
Mycolicibacterium_komossense,5206,5214,8
Mycolicibacterium_komossense,5218,5230,12
Mycolicibacterium_komossense,5231,5241,10
Mycolicibacterium_komossense,5247,5253,6
Mycolicibacterium_komossense,5401,5402,1
Mycolicibacterium_komossense,6015,6016,1
Mycolicibacterium_komossense,6431,6452,21
Mycolicibacterium_komossense,6456,6462,6
Mycolicibacterium_komossense,6470,6494,24
Mycolicibacterium_komossense,7178,7254,76
Mycolicibacterium_komossense,7260,7268,8
Mycolicibacterium_komossense,7760,7763,3
Mycolicibacterium_komossense,8452,8500,48
Mycolicibacterium_komossense,8577,8578,1
Mycolicibacterium_komossense,8584,8599,15
Mycolicibacterium_komossense,8600,8604,4
Mycolicibacterium_komossense,8609,8610,1
Mycolicibacterium_komossense,8661,8662,1
Mycolicibacterium_komossense,8703,8704,1
Mycolicibacterium_komossense,8720,8721,1
Mycolicibacterium_komossense,8733,8735,2
Mycolicibacterium_komossense,8739,8742,3
Mycolicibacterium_komossense,8930,8931,1
Mycolicibacterium_komossense,8980,8982,2
Mycolicibacterium_komossense,8984,8998,14
Mycolicibacterium_komossense,9120,9121,1
Mycolicibacterium_komossense,9370,9372,2
Mycolicibacterium_komossense,9546,9547,1
Mycolicibacterium_komossense,9812,9814,2
Mycolicibacterium_komossense,9984,9986,2
Mycolicibacterium_komossense,10076,10078,2
Mycolicibacterium_komossense,10157,10158,1
Mycolicibacterium_komossense,10261,10262,1
Mycolicibacterium_komossense,10310,10312,2
Mycolicibacterium_komossense,10313,10315,2
Mycolicibacterium_komossense,10325,10326,1
Mycolicibacterium_komossense,10370,10371,1
Mycolicibacterium_komossense,10416,10417,1
Mycolicibacterium_komossense,10434,10435,1
Mycolicibacterium_komossense,10448,10449,1
Mycolicibacterium_komossense,10461,10462,1
Mycolicibacterium_komossense,10476,10477,1
Mycolicibacterium_komossense,10491,10492,1
Mycolicibacterium_komossense,10546,10649,103
Mycolicibacterium_komossense,10828,10830,2
Mycolicibacterium_komossense,10835,10843,8
Mycolicibacterium_komossense,10864,10865,1
Mycolicibacterium_komossense,10914,10915,1
Mycolicibacterium_komossense,10961,10968,7
Mycolicibacterium_komossense,10971,10975,4
Mycolicibacterium_komossense,11085,11086,1
Mycolicibacterium_komossense,11143,11144,1
Mycolicibacterium_komossense,11243,11244,1
Mycolicibacterium_komossense,11260,11261,1
Mycolicibacterium_komossense,11265,11267,2
Mycolicibacterium_komossense,11286,11287,1
Mycolicibacterium_komossense,11312,11313,1
Mycolicibacterium_komossense,11473,11474,1
Mycolicibacterium_komossense,11505,11512,7
Mycolicibacterium_komossense,11513,11514,1
Mycolicibacterium_komossense,11520,11521,1
Mycolicibacterium_komossense,11524,11536,12
Mycolicibacterium_komossense,11566,11567,1
Mycolicibacterium_komossense,11782,11783,1
Mycolicibacterium_komossense,11823,11824,1
Mycolicibacterium_komossense,11826,11827,1
Mycolicibacterium_komossense,11831,11836,5
Mycolicibacterium_komossense,11846,11850,4
Mycolicibacterium_komossense,11851,11852,1
Mycolicibacterium_komossense,11859,11860,1
Mycolicibacterium_komossense,11877,11878,1
Mycolicibacterium_komossense,11993,11994,1
Mycolicibacterium_komossense,12029,12030,1
Mycolicibacterium_komossense,12068,12069,1
Mycolicibacterium_komossense,12207,12208,1
Mycolicibacterium_komossense,12211,12212,1
Mycolicibacterium_komossense,12213,12214,1
Mycolicibacterium_komossense,12218,12222,4
Mycolicibacterium_komossense,12226,12227,1
Mycolicibacterium_komossense,12237,12238,1
Mycolicibacterium_komossense,12360,12369,9
Mycolicibacterium_komossense,12371,12372,1
Mycolicibacterium_komossense,12374,12375,1
Mycolicibacterium_komossense,12377,12382,5
Mycolicibacterium_komossense,12384,12390,6
Mycolicibacterium_komossense,12391,12400,9
Mycolicibacterium_komossense,12454,12455,1
Mycolicibacterium_komossense,12739,12740,1
Mycolicibacterium_komossense,12798,12925,127
Mycolicibacterium_komossense,13451,13452,1
Mycolicibacterium_komossense,13453,13454,1
Mycolicibacterium_komossense,13508,13509,1
Mycolicibacterium_porcinum,1,10,9
Mycolicibacterium_porcinum,21,39,18
Mycolicibacterium_porcinum,43,46,3
Mycolicibacterium_porcinum,48,110,62
Mycolicibacterium_porcinum,117,132,15
Mycolicibacterium_porcinum,133,136,3
Mycolicibacterium_porcinum,346,349,3
Mycolicibacterium_porcinum,1542,1691,149
Mycolicibacterium_porcinum,3265,3268,3
Mycolicibacterium_porcinum,3317,3381,64
Mycolicibacterium_porcinum,3403,3406,3
Mycolicibacterium_porcinum,3409,3421,12
Mycolicibacterium_porcinum,3424,3478,54
Mycolicibacterium_porcinum,3485,3491,6
Mycolicibacterium_porcinum,3642,3645,3
Mycolicibacterium_porcinum,3650,3653,3
Mycolicibacterium_porcinum,3655,3667,12
Mycolicibacterium_porcinum,3782,3788,6
Mycolicibacterium_porcinum,4400,4406,6
Mycolicibacterium_porcinum,4407,4413,6
Mycolicibacterium_porcinum,4417,4426,9
Mycolicibacterium_porcinum,4432,4445,13
Mycolicibacterium_porcinum,4452,4455,3
Mycolicibacterium_porcinum,4456,4462,6
Mycolicibacterium_porcinum,4468,4474,6
Mycolicibacterium_porcinum,4475,4481,6
Mycolicibacterium_porcinum,4483,4486,3
Mycolicibacterium_porcinum,4540,4552,12
Mycolicibacterium_porcinum,4555,4564,9
Mycolicibacterium_porcinum,4567,4573,6
Mycolicibacterium_porcinum,4582,4585,3
Mycolicibacterium_porcinum,5163,5169,6
Mycolicibacterium_porcinum,5170,5179,9
Mycolicibacterium_porcinum,5181,5190,9
Mycolicibacterium_porcinum,5197,5199,2
Mycolicibacterium_porcinum,5201,5204,3
Mycolicibacterium_porcinum,5206,5214,8
Mycolicibacterium_porcinum,5218,5230,12
Mycolicibacterium_porcinum,5231,5241,10
Mycolicibacterium_porcinum,5247,5253,6
Mycolicibacterium_porcinum,5401,5402,1
Mycolicibacterium_porcinum,6015,6016,1
Mycolicibacterium_porcinum,6431,6452,21
Mycolicibacterium_porcinum,6456,6462,6
Mycolicibacterium_porcinum,6470,6494,24
Mycolicibacterium_porcinum,7178,7254,76
Mycolicibacterium_porcinum,7260,7268,8
Mycolicibacterium_porcinum,7760,7763,3
Mycolicibacterium_porcinum,8452,8500,48
Mycolicibacterium_porcinum,8577,8578,1
Mycolicibacterium_porcinum,8584,8599,15
Mycolicibacterium_porcinum,8600,8604,4
Mycolicibacterium_porcinum,8609,8610,1
Mycolicibacterium_porcinum,8661,8662,1
Mycolicibacterium_porcinum,8703,8704,1
Mycolicibacterium_porcinum,8720,8721,1
Mycolicibacterium_porcinum,8733,8735,2
Mycolicibacterium_porcinum,8739,8742,3
Mycolicibacterium_porcinum,8930,8931,1
Mycolicibacterium_porcinum,8980,8982,2
Mycolicibacterium_porcinum,8984,8998,14
Mycolicibacterium_porcinum,9120,9121,1
Mycolicibacterium_porcinum,9370,9372,2
Mycolicibacterium_porcinum,9546,9547,1
Mycolicibacterium_porcinum,9812,9813,1
Mycolicibacterium_porcinum,9982,9984,2
Mycolicibacterium_porcinum,9985,9986,1
Mycolicibacterium_porcinum,10076,10078,2
Mycolicibacterium_porcinum,10157,10158,1
Mycolicibacterium_porcinum,10261,10262,1
Mycolicibacterium_porcinum,10310,10312,2
Mycolicibacterium_porcinum,10313,10314,1
Mycolicibacterium_porcinum,10325,10326,1
Mycolicibacterium_porcinum,10370,10371,1
Mycolicibacterium_porcinum,10416,10417,1
Mycolicibacterium_porcinum,10434,10435,1
Mycolicibacterium_porcinum,10448,10449,1
Mycolicibacterium_porcinum,10476,10477,1
Mycolicibacterium_porcinum,10491,10492,1
Mycolicibacterium_porcinum,10526,10527,1
Mycolicibacterium_porcinum,10539,10540,1
Mycolicibacterium_porcinum,10547,10649,102
Mycolicibacterium_porcinum,10829,10830,1
Mycolicibacterium_porcinum,10835,10843,8
Mycolicibacterium_porcinum,10864,10865,1
Mycolicibacterium_porcinum,10914,10915,1
Mycolicibacterium_porcinum,10965,10966,1
Mycolicibacterium_porcinum,10971,10975,4
Mycolicibacterium_porcinum,11085,11086,1
Mycolicibacterium_porcinum,11143,11144,1
Mycolicibacterium_porcinum,11243,11244,1
Mycolicibacterium_porcinum,11260,11261,1
Mycolicibacterium_porcinum,11286,11287,1
Mycolicibacterium_porcinum,11312,11313,1
Mycolicibacterium_porcinum,11473,11474,1
Mycolicibacterium_porcinum,11505,11512,7
Mycolicibacterium_porcinum,11513,11514,1
Mycolicibacterium_porcinum,11516,11517,1
Mycolicibacterium_porcinum,11520,11521,1
Mycolicibacterium_porcinum,11524,11541,17
Mycolicibacterium_porcinum,11566,11567,1
Mycolicibacterium_porcinum,11782,11783,1
Mycolicibacterium_porcinum,11823,11824,1
Mycolicibacterium_porcinum,11826,11827,1
Mycolicibacterium_porcinum,11831,11836,5
Mycolicibacterium_porcinum,11846,11850,4
Mycolicibacterium_porcinum,11851,11852,1
Mycolicibacterium_porcinum,11859,11860,1
Mycolicibacterium_porcinum,11864,11865,1
Mycolicibacterium_porcinum,11877,11878,1
Mycolicibacterium_porcinum,11993,11994,1
Mycolicibacterium_porcinum,12029,12030,1
Mycolicibacterium_porcinum,12068,12069,1
Mycolicibacterium_porcinum,12207,12208,1
Mycolicibacterium_porcinum,12211,12212,1
Mycolicibacterium_porcinum,12213,12214,1
Mycolicibacterium_porcinum,12218,12222,4
Mycolicibacterium_porcinum,12226,12227,1
Mycolicibacterium_porcinum,12237,12238,1
Mycolicibacterium_porcinum,12360,12372,12
Mycolicibacterium_porcinum,12374,12375,1
Mycolicibacterium_porcinum,12378,12381,3
Mycolicibacterium_porcinum,12384,12390,6
Mycolicibacterium_porcinum,12391,12400,9
Mycolicibacterium_porcinum,12454,12455,1
Mycolicibacterium_porcinum,12739,12740,1
Mycolicibacterium_porcinum,12798,12925,127
Mycolicibacterium_porcinum,13451,13452,1
Mycolicibacterium_porcinum,13453,13454,1
Mycolicibacterium_porcinum,13508,13509,1
Mycobacterium_yunnanensis,1,10,9
Mycobacterium_yunnanensis,21,39,18
Mycobacterium_yunnanensis,43,46,3
Mycobacterium_yunnanensis,51,107,56
Mycobacterium_yunnanensis,117,132,15
Mycobacterium_yunnanensis,133,136,3
Mycobacterium_yunnanensis,346,349,3
Mycobacterium_yunnanensis,1542,1691,149
Mycobacterium_yunnanensis,3317,3365,48
Mycobacterium_yunnanensis,3373,3374,1
Mycobacterium_yunnanensis,3409,3478,69
Mycobacterium_yunnanensis,3485,3491,6
Mycobacterium_yunnanensis,3642,3645,3
Mycobacterium_yunnanensis,3650,3653,3
Mycobacterium_yunnanensis,3655,3667,12
Mycobacterium_yunnanensis,3782,3788,6
Mycobacterium_yunnanensis,4400,4406,6
Mycobacterium_yunnanensis,4407,4413,6
Mycobacterium_yunnanensis,4417,4426,9
Mycobacterium_yunnanensis,4432,4445,13
Mycobacterium_yunnanensis,4452,4455,3
Mycobacterium_yunnanensis,4456,4462,6
Mycobacterium_yunnanensis,4468,4474,6
Mycobacterium_yunnanensis,4475,4481,6
Mycobacterium_yunnanensis,4483,4486,3
Mycobacterium_yunnanensis,4540,4552,12
Mycobacterium_yunnanensis,4555,4564,9
Mycobacterium_yunnanensis,4567,4573,6
Mycobacterium_yunnanensis,4582,4585,3
Mycobacterium_yunnanensis,5163,5169,6
Mycobacterium_yunnanensis,5170,5179,9
Mycobacterium_yunnanensis,5181,5190,9
Mycobacterium_yunnanensis,5197,5199,2
Mycobacterium_yunnanensis,5201,5204,3
Mycobacterium_yunnanensis,5206,5214,8
Mycobacterium_yunnanensis,5218,5230,12
Mycobacterium_yunnanensis,5231,5241,10
Mycobacterium_yunnanensis,5247,5253,6
Mycobacterium_yunnanensis,5401,5402,1
Mycobacterium_yunnanensis,6015,6016,1
Mycobacterium_yunnanensis,6431,6452,21
Mycobacterium_yunnanensis,6456,6462,6
Mycobacterium_yunnanensis,6477,6489,12
Mycobacterium_yunnanensis,7178,7254,76
Mycobacterium_yunnanensis,7260,7268,8
Mycobacterium_yunnanensis,7760,7763,3
Mycobacterium_yunnanensis,8452,8500,48
Mycobacterium_yunnanensis,8577,8578,1
Mycobacterium_yunnanensis,8584,8599,15
Mycobacterium_yunnanensis,8600,8604,4
Mycobacterium_yunnanensis,8609,8610,1
Mycobacterium_yunnanensis,8661,8662,1
Mycobacterium_yunnanensis,8703,8704,1
Mycobacterium_yunnanensis,8720,8721,1
Mycobacterium_yunnanensis,8733,8735,2
Mycobacterium_yunnanensis,8739,8742,3
Mycobacterium_yunnanensis,8930,8931,1
Mycobacterium_yunnanensis,8980,8982,2
Mycobacterium_yunnanensis,8984,8998,14
Mycobacterium_yunnanensis,9120,9121,1
Mycobacterium_yunnanensis,9370,9372,2
Mycobacterium_yunnanensis,9546,9547,1
Mycobacterium_yunnanensis,9812,9814,2
Mycobacterium_yunnanensis,9985,9986,1
Mycobacterium_yunnanensis,10076,10078,2
Mycobacterium_yunnanensis,10157,10158,1
Mycobacterium_yunnanensis,10261,10262,1
Mycobacterium_yunnanensis,10310,10312,2
Mycobacterium_yunnanensis,10313,10315,2
Mycobacterium_yunnanensis,10325,10326,1
Mycobacterium_yunnanensis,10370,10371,1
Mycobacterium_yunnanensis,10416,10417,1
Mycobacterium_yunnanensis,10434,10435,1
Mycobacterium_yunnanensis,10448,10449,1
Mycobacterium_yunnanensis,10491,10492,1
Mycobacterium_yunnanensis,10526,10527,1
Mycobacterium_yunnanensis,10547,10649,102
Mycobacterium_yunnanensis,10828,10831,3
Mycobacterium_yunnanensis,10835,10843,8
Mycobacterium_yunnanensis,10864,10865,1
Mycobacterium_yunnanensis,10914,10915,1
Mycobacterium_yunnanensis,10965,10966,1
Mycobacterium_yunnanensis,10971,10975,4
Mycobacterium_yunnanensis,11085,11086,1
Mycobacterium_yunnanensis,11143,11144,1
Mycobacterium_yunnanensis,11243,11244,1
Mycobacterium_yunnanensis,11260,11261,1
Mycobacterium_yunnanensis,11266,11267,1
Mycobacterium_yunnanensis,11286,11287,1
Mycobacterium_yunnanensis,11312,11313,1
Mycobacterium_yunnanensis,11473,11474,1
Mycobacterium_yunnanensis,11505,11512,7
Mycobacterium_yunnanensis,11513,11514,1
Mycobacterium_yunnanensis,11515,11536,21
Mycobacterium_yunnanensis,11782,11783,1
Mycobacterium_yunnanensis,11823,11824,1
Mycobacterium_yunnanensis,11826,11827,1
Mycobacterium_yunnanensis,11831,11836,5
Mycobacterium_yunnanensis,11846,11850,4
Mycobacterium_yunnanensis,11851,11852,1
Mycobacterium_yunnanensis,11859,11860,1
Mycobacterium_yunnanensis,11877,11878,1
Mycobacterium_yunnanensis,11993,11994,1
Mycobacterium_yunnanensis,12029,12030,1
Mycobacterium_yunnanensis,12068,12069,1
Mycobacterium_yunnanensis,12196,12197,1
Mycobacterium_yunnanensis,12207,12208,1
Mycobacterium_yunnanensis,12211,12212,1
Mycobacterium_yunnanensis,12213,12214,1
Mycobacterium_yunnanensis,12218,12222,4
Mycobacterium_yunnanensis,12226,12227,1
Mycobacterium_yunnanensis,12237,12238,1
Mycobacterium_yunnanensis,12360,12369,9
Mycobacterium_yunnanensis,12371,12372,1
Mycobacterium_yunnanensis,12374,12375,1
Mycobacterium_yunnanensis,12378,12381,3
Mycobacterium_yunnanensis,12382,12390,8
Mycobacterium_yunnanensis,12391,12400,9
Mycobacterium_yunnanensis,12454,12455,1
Mycobacterium_yunnanensis,12739,12740,1
Mycobacterium_yunnanensis,12798,12925,127
Mycobacterium_yunnanensis,13451,13452,1
Mycobacterium_yunnanensis,13453,13454,1
Mycobacterium_yunnanensis,13508,13509,1
Mycolicibacterium_houstonense,1,10,9
Mycolicibacterium_houstonense,21,39,18
Mycolicibacterium_houstonense,43,46,3
Mycolicibacterium_houstonense,48,110,62
Mycolicibacterium_houstonense,117,132,15
Mycolicibacterium_houstonense,133,136,3
Mycolicibacterium_houstonense,346,349,3
Mycolicibacterium_houstonense,1542,1691,149
Mycolicibacterium_houstonense,3320,3343,23
Mycolicibacterium_houstonense,3364,3365,1
Mycolicibacterium_houstonense,3373,3374,1
Mycolicibacterium_houstonense,3409,3421,12
Mycolicibacterium_houstonense,3424,3478,54
Mycolicibacterium_houstonense,3485,3491,6
Mycolicibacterium_houstonense,3642,3645,3
Mycolicibacterium_houstonense,3650,3653,3
Mycolicibacterium_houstonense,3655,3667,12
Mycolicibacterium_houstonense,3782,3788,6
Mycolicibacterium_houstonense,4400,4406,6
Mycolicibacterium_houstonense,4407,4413,6
Mycolicibacterium_houstonense,4417,4426,9
Mycolicibacterium_houstonense,4432,4445,13
Mycolicibacterium_houstonense,4452,4455,3
Mycolicibacterium_houstonense,4456,4462,6
Mycolicibacterium_houstonense,4468,4474,6
Mycolicibacterium_houstonense,4475,4481,6
Mycolicibacterium_houstonense,4483,4486,3
Mycolicibacterium_houstonense,4540,4552,12
Mycolicibacterium_houstonense,4555,4564,9
Mycolicibacterium_houstonense,4567,4573,6
Mycolicibacterium_houstonense,4582,4585,3
Mycolicibacterium_houstonense,5163,5169,6
Mycolicibacterium_houstonense,5170,5179,9
Mycolicibacterium_houstonense,5181,5190,9
Mycolicibacterium_houstonense,5197,5199,2
Mycolicibacterium_houstonense,5201,5204,3
Mycolicibacterium_houstonense,5206,5214,8
Mycolicibacterium_houstonense,5218,5230,12
Mycolicibacterium_houstonense,5231,5241,10
Mycolicibacterium_houstonense,5247,5253,6
Mycolicibacterium_houstonense,5401,5402,1
Mycolicibacterium_houstonense,6015,6016,1
Mycolicibacterium_houstonense,6431,6452,21
Mycolicibacterium_houstonense,6456,6462,6
Mycolicibacterium_houstonense,6470,6494,24
Mycolicibacterium_houstonense,7178,7254,76
Mycolicibacterium_houstonense,7260,7268,8
Mycolicibacterium_houstonense,7760,7763,3
Mycolicibacterium_houstonense,8452,8500,48
Mycolicibacterium_houstonense,8577,8578,1
Mycolicibacterium_houstonense,8584,8599,15
Mycolicibacterium_houstonense,8600,8604,4
Mycolicibacterium_houstonense,8609,8610,1
Mycolicibacterium_houstonense,8661,8662,1
Mycolicibacterium_houstonense,8703,8704,1
Mycolicibacterium_houstonense,8720,8721,1
Mycolicibacterium_houstonense,8733,8735,2
Mycolicibacterium_houstonense,8739,8742,3
Mycolicibacterium_houstonense,8930,8931,1
Mycolicibacterium_houstonense,8980,8982,2
Mycolicibacterium_houstonense,8984,8998,14
Mycolicibacterium_houstonense,9120,9121,1
Mycolicibacterium_houstonense,9370,9372,2
Mycolicibacterium_houstonense,9546,9547,1
Mycolicibacterium_houstonense,9812,9813,1
Mycolicibacterium_houstonense,9982,9984,2
Mycolicibacterium_houstonense,9985,9986,1
Mycolicibacterium_houstonense,10076,10078,2
Mycolicibacterium_houstonense,10157,10158,1
Mycolicibacterium_houstonense,10261,10262,1
Mycolicibacterium_houstonense,10310,10312,2
Mycolicibacterium_houstonense,10313,10314,1
Mycolicibacterium_houstonense,10325,10326,1
Mycolicibacterium_houstonense,10370,10371,1
Mycolicibacterium_houstonense,10416,10417,1
Mycolicibacterium_houstonense,10434,10435,1
Mycolicibacterium_houstonense,10448,10449,1
Mycolicibacterium_houstonense,10476,10477,1
Mycolicibacterium_houstonense,10491,10492,1
Mycolicibacterium_houstonense,10526,10527,1
Mycolicibacterium_houstonense,10547,10649,102
Mycolicibacterium_houstonense,10829,10830,1
Mycolicibacterium_houstonense,10835,10843,8
Mycolicibacterium_houstonense,10864,10865,1
Mycolicibacterium_houstonense,10914,10915,1
Mycolicibacterium_houstonense,10965,10966,1
Mycolicibacterium_houstonense,10971,10975,4
Mycolicibacterium_houstonense,11085,11086,1
Mycolicibacterium_houstonense,11143,11144,1
Mycolicibacterium_houstonense,11243,11244,1
Mycolicibacterium_houstonense,11260,11261,1
Mycolicibacterium_houstonense,11286,11287,1
Mycolicibacterium_houstonense,11312,11313,1
Mycolicibacterium_houstonense,11473,11474,1
Mycolicibacterium_houstonense,11505,11512,7
Mycolicibacterium_houstonense,11513,11514,1
Mycolicibacterium_houstonense,11516,11517,1
Mycolicibacterium_houstonense,11520,11521,1
Mycolicibacterium_houstonense,11524,11541,17
Mycolicibacterium_houstonense,11566,11567,1
Mycolicibacterium_houstonense,11782,11783,1
Mycolicibacterium_houstonense,11823,11824,1
Mycolicibacterium_houstonense,11826,11827,1
Mycolicibacterium_houstonense,11831,11836,5
Mycolicibacterium_houstonense,11846,11850,4
Mycolicibacterium_houstonense,11851,11852,1
Mycolicibacterium_houstonense,11859,11860,1
Mycolicibacterium_houstonense,11864,11865,1
Mycolicibacterium_houstonense,11877,11878,1
Mycolicibacterium_houstonense,11993,11994,1
Mycolicibacterium_houstonense,12029,12030,1
Mycolicibacterium_houstonense,12068,12069,1
Mycolicibacterium_houstonense,12207,12208,1
Mycolicibacterium_houstonense,12211,12212,1
Mycolicibacterium_houstonense,12213,12214,1
Mycolicibacterium_houstonense,12218,12222,4
Mycolicibacterium_houstonense,12226,12227,1
Mycolicibacterium_houstonense,12237,12238,1
Mycolicibacterium_houstonense,12360,12372,12
Mycolicibacterium_houstonense,12374,12375,1
Mycolicibacterium_houstonense,12378,12381,3
Mycolicibacterium_houstonense,12384,12390,6
Mycolicibacterium_houstonense,12391,12400,9
Mycolicibacterium_houstonense,12454,12455,1
Mycolicibacterium_houstonense,12739,12740,1
Mycolicibacterium_houstonense,12798,12925,127
Mycolicibacterium_houstonense,13451,13452,1
Mycolicibacterium_houstonense,13453,13454,1
Mycolicibacterium_houstonense,13508,13509,1
Mycolicibacter_icosiumassiliensis,1,10,9
Mycolicibacter_icosiumassiliensis,21,39,18
Mycolicibacter_icosiumassiliensis,43,46,3
Mycolicibacter_icosiumassiliensis,59,136,77
Mycolicibacter_icosiumassiliensis,346,349,3
Mycolicibacter_icosiumassiliensis,1542,1691,149
Mycolicibacter_icosiumassiliensis,3317,3361,44
Mycolicibacter_icosiumassiliensis,3364,3365,1
Mycolicibacter_icosiumassiliensis,3373,3374,1
Mycolicibacter_icosiumassiliensis,3414,3420,6
Mycolicibacter_icosiumassiliensis,3424,3460,36
Mycolicibacter_icosiumassiliensis,3473,3479,6
Mycolicibacter_icosiumassiliensis,3485,3491,6
Mycolicibacter_icosiumassiliensis,3650,3653,3
Mycolicibacter_icosiumassiliensis,3657,3672,15
Mycolicibacter_icosiumassiliensis,3782,3788,6
Mycolicibacter_icosiumassiliensis,4400,4406,6
Mycolicibacter_icosiumassiliensis,4407,4413,6
Mycolicibacter_icosiumassiliensis,4422,4426,4
Mycolicibacter_icosiumassiliensis,4432,4438,6
Mycolicibacter_icosiumassiliensis,4452,4455,3
Mycolicibacter_icosiumassiliensis,4456,4486,30
Mycolicibacter_icosiumassiliensis,4555,4564,9
Mycolicibacter_icosiumassiliensis,4567,4573,6
Mycolicibacter_icosiumassiliensis,5163,5169,6
Mycolicibacter_icosiumassiliensis,5170,5179,9
Mycolicibacter_icosiumassiliensis,5181,5190,9
Mycolicibacter_icosiumassiliensis,5197,5199,2
Mycolicibacter_icosiumassiliensis,5201,5204,3
Mycolicibacter_icosiumassiliensis,5206,5214,8
Mycolicibacter_icosiumassiliensis,5218,5230,12
Mycolicibacter_icosiumassiliensis,5231,5241,10
Mycolicibacter_icosiumassiliensis,5247,5253,6
Mycolicibacter_icosiumassiliensis,5401,5402,1
Mycolicibacter_icosiumassiliensis,6015,6016,1
Mycolicibacter_icosiumassiliensis,6431,6452,21
Mycolicibacter_icosiumassiliensis,6456,6462,6
Mycolicibacter_icosiumassiliensis,6470,6494,24
Mycolicibacter_icosiumassiliensis,7178,7254,76
Mycolicibacter_icosiumassiliensis,7260,7268,8
Mycolicibacter_icosiumassiliensis,7760,7763,3
Mycolicibacter_icosiumassiliensis,8452,8500,48
Mycolicibacter_icosiumassiliensis,8577,8578,1
Mycolicibacter_icosiumassiliensis,8584,8599,15
Mycolicibacter_icosiumassiliensis,8601,8603,2
Mycolicibacter_icosiumassiliensis,8609,8610,1
Mycolicibacter_icosiumassiliensis,8661,8662,1
Mycolicibacter_icosiumassiliensis,8703,8704,1
Mycolicibacter_icosiumassiliensis,8720,8721,1
Mycolicibacter_icosiumassiliensis,8733,8735,2
Mycolicibacter_icosiumassiliensis,8739,8742,3
Mycolicibacter_icosiumassiliensis,8930,8931,1
Mycolicibacter_icosiumassiliensis,8980,8982,2
Mycolicibacter_icosiumassiliensis,9120,9121,1
Mycolicibacter_icosiumassiliensis,9546,9547,1
Mycolicibacter_icosiumassiliensis,9812,9814,2
Mycolicibacter_icosiumassiliensis,9982,9984,2
Mycolicibacter_icosiumassiliensis,9985,9986,1
Mycolicibacter_icosiumassiliensis,10076,10078,2
Mycolicibacter_icosiumassiliensis,10157,10158,1
Mycolicibacter_icosiumassiliensis,10311,10312,1
Mycolicibacter_icosiumassiliensis,10313,10315,2
Mycolicibacter_icosiumassiliensis,10325,10326,1
Mycolicibacter_icosiumassiliensis,10370,10371,1
Mycolicibacter_icosiumassiliensis,10416,10417,1
Mycolicibacter_icosiumassiliensis,10434,10435,1
Mycolicibacter_icosiumassiliensis,10448,10449,1
Mycolicibacter_icosiumassiliensis,10476,10477,1
Mycolicibacter_icosiumassiliensis,10491,10492,1
Mycolicibacter_icosiumassiliensis,10526,10527,1
Mycolicibacter_icosiumassiliensis,10547,10649,102
Mycolicibacter_icosiumassiliensis,10828,10830,2
Mycolicibacter_icosiumassiliensis,10834,10843,9
Mycolicibacter_icosiumassiliensis,10864,10865,1
Mycolicibacter_icosiumassiliensis,10914,10915,1
Mycolicibacter_icosiumassiliensis,10965,10966,1
Mycolicibacter_icosiumassiliensis,10971,10975,4
Mycolicibacter_icosiumassiliensis,11085,11086,1
Mycolicibacter_icosiumassiliensis,11143,11144,1
Mycolicibacter_icosiumassiliensis,11243,11244,1
Mycolicibacter_icosiumassiliensis,11260,11261,1
Mycolicibacter_icosiumassiliensis,11265,11267,2
Mycolicibacter_icosiumassiliensis,11286,11287,1
Mycolicibacter_icosiumassiliensis,11312,11313,1
Mycolicibacter_icosiumassiliensis,11473,11474,1
Mycolicibacter_icosiumassiliensis,11505,11512,7
Mycolicibacter_icosiumassiliensis,11513,11514,1
Mycolicibacter_icosiumassiliensis,11515,11533,18
Mycolicibacter_icosiumassiliensis,11537,11538,1
Mycolicibacter_icosiumassiliensis,11566,11567,1
Mycolicibacter_icosiumassiliensis,11782,11783,1
Mycolicibacter_icosiumassiliensis,11823,11824,1
Mycolicibacter_icosiumassiliensis,11826,11827,1
Mycolicibacter_icosiumassiliensis,11831,11836,5
Mycolicibacter_icosiumassiliensis,11847,11852,5
Mycolicibacter_icosiumassiliensis,11859,11860,1
Mycolicibacter_icosiumassiliensis,11864,11866,2
Mycolicibacter_icosiumassiliensis,11877,11878,1
Mycolicibacter_icosiumassiliensis,11993,11994,1
Mycolicibacter_icosiumassiliensis,12029,12030,1
Mycolicibacter_icosiumassiliensis,12068,12069,1
Mycolicibacter_icosiumassiliensis,12207,12208,1
Mycolicibacter_icosiumassiliensis,12211,12212,1
Mycolicibacter_icosiumassiliensis,12213,12214,1
Mycolicibacter_icosiumassiliensis,12218,12222,4
Mycolicibacter_icosiumassiliensis,12226,12227,1
Mycolicibacter_icosiumassiliensis,12237,12238,1
Mycolicibacter_icosiumassiliensis,12360,12369,9
Mycolicibacter_icosiumassiliensis,12371,12372,1
Mycolicibacter_icosiumassiliensis,12374,12375,1
Mycolicibacter_icosiumassiliensis,12377,12382,5
Mycolicibacter_icosiumassiliensis,12384,12390,6
Mycolicibacter_icosiumassiliensis,12391,12400,9
Mycolicibacter_icosiumassiliensis,12454,12455,1
Mycolicibacter_icosiumassiliensis,12739,12740,1
Mycolicibacter_icosiumassiliensis,12798,12925,127
Mycolicibacter_icosiumassiliensis,13451,13452,1
Mycolicibacter_icosiumassiliensis,13453,13454,1
Mycolicibacter_icosiumassiliensis,13508,13509,1
Mycobacterium_numidiamassiliense,1,10,9
Mycobacterium_numidiamassiliense,21,39,18
Mycobacterium_numidiamassiliense,43,46,3
Mycobacterium_numidiamassiliense,53,71,18
Mycobacterium_numidiamassiliense,87,107,20
Mycobacterium_numidiamassiliense,117,132,15
Mycobacterium_numidiamassiliense,133,136,3
Mycobacterium_numidiamassiliense,346,349,3
Mycobacterium_numidiamassiliense,1542,1691,149
Mycobacterium_numidiamassiliense,3317,3381,64
Mycobacterium_numidiamassiliense,3414,3420,6
Mycobacterium_numidiamassiliense,3422,3479,57
Mycobacterium_numidiamassiliense,3485,3491,6
Mycobacterium_numidiamassiliense,3642,3645,3
Mycobacterium_numidiamassiliense,3650,3653,3
Mycobacterium_numidiamassiliense,3655,3667,12
Mycobacterium_numidiamassiliense,3782,3788,6
Mycobacterium_numidiamassiliense,4400,4406,6
Mycobacterium_numidiamassiliense,4407,4413,6
Mycobacterium_numidiamassiliense,4417,4426,9
Mycobacterium_numidiamassiliense,4432,4445,13
Mycobacterium_numidiamassiliense,4452,4455,3
Mycobacterium_numidiamassiliense,4456,4462,6
Mycobacterium_numidiamassiliense,4468,4480,12
Mycobacterium_numidiamassiliense,4483,4486,3
Mycobacterium_numidiamassiliense,4540,4552,12
Mycobacterium_numidiamassiliense,4555,4564,9
Mycobacterium_numidiamassiliense,4567,4573,6
Mycobacterium_numidiamassiliense,4581,4584,3
Mycobacterium_numidiamassiliense,5163,5169,6
Mycobacterium_numidiamassiliense,5170,5179,9
Mycobacterium_numidiamassiliense,5181,5190,9
Mycobacterium_numidiamassiliense,5197,5199,2
Mycobacterium_numidiamassiliense,5201,5204,3
Mycobacterium_numidiamassiliense,5206,5214,8
Mycobacterium_numidiamassiliense,5218,5230,12
Mycobacterium_numidiamassiliense,5231,5241,10
Mycobacterium_numidiamassiliense,5247,5253,6
Mycobacterium_numidiamassiliense,5401,5402,1
Mycobacterium_numidiamassiliense,6015,6016,1
Mycobacterium_numidiamassiliense,6431,6452,21
Mycobacterium_numidiamassiliense,6456,6462,6
Mycobacterium_numidiamassiliense,6470,6494,24
Mycobacterium_numidiamassiliense,7178,7254,76
Mycobacterium_numidiamassiliense,7260,7268,8
Mycobacterium_numidiamassiliense,7760,7763,3
Mycobacterium_numidiamassiliense,8452,8500,48
Mycobacterium_numidiamassiliense,8577,8578,1
Mycobacterium_numidiamassiliense,8584,8599,15
Mycobacterium_numidiamassiliense,8601,8603,2
Mycobacterium_numidiamassiliense,8609,8610,1
Mycobacterium_numidiamassiliense,8661,8662,1
Mycobacterium_numidiamassiliense,8703,8704,1
Mycobacterium_numidiamassiliense,8720,8721,1
Mycobacterium_numidiamassiliense,8733,8735,2
Mycobacterium_numidiamassiliense,8739,8742,3
Mycobacterium_numidiamassiliense,8930,8931,1
Mycobacterium_numidiamassiliense,8980,8982,2
Mycobacterium_numidiamassiliense,8987,9001,14
Mycobacterium_numidiamassiliense,9120,9121,1
Mycobacterium_numidiamassiliense,9370,9372,2
Mycobacterium_numidiamassiliense,9546,9547,1
Mycobacterium_numidiamassiliense,9812,9813,1
Mycobacterium_numidiamassiliense,9983,9987,4
Mycobacterium_numidiamassiliense,10076,10078,2
Mycobacterium_numidiamassiliense,10157,10158,1
Mycobacterium_numidiamassiliense,10261,10262,1
Mycobacterium_numidiamassiliense,10310,10312,2
Mycobacterium_numidiamassiliense,10313,10315,2
Mycobacterium_numidiamassiliense,10325,10326,1
Mycobacterium_numidiamassiliense,10352,10353,1
Mycobacterium_numidiamassiliense,10370,10371,1
Mycobacterium_numidiamassiliense,10434,10435,1
Mycobacterium_numidiamassiliense,10448,10449,1
Mycobacterium_numidiamassiliense,10476,10477,1
Mycobacterium_numidiamassiliense,10491,10492,1
Mycobacterium_numidiamassiliense,10526,10527,1
Mycobacterium_numidiamassiliense,10546,10649,103
Mycobacterium_numidiamassiliense,10828,10830,2
Mycobacterium_numidiamassiliense,10832,10846,14
Mycobacterium_numidiamassiliense,10864,10865,1
Mycobacterium_numidiamassiliense,10914,10915,1
Mycobacterium_numidiamassiliense,10958,10983,25
Mycobacterium_numidiamassiliense,11085,11086,1
Mycobacterium_numidiamassiliense,11143,11144,1
Mycobacterium_numidiamassiliense,11243,11244,1
Mycobacterium_numidiamassiliense,11260,11261,1
Mycobacterium_numidiamassiliense,11262,11263,1
Mycobacterium_numidiamassiliense,11265,11267,2
Mycobacterium_numidiamassiliense,11286,11287,1
Mycobacterium_numidiamassiliense,11312,11313,1
Mycobacterium_numidiamassiliense,11473,11474,1
Mycobacterium_numidiamassiliense,11505,11534,29
Mycobacterium_numidiamassiliense,11566,11567,1
Mycobacterium_numidiamassiliense,11590,11591,1
Mycobacterium_numidiamassiliense,11782,11783,1
Mycobacterium_numidiamassiliense,11823,11824,1
Mycobacterium_numidiamassiliense,11826,11827,1
Mycobacterium_numidiamassiliense,11831,11836,5
Mycobacterium_numidiamassiliense,11847,11852,5
Mycobacterium_numidiamassiliense,11859,11860,1
Mycobacterium_numidiamassiliense,11864,11866,2
Mycobacterium_numidiamassiliense,11877,11878,1
Mycobacterium_numidiamassiliense,11993,11995,2
Mycobacterium_numidiamassiliense,12029,12030,1
Mycobacterium_numidiamassiliense,12068,12069,1
Mycobacterium_numidiamassiliense,12207,12208,1
Mycobacterium_numidiamassiliense,12211,12212,1
Mycobacterium_numidiamassiliense,12213,12214,1
Mycobacterium_numidiamassiliense,12218,12222,4
Mycobacterium_numidiamassiliense,12225,12227,2
Mycobacterium_numidiamassiliense,12237,12238,1
Mycobacterium_numidiamassiliense,12360,12369,9
Mycobacterium_numidiamassiliense,12371,12372,1
Mycobacterium_numidiamassiliense,12374,12380,6
Mycobacterium_numidiamassiliense,12384,12390,6
Mycobacterium_numidiamassiliense,12391,12400,9
Mycobacterium_numidiamassiliense,12454,12455,1
Mycobacterium_numidiamassiliense,12739,12740,1
Mycobacterium_numidiamassiliense,12798,12925,127
Mycobacterium_numidiamassiliense,13451,13452,1
Mycobacterium_numidiamassiliense,13453,13454,1
Mycobacterium_numidiamassiliense,13508,13509,1
Mycobacterium_rhizamassiliense,1,10,9
Mycobacterium_rhizamassiliense,21,39,18
Mycobacterium_rhizamassiliense,43,46,3
Mycobacterium_rhizamassiliense,53,71,18
Mycobacterium_rhizamassiliense,87,107,20
Mycobacterium_rhizamassiliense,117,132,15
Mycobacterium_rhizamassiliense,133,136,3
Mycobacterium_rhizamassiliense,346,349,3
Mycobacterium_rhizamassiliense,1542,1691,149
Mycobacterium_rhizamassiliense,3317,3361,44
Mycobacterium_rhizamassiliense,3364,3365,1
Mycobacterium_rhizamassiliense,3373,3374,1
Mycobacterium_rhizamassiliense,3414,3420,6
Mycobacterium_rhizamassiliense,3424,3460,36
Mycobacterium_rhizamassiliense,3461,3479,18
Mycobacterium_rhizamassiliense,3485,3491,6
Mycobacterium_rhizamassiliense,3642,3645,3
Mycobacterium_rhizamassiliense,3650,3653,3
Mycobacterium_rhizamassiliense,3655,3667,12
Mycobacterium_rhizamassiliense,3782,3788,6
Mycobacterium_rhizamassiliense,4400,4406,6
Mycobacterium_rhizamassiliense,4407,4413,6
Mycobacterium_rhizamassiliense,4417,4426,9
Mycobacterium_rhizamassiliense,4432,4445,13
Mycobacterium_rhizamassiliense,4452,4455,3
Mycobacterium_rhizamassiliense,4456,4462,6
Mycobacterium_rhizamassiliense,4468,4480,12
Mycobacterium_rhizamassiliense,4483,4486,3
Mycobacterium_rhizamassiliense,4540,4552,12
Mycobacterium_rhizamassiliense,4555,4564,9
Mycobacterium_rhizamassiliense,4567,4573,6
Mycobacterium_rhizamassiliense,4581,4584,3
Mycobacterium_rhizamassiliense,5163,5169,6
Mycobacterium_rhizamassiliense,5170,5179,9
Mycobacterium_rhizamassiliense,5181,5190,9
Mycobacterium_rhizamassiliense,5197,5199,2
Mycobacterium_rhizamassiliense,5201,5204,3
Mycobacterium_rhizamassiliense,5206,5214,8
Mycobacterium_rhizamassiliense,5218,5230,12
Mycobacterium_rhizamassiliense,5231,5241,10
Mycobacterium_rhizamassiliense,5247,5253,6
Mycobacterium_rhizamassiliense,5401,5402,1
Mycobacterium_rhizamassiliense,6015,6016,1
Mycobacterium_rhizamassiliense,6428,6464,36
Mycobacterium_rhizamassiliense,6470,6494,24
Mycobacterium_rhizamassiliense,7178,7254,76
Mycobacterium_rhizamassiliense,7260,7268,8
Mycobacterium_rhizamassiliense,7760,7763,3
Mycobacterium_rhizamassiliense,8452,8500,48
Mycobacterium_rhizamassiliense,8577,8578,1
Mycobacterium_rhizamassiliense,8584,8599,15
Mycobacterium_rhizamassiliense,8601,8603,2
Mycobacterium_rhizamassiliense,8609,8610,1
Mycobacterium_rhizamassiliense,8661,8662,1
Mycobacterium_rhizamassiliense,8703,8704,1
Mycobacterium_rhizamassiliense,8720,8721,1
Mycobacterium_rhizamassiliense,8733,8735,2
Mycobacterium_rhizamassiliense,8739,8742,3
Mycobacterium_rhizamassiliense,8930,8931,1
Mycobacterium_rhizamassiliense,8980,8982,2
Mycobacterium_rhizamassiliense,8987,9001,14
Mycobacterium_rhizamassiliense,9120,9121,1
Mycobacterium_rhizamassiliense,9370,9372,2
Mycobacterium_rhizamassiliense,9546,9547,1
Mycobacterium_rhizamassiliense,9812,9813,1
Mycobacterium_rhizamassiliense,9983,9987,4
Mycobacterium_rhizamassiliense,10076,10078,2
Mycobacterium_rhizamassiliense,10157,10158,1
Mycobacterium_rhizamassiliense,10261,10262,1
Mycobacterium_rhizamassiliense,10310,10312,2
Mycobacterium_rhizamassiliense,10313,10315,2
Mycobacterium_rhizamassiliense,10325,10326,1
Mycobacterium_rhizamassiliense,10352,10353,1
Mycobacterium_rhizamassiliense,10370,10371,1
Mycobacterium_rhizamassiliense,10434,10435,1
Mycobacterium_rhizamassiliense,10448,10449,1
Mycobacterium_rhizamassiliense,10476,10477,1
Mycobacterium_rhizamassiliense,10491,10492,1
Mycobacterium_rhizamassiliense,10526,10527,1
Mycobacterium_rhizamassiliense,10546,10649,103
Mycobacterium_rhizamassiliense,10828,10830,2
Mycobacterium_rhizamassiliense,10832,10846,14
Mycobacterium_rhizamassiliense,10864,10865,1
Mycobacterium_rhizamassiliense,10914,10915,1
Mycobacterium_rhizamassiliense,10958,10983,25
Mycobacterium_rhizamassiliense,11085,11086,1
Mycobacterium_rhizamassiliense,11143,11144,1
Mycobacterium_rhizamassiliense,11243,11244,1
Mycobacterium_rhizamassiliense,11260,11261,1
Mycobacterium_rhizamassiliense,11262,11263,1
Mycobacterium_rhizamassiliense,11265,11267,2
Mycobacterium_rhizamassiliense,11286,11287,1
Mycobacterium_rhizamassiliense,11312,11313,1
Mycobacterium_rhizamassiliense,11473,11474,1
Mycobacterium_rhizamassiliense,11505,11534,29
Mycobacterium_rhizamassiliense,11566,11567,1
Mycobacterium_rhizamassiliense,11590,11591,1
Mycobacterium_rhizamassiliense,11782,11783,1
Mycobacterium_rhizamassiliense,11823,11824,1
Mycobacterium_rhizamassiliense,11826,11827,1
Mycobacterium_rhizamassiliense,11831,11836,5
Mycobacterium_rhizamassiliense,11847,11852,5
Mycobacterium_rhizamassiliense,11859,11860,1
Mycobacterium_rhizamassiliense,11864,11866,2
Mycobacterium_rhizamassiliense,11877,11878,1
Mycobacterium_rhizamassiliense,11993,11995,2
Mycobacterium_rhizamassiliense,12029,12030,1
Mycobacterium_rhizamassiliense,12068,12069,1
Mycobacterium_rhizamassiliense,12207,12208,1
Mycobacterium_rhizamassiliense,12211,12212,1
Mycobacterium_rhizamassiliense,12213,12214,1
Mycobacterium_rhizamassiliense,12218,12222,4
Mycobacterium_rhizamassiliense,12225,12227,2
Mycobacterium_rhizamassiliense,12237,12238,1
Mycobacterium_rhizamassiliense,12360,12369,9
Mycobacterium_rhizamassiliense,12371,12372,1
Mycobacterium_rhizamassiliense,12374,12380,6
Mycobacterium_rhizamassiliense,12384,12390,6
Mycobacterium_rhizamassiliense,12391,12400,9
Mycobacterium_rhizamassiliense,12454,12455,1
Mycobacterium_rhizamassiliense,12739,12740,1
Mycobacterium_rhizamassiliense,12798,12925,127
Mycobacterium_rhizamassiliense,13451,13452,1
Mycobacterium_rhizamassiliense,13453,13454,1
Mycobacterium_rhizamassiliense,13508,13509,1
Mycobacterium_terramassiliense,1,10,9
Mycobacterium_terramassiliense,21,39,18
Mycobacterium_terramassiliense,43,46,3
Mycobacterium_terramassiliense,62,71,9
Mycobacterium_terramassiliense,87,107,20
Mycobacterium_terramassiliense,117,132,15
Mycobacterium_terramassiliense,133,136,3
Mycobacterium_terramassiliense,346,349,3
Mycobacterium_terramassiliense,1542,1583,41
Mycobacterium_terramassiliense,1587,1676,89
Mycobacterium_terramassiliense,1678,1691,13
Mycobacterium_terramassiliense,3317,3381,64
Mycobacterium_terramassiliense,3403,3460,57
Mycobacterium_terramassiliense,3473,3479,6
Mycobacterium_terramassiliense,3485,3491,6
Mycobacterium_terramassiliense,3642,3645,3
Mycobacterium_terramassiliense,3650,3653,3
Mycobacterium_terramassiliense,3655,3667,12
Mycobacterium_terramassiliense,3782,3788,6
Mycobacterium_terramassiliense,4400,4406,6
Mycobacterium_terramassiliense,4407,4413,6
Mycobacterium_terramassiliense,4417,4426,9
Mycobacterium_terramassiliense,4432,4445,13
Mycobacterium_terramassiliense,4452,4455,3
Mycobacterium_terramassiliense,4456,4462,6
Mycobacterium_terramassiliense,4468,4480,12
Mycobacterium_terramassiliense,4483,4486,3
Mycobacterium_terramassiliense,4540,4552,12
Mycobacterium_terramassiliense,4555,4564,9
Mycobacterium_terramassiliense,4567,4573,6
Mycobacterium_terramassiliense,4581,4584,3
Mycobacterium_terramassiliense,5163,5169,6
Mycobacterium_terramassiliense,5170,5179,9
Mycobacterium_terramassiliense,5181,5190,9
Mycobacterium_terramassiliense,5197,5199,2
Mycobacterium_terramassiliense,5201,5204,3
Mycobacterium_terramassiliense,5206,5214,8
Mycobacterium_terramassiliense,5218,5230,12
Mycobacterium_terramassiliense,5231,5241,10
Mycobacterium_terramassiliense,5247,5253,6
Mycobacterium_terramassiliense,5401,5402,1
Mycobacterium_terramassiliense,6015,6016,1
Mycobacterium_terramassiliense,6431,6452,21
Mycobacterium_terramassiliense,6456,6462,6
Mycobacterium_terramassiliense,6470,6494,24
Mycobacterium_terramassiliense,7178,7254,76
Mycobacterium_terramassiliense,7260,7268,8
Mycobacterium_terramassiliense,7760,7763,3
Mycobacterium_terramassiliense,8452,8500,48
Mycobacterium_terramassiliense,8577,8578,1
Mycobacterium_terramassiliense,8584,8599,15
Mycobacterium_terramassiliense,8601,8603,2
Mycobacterium_terramassiliense,8609,8610,1
Mycobacterium_terramassiliense,8661,8662,1
Mycobacterium_terramassiliense,8703,8704,1
Mycobacterium_terramassiliense,8720,8721,1
Mycobacterium_terramassiliense,8733,8735,2
Mycobacterium_terramassiliense,8739,8742,3
Mycobacterium_terramassiliense,8930,8931,1
Mycobacterium_terramassiliense,8980,8982,2
Mycobacterium_terramassiliense,8987,9001,14
Mycobacterium_terramassiliense,9120,9121,1
Mycobacterium_terramassiliense,9370,9372,2
Mycobacterium_terramassiliense,9546,9547,1
Mycobacterium_terramassiliense,9812,9813,1
Mycobacterium_terramassiliense,9983,9986,3
Mycobacterium_terramassiliense,10076,10078,2
Mycobacterium_terramassiliense,10157,10158,1
Mycobacterium_terramassiliense,10261,10262,1
Mycobacterium_terramassiliense,10310,10312,2
Mycobacterium_terramassiliense,10313,10315,2
Mycobacterium_terramassiliense,10325,10326,1
Mycobacterium_terramassiliense,10370,10371,1
Mycobacterium_terramassiliense,10434,10435,1
Mycobacterium_terramassiliense,10448,10449,1
Mycobacterium_terramassiliense,10476,10477,1
Mycobacterium_terramassiliense,10491,10492,1
Mycobacterium_terramassiliense,10526,10527,1
Mycobacterium_terramassiliense,10546,10649,103
Mycobacterium_terramassiliense,10828,10830,2
Mycobacterium_terramassiliense,10832,10846,14
Mycobacterium_terramassiliense,10864,10865,1
Mycobacterium_terramassiliense,10914,10915,1
Mycobacterium_terramassiliense,10965,10977,12
Mycobacterium_terramassiliense,11085,11086,1
Mycobacterium_terramassiliense,11143,11144,1
Mycobacterium_terramassiliense,11243,11244,1
Mycobacterium_terramassiliense,11260,11261,1
Mycobacterium_terramassiliense,11262,11263,1
Mycobacterium_terramassiliense,11265,11267,2
Mycobacterium_terramassiliense,11286,11287,1
Mycobacterium_terramassiliense,11312,11313,1
Mycobacterium_terramassiliense,11473,11474,1
Mycobacterium_terramassiliense,11505,11534,29
Mycobacterium_terramassiliense,11566,11567,1
Mycobacterium_terramassiliense,11590,11591,1
Mycobacterium_terramassiliense,11782,11783,1
Mycobacterium_terramassiliense,11823,11824,1
Mycobacterium_terramassiliense,11826,11827,1
Mycobacterium_terramassiliense,11831,11836,5
Mycobacterium_terramassiliense,11848,11850,2
Mycobacterium_terramassiliense,11851,11852,1
Mycobacterium_terramassiliense,11859,11860,1
Mycobacterium_terramassiliense,11864,11866,2
Mycobacterium_terramassiliense,11877,11878,1
Mycobacterium_terramassiliense,11990,11991,1
Mycobacterium_terramassiliense,11993,11994,1
Mycobacterium_terramassiliense,12029,12030,1
Mycobacterium_terramassiliense,12068,12069,1
Mycobacterium_terramassiliense,12207,12208,1
Mycobacterium_terramassiliense,12211,12212,1
Mycobacterium_terramassiliense,12213,12214,1
Mycobacterium_terramassiliense,12218,12222,4
Mycobacterium_terramassiliense,12225,12227,2
Mycobacterium_terramassiliense,12237,12238,1
Mycobacterium_terramassiliense,12360,12369,9
Mycobacterium_terramassiliense,12371,12380,9
Mycobacterium_terramassiliense,12384,12390,6
Mycobacterium_terramassiliense,12391,12400,9
Mycobacterium_terramassiliense,12454,12455,1
Mycobacterium_terramassiliense,12739,12740,1
Mycobacterium_terramassiliense,12798,12925,127
Mycobacterium_terramassiliense,13451,13452,1
Mycobacterium_terramassiliense,13453,13454,1
Mycobacterium_terramassiliense,13508,13509,1
Mycobacterium_ahvazicum,1,10,9
Mycobacterium_ahvazicum,21,39,18
Mycobacterium_ahvazicum,43,46,3
Mycobacterium_ahvazicum,52,73,21
Mycobacterium_ahvazicum,87,107,20
Mycobacterium_ahvazicum,117,132,15
Mycobacterium_ahvazicum,133,136,3
Mycobacterium_ahvazicum,346,349,3
Mycobacterium_ahvazicum,1542,1691,149
Mycobacterium_ahvazicum,3317,3361,44
Mycobacterium_ahvazicum,3364,3365,1
Mycobacterium_ahvazicum,3373,3374,1
Mycobacterium_ahvazicum,3414,3420,6
Mycobacterium_ahvazicum,3422,3482,60
Mycobacterium_ahvazicum,3485,3491,6
Mycobacterium_ahvazicum,3642,3645,3
Mycobacterium_ahvazicum,3650,3653,3
Mycobacterium_ahvazicum,3655,3667,12
Mycobacterium_ahvazicum,3782,3788,6
Mycobacterium_ahvazicum,4400,4406,6
Mycobacterium_ahvazicum,4407,4413,6
Mycobacterium_ahvazicum,4417,4426,9
Mycobacterium_ahvazicum,4432,4445,13
Mycobacterium_ahvazicum,4452,4455,3
Mycobacterium_ahvazicum,4456,4462,6
Mycobacterium_ahvazicum,4468,4480,12
Mycobacterium_ahvazicum,4483,4486,3
Mycobacterium_ahvazicum,4540,4552,12
Mycobacterium_ahvazicum,4555,4564,9
Mycobacterium_ahvazicum,4567,4573,6
Mycobacterium_ahvazicum,4581,4584,3
Mycobacterium_ahvazicum,5163,5169,6
Mycobacterium_ahvazicum,5170,5179,9
Mycobacterium_ahvazicum,5181,5190,9
Mycobacterium_ahvazicum,5197,5199,2
Mycobacterium_ahvazicum,5201,5204,3
Mycobacterium_ahvazicum,5206,5214,8
Mycobacterium_ahvazicum,5218,5230,12
Mycobacterium_ahvazicum,5231,5241,10
Mycobacterium_ahvazicum,5247,5253,6
Mycobacterium_ahvazicum,5401,5402,1
Mycobacterium_ahvazicum,6015,6016,1
Mycobacterium_ahvazicum,6428,6464,36
Mycobacterium_ahvazicum,6470,6494,24
Mycobacterium_ahvazicum,7178,7254,76
Mycobacterium_ahvazicum,7260,7268,8
Mycobacterium_ahvazicum,7760,7763,3
Mycobacterium_ahvazicum,8452,8500,48
Mycobacterium_ahvazicum,8577,8578,1
Mycobacterium_ahvazicum,8584,8599,15
Mycobacterium_ahvazicum,8601,8603,2
Mycobacterium_ahvazicum,8609,8610,1
Mycobacterium_ahvazicum,8661,8662,1
Mycobacterium_ahvazicum,8703,8704,1
Mycobacterium_ahvazicum,8720,8721,1
Mycobacterium_ahvazicum,8733,8735,2
Mycobacterium_ahvazicum,8739,8742,3
Mycobacterium_ahvazicum,8930,8931,1
Mycobacterium_ahvazicum,8984,8997,13
Mycobacterium_ahvazicum,9370,9372,2
Mycobacterium_ahvazicum,9546,9547,1
Mycobacterium_ahvazicum,9812,9813,1
Mycobacterium_ahvazicum,9982,9986,4
Mycobacterium_ahvazicum,10076,10078,2
Mycobacterium_ahvazicum,10157,10158,1
Mycobacterium_ahvazicum,10261,10262,1
Mycobacterium_ahvazicum,10310,10312,2
Mycobacterium_ahvazicum,10313,10315,2
Mycobacterium_ahvazicum,10325,10326,1
Mycobacterium_ahvazicum,10352,10353,1
Mycobacterium_ahvazicum,10370,10371,1
Mycobacterium_ahvazicum,10434,10435,1
Mycobacterium_ahvazicum,10448,10449,1
Mycobacterium_ahvazicum,10476,10477,1
Mycobacterium_ahvazicum,10491,10492,1
Mycobacterium_ahvazicum,10526,10527,1
Mycobacterium_ahvazicum,10546,10649,103
Mycobacterium_ahvazicum,10828,10830,2
Mycobacterium_ahvazicum,10832,10846,14
Mycobacterium_ahvazicum,10864,10865,1
Mycobacterium_ahvazicum,10914,10915,1
Mycobacterium_ahvazicum,10958,10983,25
Mycobacterium_ahvazicum,11085,11086,1
Mycobacterium_ahvazicum,11143,11144,1
Mycobacterium_ahvazicum,11243,11244,1
Mycobacterium_ahvazicum,11260,11261,1
Mycobacterium_ahvazicum,11262,11263,1
Mycobacterium_ahvazicum,11265,11267,2
Mycobacterium_ahvazicum,11286,11287,1
Mycobacterium_ahvazicum,11312,11313,1
Mycobacterium_ahvazicum,11473,11474,1
Mycobacterium_ahvazicum,11505,11534,29
Mycobacterium_ahvazicum,11566,11567,1
Mycobacterium_ahvazicum,11590,11591,1
Mycobacterium_ahvazicum,11782,11783,1
Mycobacterium_ahvazicum,11823,11824,1
Mycobacterium_ahvazicum,11826,11827,1
Mycobacterium_ahvazicum,11831,11836,5
Mycobacterium_ahvazicum,11847,11852,5
Mycobacterium_ahvazicum,11859,11860,1
Mycobacterium_ahvazicum,11864,11866,2
Mycobacterium_ahvazicum,11877,11878,1
Mycobacterium_ahvazicum,11993,11995,2
Mycobacterium_ahvazicum,12029,12030,1
Mycobacterium_ahvazicum,12068,12069,1
Mycobacterium_ahvazicum,12207,12208,1
Mycobacterium_ahvazicum,12211,12212,1
Mycobacterium_ahvazicum,12213,12214,1
Mycobacterium_ahvazicum,12218,12222,4
Mycobacterium_ahvazicum,12225,12227,2
Mycobacterium_ahvazicum,12237,12238,1
Mycobacterium_ahvazicum,12360,12370,10
Mycobacterium_ahvazicum,12371,12372,1
Mycobacterium_ahvazicum,12374,12380,6
Mycobacterium_ahvazicum,12383,12390,7
Mycobacterium_ahvazicum,12391,12400,9
Mycobacterium_ahvazicum,12454,12455,1
Mycobacterium_ahvazicum,12738,12740,2
Mycobacterium_ahvazicum,12798,12925,127
Mycobacterium_ahvazicum,13451,13452,1
Mycobacterium_ahvazicum,13453,13454,1
Mycobacterium_ahvazicum,13508,13509,1
Mycobacterium_innocens,1,10,9
Mycobacterium_innocens,22,25,3
Mycobacterium_innocens,43,46,3
Mycobacterium_innocens,53,71,18
Mycobacterium_innocens,87,107,20
Mycobacterium_innocens,117,132,15
Mycobacterium_innocens,133,136,3
Mycobacterium_innocens,346,349,3
Mycobacterium_innocens,1542,1691,149
Mycobacterium_innocens,3284,3287,3
Mycobacterium_innocens,3317,3381,64
Mycobacterium_innocens,3418,3420,2
Mycobacterium_innocens,3424,3458,34
Mycobacterium_innocens,3473,3479,6
Mycobacterium_innocens,3485,3491,6
Mycobacterium_innocens,3642,3645,3
Mycobacterium_innocens,3650,3653,3
Mycobacterium_innocens,3782,3788,6
Mycobacterium_innocens,4400,4406,6
Mycobacterium_innocens,4407,4413,6
Mycobacterium_innocens,4417,4426,9
Mycobacterium_innocens,4432,4445,13
Mycobacterium_innocens,4452,4455,3
Mycobacterium_innocens,4456,4462,6
Mycobacterium_innocens,4468,4480,12
Mycobacterium_innocens,4483,4486,3
Mycobacterium_innocens,4540,4552,12
Mycobacterium_innocens,4555,4564,9
Mycobacterium_innocens,4567,4573,6
Mycobacterium_innocens,4581,4584,3
Mycobacterium_innocens,5163,5169,6
Mycobacterium_innocens,5170,5179,9
Mycobacterium_innocens,5181,5190,9
Mycobacterium_innocens,5197,5199,2
Mycobacterium_innocens,5201,5204,3
Mycobacterium_innocens,5206,5214,8
Mycobacterium_innocens,5218,5230,12
Mycobacterium_innocens,5231,5241,10
Mycobacterium_innocens,5247,5253,6
Mycobacterium_innocens,5401,5402,1
Mycobacterium_innocens,6015,6016,1
Mycobacterium_innocens,6431,6467,36
Mycobacterium_innocens,6470,6494,24
Mycobacterium_innocens,7178,7254,76
Mycobacterium_innocens,7260,7268,8
Mycobacterium_innocens,7760,7763,3
Mycobacterium_innocens,8452,8500,48
Mycobacterium_innocens,8577,8578,1
Mycobacterium_innocens,8584,8599,15
Mycobacterium_innocens,8601,8603,2
Mycobacterium_innocens,8609,8610,1
Mycobacterium_innocens,8661,8662,1
Mycobacterium_innocens,8703,8704,1
Mycobacterium_innocens,8720,8721,1
Mycobacterium_innocens,8733,8735,2
Mycobacterium_innocens,8739,8742,3
Mycobacterium_innocens,8930,8931,1
Mycobacterium_innocens,8980,8982,2
Mycobacterium_innocens,8996,8998,2
Mycobacterium_innocens,9120,9121,1
Mycobacterium_innocens,9370,9372,2
Mycobacterium_innocens,9546,9547,1
Mycobacterium_innocens,9812,9813,1
Mycobacterium_innocens,9980,9981,1
Mycobacterium_innocens,9983,9986,3
Mycobacterium_innocens,10076,10078,2
Mycobacterium_innocens,10157,10158,1
Mycobacterium_innocens,10261,10262,1
Mycobacterium_innocens,10310,10312,2
Mycobacterium_innocens,10313,10315,2
Mycobacterium_innocens,10325,10326,1
Mycobacterium_innocens,10370,10371,1
Mycobacterium_innocens,10434,10435,1
Mycobacterium_innocens,10448,10449,1
Mycobacterium_innocens,10476,10477,1
Mycobacterium_innocens,10491,10492,1
Mycobacterium_innocens,10526,10527,1
Mycobacterium_innocens,10546,10649,103
Mycobacterium_innocens,10828,10830,2
Mycobacterium_innocens,10832,10846,14
Mycobacterium_innocens,10864,10865,1
Mycobacterium_innocens,10914,10915,1
Mycobacterium_innocens,10958,10966,8
Mycobacterium_innocens,10971,10972,1
Mycobacterium_innocens,11085,11086,1
Mycobacterium_innocens,11143,11144,1
Mycobacterium_innocens,11243,11244,1
Mycobacterium_innocens,11260,11261,1
Mycobacterium_innocens,11262,11263,1
Mycobacterium_innocens,11265,11267,2
Mycobacterium_innocens,11286,11287,1
Mycobacterium_innocens,11312,11313,1
Mycobacterium_innocens,11473,11474,1
Mycobacterium_innocens,11505,11534,29
Mycobacterium_innocens,11566,11567,1
Mycobacterium_innocens,11590,11591,1
Mycobacterium_innocens,11782,11783,1
Mycobacterium_innocens,11823,11824,1
Mycobacterium_innocens,11826,11827,1
Mycobacterium_innocens,11831,11836,5
Mycobacterium_innocens,11848,11850,2
Mycobacterium_innocens,11851,11852,1
Mycobacterium_innocens,11859,11860,1
Mycobacterium_innocens,11864,11866,2
Mycobacterium_innocens,11877,11878,1
Mycobacterium_innocens,11993,11994,1
Mycobacterium_innocens,12029,12030,1
Mycobacterium_innocens,12068,12069,1
Mycobacterium_innocens,12207,12208,1
Mycobacterium_innocens,12211,12212,1
Mycobacterium_innocens,12213,12214,1
Mycobacterium_innocens,12218,12222,4
Mycobacterium_innocens,12225,12227,2
Mycobacterium_innocens,12237,12238,1
Mycobacterium_innocens,12360,12369,9
Mycobacterium_innocens,12371,12380,9
Mycobacterium_innocens,12384,12390,6
Mycobacterium_innocens,12391,12400,9
Mycobacterium_innocens,12454,12455,1
Mycobacterium_innocens,12739,12740,1
Mycobacterium_innocens,12798,12925,127
Mycobacterium_innocens,13451,13452,1
Mycobacterium_innocens,13453,13454,1
Mycobacterium_innocens,13508,13509,1
Mycobacterium_attenuatum,1,10,9
Mycobacterium_attenuatum,21,39,18
Mycobacterium_attenuatum,43,46,3
Mycobacterium_attenuatum,53,71,18
Mycobacterium_attenuatum,87,107,20
Mycobacterium_attenuatum,117,132,15
Mycobacterium_attenuatum,133,136,3
Mycobacterium_attenuatum,346,349,3
Mycobacterium_attenuatum,1542,1691,149
Mycobacterium_attenuatum,3284,3287,3
Mycobacterium_attenuatum,3317,3381,64
Mycobacterium_attenuatum,3418,3420,2
Mycobacterium_attenuatum,3424,3458,34
Mycobacterium_attenuatum,3473,3479,6
Mycobacterium_attenuatum,3485,3491,6
Mycobacterium_attenuatum,3642,3645,3
Mycobacterium_attenuatum,3650,3653,3
Mycobacterium_attenuatum,3655,3667,12
Mycobacterium_attenuatum,3782,3788,6
Mycobacterium_attenuatum,4400,4406,6
Mycobacterium_attenuatum,4407,4413,6
Mycobacterium_attenuatum,4417,4426,9
Mycobacterium_attenuatum,4432,4445,13
Mycobacterium_attenuatum,4452,4455,3
Mycobacterium_attenuatum,4456,4462,6
Mycobacterium_attenuatum,4468,4480,12
Mycobacterium_attenuatum,4483,4486,3
Mycobacterium_attenuatum,4555,4564,9
Mycobacterium_attenuatum,4567,4573,6
Mycobacterium_attenuatum,5163,5169,6
Mycobacterium_attenuatum,5170,5179,9
Mycobacterium_attenuatum,5181,5190,9
Mycobacterium_attenuatum,5197,5199,2
Mycobacterium_attenuatum,5201,5204,3
Mycobacterium_attenuatum,5206,5214,8
Mycobacterium_attenuatum,5218,5230,12
Mycobacterium_attenuatum,5231,5241,10
Mycobacterium_attenuatum,5247,5253,6
Mycobacterium_attenuatum,5401,5402,1
Mycobacterium_attenuatum,6015,6016,1
Mycobacterium_attenuatum,6431,6467,36
Mycobacterium_attenuatum,6470,6494,24
Mycobacterium_attenuatum,7178,7254,76
Mycobacterium_attenuatum,7260,7268,8
Mycobacterium_attenuatum,7760,7763,3
Mycobacterium_attenuatum,8452,8500,48
Mycobacterium_attenuatum,8577,8578,1
Mycobacterium_attenuatum,8584,8599,15
Mycobacterium_attenuatum,8600,8604,4
Mycobacterium_attenuatum,8609,8610,1
Mycobacterium_attenuatum,8661,8662,1
Mycobacterium_attenuatum,8703,8704,1
Mycobacterium_attenuatum,8720,8721,1
Mycobacterium_attenuatum,8733,8735,2
Mycobacterium_attenuatum,8739,8742,3
Mycobacterium_attenuatum,8930,8931,1
Mycobacterium_attenuatum,8980,8982,2
Mycobacterium_attenuatum,8996,8998,2
Mycobacterium_attenuatum,9120,9121,1
Mycobacterium_attenuatum,9370,9372,2
Mycobacterium_attenuatum,9546,9547,1
Mycobacterium_attenuatum,9812,9813,1
Mycobacterium_attenuatum,9980,9981,1
Mycobacterium_attenuatum,9983,9986,3
Mycobacterium_attenuatum,10076,10078,2
Mycobacterium_attenuatum,10157,10158,1
Mycobacterium_attenuatum,10261,10262,1
Mycobacterium_attenuatum,10310,10312,2
Mycobacterium_attenuatum,10313,10315,2
Mycobacterium_attenuatum,10325,10326,1
Mycobacterium_attenuatum,10370,10371,1
Mycobacterium_attenuatum,10434,10435,1
Mycobacterium_attenuatum,10448,10449,1
Mycobacterium_attenuatum,10476,10477,1
Mycobacterium_attenuatum,10491,10492,1
Mycobacterium_attenuatum,10526,10527,1
Mycobacterium_attenuatum,10546,10649,103
Mycobacterium_attenuatum,10828,10830,2
Mycobacterium_attenuatum,10838,10841,3
Mycobacterium_attenuatum,10864,10865,1
Mycobacterium_attenuatum,10914,10915,1
Mycobacterium_attenuatum,10958,10966,8
Mycobacterium_attenuatum,10971,10972,1
Mycobacterium_attenuatum,11085,11086,1
Mycobacterium_attenuatum,11143,11144,1
Mycobacterium_attenuatum,11243,11244,1
Mycobacterium_attenuatum,11260,11261,1
Mycobacterium_attenuatum,11262,11263,1
Mycobacterium_attenuatum,11265,11267,2
Mycobacterium_attenuatum,11286,11287,1
Mycobacterium_attenuatum,11312,11313,1
Mycobacterium_attenuatum,11473,11474,1
Mycobacterium_attenuatum,11505,11534,29
Mycobacterium_attenuatum,11566,11567,1
Mycobacterium_attenuatum,11590,11591,1
Mycobacterium_attenuatum,11782,11783,1
Mycobacterium_attenuatum,11823,11824,1
Mycobacterium_attenuatum,11826,11827,1
Mycobacterium_attenuatum,11831,11836,5
Mycobacterium_attenuatum,11848,11850,2
Mycobacterium_attenuatum,11851,11852,1
Mycobacterium_attenuatum,11859,11860,1
Mycobacterium_attenuatum,11864,11866,2
Mycobacterium_attenuatum,11877,11878,1
Mycobacterium_attenuatum,11993,11994,1
Mycobacterium_attenuatum,12029,12030,1
Mycobacterium_attenuatum,12068,12069,1
Mycobacterium_attenuatum,12207,12208,1
Mycobacterium_attenuatum,12211,12212,1
Mycobacterium_attenuatum,12213,12214,1
Mycobacterium_attenuatum,12218,12222,4
Mycobacterium_attenuatum,12225,12227,2
Mycobacterium_attenuatum,12237,12238,1
Mycobacterium_attenuatum,12360,12369,9
Mycobacterium_attenuatum,12371,12372,1
Mycobacterium_attenuatum,12374,12380,6
Mycobacterium_attenuatum,12384,12390,6
Mycobacterium_attenuatum,12391,12400,9
Mycobacterium_attenuatum,12454,12455,1
Mycobacterium_attenuatum,12739,12740,1
Mycobacterium_attenuatum,12798,12925,127
Mycobacterium_attenuatum,13451,13452,1
Mycobacterium_attenuatum,13453,13454,1
Mycobacterium_attenuatum,13508,13509,1
Mycobacterium_tilburgii,1,10,9
Mycobacterium_tilburgii,21,39,18
Mycobacterium_tilburgii,43,46,3
Mycobacterium_tilburgii,53,71,18
Mycobacterium_tilburgii,87,107,20
Mycobacterium_tilburgii,117,132,15
Mycobacterium_tilburgii,133,136,3
Mycobacterium_tilburgii,346,349,3
Mycobacterium_tilburgii,1542,1691,149
Mycobacterium_tilburgii,3317,3361,44
Mycobacterium_tilburgii,3364,3365,1
Mycobacterium_tilburgii,3373,3374,1
Mycobacterium_tilburgii,3414,3420,6
Mycobacterium_tilburgii,3422,3482,60
Mycobacterium_tilburgii,3485,3491,6
Mycobacterium_tilburgii,3642,3645,3
Mycobacterium_tilburgii,3650,3653,3
Mycobacterium_tilburgii,3655,3667,12
Mycobacterium_tilburgii,3782,3788,6
Mycobacterium_tilburgii,4400,4406,6
Mycobacterium_tilburgii,4407,4413,6
Mycobacterium_tilburgii,4417,4426,9
Mycobacterium_tilburgii,4432,4445,13
Mycobacterium_tilburgii,4452,4455,3
Mycobacterium_tilburgii,4456,4462,6
Mycobacterium_tilburgii,4468,4480,12
Mycobacterium_tilburgii,4483,4486,3
Mycobacterium_tilburgii,4540,4552,12
Mycobacterium_tilburgii,4555,4564,9
Mycobacterium_tilburgii,4567,4573,6
Mycobacterium_tilburgii,4581,4584,3
Mycobacterium_tilburgii,5163,5169,6
Mycobacterium_tilburgii,5170,5179,9
Mycobacterium_tilburgii,5181,5190,9
Mycobacterium_tilburgii,5197,5199,2
Mycobacterium_tilburgii,5201,5204,3
Mycobacterium_tilburgii,5206,5214,8
Mycobacterium_tilburgii,5218,5230,12
Mycobacterium_tilburgii,5231,5241,10
Mycobacterium_tilburgii,5247,5253,6
Mycobacterium_tilburgii,5401,5402,1
Mycobacterium_tilburgii,6015,6016,1
Mycobacterium_tilburgii,6428,6464,36
Mycobacterium_tilburgii,6470,6494,24
Mycobacterium_tilburgii,7178,7254,76
Mycobacterium_tilburgii,7260,7268,8
Mycobacterium_tilburgii,7760,7763,3
Mycobacterium_tilburgii,8452,8500,48
Mycobacterium_tilburgii,8577,8578,1
Mycobacterium_tilburgii,8584,8599,15
Mycobacterium_tilburgii,8601,8603,2
Mycobacterium_tilburgii,8609,8610,1
Mycobacterium_tilburgii,8661,8662,1
Mycobacterium_tilburgii,8703,8704,1
Mycobacterium_tilburgii,8720,8721,1
Mycobacterium_tilburgii,8733,8735,2
Mycobacterium_tilburgii,8739,8742,3
Mycobacterium_tilburgii,8930,8931,1
Mycobacterium_tilburgii,8980,8982,2
Mycobacterium_tilburgii,8987,9001,14
Mycobacterium_tilburgii,9120,9121,1
Mycobacterium_tilburgii,9370,9372,2
Mycobacterium_tilburgii,9812,9814,2
Mycobacterium_tilburgii,9983,9987,4
Mycobacterium_tilburgii,10076,10078,2
Mycobacterium_tilburgii,10157,10158,1
Mycobacterium_tilburgii,10261,10262,1
Mycobacterium_tilburgii,10310,10312,2
Mycobacterium_tilburgii,10313,10315,2
Mycobacterium_tilburgii,10325,10326,1
Mycobacterium_tilburgii,10370,10371,1
Mycobacterium_tilburgii,10434,10435,1
Mycobacterium_tilburgii,10448,10449,1
Mycobacterium_tilburgii,10476,10477,1
Mycobacterium_tilburgii,10491,10492,1
Mycobacterium_tilburgii,10526,10527,1
Mycobacterium_tilburgii,10546,10649,103
Mycobacterium_tilburgii,10828,10830,2
Mycobacterium_tilburgii,10832,10846,14
Mycobacterium_tilburgii,10864,10865,1
Mycobacterium_tilburgii,10914,10915,1
Mycobacterium_tilburgii,10958,10983,25
Mycobacterium_tilburgii,11085,11086,1
Mycobacterium_tilburgii,11143,11144,1
Mycobacterium_tilburgii,11243,11244,1
Mycobacterium_tilburgii,11260,11261,1
Mycobacterium_tilburgii,11262,11263,1
Mycobacterium_tilburgii,11265,11267,2
Mycobacterium_tilburgii,11286,11287,1
Mycobacterium_tilburgii,11312,11313,1
Mycobacterium_tilburgii,11473,11474,1
Mycobacterium_tilburgii,11505,11534,29
Mycobacterium_tilburgii,11566,11567,1
Mycobacterium_tilburgii,11590,11591,1
Mycobacterium_tilburgii,11782,11783,1
Mycobacterium_tilburgii,11823,11824,1
Mycobacterium_tilburgii,11826,11827,1
Mycobacterium_tilburgii,11831,11836,5
Mycobacterium_tilburgii,11847,11852,5
Mycobacterium_tilburgii,11859,11860,1
Mycobacterium_tilburgii,11864,11866,2
Mycobacterium_tilburgii,11877,11878,1
Mycobacterium_tilburgii,11993,11995,2
Mycobacterium_tilburgii,12068,12069,1
Mycobacterium_tilburgii,12207,12208,1
Mycobacterium_tilburgii,12211,12212,1
Mycobacterium_tilburgii,12213,12214,1
Mycobacterium_tilburgii,12218,12222,4
Mycobacterium_tilburgii,12225,12227,2
Mycobacterium_tilburgii,12237,12238,1
Mycobacterium_tilburgii,12360,12369,9
Mycobacterium_tilburgii,12371,12372,1
Mycobacterium_tilburgii,12374,12380,6
Mycobacterium_tilburgii,12384,12390,6
Mycobacterium_tilburgii,12391,12400,9
Mycobacterium_tilburgii,12454,12455,1
Mycobacterium_tilburgii,12738,12740,2
Mycobacterium_tilburgii,12798,12925,127
Mycobacterium_tilburgii,13451,13452,1
Mycobacterium_tilburgii,13508,13509,1
