,sp,start,end,len
0,Mycobacterium_hominissuis,1,10,9
1,Mycobacterium_hominissuis,24,36,12
2,Mycobacterium_hominissuis,43,46,3
3,Mycobacterium_hominissuis,53,71,18
4,Mycobacterium_hominissuis,87,107,20
5,Mycobacterium_hominissuis,117,132,15
6,Mycobacterium_hominissuis,133,136,3
7,Mycobacterium_hominissuis,346,349,3
8,Mycobacterium_hominissuis,1542,1691,149
9,Mycobacterium_hominissuis,3317,3381,64
10,Mycobacterium_hominissuis,3414,3420,6
11,Mycobacterium_hominissuis,3424,3460,36
12,Mycobacterium_hominissuis,3485,3491,6
13,Mycobacterium_hominissuis,3642,3645,3
14,Mycobacterium_hominissuis,3650,3653,3
15,Mycobacterium_hominissuis,3655,3667,12
16,Mycobacterium_hominissuis,3782,3788,6
17,Mycobacterium_hominissuis,4400,4406,6
18,Mycobacterium_hominissuis,4407,4413,6
19,Mycobacterium_hominissuis,4417,4426,9
20,Mycobacterium_hominissuis,4432,4445,13
21,Mycobacterium_hominissuis,4452,4455,3
22,Mycobacterium_hominissuis,4456,4462,6
23,Mycobacterium_hominissuis,4468,4480,12
24,Mycobacterium_hominissuis,4483,4486,3
25,Mycobacterium_hominissuis,4540,4552,12
26,Mycobacterium_hominissuis,4555,4564,9
27,Mycobacterium_hominissuis,4567,4573,6
28,Mycobacterium_hominissuis,4581,4584,3
29,Mycobacterium_hominissuis,5163,5169,6
30,Mycobacterium_hominissuis,5170,5179,9
31,Mycobacterium_hominissuis,5181,5190,9
32,Mycobacterium_hominissuis,5197,5199,2
33,Mycobacterium_hominissuis,5201,5204,3
34,Mycobacterium_hominissuis,5206,5214,8
35,Mycobacterium_hominissuis,5218,5230,12
36,Mycobacterium_hominissuis,5231,5241,10
37,Mycobacterium_hominissuis,5247,5253,6
38,Mycobacterium_hominissuis,5401,5402,1
39,Mycobacterium_hominissuis,6015,6016,1
40,Mycobacterium_hominissuis,6428,6464,36
41,Mycobacterium_hominissuis,6470,6494,24
42,Mycobacterium_hominissuis,7178,7254,76
43,Mycobacterium_hominissuis,7260,7268,8
44,Mycobacterium_hominissuis,7760,7763,3
45,Mycobacterium_hominissuis,8452,8500,48
46,Mycobacterium_hominissuis,8577,8578,1
47,Mycobacterium_hominissuis,8584,8599,15
48,Mycobacterium_hominissuis,8601,8603,2
49,Mycobacterium_hominissuis,8609,8610,1
50,Mycobacterium_hominissuis,8661,8662,1
51,Mycobacterium_hominissuis,8703,8704,1
52,Mycobacterium_hominissuis,8720,8721,1
53,Mycobacterium_hominissuis,8733,8735,2
54,Mycobacterium_hominissuis,8739,8742,3
55,Mycobacterium_hominissuis,8930,8931,1
56,Mycobacterium_hominissuis,8980,8982,2
57,Mycobacterium_hominissuis,8996,8998,2
58,Mycobacterium_hominissuis,9120,9121,1
59,Mycobacterium_hominissuis,9370,9372,2
60,Mycobacterium_hominissuis,9546,9547,1
61,Mycobacterium_hominissuis,9812,9813,1
62,Mycobacterium_hominissuis,9984,9986,2
63,Mycobacterium_hominissuis,10076,10078,2
64,Mycobacterium_hominissuis,10157,10158,1
65,Mycobacterium_hominissuis,10261,10262,1
66,Mycobacterium_hominissuis,10310,10312,2
67,Mycobacterium_hominissuis,10313,10315,2
68,Mycobacterium_hominissuis,10325,10326,1
69,Mycobacterium_hominissuis,10352,10353,1
70,Mycobacterium_hominissuis,10370,10371,1
71,Mycobacterium_hominissuis,10434,10435,1
72,Mycobacterium_hominissuis,10448,10449,1
73,Mycobacterium_hominissuis,10476,10477,1
74,Mycobacterium_hominissuis,10491,10492,1
75,Mycobacterium_hominissuis,10526,10527,1
76,Mycobacterium_hominissuis,10546,10649,103
77,Mycobacterium_hominissuis,10828,10830,2
78,Mycobacterium_hominissuis,10832,10846,14
79,Mycobacterium_hominissuis,10864,10865,1
80,Mycobacterium_hominissuis,10914,10915,1
81,Mycobacterium_hominissuis,10965,10977,12
82,Mycobacterium_hominissuis,11085,11086,1
83,Mycobacterium_hominissuis,11143,11144,1
84,Mycobacterium_hominissuis,11243,11244,1
85,Mycobacterium_hominissuis,11260,11261,1
86,Mycobacterium_hominissuis,11262,11263,1
87,Mycobacterium_hominissuis,11265,11267,2
88,Mycobacterium_hominissuis,11286,11287,1
89,Mycobacterium_hominissuis,11312,11313,1
90,Mycobacterium_hominissuis,11473,11474,1
91,Mycobacterium_hominissuis,11505,11511,6
92,Mycobacterium_hominissuis,11513,11514,1
93,Mycobacterium_hominissuis,11520,11521,1
94,Mycobacterium_hominissuis,11523,11533,10
95,Mycobacterium_hominissuis,11566,11567,1
96,Mycobacterium_hominissuis,11590,11591,1
97,Mycobacterium_hominissuis,11782,11783,1
98,Mycobacterium_hominissuis,11823,11824,1
99,Mycobacterium_hominissuis,11826,11827,1
100,Mycobacterium_hominissuis,11831,11836,5
101,Mycobacterium_hominissuis,11848,11850,2
102,Mycobacterium_hominissuis,11851,11852,1
103,Mycobacterium_hominissuis,11859,11860,1
104,Mycobacterium_hominissuis,11864,11866,2
105,Mycobacterium_hominissuis,11877,11878,1
106,Mycobacterium_hominissuis,11993,11994,1
107,Mycobacterium_hominissuis,12029,12030,1
108,Mycobacterium_hominissuis,12068,12069,1
109,Mycobacterium_hominissuis,12207,12208,1
110,Mycobacterium_hominissuis,12211,12212,1
111,Mycobacterium_hominissuis,12213,12214,1
112,Mycobacterium_hominissuis,12218,12222,4
113,Mycobacterium_hominissuis,12225,12227,2
114,Mycobacterium_hominissuis,12237,12238,1
115,Mycobacterium_hominissuis,12360,12369,9
116,Mycobacterium_hominissuis,12371,12372,1
117,Mycobacterium_hominissuis,12374,12380,6
118,Mycobacterium_hominissuis,12384,12390,6
119,Mycobacterium_hominissuis,12391,12400,9
120,Mycobacterium_hominissuis,12454,12455,1
121,Mycobacterium_hominissuis,12738,12740,2
122,Mycobacterium_hominissuis,12798,12925,127
123,Mycobacterium_hominissuis,13451,13452,1
124,Mycobacterium_hominissuis,13453,13454,1
125,Mycobacterium_hominissuis,13508,13509,1
126,Mycobacterium_colombiense,1,10,9
127,Mycobacterium_colombiense,21,39,18
128,Mycobacterium_colombiense,43,46,3
129,Mycobacterium_colombiense,53,80,27
130,Mycobacterium_colombiense,87,107,20
131,Mycobacterium_colombiense,117,132,15
132,Mycobacterium_colombiense,133,136,3
133,Mycobacterium_colombiense,346,349,3
134,Mycobacterium_colombiense,1542,1583,41
135,Mycobacterium_colombiense,1587,1676,89
136,Mycobacterium_colombiense,1678,1691,13
137,Mycobacterium_colombiense,3317,3381,64
138,Mycobacterium_colombiense,3414,3420,6
139,Mycobacterium_colombiense,3424,3460,36
140,Mycobacterium_colombiense,3476,3479,3
141,Mycobacterium_colombiense,3485,3491,6
142,Mycobacterium_colombiense,3642,3645,3
143,Mycobacterium_colombiense,3650,3653,3
144,Mycobacterium_colombiense,3782,3788,6
145,Mycobacterium_colombiense,4400,4406,6
146,Mycobacterium_colombiense,4407,4413,6
147,Mycobacterium_colombiense,4417,4426,9
148,Mycobacterium_colombiense,4432,4445,13
149,Mycobacterium_colombiense,4452,4455,3
150,Mycobacterium_colombiense,4456,4462,6
151,Mycobacterium_colombiense,4468,4480,12
152,Mycobacterium_colombiense,4483,4486,3
153,Mycobacterium_colombiense,4540,4552,12
154,Mycobacterium_colombiense,4555,4564,9
155,Mycobacterium_colombiense,4567,4573,6
156,Mycobacterium_colombiense,4581,4584,3
157,Mycobacterium_colombiense,5163,5169,6
158,Mycobacterium_colombiense,5170,5179,9
159,Mycobacterium_colombiense,5181,5190,9
160,Mycobacterium_colombiense,5197,5199,2
161,Mycobacterium_colombiense,5201,5204,3
162,Mycobacterium_colombiense,5206,5214,8
163,Mycobacterium_colombiense,5218,5230,12
164,Mycobacterium_colombiense,5231,5241,10
165,Mycobacterium_colombiense,5247,5253,6
166,Mycobacterium_colombiense,5401,5402,1
167,Mycobacterium_colombiense,6015,6016,1
168,Mycobacterium_colombiense,6428,6464,36
169,Mycobacterium_colombiense,6470,6494,24
170,Mycobacterium_colombiense,7178,7254,76
171,Mycobacterium_colombiense,7260,7268,8
172,Mycobacterium_colombiense,7760,7763,3
173,Mycobacterium_colombiense,8452,8500,48
174,Mycobacterium_colombiense,8577,8578,1
175,Mycobacterium_colombiense,8584,8599,15
176,Mycobacterium_colombiense,8601,8603,2
177,Mycobacterium_colombiense,8609,8610,1
178,Mycobacterium_colombiense,8661,8662,1
179,Mycobacterium_colombiense,8703,8704,1
180,Mycobacterium_colombiense,8720,8721,1
181,Mycobacterium_colombiense,8733,8735,2
182,Mycobacterium_colombiense,8739,8742,3
183,Mycobacterium_colombiense,8930,8931,1
184,Mycobacterium_colombiense,8980,8982,2
185,Mycobacterium_colombiense,8996,8998,2
186,Mycobacterium_colombiense,9120,9121,1
187,Mycobacterium_colombiense,9370,9372,2
188,Mycobacterium_colombiense,9546,9547,1
189,Mycobacterium_colombiense,9812,9813,1
190,Mycobacterium_colombiense,9982,9986,4
191,Mycobacterium_colombiense,10076,10078,2
192,Mycobacterium_colombiense,10157,10158,1
193,Mycobacterium_colombiense,10261,10262,1
194,Mycobacterium_colombiense,10310,10312,2
195,Mycobacterium_colombiense,10313,10315,2
196,Mycobacterium_colombiense,10325,10326,1
197,Mycobacterium_colombiense,10352,10353,1
198,Mycobacterium_colombiense,10370,10371,1
199,Mycobacterium_colombiense,10434,10435,1
200,Mycobacterium_colombiense,10448,10449,1
201,Mycobacterium_colombiense,10476,10477,1
202,Mycobacterium_colombiense,10491,10492,1
203,Mycobacterium_colombiense,10526,10527,1
204,Mycobacterium_colombiense,10546,10649,103
205,Mycobacterium_colombiense,10828,10830,2
206,Mycobacterium_colombiense,10832,10846,14
207,Mycobacterium_colombiense,10864,10865,1
208,Mycobacterium_colombiense,10914,10915,1
209,Mycobacterium_colombiense,10965,10977,12
210,Mycobacterium_colombiense,11085,11086,1
211,Mycobacterium_colombiense,11143,11144,1
212,Mycobacterium_colombiense,11243,11244,1
213,Mycobacterium_colombiense,11260,11261,1
214,Mycobacterium_colombiense,11262,11263,1
215,Mycobacterium_colombiense,11265,11267,2
216,Mycobacterium_colombiense,11286,11287,1
217,Mycobacterium_colombiense,11312,11313,1
218,Mycobacterium_colombiense,11473,11474,1
219,Mycobacterium_colombiense,11505,11511,6
220,Mycobacterium_colombiense,11513,11514,1
221,Mycobacterium_colombiense,11519,11521,2
222,Mycobacterium_colombiense,11523,11533,10
223,Mycobacterium_colombiense,11566,11567,1
224,Mycobacterium_colombiense,11590,11591,1
225,Mycobacterium_colombiense,11782,11783,1
226,Mycobacterium_colombiense,11823,11824,1
227,Mycobacterium_colombiense,11826,11827,1
228,Mycobacterium_colombiense,11831,11836,5
229,Mycobacterium_colombiense,11848,11850,2
230,Mycobacterium_colombiense,11851,11852,1
231,Mycobacterium_colombiense,11859,11860,1
232,Mycobacterium_colombiense,11864,11866,2
233,Mycobacterium_colombiense,11877,11878,1
234,Mycobacterium_colombiense,11993,11994,1
235,Mycobacterium_colombiense,12029,12030,1
236,Mycobacterium_colombiense,12068,12069,1
237,Mycobacterium_colombiense,12207,12208,1
238,Mycobacterium_colombiense,12211,12212,1
239,Mycobacterium_colombiense,12213,12214,1
240,Mycobacterium_colombiense,12218,12222,4
241,Mycobacterium_colombiense,12225,12227,2
242,Mycobacterium_colombiense,12237,12238,1
243,Mycobacterium_colombiense,12360,12369,9
244,Mycobacterium_colombiense,12371,12380,9
245,Mycobacterium_colombiense,12384,12390,6
246,Mycobacterium_colombiense,12391,12400,9
247,Mycobacterium_colombiense,12454,12455,1
248,Mycobacterium_colombiense,12738,12740,2
249,Mycobacterium_colombiense,12798,12925,127
250,Mycobacterium_colombiense,13451,13452,1
251,Mycobacterium_colombiense,13453,13454,1
252,Mycobacterium_colombiense,13508,13509,1
253,Mycobacteroides_massiliense,1,10,9
254,Mycobacteroides_massiliense,24,39,15
255,Mycobacteroides_massiliense,43,46,3
256,Mycobacteroides_massiliense,53,115,62
257,Mycobacteroides_massiliense,117,132,15
258,Mycobacteroides_massiliense,133,136,3
259,Mycobacteroides_massiliense,346,349,3
260,Mycobacteroides_massiliense,1542,1691,149
261,Mycobacteroides_massiliense,3320,3326,6
262,Mycobacteroides_massiliense,3333,3361,28
263,Mycobacteroides_massiliense,3364,3365,1
264,Mycobacteroides_massiliense,3372,3374,2
265,Mycobacteroides_massiliense,3411,3480,69
266,Mycobacteroides_massiliense,3485,3491,6
267,Mycobacteroides_massiliense,3642,3645,3
268,Mycobacteroides_massiliense,3650,3653,3
269,Mycobacteroides_massiliense,3655,3667,12
270,Mycobacteroides_massiliense,3782,3788,6
271,Mycobacteroides_massiliense,4400,4406,6
272,Mycobacteroides_massiliense,4407,4413,6
273,Mycobacteroides_massiliense,4424,4425,1
274,Mycobacteroides_massiliense,4433,4445,12
275,Mycobacteroides_massiliense,4452,4455,3
276,Mycobacteroides_massiliense,4456,4462,6
277,Mycobacteroides_massiliense,4468,4486,18
278,Mycobacteroides_massiliense,4540,4552,12
279,Mycobacteroides_massiliense,4555,4564,9
280,Mycobacteroides_massiliense,4567,4573,6
281,Mycobacteroides_massiliense,4582,4585,3
282,Mycobacteroides_massiliense,5163,5169,6
283,Mycobacteroides_massiliense,5170,5179,9
284,Mycobacteroides_massiliense,5181,5190,9
285,Mycobacteroides_massiliense,5197,5199,2
286,Mycobacteroides_massiliense,5201,5204,3
287,Mycobacteroides_massiliense,5206,5214,8
288,Mycobacteroides_massiliense,5218,5230,12
289,Mycobacteroides_massiliense,5231,5241,10
290,Mycobacteroides_massiliense,5247,5253,6
291,Mycobacteroides_massiliense,5401,5402,1
292,Mycobacteroides_massiliense,6015,6016,1
293,Mycobacteroides_massiliense,6431,6467,36
294,Mycobacteroides_massiliense,6470,6494,24
295,Mycobacteroides_massiliense,7178,7254,76
296,Mycobacteroides_massiliense,7260,7268,8
297,Mycobacteroides_massiliense,8452,8500,48
298,Mycobacteroides_massiliense,8577,8578,1
299,Mycobacteroides_massiliense,8584,8603,19
300,Mycobacteroides_massiliense,8609,8610,1
301,Mycobacteroides_massiliense,8661,8662,1
302,Mycobacteroides_massiliense,8703,8704,1
303,Mycobacteroides_massiliense,8720,8721,1
304,Mycobacteroides_massiliense,8733,8735,2
305,Mycobacteroides_massiliense,8739,8742,3
306,Mycobacteroides_massiliense,8930,8931,1
307,Mycobacteroides_massiliense,8981,8997,16
308,Mycobacteroides_massiliense,9120,9121,1
309,Mycobacteroides_massiliense,9370,9372,2
310,Mycobacteroides_massiliense,9546,9547,1
311,Mycobacteroides_massiliense,9812,9814,2
312,Mycobacteroides_massiliense,9982,9986,4
313,Mycobacteroides_massiliense,10076,10077,1
314,Mycobacteroides_massiliense,10157,10158,1
315,Mycobacteroides_massiliense,10261,10262,1
316,Mycobacteroides_massiliense,10310,10312,2
317,Mycobacteroides_massiliense,10313,10315,2
318,Mycobacteroides_massiliense,10325,10326,1
319,Mycobacteroides_massiliense,10370,10371,1
320,Mycobacteroides_massiliense,10434,10435,1
321,Mycobacteroides_massiliense,10448,10449,1
322,Mycobacteroides_massiliense,10476,10477,1
323,Mycobacteroides_massiliense,10491,10492,1
324,Mycobacteroides_massiliense,10526,10527,1
325,Mycobacteroides_massiliense,10546,10649,103
326,Mycobacteroides_massiliense,10828,10839,11
327,Mycobacteroides_massiliense,10841,10846,5
328,Mycobacteroides_massiliense,10864,10865,1
329,Mycobacteroides_massiliense,10914,10915,1
330,Mycobacteroides_massiliense,10955,10974,19
331,Mycobacteroides_massiliense,10975,10980,5
332,Mycobacteroides_massiliense,11085,11086,1
333,Mycobacteroides_massiliense,11143,11144,1
334,Mycobacteroides_massiliense,11243,11244,1
335,Mycobacteroides_massiliense,11260,11261,1
336,Mycobacteroides_massiliense,11265,11267,2
337,Mycobacteroides_massiliense,11286,11287,1
338,Mycobacteroides_massiliense,11312,11313,1
339,Mycobacteroides_massiliense,11473,11474,1
340,Mycobacteroides_massiliense,11520,11521,1
341,Mycobacteroides_massiliense,11532,11533,1
342,Mycobacteroides_massiliense,11566,11567,1
343,Mycobacteroides_massiliense,11635,11636,1
344,Mycobacteroides_massiliense,11782,11783,1
345,Mycobacteroides_massiliense,11823,11824,1
346,Mycobacteroides_massiliense,11826,11827,1
347,Mycobacteroides_massiliense,11831,11836,5
348,Mycobacteroides_massiliense,11847,11852,5
349,Mycobacteroides_massiliense,11859,11860,1
350,Mycobacteroides_massiliense,11864,11866,2
351,Mycobacteroides_massiliense,11877,11878,1
352,Mycobacteroides_massiliense,11992,11994,2
353,Mycobacteroides_massiliense,12029,12030,1
354,Mycobacteroides_massiliense,12068,12069,1
355,Mycobacteroides_massiliense,12194,12195,1
356,Mycobacteroides_massiliense,12211,12214,3
357,Mycobacteroides_massiliense,12220,12221,1
358,Mycobacteroides_massiliense,12222,12227,5
359,Mycobacteroides_massiliense,12237,12238,1
360,Mycobacteroides_massiliense,12360,12369,9
361,Mycobacteroides_massiliense,12371,12372,1
362,Mycobacteroides_massiliense,12374,12388,14
363,Mycobacteroides_massiliense,12391,12400,9
364,Mycobacteroides_massiliense,12454,12455,1
365,Mycobacteroides_massiliense,12739,12740,1
366,Mycobacteroides_massiliense,12798,12925,127
367,Mycobacteroides_massiliense,13451,13452,1
368,Mycobacteroides_massiliense,13453,13454,1
369,Mycobacteroides_massiliense,13508,13509,1
370,Mycobacterium_yongonense,21,39,18
371,Mycobacterium_yongonense,43,46,3
372,Mycobacterium_yongonense,53,71,18
373,Mycobacterium_yongonense,87,107,20
374,Mycobacterium_yongonense,117,132,15
375,Mycobacterium_yongonense,133,136,3
376,Mycobacterium_yongonense,346,349,3
377,Mycobacterium_yongonense,1542,1691,149
378,Mycobacterium_yongonense,3317,3381,64
379,Mycobacterium_yongonense,3414,3420,6
380,Mycobacterium_yongonense,3424,3460,36
381,Mycobacterium_yongonense,3476,3479,3
382,Mycobacterium_yongonense,3485,3491,6
383,Mycobacterium_yongonense,3642,3645,3
384,Mycobacterium_yongonense,3650,3653,3
385,Mycobacterium_yongonense,3655,3667,12
386,Mycobacterium_yongonense,3782,3788,6
387,Mycobacterium_yongonense,4400,4406,6
388,Mycobacterium_yongonense,4407,4413,6
389,Mycobacterium_yongonense,4417,4426,9
390,Mycobacterium_yongonense,4432,4445,13
391,Mycobacterium_yongonense,4452,4455,3
392,Mycobacterium_yongonense,4456,4462,6
393,Mycobacterium_yongonense,4468,4480,12
394,Mycobacterium_yongonense,4483,4486,3
395,Mycobacterium_yongonense,4555,4564,9
396,Mycobacterium_yongonense,4567,4573,6
397,Mycobacterium_yongonense,5163,5169,6
398,Mycobacterium_yongonense,5170,5179,9
399,Mycobacterium_yongonense,5181,5190,9
400,Mycobacterium_yongonense,5197,5199,2
401,Mycobacterium_yongonense,5201,5204,3
402,Mycobacterium_yongonense,5206,5214,8
403,Mycobacterium_yongonense,5218,5230,12
404,Mycobacterium_yongonense,5231,5241,10
405,Mycobacterium_yongonense,5247,5253,6
406,Mycobacterium_yongonense,5401,5402,1
407,Mycobacterium_yongonense,6015,6016,1
408,Mycobacterium_yongonense,6428,6464,36
409,Mycobacterium_yongonense,6470,6494,24
410,Mycobacterium_yongonense,7178,7254,76
411,Mycobacterium_yongonense,7260,7268,8
412,Mycobacterium_yongonense,7760,7763,3
413,Mycobacterium_yongonense,8452,8500,48
414,Mycobacterium_yongonense,8577,8578,1
415,Mycobacterium_yongonense,8584,8599,15
416,Mycobacterium_yongonense,8601,8603,2
417,Mycobacterium_yongonense,8609,8610,1
418,Mycobacterium_yongonense,8661,8662,1
419,Mycobacterium_yongonense,8703,8704,1
420,Mycobacterium_yongonense,8720,8721,1
421,Mycobacterium_yongonense,8733,8735,2
422,Mycobacterium_yongonense,8739,8742,3
423,Mycobacterium_yongonense,8930,8931,1
424,Mycobacterium_yongonense,8980,8982,2
425,Mycobacterium_yongonense,8996,8998,2
426,Mycobacterium_yongonense,9110,9111,1
427,Mycobacterium_yongonense,9120,9121,1
428,Mycobacterium_yongonense,9370,9372,2
429,Mycobacterium_yongonense,9546,9547,1
430,Mycobacterium_yongonense,9812,9813,1
431,Mycobacterium_yongonense,9982,9986,4
432,Mycobacterium_yongonense,10076,10078,2
433,Mycobacterium_yongonense,10157,10158,1
434,Mycobacterium_yongonense,10261,10262,1
435,Mycobacterium_yongonense,10310,10312,2
436,Mycobacterium_yongonense,10313,10315,2
437,Mycobacterium_yongonense,10325,10326,1
438,Mycobacterium_yongonense,10352,10353,1
439,Mycobacterium_yongonense,10370,10371,1
440,Mycobacterium_yongonense,10411,10412,1
441,Mycobacterium_yongonense,10434,10435,1
442,Mycobacterium_yongonense,10448,10449,1
443,Mycobacterium_yongonense,10476,10477,1
444,Mycobacterium_yongonense,10491,10492,1
445,Mycobacterium_yongonense,10526,10527,1
446,Mycobacterium_yongonense,10546,10649,103
447,Mycobacterium_yongonense,10828,10830,2
448,Mycobacterium_yongonense,10832,10846,14
449,Mycobacterium_yongonense,10864,10865,1
450,Mycobacterium_yongonense,10914,10915,1
451,Mycobacterium_yongonense,10965,10977,12
452,Mycobacterium_yongonense,11085,11086,1
453,Mycobacterium_yongonense,11143,11144,1
454,Mycobacterium_yongonense,11243,11244,1
455,Mycobacterium_yongonense,11260,11261,1
456,Mycobacterium_yongonense,11262,11263,1
457,Mycobacterium_yongonense,11265,11267,2
458,Mycobacterium_yongonense,11286,11287,1
459,Mycobacterium_yongonense,11312,11313,1
460,Mycobacterium_yongonense,11473,11474,1
461,Mycobacterium_yongonense,11505,11511,6
462,Mycobacterium_yongonense,11513,11514,1
463,Mycobacterium_yongonense,11519,11521,2
464,Mycobacterium_yongonense,11523,11533,10
465,Mycobacterium_yongonense,11566,11567,1
466,Mycobacterium_yongonense,11590,11591,1
467,Mycobacterium_yongonense,11782,11783,1
468,Mycobacterium_yongonense,11823,11824,1
469,Mycobacterium_yongonense,11826,11827,1
470,Mycobacterium_yongonense,11831,11836,5
471,Mycobacterium_yongonense,11848,11850,2
472,Mycobacterium_yongonense,11851,11852,1
473,Mycobacterium_yongonense,11859,11860,1
474,Mycobacterium_yongonense,11864,11866,2
475,Mycobacterium_yongonense,11877,11878,1
476,Mycobacterium_yongonense,11993,11994,1
477,Mycobacterium_yongonense,12029,12030,1
478,Mycobacterium_yongonense,12068,12069,1
479,Mycobacterium_yongonense,12207,12208,1
480,Mycobacterium_yongonense,12211,12212,1
481,Mycobacterium_yongonense,12213,12214,1
482,Mycobacterium_yongonense,12218,12222,4
483,Mycobacterium_yongonense,12225,12227,2
484,Mycobacterium_yongonense,12237,12238,1
485,Mycobacterium_yongonense,12360,12369,9
486,Mycobacterium_yongonense,12371,12380,9
487,Mycobacterium_yongonense,12384,12390,6
488,Mycobacterium_yongonense,12391,12400,9
489,Mycobacterium_yongonense,12454,12455,1
490,Mycobacterium_yongonense,12738,12740,2
491,Mycobacterium_yongonense,12798,12925,127
492,Mycobacterium_yongonense,13451,13452,1
493,Mycobacterium_yongonense,13453,13454,1
494,Mycobacterium_yongonense,13508,13509,1
495,Mycobacterium_chimaera,21,39,18
496,Mycobacterium_chimaera,43,46,3
497,Mycobacterium_chimaera,53,71,18
498,Mycobacterium_chimaera,87,107,20
499,Mycobacterium_chimaera,117,132,15
500,Mycobacterium_chimaera,133,136,3
501,Mycobacterium_chimaera,346,349,3
502,Mycobacterium_chimaera,1542,1691,149
503,Mycobacterium_chimaera,3317,3381,64
504,Mycobacterium_chimaera,3414,3420,6
505,Mycobacterium_chimaera,3424,3460,36
506,Mycobacterium_chimaera,3476,3479,3
507,Mycobacterium_chimaera,3485,3491,6
508,Mycobacterium_chimaera,3642,3645,3
509,Mycobacterium_chimaera,3650,3653,3
510,Mycobacterium_chimaera,3782,3788,6
511,Mycobacterium_chimaera,4400,4406,6
512,Mycobacterium_chimaera,4407,4413,6
513,Mycobacterium_chimaera,4417,4426,9
514,Mycobacterium_chimaera,4432,4445,13
515,Mycobacterium_chimaera,4452,4455,3
516,Mycobacterium_chimaera,4456,4462,6
517,Mycobacterium_chimaera,4468,4480,12
518,Mycobacterium_chimaera,4483,4486,3
519,Mycobacterium_chimaera,4555,4564,9
520,Mycobacterium_chimaera,4567,4573,6
521,Mycobacterium_chimaera,5163,5169,6
522,Mycobacterium_chimaera,5170,5179,9
523,Mycobacterium_chimaera,5181,5190,9
524,Mycobacterium_chimaera,5197,5199,2
525,Mycobacterium_chimaera,5201,5204,3
526,Mycobacterium_chimaera,5206,5214,8
527,Mycobacterium_chimaera,5218,5230,12
528,Mycobacterium_chimaera,5231,5241,10
529,Mycobacterium_chimaera,5247,5253,6
530,Mycobacterium_chimaera,5401,5402,1
531,Mycobacterium_chimaera,6015,6016,1
532,Mycobacterium_chimaera,6428,6464,36
533,Mycobacterium_chimaera,6470,6494,24
534,Mycobacterium_chimaera,7178,7254,76
535,Mycobacterium_chimaera,7260,7268,8
536,Mycobacterium_chimaera,7760,7763,3
537,Mycobacterium_chimaera,8452,8500,48
538,Mycobacterium_chimaera,8577,8578,1
539,Mycobacterium_chimaera,8584,8599,15
540,Mycobacterium_chimaera,8601,8603,2
541,Mycobacterium_chimaera,8609,8610,1
542,Mycobacterium_chimaera,8661,8662,1
543,Mycobacterium_chimaera,8703,8704,1
544,Mycobacterium_chimaera,8720,8721,1
545,Mycobacterium_chimaera,8733,8735,2
546,Mycobacterium_chimaera,8739,8742,3
547,Mycobacterium_chimaera,8930,8931,1
548,Mycobacterium_chimaera,8980,8982,2
549,Mycobacterium_chimaera,8996,8998,2
550,Mycobacterium_chimaera,9120,9121,1
551,Mycobacterium_chimaera,9370,9372,2
552,Mycobacterium_chimaera,9546,9547,1
553,Mycobacterium_chimaera,9812,9813,1
554,Mycobacterium_chimaera,9982,9986,4
555,Mycobacterium_chimaera,10076,10078,2
556,Mycobacterium_chimaera,10157,10158,1
557,Mycobacterium_chimaera,10261,10262,1
558,Mycobacterium_chimaera,10310,10312,2
559,Mycobacterium_chimaera,10313,10315,2
560,Mycobacterium_chimaera,10325,10326,1
561,Mycobacterium_chimaera,10352,10353,1
562,Mycobacterium_chimaera,10370,10371,1
563,Mycobacterium_chimaera,10411,10412,1
564,Mycobacterium_chimaera,10434,10435,1
565,Mycobacterium_chimaera,10448,10449,1
566,Mycobacterium_chimaera,10476,10477,1
567,Mycobacterium_chimaera,10491,10492,1
568,Mycobacterium_chimaera,10526,10527,1
569,Mycobacterium_chimaera,10546,10649,103
570,Mycobacterium_chimaera,10828,10830,2
571,Mycobacterium_chimaera,10832,10846,14
572,Mycobacterium_chimaera,10864,10865,1
573,Mycobacterium_chimaera,10914,10915,1
574,Mycobacterium_chimaera,10965,10977,12
575,Mycobacterium_chimaera,11085,11086,1
576,Mycobacterium_chimaera,11143,11144,1
577,Mycobacterium_chimaera,11243,11244,1
578,Mycobacterium_chimaera,11260,11261,1
579,Mycobacterium_chimaera,11262,11263,1
580,Mycobacterium_chimaera,11265,11267,2
581,Mycobacterium_chimaera,11286,11287,1
582,Mycobacterium_chimaera,11312,11313,1
583,Mycobacterium_chimaera,11473,11474,1
584,Mycobacterium_chimaera,11505,11511,6
585,Mycobacterium_chimaera,11513,11514,1
586,Mycobacterium_chimaera,11519,11521,2
587,Mycobacterium_chimaera,11523,11533,10
588,Mycobacterium_chimaera,11566,11567,1
589,Mycobacterium_chimaera,11590,11591,1
590,Mycobacterium_chimaera,11782,11783,1
591,Mycobacterium_chimaera,11823,11824,1
592,Mycobacterium_chimaera,11826,11827,1
593,Mycobacterium_chimaera,11831,11836,5
594,Mycobacterium_chimaera,11848,11850,2
595,Mycobacterium_chimaera,11851,11852,1
596,Mycobacterium_chimaera,11859,11860,1
597,Mycobacterium_chimaera,11864,11866,2
598,Mycobacterium_chimaera,11877,11878,1
599,Mycobacterium_chimaera,11993,11994,1
600,Mycobacterium_chimaera,12029,12030,1
601,Mycobacterium_chimaera,12068,12069,1
602,Mycobacterium_chimaera,12207,12208,1
603,Mycobacterium_chimaera,12211,12212,1
604,Mycobacterium_chimaera,12213,12214,1
605,Mycobacterium_chimaera,12218,12222,4
606,Mycobacterium_chimaera,12225,12227,2
607,Mycobacterium_chimaera,12237,12238,1
608,Mycobacterium_chimaera,12360,12369,9
609,Mycobacterium_chimaera,12371,12380,9
610,Mycobacterium_chimaera,12384,12390,6
611,Mycobacterium_chimaera,12391,12400,9
612,Mycobacterium_chimaera,12454,12455,1
613,Mycobacterium_chimaera,12738,12740,2
614,Mycobacterium_chimaera,12798,12925,127
615,Mycobacterium_chimaera,13451,13452,1
616,Mycobacterium_chimaera,13453,13454,1
617,Mycobacterium_chimaera,13508,13509,1
618,Mycobacterium_dioxanotrophicus,1,10,9
619,Mycobacterium_dioxanotrophicus,21,39,18
620,Mycobacterium_dioxanotrophicus,43,46,3
621,Mycobacterium_dioxanotrophicus,50,109,59
622,Mycobacterium_dioxanotrophicus,117,132,15
623,Mycobacterium_dioxanotrophicus,133,136,3
624,Mycobacterium_dioxanotrophicus,346,349,3
625,Mycobacterium_dioxanotrophicus,1542,1691,149
626,Mycobacterium_dioxanotrophicus,3317,3361,44
627,Mycobacterium_dioxanotrophicus,3364,3365,1
628,Mycobacterium_dioxanotrophicus,3373,3374,1
629,Mycobacterium_dioxanotrophicus,3403,3406,3
630,Mycobacterium_dioxanotrophicus,3409,3421,12
631,Mycobacterium_dioxanotrophicus,3424,3478,54
632,Mycobacterium_dioxanotrophicus,3485,3491,6
633,Mycobacterium_dioxanotrophicus,3642,3645,3
634,Mycobacterium_dioxanotrophicus,3650,3653,3
635,Mycobacterium_dioxanotrophicus,3655,3667,12
636,Mycobacterium_dioxanotrophicus,3782,3788,6
637,Mycobacterium_dioxanotrophicus,4400,4406,6
638,Mycobacterium_dioxanotrophicus,4407,4413,6
639,Mycobacterium_dioxanotrophicus,4417,4426,9
640,Mycobacterium_dioxanotrophicus,4432,4445,13
641,Mycobacterium_dioxanotrophicus,4452,4455,3
642,Mycobacterium_dioxanotrophicus,4456,4462,6
643,Mycobacterium_dioxanotrophicus,4468,4474,6
644,Mycobacterium_dioxanotrophicus,4475,4481,6
645,Mycobacterium_dioxanotrophicus,4483,4486,3
646,Mycobacterium_dioxanotrophicus,4540,4552,12
647,Mycobacterium_dioxanotrophicus,4555,4564,9
648,Mycobacterium_dioxanotrophicus,4567,4573,6
649,Mycobacterium_dioxanotrophicus,4582,4585,3
650,Mycobacterium_dioxanotrophicus,5163,5169,6
651,Mycobacterium_dioxanotrophicus,5181,5190,9
652,Mycobacterium_dioxanotrophicus,5197,5199,2
653,Mycobacterium_dioxanotrophicus,5201,5204,3
654,Mycobacterium_dioxanotrophicus,5206,5214,8
655,Mycobacterium_dioxanotrophicus,5218,5230,12
656,Mycobacterium_dioxanotrophicus,5231,5241,10
657,Mycobacterium_dioxanotrophicus,5247,5253,6
658,Mycobacterium_dioxanotrophicus,5401,5402,1
659,Mycobacterium_dioxanotrophicus,6015,6016,1
660,Mycobacterium_dioxanotrophicus,6431,6452,21
661,Mycobacterium_dioxanotrophicus,6456,6462,6
662,Mycobacterium_dioxanotrophicus,6470,6494,24
663,Mycobacterium_dioxanotrophicus,7178,7254,76
664,Mycobacterium_dioxanotrophicus,7260,7268,8
665,Mycobacterium_dioxanotrophicus,7760,7763,3
666,Mycobacterium_dioxanotrophicus,8452,8500,48
667,Mycobacterium_dioxanotrophicus,8577,8578,1
668,Mycobacterium_dioxanotrophicus,8584,8599,15
669,Mycobacterium_dioxanotrophicus,8600,8604,4
670,Mycobacterium_dioxanotrophicus,8609,8610,1
671,Mycobacterium_dioxanotrophicus,8661,8662,1
672,Mycobacterium_dioxanotrophicus,8703,8704,1
673,Mycobacterium_dioxanotrophicus,8720,8721,1
674,Mycobacterium_dioxanotrophicus,8733,8735,2
675,Mycobacterium_dioxanotrophicus,8739,8742,3
676,Mycobacterium_dioxanotrophicus,8930,8931,1
677,Mycobacterium_dioxanotrophicus,8980,8982,2
678,Mycobacterium_dioxanotrophicus,8984,8998,14
679,Mycobacterium_dioxanotrophicus,9120,9121,1
680,Mycobacterium_dioxanotrophicus,9370,9372,2
681,Mycobacterium_dioxanotrophicus,9546,9547,1
682,Mycobacterium_dioxanotrophicus,9812,9813,1
683,Mycobacterium_dioxanotrophicus,9985,9986,1
684,Mycobacterium_dioxanotrophicus,10076,10078,2
685,Mycobacterium_dioxanotrophicus,10157,10158,1
686,Mycobacterium_dioxanotrophicus,10261,10262,1
687,Mycobacterium_dioxanotrophicus,10310,10312,2
688,Mycobacterium_dioxanotrophicus,10313,10315,2
689,Mycobacterium_dioxanotrophicus,10325,10326,1
690,Mycobacterium_dioxanotrophicus,10370,10371,1
691,Mycobacterium_dioxanotrophicus,10416,10417,1
692,Mycobacterium_dioxanotrophicus,10434,10435,1
693,Mycobacterium_dioxanotrophicus,10448,10449,1
694,Mycobacterium_dioxanotrophicus,10476,10477,1
695,Mycobacterium_dioxanotrophicus,10491,10492,1
696,Mycobacterium_dioxanotrophicus,10526,10527,1
697,Mycobacterium_dioxanotrophicus,10546,10649,103
698,Mycobacterium_dioxanotrophicus,10829,10830,1
699,Mycobacterium_dioxanotrophicus,10835,10843,8
700,Mycobacterium_dioxanotrophicus,10864,10865,1
701,Mycobacterium_dioxanotrophicus,10914,10915,1
702,Mycobacterium_dioxanotrophicus,10965,10966,1
703,Mycobacterium_dioxanotrophicus,10971,10975,4
704,Mycobacterium_dioxanotrophicus,11085,11086,1
705,Mycobacterium_dioxanotrophicus,11143,11144,1
706,Mycobacterium_dioxanotrophicus,11243,11244,1
707,Mycobacterium_dioxanotrophicus,11260,11261,1
708,Mycobacterium_dioxanotrophicus,11286,11287,1
709,Mycobacterium_dioxanotrophicus,11312,11313,1
710,Mycobacterium_dioxanotrophicus,11473,11474,1
711,Mycobacterium_dioxanotrophicus,11505,11512,7
712,Mycobacterium_dioxanotrophicus,11513,11514,1
713,Mycobacterium_dioxanotrophicus,11520,11521,1
714,Mycobacterium_dioxanotrophicus,11524,11539,15
715,Mycobacterium_dioxanotrophicus,11566,11567,1
716,Mycobacterium_dioxanotrophicus,11782,11783,1
717,Mycobacterium_dioxanotrophicus,11823,11824,1
718,Mycobacterium_dioxanotrophicus,11826,11827,1
719,Mycobacterium_dioxanotrophicus,11831,11836,5
720,Mycobacterium_dioxanotrophicus,11846,11850,4
721,Mycobacterium_dioxanotrophicus,11851,11852,1
722,Mycobacterium_dioxanotrophicus,11859,11860,1
723,Mycobacterium_dioxanotrophicus,11864,11866,2
724,Mycobacterium_dioxanotrophicus,11877,11878,1
725,Mycobacterium_dioxanotrophicus,11993,11994,1
726,Mycobacterium_dioxanotrophicus,12029,12030,1
727,Mycobacterium_dioxanotrophicus,12068,12069,1
728,Mycobacterium_dioxanotrophicus,12207,12208,1
729,Mycobacterium_dioxanotrophicus,12211,12212,1
730,Mycobacterium_dioxanotrophicus,12213,12214,1
731,Mycobacterium_dioxanotrophicus,12218,12222,4
732,Mycobacterium_dioxanotrophicus,12226,12227,1
733,Mycobacterium_dioxanotrophicus,12360,12369,9
734,Mycobacterium_dioxanotrophicus,12371,12373,2
735,Mycobacterium_dioxanotrophicus,12374,12375,1
736,Mycobacterium_dioxanotrophicus,12378,12381,3
737,Mycobacterium_dioxanotrophicus,12384,12390,6
738,Mycobacterium_dioxanotrophicus,12391,12400,9
739,Mycobacterium_dioxanotrophicus,12454,12455,1
740,Mycobacterium_dioxanotrophicus,12739,12740,1
741,Mycobacterium_dioxanotrophicus,12798,12925,127
742,Mycobacterium_dioxanotrophicus,13451,13452,1
743,Mycobacterium_dioxanotrophicus,13453,13454,1
744,Mycobacterium_dioxanotrophicus,13508,13509,1
745,Mycobacterium_intracellulare,21,39,18
746,Mycobacterium_intracellulare,43,46,3
747,Mycobacterium_intracellulare,53,71,18
748,Mycobacterium_intracellulare,87,107,20
749,Mycobacterium_intracellulare,117,132,15
750,Mycobacterium_intracellulare,133,136,3
751,Mycobacterium_intracellulare,346,349,3
752,Mycobacterium_intracellulare,1542,1691,149
753,Mycobacterium_intracellulare,3317,3381,64
754,Mycobacterium_intracellulare,3414,3420,6
755,Mycobacterium_intracellulare,3424,3460,36
756,Mycobacterium_intracellulare,3476,3479,3
757,Mycobacterium_intracellulare,3485,3491,6
758,Mycobacterium_intracellulare,3642,3645,3
759,Mycobacterium_intracellulare,3650,3653,3
760,Mycobacterium_intracellulare,3782,3788,6
761,Mycobacterium_intracellulare,4400,4406,6
762,Mycobacterium_intracellulare,4407,4413,6
763,Mycobacterium_intracellulare,4417,4426,9
764,Mycobacterium_intracellulare,4432,4445,13
765,Mycobacterium_intracellulare,4452,4455,3
766,Mycobacterium_intracellulare,4456,4462,6
767,Mycobacterium_intracellulare,4468,4480,12
768,Mycobacterium_intracellulare,4483,4486,3
769,Mycobacterium_intracellulare,4540,4552,12
770,Mycobacterium_intracellulare,4555,4564,9
771,Mycobacterium_intracellulare,4567,4573,6
772,Mycobacterium_intracellulare,4581,4584,3
773,Mycobacterium_intracellulare,5163,5169,6
774,Mycobacterium_intracellulare,5170,5179,9
775,Mycobacterium_intracellulare,5181,5190,9
776,Mycobacterium_intracellulare,5197,5199,2
777,Mycobacterium_intracellulare,5201,5204,3
778,Mycobacterium_intracellulare,5206,5214,8
779,Mycobacterium_intracellulare,5218,5230,12
780,Mycobacterium_intracellulare,5231,5241,10
781,Mycobacterium_intracellulare,5247,5253,6
782,Mycobacterium_intracellulare,5401,5402,1
783,Mycobacterium_intracellulare,6015,6016,1
784,Mycobacterium_intracellulare,6428,6464,36
785,Mycobacterium_intracellulare,6470,6494,24
786,Mycobacterium_intracellulare,7178,7254,76
787,Mycobacterium_intracellulare,7260,7268,8
788,Mycobacterium_intracellulare,7760,7763,3
789,Mycobacterium_intracellulare,8452,8500,48
790,Mycobacterium_intracellulare,8577,8578,1
791,Mycobacterium_intracellulare,8584,8599,15
792,Mycobacterium_intracellulare,8601,8603,2
793,Mycobacterium_intracellulare,8609,8610,1
794,Mycobacterium_intracellulare,8661,8662,1
795,Mycobacterium_intracellulare,8703,8704,1
796,Mycobacterium_intracellulare,8720,8721,1
797,Mycobacterium_intracellulare,8733,8735,2
798,Mycobacterium_intracellulare,8739,8742,3
799,Mycobacterium_intracellulare,8930,8931,1
800,Mycobacterium_intracellulare,8980,8982,2
801,Mycobacterium_intracellulare,8996,8998,2
802,Mycobacterium_intracellulare,9120,9121,1
803,Mycobacterium_intracellulare,9370,9372,2
804,Mycobacterium_intracellulare,9546,9547,1
805,Mycobacterium_intracellulare,9812,9813,1
806,Mycobacterium_intracellulare,9982,9986,4
807,Mycobacterium_intracellulare,10076,10078,2
808,Mycobacterium_intracellulare,10157,10158,1
809,Mycobacterium_intracellulare,10261,10262,1
810,Mycobacterium_intracellulare,10310,10312,2
811,Mycobacterium_intracellulare,10313,10315,2
812,Mycobacterium_intracellulare,10325,10326,1
813,Mycobacterium_intracellulare,10352,10353,1
814,Mycobacterium_intracellulare,10370,10371,1
815,Mycobacterium_intracellulare,10411,10412,1
816,Mycobacterium_intracellulare,10434,10435,1
817,Mycobacterium_intracellulare,10448,10449,1
818,Mycobacterium_intracellulare,10476,10477,1
819,Mycobacterium_intracellulare,10491,10492,1
820,Mycobacterium_intracellulare,10526,10527,1
821,Mycobacterium_intracellulare,10546,10649,103
822,Mycobacterium_intracellulare,10828,10830,2
823,Mycobacterium_intracellulare,10832,10846,14
824,Mycobacterium_intracellulare,10864,10865,1
825,Mycobacterium_intracellulare,10914,10915,1
826,Mycobacterium_intracellulare,10965,10977,12
827,Mycobacterium_intracellulare,11085,11086,1
828,Mycobacterium_intracellulare,11143,11144,1
829,Mycobacterium_intracellulare,11243,11244,1
830,Mycobacterium_intracellulare,11260,11261,1
831,Mycobacterium_intracellulare,11262,11263,1
832,Mycobacterium_intracellulare,11265,11267,2
833,Mycobacterium_intracellulare,11286,11287,1
834,Mycobacterium_intracellulare,11312,11313,1
835,Mycobacterium_intracellulare,11473,11474,1
836,Mycobacterium_intracellulare,11505,11511,6
837,Mycobacterium_intracellulare,11513,11514,1
838,Mycobacterium_intracellulare,11519,11521,2
839,Mycobacterium_intracellulare,11523,11533,10
840,Mycobacterium_intracellulare,11566,11567,1
841,Mycobacterium_intracellulare,11590,11591,1
842,Mycobacterium_intracellulare,11782,11783,1
843,Mycobacterium_intracellulare,11823,11824,1
844,Mycobacterium_intracellulare,11826,11827,1
845,Mycobacterium_intracellulare,11831,11836,5
846,Mycobacterium_intracellulare,11848,11850,2
847,Mycobacterium_intracellulare,11851,11852,1
848,Mycobacterium_intracellulare,11859,11860,1
849,Mycobacterium_intracellulare,11864,11866,2
850,Mycobacterium_intracellulare,11877,11878,1
851,Mycobacterium_intracellulare,11993,11994,1
852,Mycobacterium_intracellulare,12029,12030,1
853,Mycobacterium_intracellulare,12068,12069,1
854,Mycobacterium_intracellulare,12207,12208,1
855,Mycobacterium_intracellulare,12211,12212,1
856,Mycobacterium_intracellulare,12213,12214,1
857,Mycobacterium_intracellulare,12218,12222,4
858,Mycobacterium_intracellulare,12225,12227,2
859,Mycobacterium_intracellulare,12237,12238,1
860,Mycobacterium_intracellulare,12360,12369,9
861,Mycobacterium_intracellulare,12371,12380,9
862,Mycobacterium_intracellulare,12384,12390,6
863,Mycobacterium_intracellulare,12391,12400,9
864,Mycobacterium_intracellulare,12454,12455,1
865,Mycobacterium_intracellulare,12738,12740,2
866,Mycobacterium_intracellulare,12798,12925,127
867,Mycobacterium_intracellulare,13451,13452,1
868,Mycobacterium_intracellulare,13453,13454,1
869,Mycobacterium_intracellulare,13508,13509,1
870,Mycobacterium_marseillense,1,10,9
871,Mycobacterium_marseillense,21,39,18
872,Mycobacterium_marseillense,43,46,3
873,Mycobacterium_marseillense,53,71,18
874,Mycobacterium_marseillense,87,107,20
875,Mycobacterium_marseillense,117,132,15
876,Mycobacterium_marseillense,133,136,3
877,Mycobacterium_marseillense,346,349,3
878,Mycobacterium_marseillense,1542,1691,149
879,Mycobacterium_marseillense,3317,3381,64
880,Mycobacterium_marseillense,3414,3420,6
881,Mycobacterium_marseillense,3424,3460,36
882,Mycobacterium_marseillense,3476,3479,3
883,Mycobacterium_marseillense,3485,3491,6
884,Mycobacterium_marseillense,3642,3645,3
885,Mycobacterium_marseillense,3650,3653,3
886,Mycobacterium_marseillense,3782,3788,6
887,Mycobacterium_marseillense,4400,4406,6
888,Mycobacterium_marseillense,4407,4413,6
889,Mycobacterium_marseillense,4417,4426,9
890,Mycobacterium_marseillense,4432,4445,13
891,Mycobacterium_marseillense,4452,4455,3
892,Mycobacterium_marseillense,4456,4462,6
893,Mycobacterium_marseillense,4468,4480,12
894,Mycobacterium_marseillense,4483,4486,3
895,Mycobacterium_marseillense,4540,4552,12
896,Mycobacterium_marseillense,4555,4564,9
897,Mycobacterium_marseillense,4567,4573,6
898,Mycobacterium_marseillense,4581,4584,3
899,Mycobacterium_marseillense,5163,5169,6
900,Mycobacterium_marseillense,5170,5179,9
901,Mycobacterium_marseillense,5181,5190,9
902,Mycobacterium_marseillense,5197,5199,2
903,Mycobacterium_marseillense,5201,5204,3
904,Mycobacterium_marseillense,5206,5214,8
905,Mycobacterium_marseillense,5218,5230,12
906,Mycobacterium_marseillense,5231,5241,10
907,Mycobacterium_marseillense,5247,5253,6
908,Mycobacterium_marseillense,5401,5402,1
909,Mycobacterium_marseillense,6015,6016,1
910,Mycobacterium_marseillense,6428,6464,36
911,Mycobacterium_marseillense,6470,6494,24
912,Mycobacterium_marseillense,7178,7254,76
913,Mycobacterium_marseillense,7260,7268,8
914,Mycobacterium_marseillense,7760,7763,3
915,Mycobacterium_marseillense,8452,8500,48
916,Mycobacterium_marseillense,8577,8578,1
917,Mycobacterium_marseillense,8584,8599,15
918,Mycobacterium_marseillense,8601,8603,2
919,Mycobacterium_marseillense,8609,8610,1
920,Mycobacterium_marseillense,8661,8662,1
921,Mycobacterium_marseillense,8703,8704,1
922,Mycobacterium_marseillense,8720,8721,1
923,Mycobacterium_marseillense,8733,8735,2
924,Mycobacterium_marseillense,8739,8742,3
925,Mycobacterium_marseillense,8930,8931,1
926,Mycobacterium_marseillense,8980,8982,2
927,Mycobacterium_marseillense,8996,8998,2
928,Mycobacterium_marseillense,9120,9121,1
929,Mycobacterium_marseillense,9370,9372,2
930,Mycobacterium_marseillense,9546,9547,1
931,Mycobacterium_marseillense,9812,9813,1
932,Mycobacterium_marseillense,9982,9986,4
933,Mycobacterium_marseillense,10076,10078,2
934,Mycobacterium_marseillense,10157,10158,1
935,Mycobacterium_marseillense,10261,10262,1
936,Mycobacterium_marseillense,10310,10312,2
937,Mycobacterium_marseillense,10313,10315,2
938,Mycobacterium_marseillense,10325,10326,1
939,Mycobacterium_marseillense,10352,10353,1
940,Mycobacterium_marseillense,10370,10371,1
941,Mycobacterium_marseillense,10411,10412,1
942,Mycobacterium_marseillense,10434,10435,1
943,Mycobacterium_marseillense,10448,10449,1
944,Mycobacterium_marseillense,10476,10477,1
945,Mycobacterium_marseillense,10491,10492,1
946,Mycobacterium_marseillense,10526,10527,1
947,Mycobacterium_marseillense,10546,10649,103
948,Mycobacterium_marseillense,10828,10830,2
949,Mycobacterium_marseillense,10832,10846,14
950,Mycobacterium_marseillense,10864,10865,1
951,Mycobacterium_marseillense,10914,10915,1
952,Mycobacterium_marseillense,10965,10977,12
953,Mycobacterium_marseillense,11085,11086,1
954,Mycobacterium_marseillense,11143,11144,1
955,Mycobacterium_marseillense,11243,11244,1
956,Mycobacterium_marseillense,11260,11261,1
957,Mycobacterium_marseillense,11262,11263,1
958,Mycobacterium_marseillense,11265,11267,2
959,Mycobacterium_marseillense,11286,11287,1
960,Mycobacterium_marseillense,11312,11313,1
961,Mycobacterium_marseillense,11473,11474,1
962,Mycobacterium_marseillense,11505,11511,6
963,Mycobacterium_marseillense,11513,11514,1
964,Mycobacterium_marseillense,11519,11521,2
965,Mycobacterium_marseillense,11523,11533,10
966,Mycobacterium_marseillense,11566,11567,1
967,Mycobacterium_marseillense,11590,11591,1
968,Mycobacterium_marseillense,11782,11783,1
969,Mycobacterium_marseillense,11823,11824,1
970,Mycobacterium_marseillense,11826,11827,1
971,Mycobacterium_marseillense,11831,11836,5
972,Mycobacterium_marseillense,11848,11850,2
973,Mycobacterium_marseillense,11851,11852,1
974,Mycobacterium_marseillense,11859,11860,1
975,Mycobacterium_marseillense,11864,11866,2
976,Mycobacterium_marseillense,11877,11878,1
977,Mycobacterium_marseillense,11993,11994,1
978,Mycobacterium_marseillense,12029,12030,1
979,Mycobacterium_marseillense,12068,12069,1
980,Mycobacterium_marseillense,12207,12208,1
981,Mycobacterium_marseillense,12211,12212,1
982,Mycobacterium_marseillense,12213,12214,1
983,Mycobacterium_marseillense,12218,12222,4
984,Mycobacterium_marseillense,12225,12227,2
985,Mycobacterium_marseillense,12237,12238,1
986,Mycobacterium_marseillense,12360,12369,9
987,Mycobacterium_marseillense,12371,12380,9
988,Mycobacterium_marseillense,12384,12390,6
989,Mycobacterium_marseillense,12391,12400,9
990,Mycobacterium_marseillense,12454,12455,1
991,Mycobacterium_marseillense,12739,12740,1
992,Mycobacterium_marseillense,12798,12925,127
993,Mycobacterium_marseillense,13451,13452,1
994,Mycobacterium_marseillense,13453,13454,1
995,Mycobacterium_marseillense,13508,13509,1
996,Mycobacterium_shinshuense,1,10,9
997,Mycobacterium_shinshuense,21,39,18
998,Mycobacterium_shinshuense,43,46,3
999,Mycobacterium_shinshuense,53,71,18
1000,Mycobacterium_shinshuense,87,107,20
1001,Mycobacterium_shinshuense,117,132,15
1002,Mycobacterium_shinshuense,133,136,3
1003,Mycobacterium_shinshuense,346,349,3
1004,Mycobacterium_shinshuense,1542,1691,149
1005,Mycobacterium_shinshuense,3317,3361,44
1006,Mycobacterium_shinshuense,3364,3365,1
1007,Mycobacterium_shinshuense,3373,3374,1
1008,Mycobacterium_shinshuense,3414,3420,6
1009,Mycobacterium_shinshuense,3424,3460,36
1010,Mycobacterium_shinshuense,3473,3479,6
1011,Mycobacterium_shinshuense,3485,3491,6
1012,Mycobacterium_shinshuense,3642,3645,3
1013,Mycobacterium_shinshuense,3650,3653,3
1014,Mycobacterium_shinshuense,3655,3667,12
1015,Mycobacterium_shinshuense,3782,3788,6
1016,Mycobacterium_shinshuense,4400,4406,6
1017,Mycobacterium_shinshuense,4407,4413,6
1018,Mycobacterium_shinshuense,4417,4426,9
1019,Mycobacterium_shinshuense,4432,4445,13
1020,Mycobacterium_shinshuense,4452,4455,3
1021,Mycobacterium_shinshuense,4456,4462,6
1022,Mycobacterium_shinshuense,4468,4480,12
1023,Mycobacterium_shinshuense,4483,4486,3
1024,Mycobacterium_shinshuense,4540,4552,12
1025,Mycobacterium_shinshuense,4555,4564,9
1026,Mycobacterium_shinshuense,4567,4573,6
1027,Mycobacterium_shinshuense,4581,4584,3
1028,Mycobacterium_shinshuense,5163,5169,6
1029,Mycobacterium_shinshuense,5170,5179,9
1030,Mycobacterium_shinshuense,5181,5190,9
1031,Mycobacterium_shinshuense,5197,5199,2
1032,Mycobacterium_shinshuense,5201,5204,3
1033,Mycobacterium_shinshuense,5206,5214,8
1034,Mycobacterium_shinshuense,5218,5230,12
1035,Mycobacterium_shinshuense,5231,5241,10
1036,Mycobacterium_shinshuense,5247,5253,6
1037,Mycobacterium_shinshuense,5401,5402,1
1038,Mycobacterium_shinshuense,6015,6016,1
1039,Mycobacterium_shinshuense,6431,6452,21
1040,Mycobacterium_shinshuense,6456,6462,6
1041,Mycobacterium_shinshuense,6470,6494,24
1042,Mycobacterium_shinshuense,7178,7254,76
1043,Mycobacterium_shinshuense,7260,7268,8
1044,Mycobacterium_shinshuense,7760,7763,3
1045,Mycobacterium_shinshuense,8452,8500,48
1046,Mycobacterium_shinshuense,8577,8578,1
1047,Mycobacterium_shinshuense,8584,8599,15
1048,Mycobacterium_shinshuense,8601,8603,2
1049,Mycobacterium_shinshuense,8609,8610,1
1050,Mycobacterium_shinshuense,8661,8662,1
1051,Mycobacterium_shinshuense,8703,8704,1
1052,Mycobacterium_shinshuense,8720,8721,1
1053,Mycobacterium_shinshuense,8733,8735,2
1054,Mycobacterium_shinshuense,8739,8742,3
1055,Mycobacterium_shinshuense,8930,8931,1
1056,Mycobacterium_shinshuense,8980,8982,2
1057,Mycobacterium_shinshuense,8996,8998,2
1058,Mycobacterium_shinshuense,9120,9121,1
1059,Mycobacterium_shinshuense,9370,9372,2
1060,Mycobacterium_shinshuense,9546,9547,1
1061,Mycobacterium_shinshuense,9812,9814,2
1062,Mycobacterium_shinshuense,9983,9986,3
1063,Mycobacterium_shinshuense,10076,10078,2
1064,Mycobacterium_shinshuense,10157,10158,1
1065,Mycobacterium_shinshuense,10261,10262,1
1066,Mycobacterium_shinshuense,10310,10312,2
1067,Mycobacterium_shinshuense,10313,10315,2
1068,Mycobacterium_shinshuense,10325,10326,1
1069,Mycobacterium_shinshuense,10370,10371,1
1070,Mycobacterium_shinshuense,10434,10435,1
1071,Mycobacterium_shinshuense,10448,10449,1
1072,Mycobacterium_shinshuense,10476,10477,1
1073,Mycobacterium_shinshuense,10491,10492,1
1074,Mycobacterium_shinshuense,10526,10527,1
1075,Mycobacterium_shinshuense,10546,10649,103
1076,Mycobacterium_shinshuense,10828,10830,2
1077,Mycobacterium_shinshuense,10832,10846,14
1078,Mycobacterium_shinshuense,10864,10865,1
1079,Mycobacterium_shinshuense,10914,10915,1
1080,Mycobacterium_shinshuense,10958,10967,9
1081,Mycobacterium_shinshuense,10971,10972,1
1082,Mycobacterium_shinshuense,10976,10977,1
1083,Mycobacterium_shinshuense,11085,11086,1
1084,Mycobacterium_shinshuense,11143,11144,1
1085,Mycobacterium_shinshuense,11243,11244,1
1086,Mycobacterium_shinshuense,11260,11261,1
1087,Mycobacterium_shinshuense,11262,11263,1
1088,Mycobacterium_shinshuense,11265,11267,2
1089,Mycobacterium_shinshuense,11286,11287,1
1090,Mycobacterium_shinshuense,11312,11313,1
1091,Mycobacterium_shinshuense,11473,11474,1
1092,Mycobacterium_shinshuense,11505,11534,29
1093,Mycobacterium_shinshuense,11566,11567,1
1094,Mycobacterium_shinshuense,11590,11591,1
1095,Mycobacterium_shinshuense,11782,11783,1
1096,Mycobacterium_shinshuense,11823,11824,1
1097,Mycobacterium_shinshuense,11826,11827,1
1098,Mycobacterium_shinshuense,11831,11836,5
1099,Mycobacterium_shinshuense,11848,11850,2
1100,Mycobacterium_shinshuense,11851,11852,1
1101,Mycobacterium_shinshuense,11859,11860,1
1102,Mycobacterium_shinshuense,11864,11866,2
1103,Mycobacterium_shinshuense,11877,11878,1
1104,Mycobacterium_shinshuense,11993,11994,1
1105,Mycobacterium_shinshuense,12029,12030,1
1106,Mycobacterium_shinshuense,12068,12069,1
1107,Mycobacterium_shinshuense,12207,12208,1
1108,Mycobacterium_shinshuense,12211,12212,1
1109,Mycobacterium_shinshuense,12213,12214,1
1110,Mycobacterium_shinshuense,12218,12222,4
1111,Mycobacterium_shinshuense,12225,12227,2
1112,Mycobacterium_shinshuense,12237,12238,1
1113,Mycobacterium_shinshuense,12360,12369,9
1114,Mycobacterium_shinshuense,12371,12372,1
1115,Mycobacterium_shinshuense,12374,12380,6
1116,Mycobacterium_shinshuense,12384,12390,6
1117,Mycobacterium_shinshuense,12391,12400,9
1118,Mycobacterium_shinshuense,12454,12455,1
1119,Mycobacterium_shinshuense,12739,12740,1
1120,Mycobacterium_shinshuense,12798,12925,127
1121,Mycobacterium_shinshuense,13451,13452,1
1122,Mycobacterium_shinshuense,13453,13454,1
1123,Mycobacterium_shinshuense,13508,13509,1
1124,Mycobacterium_shigaense,1,10,9
1125,Mycobacterium_shigaense,21,39,18
1126,Mycobacterium_shigaense,43,46,3
1127,Mycobacterium_shigaense,52,76,24
1128,Mycobacterium_shigaense,87,107,20
1129,Mycobacterium_shigaense,117,132,15
1130,Mycobacterium_shigaense,133,136,3
1131,Mycobacterium_shigaense,346,349,3
1132,Mycobacterium_shigaense,1542,1691,149
1133,Mycobacterium_shigaense,3317,3361,44
1134,Mycobacterium_shigaense,3364,3365,1
1135,Mycobacterium_shigaense,3373,3374,1
1136,Mycobacterium_shigaense,3414,3420,6
1137,Mycobacterium_shigaense,3424,3460,36
1138,Mycobacterium_shigaense,3461,3479,18
1139,Mycobacterium_shigaense,3485,3491,6
1140,Mycobacterium_shigaense,3642,3645,3
1141,Mycobacterium_shigaense,3650,3653,3
1142,Mycobacterium_shigaense,3655,3667,12
1143,Mycobacterium_shigaense,3782,3788,6
1144,Mycobacterium_shigaense,4400,4406,6
1145,Mycobacterium_shigaense,4407,4413,6
1146,Mycobacterium_shigaense,4417,4426,9
1147,Mycobacterium_shigaense,4432,4445,13
1148,Mycobacterium_shigaense,4452,4455,3
1149,Mycobacterium_shigaense,4456,4462,6
1150,Mycobacterium_shigaense,4468,4480,12
1151,Mycobacterium_shigaense,4483,4486,3
1152,Mycobacterium_shigaense,4540,4552,12
1153,Mycobacterium_shigaense,4555,4564,9
1154,Mycobacterium_shigaense,4567,4573,6
1155,Mycobacterium_shigaense,4581,4584,3
1156,Mycobacterium_shigaense,5163,5169,6
1157,Mycobacterium_shigaense,5170,5179,9
1158,Mycobacterium_shigaense,5181,5190,9
1159,Mycobacterium_shigaense,5197,5199,2
1160,Mycobacterium_shigaense,5201,5204,3
1161,Mycobacterium_shigaense,5206,5214,8
1162,Mycobacterium_shigaense,5218,5230,12
1163,Mycobacterium_shigaense,5231,5241,10
1164,Mycobacterium_shigaense,5247,5253,6
1165,Mycobacterium_shigaense,5401,5402,1
1166,Mycobacterium_shigaense,6015,6016,1
1167,Mycobacterium_shigaense,6428,6464,36
1168,Mycobacterium_shigaense,6470,6494,24
1169,Mycobacterium_shigaense,7178,7254,76
1170,Mycobacterium_shigaense,7260,7268,8
1171,Mycobacterium_shigaense,7760,7763,3
1172,Mycobacterium_shigaense,8452,8500,48
1173,Mycobacterium_shigaense,8577,8578,1
1174,Mycobacterium_shigaense,8584,8599,15
1175,Mycobacterium_shigaense,8601,8603,2
1176,Mycobacterium_shigaense,8609,8610,1
1177,Mycobacterium_shigaense,8661,8662,1
1178,Mycobacterium_shigaense,8703,8704,1
1179,Mycobacterium_shigaense,8720,8721,1
1180,Mycobacterium_shigaense,8733,8735,2
1181,Mycobacterium_shigaense,8739,8742,3
1182,Mycobacterium_shigaense,8930,8931,1
1183,Mycobacterium_shigaense,8980,8982,2
1184,Mycobacterium_shigaense,8987,9001,14
1185,Mycobacterium_shigaense,9120,9121,1
1186,Mycobacterium_shigaense,9370,9372,2
1187,Mycobacterium_shigaense,9546,9547,1
1188,Mycobacterium_shigaense,9812,9813,1
1189,Mycobacterium_shigaense,9983,9987,4
1190,Mycobacterium_shigaense,10076,10078,2
1191,Mycobacterium_shigaense,10157,10158,1
1192,Mycobacterium_shigaense,10261,10262,1
1193,Mycobacterium_shigaense,10310,10312,2
1194,Mycobacterium_shigaense,10313,10315,2
1195,Mycobacterium_shigaense,10325,10326,1
1196,Mycobacterium_shigaense,10352,10353,1
1197,Mycobacterium_shigaense,10370,10371,1
1198,Mycobacterium_shigaense,10434,10435,1
1199,Mycobacterium_shigaense,10448,10449,1
1200,Mycobacterium_shigaense,10476,10477,1
1201,Mycobacterium_shigaense,10491,10492,1
1202,Mycobacterium_shigaense,10526,10527,1
1203,Mycobacterium_shigaense,10546,10649,103
1204,Mycobacterium_shigaense,10828,10830,2
1205,Mycobacterium_shigaense,10832,10846,14
1206,Mycobacterium_shigaense,10864,10865,1
1207,Mycobacterium_shigaense,10914,10915,1
1208,Mycobacterium_shigaense,10958,10983,25
1209,Mycobacterium_shigaense,11085,11086,1
1210,Mycobacterium_shigaense,11143,11144,1
1211,Mycobacterium_shigaense,11243,11244,1
1212,Mycobacterium_shigaense,11260,11261,1
1213,Mycobacterium_shigaense,11262,11263,1
1214,Mycobacterium_shigaense,11265,11267,2
1215,Mycobacterium_shigaense,11286,11287,1
1216,Mycobacterium_shigaense,11312,11313,1
1217,Mycobacterium_shigaense,11473,11474,1
1218,Mycobacterium_shigaense,11505,11534,29
1219,Mycobacterium_shigaense,11566,11567,1
1220,Mycobacterium_shigaense,11590,11591,1
1221,Mycobacterium_shigaense,11782,11783,1
1222,Mycobacterium_shigaense,11823,11824,1
1223,Mycobacterium_shigaense,11826,11827,1
1224,Mycobacterium_shigaense,11831,11836,5
1225,Mycobacterium_shigaense,11847,11852,5
1226,Mycobacterium_shigaense,11859,11860,1
1227,Mycobacterium_shigaense,11864,11866,2
1228,Mycobacterium_shigaense,11877,11878,1
1229,Mycobacterium_shigaense,11993,11995,2
1230,Mycobacterium_shigaense,12029,12030,1
1231,Mycobacterium_shigaense,12068,12069,1
1232,Mycobacterium_shigaense,12207,12208,1
1233,Mycobacterium_shigaense,12211,12212,1
1234,Mycobacterium_shigaense,12213,12214,1
1235,Mycobacterium_shigaense,12218,12222,4
1236,Mycobacterium_shigaense,12225,12227,2
1237,Mycobacterium_shigaense,12237,12238,1
1238,Mycobacterium_shigaense,12360,12369,9
1239,Mycobacterium_shigaense,12371,12372,1
1240,Mycobacterium_shigaense,12374,12380,6
1241,Mycobacterium_shigaense,12384,12390,6
1242,Mycobacterium_shigaense,12391,12400,9
1243,Mycobacterium_shigaense,12454,12455,1
1244,Mycobacterium_shigaense,12739,12740,1
1245,Mycobacterium_shigaense,12798,12925,127
1246,Mycobacterium_shigaense,13451,13452,1
1247,Mycobacterium_shigaense,13453,13454,1
1248,Mycobacterium_shigaense,13508,13509,1
1249,Mycobacteroides_abscessus,1,10,9
1250,Mycobacteroides_abscessus,24,39,15
1251,Mycobacteroides_abscessus,43,46,3
1252,Mycobacteroides_abscessus,53,115,62
1253,Mycobacteroides_abscessus,117,132,15
1254,Mycobacteroides_abscessus,133,136,3
1255,Mycobacteroides_abscessus,346,349,3
1256,Mycobacteroides_abscessus,1542,1691,149
1257,Mycobacteroides_abscessus,3320,3326,6
1258,Mycobacteroides_abscessus,3333,3361,28
1259,Mycobacteroides_abscessus,3364,3365,1
1260,Mycobacteroides_abscessus,3372,3374,2
1261,Mycobacteroides_abscessus,3411,3480,69
1262,Mycobacteroides_abscessus,3485,3491,6
1263,Mycobacteroides_abscessus,3642,3645,3
1264,Mycobacteroides_abscessus,3650,3653,3
1265,Mycobacteroides_abscessus,3655,3667,12
1266,Mycobacteroides_abscessus,3782,3788,6
1267,Mycobacteroides_abscessus,4400,4406,6
1268,Mycobacteroides_abscessus,4407,4413,6
1269,Mycobacteroides_abscessus,4424,4425,1
1270,Mycobacteroides_abscessus,4433,4445,12
1271,Mycobacteroides_abscessus,4452,4455,3
1272,Mycobacteroides_abscessus,4456,4462,6
1273,Mycobacteroides_abscessus,4468,4486,18
1274,Mycobacteroides_abscessus,4540,4552,12
1275,Mycobacteroides_abscessus,4555,4564,9
1276,Mycobacteroides_abscessus,4567,4573,6
1277,Mycobacteroides_abscessus,4582,4585,3
1278,Mycobacteroides_abscessus,5163,5169,6
1279,Mycobacteroides_abscessus,5170,5179,9
1280,Mycobacteroides_abscessus,5181,5190,9
1281,Mycobacteroides_abscessus,5197,5199,2
1282,Mycobacteroides_abscessus,5201,5204,3
1283,Mycobacteroides_abscessus,5206,5214,8
1284,Mycobacteroides_abscessus,5218,5230,12
1285,Mycobacteroides_abscessus,5231,5241,10
1286,Mycobacteroides_abscessus,5247,5253,6
1287,Mycobacteroides_abscessus,5401,5402,1
1288,Mycobacteroides_abscessus,6015,6016,1
1289,Mycobacteroides_abscessus,6431,6467,36
1290,Mycobacteroides_abscessus,6470,6494,24
1291,Mycobacteroides_abscessus,7178,7254,76
1292,Mycobacteroides_abscessus,7260,7268,8
1293,Mycobacteroides_abscessus,8452,8500,48
1294,Mycobacteroides_abscessus,8577,8578,1
1295,Mycobacteroides_abscessus,8584,8603,19
1296,Mycobacteroides_abscessus,8609,8610,1
1297,Mycobacteroides_abscessus,8661,8662,1
1298,Mycobacteroides_abscessus,8703,8704,1
1299,Mycobacteroides_abscessus,8720,8721,1
1300,Mycobacteroides_abscessus,8733,8735,2
1301,Mycobacteroides_abscessus,8739,8742,3
1302,Mycobacteroides_abscessus,8930,8931,1
1303,Mycobacteroides_abscessus,8981,8997,16
1304,Mycobacteroides_abscessus,9120,9121,1
1305,Mycobacteroides_abscessus,9370,9372,2
1306,Mycobacteroides_abscessus,9546,9547,1
1307,Mycobacteroides_abscessus,9812,9814,2
1308,Mycobacteroides_abscessus,9982,9986,4
1309,Mycobacteroides_abscessus,10076,10077,1
1310,Mycobacteroides_abscessus,10157,10158,1
1311,Mycobacteroides_abscessus,10261,10262,1
1312,Mycobacteroides_abscessus,10310,10312,2
1313,Mycobacteroides_abscessus,10313,10315,2
1314,Mycobacteroides_abscessus,10325,10326,1
1315,Mycobacteroides_abscessus,10370,10371,1
1316,Mycobacteroides_abscessus,10434,10435,1
1317,Mycobacteroides_abscessus,10448,10449,1
1318,Mycobacteroides_abscessus,10476,10477,1
1319,Mycobacteroides_abscessus,10491,10492,1
1320,Mycobacteroides_abscessus,10526,10527,1
1321,Mycobacteroides_abscessus,10546,10649,103
1322,Mycobacteroides_abscessus,10828,10839,11
1323,Mycobacteroides_abscessus,10841,10846,5
1324,Mycobacteroides_abscessus,10864,10865,1
1325,Mycobacteroides_abscessus,10914,10915,1
1326,Mycobacteroides_abscessus,10955,10974,19
1327,Mycobacteroides_abscessus,10975,10980,5
1328,Mycobacteroides_abscessus,11085,11086,1
1329,Mycobacteroides_abscessus,11143,11144,1
1330,Mycobacteroides_abscessus,11243,11244,1
1331,Mycobacteroides_abscessus,11260,11261,1
1332,Mycobacteroides_abscessus,11265,11267,2
1333,Mycobacteroides_abscessus,11286,11287,1
1334,Mycobacteroides_abscessus,11312,11313,1
1335,Mycobacteroides_abscessus,11473,11474,1
1336,Mycobacteroides_abscessus,11520,11521,1
1337,Mycobacteroides_abscessus,11532,11533,1
1338,Mycobacteroides_abscessus,11566,11567,1
1339,Mycobacteroides_abscessus,11635,11636,1
1340,Mycobacteroides_abscessus,11782,11783,1
1341,Mycobacteroides_abscessus,11823,11824,1
1342,Mycobacteroides_abscessus,11826,11827,1
1343,Mycobacteroides_abscessus,11831,11836,5
1344,Mycobacteroides_abscessus,11847,11852,5
1345,Mycobacteroides_abscessus,11859,11860,1
1346,Mycobacteroides_abscessus,11864,11866,2
1347,Mycobacteroides_abscessus,11877,11878,1
1348,Mycobacteroides_abscessus,11992,11994,2
1349,Mycobacteroides_abscessus,12029,12030,1
1350,Mycobacteroides_abscessus,12068,12069,1
1351,Mycobacteroides_abscessus,12194,12195,1
1352,Mycobacteroides_abscessus,12211,12214,3
1353,Mycobacteroides_abscessus,12220,12221,1
1354,Mycobacteroides_abscessus,12222,12227,5
1355,Mycobacteroides_abscessus,12237,12238,1
1356,Mycobacteroides_abscessus,12360,12369,9
1357,Mycobacteroides_abscessus,12371,12372,1
1358,Mycobacteroides_abscessus,12374,12388,14
1359,Mycobacteroides_abscessus,12391,12400,9
1360,Mycobacteroides_abscessus,12454,12455,1
1361,Mycobacteroides_abscessus,12739,12740,1
1362,Mycobacteroides_abscessus,12798,12925,127
1363,Mycobacteroides_abscessus,13451,13452,1
1364,Mycobacteroides_abscessus,13453,13454,1
1365,Mycobacteroides_abscessus,13508,13509,1
1366,Mycobacterium_leprae,1,10,9
1367,Mycobacterium_leprae,14,17,3
1368,Mycobacterium_leprae,21,39,18
1369,Mycobacterium_leprae,43,46,3
1370,Mycobacterium_leprae,62,71,9
1371,Mycobacterium_leprae,87,107,20
1372,Mycobacterium_leprae,117,132,15
1373,Mycobacterium_leprae,133,136,3
1374,Mycobacterium_leprae,346,349,3
1375,Mycobacterium_leprae,1542,1691,149
1376,Mycobacterium_leprae,3317,3381,64
1377,Mycobacterium_leprae,3418,3420,2
1378,Mycobacterium_leprae,3424,3458,34
1379,Mycobacterium_leprae,3473,3479,6
1380,Mycobacterium_leprae,3485,3491,6
1381,Mycobacterium_leprae,3642,3645,3
1382,Mycobacterium_leprae,3650,3653,3
1383,Mycobacterium_leprae,3655,3667,12
1384,Mycobacterium_leprae,3782,3788,6
1385,Mycobacterium_leprae,4400,4406,6
1386,Mycobacterium_leprae,4407,4413,6
1387,Mycobacterium_leprae,4417,4426,9
1388,Mycobacterium_leprae,4432,4445,13
1389,Mycobacterium_leprae,4452,4455,3
1390,Mycobacterium_leprae,4456,4462,6
1391,Mycobacterium_leprae,4468,4480,12
1392,Mycobacterium_leprae,4483,4486,3
1393,Mycobacterium_leprae,4540,4552,12
1394,Mycobacterium_leprae,4555,4564,9
1395,Mycobacterium_leprae,4567,4573,6
1396,Mycobacterium_leprae,4581,4584,3
1397,Mycobacterium_leprae,5163,5169,6
1398,Mycobacterium_leprae,5170,5179,9
1399,Mycobacterium_leprae,5181,5190,9
1400,Mycobacterium_leprae,5197,5199,2
1401,Mycobacterium_leprae,5201,5204,3
1402,Mycobacterium_leprae,5206,5214,8
1403,Mycobacterium_leprae,5219,5241,22
1404,Mycobacterium_leprae,5247,5253,6
1405,Mycobacterium_leprae,5401,5402,1
1406,Mycobacterium_leprae,6015,6016,1
1407,Mycobacterium_leprae,6431,6452,21
1408,Mycobacterium_leprae,6456,6462,6
1409,Mycobacterium_leprae,6470,6494,24
1410,Mycobacterium_leprae,7178,7254,76
1411,Mycobacterium_leprae,7260,7268,8
1412,Mycobacterium_leprae,7760,7763,3
1413,Mycobacterium_leprae,8452,8500,48
1414,Mycobacterium_leprae,8577,8578,1
1415,Mycobacterium_leprae,8592,8595,3
1416,Mycobacterium_leprae,8601,8603,2
1417,Mycobacterium_leprae,8609,8610,1
1418,Mycobacterium_leprae,8703,8704,1
1419,Mycobacterium_leprae,8720,8721,1
1420,Mycobacterium_leprae,8733,8734,1
1421,Mycobacterium_leprae,8739,8742,3
1422,Mycobacterium_leprae,8930,8931,1
1423,Mycobacterium_leprae,8980,8982,2
1424,Mycobacterium_leprae,8996,8998,2
1425,Mycobacterium_leprae,9120,9121,1
1426,Mycobacterium_leprae,9370,9372,2
1427,Mycobacterium_leprae,9546,9547,1
1428,Mycobacterium_leprae,9812,9813,1
1429,Mycobacterium_leprae,9982,9986,4
1430,Mycobacterium_leprae,10076,10078,2
1431,Mycobacterium_leprae,10157,10158,1
1432,Mycobacterium_leprae,10261,10262,1
1433,Mycobacterium_leprae,10310,10312,2
1434,Mycobacterium_leprae,10313,10315,2
1435,Mycobacterium_leprae,10325,10326,1
1436,Mycobacterium_leprae,10370,10371,1
1437,Mycobacterium_leprae,10434,10435,1
1438,Mycobacterium_leprae,10448,10449,1
1439,Mycobacterium_leprae,10476,10477,1
1440,Mycobacterium_leprae,10491,10492,1
1441,Mycobacterium_leprae,10526,10527,1
1442,Mycobacterium_leprae,10546,10649,103
1443,Mycobacterium_leprae,10828,10830,2
1444,Mycobacterium_leprae,10832,10846,14
1445,Mycobacterium_leprae,10864,10865,1
1446,Mycobacterium_leprae,10914,10915,1
1447,Mycobacterium_leprae,10958,10966,8
1448,Mycobacterium_leprae,10971,10972,1
1449,Mycobacterium_leprae,11085,11086,1
1450,Mycobacterium_leprae,11143,11144,1
1451,Mycobacterium_leprae,11243,11244,1
1452,Mycobacterium_leprae,11260,11261,1
1453,Mycobacterium_leprae,11265,11267,2
1454,Mycobacterium_leprae,11286,11287,1
1455,Mycobacterium_leprae,11312,11313,1
1456,Mycobacterium_leprae,11473,11474,1
1457,Mycobacterium_leprae,11505,11511,6
1458,Mycobacterium_leprae,11513,11514,1
1459,Mycobacterium_leprae,11520,11521,1
1460,Mycobacterium_leprae,11523,11531,8
1461,Mycobacterium_leprae,11532,11533,1
1462,Mycobacterium_leprae,11566,11567,1
1463,Mycobacterium_leprae,11590,11591,1
1464,Mycobacterium_leprae,11782,11783,1
1465,Mycobacterium_leprae,11823,11824,1
1466,Mycobacterium_leprae,11831,11836,5
1467,Mycobacterium_leprae,11849,11850,1
1468,Mycobacterium_leprae,11851,11852,1
1469,Mycobacterium_leprae,11859,11860,1
1470,Mycobacterium_leprae,11864,11866,2
1471,Mycobacterium_leprae,11877,11878,1
1472,Mycobacterium_leprae,11993,11994,1
1473,Mycobacterium_leprae,12029,12030,1
1474,Mycobacterium_leprae,12068,12069,1
1475,Mycobacterium_leprae,12207,12208,1
1476,Mycobacterium_leprae,12211,12212,1
1477,Mycobacterium_leprae,12213,12214,1
1478,Mycobacterium_leprae,12218,12222,4
1479,Mycobacterium_leprae,12225,12227,2
1480,Mycobacterium_leprae,12237,12238,1
1481,Mycobacterium_leprae,12360,12369,9
1482,Mycobacterium_leprae,12371,12372,1
1483,Mycobacterium_leprae,12374,12380,6
1484,Mycobacterium_leprae,12384,12390,6
1485,Mycobacterium_leprae,12391,12400,9
1486,Mycobacterium_leprae,12454,12455,1
1487,Mycobacterium_leprae,12739,12740,1
1488,Mycobacterium_leprae,12798,12925,127
1489,Mycobacterium_leprae,13451,13452,1
1490,Mycobacterium_leprae,13453,13454,1
1491,Mycobacterium_leprae,13508,13509,1
1492,Mycobacterium_pseudoshottsii,1,10,9
1493,Mycobacterium_pseudoshottsii,21,39,18
1494,Mycobacterium_pseudoshottsii,43,46,3
1495,Mycobacterium_pseudoshottsii,53,71,18
1496,Mycobacterium_pseudoshottsii,87,107,20
1497,Mycobacterium_pseudoshottsii,117,132,15
1498,Mycobacterium_pseudoshottsii,133,136,3
1499,Mycobacterium_pseudoshottsii,346,349,3
1500,Mycobacterium_pseudoshottsii,1542,1691,149
1501,Mycobacterium_pseudoshottsii,3317,3361,44
1502,Mycobacterium_pseudoshottsii,3364,3365,1
1503,Mycobacterium_pseudoshottsii,3373,3374,1
1504,Mycobacterium_pseudoshottsii,3414,3420,6
1505,Mycobacterium_pseudoshottsii,3424,3460,36
1506,Mycobacterium_pseudoshottsii,3473,3479,6
1507,Mycobacterium_pseudoshottsii,3485,3491,6
1508,Mycobacterium_pseudoshottsii,3642,3645,3
1509,Mycobacterium_pseudoshottsii,3650,3653,3
1510,Mycobacterium_pseudoshottsii,3655,3667,12
1511,Mycobacterium_pseudoshottsii,3782,3788,6
1512,Mycobacterium_pseudoshottsii,4400,4406,6
1513,Mycobacterium_pseudoshottsii,4407,4413,6
1514,Mycobacterium_pseudoshottsii,4417,4426,9
1515,Mycobacterium_pseudoshottsii,4432,4445,13
1516,Mycobacterium_pseudoshottsii,4452,4455,3
1517,Mycobacterium_pseudoshottsii,4456,4462,6
1518,Mycobacterium_pseudoshottsii,4468,4480,12
1519,Mycobacterium_pseudoshottsii,4483,4486,3
1520,Mycobacterium_pseudoshottsii,4540,4552,12
1521,Mycobacterium_pseudoshottsii,4555,4564,9
1522,Mycobacterium_pseudoshottsii,4567,4573,6
1523,Mycobacterium_pseudoshottsii,4581,4584,3
1524,Mycobacterium_pseudoshottsii,5163,5169,6
1525,Mycobacterium_pseudoshottsii,5170,5179,9
1526,Mycobacterium_pseudoshottsii,5181,5190,9
1527,Mycobacterium_pseudoshottsii,5197,5199,2
1528,Mycobacterium_pseudoshottsii,5201,5204,3
1529,Mycobacterium_pseudoshottsii,5206,5214,8
1530,Mycobacterium_pseudoshottsii,5218,5230,12
1531,Mycobacterium_pseudoshottsii,5231,5241,10
1532,Mycobacterium_pseudoshottsii,5247,5253,6
1533,Mycobacterium_pseudoshottsii,5401,5402,1
1534,Mycobacterium_pseudoshottsii,6015,6016,1
1535,Mycobacterium_pseudoshottsii,6431,6452,21
1536,Mycobacterium_pseudoshottsii,6456,6462,6
1537,Mycobacterium_pseudoshottsii,6470,6494,24
1538,Mycobacterium_pseudoshottsii,7178,7254,76
1539,Mycobacterium_pseudoshottsii,7260,7268,8
1540,Mycobacterium_pseudoshottsii,7760,7763,3
1541,Mycobacterium_pseudoshottsii,8452,8500,48
1542,Mycobacterium_pseudoshottsii,8577,8578,1
1543,Mycobacterium_pseudoshottsii,8584,8599,15
1544,Mycobacterium_pseudoshottsii,8601,8603,2
1545,Mycobacterium_pseudoshottsii,8609,8610,1
1546,Mycobacterium_pseudoshottsii,8661,8662,1
1547,Mycobacterium_pseudoshottsii,8703,8704,1
1548,Mycobacterium_pseudoshottsii,8720,8721,1
1549,Mycobacterium_pseudoshottsii,8733,8735,2
1550,Mycobacterium_pseudoshottsii,8739,8742,3
1551,Mycobacterium_pseudoshottsii,8930,8931,1
1552,Mycobacterium_pseudoshottsii,8980,8982,2
1553,Mycobacterium_pseudoshottsii,8996,8998,2
1554,Mycobacterium_pseudoshottsii,9120,9121,1
1555,Mycobacterium_pseudoshottsii,9370,9372,2
1556,Mycobacterium_pseudoshottsii,9546,9547,1
1557,Mycobacterium_pseudoshottsii,9812,9814,2
1558,Mycobacterium_pseudoshottsii,9983,9986,3
1559,Mycobacterium_pseudoshottsii,10076,10078,2
1560,Mycobacterium_pseudoshottsii,10157,10158,1
1561,Mycobacterium_pseudoshottsii,10261,10262,1
1562,Mycobacterium_pseudoshottsii,10310,10312,2
1563,Mycobacterium_pseudoshottsii,10313,10315,2
1564,Mycobacterium_pseudoshottsii,10325,10326,1
1565,Mycobacterium_pseudoshottsii,10370,10371,1
1566,Mycobacterium_pseudoshottsii,10434,10435,1
1567,Mycobacterium_pseudoshottsii,10448,10449,1
1568,Mycobacterium_pseudoshottsii,10476,10477,1
1569,Mycobacterium_pseudoshottsii,10491,10492,1
1570,Mycobacterium_pseudoshottsii,10526,10527,1
1571,Mycobacterium_pseudoshottsii,10546,10649,103
1572,Mycobacterium_pseudoshottsii,10828,10830,2
1573,Mycobacterium_pseudoshottsii,10832,10846,14
1574,Mycobacterium_pseudoshottsii,10864,10865,1
1575,Mycobacterium_pseudoshottsii,10914,10915,1
1576,Mycobacterium_pseudoshottsii,10958,10967,9
1577,Mycobacterium_pseudoshottsii,10971,10972,1
1578,Mycobacterium_pseudoshottsii,10976,10977,1
1579,Mycobacterium_pseudoshottsii,11085,11086,1
1580,Mycobacterium_pseudoshottsii,11143,11144,1
1581,Mycobacterium_pseudoshottsii,11243,11244,1
1582,Mycobacterium_pseudoshottsii,11260,11261,1
1583,Mycobacterium_pseudoshottsii,11262,11263,1
1584,Mycobacterium_pseudoshottsii,11265,11267,2
1585,Mycobacterium_pseudoshottsii,11286,11287,1
1586,Mycobacterium_pseudoshottsii,11312,11313,1
1587,Mycobacterium_pseudoshottsii,11473,11474,1
1588,Mycobacterium_pseudoshottsii,11505,11534,29
1589,Mycobacterium_pseudoshottsii,11566,11567,1
1590,Mycobacterium_pseudoshottsii,11590,11591,1
1591,Mycobacterium_pseudoshottsii,11782,11783,1
1592,Mycobacterium_pseudoshottsii,11823,11824,1
1593,Mycobacterium_pseudoshottsii,11826,11827,1
1594,Mycobacterium_pseudoshottsii,11831,11836,5
1595,Mycobacterium_pseudoshottsii,11848,11850,2
1596,Mycobacterium_pseudoshottsii,11851,11852,1
1597,Mycobacterium_pseudoshottsii,11859,11860,1
1598,Mycobacterium_pseudoshottsii,11864,11866,2
1599,Mycobacterium_pseudoshottsii,11877,11878,1
1600,Mycobacterium_pseudoshottsii,11993,11994,1
1601,Mycobacterium_pseudoshottsii,12029,12030,1
1602,Mycobacterium_pseudoshottsii,12068,12069,1
1603,Mycobacterium_pseudoshottsii,12207,12208,1
1604,Mycobacterium_pseudoshottsii,12211,12212,1
1605,Mycobacterium_pseudoshottsii,12213,12214,1
1606,Mycobacterium_pseudoshottsii,12218,12222,4
1607,Mycobacterium_pseudoshottsii,12225,12227,2
1608,Mycobacterium_pseudoshottsii,12237,12238,1
1609,Mycobacterium_pseudoshottsii,12360,12369,9
1610,Mycobacterium_pseudoshottsii,12371,12372,1
1611,Mycobacterium_pseudoshottsii,12374,12380,6
1612,Mycobacterium_pseudoshottsii,12384,12390,6
1613,Mycobacterium_pseudoshottsii,12391,12400,9
1614,Mycobacterium_pseudoshottsii,12454,12455,1
1615,Mycobacterium_pseudoshottsii,12739,12740,1
1616,Mycobacterium_pseudoshottsii,12798,12925,127
1617,Mycobacterium_pseudoshottsii,13451,13452,1
1618,Mycobacterium_pseudoshottsii,13453,13454,1
1619,Mycobacterium_pseudoshottsii,13508,13509,1
1620,Mycobacteroides_bolletii,1,10,9
1621,Mycobacteroides_bolletii,24,39,15
1622,Mycobacteroides_bolletii,43,46,3
1623,Mycobacteroides_bolletii,53,115,62
1624,Mycobacteroides_bolletii,117,132,15
1625,Mycobacteroides_bolletii,133,136,3
1626,Mycobacteroides_bolletii,346,349,3
1627,Mycobacteroides_bolletii,1542,1691,149
1628,Mycobacteroides_bolletii,3320,3326,6
1629,Mycobacteroides_bolletii,3333,3361,28
1630,Mycobacteroides_bolletii,3364,3365,1
1631,Mycobacteroides_bolletii,3372,3374,2
1632,Mycobacteroides_bolletii,3411,3480,69
1633,Mycobacteroides_bolletii,3485,3491,6
1634,Mycobacteroides_bolletii,3642,3645,3
1635,Mycobacteroides_bolletii,3650,3653,3
1636,Mycobacteroides_bolletii,3655,3667,12
1637,Mycobacteroides_bolletii,3782,3788,6
1638,Mycobacteroides_bolletii,4400,4406,6
1639,Mycobacteroides_bolletii,4407,4413,6
1640,Mycobacteroides_bolletii,4424,4425,1
1641,Mycobacteroides_bolletii,4433,4445,12
1642,Mycobacteroides_bolletii,4452,4455,3
1643,Mycobacteroides_bolletii,4456,4462,6
1644,Mycobacteroides_bolletii,4468,4486,18
1645,Mycobacteroides_bolletii,4540,4552,12
1646,Mycobacteroides_bolletii,4555,4564,9
1647,Mycobacteroides_bolletii,4567,4573,6
1648,Mycobacteroides_bolletii,4582,4585,3
1649,Mycobacteroides_bolletii,5163,5169,6
1650,Mycobacteroides_bolletii,5170,5179,9
1651,Mycobacteroides_bolletii,5181,5190,9
1652,Mycobacteroides_bolletii,5197,5199,2
1653,Mycobacteroides_bolletii,5201,5204,3
1654,Mycobacteroides_bolletii,5206,5214,8
1655,Mycobacteroides_bolletii,5218,5230,12
1656,Mycobacteroides_bolletii,5231,5241,10
1657,Mycobacteroides_bolletii,5247,5253,6
1658,Mycobacteroides_bolletii,5401,5402,1
1659,Mycobacteroides_bolletii,6015,6016,1
1660,Mycobacteroides_bolletii,6431,6467,36
1661,Mycobacteroides_bolletii,6470,6494,24
1662,Mycobacteroides_bolletii,7178,7254,76
1663,Mycobacteroides_bolletii,7260,7268,8
1664,Mycobacteroides_bolletii,8452,8500,48
1665,Mycobacteroides_bolletii,8577,8578,1
1666,Mycobacteroides_bolletii,8584,8603,19
1667,Mycobacteroides_bolletii,8609,8610,1
1668,Mycobacteroides_bolletii,8661,8662,1
1669,Mycobacteroides_bolletii,8703,8704,1
1670,Mycobacteroides_bolletii,8720,8721,1
1671,Mycobacteroides_bolletii,8733,8735,2
1672,Mycobacteroides_bolletii,8739,8742,3
1673,Mycobacteroides_bolletii,8930,8931,1
1674,Mycobacteroides_bolletii,8981,8997,16
1675,Mycobacteroides_bolletii,9120,9121,1
1676,Mycobacteroides_bolletii,9370,9372,2
1677,Mycobacteroides_bolletii,9546,9547,1
1678,Mycobacteroides_bolletii,9812,9814,2
1679,Mycobacteroides_bolletii,9982,9986,4
1680,Mycobacteroides_bolletii,10076,10077,1
1681,Mycobacteroides_bolletii,10157,10158,1
1682,Mycobacteroides_bolletii,10261,10262,1
1683,Mycobacteroides_bolletii,10310,10312,2
1684,Mycobacteroides_bolletii,10313,10315,2
1685,Mycobacteroides_bolletii,10325,10326,1
1686,Mycobacteroides_bolletii,10370,10371,1
1687,Mycobacteroides_bolletii,10434,10435,1
1688,Mycobacteroides_bolletii,10448,10449,1
1689,Mycobacteroides_bolletii,10476,10477,1
1690,Mycobacteroides_bolletii,10491,10492,1
1691,Mycobacteroides_bolletii,10526,10527,1
1692,Mycobacteroides_bolletii,10546,10649,103
1693,Mycobacteroides_bolletii,10828,10839,11
1694,Mycobacteroides_bolletii,10841,10846,5
1695,Mycobacteroides_bolletii,10864,10865,1
1696,Mycobacteroides_bolletii,10914,10915,1
1697,Mycobacteroides_bolletii,10955,10974,19
1698,Mycobacteroides_bolletii,10975,10980,5
1699,Mycobacteroides_bolletii,11085,11086,1
1700,Mycobacteroides_bolletii,11143,11144,1
1701,Mycobacteroides_bolletii,11243,11244,1
1702,Mycobacteroides_bolletii,11260,11261,1
1703,Mycobacteroides_bolletii,11265,11267,2
1704,Mycobacteroides_bolletii,11286,11287,1
1705,Mycobacteroides_bolletii,11312,11313,1
1706,Mycobacteroides_bolletii,11473,11474,1
1707,Mycobacteroides_bolletii,11520,11521,1
1708,Mycobacteroides_bolletii,11532,11533,1
1709,Mycobacteroides_bolletii,11566,11567,1
1710,Mycobacteroides_bolletii,11635,11636,1
1711,Mycobacteroides_bolletii,11782,11783,1
1712,Mycobacteroides_bolletii,11823,11824,1
1713,Mycobacteroides_bolletii,11826,11827,1
1714,Mycobacteroides_bolletii,11831,11836,5
1715,Mycobacteroides_bolletii,11847,11852,5
1716,Mycobacteroides_bolletii,11859,11860,1
1717,Mycobacteroides_bolletii,11864,11866,2
1718,Mycobacteroides_bolletii,11877,11878,1
1719,Mycobacteroides_bolletii,11992,11994,2
1720,Mycobacteroides_bolletii,12029,12030,1
1721,Mycobacteroides_bolletii,12068,12069,1
1722,Mycobacteroides_bolletii,12194,12195,1
1723,Mycobacteroides_bolletii,12211,12214,3
1724,Mycobacteroides_bolletii,12220,12221,1
1725,Mycobacteroides_bolletii,12222,12227,5
1726,Mycobacteroides_bolletii,12237,12238,1
1727,Mycobacteroides_bolletii,12360,12369,9
1728,Mycobacteroides_bolletii,12371,12372,1
1729,Mycobacteroides_bolletii,12374,12388,14
1730,Mycobacteroides_bolletii,12391,12400,9
1731,Mycobacteroides_bolletii,12454,12455,1
1732,Mycobacteroides_bolletii,12739,12740,1
1733,Mycobacteroides_bolletii,12798,12925,127
1734,Mycobacteroides_bolletii,13451,13452,1
1735,Mycobacteroides_bolletii,13453,13454,1
1736,Mycobacteroides_bolletii,13508,13509,1
1737,Mycolicibacterium_neoaurum,1,10,9
1738,Mycolicibacterium_neoaurum,21,39,18
1739,Mycolicibacterium_neoaurum,43,46,3
1740,Mycolicibacterium_neoaurum,48,110,62
1741,Mycolicibacterium_neoaurum,118,130,12
1742,Mycolicibacterium_neoaurum,133,136,3
1743,Mycolicibacterium_neoaurum,346,349,3
1744,Mycolicibacterium_neoaurum,1542,1691,149
1745,Mycolicibacterium_neoaurum,3317,3365,48
1746,Mycolicibacterium_neoaurum,3373,3374,1
1747,Mycolicibacterium_neoaurum,3408,3480,72
1748,Mycolicibacterium_neoaurum,3485,3491,6
1749,Mycolicibacterium_neoaurum,3642,3645,3
1750,Mycolicibacterium_neoaurum,3650,3653,3
1751,Mycolicibacterium_neoaurum,3655,3667,12
1752,Mycolicibacterium_neoaurum,3782,3788,6
1753,Mycolicibacterium_neoaurum,4400,4406,6
1754,Mycolicibacterium_neoaurum,4407,4413,6
1755,Mycolicibacterium_neoaurum,4417,4426,9
1756,Mycolicibacterium_neoaurum,4432,4445,13
1757,Mycolicibacterium_neoaurum,4452,4455,3
1758,Mycolicibacterium_neoaurum,4456,4462,6
1759,Mycolicibacterium_neoaurum,4468,4474,6
1760,Mycolicibacterium_neoaurum,4475,4481,6
1761,Mycolicibacterium_neoaurum,4483,4486,3
1762,Mycolicibacterium_neoaurum,4540,4552,12
1763,Mycolicibacterium_neoaurum,4555,4564,9
1764,Mycolicibacterium_neoaurum,4567,4573,6
1765,Mycolicibacterium_neoaurum,4582,4585,3
1766,Mycolicibacterium_neoaurum,5163,5169,6
1767,Mycolicibacterium_neoaurum,5170,5179,9
1768,Mycolicibacterium_neoaurum,5181,5190,9
1769,Mycolicibacterium_neoaurum,5197,5199,2
1770,Mycolicibacterium_neoaurum,5201,5204,3
1771,Mycolicibacterium_neoaurum,5206,5214,8
1772,Mycolicibacterium_neoaurum,5218,5230,12
1773,Mycolicibacterium_neoaurum,5231,5241,10
1774,Mycolicibacterium_neoaurum,5247,5253,6
1775,Mycolicibacterium_neoaurum,5401,5402,1
1776,Mycolicibacterium_neoaurum,6015,6016,1
1777,Mycolicibacterium_neoaurum,6431,6467,36
1778,Mycolicibacterium_neoaurum,6470,6494,24
1779,Mycolicibacterium_neoaurum,7178,7254,76
1780,Mycolicibacterium_neoaurum,7260,7268,8
1781,Mycolicibacterium_neoaurum,7760,7763,3
1782,Mycolicibacterium_neoaurum,8452,8500,48
1783,Mycolicibacterium_neoaurum,8577,8578,1
1784,Mycolicibacterium_neoaurum,8584,8599,15
1785,Mycolicibacterium_neoaurum,8600,8604,4
1786,Mycolicibacterium_neoaurum,8609,8610,1
1787,Mycolicibacterium_neoaurum,8661,8662,1
1788,Mycolicibacterium_neoaurum,8703,8704,1
1789,Mycolicibacterium_neoaurum,8720,8721,1
1790,Mycolicibacterium_neoaurum,8733,8735,2
1791,Mycolicibacterium_neoaurum,8739,8742,3
1792,Mycolicibacterium_neoaurum,8930,8931,1
1793,Mycolicibacterium_neoaurum,8980,8982,2
1794,Mycolicibacterium_neoaurum,8984,8998,14
1795,Mycolicibacterium_neoaurum,9120,9121,1
1796,Mycolicibacterium_neoaurum,9370,9372,2
1797,Mycolicibacterium_neoaurum,9546,9547,1
1798,Mycolicibacterium_neoaurum,9812,9813,1
1799,Mycolicibacterium_neoaurum,9985,9986,1
1800,Mycolicibacterium_neoaurum,10019,10020,1
1801,Mycolicibacterium_neoaurum,10076,10078,2
1802,Mycolicibacterium_neoaurum,10157,10158,1
1803,Mycolicibacterium_neoaurum,10261,10262,1
1804,Mycolicibacterium_neoaurum,10310,10312,2
1805,Mycolicibacterium_neoaurum,10313,10315,2
1806,Mycolicibacterium_neoaurum,10325,10326,1
1807,Mycolicibacterium_neoaurum,10370,10371,1
1808,Mycolicibacterium_neoaurum,10390,10391,1
1809,Mycolicibacterium_neoaurum,10416,10417,1
1810,Mycolicibacterium_neoaurum,10434,10435,1
1811,Mycolicibacterium_neoaurum,10448,10449,1
1812,Mycolicibacterium_neoaurum,10461,10462,1
1813,Mycolicibacterium_neoaurum,10475,10477,2
1814,Mycolicibacterium_neoaurum,10491,10492,1
1815,Mycolicibacterium_neoaurum,10526,10527,1
1816,Mycolicibacterium_neoaurum,10547,10649,102
1817,Mycolicibacterium_neoaurum,10828,10832,4
1818,Mycolicibacterium_neoaurum,10835,10842,7
1819,Mycolicibacterium_neoaurum,10864,10865,1
1820,Mycolicibacterium_neoaurum,10914,10915,1
1821,Mycolicibacterium_neoaurum,10965,10966,1
1822,Mycolicibacterium_neoaurum,10971,10975,4
1823,Mycolicibacterium_neoaurum,11085,11086,1
1824,Mycolicibacterium_neoaurum,11143,11144,1
1825,Mycolicibacterium_neoaurum,11243,11244,1
1826,Mycolicibacterium_neoaurum,11260,11261,1
1827,Mycolicibacterium_neoaurum,11265,11267,2
1828,Mycolicibacterium_neoaurum,11286,11287,1
1829,Mycolicibacterium_neoaurum,11312,11313,1
1830,Mycolicibacterium_neoaurum,11473,11474,1
1831,Mycolicibacterium_neoaurum,11505,11512,7
1832,Mycolicibacterium_neoaurum,11513,11514,1
1833,Mycolicibacterium_neoaurum,11520,11537,17
1834,Mycolicibacterium_neoaurum,11566,11567,1
1835,Mycolicibacterium_neoaurum,11782,11783,1
1836,Mycolicibacterium_neoaurum,11813,11817,4
1837,Mycolicibacterium_neoaurum,11823,11824,1
1838,Mycolicibacterium_neoaurum,11826,11827,1
1839,Mycolicibacterium_neoaurum,11833,11835,2
1840,Mycolicibacterium_neoaurum,11846,11850,4
1841,Mycolicibacterium_neoaurum,11851,11852,1
1842,Mycolicibacterium_neoaurum,11859,11860,1
1843,Mycolicibacterium_neoaurum,11864,11865,1
1844,Mycolicibacterium_neoaurum,11877,11878,1
1845,Mycolicibacterium_neoaurum,11993,11995,2
1846,Mycolicibacterium_neoaurum,12029,12030,1
1847,Mycolicibacterium_neoaurum,12068,12069,1
1848,Mycolicibacterium_neoaurum,12207,12208,1
1849,Mycolicibacterium_neoaurum,12211,12212,1
1850,Mycolicibacterium_neoaurum,12213,12214,1
1851,Mycolicibacterium_neoaurum,12218,12222,4
1852,Mycolicibacterium_neoaurum,12226,12227,1
1853,Mycolicibacterium_neoaurum,12237,12238,1
1854,Mycolicibacterium_neoaurum,12360,12369,9
1855,Mycolicibacterium_neoaurum,12371,12372,1
1856,Mycolicibacterium_neoaurum,12374,12375,1
1857,Mycolicibacterium_neoaurum,12377,12382,5
1858,Mycolicibacterium_neoaurum,12384,12390,6
1859,Mycolicibacterium_neoaurum,12391,12400,9
1860,Mycolicibacterium_neoaurum,12454,12455,1
1861,Mycolicibacterium_neoaurum,12739,12740,1
1862,Mycolicibacterium_neoaurum,12798,12925,127
1863,Mycolicibacterium_neoaurum,13451,13452,1
1864,Mycolicibacterium_neoaurum,13453,13454,1
1865,Mycolicibacterium_neoaurum,13508,13509,1
1866,Mycobacterium_marinum,1,10,9
1867,Mycobacterium_marinum,21,39,18
1868,Mycobacterium_marinum,43,46,3
1869,Mycobacterium_marinum,53,71,18
1870,Mycobacterium_marinum,87,107,20
1871,Mycobacterium_marinum,117,132,15
1872,Mycobacterium_marinum,133,136,3
1873,Mycobacterium_marinum,346,349,3
1874,Mycobacterium_marinum,1542,1691,149
1875,Mycobacterium_marinum,3317,3361,44
1876,Mycobacterium_marinum,3364,3365,1
1877,Mycobacterium_marinum,3373,3374,1
1878,Mycobacterium_marinum,3414,3420,6
1879,Mycobacterium_marinum,3424,3460,36
1880,Mycobacterium_marinum,3473,3479,6
1881,Mycobacterium_marinum,3485,3491,6
1882,Mycobacterium_marinum,3642,3645,3
1883,Mycobacterium_marinum,3650,3653,3
1884,Mycobacterium_marinum,3655,3667,12
1885,Mycobacterium_marinum,3782,3788,6
1886,Mycobacterium_marinum,4400,4406,6
1887,Mycobacterium_marinum,4407,4413,6
1888,Mycobacterium_marinum,4417,4426,9
1889,Mycobacterium_marinum,4432,4445,13
1890,Mycobacterium_marinum,4452,4455,3
1891,Mycobacterium_marinum,4456,4462,6
1892,Mycobacterium_marinum,4468,4480,12
1893,Mycobacterium_marinum,4483,4486,3
1894,Mycobacterium_marinum,4540,4552,12
1895,Mycobacterium_marinum,4555,4564,9
1896,Mycobacterium_marinum,4567,4573,6
1897,Mycobacterium_marinum,4581,4584,3
1898,Mycobacterium_marinum,5163,5169,6
1899,Mycobacterium_marinum,5170,5179,9
1900,Mycobacterium_marinum,5181,5190,9
1901,Mycobacterium_marinum,5197,5199,2
1902,Mycobacterium_marinum,5201,5204,3
1903,Mycobacterium_marinum,5206,5214,8
1904,Mycobacterium_marinum,5218,5230,12
1905,Mycobacterium_marinum,5231,5241,10
1906,Mycobacterium_marinum,5247,5253,6
1907,Mycobacterium_marinum,5401,5402,1
1908,Mycobacterium_marinum,6015,6016,1
1909,Mycobacterium_marinum,6431,6452,21
1910,Mycobacterium_marinum,6456,6462,6
1911,Mycobacterium_marinum,6470,6494,24
1912,Mycobacterium_marinum,7178,7254,76
1913,Mycobacterium_marinum,7260,7268,8
1914,Mycobacterium_marinum,7760,7763,3
1915,Mycobacterium_marinum,8452,8500,48
1916,Mycobacterium_marinum,8577,8578,1
1917,Mycobacterium_marinum,8584,8599,15
1918,Mycobacterium_marinum,8601,8603,2
1919,Mycobacterium_marinum,8609,8610,1
1920,Mycobacterium_marinum,8661,8662,1
1921,Mycobacterium_marinum,8703,8704,1
1922,Mycobacterium_marinum,8720,8721,1
1923,Mycobacterium_marinum,8733,8735,2
1924,Mycobacterium_marinum,8739,8742,3
1925,Mycobacterium_marinum,8930,8931,1
1926,Mycobacterium_marinum,8980,8982,2
1927,Mycobacterium_marinum,8996,8998,2
1928,Mycobacterium_marinum,9120,9121,1
1929,Mycobacterium_marinum,9370,9372,2
1930,Mycobacterium_marinum,9546,9547,1
1931,Mycobacterium_marinum,9812,9814,2
1932,Mycobacterium_marinum,9983,9986,3
1933,Mycobacterium_marinum,10076,10078,2
1934,Mycobacterium_marinum,10157,10158,1
1935,Mycobacterium_marinum,10261,10262,1
1936,Mycobacterium_marinum,10310,10312,2
1937,Mycobacterium_marinum,10313,10315,2
1938,Mycobacterium_marinum,10325,10326,1
1939,Mycobacterium_marinum,10370,10371,1
1940,Mycobacterium_marinum,10434,10435,1
1941,Mycobacterium_marinum,10448,10449,1
1942,Mycobacterium_marinum,10476,10477,1
1943,Mycobacterium_marinum,10491,10492,1
1944,Mycobacterium_marinum,10526,10527,1
1945,Mycobacterium_marinum,10546,10649,103
1946,Mycobacterium_marinum,10828,10830,2
1947,Mycobacterium_marinum,10832,10846,14
1948,Mycobacterium_marinum,10864,10865,1
1949,Mycobacterium_marinum,10914,10915,1
1950,Mycobacterium_marinum,10958,10967,9
1951,Mycobacterium_marinum,10971,10972,1
1952,Mycobacterium_marinum,10976,10977,1
1953,Mycobacterium_marinum,11085,11086,1
1954,Mycobacterium_marinum,11143,11144,1
1955,Mycobacterium_marinum,11243,11244,1
1956,Mycobacterium_marinum,11260,11261,1
1957,Mycobacterium_marinum,11262,11263,1
1958,Mycobacterium_marinum,11265,11267,2
1959,Mycobacterium_marinum,11286,11287,1
1960,Mycobacterium_marinum,11312,11313,1
1961,Mycobacterium_marinum,11473,11474,1
1962,Mycobacterium_marinum,11505,11534,29
1963,Mycobacterium_marinum,11566,11567,1
1964,Mycobacterium_marinum,11590,11591,1
1965,Mycobacterium_marinum,11782,11783,1
1966,Mycobacterium_marinum,11823,11824,1
1967,Mycobacterium_marinum,11826,11827,1
1968,Mycobacterium_marinum,11831,11836,5
1969,Mycobacterium_marinum,11848,11850,2
1970,Mycobacterium_marinum,11851,11852,1
1971,Mycobacterium_marinum,11859,11860,1
1972,Mycobacterium_marinum,11864,11866,2
1973,Mycobacterium_marinum,11877,11878,1
1974,Mycobacterium_marinum,11993,11994,1
1975,Mycobacterium_marinum,12029,12030,1
1976,Mycobacterium_marinum,12068,12069,1
1977,Mycobacterium_marinum,12207,12208,1
1978,Mycobacterium_marinum,12211,12212,1
1979,Mycobacterium_marinum,12213,12214,1
1980,Mycobacterium_marinum,12218,12222,4
1981,Mycobacterium_marinum,12225,12227,2
1982,Mycobacterium_marinum,12237,12238,1
1983,Mycobacterium_marinum,12360,12369,9
1984,Mycobacterium_marinum,12371,12372,1
1985,Mycobacterium_marinum,12374,12380,6
1986,Mycobacterium_marinum,12384,12390,6
1987,Mycobacterium_marinum,12391,12400,9
1988,Mycobacterium_marinum,12454,12455,1
1989,Mycobacterium_marinum,12739,12740,1
1990,Mycobacterium_marinum,12798,12925,127
1991,Mycobacterium_marinum,13451,13452,1
1992,Mycobacterium_marinum,13453,13454,1
1993,Mycobacterium_marinum,13508,13509,1
1994,Mycobacterium_paragordonae,1,10,9
1995,Mycobacterium_paragordonae,21,39,18
1996,Mycobacterium_paragordonae,56,71,15
1997,Mycobacterium_paragordonae,87,107,20
1998,Mycobacterium_paragordonae,117,132,15
1999,Mycobacterium_paragordonae,133,136,3
2000,Mycobacterium_paragordonae,346,349,3
2001,Mycobacterium_paragordonae,1542,1691,149
2002,Mycobacterium_paragordonae,3317,3381,64
2003,Mycobacterium_paragordonae,3402,3492,90
2004,Mycobacterium_paragordonae,3642,3645,3
2005,Mycobacterium_paragordonae,3650,3653,3
2006,Mycobacterium_paragordonae,3655,3667,12
2007,Mycobacterium_paragordonae,3782,3788,6
2008,Mycobacterium_paragordonae,4400,4406,6
2009,Mycobacterium_paragordonae,4407,4413,6
2010,Mycobacterium_paragordonae,4417,4426,9
2011,Mycobacterium_paragordonae,4432,4445,13
2012,Mycobacterium_paragordonae,4452,4455,3
2013,Mycobacterium_paragordonae,4456,4462,6
2014,Mycobacterium_paragordonae,4468,4480,12
2015,Mycobacterium_paragordonae,4483,4486,3
2016,Mycobacterium_paragordonae,4540,4552,12
2017,Mycobacterium_paragordonae,4555,4564,9
2018,Mycobacterium_paragordonae,4567,4573,6
2019,Mycobacterium_paragordonae,4581,4584,3
2020,Mycobacterium_paragordonae,5163,5169,6
2021,Mycobacterium_paragordonae,5170,5179,9
2022,Mycobacterium_paragordonae,5181,5190,9
2023,Mycobacterium_paragordonae,5197,5199,2
2024,Mycobacterium_paragordonae,5201,5204,3
2025,Mycobacterium_paragordonae,5206,5214,8
2026,Mycobacterium_paragordonae,5218,5230,12
2027,Mycobacterium_paragordonae,5231,5241,10
2028,Mycobacterium_paragordonae,5247,5253,6
2029,Mycobacterium_paragordonae,5401,5402,1
2030,Mycobacterium_paragordonae,6015,6016,1
2031,Mycobacterium_paragordonae,6428,6464,36
2032,Mycobacterium_paragordonae,6470,6494,24
2033,Mycobacterium_paragordonae,7178,7254,76
2034,Mycobacterium_paragordonae,7260,7268,8
2035,Mycobacterium_paragordonae,7760,7763,3
2036,Mycobacterium_paragordonae,8452,8500,48
2037,Mycobacterium_paragordonae,8577,8578,1
2038,Mycobacterium_paragordonae,8584,8599,15
2039,Mycobacterium_paragordonae,8600,8604,4
2040,Mycobacterium_paragordonae,8609,8610,1
2041,Mycobacterium_paragordonae,8661,8662,1
2042,Mycobacterium_paragordonae,8703,8704,1
2043,Mycobacterium_paragordonae,8720,8721,1
2044,Mycobacterium_paragordonae,8733,8735,2
2045,Mycobacterium_paragordonae,8739,8742,3
2046,Mycobacterium_paragordonae,8930,8931,1
2047,Mycobacterium_paragordonae,8980,8982,2
2048,Mycobacterium_paragordonae,8996,8998,2
2049,Mycobacterium_paragordonae,9120,9121,1
2050,Mycobacterium_paragordonae,9370,9372,2
2051,Mycobacterium_paragordonae,9546,9547,1
2052,Mycobacterium_paragordonae,9812,9813,1
2053,Mycobacterium_paragordonae,9983,9986,3
2054,Mycobacterium_paragordonae,10076,10078,2
2055,Mycobacterium_paragordonae,10157,10158,1
2056,Mycobacterium_paragordonae,10261,10262,1
2057,Mycobacterium_paragordonae,10310,10312,2
2058,Mycobacterium_paragordonae,10313,10315,2
2059,Mycobacterium_paragordonae,10325,10326,1
2060,Mycobacterium_paragordonae,10352,10353,1
2061,Mycobacterium_paragordonae,10370,10371,1
2062,Mycobacterium_paragordonae,10415,10416,1
2063,Mycobacterium_paragordonae,10434,10435,1
2064,Mycobacterium_paragordonae,10448,10449,1
2065,Mycobacterium_paragordonae,10476,10477,1
2066,Mycobacterium_paragordonae,10491,10492,1
2067,Mycobacterium_paragordonae,10526,10527,1
2068,Mycobacterium_paragordonae,10540,10541,1
2069,Mycobacterium_paragordonae,10547,10649,102
2070,Mycobacterium_paragordonae,10828,10830,2
2071,Mycobacterium_paragordonae,10832,10846,14
2072,Mycobacterium_paragordonae,10864,10865,1
2073,Mycobacterium_paragordonae,10914,10915,1
2074,Mycobacterium_paragordonae,10959,10966,7
2075,Mycobacterium_paragordonae,10971,10975,4
2076,Mycobacterium_paragordonae,11085,11086,1
2077,Mycobacterium_paragordonae,11143,11144,1
2078,Mycobacterium_paragordonae,11243,11244,1
2079,Mycobacterium_paragordonae,11260,11261,1
2080,Mycobacterium_paragordonae,11262,11263,1
2081,Mycobacterium_paragordonae,11265,11267,2
2082,Mycobacterium_paragordonae,11286,11287,1
2083,Mycobacterium_paragordonae,11312,11313,1
2084,Mycobacterium_paragordonae,11473,11474,1
2085,Mycobacterium_paragordonae,11505,11511,6
2086,Mycobacterium_paragordonae,11513,11514,1
2087,Mycobacterium_paragordonae,11520,11534,14
2088,Mycobacterium_paragordonae,11566,11567,1
2089,Mycobacterium_paragordonae,11590,11591,1
2090,Mycobacterium_paragordonae,11782,11783,1
2091,Mycobacterium_paragordonae,11823,11824,1
2092,Mycobacterium_paragordonae,11826,11827,1
2093,Mycobacterium_paragordonae,11831,11836,5
2094,Mycobacterium_paragordonae,11841,11843,2
2095,Mycobacterium_paragordonae,11848,11850,2
2096,Mycobacterium_paragordonae,11851,11852,1
2097,Mycobacterium_paragordonae,11859,11860,1
2098,Mycobacterium_paragordonae,11864,11866,2
2099,Mycobacterium_paragordonae,11877,11878,1
2100,Mycobacterium_paragordonae,11993,11994,1
2101,Mycobacterium_paragordonae,12029,12030,1
2102,Mycobacterium_paragordonae,12068,12069,1
2103,Mycobacterium_paragordonae,12207,12208,1
2104,Mycobacterium_paragordonae,12211,12212,1
2105,Mycobacterium_paragordonae,12213,12214,1
2106,Mycobacterium_paragordonae,12218,12222,4
2107,Mycobacterium_paragordonae,12225,12227,2
2108,Mycobacterium_paragordonae,12237,12238,1
2109,Mycobacterium_paragordonae,12360,12369,9
2110,Mycobacterium_paragordonae,12371,12372,1
2111,Mycobacterium_paragordonae,12374,12380,6
2112,Mycobacterium_paragordonae,12384,12390,6
2113,Mycobacterium_paragordonae,12391,12400,9
2114,Mycobacterium_paragordonae,12454,12455,1
2115,Mycobacterium_paragordonae,12739,12740,1
2116,Mycobacterium_paragordonae,12798,12925,127
2117,Mycobacterium_paragordonae,13451,13452,1
2118,Mycobacterium_paragordonae,13453,13454,1
2119,Mycobacterium_paragordonae,13508,13509,1
2120,Mycobacterium_avium,1,10,9
2121,Mycobacterium_avium,24,36,12
2122,Mycobacterium_avium,43,46,3
2123,Mycobacterium_avium,53,71,18
2124,Mycobacterium_avium,87,107,20
2125,Mycobacterium_avium,117,132,15
2126,Mycobacterium_avium,133,136,3
2127,Mycobacterium_avium,1542,1691,149
2128,Mycobacterium_avium,3317,3381,64
2129,Mycobacterium_avium,3414,3420,6
2130,Mycobacterium_avium,3424,3460,36
2131,Mycobacterium_avium,3485,3491,6
2132,Mycobacterium_avium,3642,3645,3
2133,Mycobacterium_avium,3650,3653,3
2134,Mycobacterium_avium,3655,3667,12
2135,Mycobacterium_avium,3782,3788,6
2136,Mycobacterium_avium,4400,4406,6
2137,Mycobacterium_avium,4407,4413,6
2138,Mycobacterium_avium,4417,4426,9
2139,Mycobacterium_avium,4432,4445,13
2140,Mycobacterium_avium,4452,4455,3
2141,Mycobacterium_avium,4456,4462,6
2142,Mycobacterium_avium,4468,4480,12
2143,Mycobacterium_avium,4483,4486,3
2144,Mycobacterium_avium,4540,4552,12
2145,Mycobacterium_avium,4555,4564,9
2146,Mycobacterium_avium,4567,4573,6
2147,Mycobacterium_avium,4581,4584,3
2148,Mycobacterium_avium,5163,5169,6
2149,Mycobacterium_avium,5170,5179,9
2150,Mycobacterium_avium,5181,5190,9
2151,Mycobacterium_avium,5197,5199,2
2152,Mycobacterium_avium,5201,5204,3
2153,Mycobacterium_avium,5206,5214,8
2154,Mycobacterium_avium,5218,5230,12
2155,Mycobacterium_avium,5231,5241,10
2156,Mycobacterium_avium,5247,5253,6
2157,Mycobacterium_avium,5401,5402,1
2158,Mycobacterium_avium,6015,6016,1
2159,Mycobacterium_avium,6428,6464,36
2160,Mycobacterium_avium,6470,6494,24
2161,Mycobacterium_avium,7178,7254,76
2162,Mycobacterium_avium,7260,7268,8
2163,Mycobacterium_avium,7760,7763,3
2164,Mycobacterium_avium,8452,8500,48
2165,Mycobacterium_avium,8577,8578,1
2166,Mycobacterium_avium,8584,8599,15
2167,Mycobacterium_avium,8601,8603,2
2168,Mycobacterium_avium,8609,8610,1
2169,Mycobacterium_avium,8661,8662,1
2170,Mycobacterium_avium,8703,8704,1
2171,Mycobacterium_avium,8720,8721,1
2172,Mycobacterium_avium,8733,8735,2
2173,Mycobacterium_avium,8739,8742,3
2174,Mycobacterium_avium,8930,8931,1
2175,Mycobacterium_avium,8980,8982,2
2176,Mycobacterium_avium,8996,8998,2
2177,Mycobacterium_avium,9120,9121,1
2178,Mycobacterium_avium,9370,9372,2
2179,Mycobacterium_avium,9546,9547,1
2180,Mycobacterium_avium,9812,9813,1
2181,Mycobacterium_avium,9984,9986,2
2182,Mycobacterium_avium,10076,10078,2
2183,Mycobacterium_avium,10157,10158,1
2184,Mycobacterium_avium,10261,10262,1
2185,Mycobacterium_avium,10310,10312,2
2186,Mycobacterium_avium,10313,10315,2
2187,Mycobacterium_avium,10325,10326,1
2188,Mycobacterium_avium,10352,10353,1
2189,Mycobacterium_avium,10370,10371,1
2190,Mycobacterium_avium,10434,10435,1
2191,Mycobacterium_avium,10448,10449,1
2192,Mycobacterium_avium,10476,10477,1
2193,Mycobacterium_avium,10491,10492,1
2194,Mycobacterium_avium,10526,10527,1
2195,Mycobacterium_avium,10546,10649,103
2196,Mycobacterium_avium,10828,10830,2
2197,Mycobacterium_avium,10832,10846,14
2198,Mycobacterium_avium,10864,10865,1
2199,Mycobacterium_avium,10914,10915,1
2200,Mycobacterium_avium,10965,10977,12
2201,Mycobacterium_avium,11085,11086,1
2202,Mycobacterium_avium,11143,11144,1
2203,Mycobacterium_avium,11243,11244,1
2204,Mycobacterium_avium,11260,11261,1
2205,Mycobacterium_avium,11262,11263,1
2206,Mycobacterium_avium,11265,11267,2
2207,Mycobacterium_avium,11286,11287,1
2208,Mycobacterium_avium,11312,11313,1
2209,Mycobacterium_avium,11473,11474,1
2210,Mycobacterium_avium,11505,11511,6
2211,Mycobacterium_avium,11513,11514,1
2212,Mycobacterium_avium,11520,11521,1
2213,Mycobacterium_avium,11523,11533,10
2214,Mycobacterium_avium,11566,11567,1
2215,Mycobacterium_avium,11590,11591,1
2216,Mycobacterium_avium,11782,11783,1
2217,Mycobacterium_avium,11823,11824,1
2218,Mycobacterium_avium,11826,11827,1
2219,Mycobacterium_avium,11831,11836,5
2220,Mycobacterium_avium,11848,11850,2
2221,Mycobacterium_avium,11851,11852,1
2222,Mycobacterium_avium,11859,11860,1
2223,Mycobacterium_avium,11864,11866,2
2224,Mycobacterium_avium,11877,11878,1
2225,Mycobacterium_avium,11993,11994,1
2226,Mycobacterium_avium,12029,12030,1
2227,Mycobacterium_avium,12068,12069,1
2228,Mycobacterium_avium,12207,12208,1
2229,Mycobacterium_avium,12211,12212,1
2230,Mycobacterium_avium,12213,12214,1
2231,Mycobacterium_avium,12218,12222,4
2232,Mycobacterium_avium,12225,12227,2
2233,Mycobacterium_avium,12237,12238,1
2234,Mycobacterium_avium,12360,12369,9
2235,Mycobacterium_avium,12371,12372,1
2236,Mycobacterium_avium,12374,12380,6
2237,Mycobacterium_avium,12384,12390,6
2238,Mycobacterium_avium,12391,12400,9
2239,Mycobacterium_avium,12454,12455,1
2240,Mycobacterium_avium,12738,12740,2
2241,Mycobacterium_avium,12798,12925,127
2242,Mycobacterium_avium,13451,13452,1
2243,Mycobacterium_avium,13453,13454,1
2244,Mycobacterium_avium,13508,13509,1
2245,Mycolicibacterium_smegmatis,1,10,9
2246,Mycolicibacterium_smegmatis,21,39,18
2247,Mycolicibacterium_smegmatis,43,46,3
2248,Mycolicibacterium_smegmatis,48,110,62
2249,Mycolicibacterium_smegmatis,117,132,15
2250,Mycolicibacterium_smegmatis,133,136,3
2251,Mycolicibacterium_smegmatis,346,349,3
2252,Mycolicibacterium_smegmatis,1542,1691,149
2253,Mycolicibacterium_smegmatis,3317,3361,44
2254,Mycolicibacterium_smegmatis,3364,3365,1
2255,Mycolicibacterium_smegmatis,3373,3374,1
2256,Mycolicibacterium_smegmatis,3409,3478,69
2257,Mycolicibacterium_smegmatis,3485,3491,6
2258,Mycolicibacterium_smegmatis,3642,3645,3
2259,Mycolicibacterium_smegmatis,3650,3653,3
2260,Mycolicibacterium_smegmatis,3655,3667,12
2261,Mycolicibacterium_smegmatis,3782,3788,6
2262,Mycolicibacterium_smegmatis,4400,4406,6
2263,Mycolicibacterium_smegmatis,4407,4413,6
2264,Mycolicibacterium_smegmatis,4417,4426,9
2265,Mycolicibacterium_smegmatis,4432,4445,13
2266,Mycolicibacterium_smegmatis,4452,4455,3
2267,Mycolicibacterium_smegmatis,4456,4462,6
2268,Mycolicibacterium_smegmatis,4468,4474,6
2269,Mycolicibacterium_smegmatis,4475,4481,6
2270,Mycolicibacterium_smegmatis,4483,4486,3
2271,Mycolicibacterium_smegmatis,4540,4552,12
2272,Mycolicibacterium_smegmatis,4555,4564,9
2273,Mycolicibacterium_smegmatis,4567,4573,6
2274,Mycolicibacterium_smegmatis,4582,4585,3
2275,Mycolicibacterium_smegmatis,5163,5169,6
2276,Mycolicibacterium_smegmatis,5170,5179,9
2277,Mycolicibacterium_smegmatis,5181,5190,9
2278,Mycolicibacterium_smegmatis,5197,5199,2
2279,Mycolicibacterium_smegmatis,5201,5204,3
2280,Mycolicibacterium_smegmatis,5206,5214,8
2281,Mycolicibacterium_smegmatis,5218,5230,12
2282,Mycolicibacterium_smegmatis,5231,5241,10
2283,Mycolicibacterium_smegmatis,5247,5253,6
2284,Mycolicibacterium_smegmatis,5401,5402,1
2285,Mycolicibacterium_smegmatis,6015,6016,1
2286,Mycolicibacterium_smegmatis,6431,6452,21
2287,Mycolicibacterium_smegmatis,6456,6462,6
2288,Mycolicibacterium_smegmatis,6470,6494,24
2289,Mycolicibacterium_smegmatis,7178,7254,76
2290,Mycolicibacterium_smegmatis,7260,7268,8
2291,Mycolicibacterium_smegmatis,7760,7763,3
2292,Mycolicibacterium_smegmatis,8452,8500,48
2293,Mycolicibacterium_smegmatis,8577,8578,1
2294,Mycolicibacterium_smegmatis,8584,8599,15
2295,Mycolicibacterium_smegmatis,8601,8603,2
2296,Mycolicibacterium_smegmatis,8609,8610,1
2297,Mycolicibacterium_smegmatis,8661,8662,1
2298,Mycolicibacterium_smegmatis,8733,8735,2
2299,Mycolicibacterium_smegmatis,8739,8742,3
2300,Mycolicibacterium_smegmatis,8930,8931,1
2301,Mycolicibacterium_smegmatis,8980,8982,2
2302,Mycolicibacterium_smegmatis,8984,8998,14
2303,Mycolicibacterium_smegmatis,9120,9121,1
2304,Mycolicibacterium_smegmatis,9370,9372,2
2305,Mycolicibacterium_smegmatis,9546,9547,1
2306,Mycolicibacterium_smegmatis,9812,9813,1
2307,Mycolicibacterium_smegmatis,9983,9986,3
2308,Mycolicibacterium_smegmatis,10076,10078,2
2309,Mycolicibacterium_smegmatis,10157,10158,1
2310,Mycolicibacterium_smegmatis,10261,10262,1
2311,Mycolicibacterium_smegmatis,10310,10312,2
2312,Mycolicibacterium_smegmatis,10313,10314,1
2313,Mycolicibacterium_smegmatis,10325,10326,1
2314,Mycolicibacterium_smegmatis,10370,10371,1
2315,Mycolicibacterium_smegmatis,10416,10417,1
2316,Mycolicibacterium_smegmatis,10434,10435,1
2317,Mycolicibacterium_smegmatis,10448,10449,1
2318,Mycolicibacterium_smegmatis,10476,10477,1
2319,Mycolicibacterium_smegmatis,10491,10492,1
2320,Mycolicibacterium_smegmatis,10526,10527,1
2321,Mycolicibacterium_smegmatis,10546,10649,103
2322,Mycolicibacterium_smegmatis,10828,10830,2
2323,Mycolicibacterium_smegmatis,10835,10843,8
2324,Mycolicibacterium_smegmatis,10864,10865,1
2325,Mycolicibacterium_smegmatis,10914,10915,1
2326,Mycolicibacterium_smegmatis,10965,10966,1
2327,Mycolicibacterium_smegmatis,10971,10975,4
2328,Mycolicibacterium_smegmatis,11085,11086,1
2329,Mycolicibacterium_smegmatis,11143,11144,1
2330,Mycolicibacterium_smegmatis,11243,11244,1
2331,Mycolicibacterium_smegmatis,11260,11261,1
2332,Mycolicibacterium_smegmatis,11286,11287,1
2333,Mycolicibacterium_smegmatis,11312,11313,1
2334,Mycolicibacterium_smegmatis,11473,11474,1
2335,Mycolicibacterium_smegmatis,11505,11512,7
2336,Mycolicibacterium_smegmatis,11513,11514,1
2337,Mycolicibacterium_smegmatis,11520,11521,1
2338,Mycolicibacterium_smegmatis,11524,11540,16
2339,Mycolicibacterium_smegmatis,11566,11567,1
2340,Mycolicibacterium_smegmatis,11782,11783,1
2341,Mycolicibacterium_smegmatis,11823,11824,1
2342,Mycolicibacterium_smegmatis,11826,11827,1
2343,Mycolicibacterium_smegmatis,11831,11836,5
2344,Mycolicibacterium_smegmatis,11846,11850,4
2345,Mycolicibacterium_smegmatis,11851,11852,1
2346,Mycolicibacterium_smegmatis,11859,11860,1
2347,Mycolicibacterium_smegmatis,11864,11865,1
2348,Mycolicibacterium_smegmatis,11877,11878,1
2349,Mycolicibacterium_smegmatis,11993,11994,1
2350,Mycolicibacterium_smegmatis,12029,12030,1
2351,Mycolicibacterium_smegmatis,12068,12069,1
2352,Mycolicibacterium_smegmatis,12207,12208,1
2353,Mycolicibacterium_smegmatis,12211,12212,1
2354,Mycolicibacterium_smegmatis,12213,12214,1
2355,Mycolicibacterium_smegmatis,12218,12222,4
2356,Mycolicibacterium_smegmatis,12226,12228,2
2357,Mycolicibacterium_smegmatis,12237,12238,1
2358,Mycolicibacterium_smegmatis,12360,12369,9
2359,Mycolicibacterium_smegmatis,12374,12375,1
2360,Mycolicibacterium_smegmatis,12378,12381,3
2361,Mycolicibacterium_smegmatis,12384,12390,6
2362,Mycolicibacterium_smegmatis,12391,12400,9
2363,Mycolicibacterium_smegmatis,12454,12455,1
2364,Mycolicibacterium_smegmatis,12739,12740,1
2365,Mycolicibacterium_smegmatis,12798,12925,127
2366,Mycolicibacterium_smegmatis,13451,13452,1
2367,Mycolicibacterium_smegmatis,13453,13454,1
2368,Mycolicibacterium_smegmatis,13508,13509,1
2369,Mycobacteroides_chelonae,1,10,9
2370,Mycobacteroides_chelonae,24,39,15
2371,Mycobacteroides_chelonae,43,46,3
2372,Mycobacteroides_chelonae,53,115,62
2373,Mycobacteroides_chelonae,117,132,15
2374,Mycobacteroides_chelonae,133,136,3
2375,Mycobacteroides_chelonae,346,349,3
2376,Mycobacteroides_chelonae,1542,1691,149
2377,Mycobacteroides_chelonae,3320,3326,6
2378,Mycobacteroides_chelonae,3333,3361,28
2379,Mycobacteroides_chelonae,3364,3365,1
2380,Mycobacteroides_chelonae,3372,3374,2
2381,Mycobacteroides_chelonae,3411,3480,69
2382,Mycobacteroides_chelonae,3485,3491,6
2383,Mycobacteroides_chelonae,3642,3645,3
2384,Mycobacteroides_chelonae,3650,3653,3
2385,Mycobacteroides_chelonae,3655,3667,12
2386,Mycobacteroides_chelonae,3782,3788,6
2387,Mycobacteroides_chelonae,4400,4406,6
2388,Mycobacteroides_chelonae,4407,4413,6
2389,Mycobacteroides_chelonae,4424,4425,1
2390,Mycobacteroides_chelonae,4433,4445,12
2391,Mycobacteroides_chelonae,4452,4455,3
2392,Mycobacteroides_chelonae,4456,4462,6
2393,Mycobacteroides_chelonae,4468,4486,18
2394,Mycobacteroides_chelonae,4540,4552,12
2395,Mycobacteroides_chelonae,4555,4564,9
2396,Mycobacteroides_chelonae,4567,4573,6
2397,Mycobacteroides_chelonae,4582,4585,3
2398,Mycobacteroides_chelonae,5163,5169,6
2399,Mycobacteroides_chelonae,5170,5179,9
2400,Mycobacteroides_chelonae,5181,5190,9
2401,Mycobacteroides_chelonae,5197,5199,2
2402,Mycobacteroides_chelonae,5201,5204,3
2403,Mycobacteroides_chelonae,5206,5214,8
2404,Mycobacteroides_chelonae,5218,5230,12
2405,Mycobacteroides_chelonae,5231,5241,10
2406,Mycobacteroides_chelonae,5247,5253,6
2407,Mycobacteroides_chelonae,5401,5402,1
2408,Mycobacteroides_chelonae,6015,6016,1
2409,Mycobacteroides_chelonae,6431,6467,36
2410,Mycobacteroides_chelonae,6470,6494,24
2411,Mycobacteroides_chelonae,7178,7254,76
2412,Mycobacteroides_chelonae,7260,7268,8
2413,Mycobacteroides_chelonae,8452,8500,48
2414,Mycobacteroides_chelonae,8577,8578,1
2415,Mycobacteroides_chelonae,8584,8603,19
2416,Mycobacteroides_chelonae,8609,8610,1
2417,Mycobacteroides_chelonae,8661,8662,1
2418,Mycobacteroides_chelonae,8703,8704,1
2419,Mycobacteroides_chelonae,8720,8721,1
2420,Mycobacteroides_chelonae,8733,8735,2
2421,Mycobacteroides_chelonae,8739,8742,3
2422,Mycobacteroides_chelonae,8930,8931,1
2423,Mycobacteroides_chelonae,8981,8997,16
2424,Mycobacteroides_chelonae,9120,9121,1
2425,Mycobacteroides_chelonae,9370,9372,2
2426,Mycobacteroides_chelonae,9546,9547,1
2427,Mycobacteroides_chelonae,9812,9814,2
2428,Mycobacteroides_chelonae,9982,9986,4
2429,Mycobacteroides_chelonae,10076,10078,2
2430,Mycobacteroides_chelonae,10157,10158,1
2431,Mycobacteroides_chelonae,10261,10262,1
2432,Mycobacteroides_chelonae,10310,10312,2
2433,Mycobacteroides_chelonae,10313,10315,2
2434,Mycobacteroides_chelonae,10325,10326,1
2435,Mycobacteroides_chelonae,10370,10371,1
2436,Mycobacteroides_chelonae,10434,10435,1
2437,Mycobacteroides_chelonae,10448,10449,1
2438,Mycobacteroides_chelonae,10476,10477,1
2439,Mycobacteroides_chelonae,10491,10492,1
2440,Mycobacteroides_chelonae,10526,10527,1
2441,Mycobacteroides_chelonae,10546,10649,103
2442,Mycobacteroides_chelonae,10828,10839,11
2443,Mycobacteroides_chelonae,10841,10846,5
2444,Mycobacteroides_chelonae,10864,10865,1
2445,Mycobacteroides_chelonae,10914,10915,1
2446,Mycobacteroides_chelonae,10955,10974,19
2447,Mycobacteroides_chelonae,10975,10980,5
2448,Mycobacteroides_chelonae,11085,11086,1
2449,Mycobacteroides_chelonae,11143,11144,1
2450,Mycobacteroides_chelonae,11243,11244,1
2451,Mycobacteroides_chelonae,11260,11261,1
2452,Mycobacteroides_chelonae,11265,11267,2
2453,Mycobacteroides_chelonae,11286,11287,1
2454,Mycobacteroides_chelonae,11312,11313,1
2455,Mycobacteroides_chelonae,11473,11474,1
2456,Mycobacteroides_chelonae,11520,11521,1
2457,Mycobacteroides_chelonae,11532,11533,1
2458,Mycobacteroides_chelonae,11566,11567,1
2459,Mycobacteroides_chelonae,11635,11636,1
2460,Mycobacteroides_chelonae,11782,11783,1
2461,Mycobacteroides_chelonae,11823,11824,1
2462,Mycobacteroides_chelonae,11826,11827,1
2463,Mycobacteroides_chelonae,11831,11836,5
2464,Mycobacteroides_chelonae,11847,11852,5
2465,Mycobacteroides_chelonae,11859,11860,1
2466,Mycobacteroides_chelonae,11864,11866,2
2467,Mycobacteroides_chelonae,11877,11878,1
2468,Mycobacteroides_chelonae,11993,11994,1
2469,Mycobacteroides_chelonae,12029,12030,1
2470,Mycobacteroides_chelonae,12068,12069,1
2471,Mycobacteroides_chelonae,12194,12195,1
2472,Mycobacteroides_chelonae,12211,12214,3
2473,Mycobacteroides_chelonae,12220,12221,1
2474,Mycobacteroides_chelonae,12222,12227,5
2475,Mycobacteroides_chelonae,12237,12238,1
2476,Mycobacteroides_chelonae,12360,12369,9
2477,Mycobacteroides_chelonae,12371,12372,1
2478,Mycobacteroides_chelonae,12374,12388,14
2479,Mycobacteroides_chelonae,12391,12400,9
2480,Mycobacteroides_chelonae,12454,12455,1
2481,Mycobacteroides_chelonae,12739,12740,1
2482,Mycobacteroides_chelonae,12798,12925,127
2483,Mycobacteroides_chelonae,13451,13452,1
2484,Mycobacteroides_chelonae,13453,13454,1
2485,Mycobacteroides_chelonae,13508,13509,1
2486,Mycolicibacterium_vaccae,1,10,9
2487,Mycolicibacterium_vaccae,21,39,18
2488,Mycolicibacterium_vaccae,43,46,3
2489,Mycolicibacterium_vaccae,51,113,62
2490,Mycolicibacterium_vaccae,117,132,15
2491,Mycolicibacterium_vaccae,133,136,3
2492,Mycolicibacterium_vaccae,346,349,3
2493,Mycolicibacterium_vaccae,1542,1691,149
2494,Mycolicibacterium_vaccae,3317,3361,44
2495,Mycolicibacterium_vaccae,3364,3365,1
2496,Mycolicibacterium_vaccae,3373,3374,1
2497,Mycolicibacterium_vaccae,3407,3482,75
2498,Mycolicibacterium_vaccae,3485,3491,6
2499,Mycolicibacterium_vaccae,3642,3645,3
2500,Mycolicibacterium_vaccae,3650,3653,3
2501,Mycolicibacterium_vaccae,3655,3667,12
2502,Mycolicibacterium_vaccae,3782,3788,6
2503,Mycolicibacterium_vaccae,4400,4406,6
2504,Mycolicibacterium_vaccae,4407,4413,6
2505,Mycolicibacterium_vaccae,4417,4426,9
2506,Mycolicibacterium_vaccae,4432,4445,13
2507,Mycolicibacterium_vaccae,4452,4455,3
2508,Mycolicibacterium_vaccae,4456,4462,6
2509,Mycolicibacterium_vaccae,4468,4474,6
2510,Mycolicibacterium_vaccae,4475,4481,6
2511,Mycolicibacterium_vaccae,4483,4486,3
2512,Mycolicibacterium_vaccae,4540,4552,12
2513,Mycolicibacterium_vaccae,4555,4564,9
2514,Mycolicibacterium_vaccae,4567,4573,6
2515,Mycolicibacterium_vaccae,4582,4585,3
2516,Mycolicibacterium_vaccae,5163,5169,6
2517,Mycolicibacterium_vaccae,5170,5179,9
2518,Mycolicibacterium_vaccae,5181,5190,9
2519,Mycolicibacterium_vaccae,5197,5199,2
2520,Mycolicibacterium_vaccae,5201,5204,3
2521,Mycolicibacterium_vaccae,5206,5214,8
2522,Mycolicibacterium_vaccae,5218,5230,12
2523,Mycolicibacterium_vaccae,5231,5241,10
2524,Mycolicibacterium_vaccae,5247,5253,6
2525,Mycolicibacterium_vaccae,5401,5402,1
2526,Mycolicibacterium_vaccae,6015,6016,1
2527,Mycolicibacterium_vaccae,6431,6443,12
2528,Mycolicibacterium_vaccae,6456,6462,6
2529,Mycolicibacterium_vaccae,6470,6494,24
2530,Mycolicibacterium_vaccae,7178,7254,76
2531,Mycolicibacterium_vaccae,7260,7268,8
2532,Mycolicibacterium_vaccae,7760,7763,3
2533,Mycolicibacterium_vaccae,8452,8500,48
2534,Mycolicibacterium_vaccae,8577,8578,1
2535,Mycolicibacterium_vaccae,8584,8599,15
2536,Mycolicibacterium_vaccae,8600,8604,4
2537,Mycolicibacterium_vaccae,8609,8610,1
2538,Mycolicibacterium_vaccae,8661,8662,1
2539,Mycolicibacterium_vaccae,8733,8735,2
2540,Mycolicibacterium_vaccae,8739,8742,3
2541,Mycolicibacterium_vaccae,8930,8931,1
2542,Mycolicibacterium_vaccae,8980,8982,2
2543,Mycolicibacterium_vaccae,8984,8998,14
2544,Mycolicibacterium_vaccae,9120,9121,1
2545,Mycolicibacterium_vaccae,9370,9372,2
2546,Mycolicibacterium_vaccae,9546,9547,1
2547,Mycolicibacterium_vaccae,9812,9813,1
2548,Mycolicibacterium_vaccae,9985,9986,1
2549,Mycolicibacterium_vaccae,10076,10078,2
2550,Mycolicibacterium_vaccae,10157,10158,1
2551,Mycolicibacterium_vaccae,10261,10262,1
2552,Mycolicibacterium_vaccae,10310,10312,2
2553,Mycolicibacterium_vaccae,10313,10315,2
2554,Mycolicibacterium_vaccae,10325,10326,1
2555,Mycolicibacterium_vaccae,10370,10371,1
2556,Mycolicibacterium_vaccae,10416,10417,1
2557,Mycolicibacterium_vaccae,10434,10435,1
2558,Mycolicibacterium_vaccae,10448,10449,1
2559,Mycolicibacterium_vaccae,10461,10462,1
2560,Mycolicibacterium_vaccae,10476,10477,1
2561,Mycolicibacterium_vaccae,10491,10492,1
2562,Mycolicibacterium_vaccae,10526,10527,1
2563,Mycolicibacterium_vaccae,10547,10649,102
2564,Mycolicibacterium_vaccae,10828,10832,4
2565,Mycolicibacterium_vaccae,10835,10836,1
2566,Mycolicibacterium_vaccae,10837,10843,6
2567,Mycolicibacterium_vaccae,10864,10865,1
2568,Mycolicibacterium_vaccae,10914,10915,1
2569,Mycolicibacterium_vaccae,10965,10966,1
2570,Mycolicibacterium_vaccae,10971,10975,4
2571,Mycolicibacterium_vaccae,11085,11086,1
2572,Mycolicibacterium_vaccae,11143,11144,1
2573,Mycolicibacterium_vaccae,11243,11244,1
2574,Mycolicibacterium_vaccae,11260,11261,1
2575,Mycolicibacterium_vaccae,11265,11267,2
2576,Mycolicibacterium_vaccae,11286,11287,1
2577,Mycolicibacterium_vaccae,11312,11313,1
2578,Mycolicibacterium_vaccae,11473,11474,1
2579,Mycolicibacterium_vaccae,11505,11512,7
2580,Mycolicibacterium_vaccae,11513,11514,1
2581,Mycolicibacterium_vaccae,11520,11521,1
2582,Mycolicibacterium_vaccae,11523,11538,15
2583,Mycolicibacterium_vaccae,11566,11567,1
2584,Mycolicibacterium_vaccae,11782,11783,1
2585,Mycolicibacterium_vaccae,11823,11824,1
2586,Mycolicibacterium_vaccae,11826,11827,1
2587,Mycolicibacterium_vaccae,11831,11836,5
2588,Mycolicibacterium_vaccae,11846,11850,4
2589,Mycolicibacterium_vaccae,11851,11852,1
2590,Mycolicibacterium_vaccae,11859,11860,1
2591,Mycolicibacterium_vaccae,11864,11866,2
2592,Mycolicibacterium_vaccae,11877,11878,1
2593,Mycolicibacterium_vaccae,11993,11994,1
2594,Mycolicibacterium_vaccae,12029,12030,1
2595,Mycolicibacterium_vaccae,12068,12069,1
2596,Mycolicibacterium_vaccae,12207,12208,1
2597,Mycolicibacterium_vaccae,12211,12212,1
2598,Mycolicibacterium_vaccae,12213,12214,1
2599,Mycolicibacterium_vaccae,12218,12222,4
2600,Mycolicibacterium_vaccae,12226,12227,1
2601,Mycolicibacterium_vaccae,12237,12238,1
2602,Mycolicibacterium_vaccae,12360,12369,9
2603,Mycolicibacterium_vaccae,12371,12372,1
2604,Mycolicibacterium_vaccae,12374,12375,1
2605,Mycolicibacterium_vaccae,12377,12382,5
2606,Mycolicibacterium_vaccae,12384,12390,6
2607,Mycolicibacterium_vaccae,12391,12400,9
2608,Mycolicibacterium_vaccae,12454,12455,1
2609,Mycolicibacterium_vaccae,12739,12740,1
2610,Mycolicibacterium_vaccae,12798,12925,127
2611,Mycolicibacterium_vaccae,13451,13452,1
2612,Mycolicibacterium_vaccae,13453,13454,1
2613,Mycolicibacterium_vaccae,13508,13509,1
2614,Mycobacteroides_immunogenum,1,10,9
2615,Mycobacteroides_immunogenum,23,41,18
2616,Mycobacteroides_immunogenum,43,46,3
2617,Mycobacteroides_immunogenum,53,115,62
2618,Mycobacteroides_immunogenum,117,132,15
2619,Mycobacteroides_immunogenum,133,136,3
2620,Mycobacteroides_immunogenum,346,349,3
2621,Mycobacteroides_immunogenum,1542,1691,149
2622,Mycobacteroides_immunogenum,3320,3326,6
2623,Mycobacteroides_immunogenum,3333,3361,28
2624,Mycobacteroides_immunogenum,3364,3365,1
2625,Mycobacteroides_immunogenum,3372,3374,2
2626,Mycobacteroides_immunogenum,3411,3480,69
2627,Mycobacteroides_immunogenum,3485,3491,6
2628,Mycobacteroides_immunogenum,3642,3645,3
2629,Mycobacteroides_immunogenum,3650,3653,3
2630,Mycobacteroides_immunogenum,3655,3667,12
2631,Mycobacteroides_immunogenum,3782,3788,6
2632,Mycobacteroides_immunogenum,4400,4406,6
2633,Mycobacteroides_immunogenum,4407,4413,6
2634,Mycobacteroides_immunogenum,4424,4425,1
2635,Mycobacteroides_immunogenum,4433,4445,12
2636,Mycobacteroides_immunogenum,4452,4455,3
2637,Mycobacteroides_immunogenum,4456,4462,6
2638,Mycobacteroides_immunogenum,4468,4486,18
2639,Mycobacteroides_immunogenum,4540,4552,12
2640,Mycobacteroides_immunogenum,4555,4564,9
2641,Mycobacteroides_immunogenum,4567,4573,6
2642,Mycobacteroides_immunogenum,4582,4585,3
2643,Mycobacteroides_immunogenum,5163,5169,6
2644,Mycobacteroides_immunogenum,5170,5179,9
2645,Mycobacteroides_immunogenum,5181,5190,9
2646,Mycobacteroides_immunogenum,5197,5199,2
2647,Mycobacteroides_immunogenum,5201,5204,3
2648,Mycobacteroides_immunogenum,5206,5214,8
2649,Mycobacteroides_immunogenum,5218,5230,12
2650,Mycobacteroides_immunogenum,5231,5241,10
2651,Mycobacteroides_immunogenum,5247,5253,6
2652,Mycobacteroides_immunogenum,5401,5402,1
2653,Mycobacteroides_immunogenum,6015,6016,1
2654,Mycobacteroides_immunogenum,6431,6467,36
2655,Mycobacteroides_immunogenum,6470,6494,24
2656,Mycobacteroides_immunogenum,7178,7254,76
2657,Mycobacteroides_immunogenum,7260,7268,8
2658,Mycobacteroides_immunogenum,8452,8500,48
2659,Mycobacteroides_immunogenum,8577,8578,1
2660,Mycobacteroides_immunogenum,8584,8603,19
2661,Mycobacteroides_immunogenum,8609,8610,1
2662,Mycobacteroides_immunogenum,8661,8662,1
2663,Mycobacteroides_immunogenum,8703,8704,1
2664,Mycobacteroides_immunogenum,8720,8721,1
2665,Mycobacteroides_immunogenum,8733,8735,2
2666,Mycobacteroides_immunogenum,8739,8742,3
2667,Mycobacteroides_immunogenum,8930,8931,1
2668,Mycobacteroides_immunogenum,8981,8997,16
2669,Mycobacteroides_immunogenum,9120,9121,1
2670,Mycobacteroides_immunogenum,9370,9372,2
2671,Mycobacteroides_immunogenum,9546,9547,1
2672,Mycobacteroides_immunogenum,9812,9814,2
2673,Mycobacteroides_immunogenum,9983,9986,3
2674,Mycobacteroides_immunogenum,10076,10077,1
2675,Mycobacteroides_immunogenum,10157,10158,1
2676,Mycobacteroides_immunogenum,10261,10262,1
2677,Mycobacteroides_immunogenum,10310,10312,2
2678,Mycobacteroides_immunogenum,10313,10315,2
2679,Mycobacteroides_immunogenum,10325,10326,1
2680,Mycobacteroides_immunogenum,10370,10371,1
2681,Mycobacteroides_immunogenum,10434,10435,1
2682,Mycobacteroides_immunogenum,10448,10449,1
2683,Mycobacteroides_immunogenum,10476,10477,1
2684,Mycobacteroides_immunogenum,10491,10492,1
2685,Mycobacteroides_immunogenum,10526,10527,1
2686,Mycobacteroides_immunogenum,10546,10649,103
2687,Mycobacteroides_immunogenum,10828,10839,11
2688,Mycobacteroides_immunogenum,10841,10846,5
2689,Mycobacteroides_immunogenum,10864,10865,1
2690,Mycobacteroides_immunogenum,10914,10915,1
2691,Mycobacteroides_immunogenum,10955,10974,19
2692,Mycobacteroides_immunogenum,10975,10980,5
2693,Mycobacteroides_immunogenum,11085,11086,1
2694,Mycobacteroides_immunogenum,11143,11144,1
2695,Mycobacteroides_immunogenum,11243,11244,1
2696,Mycobacteroides_immunogenum,11260,11261,1
2697,Mycobacteroides_immunogenum,11265,11267,2
2698,Mycobacteroides_immunogenum,11286,11287,1
2699,Mycobacteroides_immunogenum,11312,11313,1
2700,Mycobacteroides_immunogenum,11473,11474,1
2701,Mycobacteroides_immunogenum,11520,11521,1
2702,Mycobacteroides_immunogenum,11532,11533,1
2703,Mycobacteroides_immunogenum,11566,11567,1
2704,Mycobacteroides_immunogenum,11635,11636,1
2705,Mycobacteroides_immunogenum,11782,11783,1
2706,Mycobacteroides_immunogenum,11823,11824,1
2707,Mycobacteroides_immunogenum,11826,11827,1
2708,Mycobacteroides_immunogenum,11831,11836,5
2709,Mycobacteroides_immunogenum,11847,11852,5
2710,Mycobacteroides_immunogenum,11859,11860,1
2711,Mycobacteroides_immunogenum,11864,11866,2
2712,Mycobacteroides_immunogenum,11877,11878,1
2713,Mycobacteroides_immunogenum,11942,11943,1
2714,Mycobacteroides_immunogenum,11992,11994,2
2715,Mycobacteroides_immunogenum,12029,12030,1
2716,Mycobacteroides_immunogenum,12068,12069,1
2717,Mycobacteroides_immunogenum,12194,12195,1
2718,Mycobacteroides_immunogenum,12211,12214,3
2719,Mycobacteroides_immunogenum,12220,12221,1
2720,Mycobacteroides_immunogenum,12222,12227,5
2721,Mycobacteroides_immunogenum,12237,12238,1
2722,Mycobacteroides_immunogenum,12360,12369,9
2723,Mycobacteroides_immunogenum,12371,12372,1
2724,Mycobacteroides_immunogenum,12374,12388,14
2725,Mycobacteroides_immunogenum,12391,12400,9
2726,Mycobacteroides_immunogenum,12454,12455,1
2727,Mycobacteroides_immunogenum,12739,12740,1
2728,Mycobacteroides_immunogenum,12798,12925,127
2729,Mycobacteroides_immunogenum,13451,13452,1
2730,Mycobacteroides_immunogenum,13453,13454,1
2731,Mycobacteroides_immunogenum,13508,13509,1
2732,Mycolicibacterium_phlei,1,10,9
2733,Mycolicibacterium_phlei,21,39,18
2734,Mycolicibacterium_phlei,43,46,3
2735,Mycolicibacterium_phlei,53,106,53
2736,Mycolicibacterium_phlei,117,132,15
2737,Mycolicibacterium_phlei,133,136,3
2738,Mycolicibacterium_phlei,346,349,3
2739,Mycolicibacterium_phlei,1542,1691,149
2740,Mycolicibacterium_phlei,3317,3361,44
2741,Mycolicibacterium_phlei,3364,3365,1
2742,Mycolicibacterium_phlei,3373,3374,1
2743,Mycolicibacterium_phlei,3409,3478,69
2744,Mycolicibacterium_phlei,3485,3491,6
2745,Mycolicibacterium_phlei,3642,3645,3
2746,Mycolicibacterium_phlei,3650,3653,3
2747,Mycolicibacterium_phlei,3655,3667,12
2748,Mycolicibacterium_phlei,3782,3788,6
2749,Mycolicibacterium_phlei,4400,4406,6
2750,Mycolicibacterium_phlei,4407,4413,6
2751,Mycolicibacterium_phlei,4417,4426,9
2752,Mycolicibacterium_phlei,4432,4445,13
2753,Mycolicibacterium_phlei,4452,4455,3
2754,Mycolicibacterium_phlei,4456,4462,6
2755,Mycolicibacterium_phlei,4468,4474,6
2756,Mycolicibacterium_phlei,4475,4481,6
2757,Mycolicibacterium_phlei,4483,4486,3
2758,Mycolicibacterium_phlei,4540,4552,12
2759,Mycolicibacterium_phlei,4555,4564,9
2760,Mycolicibacterium_phlei,4567,4573,6
2761,Mycolicibacterium_phlei,4582,4585,3
2762,Mycolicibacterium_phlei,5163,5169,6
2763,Mycolicibacterium_phlei,5170,5179,9
2764,Mycolicibacterium_phlei,5181,5190,9
2765,Mycolicibacterium_phlei,5197,5199,2
2766,Mycolicibacterium_phlei,5201,5204,3
2767,Mycolicibacterium_phlei,5206,5214,8
2768,Mycolicibacterium_phlei,5218,5230,12
2769,Mycolicibacterium_phlei,5231,5241,10
2770,Mycolicibacterium_phlei,5247,5253,6
2771,Mycolicibacterium_phlei,5401,5402,1
2772,Mycolicibacterium_phlei,6015,6016,1
2773,Mycolicibacterium_phlei,6431,6467,36
2774,Mycolicibacterium_phlei,6470,6494,24
2775,Mycolicibacterium_phlei,7178,7254,76
2776,Mycolicibacterium_phlei,7260,7268,8
2777,Mycolicibacterium_phlei,7760,7763,3
2778,Mycolicibacterium_phlei,8452,8500,48
2779,Mycolicibacterium_phlei,8577,8578,1
2780,Mycolicibacterium_phlei,8584,8599,15
2781,Mycolicibacterium_phlei,8601,8604,3
2782,Mycolicibacterium_phlei,8609,8610,1
2783,Mycolicibacterium_phlei,8661,8662,1
2784,Mycolicibacterium_phlei,8720,8721,1
2785,Mycolicibacterium_phlei,8733,8735,2
2786,Mycolicibacterium_phlei,8739,8742,3
2787,Mycolicibacterium_phlei,8930,8931,1
2788,Mycolicibacterium_phlei,8980,8982,2
2789,Mycolicibacterium_phlei,8984,8998,14
2790,Mycolicibacterium_phlei,9120,9121,1
2791,Mycolicibacterium_phlei,9370,9372,2
2792,Mycolicibacterium_phlei,9546,9547,1
2793,Mycolicibacterium_phlei,9812,9813,1
2794,Mycolicibacterium_phlei,9985,9986,1
2795,Mycolicibacterium_phlei,10076,10078,2
2796,Mycolicibacterium_phlei,10157,10158,1
2797,Mycolicibacterium_phlei,10254,10255,1
2798,Mycolicibacterium_phlei,10261,10262,1
2799,Mycolicibacterium_phlei,10310,10312,2
2800,Mycolicibacterium_phlei,10313,10315,2
2801,Mycolicibacterium_phlei,10325,10326,1
2802,Mycolicibacterium_phlei,10370,10371,1
2803,Mycolicibacterium_phlei,10416,10417,1
2804,Mycolicibacterium_phlei,10434,10435,1
2805,Mycolicibacterium_phlei,10448,10449,1
2806,Mycolicibacterium_phlei,10461,10462,1
2807,Mycolicibacterium_phlei,10476,10477,1
2808,Mycolicibacterium_phlei,10491,10492,1
2809,Mycolicibacterium_phlei,10526,10527,1
2810,Mycolicibacterium_phlei,10545,10649,104
2811,Mycolicibacterium_phlei,10828,10832,4
2812,Mycolicibacterium_phlei,10835,10836,1
2813,Mycolicibacterium_phlei,10837,10843,6
2814,Mycolicibacterium_phlei,10864,10865,1
2815,Mycolicibacterium_phlei,10914,10915,1
2816,Mycolicibacterium_phlei,10965,10966,1
2817,Mycolicibacterium_phlei,10971,10975,4
2818,Mycolicibacterium_phlei,11085,11086,1
2819,Mycolicibacterium_phlei,11143,11144,1
2820,Mycolicibacterium_phlei,11243,11244,1
2821,Mycolicibacterium_phlei,11260,11261,1
2822,Mycolicibacterium_phlei,11265,11267,2
2823,Mycolicibacterium_phlei,11286,11287,1
2824,Mycolicibacterium_phlei,11312,11313,1
2825,Mycolicibacterium_phlei,11473,11474,1
2826,Mycolicibacterium_phlei,11505,11512,7
2827,Mycolicibacterium_phlei,11513,11514,1
2828,Mycolicibacterium_phlei,11520,11521,1
2829,Mycolicibacterium_phlei,11524,11535,11
2830,Mycolicibacterium_phlei,11566,11567,1
2831,Mycolicibacterium_phlei,11782,11783,1
2832,Mycolicibacterium_phlei,11823,11824,1
2833,Mycolicibacterium_phlei,11826,11829,3
2834,Mycolicibacterium_phlei,11831,11836,5
2835,Mycolicibacterium_phlei,11846,11849,3
2836,Mycolicibacterium_phlei,11851,11852,1
2837,Mycolicibacterium_phlei,11859,11865,6
2838,Mycolicibacterium_phlei,11877,11878,1
2839,Mycolicibacterium_phlei,11993,11995,2
2840,Mycolicibacterium_phlei,12029,12030,1
2841,Mycolicibacterium_phlei,12068,12069,1
2842,Mycolicibacterium_phlei,12207,12208,1
2843,Mycolicibacterium_phlei,12211,12212,1
2844,Mycolicibacterium_phlei,12213,12214,1
2845,Mycolicibacterium_phlei,12218,12222,4
2846,Mycolicibacterium_phlei,12226,12227,1
2847,Mycolicibacterium_phlei,12237,12238,1
2848,Mycolicibacterium_phlei,12360,12369,9
2849,Mycolicibacterium_phlei,12371,12372,1
2850,Mycolicibacterium_phlei,12374,12375,1
2851,Mycolicibacterium_phlei,12378,12381,3
2852,Mycolicibacterium_phlei,12384,12390,6
2853,Mycolicibacterium_phlei,12391,12400,9
2854,Mycolicibacterium_phlei,12454,12455,1
2855,Mycolicibacterium_phlei,12739,12740,1
2856,Mycolicibacterium_phlei,12798,12925,127
2857,Mycolicibacterium_phlei,13451,13452,1
2858,Mycolicibacterium_phlei,13453,13454,1
2859,Mycolicibacterium_phlei,13508,13509,1
2860,Mycobacteroides_saopaulense,1,10,9
2861,Mycobacteroides_saopaulense,24,39,15
2862,Mycobacteroides_saopaulense,43,46,3
2863,Mycobacteroides_saopaulense,53,115,62
2864,Mycobacteroides_saopaulense,117,132,15
2865,Mycobacteroides_saopaulense,133,136,3
2866,Mycobacteroides_saopaulense,346,349,3
2867,Mycobacteroides_saopaulense,1542,1691,149
2868,Mycobacteroides_saopaulense,3320,3326,6
2869,Mycobacteroides_saopaulense,3333,3361,28
2870,Mycobacteroides_saopaulense,3364,3365,1
2871,Mycobacteroides_saopaulense,3372,3374,2
2872,Mycobacteroides_saopaulense,3411,3480,69
2873,Mycobacteroides_saopaulense,3485,3491,6
2874,Mycobacteroides_saopaulense,3642,3645,3
2875,Mycobacteroides_saopaulense,3650,3653,3
2876,Mycobacteroides_saopaulense,3655,3667,12
2877,Mycobacteroides_saopaulense,3782,3788,6
2878,Mycobacteroides_saopaulense,4400,4406,6
2879,Mycobacteroides_saopaulense,4407,4413,6
2880,Mycobacteroides_saopaulense,4424,4425,1
2881,Mycobacteroides_saopaulense,4433,4445,12
2882,Mycobacteroides_saopaulense,4452,4455,3
2883,Mycobacteroides_saopaulense,4456,4462,6
2884,Mycobacteroides_saopaulense,4468,4486,18
2885,Mycobacteroides_saopaulense,4540,4552,12
2886,Mycobacteroides_saopaulense,4555,4564,9
2887,Mycobacteroides_saopaulense,4567,4573,6
2888,Mycobacteroides_saopaulense,4582,4585,3
2889,Mycobacteroides_saopaulense,5163,5169,6
2890,Mycobacteroides_saopaulense,5170,5179,9
2891,Mycobacteroides_saopaulense,5181,5190,9
2892,Mycobacteroides_saopaulense,5197,5199,2
2893,Mycobacteroides_saopaulense,5201,5204,3
2894,Mycobacteroides_saopaulense,5206,5214,8
2895,Mycobacteroides_saopaulense,5218,5230,12
2896,Mycobacteroides_saopaulense,5231,5241,10
2897,Mycobacteroides_saopaulense,5247,5253,6
2898,Mycobacteroides_saopaulense,5401,5402,1
2899,Mycobacteroides_saopaulense,6015,6016,1
2900,Mycobacteroides_saopaulense,6431,6467,36
2901,Mycobacteroides_saopaulense,6470,6494,24
2902,Mycobacteroides_saopaulense,7178,7254,76
2903,Mycobacteroides_saopaulense,7260,7268,8
2904,Mycobacteroides_saopaulense,8452,8500,48
2905,Mycobacteroides_saopaulense,8577,8578,1
2906,Mycobacteroides_saopaulense,8584,8603,19
2907,Mycobacteroides_saopaulense,8609,8610,1
2908,Mycobacteroides_saopaulense,8661,8662,1
2909,Mycobacteroides_saopaulense,8703,8704,1
2910,Mycobacteroides_saopaulense,8720,8721,1
2911,Mycobacteroides_saopaulense,8733,8735,2
2912,Mycobacteroides_saopaulense,8739,8742,3
2913,Mycobacteroides_saopaulense,8930,8931,1
2914,Mycobacteroides_saopaulense,8981,8997,16
2915,Mycobacteroides_saopaulense,9120,9121,1
2916,Mycobacteroides_saopaulense,9370,9372,2
2917,Mycobacteroides_saopaulense,9546,9547,1
2918,Mycobacteroides_saopaulense,9812,9814,2
2919,Mycobacteroides_saopaulense,9982,9986,4
2920,Mycobacteroides_saopaulense,10076,10077,1
2921,Mycobacteroides_saopaulense,10157,10158,1
2922,Mycobacteroides_saopaulense,10261,10262,1
2923,Mycobacteroides_saopaulense,10310,10312,2
2924,Mycobacteroides_saopaulense,10313,10315,2
2925,Mycobacteroides_saopaulense,10325,10326,1
2926,Mycobacteroides_saopaulense,10370,10371,1
2927,Mycobacteroides_saopaulense,10434,10435,1
2928,Mycobacteroides_saopaulense,10448,10449,1
2929,Mycobacteroides_saopaulense,10476,10477,1
2930,Mycobacteroides_saopaulense,10491,10492,1
2931,Mycobacteroides_saopaulense,10526,10527,1
2932,Mycobacteroides_saopaulense,10546,10649,103
2933,Mycobacteroides_saopaulense,10828,10839,11
2934,Mycobacteroides_saopaulense,10841,10846,5
2935,Mycobacteroides_saopaulense,10864,10865,1
2936,Mycobacteroides_saopaulense,10914,10915,1
2937,Mycobacteroides_saopaulense,10955,10974,19
2938,Mycobacteroides_saopaulense,10975,10980,5
2939,Mycobacteroides_saopaulense,11085,11086,1
2940,Mycobacteroides_saopaulense,11143,11144,1
2941,Mycobacteroides_saopaulense,11243,11244,1
2942,Mycobacteroides_saopaulense,11260,11261,1
2943,Mycobacteroides_saopaulense,11265,11267,2
2944,Mycobacteroides_saopaulense,11286,11287,1
2945,Mycobacteroides_saopaulense,11312,11313,1
2946,Mycobacteroides_saopaulense,11473,11474,1
2947,Mycobacteroides_saopaulense,11520,11521,1
2948,Mycobacteroides_saopaulense,11532,11533,1
2949,Mycobacteroides_saopaulense,11566,11567,1
2950,Mycobacteroides_saopaulense,11635,11636,1
2951,Mycobacteroides_saopaulense,11782,11783,1
2952,Mycobacteroides_saopaulense,11823,11824,1
2953,Mycobacteroides_saopaulense,11826,11827,1
2954,Mycobacteroides_saopaulense,11831,11836,5
2955,Mycobacteroides_saopaulense,11847,11852,5
2956,Mycobacteroides_saopaulense,11859,11860,1
2957,Mycobacteroides_saopaulense,11864,11866,2
2958,Mycobacteroides_saopaulense,11877,11878,1
2959,Mycobacteroides_saopaulense,11992,11994,2
2960,Mycobacteroides_saopaulense,12029,12030,1
2961,Mycobacteroides_saopaulense,12068,12069,1
2962,Mycobacteroides_saopaulense,12194,12195,1
2963,Mycobacteroides_saopaulense,12211,12214,3
2964,Mycobacteroides_saopaulense,12220,12221,1
2965,Mycobacteroides_saopaulense,12222,12227,5
2966,Mycobacteroides_saopaulense,12237,12238,1
2967,Mycobacteroides_saopaulense,12360,12369,9
2968,Mycobacteroides_saopaulense,12371,12372,1
2969,Mycobacteroides_saopaulense,12374,12388,14
2970,Mycobacteroides_saopaulense,12391,12400,9
2971,Mycobacteroides_saopaulense,12454,12455,1
2972,Mycobacteroides_saopaulense,12739,12740,1
2973,Mycobacteroides_saopaulense,12798,12925,127
2974,Mycobacteroides_saopaulense,13451,13452,1
2975,Mycobacteroides_saopaulense,13453,13454,1
2976,Mycobacteroides_saopaulense,13508,13509,1
2977,Mycobacterium_lepromatosis,1,10,9
2978,Mycobacterium_lepromatosis,14,17,3
2979,Mycobacterium_lepromatosis,21,39,18
2980,Mycobacterium_lepromatosis,43,46,3
2981,Mycobacterium_lepromatosis,62,71,9
2982,Mycobacterium_lepromatosis,87,107,20
2983,Mycobacterium_lepromatosis,117,132,15
2984,Mycobacterium_lepromatosis,133,136,3
2985,Mycobacterium_lepromatosis,346,349,3
2986,Mycobacterium_lepromatosis,1542,1691,149
2987,Mycobacterium_lepromatosis,3317,3381,64
2988,Mycobacterium_lepromatosis,3418,3420,2
2989,Mycobacterium_lepromatosis,3424,3458,34
2990,Mycobacterium_lepromatosis,3473,3479,6
2991,Mycobacterium_lepromatosis,3485,3491,6
2992,Mycobacterium_lepromatosis,3642,3645,3
2993,Mycobacterium_lepromatosis,3650,3653,3
2994,Mycobacterium_lepromatosis,3655,3667,12
2995,Mycobacterium_lepromatosis,3782,3788,6
2996,Mycobacterium_lepromatosis,4400,4406,6
2997,Mycobacterium_lepromatosis,4407,4413,6
2998,Mycobacterium_lepromatosis,4417,4426,9
2999,Mycobacterium_lepromatosis,4432,4445,13
3000,Mycobacterium_lepromatosis,4452,4455,3
3001,Mycobacterium_lepromatosis,4456,4462,6
3002,Mycobacterium_lepromatosis,4468,4480,12
3003,Mycobacterium_lepromatosis,4483,4486,3
3004,Mycobacterium_lepromatosis,4540,4552,12
3005,Mycobacterium_lepromatosis,4555,4564,9
3006,Mycobacterium_lepromatosis,4567,4573,6
3007,Mycobacterium_lepromatosis,4581,4584,3
3008,Mycobacterium_lepromatosis,5163,5169,6
3009,Mycobacterium_lepromatosis,5170,5179,9
3010,Mycobacterium_lepromatosis,5181,5190,9
3011,Mycobacterium_lepromatosis,5197,5199,2
3012,Mycobacterium_lepromatosis,5201,5204,3
3013,Mycobacterium_lepromatosis,5206,5214,8
3014,Mycobacterium_lepromatosis,5219,5241,22
3015,Mycobacterium_lepromatosis,5247,5253,6
3016,Mycobacterium_lepromatosis,5401,5402,1
3017,Mycobacterium_lepromatosis,6015,6016,1
3018,Mycobacterium_lepromatosis,6431,6452,21
3019,Mycobacterium_lepromatosis,6456,6462,6
3020,Mycobacterium_lepromatosis,6470,6494,24
3021,Mycobacterium_lepromatosis,7178,7254,76
3022,Mycobacterium_lepromatosis,7260,7268,8
3023,Mycobacterium_lepromatosis,7760,7763,3
3024,Mycobacterium_lepromatosis,8452,8500,48
3025,Mycobacterium_lepromatosis,8577,8578,1
3026,Mycobacterium_lepromatosis,8601,8603,2
3027,Mycobacterium_lepromatosis,8609,8610,1
3028,Mycobacterium_lepromatosis,8703,8704,1
3029,Mycobacterium_lepromatosis,8720,8721,1
3030,Mycobacterium_lepromatosis,8733,8735,2
3031,Mycobacterium_lepromatosis,8739,8742,3
3032,Mycobacterium_lepromatosis,8930,8931,1
3033,Mycobacterium_lepromatosis,8980,8982,2
3034,Mycobacterium_lepromatosis,8996,8998,2
3035,Mycobacterium_lepromatosis,9120,9121,1
3036,Mycobacterium_lepromatosis,9370,9372,2
3037,Mycobacterium_lepromatosis,9546,9547,1
3038,Mycobacterium_lepromatosis,9982,9986,4
3039,Mycobacterium_lepromatosis,10076,10078,2
3040,Mycobacterium_lepromatosis,10157,10158,1
3041,Mycobacterium_lepromatosis,10261,10262,1
3042,Mycobacterium_lepromatosis,10310,10312,2
3043,Mycobacterium_lepromatosis,10313,10315,2
3044,Mycobacterium_lepromatosis,10325,10326,1
3045,Mycobacterium_lepromatosis,10370,10371,1
3046,Mycobacterium_lepromatosis,10434,10435,1
3047,Mycobacterium_lepromatosis,10448,10449,1
3048,Mycobacterium_lepromatosis,10476,10477,1
3049,Mycobacterium_lepromatosis,10491,10492,1
3050,Mycobacterium_lepromatosis,10526,10527,1
3051,Mycobacterium_lepromatosis,10546,10649,103
3052,Mycobacterium_lepromatosis,10828,10830,2
3053,Mycobacterium_lepromatosis,10832,10846,14
3054,Mycobacterium_lepromatosis,10864,10865,1
3055,Mycobacterium_lepromatosis,10914,10915,1
3056,Mycobacterium_lepromatosis,10958,10966,8
3057,Mycobacterium_lepromatosis,10971,10972,1
3058,Mycobacterium_lepromatosis,11085,11086,1
3059,Mycobacterium_lepromatosis,11143,11144,1
3060,Mycobacterium_lepromatosis,11243,11244,1
3061,Mycobacterium_lepromatosis,11260,11261,1
3062,Mycobacterium_lepromatosis,11262,11263,1
3063,Mycobacterium_lepromatosis,11265,11267,2
3064,Mycobacterium_lepromatosis,11286,11287,1
3065,Mycobacterium_lepromatosis,11312,11313,1
3066,Mycobacterium_lepromatosis,11473,11474,1
3067,Mycobacterium_lepromatosis,11505,11511,6
3068,Mycobacterium_lepromatosis,11513,11514,1
3069,Mycobacterium_lepromatosis,11520,11521,1
3070,Mycobacterium_lepromatosis,11523,11530,7
3071,Mycobacterium_lepromatosis,11532,11533,1
3072,Mycobacterium_lepromatosis,11566,11567,1
3073,Mycobacterium_lepromatosis,11590,11591,1
3074,Mycobacterium_lepromatosis,11782,11783,1
3075,Mycobacterium_lepromatosis,11823,11824,1
3076,Mycobacterium_lepromatosis,11831,11836,5
3077,Mycobacterium_lepromatosis,11849,11850,1
3078,Mycobacterium_lepromatosis,11851,11852,1
3079,Mycobacterium_lepromatosis,11859,11860,1
3080,Mycobacterium_lepromatosis,11864,11866,2
3081,Mycobacterium_lepromatosis,11877,11878,1
3082,Mycobacterium_lepromatosis,11993,11994,1
3083,Mycobacterium_lepromatosis,12029,12030,1
3084,Mycobacterium_lepromatosis,12068,12069,1
3085,Mycobacterium_lepromatosis,12207,12208,1
3086,Mycobacterium_lepromatosis,12211,12212,1
3087,Mycobacterium_lepromatosis,12213,12214,1
3088,Mycobacterium_lepromatosis,12218,12222,4
3089,Mycobacterium_lepromatosis,12225,12227,2
3090,Mycobacterium_lepromatosis,12237,12238,1
3091,Mycobacterium_lepromatosis,12360,12369,9
3092,Mycobacterium_lepromatosis,12371,12372,1
3093,Mycobacterium_lepromatosis,12374,12380,6
3094,Mycobacterium_lepromatosis,12384,12390,6
3095,Mycobacterium_lepromatosis,12391,12400,9
3096,Mycobacterium_lepromatosis,12454,12455,1
3097,Mycobacterium_lepromatosis,12739,12740,1
3098,Mycobacterium_lepromatosis,12798,12925,127
3099,Mycobacterium_lepromatosis,13451,13452,1
3100,Mycobacterium_lepromatosis,13453,13454,1
3101,Mycobacterium_lepromatosis,13508,13509,1
3102,Mycolicibacterium_fortuitum,1,10,9
3103,Mycolicibacterium_fortuitum,21,39,18
3104,Mycolicibacterium_fortuitum,43,46,3
3105,Mycolicibacterium_fortuitum,48,110,62
3106,Mycolicibacterium_fortuitum,117,132,15
3107,Mycolicibacterium_fortuitum,133,136,3
3108,Mycolicibacterium_fortuitum,346,349,3
3109,Mycolicibacterium_fortuitum,1542,1691,149
3110,Mycolicibacterium_fortuitum,3269,3272,3
3111,Mycolicibacterium_fortuitum,3317,3361,44
3112,Mycolicibacterium_fortuitum,3364,3365,1
3113,Mycolicibacterium_fortuitum,3373,3374,1
3114,Mycolicibacterium_fortuitum,3409,3421,12
3115,Mycolicibacterium_fortuitum,3424,3478,54
3116,Mycolicibacterium_fortuitum,3485,3491,6
3117,Mycolicibacterium_fortuitum,3642,3645,3
3118,Mycolicibacterium_fortuitum,3650,3653,3
3119,Mycolicibacterium_fortuitum,3655,3667,12
3120,Mycolicibacterium_fortuitum,3782,3788,6
3121,Mycolicibacterium_fortuitum,4400,4406,6
3122,Mycolicibacterium_fortuitum,4407,4413,6
3123,Mycolicibacterium_fortuitum,4417,4426,9
3124,Mycolicibacterium_fortuitum,4432,4445,13
3125,Mycolicibacterium_fortuitum,4452,4455,3
3126,Mycolicibacterium_fortuitum,4456,4462,6
3127,Mycolicibacterium_fortuitum,4468,4474,6
3128,Mycolicibacterium_fortuitum,4475,4481,6
3129,Mycolicibacterium_fortuitum,4483,4486,3
3130,Mycolicibacterium_fortuitum,4540,4552,12
3131,Mycolicibacterium_fortuitum,4555,4564,9
3132,Mycolicibacterium_fortuitum,4567,4573,6
3133,Mycolicibacterium_fortuitum,4582,4585,3
3134,Mycolicibacterium_fortuitum,5163,5169,6
3135,Mycolicibacterium_fortuitum,5170,5179,9
3136,Mycolicibacterium_fortuitum,5181,5190,9
3137,Mycolicibacterium_fortuitum,5197,5199,2
3138,Mycolicibacterium_fortuitum,5201,5204,3
3139,Mycolicibacterium_fortuitum,5206,5214,8
3140,Mycolicibacterium_fortuitum,5218,5230,12
3141,Mycolicibacterium_fortuitum,5231,5241,10
3142,Mycolicibacterium_fortuitum,5247,5253,6
3143,Mycolicibacterium_fortuitum,5401,5402,1
3144,Mycolicibacterium_fortuitum,6015,6016,1
3145,Mycolicibacterium_fortuitum,6431,6452,21
3146,Mycolicibacterium_fortuitum,6456,6462,6
3147,Mycolicibacterium_fortuitum,6470,6494,24
3148,Mycolicibacterium_fortuitum,7178,7254,76
3149,Mycolicibacterium_fortuitum,7260,7268,8
3150,Mycolicibacterium_fortuitum,7760,7763,3
3151,Mycolicibacterium_fortuitum,8452,8500,48
3152,Mycolicibacterium_fortuitum,8577,8578,1
3153,Mycolicibacterium_fortuitum,8584,8599,15
3154,Mycolicibacterium_fortuitum,8600,8604,4
3155,Mycolicibacterium_fortuitum,8609,8610,1
3156,Mycolicibacterium_fortuitum,8661,8662,1
3157,Mycolicibacterium_fortuitum,8703,8704,1
3158,Mycolicibacterium_fortuitum,8720,8721,1
3159,Mycolicibacterium_fortuitum,8733,8735,2
3160,Mycolicibacterium_fortuitum,8739,8742,3
3161,Mycolicibacterium_fortuitum,8930,8931,1
3162,Mycolicibacterium_fortuitum,8980,8982,2
3163,Mycolicibacterium_fortuitum,8984,8998,14
3164,Mycolicibacterium_fortuitum,9120,9121,1
3165,Mycolicibacterium_fortuitum,9370,9372,2
3166,Mycolicibacterium_fortuitum,9546,9547,1
3167,Mycolicibacterium_fortuitum,9812,9813,1
3168,Mycolicibacterium_fortuitum,9982,9984,2
3169,Mycolicibacterium_fortuitum,9985,9986,1
3170,Mycolicibacterium_fortuitum,10076,10078,2
3171,Mycolicibacterium_fortuitum,10157,10158,1
3172,Mycolicibacterium_fortuitum,10261,10262,1
3173,Mycolicibacterium_fortuitum,10310,10312,2
3174,Mycolicibacterium_fortuitum,10313,10314,1
3175,Mycolicibacterium_fortuitum,10325,10326,1
3176,Mycolicibacterium_fortuitum,10370,10371,1
3177,Mycolicibacterium_fortuitum,10416,10417,1
3178,Mycolicibacterium_fortuitum,10434,10435,1
3179,Mycolicibacterium_fortuitum,10448,10449,1
3180,Mycolicibacterium_fortuitum,10476,10477,1
3181,Mycolicibacterium_fortuitum,10491,10492,1
3182,Mycolicibacterium_fortuitum,10526,10527,1
3183,Mycolicibacterium_fortuitum,10547,10649,102
3184,Mycolicibacterium_fortuitum,10829,10830,1
3185,Mycolicibacterium_fortuitum,10835,10843,8
3186,Mycolicibacterium_fortuitum,10864,10865,1
3187,Mycolicibacterium_fortuitum,10914,10915,1
3188,Mycolicibacterium_fortuitum,10965,10966,1
3189,Mycolicibacterium_fortuitum,10971,10975,4
3190,Mycolicibacterium_fortuitum,11085,11086,1
3191,Mycolicibacterium_fortuitum,11143,11144,1
3192,Mycolicibacterium_fortuitum,11243,11244,1
3193,Mycolicibacterium_fortuitum,11260,11261,1
3194,Mycolicibacterium_fortuitum,11286,11287,1
3195,Mycolicibacterium_fortuitum,11312,11313,1
3196,Mycolicibacterium_fortuitum,11473,11474,1
3197,Mycolicibacterium_fortuitum,11505,11512,7
3198,Mycolicibacterium_fortuitum,11513,11514,1
3199,Mycolicibacterium_fortuitum,11516,11517,1
3200,Mycolicibacterium_fortuitum,11520,11521,1
3201,Mycolicibacterium_fortuitum,11524,11541,17
3202,Mycolicibacterium_fortuitum,11566,11567,1
3203,Mycolicibacterium_fortuitum,11782,11783,1
3204,Mycolicibacterium_fortuitum,11823,11824,1
3205,Mycolicibacterium_fortuitum,11826,11827,1
3206,Mycolicibacterium_fortuitum,11831,11836,5
3207,Mycolicibacterium_fortuitum,11846,11850,4
3208,Mycolicibacterium_fortuitum,11851,11852,1
3209,Mycolicibacterium_fortuitum,11859,11860,1
3210,Mycolicibacterium_fortuitum,11864,11865,1
3211,Mycolicibacterium_fortuitum,11877,11878,1
3212,Mycolicibacterium_fortuitum,11993,11994,1
3213,Mycolicibacterium_fortuitum,12029,12030,1
3214,Mycolicibacterium_fortuitum,12068,12069,1
3215,Mycolicibacterium_fortuitum,12207,12208,1
3216,Mycolicibacterium_fortuitum,12211,12212,1
3217,Mycolicibacterium_fortuitum,12213,12214,1
3218,Mycolicibacterium_fortuitum,12218,12222,4
3219,Mycolicibacterium_fortuitum,12226,12227,1
3220,Mycolicibacterium_fortuitum,12237,12238,1
3221,Mycolicibacterium_fortuitum,12360,12372,12
3222,Mycolicibacterium_fortuitum,12374,12375,1
3223,Mycolicibacterium_fortuitum,12378,12381,3
3224,Mycolicibacterium_fortuitum,12384,12390,6
3225,Mycolicibacterium_fortuitum,12391,12400,9
3226,Mycolicibacterium_fortuitum,12454,12455,1
3227,Mycolicibacterium_fortuitum,12739,12740,1
3228,Mycolicibacterium_fortuitum,12798,12925,127
3229,Mycolicibacterium_fortuitum,13451,13452,1
3230,Mycolicibacterium_fortuitum,13453,13454,1
3231,Mycolicibacterium_fortuitum,13508,13509,1
3232,Mycolicibacterium_diernhoferi,1,10,9
3233,Mycolicibacterium_diernhoferi,21,39,18
3234,Mycolicibacterium_diernhoferi,43,46,3
3235,Mycolicibacterium_diernhoferi,48,110,62
3236,Mycolicibacterium_diernhoferi,118,130,12
3237,Mycolicibacterium_diernhoferi,133,136,3
3238,Mycolicibacterium_diernhoferi,346,349,3
3239,Mycolicibacterium_diernhoferi,1542,1691,149
3240,Mycolicibacterium_diernhoferi,3317,3365,48
3241,Mycolicibacterium_diernhoferi,3373,3374,1
3242,Mycolicibacterium_diernhoferi,3408,3480,72
3243,Mycolicibacterium_diernhoferi,3485,3491,6
3244,Mycolicibacterium_diernhoferi,3642,3645,3
3245,Mycolicibacterium_diernhoferi,3650,3653,3
3246,Mycolicibacterium_diernhoferi,3655,3667,12
3247,Mycolicibacterium_diernhoferi,3782,3788,6
3248,Mycolicibacterium_diernhoferi,4400,4406,6
3249,Mycolicibacterium_diernhoferi,4407,4413,6
3250,Mycolicibacterium_diernhoferi,4417,4426,9
3251,Mycolicibacterium_diernhoferi,4432,4445,13
3252,Mycolicibacterium_diernhoferi,4452,4455,3
3253,Mycolicibacterium_diernhoferi,4456,4462,6
3254,Mycolicibacterium_diernhoferi,4468,4474,6
3255,Mycolicibacterium_diernhoferi,4475,4481,6
3256,Mycolicibacterium_diernhoferi,4483,4486,3
3257,Mycolicibacterium_diernhoferi,4540,4552,12
3258,Mycolicibacterium_diernhoferi,4555,4564,9
3259,Mycolicibacterium_diernhoferi,4567,4573,6
3260,Mycolicibacterium_diernhoferi,4582,4585,3
3261,Mycolicibacterium_diernhoferi,5163,5169,6
3262,Mycolicibacterium_diernhoferi,5170,5179,9
3263,Mycolicibacterium_diernhoferi,5181,5190,9
3264,Mycolicibacterium_diernhoferi,5197,5199,2
3265,Mycolicibacterium_diernhoferi,5201,5204,3
3266,Mycolicibacterium_diernhoferi,5206,5214,8
3267,Mycolicibacterium_diernhoferi,5218,5230,12
3268,Mycolicibacterium_diernhoferi,5231,5241,10
3269,Mycolicibacterium_diernhoferi,5247,5253,6
3270,Mycolicibacterium_diernhoferi,5401,5402,1
3271,Mycolicibacterium_diernhoferi,6015,6016,1
3272,Mycolicibacterium_diernhoferi,6431,6467,36
3273,Mycolicibacterium_diernhoferi,6470,6494,24
3274,Mycolicibacterium_diernhoferi,7178,7254,76
3275,Mycolicibacterium_diernhoferi,7260,7268,8
3276,Mycolicibacterium_diernhoferi,7760,7763,3
3277,Mycolicibacterium_diernhoferi,8452,8500,48
3278,Mycolicibacterium_diernhoferi,8577,8578,1
3279,Mycolicibacterium_diernhoferi,8584,8599,15
3280,Mycolicibacterium_diernhoferi,8600,8604,4
3281,Mycolicibacterium_diernhoferi,8609,8610,1
3282,Mycolicibacterium_diernhoferi,8661,8662,1
3283,Mycolicibacterium_diernhoferi,8703,8704,1
3284,Mycolicibacterium_diernhoferi,8720,8721,1
3285,Mycolicibacterium_diernhoferi,8733,8735,2
3286,Mycolicibacterium_diernhoferi,8739,8742,3
3287,Mycolicibacterium_diernhoferi,8930,8931,1
3288,Mycolicibacterium_diernhoferi,8980,8982,2
3289,Mycolicibacterium_diernhoferi,8984,8998,14
3290,Mycolicibacterium_diernhoferi,9120,9121,1
3291,Mycolicibacterium_diernhoferi,9370,9372,2
3292,Mycolicibacterium_diernhoferi,9546,9547,1
3293,Mycolicibacterium_diernhoferi,9812,9813,1
3294,Mycolicibacterium_diernhoferi,9985,9986,1
3295,Mycolicibacterium_diernhoferi,10076,10078,2
3296,Mycolicibacterium_diernhoferi,10157,10158,1
3297,Mycolicibacterium_diernhoferi,10261,10262,1
3298,Mycolicibacterium_diernhoferi,10310,10312,2
3299,Mycolicibacterium_diernhoferi,10313,10315,2
3300,Mycolicibacterium_diernhoferi,10325,10326,1
3301,Mycolicibacterium_diernhoferi,10370,10371,1
3302,Mycolicibacterium_diernhoferi,10416,10417,1
3303,Mycolicibacterium_diernhoferi,10434,10435,1
3304,Mycolicibacterium_diernhoferi,10448,10449,1
3305,Mycolicibacterium_diernhoferi,10461,10462,1
3306,Mycolicibacterium_diernhoferi,10491,10492,1
3307,Mycolicibacterium_diernhoferi,10526,10527,1
3308,Mycolicibacterium_diernhoferi,10546,10649,103
3309,Mycolicibacterium_diernhoferi,10828,10830,2
3310,Mycolicibacterium_diernhoferi,10835,10843,8
3311,Mycolicibacterium_diernhoferi,10864,10865,1
3312,Mycolicibacterium_diernhoferi,10914,10915,1
3313,Mycolicibacterium_diernhoferi,10965,10966,1
3314,Mycolicibacterium_diernhoferi,10971,10975,4
3315,Mycolicibacterium_diernhoferi,11085,11086,1
3316,Mycolicibacterium_diernhoferi,11143,11144,1
3317,Mycolicibacterium_diernhoferi,11243,11244,1
3318,Mycolicibacterium_diernhoferi,11260,11261,1
3319,Mycolicibacterium_diernhoferi,11265,11267,2
3320,Mycolicibacterium_diernhoferi,11286,11287,1
3321,Mycolicibacterium_diernhoferi,11312,11313,1
3322,Mycolicibacterium_diernhoferi,11473,11474,1
3323,Mycolicibacterium_diernhoferi,11505,11512,7
3324,Mycolicibacterium_diernhoferi,11513,11514,1
3325,Mycolicibacterium_diernhoferi,11519,11531,12
3326,Mycolicibacterium_diernhoferi,11532,11533,1
3327,Mycolicibacterium_diernhoferi,11534,11535,1
3328,Mycolicibacterium_diernhoferi,11566,11567,1
3329,Mycolicibacterium_diernhoferi,11782,11783,1
3330,Mycolicibacterium_diernhoferi,11823,11824,1
3331,Mycolicibacterium_diernhoferi,11826,11827,1
3332,Mycolicibacterium_diernhoferi,11830,11837,7
3333,Mycolicibacterium_diernhoferi,11846,11850,4
3334,Mycolicibacterium_diernhoferi,11851,11852,1
3335,Mycolicibacterium_diernhoferi,11859,11860,1
3336,Mycolicibacterium_diernhoferi,11866,11867,1
3337,Mycolicibacterium_diernhoferi,11877,11878,1
3338,Mycolicibacterium_diernhoferi,11993,11994,1
3339,Mycolicibacterium_diernhoferi,12029,12030,1
3340,Mycolicibacterium_diernhoferi,12068,12069,1
3341,Mycolicibacterium_diernhoferi,12196,12197,1
3342,Mycolicibacterium_diernhoferi,12207,12208,1
3343,Mycolicibacterium_diernhoferi,12211,12212,1
3344,Mycolicibacterium_diernhoferi,12213,12214,1
3345,Mycolicibacterium_diernhoferi,12218,12222,4
3346,Mycolicibacterium_diernhoferi,12226,12227,1
3347,Mycolicibacterium_diernhoferi,12237,12238,1
3348,Mycolicibacterium_diernhoferi,12360,12369,9
3349,Mycolicibacterium_diernhoferi,12371,12372,1
3350,Mycolicibacterium_diernhoferi,12374,12375,1
3351,Mycolicibacterium_diernhoferi,12377,12382,5
3352,Mycolicibacterium_diernhoferi,12384,12390,6
3353,Mycolicibacterium_diernhoferi,12391,12400,9
3354,Mycolicibacterium_diernhoferi,12454,12455,1
3355,Mycolicibacterium_diernhoferi,12739,12740,1
3356,Mycolicibacterium_diernhoferi,12798,12925,127
3357,Mycolicibacterium_diernhoferi,13451,13452,1
3358,Mycolicibacterium_diernhoferi,13453,13454,1
3359,Mycolicibacterium_diernhoferi,13508,13509,1
3360,Mycolicibacterium_pallens,1,10,9
3361,Mycolicibacterium_pallens,21,39,18
3362,Mycolicibacterium_pallens,43,46,3
3363,Mycolicibacterium_pallens,50,109,59
3364,Mycolicibacterium_pallens,117,132,15
3365,Mycolicibacterium_pallens,133,136,3
3366,Mycolicibacterium_pallens,346,349,3
3367,Mycolicibacterium_pallens,1542,1691,149
3368,Mycolicibacterium_pallens,3317,3361,44
3369,Mycolicibacterium_pallens,3364,3365,1
3370,Mycolicibacterium_pallens,3373,3374,1
3371,Mycolicibacterium_pallens,3408,3480,72
3372,Mycolicibacterium_pallens,3485,3491,6
3373,Mycolicibacterium_pallens,3642,3645,3
3374,Mycolicibacterium_pallens,3650,3653,3
3375,Mycolicibacterium_pallens,3655,3667,12
3376,Mycolicibacterium_pallens,3782,3788,6
3377,Mycolicibacterium_pallens,4400,4406,6
3378,Mycolicibacterium_pallens,4407,4413,6
3379,Mycolicibacterium_pallens,4417,4426,9
3380,Mycolicibacterium_pallens,4432,4445,13
3381,Mycolicibacterium_pallens,4452,4455,3
3382,Mycolicibacterium_pallens,4456,4462,6
3383,Mycolicibacterium_pallens,4468,4474,6
3384,Mycolicibacterium_pallens,4475,4481,6
3385,Mycolicibacterium_pallens,4483,4486,3
3386,Mycolicibacterium_pallens,4540,4552,12
3387,Mycolicibacterium_pallens,4555,4564,9
3388,Mycolicibacterium_pallens,4567,4573,6
3389,Mycolicibacterium_pallens,4582,4585,3
3390,Mycolicibacterium_pallens,5163,5169,6
3391,Mycolicibacterium_pallens,5170,5179,9
3392,Mycolicibacterium_pallens,5181,5190,9
3393,Mycolicibacterium_pallens,5197,5199,2
3394,Mycolicibacterium_pallens,5201,5204,3
3395,Mycolicibacterium_pallens,5206,5214,8
3396,Mycolicibacterium_pallens,5218,5230,12
3397,Mycolicibacterium_pallens,5231,5241,10
3398,Mycolicibacterium_pallens,5247,5253,6
3399,Mycolicibacterium_pallens,5401,5402,1
3400,Mycolicibacterium_pallens,6015,6016,1
3401,Mycolicibacterium_pallens,6431,6467,36
3402,Mycolicibacterium_pallens,6470,6494,24
3403,Mycolicibacterium_pallens,7178,7254,76
3404,Mycolicibacterium_pallens,7260,7268,8
3405,Mycolicibacterium_pallens,7760,7763,3
3406,Mycolicibacterium_pallens,8452,8500,48
3407,Mycolicibacterium_pallens,8584,8599,15
3408,Mycolicibacterium_pallens,8600,8604,4
3409,Mycolicibacterium_pallens,8661,8662,1
3410,Mycolicibacterium_pallens,8703,8704,1
3411,Mycolicibacterium_pallens,8720,8721,1
3412,Mycolicibacterium_pallens,8733,8735,2
3413,Mycolicibacterium_pallens,8739,8742,3
3414,Mycolicibacterium_pallens,8930,8931,1
3415,Mycolicibacterium_pallens,8980,8982,2
3416,Mycolicibacterium_pallens,8984,8998,14
3417,Mycolicibacterium_pallens,9120,9121,1
3418,Mycolicibacterium_pallens,9370,9372,2
3419,Mycolicibacterium_pallens,9546,9547,1
3420,Mycolicibacterium_pallens,9812,9813,1
3421,Mycolicibacterium_pallens,9985,9986,1
3422,Mycolicibacterium_pallens,10076,10078,2
3423,Mycolicibacterium_pallens,10157,10158,1
3424,Mycolicibacterium_pallens,10261,10262,1
3425,Mycolicibacterium_pallens,10310,10312,2
3426,Mycolicibacterium_pallens,10313,10315,2
3427,Mycolicibacterium_pallens,10325,10326,1
3428,Mycolicibacterium_pallens,10370,10371,1
3429,Mycolicibacterium_pallens,10416,10417,1
3430,Mycolicibacterium_pallens,10434,10435,1
3431,Mycolicibacterium_pallens,10448,10449,1
3432,Mycolicibacterium_pallens,10461,10462,1
3433,Mycolicibacterium_pallens,10476,10477,1
3434,Mycolicibacterium_pallens,10491,10492,1
3435,Mycolicibacterium_pallens,10526,10527,1
3436,Mycolicibacterium_pallens,10546,10649,103
3437,Mycolicibacterium_pallens,10828,10830,2
3438,Mycolicibacterium_pallens,10835,10836,1
3439,Mycolicibacterium_pallens,10837,10843,6
3440,Mycolicibacterium_pallens,10864,10865,1
3441,Mycolicibacterium_pallens,10914,10915,1
3442,Mycolicibacterium_pallens,10965,10966,1
3443,Mycolicibacterium_pallens,10971,10975,4
3444,Mycolicibacterium_pallens,11085,11086,1
3445,Mycolicibacterium_pallens,11143,11144,1
3446,Mycolicibacterium_pallens,11243,11244,1
3447,Mycolicibacterium_pallens,11260,11261,1
3448,Mycolicibacterium_pallens,11265,11267,2
3449,Mycolicibacterium_pallens,11286,11287,1
3450,Mycolicibacterium_pallens,11312,11313,1
3451,Mycolicibacterium_pallens,11473,11474,1
3452,Mycolicibacterium_pallens,11505,11512,7
3453,Mycolicibacterium_pallens,11513,11514,1
3454,Mycolicibacterium_pallens,11520,11521,1
3455,Mycolicibacterium_pallens,11523,11537,14
3456,Mycolicibacterium_pallens,11782,11783,1
3457,Mycolicibacterium_pallens,11823,11824,1
3458,Mycolicibacterium_pallens,11826,11827,1
3459,Mycolicibacterium_pallens,11831,11836,5
3460,Mycolicibacterium_pallens,11846,11850,4
3461,Mycolicibacterium_pallens,11851,11852,1
3462,Mycolicibacterium_pallens,11859,11860,1
3463,Mycolicibacterium_pallens,11864,11866,2
3464,Mycolicibacterium_pallens,11877,11878,1
3465,Mycolicibacterium_pallens,11993,11994,1
3466,Mycolicibacterium_pallens,12029,12030,1
3467,Mycolicibacterium_pallens,12068,12069,1
3468,Mycolicibacterium_pallens,12196,12197,1
3469,Mycolicibacterium_pallens,12207,12208,1
3470,Mycolicibacterium_pallens,12211,12212,1
3471,Mycolicibacterium_pallens,12213,12214,1
3472,Mycolicibacterium_pallens,12218,12222,4
3473,Mycolicibacterium_pallens,12226,12227,1
3474,Mycolicibacterium_pallens,12237,12238,1
3475,Mycolicibacterium_pallens,12360,12369,9
3476,Mycolicibacterium_pallens,12371,12372,1
3477,Mycolicibacterium_pallens,12374,12375,1
3478,Mycolicibacterium_pallens,12378,12382,4
3479,Mycolicibacterium_pallens,12384,12390,6
3480,Mycolicibacterium_pallens,12391,12400,9
3481,Mycolicibacterium_pallens,12454,12455,1
3482,Mycolicibacterium_pallens,12739,12740,1
3483,Mycolicibacterium_pallens,12798,12925,127
3484,Mycolicibacterium_pallens,13451,13452,1
3485,Mycolicibacterium_pallens,13453,13454,1
3486,Mycolicibacterium_pallens,13508,13509,1
3487,Mycobacterium_shottsii,1,10,9
3488,Mycobacterium_shottsii,21,39,18
3489,Mycobacterium_shottsii,43,46,3
3490,Mycobacterium_shottsii,53,71,18
3491,Mycobacterium_shottsii,87,107,20
3492,Mycobacterium_shottsii,117,132,15
3493,Mycobacterium_shottsii,133,136,3
3494,Mycobacterium_shottsii,346,349,3
3495,Mycobacterium_shottsii,1542,1691,149
3496,Mycobacterium_shottsii,3317,3361,44
3497,Mycobacterium_shottsii,3364,3365,1
3498,Mycobacterium_shottsii,3373,3374,1
3499,Mycobacterium_shottsii,3414,3420,6
3500,Mycobacterium_shottsii,3424,3460,36
3501,Mycobacterium_shottsii,3473,3479,6
3502,Mycobacterium_shottsii,3485,3491,6
3503,Mycobacterium_shottsii,3642,3645,3
3504,Mycobacterium_shottsii,3650,3653,3
3505,Mycobacterium_shottsii,3655,3667,12
3506,Mycobacterium_shottsii,3782,3788,6
3507,Mycobacterium_shottsii,4400,4406,6
3508,Mycobacterium_shottsii,4407,4413,6
3509,Mycobacterium_shottsii,4417,4426,9
3510,Mycobacterium_shottsii,4432,4445,13
3511,Mycobacterium_shottsii,4452,4455,3
3512,Mycobacterium_shottsii,4456,4462,6
3513,Mycobacterium_shottsii,4468,4480,12
3514,Mycobacterium_shottsii,4483,4486,3
3515,Mycobacterium_shottsii,4540,4552,12
3516,Mycobacterium_shottsii,4555,4564,9
3517,Mycobacterium_shottsii,4567,4573,6
3518,Mycobacterium_shottsii,4581,4584,3
3519,Mycobacterium_shottsii,5163,5169,6
3520,Mycobacterium_shottsii,5170,5179,9
3521,Mycobacterium_shottsii,5181,5190,9
3522,Mycobacterium_shottsii,5197,5199,2
3523,Mycobacterium_shottsii,5201,5204,3
3524,Mycobacterium_shottsii,5206,5214,8
3525,Mycobacterium_shottsii,5218,5230,12
3526,Mycobacterium_shottsii,5231,5241,10
3527,Mycobacterium_shottsii,5247,5253,6
3528,Mycobacterium_shottsii,5401,5402,1
3529,Mycobacterium_shottsii,6015,6016,1
3530,Mycobacterium_shottsii,6431,6452,21
3531,Mycobacterium_shottsii,6456,6462,6
3532,Mycobacterium_shottsii,6470,6494,24
3533,Mycobacterium_shottsii,7178,7254,76
3534,Mycobacterium_shottsii,7260,7268,8
3535,Mycobacterium_shottsii,7760,7763,3
3536,Mycobacterium_shottsii,8452,8500,48
3537,Mycobacterium_shottsii,8577,8578,1
3538,Mycobacterium_shottsii,8584,8599,15
3539,Mycobacterium_shottsii,8601,8603,2
3540,Mycobacterium_shottsii,8609,8610,1
3541,Mycobacterium_shottsii,8661,8662,1
3542,Mycobacterium_shottsii,8703,8704,1
3543,Mycobacterium_shottsii,8720,8721,1
3544,Mycobacterium_shottsii,8733,8735,2
3545,Mycobacterium_shottsii,8739,8742,3
3546,Mycobacterium_shottsii,8930,8931,1
3547,Mycobacterium_shottsii,8980,8982,2
3548,Mycobacterium_shottsii,8996,8998,2
3549,Mycobacterium_shottsii,9120,9121,1
3550,Mycobacterium_shottsii,9370,9372,2
3551,Mycobacterium_shottsii,9546,9547,1
3552,Mycobacterium_shottsii,9812,9814,2
3553,Mycobacterium_shottsii,9983,9986,3
3554,Mycobacterium_shottsii,10076,10078,2
3555,Mycobacterium_shottsii,10157,10158,1
3556,Mycobacterium_shottsii,10261,10262,1
3557,Mycobacterium_shottsii,10310,10312,2
3558,Mycobacterium_shottsii,10313,10315,2
3559,Mycobacterium_shottsii,10325,10326,1
3560,Mycobacterium_shottsii,10370,10371,1
3561,Mycobacterium_shottsii,10434,10435,1
3562,Mycobacterium_shottsii,10448,10449,1
3563,Mycobacterium_shottsii,10476,10477,1
3564,Mycobacterium_shottsii,10491,10492,1
3565,Mycobacterium_shottsii,10526,10527,1
3566,Mycobacterium_shottsii,10546,10649,103
3567,Mycobacterium_shottsii,10828,10830,2
3568,Mycobacterium_shottsii,10832,10846,14
3569,Mycobacterium_shottsii,10864,10865,1
3570,Mycobacterium_shottsii,10914,10915,1
3571,Mycobacterium_shottsii,10958,10967,9
3572,Mycobacterium_shottsii,10971,10972,1
3573,Mycobacterium_shottsii,10976,10977,1
3574,Mycobacterium_shottsii,11085,11086,1
3575,Mycobacterium_shottsii,11143,11144,1
3576,Mycobacterium_shottsii,11243,11244,1
3577,Mycobacterium_shottsii,11260,11261,1
3578,Mycobacterium_shottsii,11262,11263,1
3579,Mycobacterium_shottsii,11265,11267,2
3580,Mycobacterium_shottsii,11286,11287,1
3581,Mycobacterium_shottsii,11312,11313,1
3582,Mycobacterium_shottsii,11473,11474,1
3583,Mycobacterium_shottsii,11505,11534,29
3584,Mycobacterium_shottsii,11566,11567,1
3585,Mycobacterium_shottsii,11590,11591,1
3586,Mycobacterium_shottsii,11782,11783,1
3587,Mycobacterium_shottsii,11823,11824,1
3588,Mycobacterium_shottsii,11826,11827,1
3589,Mycobacterium_shottsii,11831,11836,5
3590,Mycobacterium_shottsii,11848,11850,2
3591,Mycobacterium_shottsii,11851,11852,1
3592,Mycobacterium_shottsii,11859,11860,1
3593,Mycobacterium_shottsii,11864,11866,2
3594,Mycobacterium_shottsii,11877,11878,1
3595,Mycobacterium_shottsii,11993,11994,1
3596,Mycobacterium_shottsii,12029,12030,1
3597,Mycobacterium_shottsii,12068,12069,1
3598,Mycobacterium_shottsii,12207,12208,1
3599,Mycobacterium_shottsii,12211,12212,1
3600,Mycobacterium_shottsii,12213,12214,1
3601,Mycobacterium_shottsii,12218,12222,4
3602,Mycobacterium_shottsii,12225,12227,2
3603,Mycobacterium_shottsii,12237,12238,1
3604,Mycobacterium_shottsii,12360,12369,9
3605,Mycobacterium_shottsii,12371,12372,1
3606,Mycobacterium_shottsii,12374,12380,6
3607,Mycobacterium_shottsii,12384,12390,6
3608,Mycobacterium_shottsii,12391,12400,9
3609,Mycobacterium_shottsii,12454,12455,1
3610,Mycobacterium_shottsii,12739,12740,1
3611,Mycobacterium_shottsii,12798,12925,127
3612,Mycobacterium_shottsii,13451,13452,1
3613,Mycobacterium_shottsii,13453,13454,1
3614,Mycobacterium_shottsii,13508,13509,1
3615,Mycolicibacter_heraklionensis,1,10,9
3616,Mycolicibacter_heraklionensis,21,39,18
3617,Mycolicibacter_heraklionensis,43,46,3
3618,Mycolicibacter_heraklionensis,59,136,77
3619,Mycolicibacter_heraklionensis,346,349,3
3620,Mycolicibacter_heraklionensis,1542,1691,149
3621,Mycolicibacter_heraklionensis,3317,3361,44
3622,Mycolicibacter_heraklionensis,3364,3365,1
3623,Mycolicibacter_heraklionensis,3373,3374,1
3624,Mycolicibacter_heraklionensis,3414,3420,6
3625,Mycolicibacter_heraklionensis,3424,3460,36
3626,Mycolicibacter_heraklionensis,3473,3479,6
3627,Mycolicibacter_heraklionensis,3485,3491,6
3628,Mycolicibacter_heraklionensis,3650,3653,3
3629,Mycolicibacter_heraklionensis,3657,3672,15
3630,Mycolicibacter_heraklionensis,3782,3788,6
3631,Mycolicibacter_heraklionensis,4400,4406,6
3632,Mycolicibacter_heraklionensis,4407,4413,6
3633,Mycolicibacter_heraklionensis,4422,4426,4
3634,Mycolicibacter_heraklionensis,4432,4438,6
3635,Mycolicibacter_heraklionensis,4452,4455,3
3636,Mycolicibacter_heraklionensis,4456,4486,30
3637,Mycolicibacter_heraklionensis,4555,4564,9
3638,Mycolicibacter_heraklionensis,4567,4573,6
3639,Mycolicibacter_heraklionensis,5163,5169,6
3640,Mycolicibacter_heraklionensis,5170,5179,9
3641,Mycolicibacter_heraklionensis,5181,5190,9
3642,Mycolicibacter_heraklionensis,5197,5199,2
3643,Mycolicibacter_heraklionensis,5201,5204,3
3644,Mycolicibacter_heraklionensis,5206,5214,8
3645,Mycolicibacter_heraklionensis,5218,5230,12
3646,Mycolicibacter_heraklionensis,5231,5241,10
3647,Mycolicibacter_heraklionensis,5247,5253,6
3648,Mycolicibacter_heraklionensis,5401,5402,1
3649,Mycolicibacter_heraklionensis,6015,6016,1
3650,Mycolicibacter_heraklionensis,6431,6452,21
3651,Mycolicibacter_heraklionensis,6456,6462,6
3652,Mycolicibacter_heraklionensis,6470,6494,24
3653,Mycolicibacter_heraklionensis,7178,7254,76
3654,Mycolicibacter_heraklionensis,7260,7268,8
3655,Mycolicibacter_heraklionensis,7760,7763,3
3656,Mycolicibacter_heraklionensis,8452,8500,48
3657,Mycolicibacter_heraklionensis,8577,8578,1
3658,Mycolicibacter_heraklionensis,8584,8599,15
3659,Mycolicibacter_heraklionensis,8601,8603,2
3660,Mycolicibacter_heraklionensis,8609,8610,1
3661,Mycolicibacter_heraklionensis,8661,8662,1
3662,Mycolicibacter_heraklionensis,8703,8704,1
3663,Mycolicibacter_heraklionensis,8720,8721,1
3664,Mycolicibacter_heraklionensis,8733,8735,2
3665,Mycolicibacter_heraklionensis,8739,8742,3
3666,Mycolicibacter_heraklionensis,8930,8931,1
3667,Mycolicibacter_heraklionensis,8980,8982,2
3668,Mycolicibacter_heraklionensis,9120,9121,1
3669,Mycolicibacter_heraklionensis,9546,9547,1
3670,Mycolicibacter_heraklionensis,9812,9814,2
3671,Mycolicibacter_heraklionensis,9982,9984,2
3672,Mycolicibacter_heraklionensis,9985,9986,1
3673,Mycolicibacter_heraklionensis,10076,10078,2
3674,Mycolicibacter_heraklionensis,10157,10158,1
3675,Mycolicibacter_heraklionensis,10311,10312,1
3676,Mycolicibacter_heraklionensis,10313,10315,2
3677,Mycolicibacter_heraklionensis,10325,10326,1
3678,Mycolicibacter_heraklionensis,10370,10371,1
3679,Mycolicibacter_heraklionensis,10416,10417,1
3680,Mycolicibacter_heraklionensis,10434,10435,1
3681,Mycolicibacter_heraklionensis,10448,10449,1
3682,Mycolicibacter_heraklionensis,10476,10477,1
3683,Mycolicibacter_heraklionensis,10491,10492,1
3684,Mycolicibacter_heraklionensis,10526,10527,1
3685,Mycolicibacter_heraklionensis,10546,10649,103
3686,Mycolicibacter_heraklionensis,10828,10830,2
3687,Mycolicibacter_heraklionensis,10834,10843,9
3688,Mycolicibacter_heraklionensis,10864,10865,1
3689,Mycolicibacter_heraklionensis,10914,10915,1
3690,Mycolicibacter_heraklionensis,10965,10966,1
3691,Mycolicibacter_heraklionensis,10971,10975,4
3692,Mycolicibacter_heraklionensis,11085,11086,1
3693,Mycolicibacter_heraklionensis,11143,11144,1
3694,Mycolicibacter_heraklionensis,11243,11244,1
3695,Mycolicibacter_heraklionensis,11260,11261,1
3696,Mycolicibacter_heraklionensis,11265,11267,2
3697,Mycolicibacter_heraklionensis,11286,11287,1
3698,Mycolicibacter_heraklionensis,11312,11313,1
3699,Mycolicibacter_heraklionensis,11473,11474,1
3700,Mycolicibacter_heraklionensis,11505,11512,7
3701,Mycolicibacter_heraklionensis,11513,11514,1
3702,Mycolicibacter_heraklionensis,11515,11533,18
3703,Mycolicibacter_heraklionensis,11566,11567,1
3704,Mycolicibacter_heraklionensis,11782,11783,1
3705,Mycolicibacter_heraklionensis,11831,11836,5
3706,Mycolicibacter_heraklionensis,11847,11850,3
3707,Mycolicibacter_heraklionensis,11851,11852,1
3708,Mycolicibacter_heraklionensis,11859,11860,1
3709,Mycolicibacter_heraklionensis,11864,11865,1
3710,Mycolicibacter_heraklionensis,11877,11878,1
3711,Mycolicibacter_heraklionensis,11992,11994,2
3712,Mycolicibacter_heraklionensis,12029,12030,1
3713,Mycolicibacter_heraklionensis,12068,12069,1
3714,Mycolicibacter_heraklionensis,12207,12208,1
3715,Mycolicibacter_heraklionensis,12211,12212,1
3716,Mycolicibacter_heraklionensis,12213,12214,1
3717,Mycolicibacter_heraklionensis,12218,12222,4
3718,Mycolicibacter_heraklionensis,12237,12238,1
3719,Mycolicibacter_heraklionensis,12360,12369,9
3720,Mycolicibacter_heraklionensis,12371,12372,1
3721,Mycolicibacter_heraklionensis,12374,12375,1
3722,Mycolicibacter_heraklionensis,12377,12382,5
3723,Mycolicibacter_heraklionensis,12384,12390,6
3724,Mycolicibacter_heraklionensis,12391,12400,9
3725,Mycolicibacter_heraklionensis,12454,12455,1
3726,Mycolicibacter_heraklionensis,12739,12740,1
3727,Mycolicibacter_heraklionensis,12798,12925,127
3728,Mycolicibacter_heraklionensis,13451,13452,1
3729,Mycolicibacter_heraklionensis,13453,13454,1
3730,Mycolicibacter_heraklionensis,13508,13509,1
3731,Mycolicibacterium_holsaticum,1,10,9
3732,Mycolicibacterium_holsaticum,21,39,18
3733,Mycolicibacterium_holsaticum,43,46,3
3734,Mycolicibacterium_holsaticum,57,72,15
3735,Mycolicibacterium_holsaticum,84,107,23
3736,Mycolicibacterium_holsaticum,117,132,15
3737,Mycolicibacterium_holsaticum,133,136,3
3738,Mycolicibacterium_holsaticum,346,349,3
3739,Mycolicibacterium_holsaticum,1542,1545,3
3740,Mycolicibacterium_holsaticum,1580,1615,35
3741,Mycolicibacterium_holsaticum,1632,1650,18
3742,Mycolicibacterium_holsaticum,1664,1676,12
3743,Mycolicibacterium_holsaticum,3317,3361,44
3744,Mycolicibacterium_holsaticum,3364,3365,1
3745,Mycolicibacterium_holsaticum,3373,3374,1
3746,Mycolicibacterium_holsaticum,3409,3421,12
3747,Mycolicibacterium_holsaticum,3424,3478,54
3748,Mycolicibacterium_holsaticum,3485,3491,6
3749,Mycolicibacterium_holsaticum,3642,3645,3
3750,Mycolicibacterium_holsaticum,3650,3653,3
3751,Mycolicibacterium_holsaticum,3655,3667,12
3752,Mycolicibacterium_holsaticum,3782,3788,6
3753,Mycolicibacterium_holsaticum,4400,4406,6
3754,Mycolicibacterium_holsaticum,4407,4413,6
3755,Mycolicibacterium_holsaticum,4417,4426,9
3756,Mycolicibacterium_holsaticum,4432,4445,13
3757,Mycolicibacterium_holsaticum,4452,4455,3
3758,Mycolicibacterium_holsaticum,4456,4462,6
3759,Mycolicibacterium_holsaticum,4468,4474,6
3760,Mycolicibacterium_holsaticum,4475,4481,6
3761,Mycolicibacterium_holsaticum,4483,4486,3
3762,Mycolicibacterium_holsaticum,4540,4552,12
3763,Mycolicibacterium_holsaticum,4555,4564,9
3764,Mycolicibacterium_holsaticum,4567,4573,6
3765,Mycolicibacterium_holsaticum,4582,4585,3
3766,Mycolicibacterium_holsaticum,5163,5169,6
3767,Mycolicibacterium_holsaticum,5170,5179,9
3768,Mycolicibacterium_holsaticum,5181,5190,9
3769,Mycolicibacterium_holsaticum,5197,5199,2
3770,Mycolicibacterium_holsaticum,5201,5204,3
3771,Mycolicibacterium_holsaticum,5206,5214,8
3772,Mycolicibacterium_holsaticum,5218,5230,12
3773,Mycolicibacterium_holsaticum,5231,5241,10
3774,Mycolicibacterium_holsaticum,5247,5253,6
3775,Mycolicibacterium_holsaticum,5401,5402,1
3776,Mycolicibacterium_holsaticum,6015,6016,1
3777,Mycolicibacterium_holsaticum,6431,6467,36
3778,Mycolicibacterium_holsaticum,6470,6494,24
3779,Mycolicibacterium_holsaticum,7178,7254,76
3780,Mycolicibacterium_holsaticum,7260,7268,8
3781,Mycolicibacterium_holsaticum,7760,7763,3
3782,Mycolicibacterium_holsaticum,8452,8500,48
3783,Mycolicibacterium_holsaticum,8577,8578,1
3784,Mycolicibacterium_holsaticum,8584,8599,15
3785,Mycolicibacterium_holsaticum,8601,8603,2
3786,Mycolicibacterium_holsaticum,8609,8610,1
3787,Mycolicibacterium_holsaticum,8661,8662,1
3788,Mycolicibacterium_holsaticum,8703,8704,1
3789,Mycolicibacterium_holsaticum,8720,8721,1
3790,Mycolicibacterium_holsaticum,8733,8735,2
3791,Mycolicibacterium_holsaticum,8739,8742,3
3792,Mycolicibacterium_holsaticum,8930,8931,1
3793,Mycolicibacterium_holsaticum,8980,8982,2
3794,Mycolicibacterium_holsaticum,8984,8998,14
3795,Mycolicibacterium_holsaticum,9120,9121,1
3796,Mycolicibacterium_holsaticum,9370,9372,2
3797,Mycolicibacterium_holsaticum,9546,9547,1
3798,Mycolicibacterium_holsaticum,9812,9813,1
3799,Mycolicibacterium_holsaticum,9985,9986,1
3800,Mycolicibacterium_holsaticum,10076,10078,2
3801,Mycolicibacterium_holsaticum,10157,10158,1
3802,Mycolicibacterium_holsaticum,10261,10262,1
3803,Mycolicibacterium_holsaticum,10311,10312,1
3804,Mycolicibacterium_holsaticum,10313,10315,2
3805,Mycolicibacterium_holsaticum,10325,10326,1
3806,Mycolicibacterium_holsaticum,10370,10371,1
3807,Mycolicibacterium_holsaticum,10416,10417,1
3808,Mycolicibacterium_holsaticum,10434,10435,1
3809,Mycolicibacterium_holsaticum,10448,10449,1
3810,Mycolicibacterium_holsaticum,10461,10462,1
3811,Mycolicibacterium_holsaticum,10476,10477,1
3812,Mycolicibacterium_holsaticum,10491,10492,1
3813,Mycolicibacterium_holsaticum,10526,10527,1
3814,Mycolicibacterium_holsaticum,10546,10649,103
3815,Mycolicibacterium_holsaticum,10828,10830,2
3816,Mycolicibacterium_holsaticum,10835,10836,1
3817,Mycolicibacterium_holsaticum,10837,10843,6
3818,Mycolicibacterium_holsaticum,10864,10865,1
3819,Mycolicibacterium_holsaticum,10914,10915,1
3820,Mycolicibacterium_holsaticum,10965,10966,1
3821,Mycolicibacterium_holsaticum,10971,10975,4
3822,Mycolicibacterium_holsaticum,11085,11086,1
3823,Mycolicibacterium_holsaticum,11143,11144,1
3824,Mycolicibacterium_holsaticum,11243,11244,1
3825,Mycolicibacterium_holsaticum,11260,11261,1
3826,Mycolicibacterium_holsaticum,11265,11267,2
3827,Mycolicibacterium_holsaticum,11286,11287,1
3828,Mycolicibacterium_holsaticum,11312,11313,1
3829,Mycolicibacterium_holsaticum,11473,11474,1
3830,Mycolicibacterium_holsaticum,11505,11512,7
3831,Mycolicibacterium_holsaticum,11513,11515,2
3832,Mycolicibacterium_holsaticum,11520,11521,1
3833,Mycolicibacterium_holsaticum,11530,11538,8
3834,Mycolicibacterium_holsaticum,11566,11567,1
3835,Mycolicibacterium_holsaticum,11782,11783,1
3836,Mycolicibacterium_holsaticum,11823,11824,1
3837,Mycolicibacterium_holsaticum,11826,11827,1
3838,Mycolicibacterium_holsaticum,11831,11836,5
3839,Mycolicibacterium_holsaticum,11846,11850,4
3840,Mycolicibacterium_holsaticum,11851,11852,1
3841,Mycolicibacterium_holsaticum,11859,11860,1
3842,Mycolicibacterium_holsaticum,11864,11866,2
3843,Mycolicibacterium_holsaticum,11877,11878,1
3844,Mycolicibacterium_holsaticum,11993,11994,1
3845,Mycolicibacterium_holsaticum,12029,12030,1
3846,Mycolicibacterium_holsaticum,12068,12069,1
3847,Mycolicibacterium_holsaticum,12207,12208,1
3848,Mycolicibacterium_holsaticum,12211,12212,1
3849,Mycolicibacterium_holsaticum,12213,12214,1
3850,Mycolicibacterium_holsaticum,12218,12222,4
3851,Mycolicibacterium_holsaticum,12226,12227,1
3852,Mycolicibacterium_holsaticum,12237,12238,1
3853,Mycolicibacterium_holsaticum,12360,12369,9
3854,Mycolicibacterium_holsaticum,12371,12372,1
3855,Mycolicibacterium_holsaticum,12374,12375,1
3856,Mycolicibacterium_holsaticum,12379,12381,2
3857,Mycolicibacterium_holsaticum,12384,12390,6
3858,Mycolicibacterium_holsaticum,12391,12400,9
3859,Mycolicibacterium_holsaticum,12454,12455,1
3860,Mycolicibacterium_holsaticum,12739,12740,1
3861,Mycolicibacterium_holsaticum,12798,12925,127
3862,Mycolicibacterium_holsaticum,13425,13426,1
3863,Mycolicibacterium_holsaticum,13451,13452,1
3864,Mycolicibacterium_holsaticum,13453,13454,1
3865,Mycolicibacterium_holsaticum,13508,13509,1
3866,Mycobacterium_malmoense,1,10,9
3867,Mycobacterium_malmoense,21,39,18
3868,Mycobacterium_malmoense,43,46,3
3869,Mycobacterium_malmoense,62,71,9
3870,Mycobacterium_malmoense,87,107,20
3871,Mycobacterium_malmoense,117,132,15
3872,Mycobacterium_malmoense,133,136,3
3873,Mycobacterium_malmoense,346,349,3
3874,Mycobacterium_malmoense,1542,1691,149
3875,Mycobacterium_malmoense,3317,3381,64
3876,Mycobacterium_malmoense,3424,3460,36
3877,Mycobacterium_malmoense,3473,3479,6
3878,Mycobacterium_malmoense,3485,3491,6
3879,Mycobacterium_malmoense,3642,3645,3
3880,Mycobacterium_malmoense,3650,3653,3
3881,Mycobacterium_malmoense,3782,3788,6
3882,Mycobacterium_malmoense,4400,4406,6
3883,Mycobacterium_malmoense,4407,4413,6
3884,Mycobacterium_malmoense,4417,4426,9
3885,Mycobacterium_malmoense,4432,4445,13
3886,Mycobacterium_malmoense,4452,4455,3
3887,Mycobacterium_malmoense,4456,4462,6
3888,Mycobacterium_malmoense,4468,4474,6
3889,Mycobacterium_malmoense,4483,4486,3
3890,Mycobacterium_malmoense,4540,4552,12
3891,Mycobacterium_malmoense,4555,4564,9
3892,Mycobacterium_malmoense,4567,4573,6
3893,Mycobacterium_malmoense,4581,4584,3
3894,Mycobacterium_malmoense,5163,5169,6
3895,Mycobacterium_malmoense,5170,5179,9
3896,Mycobacterium_malmoense,5197,5199,2
3897,Mycobacterium_malmoense,5201,5204,3
3898,Mycobacterium_malmoense,5206,5214,8
3899,Mycobacterium_malmoense,5218,5227,9
3900,Mycobacterium_malmoense,5231,5241,10
3901,Mycobacterium_malmoense,5247,5253,6
3902,Mycobacterium_malmoense,5401,5402,1
3903,Mycobacterium_malmoense,6015,6016,1
3904,Mycobacterium_malmoense,6431,6452,21
3905,Mycobacterium_malmoense,6456,6462,6
3906,Mycobacterium_malmoense,6470,6494,24
3907,Mycobacterium_malmoense,7178,7254,76
3908,Mycobacterium_malmoense,7260,7268,8
3909,Mycobacterium_malmoense,7760,7763,3
3910,Mycobacterium_malmoense,8452,8500,48
3911,Mycobacterium_malmoense,8577,8578,1
3912,Mycobacterium_malmoense,8584,8599,15
3913,Mycobacterium_malmoense,8601,8603,2
3914,Mycobacterium_malmoense,8609,8610,1
3915,Mycobacterium_malmoense,8661,8662,1
3916,Mycobacterium_malmoense,8703,8704,1
3917,Mycobacterium_malmoense,8720,8721,1
3918,Mycobacterium_malmoense,8733,8735,2
3919,Mycobacterium_malmoense,8739,8742,3
3920,Mycobacterium_malmoense,8930,8931,1
3921,Mycobacterium_malmoense,8980,8982,2
3922,Mycobacterium_malmoense,8996,8998,2
3923,Mycobacterium_malmoense,9120,9121,1
3924,Mycobacterium_malmoense,9370,9372,2
3925,Mycobacterium_malmoense,9546,9547,1
3926,Mycobacterium_malmoense,9812,9813,1
3927,Mycobacterium_malmoense,9980,9981,1
3928,Mycobacterium_malmoense,9983,9986,3
3929,Mycobacterium_malmoense,10076,10078,2
3930,Mycobacterium_malmoense,10157,10158,1
3931,Mycobacterium_malmoense,10261,10262,1
3932,Mycobacterium_malmoense,10310,10312,2
3933,Mycobacterium_malmoense,10313,10315,2
3934,Mycobacterium_malmoense,10325,10326,1
3935,Mycobacterium_malmoense,10370,10371,1
3936,Mycobacterium_malmoense,10434,10435,1
3937,Mycobacterium_malmoense,10448,10449,1
3938,Mycobacterium_malmoense,10476,10477,1
3939,Mycobacterium_malmoense,10491,10492,1
3940,Mycobacterium_malmoense,10526,10527,1
3941,Mycobacterium_malmoense,10546,10649,103
3942,Mycobacterium_malmoense,10828,10830,2
3943,Mycobacterium_malmoense,10832,10846,14
3944,Mycobacterium_malmoense,10864,10865,1
3945,Mycobacterium_malmoense,10914,10915,1
3946,Mycobacterium_malmoense,10957,10982,25
3947,Mycobacterium_malmoense,11085,11086,1
3948,Mycobacterium_malmoense,11143,11144,1
3949,Mycobacterium_malmoense,11243,11244,1
3950,Mycobacterium_malmoense,11260,11261,1
3951,Mycobacterium_malmoense,11262,11263,1
3952,Mycobacterium_malmoense,11265,11267,2
3953,Mycobacterium_malmoense,11286,11287,1
3954,Mycobacterium_malmoense,11312,11313,1
3955,Mycobacterium_malmoense,11473,11474,1
3956,Mycobacterium_malmoense,11505,11534,29
3957,Mycobacterium_malmoense,11566,11567,1
3958,Mycobacterium_malmoense,11590,11591,1
3959,Mycobacterium_malmoense,11782,11783,1
3960,Mycobacterium_malmoense,11823,11824,1
3961,Mycobacterium_malmoense,11826,11827,1
3962,Mycobacterium_malmoense,11831,11836,5
3963,Mycobacterium_malmoense,11848,11850,2
3964,Mycobacterium_malmoense,11851,11852,1
3965,Mycobacterium_malmoense,11859,11860,1
3966,Mycobacterium_malmoense,11864,11866,2
3967,Mycobacterium_malmoense,11877,11878,1
3968,Mycobacterium_malmoense,11993,11994,1
3969,Mycobacterium_malmoense,12029,12030,1
3970,Mycobacterium_malmoense,12068,12069,1
3971,Mycobacterium_malmoense,12207,12208,1
3972,Mycobacterium_malmoense,12211,12212,1
3973,Mycobacterium_malmoense,12213,12214,1
3974,Mycobacterium_malmoense,12218,12222,4
3975,Mycobacterium_malmoense,12225,12227,2
3976,Mycobacterium_malmoense,12237,12238,1
3977,Mycobacterium_malmoense,12360,12369,9
3978,Mycobacterium_malmoense,12371,12372,1
3979,Mycobacterium_malmoense,12374,12380,6
3980,Mycobacterium_malmoense,12384,12390,6
3981,Mycobacterium_malmoense,12391,12400,9
3982,Mycobacterium_malmoense,12454,12455,1
3983,Mycobacterium_malmoense,12739,12740,1
3984,Mycobacterium_malmoense,12798,12925,127
3985,Mycobacterium_malmoense,13451,13452,1
3986,Mycobacterium_malmoense,13453,13454,1
3987,Mycobacterium_malmoense,13508,13509,1
3988,Mycolicibacterium_senegalense,1,10,9
3989,Mycolicibacterium_senegalense,21,39,18
3990,Mycolicibacterium_senegalense,43,46,3
3991,Mycolicibacterium_senegalense,48,110,62
3992,Mycolicibacterium_senegalense,117,132,15
3993,Mycolicibacterium_senegalense,133,136,3
3994,Mycolicibacterium_senegalense,346,349,3
3995,Mycolicibacterium_senegalense,1542,1691,149
3996,Mycolicibacterium_senegalense,3269,3272,3
3997,Mycolicibacterium_senegalense,3317,3361,44
3998,Mycolicibacterium_senegalense,3364,3365,1
3999,Mycolicibacterium_senegalense,3373,3374,1
4000,Mycolicibacterium_senegalense,3409,3421,12
4001,Mycolicibacterium_senegalense,3424,3478,54
4002,Mycolicibacterium_senegalense,3485,3491,6
4003,Mycolicibacterium_senegalense,3642,3645,3
4004,Mycolicibacterium_senegalense,3650,3653,3
4005,Mycolicibacterium_senegalense,3655,3667,12
4006,Mycolicibacterium_senegalense,3782,3788,6
4007,Mycolicibacterium_senegalense,4400,4406,6
4008,Mycolicibacterium_senegalense,4407,4413,6
4009,Mycolicibacterium_senegalense,4417,4426,9
4010,Mycolicibacterium_senegalense,4432,4445,13
4011,Mycolicibacterium_senegalense,4452,4455,3
4012,Mycolicibacterium_senegalense,4456,4462,6
4013,Mycolicibacterium_senegalense,4468,4474,6
4014,Mycolicibacterium_senegalense,4475,4481,6
4015,Mycolicibacterium_senegalense,4483,4486,3
4016,Mycolicibacterium_senegalense,4540,4552,12
4017,Mycolicibacterium_senegalense,4555,4564,9
4018,Mycolicibacterium_senegalense,4567,4573,6
4019,Mycolicibacterium_senegalense,4582,4585,3
4020,Mycolicibacterium_senegalense,5163,5169,6
4021,Mycolicibacterium_senegalense,5170,5179,9
4022,Mycolicibacterium_senegalense,5181,5190,9
4023,Mycolicibacterium_senegalense,5197,5199,2
4024,Mycolicibacterium_senegalense,5201,5204,3
4025,Mycolicibacterium_senegalense,5206,5214,8
4026,Mycolicibacterium_senegalense,5218,5230,12
4027,Mycolicibacterium_senegalense,5231,5241,10
4028,Mycolicibacterium_senegalense,5247,5253,6
4029,Mycolicibacterium_senegalense,5401,5402,1
4030,Mycolicibacterium_senegalense,6015,6016,1
4031,Mycolicibacterium_senegalense,6431,6452,21
4032,Mycolicibacterium_senegalense,6456,6462,6
4033,Mycolicibacterium_senegalense,6470,6494,24
4034,Mycolicibacterium_senegalense,7178,7254,76
4035,Mycolicibacterium_senegalense,7260,7268,8
4036,Mycolicibacterium_senegalense,7760,7763,3
4037,Mycolicibacterium_senegalense,8452,8500,48
4038,Mycolicibacterium_senegalense,8577,8578,1
4039,Mycolicibacterium_senegalense,8584,8599,15
4040,Mycolicibacterium_senegalense,8600,8604,4
4041,Mycolicibacterium_senegalense,8609,8610,1
4042,Mycolicibacterium_senegalense,8661,8662,1
4043,Mycolicibacterium_senegalense,8703,8704,1
4044,Mycolicibacterium_senegalense,8720,8721,1
4045,Mycolicibacterium_senegalense,8733,8735,2
4046,Mycolicibacterium_senegalense,8739,8742,3
4047,Mycolicibacterium_senegalense,8930,8931,1
4048,Mycolicibacterium_senegalense,8980,8982,2
4049,Mycolicibacterium_senegalense,8984,8998,14
4050,Mycolicibacterium_senegalense,9120,9121,1
4051,Mycolicibacterium_senegalense,9370,9372,2
4052,Mycolicibacterium_senegalense,9546,9547,1
4053,Mycolicibacterium_senegalense,9812,9813,1
4054,Mycolicibacterium_senegalense,9982,9984,2
4055,Mycolicibacterium_senegalense,9985,9986,1
4056,Mycolicibacterium_senegalense,10076,10078,2
4057,Mycolicibacterium_senegalense,10157,10158,1
4058,Mycolicibacterium_senegalense,10261,10262,1
4059,Mycolicibacterium_senegalense,10310,10312,2
4060,Mycolicibacterium_senegalense,10313,10314,1
4061,Mycolicibacterium_senegalense,10325,10326,1
4062,Mycolicibacterium_senegalense,10370,10371,1
4063,Mycolicibacterium_senegalense,10416,10417,1
4064,Mycolicibacterium_senegalense,10434,10435,1
4065,Mycolicibacterium_senegalense,10448,10449,1
4066,Mycolicibacterium_senegalense,10476,10477,1
4067,Mycolicibacterium_senegalense,10491,10492,1
4068,Mycolicibacterium_senegalense,10526,10527,1
4069,Mycolicibacterium_senegalense,10539,10540,1
4070,Mycolicibacterium_senegalense,10547,10649,102
4071,Mycolicibacterium_senegalense,10828,10831,3
4072,Mycolicibacterium_senegalense,10835,10843,8
4073,Mycolicibacterium_senegalense,10864,10865,1
4074,Mycolicibacterium_senegalense,10914,10915,1
4075,Mycolicibacterium_senegalense,10965,10966,1
4076,Mycolicibacterium_senegalense,10971,10975,4
4077,Mycolicibacterium_senegalense,11085,11086,1
4078,Mycolicibacterium_senegalense,11143,11144,1
4079,Mycolicibacterium_senegalense,11243,11244,1
4080,Mycolicibacterium_senegalense,11260,11261,1
4081,Mycolicibacterium_senegalense,11286,11287,1
4082,Mycolicibacterium_senegalense,11312,11313,1
4083,Mycolicibacterium_senegalense,11473,11474,1
4084,Mycolicibacterium_senegalense,11505,11512,7
4085,Mycolicibacterium_senegalense,11513,11514,1
4086,Mycolicibacterium_senegalense,11516,11517,1
4087,Mycolicibacterium_senegalense,11520,11521,1
4088,Mycolicibacterium_senegalense,11524,11541,17
4089,Mycolicibacterium_senegalense,11566,11567,1
4090,Mycolicibacterium_senegalense,11782,11783,1
4091,Mycolicibacterium_senegalense,11823,11824,1
4092,Mycolicibacterium_senegalense,11826,11827,1
4093,Mycolicibacterium_senegalense,11831,11836,5
4094,Mycolicibacterium_senegalense,11846,11850,4
4095,Mycolicibacterium_senegalense,11851,11852,1
4096,Mycolicibacterium_senegalense,11859,11860,1
4097,Mycolicibacterium_senegalense,11864,11865,1
4098,Mycolicibacterium_senegalense,11877,11878,1
4099,Mycolicibacterium_senegalense,11993,11994,1
4100,Mycolicibacterium_senegalense,12029,12030,1
4101,Mycolicibacterium_senegalense,12068,12069,1
4102,Mycolicibacterium_senegalense,12207,12208,1
4103,Mycolicibacterium_senegalense,12211,12212,1
4104,Mycolicibacterium_senegalense,12213,12214,1
4105,Mycolicibacterium_senegalense,12218,12222,4
4106,Mycolicibacterium_senegalense,12226,12227,1
4107,Mycolicibacterium_senegalense,12237,12238,1
4108,Mycolicibacterium_senegalense,12360,12372,12
4109,Mycolicibacterium_senegalense,12374,12375,1
4110,Mycolicibacterium_senegalense,12378,12381,3
4111,Mycolicibacterium_senegalense,12384,12390,6
4112,Mycolicibacterium_senegalense,12391,12400,9
4113,Mycolicibacterium_senegalense,12739,12740,1
4114,Mycolicibacterium_senegalense,12798,12925,127
4115,Mycolicibacterium_senegalense,13451,13452,1
4116,Mycolicibacterium_senegalense,13453,13454,1
4117,Mycolicibacterium_senegalense,13508,13509,1
4118,Mycolicibacterium_farcinogenes,1,10,9
4119,Mycolicibacterium_farcinogenes,21,39,18
4120,Mycolicibacterium_farcinogenes,43,46,3
4121,Mycolicibacterium_farcinogenes,48,110,62
4122,Mycolicibacterium_farcinogenes,117,132,15
4123,Mycolicibacterium_farcinogenes,133,136,3
4124,Mycolicibacterium_farcinogenes,346,349,3
4125,Mycolicibacterium_farcinogenes,1542,1691,149
4126,Mycolicibacterium_farcinogenes,3269,3272,3
4127,Mycolicibacterium_farcinogenes,3317,3361,44
4128,Mycolicibacterium_farcinogenes,3364,3365,1
4129,Mycolicibacterium_farcinogenes,3373,3374,1
4130,Mycolicibacterium_farcinogenes,3409,3421,12
4131,Mycolicibacterium_farcinogenes,3424,3478,54
4132,Mycolicibacterium_farcinogenes,3485,3491,6
4133,Mycolicibacterium_farcinogenes,3642,3645,3
4134,Mycolicibacterium_farcinogenes,3650,3653,3
4135,Mycolicibacterium_farcinogenes,3655,3667,12
4136,Mycolicibacterium_farcinogenes,3782,3788,6
4137,Mycolicibacterium_farcinogenes,4400,4406,6
4138,Mycolicibacterium_farcinogenes,4407,4413,6
4139,Mycolicibacterium_farcinogenes,4417,4426,9
4140,Mycolicibacterium_farcinogenes,4432,4445,13
4141,Mycolicibacterium_farcinogenes,4452,4455,3
4142,Mycolicibacterium_farcinogenes,4456,4462,6
4143,Mycolicibacterium_farcinogenes,4468,4474,6
4144,Mycolicibacterium_farcinogenes,4475,4481,6
4145,Mycolicibacterium_farcinogenes,4483,4486,3
4146,Mycolicibacterium_farcinogenes,4540,4552,12
4147,Mycolicibacterium_farcinogenes,4555,4564,9
4148,Mycolicibacterium_farcinogenes,4567,4573,6
4149,Mycolicibacterium_farcinogenes,4582,4585,3
4150,Mycolicibacterium_farcinogenes,5163,5169,6
4151,Mycolicibacterium_farcinogenes,5170,5179,9
4152,Mycolicibacterium_farcinogenes,5181,5190,9
4153,Mycolicibacterium_farcinogenes,5197,5199,2
4154,Mycolicibacterium_farcinogenes,5201,5204,3
4155,Mycolicibacterium_farcinogenes,5206,5214,8
4156,Mycolicibacterium_farcinogenes,5218,5230,12
4157,Mycolicibacterium_farcinogenes,5231,5241,10
4158,Mycolicibacterium_farcinogenes,5247,5253,6
4159,Mycolicibacterium_farcinogenes,5401,5402,1
4160,Mycolicibacterium_farcinogenes,6015,6016,1
4161,Mycolicibacterium_farcinogenes,6431,6452,21
4162,Mycolicibacterium_farcinogenes,6456,6462,6
4163,Mycolicibacterium_farcinogenes,6470,6494,24
4164,Mycolicibacterium_farcinogenes,7178,7254,76
4165,Mycolicibacterium_farcinogenes,7260,7268,8
4166,Mycolicibacterium_farcinogenes,7760,7763,3
4167,Mycolicibacterium_farcinogenes,8452,8500,48
4168,Mycolicibacterium_farcinogenes,8577,8578,1
4169,Mycolicibacterium_farcinogenes,8584,8599,15
4170,Mycolicibacterium_farcinogenes,8600,8604,4
4171,Mycolicibacterium_farcinogenes,8609,8610,1
4172,Mycolicibacterium_farcinogenes,8661,8662,1
4173,Mycolicibacterium_farcinogenes,8703,8704,1
4174,Mycolicibacterium_farcinogenes,8720,8721,1
4175,Mycolicibacterium_farcinogenes,8733,8735,2
4176,Mycolicibacterium_farcinogenes,8739,8742,3
4177,Mycolicibacterium_farcinogenes,8930,8931,1
4178,Mycolicibacterium_farcinogenes,8980,8982,2
4179,Mycolicibacterium_farcinogenes,8984,8998,14
4180,Mycolicibacterium_farcinogenes,9120,9121,1
4181,Mycolicibacterium_farcinogenes,9370,9372,2
4182,Mycolicibacterium_farcinogenes,9546,9547,1
4183,Mycolicibacterium_farcinogenes,9812,9813,1
4184,Mycolicibacterium_farcinogenes,9982,9984,2
4185,Mycolicibacterium_farcinogenes,9985,9986,1
4186,Mycolicibacterium_farcinogenes,10076,10078,2
4187,Mycolicibacterium_farcinogenes,10157,10158,1
4188,Mycolicibacterium_farcinogenes,10261,10262,1
4189,Mycolicibacterium_farcinogenes,10310,10312,2
4190,Mycolicibacterium_farcinogenes,10313,10314,1
4191,Mycolicibacterium_farcinogenes,10325,10326,1
4192,Mycolicibacterium_farcinogenes,10370,10371,1
4193,Mycolicibacterium_farcinogenes,10416,10417,1
4194,Mycolicibacterium_farcinogenes,10434,10435,1
4195,Mycolicibacterium_farcinogenes,10448,10449,1
4196,Mycolicibacterium_farcinogenes,10476,10477,1
4197,Mycolicibacterium_farcinogenes,10491,10492,1
4198,Mycolicibacterium_farcinogenes,10526,10527,1
4199,Mycolicibacterium_farcinogenes,10539,10540,1
4200,Mycolicibacterium_farcinogenes,10547,10649,102
4201,Mycolicibacterium_farcinogenes,10828,10831,3
4202,Mycolicibacterium_farcinogenes,10835,10843,8
4203,Mycolicibacterium_farcinogenes,10864,10865,1
4204,Mycolicibacterium_farcinogenes,10914,10915,1
4205,Mycolicibacterium_farcinogenes,10965,10966,1
4206,Mycolicibacterium_farcinogenes,10971,10975,4
4207,Mycolicibacterium_farcinogenes,11085,11086,1
4208,Mycolicibacterium_farcinogenes,11143,11144,1
4209,Mycolicibacterium_farcinogenes,11243,11244,1
4210,Mycolicibacterium_farcinogenes,11260,11261,1
4211,Mycolicibacterium_farcinogenes,11286,11287,1
4212,Mycolicibacterium_farcinogenes,11312,11313,1
4213,Mycolicibacterium_farcinogenes,11473,11474,1
4214,Mycolicibacterium_farcinogenes,11505,11512,7
4215,Mycolicibacterium_farcinogenes,11513,11514,1
4216,Mycolicibacterium_farcinogenes,11516,11517,1
4217,Mycolicibacterium_farcinogenes,11520,11521,1
4218,Mycolicibacterium_farcinogenes,11524,11541,17
4219,Mycolicibacterium_farcinogenes,11566,11567,1
4220,Mycolicibacterium_farcinogenes,11782,11783,1
4221,Mycolicibacterium_farcinogenes,11823,11824,1
4222,Mycolicibacterium_farcinogenes,11826,11827,1
4223,Mycolicibacterium_farcinogenes,11831,11836,5
4224,Mycolicibacterium_farcinogenes,11846,11850,4
4225,Mycolicibacterium_farcinogenes,11851,11852,1
4226,Mycolicibacterium_farcinogenes,11859,11860,1
4227,Mycolicibacterium_farcinogenes,11864,11865,1
4228,Mycolicibacterium_farcinogenes,11877,11878,1
4229,Mycolicibacterium_farcinogenes,11993,11994,1
4230,Mycolicibacterium_farcinogenes,12029,12030,1
4231,Mycolicibacterium_farcinogenes,12068,12069,1
4232,Mycolicibacterium_farcinogenes,12207,12208,1
4233,Mycolicibacterium_farcinogenes,12211,12212,1
4234,Mycolicibacterium_farcinogenes,12213,12214,1
4235,Mycolicibacterium_farcinogenes,12218,12222,4
4236,Mycolicibacterium_farcinogenes,12226,12227,1
4237,Mycolicibacterium_farcinogenes,12237,12238,1
4238,Mycolicibacterium_farcinogenes,12360,12372,12
4239,Mycolicibacterium_farcinogenes,12374,12375,1
4240,Mycolicibacterium_farcinogenes,12378,12381,3
4241,Mycolicibacterium_farcinogenes,12384,12390,6
4242,Mycolicibacterium_farcinogenes,12391,12400,9
4243,Mycolicibacterium_farcinogenes,12454,12455,1
4244,Mycolicibacterium_farcinogenes,12739,12740,1
4245,Mycolicibacterium_farcinogenes,12798,12925,127
4246,Mycolicibacterium_farcinogenes,13451,13452,1
4247,Mycolicibacterium_farcinogenes,13453,13454,1
4248,Mycolicibacterium_farcinogenes,13508,13509,1
4249,Mycobacterium_ulcerans,1,10,9
4250,Mycobacterium_ulcerans,21,39,18
4251,Mycobacterium_ulcerans,43,46,3
4252,Mycobacterium_ulcerans,53,71,18
4253,Mycobacterium_ulcerans,87,107,20
4254,Mycobacterium_ulcerans,117,132,15
4255,Mycobacterium_ulcerans,133,136,3
4256,Mycobacterium_ulcerans,346,349,3
4257,Mycobacterium_ulcerans,1542,1691,149
4258,Mycobacterium_ulcerans,3317,3361,44
4259,Mycobacterium_ulcerans,3364,3365,1
4260,Mycobacterium_ulcerans,3373,3374,1
4261,Mycobacterium_ulcerans,3414,3420,6
4262,Mycobacterium_ulcerans,3424,3460,36
4263,Mycobacterium_ulcerans,3473,3479,6
4264,Mycobacterium_ulcerans,3485,3491,6
4265,Mycobacterium_ulcerans,3642,3645,3
4266,Mycobacterium_ulcerans,3650,3653,3
4267,Mycobacterium_ulcerans,3655,3667,12
4268,Mycobacterium_ulcerans,3782,3788,6
4269,Mycobacterium_ulcerans,4400,4406,6
4270,Mycobacterium_ulcerans,4407,4413,6
4271,Mycobacterium_ulcerans,4417,4426,9
4272,Mycobacterium_ulcerans,4432,4445,13
4273,Mycobacterium_ulcerans,4452,4455,3
4274,Mycobacterium_ulcerans,4456,4462,6
4275,Mycobacterium_ulcerans,4468,4480,12
4276,Mycobacterium_ulcerans,4483,4486,3
4277,Mycobacterium_ulcerans,4540,4552,12
4278,Mycobacterium_ulcerans,4555,4564,9
4279,Mycobacterium_ulcerans,4567,4573,6
4280,Mycobacterium_ulcerans,4581,4584,3
4281,Mycobacterium_ulcerans,5163,5169,6
4282,Mycobacterium_ulcerans,5170,5179,9
4283,Mycobacterium_ulcerans,5181,5190,9
4284,Mycobacterium_ulcerans,5197,5199,2
4285,Mycobacterium_ulcerans,5201,5204,3
4286,Mycobacterium_ulcerans,5206,5214,8
4287,Mycobacterium_ulcerans,5218,5230,12
4288,Mycobacterium_ulcerans,5231,5241,10
4289,Mycobacterium_ulcerans,5247,5253,6
4290,Mycobacterium_ulcerans,5401,5402,1
4291,Mycobacterium_ulcerans,6015,6016,1
4292,Mycobacterium_ulcerans,6431,6452,21
4293,Mycobacterium_ulcerans,6456,6462,6
4294,Mycobacterium_ulcerans,6470,6494,24
4295,Mycobacterium_ulcerans,7178,7254,76
4296,Mycobacterium_ulcerans,7260,7268,8
4297,Mycobacterium_ulcerans,7760,7763,3
4298,Mycobacterium_ulcerans,8452,8500,48
4299,Mycobacterium_ulcerans,8577,8578,1
4300,Mycobacterium_ulcerans,8584,8599,15
4301,Mycobacterium_ulcerans,8601,8603,2
4302,Mycobacterium_ulcerans,8609,8610,1
4303,Mycobacterium_ulcerans,8661,8662,1
4304,Mycobacterium_ulcerans,8703,8704,1
4305,Mycobacterium_ulcerans,8720,8721,1
4306,Mycobacterium_ulcerans,8733,8735,2
4307,Mycobacterium_ulcerans,8739,8742,3
4308,Mycobacterium_ulcerans,8930,8931,1
4309,Mycobacterium_ulcerans,8980,8982,2
4310,Mycobacterium_ulcerans,8996,8998,2
4311,Mycobacterium_ulcerans,9120,9121,1
4312,Mycobacterium_ulcerans,9370,9372,2
4313,Mycobacterium_ulcerans,9546,9547,1
4314,Mycobacterium_ulcerans,9812,9814,2
4315,Mycobacterium_ulcerans,9983,9986,3
4316,Mycobacterium_ulcerans,10076,10078,2
4317,Mycobacterium_ulcerans,10157,10158,1
4318,Mycobacterium_ulcerans,10261,10262,1
4319,Mycobacterium_ulcerans,10310,10312,2
4320,Mycobacterium_ulcerans,10313,10315,2
4321,Mycobacterium_ulcerans,10325,10326,1
4322,Mycobacterium_ulcerans,10370,10371,1
4323,Mycobacterium_ulcerans,10434,10435,1
4324,Mycobacterium_ulcerans,10448,10449,1
4325,Mycobacterium_ulcerans,10476,10477,1
4326,Mycobacterium_ulcerans,10491,10492,1
4327,Mycobacterium_ulcerans,10526,10527,1
4328,Mycobacterium_ulcerans,10546,10649,103
4329,Mycobacterium_ulcerans,10828,10830,2
4330,Mycobacterium_ulcerans,10832,10846,14
4331,Mycobacterium_ulcerans,10864,10865,1
4332,Mycobacterium_ulcerans,10914,10915,1
4333,Mycobacterium_ulcerans,10958,10967,9
4334,Mycobacterium_ulcerans,10971,10972,1
4335,Mycobacterium_ulcerans,10976,10977,1
4336,Mycobacterium_ulcerans,11085,11086,1
4337,Mycobacterium_ulcerans,11143,11144,1
4338,Mycobacterium_ulcerans,11243,11244,1
4339,Mycobacterium_ulcerans,11260,11261,1
4340,Mycobacterium_ulcerans,11262,11263,1
4341,Mycobacterium_ulcerans,11265,11267,2
4342,Mycobacterium_ulcerans,11286,11287,1
4343,Mycobacterium_ulcerans,11312,11313,1
4344,Mycobacterium_ulcerans,11473,11474,1
4345,Mycobacterium_ulcerans,11505,11534,29
4346,Mycobacterium_ulcerans,11566,11567,1
4347,Mycobacterium_ulcerans,11590,11591,1
4348,Mycobacterium_ulcerans,11782,11783,1
4349,Mycobacterium_ulcerans,11823,11824,1
4350,Mycobacterium_ulcerans,11826,11827,1
4351,Mycobacterium_ulcerans,11831,11836,5
4352,Mycobacterium_ulcerans,11848,11850,2
4353,Mycobacterium_ulcerans,11851,11852,1
4354,Mycobacterium_ulcerans,11859,11860,1
4355,Mycobacterium_ulcerans,11864,11866,2
4356,Mycobacterium_ulcerans,11877,11878,1
4357,Mycobacterium_ulcerans,11993,11994,1
4358,Mycobacterium_ulcerans,12029,12030,1
4359,Mycobacterium_ulcerans,12068,12069,1
4360,Mycobacterium_ulcerans,12207,12208,1
4361,Mycobacterium_ulcerans,12211,12212,1
4362,Mycobacterium_ulcerans,12213,12214,1
4363,Mycobacterium_ulcerans,12218,12222,4
4364,Mycobacterium_ulcerans,12225,12227,2
4365,Mycobacterium_ulcerans,12237,12238,1
4366,Mycobacterium_ulcerans,12360,12369,9
4367,Mycobacterium_ulcerans,12371,12372,1
4368,Mycobacterium_ulcerans,12374,12380,6
4369,Mycobacterium_ulcerans,12384,12390,6
4370,Mycobacterium_ulcerans,12391,12400,9
4371,Mycobacterium_ulcerans,12454,12455,1
4372,Mycobacterium_ulcerans,12739,12740,1
4373,Mycobacterium_ulcerans,12798,12925,127
4374,Mycobacterium_ulcerans,13451,13452,1
4375,Mycobacterium_ulcerans,13453,13454,1
4376,Mycobacterium_ulcerans,13508,13509,1
4377,Mycobacterium_spongiae,1,10,9
4378,Mycobacterium_spongiae,21,39,18
4379,Mycobacterium_spongiae,43,46,3
4380,Mycobacterium_spongiae,53,71,18
4381,Mycobacterium_spongiae,87,107,20
4382,Mycobacterium_spongiae,117,132,15
4383,Mycobacterium_spongiae,133,136,3
4384,Mycobacterium_spongiae,346,349,3
4385,Mycobacterium_spongiae,1542,1691,149
4386,Mycobacterium_spongiae,3317,3381,64
4387,Mycobacterium_spongiae,3418,3420,2
4388,Mycobacterium_spongiae,3424,3458,34
4389,Mycobacterium_spongiae,3473,3479,6
4390,Mycobacterium_spongiae,3485,3491,6
4391,Mycobacterium_spongiae,3642,3645,3
4392,Mycobacterium_spongiae,3650,3653,3
4393,Mycobacterium_spongiae,3655,3667,12
4394,Mycobacterium_spongiae,3782,3788,6
4395,Mycobacterium_spongiae,4400,4406,6
4396,Mycobacterium_spongiae,4407,4413,6
4397,Mycobacterium_spongiae,4417,4426,9
4398,Mycobacterium_spongiae,4432,4445,13
4399,Mycobacterium_spongiae,4452,4455,3
4400,Mycobacterium_spongiae,4456,4462,6
4401,Mycobacterium_spongiae,4468,4474,6
4402,Mycobacterium_spongiae,4475,4481,6
4403,Mycobacterium_spongiae,4483,4486,3
4404,Mycobacterium_spongiae,4555,4564,9
4405,Mycobacterium_spongiae,4567,4573,6
4406,Mycobacterium_spongiae,5163,5169,6
4407,Mycobacterium_spongiae,5170,5179,9
4408,Mycobacterium_spongiae,5181,5190,9
4409,Mycobacterium_spongiae,5197,5199,2
4410,Mycobacterium_spongiae,5201,5204,3
4411,Mycobacterium_spongiae,5206,5214,8
4412,Mycobacterium_spongiae,5218,5230,12
4413,Mycobacterium_spongiae,5231,5241,10
4414,Mycobacterium_spongiae,5247,5253,6
4415,Mycobacterium_spongiae,5401,5402,1
4416,Mycobacterium_spongiae,6015,6016,1
4417,Mycobacterium_spongiae,6431,6452,21
4418,Mycobacterium_spongiae,6456,6462,6
4419,Mycobacterium_spongiae,6470,6494,24
4420,Mycobacterium_spongiae,7178,7254,76
4421,Mycobacterium_spongiae,7260,7268,8
4422,Mycobacterium_spongiae,7760,7763,3
4423,Mycobacterium_spongiae,8452,8500,48
4424,Mycobacterium_spongiae,8577,8578,1
4425,Mycobacterium_spongiae,8584,8599,15
4426,Mycobacterium_spongiae,8601,8603,2
4427,Mycobacterium_spongiae,8609,8610,1
4428,Mycobacterium_spongiae,8661,8662,1
4429,Mycobacterium_spongiae,8703,8704,1
4430,Mycobacterium_spongiae,8720,8721,1
4431,Mycobacterium_spongiae,8739,8742,3
4432,Mycobacterium_spongiae,8930,8931,1
4433,Mycobacterium_spongiae,8980,8982,2
4434,Mycobacterium_spongiae,8996,8998,2
4435,Mycobacterium_spongiae,9120,9121,1
4436,Mycobacterium_spongiae,9370,9372,2
4437,Mycobacterium_spongiae,9546,9547,1
4438,Mycobacterium_spongiae,9812,9813,1
4439,Mycobacterium_spongiae,9980,9981,1
4440,Mycobacterium_spongiae,9983,9986,3
4441,Mycobacterium_spongiae,10076,10078,2
4442,Mycobacterium_spongiae,10157,10158,1
4443,Mycobacterium_spongiae,10261,10262,1
4444,Mycobacterium_spongiae,10310,10312,2
4445,Mycobacterium_spongiae,10313,10315,2
4446,Mycobacterium_spongiae,10325,10326,1
4447,Mycobacterium_spongiae,10370,10371,1
4448,Mycobacterium_spongiae,10434,10435,1
4449,Mycobacterium_spongiae,10448,10449,1
4450,Mycobacterium_spongiae,10476,10477,1
4451,Mycobacterium_spongiae,10491,10492,1
4452,Mycobacterium_spongiae,10526,10527,1
4453,Mycobacterium_spongiae,10546,10649,103
4454,Mycobacterium_spongiae,10828,10830,2
4455,Mycobacterium_spongiae,10832,10846,14
4456,Mycobacterium_spongiae,10864,10865,1
4457,Mycobacterium_spongiae,10914,10915,1
4458,Mycobacterium_spongiae,10958,10966,8
4459,Mycobacterium_spongiae,10971,10972,1
4460,Mycobacterium_spongiae,11085,11086,1
4461,Mycobacterium_spongiae,11143,11144,1
4462,Mycobacterium_spongiae,11243,11244,1
4463,Mycobacterium_spongiae,11260,11261,1
4464,Mycobacterium_spongiae,11262,11263,1
4465,Mycobacterium_spongiae,11265,11267,2
4466,Mycobacterium_spongiae,11286,11287,1
4467,Mycobacterium_spongiae,11312,11313,1
4468,Mycobacterium_spongiae,11473,11474,1
4469,Mycobacterium_spongiae,11505,11511,6
4470,Mycobacterium_spongiae,11513,11514,1
4471,Mycobacterium_spongiae,11520,11521,1
4472,Mycobacterium_spongiae,11523,11534,11
4473,Mycobacterium_spongiae,11566,11567,1
4474,Mycobacterium_spongiae,11590,11591,1
4475,Mycobacterium_spongiae,11782,11783,1
4476,Mycobacterium_spongiae,11823,11824,1
4477,Mycobacterium_spongiae,11826,11827,1
4478,Mycobacterium_spongiae,11831,11836,5
4479,Mycobacterium_spongiae,11848,11850,2
4480,Mycobacterium_spongiae,11851,11852,1
4481,Mycobacterium_spongiae,11859,11860,1
4482,Mycobacterium_spongiae,11864,11866,2
4483,Mycobacterium_spongiae,11877,11878,1
4484,Mycobacterium_spongiae,11993,11994,1
4485,Mycobacterium_spongiae,12029,12030,1
4486,Mycobacterium_spongiae,12068,12069,1
4487,Mycobacterium_spongiae,12207,12208,1
4488,Mycobacterium_spongiae,12211,12212,1
4489,Mycobacterium_spongiae,12213,12214,1
4490,Mycobacterium_spongiae,12218,12222,4
4491,Mycobacterium_spongiae,12225,12227,2
4492,Mycobacterium_spongiae,12237,12238,1
4493,Mycobacterium_spongiae,12360,12369,9
4494,Mycobacterium_spongiae,12371,12372,1
4495,Mycobacterium_spongiae,12374,12380,6
4496,Mycobacterium_spongiae,12384,12390,6
4497,Mycobacterium_spongiae,12391,12400,9
4498,Mycobacterium_spongiae,12454,12455,1
4499,Mycobacterium_spongiae,12739,12740,1
4500,Mycobacterium_spongiae,12798,12925,127
4501,Mycobacterium_spongiae,13451,13452,1
4502,Mycobacterium_spongiae,13453,13454,1
4503,Mycobacterium_spongiae,13508,13509,1
4504,Mycolicibacterium_phocaicum,1,10,9
4505,Mycolicibacterium_phocaicum,21,39,18
4506,Mycolicibacterium_phocaicum,43,46,3
4507,Mycolicibacterium_phocaicum,50,109,59
4508,Mycolicibacterium_phocaicum,117,132,15
4509,Mycolicibacterium_phocaicum,133,136,3
4510,Mycolicibacterium_phocaicum,346,349,3
4511,Mycolicibacterium_phocaicum,1542,1691,149
4512,Mycolicibacterium_phocaicum,3317,3361,44
4513,Mycolicibacterium_phocaicum,3364,3365,1
4514,Mycolicibacterium_phocaicum,3373,3374,1
4515,Mycolicibacterium_phocaicum,3409,3420,11
4516,Mycolicibacterium_phocaicum,3424,3491,67
4517,Mycolicibacterium_phocaicum,3642,3645,3
4518,Mycolicibacterium_phocaicum,3650,3653,3
4519,Mycolicibacterium_phocaicum,3655,3667,12
4520,Mycolicibacterium_phocaicum,3782,3788,6
4521,Mycolicibacterium_phocaicum,4400,4406,6
4522,Mycolicibacterium_phocaicum,4407,4413,6
4523,Mycolicibacterium_phocaicum,4417,4426,9
4524,Mycolicibacterium_phocaicum,4432,4445,13
4525,Mycolicibacterium_phocaicum,4452,4455,3
4526,Mycolicibacterium_phocaicum,4468,4474,6
4527,Mycolicibacterium_phocaicum,4475,4481,6
4528,Mycolicibacterium_phocaicum,4483,4486,3
4529,Mycolicibacterium_phocaicum,4540,4552,12
4530,Mycolicibacterium_phocaicum,4555,4564,9
4531,Mycolicibacterium_phocaicum,4567,4573,6
4532,Mycolicibacterium_phocaicum,4582,4585,3
4533,Mycolicibacterium_phocaicum,5163,5169,6
4534,Mycolicibacterium_phocaicum,5170,5179,9
4535,Mycolicibacterium_phocaicum,5181,5190,9
4536,Mycolicibacterium_phocaicum,5197,5199,2
4537,Mycolicibacterium_phocaicum,5201,5204,3
4538,Mycolicibacterium_phocaicum,5206,5214,8
4539,Mycolicibacterium_phocaicum,5218,5230,12
4540,Mycolicibacterium_phocaicum,5231,5241,10
4541,Mycolicibacterium_phocaicum,5247,5253,6
4542,Mycolicibacterium_phocaicum,5401,5402,1
4543,Mycolicibacterium_phocaicum,6015,6016,1
4544,Mycolicibacterium_phocaicum,6431,6467,36
4545,Mycolicibacterium_phocaicum,6470,6494,24
4546,Mycolicibacterium_phocaicum,7178,7254,76
4547,Mycolicibacterium_phocaicum,7260,7268,8
4548,Mycolicibacterium_phocaicum,7760,7763,3
4549,Mycolicibacterium_phocaicum,8452,8500,48
4550,Mycolicibacterium_phocaicum,8577,8578,1
4551,Mycolicibacterium_phocaicum,8584,8599,15
4552,Mycolicibacterium_phocaicum,8600,8604,4
4553,Mycolicibacterium_phocaicum,8609,8610,1
4554,Mycolicibacterium_phocaicum,8661,8662,1
4555,Mycolicibacterium_phocaicum,8703,8704,1
4556,Mycolicibacterium_phocaicum,8720,8721,1
4557,Mycolicibacterium_phocaicum,8733,8735,2
4558,Mycolicibacterium_phocaicum,8739,8742,3
4559,Mycolicibacterium_phocaicum,8930,8931,1
4560,Mycolicibacterium_phocaicum,8980,8982,2
4561,Mycolicibacterium_phocaicum,8984,8998,14
4562,Mycolicibacterium_phocaicum,9120,9121,1
4563,Mycolicibacterium_phocaicum,9359,9360,1
4564,Mycolicibacterium_phocaicum,9370,9372,2
4565,Mycolicibacterium_phocaicum,9546,9547,1
4566,Mycolicibacterium_phocaicum,9812,9813,1
4567,Mycolicibacterium_phocaicum,9982,9984,2
4568,Mycolicibacterium_phocaicum,9985,9986,1
4569,Mycolicibacterium_phocaicum,10076,10078,2
4570,Mycolicibacterium_phocaicum,10157,10158,1
4571,Mycolicibacterium_phocaicum,10261,10262,1
4572,Mycolicibacterium_phocaicum,10310,10312,2
4573,Mycolicibacterium_phocaicum,10313,10315,2
4574,Mycolicibacterium_phocaicum,10325,10326,1
4575,Mycolicibacterium_phocaicum,10352,10353,1
4576,Mycolicibacterium_phocaicum,10370,10371,1
4577,Mycolicibacterium_phocaicum,10416,10417,1
4578,Mycolicibacterium_phocaicum,10434,10435,1
4579,Mycolicibacterium_phocaicum,10448,10449,1
4580,Mycolicibacterium_phocaicum,10476,10477,1
4581,Mycolicibacterium_phocaicum,10491,10492,1
4582,Mycolicibacterium_phocaicum,10526,10527,1
4583,Mycolicibacterium_phocaicum,10546,10649,103
4584,Mycolicibacterium_phocaicum,10828,10832,4
4585,Mycolicibacterium_phocaicum,10835,10843,8
4586,Mycolicibacterium_phocaicum,10845,10846,1
4587,Mycolicibacterium_phocaicum,10864,10865,1
4588,Mycolicibacterium_phocaicum,10914,10915,1
4589,Mycolicibacterium_phocaicum,10965,10966,1
4590,Mycolicibacterium_phocaicum,10967,10977,10
4591,Mycolicibacterium_phocaicum,11085,11086,1
4592,Mycolicibacterium_phocaicum,11143,11144,1
4593,Mycolicibacterium_phocaicum,11243,11244,1
4594,Mycolicibacterium_phocaicum,11260,11261,1
4595,Mycolicibacterium_phocaicum,11266,11267,1
4596,Mycolicibacterium_phocaicum,11286,11287,1
4597,Mycolicibacterium_phocaicum,11312,11313,1
4598,Mycolicibacterium_phocaicum,11473,11474,1
4599,Mycolicibacterium_phocaicum,11505,11534,29
4600,Mycolicibacterium_phocaicum,11566,11567,1
4601,Mycolicibacterium_phocaicum,11782,11783,1
4602,Mycolicibacterium_phocaicum,11823,11824,1
4603,Mycolicibacterium_phocaicum,11825,11827,2
4604,Mycolicibacterium_phocaicum,11831,11836,5
4605,Mycolicibacterium_phocaicum,11846,11850,4
4606,Mycolicibacterium_phocaicum,11851,11852,1
4607,Mycolicibacterium_phocaicum,11859,11860,1
4608,Mycolicibacterium_phocaicum,11864,11866,2
4609,Mycolicibacterium_phocaicum,11877,11878,1
4610,Mycolicibacterium_phocaicum,11993,11994,1
4611,Mycolicibacterium_phocaicum,12029,12030,1
4612,Mycolicibacterium_phocaicum,12068,12069,1
4613,Mycolicibacterium_phocaicum,12207,12208,1
4614,Mycolicibacterium_phocaicum,12211,12212,1
4615,Mycolicibacterium_phocaicum,12213,12214,1
4616,Mycolicibacterium_phocaicum,12218,12222,4
4617,Mycolicibacterium_phocaicum,12226,12227,1
4618,Mycolicibacterium_phocaicum,12229,12230,1
4619,Mycolicibacterium_phocaicum,12237,12238,1
4620,Mycolicibacterium_phocaicum,12360,12369,9
4621,Mycolicibacterium_phocaicum,12371,12372,1
4622,Mycolicibacterium_phocaicum,12374,12375,1
4623,Mycolicibacterium_phocaicum,12378,12381,3
4624,Mycolicibacterium_phocaicum,12384,12390,6
4625,Mycolicibacterium_phocaicum,12391,12400,9
4626,Mycolicibacterium_phocaicum,12454,12455,1
4627,Mycolicibacterium_phocaicum,12739,12740,1
4628,Mycolicibacterium_phocaicum,12798,12925,127
4629,Mycolicibacterium_phocaicum,13451,13452,1
4630,Mycolicibacterium_phocaicum,13453,13454,1
4631,Mycolicibacterium_phocaicum,13508,13509,1
4632,Mycolicibacterium_crocinum,1,10,9
4633,Mycolicibacterium_crocinum,21,39,18
4634,Mycolicibacterium_crocinum,43,46,3
4635,Mycolicibacterium_crocinum,50,109,59
4636,Mycolicibacterium_crocinum,117,132,15
4637,Mycolicibacterium_crocinum,133,136,3
4638,Mycolicibacterium_crocinum,346,349,3
4639,Mycolicibacterium_crocinum,1542,1691,149
4640,Mycolicibacterium_crocinum,3317,3361,44
4641,Mycolicibacterium_crocinum,3364,3365,1
4642,Mycolicibacterium_crocinum,3373,3374,1
4643,Mycolicibacterium_crocinum,3408,3480,72
4644,Mycolicibacterium_crocinum,3485,3491,6
4645,Mycolicibacterium_crocinum,3642,3645,3
4646,Mycolicibacterium_crocinum,3650,3653,3
4647,Mycolicibacterium_crocinum,3655,3667,12
4648,Mycolicibacterium_crocinum,3782,3788,6
4649,Mycolicibacterium_crocinum,4400,4406,6
4650,Mycolicibacterium_crocinum,4407,4413,6
4651,Mycolicibacterium_crocinum,4417,4426,9
4652,Mycolicibacterium_crocinum,4432,4445,13
4653,Mycolicibacterium_crocinum,4452,4455,3
4654,Mycolicibacterium_crocinum,4456,4462,6
4655,Mycolicibacterium_crocinum,4468,4474,6
4656,Mycolicibacterium_crocinum,4475,4481,6
4657,Mycolicibacterium_crocinum,4483,4486,3
4658,Mycolicibacterium_crocinum,4540,4552,12
4659,Mycolicibacterium_crocinum,4555,4564,9
4660,Mycolicibacterium_crocinum,4567,4573,6
4661,Mycolicibacterium_crocinum,4582,4585,3
4662,Mycolicibacterium_crocinum,5163,5169,6
4663,Mycolicibacterium_crocinum,5170,5179,9
4664,Mycolicibacterium_crocinum,5181,5190,9
4665,Mycolicibacterium_crocinum,5197,5199,2
4666,Mycolicibacterium_crocinum,5201,5204,3
4667,Mycolicibacterium_crocinum,5206,5214,8
4668,Mycolicibacterium_crocinum,5218,5230,12
4669,Mycolicibacterium_crocinum,5231,5241,10
4670,Mycolicibacterium_crocinum,5247,5253,6
4671,Mycolicibacterium_crocinum,5401,5402,1
4672,Mycolicibacterium_crocinum,6015,6016,1
4673,Mycolicibacterium_crocinum,6431,6467,36
4674,Mycolicibacterium_crocinum,6470,6494,24
4675,Mycolicibacterium_crocinum,7760,7763,3
4676,Mycolicibacterium_crocinum,8452,8500,48
4677,Mycolicibacterium_crocinum,8584,8599,15
4678,Mycolicibacterium_crocinum,8600,8604,4
4679,Mycolicibacterium_crocinum,8661,8662,1
4680,Mycolicibacterium_crocinum,8703,8704,1
4681,Mycolicibacterium_crocinum,8720,8721,1
4682,Mycolicibacterium_crocinum,8733,8735,2
4683,Mycolicibacterium_crocinum,8739,8742,3
4684,Mycolicibacterium_crocinum,8930,8931,1
4685,Mycolicibacterium_crocinum,8980,8982,2
4686,Mycolicibacterium_crocinum,8984,8998,14
4687,Mycolicibacterium_crocinum,9120,9121,1
4688,Mycolicibacterium_crocinum,9370,9372,2
4689,Mycolicibacterium_crocinum,9546,9547,1
4690,Mycolicibacterium_crocinum,9812,9813,1
4691,Mycolicibacterium_crocinum,9985,9986,1
4692,Mycolicibacterium_crocinum,10076,10078,2
4693,Mycolicibacterium_crocinum,10157,10158,1
4694,Mycolicibacterium_crocinum,10261,10262,1
4695,Mycolicibacterium_crocinum,10310,10312,2
4696,Mycolicibacterium_crocinum,10313,10315,2
4697,Mycolicibacterium_crocinum,10325,10326,1
4698,Mycolicibacterium_crocinum,10370,10371,1
4699,Mycolicibacterium_crocinum,10416,10417,1
4700,Mycolicibacterium_crocinum,10434,10435,1
4701,Mycolicibacterium_crocinum,10448,10449,1
4702,Mycolicibacterium_crocinum,10461,10462,1
4703,Mycolicibacterium_crocinum,10476,10477,1
4704,Mycolicibacterium_crocinum,10491,10492,1
4705,Mycolicibacterium_crocinum,10526,10527,1
4706,Mycolicibacterium_crocinum,10546,10649,103
4707,Mycolicibacterium_crocinum,10828,10830,2
4708,Mycolicibacterium_crocinum,10835,10836,1
4709,Mycolicibacterium_crocinum,10837,10843,6
4710,Mycolicibacterium_crocinum,10864,10865,1
4711,Mycolicibacterium_crocinum,10914,10915,1
4712,Mycolicibacterium_crocinum,10965,10966,1
4713,Mycolicibacterium_crocinum,10971,10975,4
4714,Mycolicibacterium_crocinum,11085,11086,1
4715,Mycolicibacterium_crocinum,11143,11144,1
4716,Mycolicibacterium_crocinum,11243,11244,1
4717,Mycolicibacterium_crocinum,11260,11261,1
4718,Mycolicibacterium_crocinum,11265,11267,2
4719,Mycolicibacterium_crocinum,11286,11287,1
4720,Mycolicibacterium_crocinum,11312,11313,1
4721,Mycolicibacterium_crocinum,11473,11474,1
4722,Mycolicibacterium_crocinum,11505,11512,7
4723,Mycolicibacterium_crocinum,11513,11514,1
4724,Mycolicibacterium_crocinum,11520,11521,1
4725,Mycolicibacterium_crocinum,11523,11537,14
4726,Mycolicibacterium_crocinum,11782,11783,1
4727,Mycolicibacterium_crocinum,11823,11824,1
4728,Mycolicibacterium_crocinum,11826,11827,1
4729,Mycolicibacterium_crocinum,11831,11836,5
4730,Mycolicibacterium_crocinum,11846,11850,4
4731,Mycolicibacterium_crocinum,11851,11852,1
4732,Mycolicibacterium_crocinum,11859,11860,1
4733,Mycolicibacterium_crocinum,11864,11866,2
4734,Mycolicibacterium_crocinum,11877,11878,1
4735,Mycolicibacterium_crocinum,11993,11994,1
4736,Mycolicibacterium_crocinum,12029,12030,1
4737,Mycolicibacterium_crocinum,12068,12069,1
4738,Mycolicibacterium_crocinum,12196,12197,1
4739,Mycolicibacterium_crocinum,12207,12208,1
4740,Mycolicibacterium_crocinum,12211,12212,1
4741,Mycolicibacterium_crocinum,12213,12214,1
4742,Mycolicibacterium_crocinum,12218,12222,4
4743,Mycolicibacterium_crocinum,12226,12227,1
4744,Mycolicibacterium_crocinum,12237,12238,1
4745,Mycolicibacterium_crocinum,12360,12369,9
4746,Mycolicibacterium_crocinum,12371,12372,1
4747,Mycolicibacterium_crocinum,12374,12375,1
4748,Mycolicibacterium_crocinum,12379,12380,1
4749,Mycolicibacterium_crocinum,12384,12390,6
4750,Mycolicibacterium_crocinum,12391,12400,9
4751,Mycolicibacterium_crocinum,12454,12455,1
4752,Mycolicibacterium_crocinum,12739,12740,1
4753,Mycolicibacterium_crocinum,12798,12925,127
4754,Mycolicibacterium_crocinum,13451,13452,1
4755,Mycolicibacterium_crocinum,13453,13454,1
4756,Mycolicibacterium_crocinum,13508,13509,1
4757,Mycolicibacterium_goodii,1,10,9
4758,Mycolicibacterium_goodii,21,39,18
4759,Mycolicibacterium_goodii,43,46,3
4760,Mycolicibacterium_goodii,48,110,62
4761,Mycolicibacterium_goodii,117,132,15
4762,Mycolicibacterium_goodii,133,136,3
4763,Mycolicibacterium_goodii,346,349,3
4764,Mycolicibacterium_goodii,1542,1691,149
4765,Mycolicibacterium_goodii,3317,3361,44
4766,Mycolicibacterium_goodii,3364,3365,1
4767,Mycolicibacterium_goodii,3373,3374,1
4768,Mycolicibacterium_goodii,3409,3478,69
4769,Mycolicibacterium_goodii,3485,3491,6
4770,Mycolicibacterium_goodii,3642,3645,3
4771,Mycolicibacterium_goodii,3650,3653,3
4772,Mycolicibacterium_goodii,3655,3667,12
4773,Mycolicibacterium_goodii,3782,3788,6
4774,Mycolicibacterium_goodii,4400,4406,6
4775,Mycolicibacterium_goodii,4407,4413,6
4776,Mycolicibacterium_goodii,4417,4426,9
4777,Mycolicibacterium_goodii,4432,4445,13
4778,Mycolicibacterium_goodii,4452,4455,3
4779,Mycolicibacterium_goodii,4456,4462,6
4780,Mycolicibacterium_goodii,4468,4474,6
4781,Mycolicibacterium_goodii,4475,4481,6
4782,Mycolicibacterium_goodii,4483,4486,3
4783,Mycolicibacterium_goodii,4540,4552,12
4784,Mycolicibacterium_goodii,4555,4564,9
4785,Mycolicibacterium_goodii,4567,4573,6
4786,Mycolicibacterium_goodii,4582,4585,3
4787,Mycolicibacterium_goodii,5163,5169,6
4788,Mycolicibacterium_goodii,5170,5179,9
4789,Mycolicibacterium_goodii,5181,5190,9
4790,Mycolicibacterium_goodii,5197,5199,2
4791,Mycolicibacterium_goodii,5201,5204,3
4792,Mycolicibacterium_goodii,5206,5214,8
4793,Mycolicibacterium_goodii,5218,5230,12
4794,Mycolicibacterium_goodii,5231,5241,10
4795,Mycolicibacterium_goodii,5247,5253,6
4796,Mycolicibacterium_goodii,5401,5402,1
4797,Mycolicibacterium_goodii,6015,6016,1
4798,Mycolicibacterium_goodii,6431,6452,21
4799,Mycolicibacterium_goodii,6456,6462,6
4800,Mycolicibacterium_goodii,6470,6494,24
4801,Mycolicibacterium_goodii,7178,7254,76
4802,Mycolicibacterium_goodii,7260,7268,8
4803,Mycolicibacterium_goodii,7760,7763,3
4804,Mycolicibacterium_goodii,8452,8500,48
4805,Mycolicibacterium_goodii,8577,8578,1
4806,Mycolicibacterium_goodii,8584,8599,15
4807,Mycolicibacterium_goodii,8601,8603,2
4808,Mycolicibacterium_goodii,8609,8610,1
4809,Mycolicibacterium_goodii,8661,8662,1
4810,Mycolicibacterium_goodii,8733,8735,2
4811,Mycolicibacterium_goodii,8739,8742,3
4812,Mycolicibacterium_goodii,8930,8931,1
4813,Mycolicibacterium_goodii,8980,8982,2
4814,Mycolicibacterium_goodii,8984,8998,14
4815,Mycolicibacterium_goodii,9120,9121,1
4816,Mycolicibacterium_goodii,9370,9372,2
4817,Mycolicibacterium_goodii,9546,9547,1
4818,Mycolicibacterium_goodii,9812,9813,1
4819,Mycolicibacterium_goodii,9985,9986,1
4820,Mycolicibacterium_goodii,10076,10078,2
4821,Mycolicibacterium_goodii,10157,10158,1
4822,Mycolicibacterium_goodii,10261,10262,1
4823,Mycolicibacterium_goodii,10310,10312,2
4824,Mycolicibacterium_goodii,10325,10326,1
4825,Mycolicibacterium_goodii,10370,10371,1
4826,Mycolicibacterium_goodii,10416,10417,1
4827,Mycolicibacterium_goodii,10434,10435,1
4828,Mycolicibacterium_goodii,10448,10449,1
4829,Mycolicibacterium_goodii,10476,10477,1
4830,Mycolicibacterium_goodii,10491,10492,1
4831,Mycolicibacterium_goodii,10526,10527,1
4832,Mycolicibacterium_goodii,10547,10649,102
4833,Mycolicibacterium_goodii,10828,10830,2
4834,Mycolicibacterium_goodii,10835,10843,8
4835,Mycolicibacterium_goodii,10864,10865,1
4836,Mycolicibacterium_goodii,10914,10915,1
4837,Mycolicibacterium_goodii,10965,10966,1
4838,Mycolicibacterium_goodii,10971,10975,4
4839,Mycolicibacterium_goodii,11085,11086,1
4840,Mycolicibacterium_goodii,11143,11144,1
4841,Mycolicibacterium_goodii,11243,11244,1
4842,Mycolicibacterium_goodii,11260,11261,1
4843,Mycolicibacterium_goodii,11286,11287,1
4844,Mycolicibacterium_goodii,11312,11313,1
4845,Mycolicibacterium_goodii,11473,11474,1
4846,Mycolicibacterium_goodii,11505,11512,7
4847,Mycolicibacterium_goodii,11513,11514,1
4848,Mycolicibacterium_goodii,11520,11539,19
4849,Mycolicibacterium_goodii,11566,11567,1
4850,Mycolicibacterium_goodii,11782,11783,1
4851,Mycolicibacterium_goodii,11823,11824,1
4852,Mycolicibacterium_goodii,11826,11827,1
4853,Mycolicibacterium_goodii,11831,11836,5
4854,Mycolicibacterium_goodii,11846,11850,4
4855,Mycolicibacterium_goodii,11851,11852,1
4856,Mycolicibacterium_goodii,11859,11860,1
4857,Mycolicibacterium_goodii,11864,11865,1
4858,Mycolicibacterium_goodii,11877,11878,1
4859,Mycolicibacterium_goodii,11993,11995,2
4860,Mycolicibacterium_goodii,12029,12030,1
4861,Mycolicibacterium_goodii,12068,12069,1
4862,Mycolicibacterium_goodii,12207,12208,1
4863,Mycolicibacterium_goodii,12211,12212,1
4864,Mycolicibacterium_goodii,12213,12214,1
4865,Mycolicibacterium_goodii,12218,12222,4
4866,Mycolicibacterium_goodii,12226,12228,2
4867,Mycolicibacterium_goodii,12237,12238,1
4868,Mycolicibacterium_goodii,12360,12372,12
4869,Mycolicibacterium_goodii,12374,12375,1
4870,Mycolicibacterium_goodii,12378,12381,3
4871,Mycolicibacterium_goodii,12384,12390,6
4872,Mycolicibacterium_goodii,12391,12400,9
4873,Mycolicibacterium_goodii,12454,12455,1
4874,Mycolicibacterium_goodii,12739,12740,1
4875,Mycolicibacterium_goodii,12798,12925,127
4876,Mycolicibacterium_goodii,13451,13452,1
4877,Mycolicibacterium_goodii,13453,13454,1
4878,Mycolicibacterium_goodii,13508,13509,1
4879,Mycolicibacillus_parakoreensis,1,10,9
4880,Mycolicibacillus_parakoreensis,21,39,18
4881,Mycolicibacillus_parakoreensis,43,46,3
4882,Mycolicibacillus_parakoreensis,64,102,38
4883,Mycolicibacillus_parakoreensis,117,132,15
4884,Mycolicibacillus_parakoreensis,133,136,3
4885,Mycolicibacillus_parakoreensis,346,349,3
4886,Mycolicibacillus_parakoreensis,1542,1691,149
4887,Mycolicibacillus_parakoreensis,3317,3361,44
4888,Mycolicibacillus_parakoreensis,3364,3365,1
4889,Mycolicibacillus_parakoreensis,3373,3374,1
4890,Mycolicibacillus_parakoreensis,3414,3477,63
4891,Mycolicibacillus_parakoreensis,3485,3491,6
4892,Mycolicibacillus_parakoreensis,3642,3645,3
4893,Mycolicibacillus_parakoreensis,3650,3653,3
4894,Mycolicibacillus_parakoreensis,3655,3667,12
4895,Mycolicibacillus_parakoreensis,3782,3788,6
4896,Mycolicibacillus_parakoreensis,4400,4406,6
4897,Mycolicibacillus_parakoreensis,4407,4413,6
4898,Mycolicibacillus_parakoreensis,4417,4426,9
4899,Mycolicibacillus_parakoreensis,4434,4444,10
4900,Mycolicibacillus_parakoreensis,4452,4455,3
4901,Mycolicibacillus_parakoreensis,4456,4462,6
4902,Mycolicibacillus_parakoreensis,4468,4480,12
4903,Mycolicibacillus_parakoreensis,4483,4486,3
4904,Mycolicibacillus_parakoreensis,4540,4552,12
4905,Mycolicibacillus_parakoreensis,4555,4564,9
4906,Mycolicibacillus_parakoreensis,4567,4573,6
4907,Mycolicibacillus_parakoreensis,4581,4584,3
4908,Mycolicibacillus_parakoreensis,5163,5169,6
4909,Mycolicibacillus_parakoreensis,5170,5179,9
4910,Mycolicibacillus_parakoreensis,5181,5190,9
4911,Mycolicibacillus_parakoreensis,5197,5199,2
4912,Mycolicibacillus_parakoreensis,5201,5204,3
4913,Mycolicibacillus_parakoreensis,5206,5214,8
4914,Mycolicibacillus_parakoreensis,5218,5230,12
4915,Mycolicibacillus_parakoreensis,5231,5241,10
4916,Mycolicibacillus_parakoreensis,5247,5253,6
4917,Mycolicibacillus_parakoreensis,5401,5402,1
4918,Mycolicibacillus_parakoreensis,6015,6016,1
4919,Mycolicibacillus_parakoreensis,6431,6452,21
4920,Mycolicibacillus_parakoreensis,6456,6462,6
4921,Mycolicibacillus_parakoreensis,6470,6494,24
4922,Mycolicibacillus_parakoreensis,7178,7254,76
4923,Mycolicibacillus_parakoreensis,7260,7268,8
4924,Mycolicibacillus_parakoreensis,7760,7763,3
4925,Mycolicibacillus_parakoreensis,8452,8500,48
4926,Mycolicibacillus_parakoreensis,8577,8578,1
4927,Mycolicibacillus_parakoreensis,8584,8599,15
4928,Mycolicibacillus_parakoreensis,8601,8603,2
4929,Mycolicibacillus_parakoreensis,8609,8610,1
4930,Mycolicibacillus_parakoreensis,8661,8662,1
4931,Mycolicibacillus_parakoreensis,8703,8704,1
4932,Mycolicibacillus_parakoreensis,8720,8721,1
4933,Mycolicibacillus_parakoreensis,8733,8735,2
4934,Mycolicibacillus_parakoreensis,8739,8742,3
4935,Mycolicibacillus_parakoreensis,8930,8931,1
4936,Mycolicibacillus_parakoreensis,8980,8982,2
4937,Mycolicibacillus_parakoreensis,8984,8998,14
4938,Mycolicibacillus_parakoreensis,9120,9121,1
4939,Mycolicibacillus_parakoreensis,9370,9372,2
4940,Mycolicibacillus_parakoreensis,9546,9547,1
4941,Mycolicibacillus_parakoreensis,9985,9986,1
4942,Mycolicibacillus_parakoreensis,10076,10078,2
4943,Mycolicibacillus_parakoreensis,10157,10158,1
4944,Mycolicibacillus_parakoreensis,10261,10262,1
4945,Mycolicibacillus_parakoreensis,10310,10312,2
4946,Mycolicibacillus_parakoreensis,10313,10315,2
4947,Mycolicibacillus_parakoreensis,10325,10326,1
4948,Mycolicibacillus_parakoreensis,10370,10371,1
4949,Mycolicibacillus_parakoreensis,10416,10417,1
4950,Mycolicibacillus_parakoreensis,10434,10435,1
4951,Mycolicibacillus_parakoreensis,10448,10449,1
4952,Mycolicibacillus_parakoreensis,10476,10477,1
4953,Mycolicibacillus_parakoreensis,10491,10492,1
4954,Mycolicibacillus_parakoreensis,10526,10527,1
4955,Mycolicibacillus_parakoreensis,10546,10649,103
4956,Mycolicibacillus_parakoreensis,10828,10830,2
4957,Mycolicibacillus_parakoreensis,10835,10846,11
4958,Mycolicibacillus_parakoreensis,10864,10865,1
4959,Mycolicibacillus_parakoreensis,10914,10915,1
4960,Mycolicibacillus_parakoreensis,10971,10975,4
4961,Mycolicibacillus_parakoreensis,11085,11086,1
4962,Mycolicibacillus_parakoreensis,11143,11144,1
4963,Mycolicibacillus_parakoreensis,11243,11244,1
4964,Mycolicibacillus_parakoreensis,11265,11267,2
4965,Mycolicibacillus_parakoreensis,11286,11287,1
4966,Mycolicibacillus_parakoreensis,11312,11313,1
4967,Mycolicibacillus_parakoreensis,11473,11474,1
4968,Mycolicibacillus_parakoreensis,11505,11512,7
4969,Mycolicibacillus_parakoreensis,11513,11514,1
4970,Mycolicibacillus_parakoreensis,11518,11523,5
4971,Mycolicibacillus_parakoreensis,11524,11533,9
4972,Mycolicibacillus_parakoreensis,11566,11567,1
4973,Mycolicibacillus_parakoreensis,11782,11783,1
4974,Mycolicibacillus_parakoreensis,11831,11836,5
4975,Mycolicibacillus_parakoreensis,11859,11865,6
4976,Mycolicibacillus_parakoreensis,11877,11878,1
4977,Mycolicibacillus_parakoreensis,11993,11994,1
4978,Mycolicibacillus_parakoreensis,12029,12030,1
4979,Mycolicibacillus_parakoreensis,12068,12069,1
4980,Mycolicibacillus_parakoreensis,12207,12208,1
4981,Mycolicibacillus_parakoreensis,12211,12212,1
4982,Mycolicibacillus_parakoreensis,12213,12214,1
4983,Mycolicibacillus_parakoreensis,12218,12222,4
4984,Mycolicibacillus_parakoreensis,12226,12227,1
4985,Mycolicibacillus_parakoreensis,12237,12238,1
4986,Mycolicibacillus_parakoreensis,12360,12380,20
4987,Mycolicibacillus_parakoreensis,12385,12390,5
4988,Mycolicibacillus_parakoreensis,12391,12393,2
4989,Mycolicibacillus_parakoreensis,12454,12455,1
4990,Mycolicibacillus_parakoreensis,12739,12740,1
4991,Mycolicibacillus_parakoreensis,12798,12925,127
4992,Mycolicibacillus_parakoreensis,13451,13452,1
4993,Mycolicibacillus_parakoreensis,13453,13454,1
4994,Mycolicibacillus_parakoreensis,13508,13509,1
4995,Mycobacterium_kansasii,1,10,9
4996,Mycobacterium_kansasii,43,46,3
4997,Mycobacterium_kansasii,53,71,18
4998,Mycobacterium_kansasii,87,107,20
4999,Mycobacterium_kansasii,117,132,15
5000,Mycobacterium_kansasii,133,136,3
5001,Mycobacterium_kansasii,346,349,3
5002,Mycobacterium_kansasii,1542,1691,149
5003,Mycobacterium_kansasii,3284,3287,3
5004,Mycobacterium_kansasii,3317,3381,64
5005,Mycobacterium_kansasii,3418,3420,2
5006,Mycobacterium_kansasii,3424,3458,34
5007,Mycobacterium_kansasii,3473,3479,6
5008,Mycobacterium_kansasii,3485,3491,6
5009,Mycobacterium_kansasii,3642,3645,3
5010,Mycobacterium_kansasii,3650,3653,3
5011,Mycobacterium_kansasii,3782,3788,6
5012,Mycobacterium_kansasii,4400,4406,6
5013,Mycobacterium_kansasii,4407,4413,6
5014,Mycobacterium_kansasii,4417,4426,9
5015,Mycobacterium_kansasii,4432,4445,13
5016,Mycobacterium_kansasii,4452,4455,3
5017,Mycobacterium_kansasii,4456,4462,6
5018,Mycobacterium_kansasii,4468,4480,12
5019,Mycobacterium_kansasii,4483,4486,3
5020,Mycobacterium_kansasii,4540,4552,12
5021,Mycobacterium_kansasii,4555,4564,9
5022,Mycobacterium_kansasii,4567,4573,6
5023,Mycobacterium_kansasii,4581,4584,3
5024,Mycobacterium_kansasii,5163,5169,6
5025,Mycobacterium_kansasii,5170,5179,9
5026,Mycobacterium_kansasii,5181,5190,9
5027,Mycobacterium_kansasii,5197,5199,2
5028,Mycobacterium_kansasii,5201,5204,3
5029,Mycobacterium_kansasii,5206,5214,8
5030,Mycobacterium_kansasii,5218,5230,12
5031,Mycobacterium_kansasii,5231,5241,10
5032,Mycobacterium_kansasii,5247,5253,6
5033,Mycobacterium_kansasii,5401,5402,1
5034,Mycobacterium_kansasii,6015,6016,1
5035,Mycobacterium_kansasii,6431,6467,36
5036,Mycobacterium_kansasii,6470,6494,24
5037,Mycobacterium_kansasii,7178,7254,76
5038,Mycobacterium_kansasii,7260,7268,8
5039,Mycobacterium_kansasii,7760,7763,3
5040,Mycobacterium_kansasii,8452,8500,48
5041,Mycobacterium_kansasii,8577,8578,1
5042,Mycobacterium_kansasii,8584,8599,15
5043,Mycobacterium_kansasii,8601,8603,2
5044,Mycobacterium_kansasii,8609,8610,1
5045,Mycobacterium_kansasii,8661,8662,1
5046,Mycobacterium_kansasii,8703,8704,1
5047,Mycobacterium_kansasii,8720,8721,1
5048,Mycobacterium_kansasii,8733,8735,2
5049,Mycobacterium_kansasii,8739,8742,3
5050,Mycobacterium_kansasii,8930,8931,1
5051,Mycobacterium_kansasii,8980,8982,2
5052,Mycobacterium_kansasii,8996,8998,2
5053,Mycobacterium_kansasii,9120,9121,1
5054,Mycobacterium_kansasii,9370,9372,2
5055,Mycobacterium_kansasii,9546,9547,1
5056,Mycobacterium_kansasii,9812,9813,1
5057,Mycobacterium_kansasii,9980,9981,1
5058,Mycobacterium_kansasii,9983,9986,3
5059,Mycobacterium_kansasii,10076,10078,2
5060,Mycobacterium_kansasii,10157,10158,1
5061,Mycobacterium_kansasii,10261,10262,1
5062,Mycobacterium_kansasii,10310,10312,2
5063,Mycobacterium_kansasii,10313,10315,2
5064,Mycobacterium_kansasii,10325,10326,1
5065,Mycobacterium_kansasii,10370,10371,1
5066,Mycobacterium_kansasii,10434,10435,1
5067,Mycobacterium_kansasii,10448,10449,1
5068,Mycobacterium_kansasii,10476,10477,1
5069,Mycobacterium_kansasii,10491,10492,1
5070,Mycobacterium_kansasii,10526,10527,1
5071,Mycobacterium_kansasii,10546,10649,103
5072,Mycobacterium_kansasii,10828,10830,2
5073,Mycobacterium_kansasii,10832,10846,14
5074,Mycobacterium_kansasii,10864,10865,1
5075,Mycobacterium_kansasii,10914,10915,1
5076,Mycobacterium_kansasii,10958,10966,8
5077,Mycobacterium_kansasii,10971,10972,1
5078,Mycobacterium_kansasii,11085,11086,1
5079,Mycobacterium_kansasii,11143,11144,1
5080,Mycobacterium_kansasii,11243,11244,1
5081,Mycobacterium_kansasii,11260,11261,1
5082,Mycobacterium_kansasii,11262,11263,1
5083,Mycobacterium_kansasii,11265,11267,2
5084,Mycobacterium_kansasii,11286,11287,1
5085,Mycobacterium_kansasii,11312,11313,1
5086,Mycobacterium_kansasii,11473,11474,1
5087,Mycobacterium_kansasii,11505,11534,29
5088,Mycobacterium_kansasii,11566,11567,1
5089,Mycobacterium_kansasii,11590,11591,1
5090,Mycobacterium_kansasii,11782,11783,1
5091,Mycobacterium_kansasii,11823,11824,1
5092,Mycobacterium_kansasii,11826,11827,1
5093,Mycobacterium_kansasii,11831,11836,5
5094,Mycobacterium_kansasii,11848,11850,2
5095,Mycobacterium_kansasii,11851,11852,1
5096,Mycobacterium_kansasii,11859,11860,1
5097,Mycobacterium_kansasii,11864,11866,2
5098,Mycobacterium_kansasii,11877,11878,1
5099,Mycobacterium_kansasii,11993,11994,1
5100,Mycobacterium_kansasii,12029,12030,1
5101,Mycobacterium_kansasii,12068,12069,1
5102,Mycobacterium_kansasii,12207,12208,1
5103,Mycobacterium_kansasii,12211,12212,1
5104,Mycobacterium_kansasii,12213,12214,1
5105,Mycobacterium_kansasii,12218,12222,4
5106,Mycobacterium_kansasii,12225,12227,2
5107,Mycobacterium_kansasii,12237,12238,1
5108,Mycobacterium_kansasii,12360,12369,9
5109,Mycobacterium_kansasii,12371,12372,1
5110,Mycobacterium_kansasii,12374,12380,6
5111,Mycobacterium_kansasii,12384,12390,6
5112,Mycobacterium_kansasii,12391,12400,9
5113,Mycobacterium_kansasii,12454,12455,1
5114,Mycobacterium_kansasii,12739,12740,1
5115,Mycobacterium_kansasii,12798,12925,127
5116,Mycobacterium_kansasii,13451,13452,1
5117,Mycobacterium_kansasii,13453,13454,1
5118,Mycobacterium_kansasii,13508,13509,1
5119,Mycobacterium_ostraviense,1,10,9
5120,Mycobacterium_ostraviense,21,39,18
5121,Mycobacterium_ostraviense,43,46,3
5122,Mycobacterium_ostraviense,53,71,18
5123,Mycobacterium_ostraviense,87,107,20
5124,Mycobacterium_ostraviense,117,132,15
5125,Mycobacterium_ostraviense,133,136,3
5126,Mycobacterium_ostraviense,346,349,3
5127,Mycobacterium_ostraviense,1542,1691,149
5128,Mycobacterium_ostraviense,3284,3287,3
5129,Mycobacterium_ostraviense,3317,3381,64
5130,Mycobacterium_ostraviense,3418,3420,2
5131,Mycobacterium_ostraviense,3424,3458,34
5132,Mycobacterium_ostraviense,3473,3479,6
5133,Mycobacterium_ostraviense,3485,3491,6
5134,Mycobacterium_ostraviense,3642,3645,3
5135,Mycobacterium_ostraviense,3650,3653,3
5136,Mycobacterium_ostraviense,3655,3667,12
5137,Mycobacterium_ostraviense,3782,3788,6
5138,Mycobacterium_ostraviense,4400,4406,6
5139,Mycobacterium_ostraviense,4407,4413,6
5140,Mycobacterium_ostraviense,4417,4426,9
5141,Mycobacterium_ostraviense,4432,4445,13
5142,Mycobacterium_ostraviense,4452,4455,3
5143,Mycobacterium_ostraviense,4456,4462,6
5144,Mycobacterium_ostraviense,4468,4480,12
5145,Mycobacterium_ostraviense,4483,4486,3
5146,Mycobacterium_ostraviense,4555,4564,9
5147,Mycobacterium_ostraviense,4567,4573,6
5148,Mycobacterium_ostraviense,5163,5169,6
5149,Mycobacterium_ostraviense,5170,5179,9
5150,Mycobacterium_ostraviense,5181,5190,9
5151,Mycobacterium_ostraviense,5201,5204,3
5152,Mycobacterium_ostraviense,5206,5214,8
5153,Mycobacterium_ostraviense,5218,5230,12
5154,Mycobacterium_ostraviense,5247,5253,6
5155,Mycobacterium_ostraviense,5401,5402,1
5156,Mycobacterium_ostraviense,6015,6016,1
5157,Mycobacterium_ostraviense,6431,6467,36
5158,Mycobacterium_ostraviense,6470,6494,24
5159,Mycobacterium_ostraviense,7178,7254,76
5160,Mycobacterium_ostraviense,7260,7268,8
5161,Mycobacterium_ostraviense,7760,7763,3
5162,Mycobacterium_ostraviense,8452,8500,48
5163,Mycobacterium_ostraviense,8577,8578,1
5164,Mycobacterium_ostraviense,8584,8599,15
5165,Mycobacterium_ostraviense,8601,8603,2
5166,Mycobacterium_ostraviense,8609,8610,1
5167,Mycobacterium_ostraviense,8661,8662,1
5168,Mycobacterium_ostraviense,8703,8704,1
5169,Mycobacterium_ostraviense,8720,8721,1
5170,Mycobacterium_ostraviense,8733,8735,2
5171,Mycobacterium_ostraviense,8739,8742,3
5172,Mycobacterium_ostraviense,8930,8931,1
5173,Mycobacterium_ostraviense,8980,8982,2
5174,Mycobacterium_ostraviense,8996,8998,2
5175,Mycobacterium_ostraviense,9120,9121,1
5176,Mycobacterium_ostraviense,9370,9372,2
5177,Mycobacterium_ostraviense,9546,9547,1
5178,Mycobacterium_ostraviense,9812,9813,1
5179,Mycobacterium_ostraviense,9980,9981,1
5180,Mycobacterium_ostraviense,9983,9986,3
5181,Mycobacterium_ostraviense,10076,10078,2
5182,Mycobacterium_ostraviense,10157,10158,1
5183,Mycobacterium_ostraviense,10261,10262,1
5184,Mycobacterium_ostraviense,10310,10312,2
5185,Mycobacterium_ostraviense,10313,10315,2
5186,Mycobacterium_ostraviense,10325,10326,1
5187,Mycobacterium_ostraviense,10370,10371,1
5188,Mycobacterium_ostraviense,10434,10435,1
5189,Mycobacterium_ostraviense,10448,10449,1
5190,Mycobacterium_ostraviense,10476,10477,1
5191,Mycobacterium_ostraviense,10491,10492,1
5192,Mycobacterium_ostraviense,10526,10527,1
5193,Mycobacterium_ostraviense,10546,10649,103
5194,Mycobacterium_ostraviense,10828,10830,2
5195,Mycobacterium_ostraviense,10832,10846,14
5196,Mycobacterium_ostraviense,10864,10865,1
5197,Mycobacterium_ostraviense,10914,10915,1
5198,Mycobacterium_ostraviense,10958,10966,8
5199,Mycobacterium_ostraviense,10971,10972,1
5200,Mycobacterium_ostraviense,11085,11086,1
5201,Mycobacterium_ostraviense,11143,11144,1
5202,Mycobacterium_ostraviense,11243,11244,1
5203,Mycobacterium_ostraviense,11260,11261,1
5204,Mycobacterium_ostraviense,11262,11263,1
5205,Mycobacterium_ostraviense,11265,11267,2
5206,Mycobacterium_ostraviense,11286,11287,1
5207,Mycobacterium_ostraviense,11312,11313,1
5208,Mycobacterium_ostraviense,11473,11474,1
5209,Mycobacterium_ostraviense,11505,11534,29
5210,Mycobacterium_ostraviense,11566,11567,1
5211,Mycobacterium_ostraviense,11590,11591,1
5212,Mycobacterium_ostraviense,11782,11783,1
5213,Mycobacterium_ostraviense,11823,11824,1
5214,Mycobacterium_ostraviense,11826,11827,1
5215,Mycobacterium_ostraviense,11831,11836,5
5216,Mycobacterium_ostraviense,11848,11850,2
5217,Mycobacterium_ostraviense,11851,11852,1
5218,Mycobacterium_ostraviense,11859,11860,1
5219,Mycobacterium_ostraviense,11864,11866,2
5220,Mycobacterium_ostraviense,11877,11878,1
5221,Mycobacterium_ostraviense,11993,11994,1
5222,Mycobacterium_ostraviense,12029,12030,1
5223,Mycobacterium_ostraviense,12068,12069,1
5224,Mycobacterium_ostraviense,12207,12208,1
5225,Mycobacterium_ostraviense,12211,12212,1
5226,Mycobacterium_ostraviense,12213,12214,1
5227,Mycobacterium_ostraviense,12218,12222,4
5228,Mycobacterium_ostraviense,12225,12227,2
5229,Mycobacterium_ostraviense,12237,12238,1
5230,Mycobacterium_ostraviense,12360,12369,9
5231,Mycobacterium_ostraviense,12371,12380,9
5232,Mycobacterium_ostraviense,12384,12390,6
5233,Mycobacterium_ostraviense,12391,12400,9
5234,Mycobacterium_ostraviense,12454,12455,1
5235,Mycobacterium_ostraviense,12739,12740,1
5236,Mycobacterium_ostraviense,12798,12925,127
5237,Mycobacterium_ostraviense,13451,13452,1
5238,Mycobacterium_ostraviense,13453,13454,1
5239,Mycolicibacterium_rufum,1,10,9
5240,Mycolicibacterium_rufum,21,39,18
5241,Mycolicibacterium_rufum,43,46,3
5242,Mycolicibacterium_rufum,64,102,38
5243,Mycolicibacterium_rufum,117,132,15
5244,Mycolicibacterium_rufum,133,136,3
5245,Mycolicibacterium_rufum,346,349,3
5246,Mycolicibacterium_rufum,1542,1691,149
5247,Mycolicibacterium_rufum,3317,3361,44
5248,Mycolicibacterium_rufum,3364,3365,1
5249,Mycolicibacterium_rufum,3373,3374,1
5250,Mycolicibacterium_rufum,3408,3480,72
5251,Mycolicibacterium_rufum,3483,3492,9
5252,Mycolicibacterium_rufum,3642,3645,3
5253,Mycolicibacterium_rufum,3650,3653,3
5254,Mycolicibacterium_rufum,3655,3667,12
5255,Mycolicibacterium_rufum,3782,3788,6
5256,Mycolicibacterium_rufum,4400,4406,6
5257,Mycolicibacterium_rufum,4407,4413,6
5258,Mycolicibacterium_rufum,4417,4426,9
5259,Mycolicibacterium_rufum,4432,4445,13
5260,Mycolicibacterium_rufum,4452,4455,3
5261,Mycolicibacterium_rufum,4456,4462,6
5262,Mycolicibacterium_rufum,4468,4474,6
5263,Mycolicibacterium_rufum,4475,4481,6
5264,Mycolicibacterium_rufum,4483,4486,3
5265,Mycolicibacterium_rufum,4540,4552,12
5266,Mycolicibacterium_rufum,4555,4564,9
5267,Mycolicibacterium_rufum,4567,4573,6
5268,Mycolicibacterium_rufum,4582,4585,3
5269,Mycolicibacterium_rufum,5163,5169,6
5270,Mycolicibacterium_rufum,5170,5179,9
5271,Mycolicibacterium_rufum,5181,5190,9
5272,Mycolicibacterium_rufum,5197,5199,2
5273,Mycolicibacterium_rufum,5201,5204,3
5274,Mycolicibacterium_rufum,5206,5214,8
5275,Mycolicibacterium_rufum,5218,5230,12
5276,Mycolicibacterium_rufum,5231,5241,10
5277,Mycolicibacterium_rufum,5247,5253,6
5278,Mycolicibacterium_rufum,5401,5402,1
5279,Mycolicibacterium_rufum,6015,6016,1
5280,Mycolicibacterium_rufum,6431,6467,36
5281,Mycolicibacterium_rufum,6470,6494,24
5282,Mycolicibacterium_rufum,7178,7254,76
5283,Mycolicibacterium_rufum,7260,7268,8
5284,Mycolicibacterium_rufum,7760,7763,3
5285,Mycolicibacterium_rufum,8452,8500,48
5286,Mycolicibacterium_rufum,8577,8578,1
5287,Mycolicibacterium_rufum,8584,8599,15
5288,Mycolicibacterium_rufum,8600,8604,4
5289,Mycolicibacterium_rufum,8609,8610,1
5290,Mycolicibacterium_rufum,8661,8662,1
5291,Mycolicibacterium_rufum,8703,8704,1
5292,Mycolicibacterium_rufum,8720,8721,1
5293,Mycolicibacterium_rufum,8733,8735,2
5294,Mycolicibacterium_rufum,8739,8742,3
5295,Mycolicibacterium_rufum,8930,8931,1
5296,Mycolicibacterium_rufum,8980,8982,2
5297,Mycolicibacterium_rufum,8984,8998,14
5298,Mycolicibacterium_rufum,9120,9121,1
5299,Mycolicibacterium_rufum,9370,9372,2
5300,Mycolicibacterium_rufum,9546,9547,1
5301,Mycolicibacterium_rufum,9812,9813,1
5302,Mycolicibacterium_rufum,9985,9986,1
5303,Mycolicibacterium_rufum,10076,10078,2
5304,Mycolicibacterium_rufum,10157,10158,1
5305,Mycolicibacterium_rufum,10261,10262,1
5306,Mycolicibacterium_rufum,10310,10312,2
5307,Mycolicibacterium_rufum,10313,10315,2
5308,Mycolicibacterium_rufum,10325,10326,1
5309,Mycolicibacterium_rufum,10370,10371,1
5310,Mycolicibacterium_rufum,10416,10417,1
5311,Mycolicibacterium_rufum,10434,10435,1
5312,Mycolicibacterium_rufum,10448,10449,1
5313,Mycolicibacterium_rufum,10461,10462,1
5314,Mycolicibacterium_rufum,10476,10477,1
5315,Mycolicibacterium_rufum,10491,10492,1
5316,Mycolicibacterium_rufum,10526,10527,1
5317,Mycolicibacterium_rufum,10548,10649,101
5318,Mycolicibacterium_rufum,10828,10831,3
5319,Mycolicibacterium_rufum,10835,10836,1
5320,Mycolicibacterium_rufum,10837,10843,6
5321,Mycolicibacterium_rufum,10864,10865,1
5322,Mycolicibacterium_rufum,10914,10915,1
5323,Mycolicibacterium_rufum,10965,10966,1
5324,Mycolicibacterium_rufum,10971,10975,4
5325,Mycolicibacterium_rufum,11085,11086,1
5326,Mycolicibacterium_rufum,11143,11144,1
5327,Mycolicibacterium_rufum,11243,11244,1
5328,Mycolicibacterium_rufum,11260,11261,1
5329,Mycolicibacterium_rufum,11265,11267,2
5330,Mycolicibacterium_rufum,11286,11287,1
5331,Mycolicibacterium_rufum,11312,11313,1
5332,Mycolicibacterium_rufum,11473,11474,1
5333,Mycolicibacterium_rufum,11505,11512,7
5334,Mycolicibacterium_rufum,11513,11514,1
5335,Mycolicibacterium_rufum,11520,11521,1
5336,Mycolicibacterium_rufum,11523,11538,15
5337,Mycolicibacterium_rufum,11566,11567,1
5338,Mycolicibacterium_rufum,11782,11783,1
5339,Mycolicibacterium_rufum,11823,11824,1
5340,Mycolicibacterium_rufum,11826,11827,1
5341,Mycolicibacterium_rufum,11831,11836,5
5342,Mycolicibacterium_rufum,11846,11850,4
5343,Mycolicibacterium_rufum,11851,11852,1
5344,Mycolicibacterium_rufum,11859,11860,1
5345,Mycolicibacterium_rufum,11864,11866,2
5346,Mycolicibacterium_rufum,11877,11878,1
5347,Mycolicibacterium_rufum,11993,11994,1
5348,Mycolicibacterium_rufum,12029,12030,1
5349,Mycolicibacterium_rufum,12068,12069,1
5350,Mycolicibacterium_rufum,12207,12208,1
5351,Mycolicibacterium_rufum,12211,12212,1
5352,Mycolicibacterium_rufum,12213,12214,1
5353,Mycolicibacterium_rufum,12218,12222,4
5354,Mycolicibacterium_rufum,12226,12227,1
5355,Mycolicibacterium_rufum,12229,12230,1
5356,Mycolicibacterium_rufum,12237,12238,1
5357,Mycolicibacterium_rufum,12360,12369,9
5358,Mycolicibacterium_rufum,12371,12372,1
5359,Mycolicibacterium_rufum,12374,12375,1
5360,Mycolicibacterium_rufum,12378,12382,4
5361,Mycolicibacterium_rufum,12384,12390,6
5362,Mycolicibacterium_rufum,12391,12400,9
5363,Mycolicibacterium_rufum,12454,12455,1
5364,Mycolicibacterium_rufum,12739,12740,1
5365,Mycolicibacterium_rufum,12798,12925,127
5366,Mycolicibacterium_rufum,13453,13454,1
5367,Mycolicibacterium_rufum,13508,13509,1
5368,Mycobacterium_kubicae,1,10,9
5369,Mycobacterium_kubicae,21,39,18
5370,Mycobacterium_kubicae,43,46,3
5371,Mycobacterium_kubicae,53,71,18
5372,Mycobacterium_kubicae,87,104,17
5373,Mycobacterium_kubicae,117,132,15
5374,Mycobacterium_kubicae,133,136,3
5375,Mycobacterium_kubicae,346,349,3
5376,Mycobacterium_kubicae,1542,1691,149
5377,Mycobacterium_kubicae,3317,3381,64
5378,Mycobacterium_kubicae,3425,3479,54
5379,Mycobacterium_kubicae,3485,3491,6
5380,Mycobacterium_kubicae,3642,3645,3
5381,Mycobacterium_kubicae,3650,3653,3
5382,Mycobacterium_kubicae,3655,3667,12
5383,Mycobacterium_kubicae,3782,3788,6
5384,Mycobacterium_kubicae,4400,4406,6
5385,Mycobacterium_kubicae,4407,4413,6
5386,Mycobacterium_kubicae,4417,4426,9
5387,Mycobacterium_kubicae,4432,4445,13
5388,Mycobacterium_kubicae,4452,4455,3
5389,Mycobacterium_kubicae,4456,4462,6
5390,Mycobacterium_kubicae,4468,4480,12
5391,Mycobacterium_kubicae,4483,4486,3
5392,Mycobacterium_kubicae,4540,4552,12
5393,Mycobacterium_kubicae,4555,4564,9
5394,Mycobacterium_kubicae,4567,4573,6
5395,Mycobacterium_kubicae,4581,4584,3
5396,Mycobacterium_kubicae,5163,5169,6
5397,Mycobacterium_kubicae,5170,5179,9
5398,Mycobacterium_kubicae,5181,5190,9
5399,Mycobacterium_kubicae,5197,5199,2
5400,Mycobacterium_kubicae,5201,5204,3
5401,Mycobacterium_kubicae,5206,5214,8
5402,Mycobacterium_kubicae,5218,5230,12
5403,Mycobacterium_kubicae,5231,5241,10
5404,Mycobacterium_kubicae,5247,5253,6
5405,Mycobacterium_kubicae,5401,5402,1
5406,Mycobacterium_kubicae,6015,6016,1
5407,Mycobacterium_kubicae,6431,6452,21
5408,Mycobacterium_kubicae,6453,6462,9
5409,Mycobacterium_kubicae,6470,6494,24
5410,Mycobacterium_kubicae,7178,7254,76
5411,Mycobacterium_kubicae,7260,7268,8
5412,Mycobacterium_kubicae,7760,7763,3
5413,Mycobacterium_kubicae,8452,8500,48
5414,Mycobacterium_kubicae,8577,8578,1
5415,Mycobacterium_kubicae,8584,8599,15
5416,Mycobacterium_kubicae,8601,8603,2
5417,Mycobacterium_kubicae,8609,8610,1
5418,Mycobacterium_kubicae,8661,8662,1
5419,Mycobacterium_kubicae,8703,8704,1
5420,Mycobacterium_kubicae,8720,8721,1
5421,Mycobacterium_kubicae,8733,8735,2
5422,Mycobacterium_kubicae,8739,8742,3
5423,Mycobacterium_kubicae,8930,8931,1
5424,Mycobacterium_kubicae,8980,8982,2
5425,Mycobacterium_kubicae,8987,9001,14
5426,Mycobacterium_kubicae,9120,9121,1
5427,Mycobacterium_kubicae,9370,9372,2
5428,Mycobacterium_kubicae,9546,9547,1
5429,Mycobacterium_kubicae,9812,9813,1
5430,Mycobacterium_kubicae,9983,9986,3
5431,Mycobacterium_kubicae,10076,10078,2
5432,Mycobacterium_kubicae,10157,10158,1
5433,Mycobacterium_kubicae,10261,10262,1
5434,Mycobacterium_kubicae,10310,10312,2
5435,Mycobacterium_kubicae,10313,10315,2
5436,Mycobacterium_kubicae,10325,10326,1
5437,Mycobacterium_kubicae,10370,10371,1
5438,Mycobacterium_kubicae,10416,10417,1
5439,Mycobacterium_kubicae,10434,10435,1
5440,Mycobacterium_kubicae,10448,10449,1
5441,Mycobacterium_kubicae,10476,10477,1
5442,Mycobacterium_kubicae,10491,10492,1
5443,Mycobacterium_kubicae,10526,10527,1
5444,Mycobacterium_kubicae,10540,10541,1
5445,Mycobacterium_kubicae,10547,10649,102
5446,Mycobacterium_kubicae,10828,10830,2
5447,Mycobacterium_kubicae,10832,10846,14
5448,Mycobacterium_kubicae,10864,10865,1
5449,Mycobacterium_kubicae,10914,10915,1
5450,Mycobacterium_kubicae,10959,10966,7
5451,Mycobacterium_kubicae,10971,10975,4
5452,Mycobacterium_kubicae,11085,11086,1
5453,Mycobacterium_kubicae,11143,11144,1
5454,Mycobacterium_kubicae,11243,11244,1
5455,Mycobacterium_kubicae,11260,11261,1
5456,Mycobacterium_kubicae,11262,11263,1
5457,Mycobacterium_kubicae,11265,11267,2
5458,Mycobacterium_kubicae,11286,11287,1
5459,Mycobacterium_kubicae,11312,11313,1
5460,Mycobacterium_kubicae,11473,11474,1
5461,Mycobacterium_kubicae,11505,11511,6
5462,Mycobacterium_kubicae,11513,11514,1
5463,Mycobacterium_kubicae,11520,11534,14
5464,Mycobacterium_kubicae,11566,11567,1
5465,Mycobacterium_kubicae,11590,11591,1
5466,Mycobacterium_kubicae,11782,11783,1
5467,Mycobacterium_kubicae,11823,11824,1
5468,Mycobacterium_kubicae,11826,11827,1
5469,Mycobacterium_kubicae,11831,11836,5
5470,Mycobacterium_kubicae,11848,11850,2
5471,Mycobacterium_kubicae,11851,11852,1
5472,Mycobacterium_kubicae,11859,11860,1
5473,Mycobacterium_kubicae,11864,11866,2
5474,Mycobacterium_kubicae,11877,11878,1
5475,Mycobacterium_kubicae,11993,11995,2
5476,Mycobacterium_kubicae,12029,12030,1
5477,Mycobacterium_kubicae,12068,12069,1
5478,Mycobacterium_kubicae,12207,12208,1
5479,Mycobacterium_kubicae,12211,12212,1
5480,Mycobacterium_kubicae,12213,12214,1
5481,Mycobacterium_kubicae,12218,12222,4
5482,Mycobacterium_kubicae,12225,12227,2
5483,Mycobacterium_kubicae,12237,12238,1
5484,Mycobacterium_kubicae,12360,12369,9
5485,Mycobacterium_kubicae,12371,12380,9
5486,Mycobacterium_kubicae,12384,12390,6
5487,Mycobacterium_kubicae,12391,12400,9
5488,Mycobacterium_kubicae,12454,12455,1
5489,Mycobacterium_kubicae,12739,12740,1
5490,Mycobacterium_kubicae,12798,12925,127
5491,Mycobacterium_kubicae,13451,13452,1
5492,Mycobacterium_kubicae,13453,13454,1
5493,Mycobacterium_kubicae,13508,13509,1
5494,Mycolicibacterium_mengxianglii,1,10,9
5495,Mycolicibacterium_mengxianglii,21,39,18
5496,Mycolicibacterium_mengxianglii,43,46,3
5497,Mycolicibacterium_mengxianglii,59,136,77
5498,Mycolicibacterium_mengxianglii,346,349,3
5499,Mycolicibacterium_mengxianglii,1542,1691,149
5500,Mycolicibacterium_mengxianglii,3317,3361,44
5501,Mycolicibacterium_mengxianglii,3364,3365,1
5502,Mycolicibacterium_mengxianglii,3373,3374,1
5503,Mycolicibacterium_mengxianglii,3403,3421,18
5504,Mycolicibacterium_mengxianglii,3424,3478,54
5505,Mycolicibacterium_mengxianglii,3485,3491,6
5506,Mycolicibacterium_mengxianglii,3642,3645,3
5507,Mycolicibacterium_mengxianglii,3650,3653,3
5508,Mycolicibacterium_mengxianglii,3655,3667,12
5509,Mycolicibacterium_mengxianglii,3782,3788,6
5510,Mycolicibacterium_mengxianglii,4400,4406,6
5511,Mycolicibacterium_mengxianglii,4407,4413,6
5512,Mycolicibacterium_mengxianglii,4417,4426,9
5513,Mycolicibacterium_mengxianglii,4432,4445,13
5514,Mycolicibacterium_mengxianglii,4452,4455,3
5515,Mycolicibacterium_mengxianglii,4456,4462,6
5516,Mycolicibacterium_mengxianglii,4468,4474,6
5517,Mycolicibacterium_mengxianglii,4475,4481,6
5518,Mycolicibacterium_mengxianglii,4483,4486,3
5519,Mycolicibacterium_mengxianglii,4540,4552,12
5520,Mycolicibacterium_mengxianglii,4555,4564,9
5521,Mycolicibacterium_mengxianglii,4567,4573,6
5522,Mycolicibacterium_mengxianglii,4582,4585,3
5523,Mycolicibacterium_mengxianglii,5163,5169,6
5524,Mycolicibacterium_mengxianglii,5170,5179,9
5525,Mycolicibacterium_mengxianglii,5181,5190,9
5526,Mycolicibacterium_mengxianglii,5197,5199,2
5527,Mycolicibacterium_mengxianglii,5201,5204,3
5528,Mycolicibacterium_mengxianglii,5206,5214,8
5529,Mycolicibacterium_mengxianglii,5218,5230,12
5530,Mycolicibacterium_mengxianglii,5231,5241,10
5531,Mycolicibacterium_mengxianglii,5247,5253,6
5532,Mycolicibacterium_mengxianglii,5401,5402,1
5533,Mycolicibacterium_mengxianglii,6015,6016,1
5534,Mycolicibacterium_mengxianglii,6431,6452,21
5535,Mycolicibacterium_mengxianglii,6456,6462,6
5536,Mycolicibacterium_mengxianglii,6470,6494,24
5537,Mycolicibacterium_mengxianglii,7178,7254,76
5538,Mycolicibacterium_mengxianglii,7260,7268,8
5539,Mycolicibacterium_mengxianglii,7760,7763,3
5540,Mycolicibacterium_mengxianglii,8452,8500,48
5541,Mycolicibacterium_mengxianglii,8577,8578,1
5542,Mycolicibacterium_mengxianglii,8584,8599,15
5543,Mycolicibacterium_mengxianglii,8600,8604,4
5544,Mycolicibacterium_mengxianglii,8609,8610,1
5545,Mycolicibacterium_mengxianglii,8661,8662,1
5546,Mycolicibacterium_mengxianglii,8733,8735,2
5547,Mycolicibacterium_mengxianglii,8739,8742,3
5548,Mycolicibacterium_mengxianglii,8930,8931,1
5549,Mycolicibacterium_mengxianglii,8980,8982,2
5550,Mycolicibacterium_mengxianglii,8984,8998,14
5551,Mycolicibacterium_mengxianglii,9120,9121,1
5552,Mycolicibacterium_mengxianglii,9370,9372,2
5553,Mycolicibacterium_mengxianglii,9546,9547,1
5554,Mycolicibacterium_mengxianglii,9985,9986,1
5555,Mycolicibacterium_mengxianglii,10076,10078,2
5556,Mycolicibacterium_mengxianglii,10157,10158,1
5557,Mycolicibacterium_mengxianglii,10261,10262,1
5558,Mycolicibacterium_mengxianglii,10310,10312,2
5559,Mycolicibacterium_mengxianglii,10313,10315,2
5560,Mycolicibacterium_mengxianglii,10325,10326,1
5561,Mycolicibacterium_mengxianglii,10370,10371,1
5562,Mycolicibacterium_mengxianglii,10416,10417,1
5563,Mycolicibacterium_mengxianglii,10434,10435,1
5564,Mycolicibacterium_mengxianglii,10448,10449,1
5565,Mycolicibacterium_mengxianglii,10461,10462,1
5566,Mycolicibacterium_mengxianglii,10476,10477,1
5567,Mycolicibacterium_mengxianglii,10491,10492,1
5568,Mycolicibacterium_mengxianglii,10526,10527,1
5569,Mycolicibacterium_mengxianglii,10546,10649,103
5570,Mycolicibacterium_mengxianglii,10828,10830,2
5571,Mycolicibacterium_mengxianglii,10837,10843,6
5572,Mycolicibacterium_mengxianglii,10864,10865,1
5573,Mycolicibacterium_mengxianglii,10914,10915,1
5574,Mycolicibacterium_mengxianglii,10961,10968,7
5575,Mycolicibacterium_mengxianglii,10971,10975,4
5576,Mycolicibacterium_mengxianglii,11085,11086,1
5577,Mycolicibacterium_mengxianglii,11143,11144,1
5578,Mycolicibacterium_mengxianglii,11243,11244,1
5579,Mycolicibacterium_mengxianglii,11260,11261,1
5580,Mycolicibacterium_mengxianglii,11265,11267,2
5581,Mycolicibacterium_mengxianglii,11286,11287,1
5582,Mycolicibacterium_mengxianglii,11312,11313,1
5583,Mycolicibacterium_mengxianglii,11473,11474,1
5584,Mycolicibacterium_mengxianglii,11505,11512,7
5585,Mycolicibacterium_mengxianglii,11513,11514,1
5586,Mycolicibacterium_mengxianglii,11518,11519,1
5587,Mycolicibacterium_mengxianglii,11520,11521,1
5588,Mycolicibacterium_mengxianglii,11523,11539,16
5589,Mycolicibacterium_mengxianglii,11566,11567,1
5590,Mycolicibacterium_mengxianglii,11782,11783,1
5591,Mycolicibacterium_mengxianglii,11823,11824,1
5592,Mycolicibacterium_mengxianglii,11826,11827,1
5593,Mycolicibacterium_mengxianglii,11831,11836,5
5594,Mycolicibacterium_mengxianglii,11846,11850,4
5595,Mycolicibacterium_mengxianglii,11851,11852,1
5596,Mycolicibacterium_mengxianglii,11859,11860,1
5597,Mycolicibacterium_mengxianglii,11864,11866,2
5598,Mycolicibacterium_mengxianglii,11877,11878,1
5599,Mycolicibacterium_mengxianglii,11993,11994,1
5600,Mycolicibacterium_mengxianglii,12029,12030,1
5601,Mycolicibacterium_mengxianglii,12068,12069,1
5602,Mycolicibacterium_mengxianglii,12207,12208,1
5603,Mycolicibacterium_mengxianglii,12211,12212,1
5604,Mycolicibacterium_mengxianglii,12213,12214,1
5605,Mycolicibacterium_mengxianglii,12218,12222,4
5606,Mycolicibacterium_mengxianglii,12226,12227,1
5607,Mycolicibacterium_mengxianglii,12237,12238,1
5608,Mycolicibacterium_mengxianglii,12360,12369,9
5609,Mycolicibacterium_mengxianglii,12371,12372,1
5610,Mycolicibacterium_mengxianglii,12374,12375,1
5611,Mycolicibacterium_mengxianglii,12378,12381,3
5612,Mycolicibacterium_mengxianglii,12384,12390,6
5613,Mycolicibacterium_mengxianglii,12391,12400,9
5614,Mycolicibacterium_mengxianglii,12454,12455,1
5615,Mycolicibacterium_mengxianglii,12739,12740,1
5616,Mycolicibacterium_mengxianglii,12798,12925,127
5617,Mycolicibacterium_mengxianglii,13451,13452,1
5618,Mycolicibacterium_mengxianglii,13453,13454,1
5619,Mycolicibacterium_mengxianglii,13508,13509,1
5620,Mycolicibacterium_baixiangningiae,1,10,9
5621,Mycolicibacterium_baixiangningiae,21,39,18
5622,Mycolicibacterium_baixiangningiae,43,46,3
5623,Mycolicibacterium_baixiangningiae,57,75,18
5624,Mycolicibacterium_baixiangningiae,84,107,23
5625,Mycolicibacterium_baixiangningiae,117,132,15
5626,Mycolicibacterium_baixiangningiae,133,136,3
5627,Mycolicibacterium_baixiangningiae,346,349,3
5628,Mycolicibacterium_baixiangningiae,1542,1545,3
5629,Mycolicibacterium_baixiangningiae,1582,1590,8
5630,Mycolicibacterium_baixiangningiae,1595,1604,9
5631,Mycolicibacterium_baixiangningiae,1629,1650,21
5632,Mycolicibacterium_baixiangningiae,1664,1676,12
5633,Mycolicibacterium_baixiangningiae,3317,3361,44
5634,Mycolicibacterium_baixiangningiae,3364,3365,1
5635,Mycolicibacterium_baixiangningiae,3373,3374,1
5636,Mycolicibacterium_baixiangningiae,3409,3421,12
5637,Mycolicibacterium_baixiangningiae,3424,3478,54
5638,Mycolicibacterium_baixiangningiae,3485,3491,6
5639,Mycolicibacterium_baixiangningiae,3642,3645,3
5640,Mycolicibacterium_baixiangningiae,3650,3653,3
5641,Mycolicibacterium_baixiangningiae,3655,3667,12
5642,Mycolicibacterium_baixiangningiae,3782,3788,6
5643,Mycolicibacterium_baixiangningiae,4400,4406,6
5644,Mycolicibacterium_baixiangningiae,4407,4413,6
5645,Mycolicibacterium_baixiangningiae,4417,4426,9
5646,Mycolicibacterium_baixiangningiae,4432,4445,13
5647,Mycolicibacterium_baixiangningiae,4452,4455,3
5648,Mycolicibacterium_baixiangningiae,4456,4462,6
5649,Mycolicibacterium_baixiangningiae,4468,4474,6
5650,Mycolicibacterium_baixiangningiae,4475,4481,6
5651,Mycolicibacterium_baixiangningiae,4483,4486,3
5652,Mycolicibacterium_baixiangningiae,4540,4552,12
5653,Mycolicibacterium_baixiangningiae,4555,4564,9
5654,Mycolicibacterium_baixiangningiae,4567,4573,6
5655,Mycolicibacterium_baixiangningiae,4582,4585,3
5656,Mycolicibacterium_baixiangningiae,5163,5169,6
5657,Mycolicibacterium_baixiangningiae,5170,5179,9
5658,Mycolicibacterium_baixiangningiae,5181,5190,9
5659,Mycolicibacterium_baixiangningiae,5197,5199,2
5660,Mycolicibacterium_baixiangningiae,5201,5204,3
5661,Mycolicibacterium_baixiangningiae,5206,5214,8
5662,Mycolicibacterium_baixiangningiae,5218,5230,12
5663,Mycolicibacterium_baixiangningiae,5231,5241,10
5664,Mycolicibacterium_baixiangningiae,5247,5253,6
5665,Mycolicibacterium_baixiangningiae,5401,5402,1
5666,Mycolicibacterium_baixiangningiae,6015,6016,1
5667,Mycolicibacterium_baixiangningiae,6431,6452,21
5668,Mycolicibacterium_baixiangningiae,6456,6462,6
5669,Mycolicibacterium_baixiangningiae,6470,6494,24
5670,Mycolicibacterium_baixiangningiae,7178,7254,76
5671,Mycolicibacterium_baixiangningiae,7260,7268,8
5672,Mycolicibacterium_baixiangningiae,7760,7763,3
5673,Mycolicibacterium_baixiangningiae,8452,8500,48
5674,Mycolicibacterium_baixiangningiae,8577,8578,1
5675,Mycolicibacterium_baixiangningiae,8584,8599,15
5676,Mycolicibacterium_baixiangningiae,8600,8604,4
5677,Mycolicibacterium_baixiangningiae,8609,8610,1
5678,Mycolicibacterium_baixiangningiae,8661,8662,1
5679,Mycolicibacterium_baixiangningiae,8720,8721,1
5680,Mycolicibacterium_baixiangningiae,8733,8735,2
5681,Mycolicibacterium_baixiangningiae,8739,8742,3
5682,Mycolicibacterium_baixiangningiae,8930,8931,1
5683,Mycolicibacterium_baixiangningiae,8980,8982,2
5684,Mycolicibacterium_baixiangningiae,8984,8998,14
5685,Mycolicibacterium_baixiangningiae,9120,9121,1
5686,Mycolicibacterium_baixiangningiae,9370,9372,2
5687,Mycolicibacterium_baixiangningiae,9546,9547,1
5688,Mycolicibacterium_baixiangningiae,9812,9813,1
5689,Mycolicibacterium_baixiangningiae,9985,9986,1
5690,Mycolicibacterium_baixiangningiae,10076,10078,2
5691,Mycolicibacterium_baixiangningiae,10157,10158,1
5692,Mycolicibacterium_baixiangningiae,10261,10262,1
5693,Mycolicibacterium_baixiangningiae,10310,10312,2
5694,Mycolicibacterium_baixiangningiae,10313,10315,2
5695,Mycolicibacterium_baixiangningiae,10325,10326,1
5696,Mycolicibacterium_baixiangningiae,10370,10371,1
5697,Mycolicibacterium_baixiangningiae,10434,10435,1
5698,Mycolicibacterium_baixiangningiae,10448,10449,1
5699,Mycolicibacterium_baixiangningiae,10461,10462,1
5700,Mycolicibacterium_baixiangningiae,10476,10477,1
5701,Mycolicibacterium_baixiangningiae,10491,10492,1
5702,Mycolicibacterium_baixiangningiae,10526,10527,1
5703,Mycolicibacterium_baixiangningiae,10545,10649,104
5704,Mycolicibacterium_baixiangningiae,10828,10830,2
5705,Mycolicibacterium_baixiangningiae,10835,10842,7
5706,Mycolicibacterium_baixiangningiae,10864,10865,1
5707,Mycolicibacterium_baixiangningiae,10914,10915,1
5708,Mycolicibacterium_baixiangningiae,10965,10966,1
5709,Mycolicibacterium_baixiangningiae,10971,10975,4
5710,Mycolicibacterium_baixiangningiae,11085,11086,1
5711,Mycolicibacterium_baixiangningiae,11143,11144,1
5712,Mycolicibacterium_baixiangningiae,11243,11244,1
5713,Mycolicibacterium_baixiangningiae,11260,11261,1
5714,Mycolicibacterium_baixiangningiae,11265,11267,2
5715,Mycolicibacterium_baixiangningiae,11286,11287,1
5716,Mycolicibacterium_baixiangningiae,11312,11313,1
5717,Mycolicibacterium_baixiangningiae,11473,11474,1
5718,Mycolicibacterium_baixiangningiae,11505,11512,7
5719,Mycolicibacterium_baixiangningiae,11513,11514,1
5720,Mycolicibacterium_baixiangningiae,11518,11519,1
5721,Mycolicibacterium_baixiangningiae,11520,11521,1
5722,Mycolicibacterium_baixiangningiae,11524,11535,11
5723,Mycolicibacterium_baixiangningiae,11566,11567,1
5724,Mycolicibacterium_baixiangningiae,11782,11783,1
5725,Mycolicibacterium_baixiangningiae,11823,11824,1
5726,Mycolicibacterium_baixiangningiae,11826,11827,1
5727,Mycolicibacterium_baixiangningiae,11831,11836,5
5728,Mycolicibacterium_baixiangningiae,11846,11850,4
5729,Mycolicibacterium_baixiangningiae,11851,11852,1
5730,Mycolicibacterium_baixiangningiae,11859,11860,1
5731,Mycolicibacterium_baixiangningiae,11864,11866,2
5732,Mycolicibacterium_baixiangningiae,11877,11878,1
5733,Mycolicibacterium_baixiangningiae,11993,11994,1
5734,Mycolicibacterium_baixiangningiae,12029,12030,1
5735,Mycolicibacterium_baixiangningiae,12068,12069,1
5736,Mycolicibacterium_baixiangningiae,12207,12208,1
5737,Mycolicibacterium_baixiangningiae,12211,12212,1
5738,Mycolicibacterium_baixiangningiae,12213,12214,1
5739,Mycolicibacterium_baixiangningiae,12218,12222,4
5740,Mycolicibacterium_baixiangningiae,12226,12228,2
5741,Mycolicibacterium_baixiangningiae,12237,12238,1
5742,Mycolicibacterium_baixiangningiae,12360,12369,9
5743,Mycolicibacterium_baixiangningiae,12371,12372,1
5744,Mycolicibacterium_baixiangningiae,12374,12375,1
5745,Mycolicibacterium_baixiangningiae,12377,12382,5
5746,Mycolicibacterium_baixiangningiae,12384,12390,6
5747,Mycolicibacterium_baixiangningiae,12391,12400,9
5748,Mycolicibacterium_baixiangningiae,12454,12455,1
5749,Mycolicibacterium_baixiangningiae,12739,12740,1
5750,Mycolicibacterium_baixiangningiae,12798,12925,127
5751,Mycolicibacterium_baixiangningiae,13451,13452,1
5752,Mycolicibacterium_baixiangningiae,13453,13454,1
5753,Mycolicibacterium_baixiangningiae,13508,13509,1
5754,Mycobacterium_heckeshornense,1,10,9
5755,Mycobacterium_heckeshornense,21,39,18
5756,Mycobacterium_heckeshornense,43,46,3
5757,Mycobacterium_heckeshornense,60,71,11
5758,Mycobacterium_heckeshornense,117,132,15
5759,Mycobacterium_heckeshornense,133,136,3
5760,Mycobacterium_heckeshornense,346,349,3
5761,Mycobacterium_heckeshornense,1542,1545,3
5762,Mycobacterium_heckeshornense,1566,1604,38
5763,Mycobacterium_heckeshornense,1667,1670,3
5764,Mycobacterium_heckeshornense,3284,3287,3
5765,Mycobacterium_heckeshornense,3317,3381,64
5766,Mycobacterium_heckeshornense,3410,3464,54
5767,Mycobacterium_heckeshornense,3485,3491,6
5768,Mycobacterium_heckeshornense,3642,3645,3
5769,Mycobacterium_heckeshornense,3650,3653,3
5770,Mycobacterium_heckeshornense,3655,3667,12
5771,Mycobacterium_heckeshornense,3782,3788,6
5772,Mycobacterium_heckeshornense,4400,4406,6
5773,Mycobacterium_heckeshornense,4407,4413,6
5774,Mycobacterium_heckeshornense,4417,4426,9
5775,Mycobacterium_heckeshornense,4432,4445,13
5776,Mycobacterium_heckeshornense,4452,4455,3
5777,Mycobacterium_heckeshornense,4456,4462,6
5778,Mycobacterium_heckeshornense,4468,4480,12
5779,Mycobacterium_heckeshornense,4483,4486,3
5780,Mycobacterium_heckeshornense,4540,4552,12
5781,Mycobacterium_heckeshornense,4555,4564,9
5782,Mycobacterium_heckeshornense,4567,4573,6
5783,Mycobacterium_heckeshornense,4581,4584,3
5784,Mycobacterium_heckeshornense,5163,5169,6
5785,Mycobacterium_heckeshornense,5170,5179,9
5786,Mycobacterium_heckeshornense,5181,5190,9
5787,Mycobacterium_heckeshornense,5197,5199,2
5788,Mycobacterium_heckeshornense,5201,5204,3
5789,Mycobacterium_heckeshornense,5206,5214,8
5790,Mycobacterium_heckeshornense,5218,5230,12
5791,Mycobacterium_heckeshornense,5231,5241,10
5792,Mycobacterium_heckeshornense,5247,5253,6
5793,Mycobacterium_heckeshornense,6431,6452,21
5794,Mycobacterium_heckeshornense,6456,6462,6
5795,Mycobacterium_heckeshornense,6470,6494,24
5796,Mycobacterium_heckeshornense,7178,7254,76
5797,Mycobacterium_heckeshornense,7260,7268,8
5798,Mycobacterium_heckeshornense,7760,7763,3
5799,Mycobacterium_heckeshornense,8452,8500,48
5800,Mycobacterium_heckeshornense,8577,8578,1
5801,Mycobacterium_heckeshornense,8584,8599,15
5802,Mycobacterium_heckeshornense,8609,8610,1
5803,Mycobacterium_heckeshornense,8661,8662,1
5804,Mycobacterium_heckeshornense,8703,8704,1
5805,Mycobacterium_heckeshornense,8720,8721,1
5806,Mycobacterium_heckeshornense,8733,8734,1
5807,Mycobacterium_heckeshornense,8930,8931,1
5808,Mycobacterium_heckeshornense,8980,8982,2
5809,Mycobacterium_heckeshornense,8996,8998,2
5810,Mycobacterium_heckeshornense,9120,9121,1
5811,Mycobacterium_heckeshornense,9370,9372,2
5812,Mycobacterium_heckeshornense,9546,9547,1
5813,Mycobacterium_heckeshornense,9812,9813,1
5814,Mycobacterium_heckeshornense,9984,9986,2
5815,Mycobacterium_heckeshornense,10076,10078,2
5816,Mycobacterium_heckeshornense,10157,10158,1
5817,Mycobacterium_heckeshornense,10260,10262,2
5818,Mycobacterium_heckeshornense,10311,10312,1
5819,Mycobacterium_heckeshornense,10313,10315,2
5820,Mycobacterium_heckeshornense,10325,10326,1
5821,Mycobacterium_heckeshornense,10352,10353,1
5822,Mycobacterium_heckeshornense,10370,10371,1
5823,Mycobacterium_heckeshornense,10431,10435,4
5824,Mycobacterium_heckeshornense,10448,10449,1
5825,Mycobacterium_heckeshornense,10461,10462,1
5826,Mycobacterium_heckeshornense,10476,10477,1
5827,Mycobacterium_heckeshornense,10491,10492,1
5828,Mycobacterium_heckeshornense,10526,10527,1
5829,Mycobacterium_heckeshornense,10546,10650,104
5830,Mycobacterium_heckeshornense,10828,10844,16
5831,Mycobacterium_heckeshornense,10864,10865,1
5832,Mycobacterium_heckeshornense,10914,10915,1
5833,Mycobacterium_heckeshornense,10958,10967,9
5834,Mycobacterium_heckeshornense,11085,11086,1
5835,Mycobacterium_heckeshornense,11143,11144,1
5836,Mycobacterium_heckeshornense,11243,11244,1
5837,Mycobacterium_heckeshornense,11259,11261,2
5838,Mycobacterium_heckeshornense,11265,11267,2
5839,Mycobacterium_heckeshornense,11286,11287,1
5840,Mycobacterium_heckeshornense,11312,11313,1
5841,Mycobacterium_heckeshornense,11473,11474,1
5842,Mycobacterium_heckeshornense,11505,11512,7
5843,Mycobacterium_heckeshornense,11513,11514,1
5844,Mycobacterium_heckeshornense,11520,11521,1
5845,Mycobacterium_heckeshornense,11523,11541,18
5846,Mycobacterium_heckeshornense,11566,11567,1
5847,Mycobacterium_heckeshornense,11590,11591,1
5848,Mycobacterium_heckeshornense,11782,11783,1
5849,Mycobacterium_heckeshornense,11823,11824,1
5850,Mycobacterium_heckeshornense,11831,11836,5
5851,Mycobacterium_heckeshornense,11847,11850,3
5852,Mycobacterium_heckeshornense,11851,11852,1
5853,Mycobacterium_heckeshornense,11859,11860,1
5854,Mycobacterium_heckeshornense,11864,11866,2
5855,Mycobacterium_heckeshornense,11877,11878,1
5856,Mycobacterium_heckeshornense,11993,11994,1
5857,Mycobacterium_heckeshornense,12029,12030,1
5858,Mycobacterium_heckeshornense,12068,12069,1
5859,Mycobacterium_heckeshornense,12189,12190,1
5860,Mycobacterium_heckeshornense,12207,12208,1
5861,Mycobacterium_heckeshornense,12211,12212,1
5862,Mycobacterium_heckeshornense,12213,12214,1
5863,Mycobacterium_heckeshornense,12218,12222,4
5864,Mycobacterium_heckeshornense,12226,12227,1
5865,Mycobacterium_heckeshornense,12237,12238,1
5866,Mycobacterium_heckeshornense,12360,12369,9
5867,Mycobacterium_heckeshornense,12371,12372,1
5868,Mycobacterium_heckeshornense,12374,12376,2
5869,Mycobacterium_heckeshornense,12384,12390,6
5870,Mycobacterium_heckeshornense,12391,12400,9
5871,Mycobacterium_heckeshornense,12454,12455,1
5872,Mycobacterium_heckeshornense,12739,12740,1
5873,Mycobacterium_heckeshornense,12798,12925,127
5874,Mycobacterium_heckeshornense,13451,13452,1
5875,Mycobacterium_heckeshornense,13453,13454,1
5876,Mycobacterium_heckeshornense,13508,13509,1
5877,Mycolicibacterium_boenickei,1,10,9
5878,Mycolicibacterium_boenickei,21,39,18
5879,Mycolicibacterium_boenickei,43,46,3
5880,Mycolicibacterium_boenickei,48,110,62
5881,Mycolicibacterium_boenickei,117,132,15
5882,Mycolicibacterium_boenickei,133,136,3
5883,Mycolicibacterium_boenickei,346,349,3
5884,Mycolicibacterium_boenickei,1542,1691,149
5885,Mycolicibacterium_boenickei,3265,3268,3
5886,Mycolicibacterium_boenickei,3317,3361,44
5887,Mycolicibacterium_boenickei,3364,3365,1
5888,Mycolicibacterium_boenickei,3373,3374,1
5889,Mycolicibacterium_boenickei,3403,3406,3
5890,Mycolicibacterium_boenickei,3409,3421,12
5891,Mycolicibacterium_boenickei,3424,3478,54
5892,Mycolicibacterium_boenickei,3485,3491,6
5893,Mycolicibacterium_boenickei,3642,3645,3
5894,Mycolicibacterium_boenickei,3650,3653,3
5895,Mycolicibacterium_boenickei,3655,3667,12
5896,Mycolicibacterium_boenickei,3782,3788,6
5897,Mycolicibacterium_boenickei,4400,4406,6
5898,Mycolicibacterium_boenickei,4407,4413,6
5899,Mycolicibacterium_boenickei,4417,4426,9
5900,Mycolicibacterium_boenickei,4432,4445,13
5901,Mycolicibacterium_boenickei,4452,4455,3
5902,Mycolicibacterium_boenickei,4456,4462,6
5903,Mycolicibacterium_boenickei,4468,4474,6
5904,Mycolicibacterium_boenickei,4475,4481,6
5905,Mycolicibacterium_boenickei,4483,4486,3
5906,Mycolicibacterium_boenickei,4540,4552,12
5907,Mycolicibacterium_boenickei,4555,4564,9
5908,Mycolicibacterium_boenickei,4567,4573,6
5909,Mycolicibacterium_boenickei,4582,4585,3
5910,Mycolicibacterium_boenickei,5163,5169,6
5911,Mycolicibacterium_boenickei,5170,5179,9
5912,Mycolicibacterium_boenickei,5181,5190,9
5913,Mycolicibacterium_boenickei,5197,5199,2
5914,Mycolicibacterium_boenickei,5201,5204,3
5915,Mycolicibacterium_boenickei,5206,5214,8
5916,Mycolicibacterium_boenickei,5218,5230,12
5917,Mycolicibacterium_boenickei,5231,5241,10
5918,Mycolicibacterium_boenickei,5247,5253,6
5919,Mycolicibacterium_boenickei,5401,5402,1
5920,Mycolicibacterium_boenickei,6015,6016,1
5921,Mycolicibacterium_boenickei,6431,6452,21
5922,Mycolicibacterium_boenickei,6456,6462,6
5923,Mycolicibacterium_boenickei,6470,6494,24
5924,Mycolicibacterium_boenickei,7178,7254,76
5925,Mycolicibacterium_boenickei,7260,7268,8
5926,Mycolicibacterium_boenickei,7760,7763,3
5927,Mycolicibacterium_boenickei,8452,8500,48
5928,Mycolicibacterium_boenickei,8577,8578,1
5929,Mycolicibacterium_boenickei,8584,8599,15
5930,Mycolicibacterium_boenickei,8600,8604,4
5931,Mycolicibacterium_boenickei,8609,8610,1
5932,Mycolicibacterium_boenickei,8661,8662,1
5933,Mycolicibacterium_boenickei,8703,8704,1
5934,Mycolicibacterium_boenickei,8720,8721,1
5935,Mycolicibacterium_boenickei,8733,8735,2
5936,Mycolicibacterium_boenickei,8739,8742,3
5937,Mycolicibacterium_boenickei,8930,8931,1
5938,Mycolicibacterium_boenickei,8980,8982,2
5939,Mycolicibacterium_boenickei,8984,8998,14
5940,Mycolicibacterium_boenickei,9120,9121,1
5941,Mycolicibacterium_boenickei,9370,9372,2
5942,Mycolicibacterium_boenickei,9546,9547,1
5943,Mycolicibacterium_boenickei,9812,9813,1
5944,Mycolicibacterium_boenickei,9982,9984,2
5945,Mycolicibacterium_boenickei,9985,9986,1
5946,Mycolicibacterium_boenickei,10076,10078,2
5947,Mycolicibacterium_boenickei,10157,10158,1
5948,Mycolicibacterium_boenickei,10261,10262,1
5949,Mycolicibacterium_boenickei,10310,10312,2
5950,Mycolicibacterium_boenickei,10313,10315,2
5951,Mycolicibacterium_boenickei,10325,10326,1
5952,Mycolicibacterium_boenickei,10370,10371,1
5953,Mycolicibacterium_boenickei,10416,10417,1
5954,Mycolicibacterium_boenickei,10434,10435,1
5955,Mycolicibacterium_boenickei,10448,10449,1
5956,Mycolicibacterium_boenickei,10476,10477,1
5957,Mycolicibacterium_boenickei,10491,10492,1
5958,Mycolicibacterium_boenickei,10526,10527,1
5959,Mycolicibacterium_boenickei,10539,10540,1
5960,Mycolicibacterium_boenickei,10547,10649,102
5961,Mycolicibacterium_boenickei,10828,10831,3
5962,Mycolicibacterium_boenickei,10835,10843,8
5963,Mycolicibacterium_boenickei,10864,10865,1
5964,Mycolicibacterium_boenickei,10914,10915,1
5965,Mycolicibacterium_boenickei,10965,10966,1
5966,Mycolicibacterium_boenickei,10971,10975,4
5967,Mycolicibacterium_boenickei,11085,11086,1
5968,Mycolicibacterium_boenickei,11143,11144,1
5969,Mycolicibacterium_boenickei,11243,11244,1
5970,Mycolicibacterium_boenickei,11260,11261,1
5971,Mycolicibacterium_boenickei,11286,11287,1
5972,Mycolicibacterium_boenickei,11312,11313,1
5973,Mycolicibacterium_boenickei,11473,11474,1
5974,Mycolicibacterium_boenickei,11505,11512,7
5975,Mycolicibacterium_boenickei,11513,11514,1
5976,Mycolicibacterium_boenickei,11516,11517,1
5977,Mycolicibacterium_boenickei,11520,11521,1
5978,Mycolicibacterium_boenickei,11524,11541,17
5979,Mycolicibacterium_boenickei,11566,11567,1
5980,Mycolicibacterium_boenickei,11782,11783,1
5981,Mycolicibacterium_boenickei,11823,11824,1
5982,Mycolicibacterium_boenickei,11826,11827,1
5983,Mycolicibacterium_boenickei,11831,11836,5
5984,Mycolicibacterium_boenickei,11846,11850,4
5985,Mycolicibacterium_boenickei,11851,11852,1
5986,Mycolicibacterium_boenickei,11859,11860,1
5987,Mycolicibacterium_boenickei,11864,11865,1
5988,Mycolicibacterium_boenickei,11877,11878,1
5989,Mycolicibacterium_boenickei,11993,11994,1
5990,Mycolicibacterium_boenickei,12029,12030,1
5991,Mycolicibacterium_boenickei,12068,12069,1
5992,Mycolicibacterium_boenickei,12207,12208,1
5993,Mycolicibacterium_boenickei,12211,12212,1
5994,Mycolicibacterium_boenickei,12213,12214,1
5995,Mycolicibacterium_boenickei,12218,12222,4
5996,Mycolicibacterium_boenickei,12226,12227,1
5997,Mycolicibacterium_boenickei,12237,12238,1
5998,Mycolicibacterium_boenickei,12360,12372,12
5999,Mycolicibacterium_boenickei,12374,12375,1
6000,Mycolicibacterium_boenickei,12378,12381,3
6001,Mycolicibacterium_boenickei,12384,12390,6
6002,Mycolicibacterium_boenickei,12391,12400,9
6003,Mycolicibacterium_boenickei,12454,12455,1
6004,Mycolicibacterium_boenickei,12739,12740,1
6005,Mycolicibacterium_boenickei,12798,12925,127
6006,Mycolicibacterium_boenickei,13451,13452,1
6007,Mycolicibacterium_boenickei,13453,13454,1
6008,Mycolicibacterium_boenickei,13508,13509,1
6009,Mycobacterium_gordonae,1,10,9
6010,Mycobacterium_gordonae,21,39,18
6011,Mycobacterium_gordonae,56,71,15
6012,Mycobacterium_gordonae,84,107,23
6013,Mycobacterium_gordonae,117,132,15
6014,Mycobacterium_gordonae,133,136,3
6015,Mycobacterium_gordonae,346,349,3
6016,Mycobacterium_gordonae,1542,1691,149
6017,Mycobacterium_gordonae,3317,3381,64
6018,Mycobacterium_gordonae,3402,3492,90
6019,Mycobacterium_gordonae,3642,3645,3
6020,Mycobacterium_gordonae,3650,3653,3
6021,Mycobacterium_gordonae,3655,3667,12
6022,Mycobacterium_gordonae,3782,3788,6
6023,Mycobacterium_gordonae,4400,4406,6
6024,Mycobacterium_gordonae,4407,4413,6
6025,Mycobacterium_gordonae,4417,4426,9
6026,Mycobacterium_gordonae,4432,4445,13
6027,Mycobacterium_gordonae,4452,4455,3
6028,Mycobacterium_gordonae,4456,4462,6
6029,Mycobacterium_gordonae,4468,4480,12
6030,Mycobacterium_gordonae,4483,4486,3
6031,Mycobacterium_gordonae,4540,4552,12
6032,Mycobacterium_gordonae,4555,4564,9
6033,Mycobacterium_gordonae,4567,4573,6
6034,Mycobacterium_gordonae,4581,4584,3
6035,Mycobacterium_gordonae,5163,5169,6
6036,Mycobacterium_gordonae,5170,5179,9
6037,Mycobacterium_gordonae,5181,5190,9
6038,Mycobacterium_gordonae,5197,5199,2
6039,Mycobacterium_gordonae,5201,5204,3
6040,Mycobacterium_gordonae,5206,5214,8
6041,Mycobacterium_gordonae,5218,5230,12
6042,Mycobacterium_gordonae,5231,5241,10
6043,Mycobacterium_gordonae,5247,5253,6
6044,Mycobacterium_gordonae,5401,5402,1
6045,Mycobacterium_gordonae,6015,6016,1
6046,Mycobacterium_gordonae,6428,6464,36
6047,Mycobacterium_gordonae,6470,6494,24
6048,Mycobacterium_gordonae,7178,7254,76
6049,Mycobacterium_gordonae,7260,7268,8
6050,Mycobacterium_gordonae,7760,7763,3
6051,Mycobacterium_gordonae,8452,8500,48
6052,Mycobacterium_gordonae,8577,8578,1
6053,Mycobacterium_gordonae,8584,8599,15
6054,Mycobacterium_gordonae,8600,8604,4
6055,Mycobacterium_gordonae,8609,8610,1
6056,Mycobacterium_gordonae,8661,8662,1
6057,Mycobacterium_gordonae,8703,8704,1
6058,Mycobacterium_gordonae,8720,8721,1
6059,Mycobacterium_gordonae,8733,8735,2
6060,Mycobacterium_gordonae,8739,8742,3
6061,Mycobacterium_gordonae,8930,8931,1
6062,Mycobacterium_gordonae,8980,8982,2
6063,Mycobacterium_gordonae,8996,8998,2
6064,Mycobacterium_gordonae,9120,9121,1
6065,Mycobacterium_gordonae,9370,9372,2
6066,Mycobacterium_gordonae,9546,9547,1
6067,Mycobacterium_gordonae,9812,9813,1
6068,Mycobacterium_gordonae,9983,9986,3
6069,Mycobacterium_gordonae,10076,10078,2
6070,Mycobacterium_gordonae,10157,10158,1
6071,Mycobacterium_gordonae,10261,10262,1
6072,Mycobacterium_gordonae,10310,10312,2
6073,Mycobacterium_gordonae,10313,10315,2
6074,Mycobacterium_gordonae,10325,10326,1
6075,Mycobacterium_gordonae,10352,10353,1
6076,Mycobacterium_gordonae,10370,10371,1
6077,Mycobacterium_gordonae,10415,10416,1
6078,Mycobacterium_gordonae,10434,10435,1
6079,Mycobacterium_gordonae,10448,10449,1
6080,Mycobacterium_gordonae,10476,10477,1
6081,Mycobacterium_gordonae,10491,10492,1
6082,Mycobacterium_gordonae,10526,10527,1
6083,Mycobacterium_gordonae,10540,10541,1
6084,Mycobacterium_gordonae,10547,10649,102
6085,Mycobacterium_gordonae,10828,10830,2
6086,Mycobacterium_gordonae,10832,10846,14
6087,Mycobacterium_gordonae,10864,10865,1
6088,Mycobacterium_gordonae,10914,10915,1
6089,Mycobacterium_gordonae,10959,10966,7
6090,Mycobacterium_gordonae,10971,10975,4
6091,Mycobacterium_gordonae,11085,11086,1
6092,Mycobacterium_gordonae,11143,11144,1
6093,Mycobacterium_gordonae,11243,11244,1
6094,Mycobacterium_gordonae,11260,11261,1
6095,Mycobacterium_gordonae,11262,11263,1
6096,Mycobacterium_gordonae,11265,11267,2
6097,Mycobacterium_gordonae,11286,11287,1
6098,Mycobacterium_gordonae,11312,11313,1
6099,Mycobacterium_gordonae,11473,11474,1
6100,Mycobacterium_gordonae,11505,11511,6
6101,Mycobacterium_gordonae,11513,11514,1
6102,Mycobacterium_gordonae,11520,11534,14
6103,Mycobacterium_gordonae,11566,11567,1
6104,Mycobacterium_gordonae,11590,11591,1
6105,Mycobacterium_gordonae,11782,11783,1
6106,Mycobacterium_gordonae,11823,11824,1
6107,Mycobacterium_gordonae,11826,11827,1
6108,Mycobacterium_gordonae,11831,11836,5
6109,Mycobacterium_gordonae,11841,11843,2
6110,Mycobacterium_gordonae,11848,11850,2
6111,Mycobacterium_gordonae,11851,11852,1
6112,Mycobacterium_gordonae,11859,11860,1
6113,Mycobacterium_gordonae,11864,11866,2
6114,Mycobacterium_gordonae,11877,11878,1
6115,Mycobacterium_gordonae,11993,11994,1
6116,Mycobacterium_gordonae,12029,12030,1
6117,Mycobacterium_gordonae,12068,12069,1
6118,Mycobacterium_gordonae,12207,12208,1
6119,Mycobacterium_gordonae,12211,12212,1
6120,Mycobacterium_gordonae,12213,12214,1
6121,Mycobacterium_gordonae,12218,12222,4
6122,Mycobacterium_gordonae,12225,12227,2
6123,Mycobacterium_gordonae,12237,12238,1
6124,Mycobacterium_gordonae,12360,12369,9
6125,Mycobacterium_gordonae,12371,12372,1
6126,Mycobacterium_gordonae,12374,12380,6
6127,Mycobacterium_gordonae,12384,12390,6
6128,Mycobacterium_gordonae,12391,12400,9
6129,Mycobacterium_gordonae,12454,12455,1
6130,Mycobacterium_gordonae,12739,12740,1
6131,Mycobacterium_gordonae,12798,12925,127
6132,Mycobacterium_gordonae,13451,13452,1
6133,Mycobacterium_gordonae,13453,13454,1
6134,Mycobacterium_gordonae,13508,13509,1
6135,Mycobacterium_paraintracellulare,21,39,18
6136,Mycobacterium_paraintracellulare,43,46,3
6137,Mycobacterium_paraintracellulare,53,71,18
6138,Mycobacterium_paraintracellulare,87,107,20
6139,Mycobacterium_paraintracellulare,117,132,15
6140,Mycobacterium_paraintracellulare,133,136,3
6141,Mycobacterium_paraintracellulare,346,349,3
6142,Mycobacterium_paraintracellulare,1542,1691,149
6143,Mycobacterium_paraintracellulare,3317,3381,64
6144,Mycobacterium_paraintracellulare,3414,3420,6
6145,Mycobacterium_paraintracellulare,3424,3460,36
6146,Mycobacterium_paraintracellulare,3476,3479,3
6147,Mycobacterium_paraintracellulare,3485,3491,6
6148,Mycobacterium_paraintracellulare,3642,3645,3
6149,Mycobacterium_paraintracellulare,3650,3653,3
6150,Mycobacterium_paraintracellulare,3782,3788,6
6151,Mycobacterium_paraintracellulare,4400,4406,6
6152,Mycobacterium_paraintracellulare,4407,4413,6
6153,Mycobacterium_paraintracellulare,4417,4426,9
6154,Mycobacterium_paraintracellulare,4432,4445,13
6155,Mycobacterium_paraintracellulare,4452,4455,3
6156,Mycobacterium_paraintracellulare,4456,4462,6
6157,Mycobacterium_paraintracellulare,4468,4480,12
6158,Mycobacterium_paraintracellulare,4483,4486,3
6159,Mycobacterium_paraintracellulare,4540,4552,12
6160,Mycobacterium_paraintracellulare,4555,4564,9
6161,Mycobacterium_paraintracellulare,4567,4573,6
6162,Mycobacterium_paraintracellulare,4581,4584,3
6163,Mycobacterium_paraintracellulare,5163,5169,6
6164,Mycobacterium_paraintracellulare,5170,5179,9
6165,Mycobacterium_paraintracellulare,5181,5190,9
6166,Mycobacterium_paraintracellulare,5197,5199,2
6167,Mycobacterium_paraintracellulare,5201,5204,3
6168,Mycobacterium_paraintracellulare,5206,5214,8
6169,Mycobacterium_paraintracellulare,5218,5230,12
6170,Mycobacterium_paraintracellulare,5231,5241,10
6171,Mycobacterium_paraintracellulare,5247,5253,6
6172,Mycobacterium_paraintracellulare,5401,5402,1
6173,Mycobacterium_paraintracellulare,6015,6016,1
6174,Mycobacterium_paraintracellulare,6428,6464,36
6175,Mycobacterium_paraintracellulare,6470,6494,24
6176,Mycobacterium_paraintracellulare,7178,7254,76
6177,Mycobacterium_paraintracellulare,7260,7268,8
6178,Mycobacterium_paraintracellulare,7760,7763,3
6179,Mycobacterium_paraintracellulare,8452,8500,48
6180,Mycobacterium_paraintracellulare,8577,8578,1
6181,Mycobacterium_paraintracellulare,8584,8599,15
6182,Mycobacterium_paraintracellulare,8601,8603,2
6183,Mycobacterium_paraintracellulare,8609,8610,1
6184,Mycobacterium_paraintracellulare,8661,8662,1
6185,Mycobacterium_paraintracellulare,8703,8704,1
6186,Mycobacterium_paraintracellulare,8720,8721,1
6187,Mycobacterium_paraintracellulare,8733,8735,2
6188,Mycobacterium_paraintracellulare,8739,8742,3
6189,Mycobacterium_paraintracellulare,8930,8931,1
6190,Mycobacterium_paraintracellulare,8980,8982,2
6191,Mycobacterium_paraintracellulare,8996,8998,2
6192,Mycobacterium_paraintracellulare,9120,9121,1
6193,Mycobacterium_paraintracellulare,9370,9372,2
6194,Mycobacterium_paraintracellulare,9546,9547,1
6195,Mycobacterium_paraintracellulare,9812,9813,1
6196,Mycobacterium_paraintracellulare,9982,9986,4
6197,Mycobacterium_paraintracellulare,10076,10078,2
6198,Mycobacterium_paraintracellulare,10157,10158,1
6199,Mycobacterium_paraintracellulare,10261,10262,1
6200,Mycobacterium_paraintracellulare,10310,10312,2
6201,Mycobacterium_paraintracellulare,10313,10315,2
6202,Mycobacterium_paraintracellulare,10325,10326,1
6203,Mycobacterium_paraintracellulare,10352,10353,1
6204,Mycobacterium_paraintracellulare,10370,10371,1
6205,Mycobacterium_paraintracellulare,10411,10412,1
6206,Mycobacterium_paraintracellulare,10434,10435,1
6207,Mycobacterium_paraintracellulare,10448,10449,1
6208,Mycobacterium_paraintracellulare,10476,10477,1
6209,Mycobacterium_paraintracellulare,10491,10492,1
6210,Mycobacterium_paraintracellulare,10526,10527,1
6211,Mycobacterium_paraintracellulare,10546,10649,103
6212,Mycobacterium_paraintracellulare,10828,10830,2
6213,Mycobacterium_paraintracellulare,10832,10846,14
6214,Mycobacterium_paraintracellulare,10864,10865,1
6215,Mycobacterium_paraintracellulare,10914,10915,1
6216,Mycobacterium_paraintracellulare,10965,10977,12
6217,Mycobacterium_paraintracellulare,11085,11086,1
6218,Mycobacterium_paraintracellulare,11143,11144,1
6219,Mycobacterium_paraintracellulare,11243,11244,1
6220,Mycobacterium_paraintracellulare,11260,11261,1
6221,Mycobacterium_paraintracellulare,11262,11263,1
6222,Mycobacterium_paraintracellulare,11265,11267,2
6223,Mycobacterium_paraintracellulare,11286,11287,1
6224,Mycobacterium_paraintracellulare,11312,11313,1
6225,Mycobacterium_paraintracellulare,11473,11474,1
6226,Mycobacterium_paraintracellulare,11505,11511,6
6227,Mycobacterium_paraintracellulare,11513,11514,1
6228,Mycobacterium_paraintracellulare,11519,11521,2
6229,Mycobacterium_paraintracellulare,11523,11533,10
6230,Mycobacterium_paraintracellulare,11566,11567,1
6231,Mycobacterium_paraintracellulare,11590,11591,1
6232,Mycobacterium_paraintracellulare,11782,11783,1
6233,Mycobacterium_paraintracellulare,11823,11824,1
6234,Mycobacterium_paraintracellulare,11826,11827,1
6235,Mycobacterium_paraintracellulare,11831,11836,5
6236,Mycobacterium_paraintracellulare,11848,11850,2
6237,Mycobacterium_paraintracellulare,11851,11852,1
6238,Mycobacterium_paraintracellulare,11859,11860,1
6239,Mycobacterium_paraintracellulare,11864,11866,2
6240,Mycobacterium_paraintracellulare,11877,11878,1
6241,Mycobacterium_paraintracellulare,11993,11994,1
6242,Mycobacterium_paraintracellulare,12029,12030,1
6243,Mycobacterium_paraintracellulare,12068,12069,1
6244,Mycobacterium_paraintracellulare,12207,12208,1
6245,Mycobacterium_paraintracellulare,12211,12212,1
6246,Mycobacterium_paraintracellulare,12213,12214,1
6247,Mycobacterium_paraintracellulare,12218,12222,4
6248,Mycobacterium_paraintracellulare,12225,12227,2
6249,Mycobacterium_paraintracellulare,12237,12238,1
6250,Mycobacterium_paraintracellulare,12360,12369,9
6251,Mycobacterium_paraintracellulare,12371,12380,9
6252,Mycobacterium_paraintracellulare,12384,12390,6
6253,Mycobacterium_paraintracellulare,12391,12400,9
6254,Mycobacterium_paraintracellulare,12454,12455,1
6255,Mycobacterium_paraintracellulare,12738,12740,2
6256,Mycobacterium_paraintracellulare,12798,12925,127
6257,Mycobacterium_paraintracellulare,13451,13452,1
6258,Mycobacterium_paraintracellulare,13453,13454,1
6259,Mycobacterium_paraintracellulare,13508,13509,1
6260,Mycobacterium_lentiflavum,1,10,9
6261,Mycobacterium_lentiflavum,21,39,18
6262,Mycobacterium_lentiflavum,43,46,3
6263,Mycobacterium_lentiflavum,53,71,18
6264,Mycobacterium_lentiflavum,87,107,20
6265,Mycobacterium_lentiflavum,117,132,15
6266,Mycobacterium_lentiflavum,133,136,3
6267,Mycobacterium_lentiflavum,346,349,3
6268,Mycobacterium_lentiflavum,1542,1691,149
6269,Mycobacterium_lentiflavum,3317,3361,44
6270,Mycobacterium_lentiflavum,3364,3365,1
6271,Mycobacterium_lentiflavum,3373,3374,1
6272,Mycobacterium_lentiflavum,3414,3420,6
6273,Mycobacterium_lentiflavum,3422,3482,60
6274,Mycobacterium_lentiflavum,3485,3491,6
6275,Mycobacterium_lentiflavum,3642,3645,3
6276,Mycobacterium_lentiflavum,3650,3653,3
6277,Mycobacterium_lentiflavum,3655,3667,12
6278,Mycobacterium_lentiflavum,3782,3788,6
6279,Mycobacterium_lentiflavum,4400,4406,6
6280,Mycobacterium_lentiflavum,4407,4413,6
6281,Mycobacterium_lentiflavum,4417,4426,9
6282,Mycobacterium_lentiflavum,4432,4445,13
6283,Mycobacterium_lentiflavum,4452,4455,3
6284,Mycobacterium_lentiflavum,4456,4462,6
6285,Mycobacterium_lentiflavum,4468,4480,12
6286,Mycobacterium_lentiflavum,4483,4486,3
6287,Mycobacterium_lentiflavum,4540,4552,12
6288,Mycobacterium_lentiflavum,4555,4564,9
6289,Mycobacterium_lentiflavum,4567,4573,6
6290,Mycobacterium_lentiflavum,4581,4584,3
6291,Mycobacterium_lentiflavum,5163,5169,6
6292,Mycobacterium_lentiflavum,5170,5179,9
6293,Mycobacterium_lentiflavum,5181,5190,9
6294,Mycobacterium_lentiflavum,5197,5199,2
6295,Mycobacterium_lentiflavum,5201,5204,3
6296,Mycobacterium_lentiflavum,5206,5214,8
6297,Mycobacterium_lentiflavum,5218,5230,12
6298,Mycobacterium_lentiflavum,5231,5241,10
6299,Mycobacterium_lentiflavum,5247,5253,6
6300,Mycobacterium_lentiflavum,5401,5402,1
6301,Mycobacterium_lentiflavum,6015,6016,1
6302,Mycobacterium_lentiflavum,6428,6464,36
6303,Mycobacterium_lentiflavum,6470,6494,24
6304,Mycobacterium_lentiflavum,7178,7254,76
6305,Mycobacterium_lentiflavum,7260,7268,8
6306,Mycobacterium_lentiflavum,7760,7763,3
6307,Mycobacterium_lentiflavum,8452,8500,48
6308,Mycobacterium_lentiflavum,8577,8578,1
6309,Mycobacterium_lentiflavum,8584,8599,15
6310,Mycobacterium_lentiflavum,8601,8603,2
6311,Mycobacterium_lentiflavum,8609,8610,1
6312,Mycobacterium_lentiflavum,8661,8662,1
6313,Mycobacterium_lentiflavum,8703,8704,1
6314,Mycobacterium_lentiflavum,8720,8721,1
6315,Mycobacterium_lentiflavum,8733,8735,2
6316,Mycobacterium_lentiflavum,8739,8742,3
6317,Mycobacterium_lentiflavum,8930,8931,1
6318,Mycobacterium_lentiflavum,8980,8982,2
6319,Mycobacterium_lentiflavum,8987,9001,14
6320,Mycobacterium_lentiflavum,9120,9121,1
6321,Mycobacterium_lentiflavum,9370,9372,2
6322,Mycobacterium_lentiflavum,9546,9547,1
6323,Mycobacterium_lentiflavum,9812,9813,1
6324,Mycobacterium_lentiflavum,9983,9987,4
6325,Mycobacterium_lentiflavum,10076,10078,2
6326,Mycobacterium_lentiflavum,10157,10158,1
6327,Mycobacterium_lentiflavum,10261,10262,1
6328,Mycobacterium_lentiflavum,10310,10312,2
6329,Mycobacterium_lentiflavum,10313,10315,2
6330,Mycobacterium_lentiflavum,10325,10326,1
6331,Mycobacterium_lentiflavum,10352,10353,1
6332,Mycobacterium_lentiflavum,10370,10371,1
6333,Mycobacterium_lentiflavum,10434,10435,1
6334,Mycobacterium_lentiflavum,10448,10449,1
6335,Mycobacterium_lentiflavum,10476,10477,1
6336,Mycobacterium_lentiflavum,10491,10492,1
6337,Mycobacterium_lentiflavum,10526,10527,1
6338,Mycobacterium_lentiflavum,10546,10649,103
6339,Mycobacterium_lentiflavum,10828,10830,2
6340,Mycobacterium_lentiflavum,10832,10846,14
6341,Mycobacterium_lentiflavum,10864,10865,1
6342,Mycobacterium_lentiflavum,10914,10915,1
6343,Mycobacterium_lentiflavum,10958,10983,25
6344,Mycobacterium_lentiflavum,11085,11086,1
6345,Mycobacterium_lentiflavum,11143,11144,1
6346,Mycobacterium_lentiflavum,11243,11244,1
6347,Mycobacterium_lentiflavum,11260,11261,1
6348,Mycobacterium_lentiflavum,11262,11263,1
6349,Mycobacterium_lentiflavum,11265,11267,2
6350,Mycobacterium_lentiflavum,11286,11287,1
6351,Mycobacterium_lentiflavum,11312,11313,1
6352,Mycobacterium_lentiflavum,11473,11474,1
6353,Mycobacterium_lentiflavum,11505,11534,29
6354,Mycobacterium_lentiflavum,11566,11567,1
6355,Mycobacterium_lentiflavum,11590,11591,1
6356,Mycobacterium_lentiflavum,11782,11783,1
6357,Mycobacterium_lentiflavum,11823,11824,1
6358,Mycobacterium_lentiflavum,11826,11827,1
6359,Mycobacterium_lentiflavum,11831,11836,5
6360,Mycobacterium_lentiflavum,11847,11852,5
6361,Mycobacterium_lentiflavum,11859,11860,1
6362,Mycobacterium_lentiflavum,11864,11866,2
6363,Mycobacterium_lentiflavum,11877,11878,1
6364,Mycobacterium_lentiflavum,11993,11995,2
6365,Mycobacterium_lentiflavum,12029,12030,1
6366,Mycobacterium_lentiflavum,12068,12069,1
6367,Mycobacterium_lentiflavum,12207,12208,1
6368,Mycobacterium_lentiflavum,12211,12212,1
6369,Mycobacterium_lentiflavum,12213,12214,1
6370,Mycobacterium_lentiflavum,12218,12222,4
6371,Mycobacterium_lentiflavum,12225,12227,2
6372,Mycobacterium_lentiflavum,12237,12238,1
6373,Mycobacterium_lentiflavum,12360,12370,10
6374,Mycobacterium_lentiflavum,12371,12372,1
6375,Mycobacterium_lentiflavum,12374,12380,6
6376,Mycobacterium_lentiflavum,12383,12390,7
6377,Mycobacterium_lentiflavum,12391,12400,9
6378,Mycobacterium_lentiflavum,12454,12455,1
6379,Mycobacterium_lentiflavum,12738,12740,2
6380,Mycobacterium_lentiflavum,12798,12925,127
6381,Mycobacterium_lentiflavum,13451,13452,1
6382,Mycobacterium_lentiflavum,13453,13454,1
6383,Mycobacterium_lentiflavum,13508,13509,1
6384,Mycolicibacter_virginiensis,1,10,9
6385,Mycolicibacter_virginiensis,21,39,18
6386,Mycolicibacter_virginiensis,43,46,3
6387,Mycolicibacter_virginiensis,59,136,77
6388,Mycolicibacter_virginiensis,346,349,3
6389,Mycolicibacter_virginiensis,1542,1691,149
6390,Mycolicibacter_virginiensis,3317,3361,44
6391,Mycolicibacter_virginiensis,3364,3365,1
6392,Mycolicibacter_virginiensis,3373,3374,1
6393,Mycolicibacter_virginiensis,3414,3420,6
6394,Mycolicibacter_virginiensis,3424,3460,36
6395,Mycolicibacter_virginiensis,3473,3479,6
6396,Mycolicibacter_virginiensis,3485,3491,6
6397,Mycolicibacter_virginiensis,3650,3653,3
6398,Mycolicibacter_virginiensis,3657,3672,15
6399,Mycolicibacter_virginiensis,3782,3788,6
6400,Mycolicibacter_virginiensis,4400,4406,6
6401,Mycolicibacter_virginiensis,4407,4413,6
6402,Mycolicibacter_virginiensis,4422,4426,4
6403,Mycolicibacter_virginiensis,4432,4438,6
6404,Mycolicibacter_virginiensis,4452,4455,3
6405,Mycolicibacter_virginiensis,4456,4486,30
6406,Mycolicibacter_virginiensis,4555,4564,9
6407,Mycolicibacter_virginiensis,4567,4573,6
6408,Mycolicibacter_virginiensis,5163,5169,6
6409,Mycolicibacter_virginiensis,5170,5179,9
6410,Mycolicibacter_virginiensis,5181,5190,9
6411,Mycolicibacter_virginiensis,5197,5199,2
6412,Mycolicibacter_virginiensis,5201,5204,3
6413,Mycolicibacter_virginiensis,5206,5214,8
6414,Mycolicibacter_virginiensis,5218,5230,12
6415,Mycolicibacter_virginiensis,5231,5241,10
6416,Mycolicibacter_virginiensis,5247,5253,6
6417,Mycolicibacter_virginiensis,5401,5402,1
6418,Mycolicibacter_virginiensis,6015,6016,1
6419,Mycolicibacter_virginiensis,6431,6452,21
6420,Mycolicibacter_virginiensis,6456,6462,6
6421,Mycolicibacter_virginiensis,6470,6494,24
6422,Mycolicibacter_virginiensis,7178,7254,76
6423,Mycolicibacter_virginiensis,7260,7268,8
6424,Mycolicibacter_virginiensis,7760,7763,3
6425,Mycolicibacter_virginiensis,8452,8500,48
6426,Mycolicibacter_virginiensis,8577,8578,1
6427,Mycolicibacter_virginiensis,8584,8599,15
6428,Mycolicibacter_virginiensis,8601,8603,2
6429,Mycolicibacter_virginiensis,8609,8610,1
6430,Mycolicibacter_virginiensis,8661,8662,1
6431,Mycolicibacter_virginiensis,8703,8704,1
6432,Mycolicibacter_virginiensis,8720,8721,1
6433,Mycolicibacter_virginiensis,8733,8735,2
6434,Mycolicibacter_virginiensis,8739,8742,3
6435,Mycolicibacter_virginiensis,8930,8931,1
6436,Mycolicibacter_virginiensis,8980,8982,2
6437,Mycolicibacter_virginiensis,9120,9121,1
6438,Mycolicibacter_virginiensis,9546,9547,1
6439,Mycolicibacter_virginiensis,9812,9814,2
6440,Mycolicibacter_virginiensis,9982,9984,2
6441,Mycolicibacter_virginiensis,9985,9986,1
6442,Mycolicibacter_virginiensis,10076,10078,2
6443,Mycolicibacter_virginiensis,10157,10158,1
6444,Mycolicibacter_virginiensis,10311,10312,1
6445,Mycolicibacter_virginiensis,10313,10315,2
6446,Mycolicibacter_virginiensis,10325,10326,1
6447,Mycolicibacter_virginiensis,10370,10371,1
6448,Mycolicibacter_virginiensis,10416,10417,1
6449,Mycolicibacter_virginiensis,10434,10435,1
6450,Mycolicibacter_virginiensis,10448,10449,1
6451,Mycolicibacter_virginiensis,10476,10477,1
6452,Mycolicibacter_virginiensis,10491,10492,1
6453,Mycolicibacter_virginiensis,10526,10527,1
6454,Mycolicibacter_virginiensis,10547,10649,102
6455,Mycolicibacter_virginiensis,10828,10830,2
6456,Mycolicibacter_virginiensis,10834,10843,9
6457,Mycolicibacter_virginiensis,10864,10865,1
6458,Mycolicibacter_virginiensis,10914,10915,1
6459,Mycolicibacter_virginiensis,10965,10966,1
6460,Mycolicibacter_virginiensis,10971,10975,4
6461,Mycolicibacter_virginiensis,11085,11086,1
6462,Mycolicibacter_virginiensis,11143,11144,1
6463,Mycolicibacter_virginiensis,11243,11244,1
6464,Mycolicibacter_virginiensis,11260,11261,1
6465,Mycolicibacter_virginiensis,11265,11267,2
6466,Mycolicibacter_virginiensis,11286,11287,1
6467,Mycolicibacter_virginiensis,11312,11313,1
6468,Mycolicibacter_virginiensis,11473,11474,1
6469,Mycolicibacter_virginiensis,11505,11512,7
6470,Mycolicibacter_virginiensis,11513,11514,1
6471,Mycolicibacter_virginiensis,11515,11533,18
6472,Mycolicibacter_virginiensis,11537,11538,1
6473,Mycolicibacter_virginiensis,11566,11567,1
6474,Mycolicibacter_virginiensis,11782,11783,1
6475,Mycolicibacter_virginiensis,11823,11824,1
6476,Mycolicibacter_virginiensis,11826,11827,1
6477,Mycolicibacter_virginiensis,11831,11836,5
6478,Mycolicibacter_virginiensis,11847,11852,5
6479,Mycolicibacter_virginiensis,11859,11860,1
6480,Mycolicibacter_virginiensis,11864,11866,2
6481,Mycolicibacter_virginiensis,11877,11878,1
6482,Mycolicibacter_virginiensis,11993,11994,1
6483,Mycolicibacter_virginiensis,12029,12030,1
6484,Mycolicibacter_virginiensis,12068,12069,1
6485,Mycolicibacter_virginiensis,12207,12208,1
6486,Mycolicibacter_virginiensis,12211,12212,1
6487,Mycolicibacter_virginiensis,12213,12214,1
6488,Mycolicibacter_virginiensis,12218,12222,4
6489,Mycolicibacter_virginiensis,12226,12227,1
6490,Mycolicibacter_virginiensis,12237,12238,1
6491,Mycolicibacter_virginiensis,12360,12369,9
6492,Mycolicibacter_virginiensis,12371,12372,1
6493,Mycolicibacter_virginiensis,12374,12375,1
6494,Mycolicibacter_virginiensis,12377,12382,5
6495,Mycolicibacter_virginiensis,12384,12390,6
6496,Mycolicibacter_virginiensis,12391,12400,9
6497,Mycolicibacter_virginiensis,12454,12455,1
6498,Mycolicibacter_virginiensis,12739,12740,1
6499,Mycolicibacter_virginiensis,12798,12925,127
6500,Mycolicibacter_virginiensis,13451,13452,1
6501,Mycolicibacter_virginiensis,13453,13454,1
6502,Mycolicibacter_virginiensis,13508,13509,1
6503,Mycolicibacterium_thermoresistibile,1,10,9
6504,Mycolicibacterium_thermoresistibile,21,39,18
6505,Mycolicibacterium_thermoresistibile,43,46,3
6506,Mycolicibacterium_thermoresistibile,53,77,24
6507,Mycolicibacterium_thermoresistibile,84,107,23
6508,Mycolicibacterium_thermoresistibile,117,132,15
6509,Mycolicibacterium_thermoresistibile,133,136,3
6510,Mycolicibacterium_thermoresistibile,346,349,3
6511,Mycolicibacterium_thermoresistibile,1542,1545,3
6512,Mycolicibacterium_thermoresistibile,1573,1621,48
6513,Mycolicibacterium_thermoresistibile,1632,1649,17
6514,Mycolicibacterium_thermoresistibile,1664,1676,12
6515,Mycolicibacterium_thermoresistibile,3317,3361,44
6516,Mycolicibacterium_thermoresistibile,3364,3365,1
6517,Mycolicibacterium_thermoresistibile,3373,3374,1
6518,Mycolicibacterium_thermoresistibile,3416,3491,75
6519,Mycolicibacterium_thermoresistibile,3642,3645,3
6520,Mycolicibacterium_thermoresistibile,3650,3653,3
6521,Mycolicibacterium_thermoresistibile,3655,3667,12
6522,Mycolicibacterium_thermoresistibile,3782,3788,6
6523,Mycolicibacterium_thermoresistibile,4400,4413,13
6524,Mycolicibacterium_thermoresistibile,4417,4425,8
6525,Mycolicibacterium_thermoresistibile,4432,4445,13
6526,Mycolicibacterium_thermoresistibile,4452,4455,3
6527,Mycolicibacterium_thermoresistibile,4456,4462,6
6528,Mycolicibacterium_thermoresistibile,4468,4480,12
6529,Mycolicibacterium_thermoresistibile,4483,4486,3
6530,Mycolicibacterium_thermoresistibile,4540,4552,12
6531,Mycolicibacterium_thermoresistibile,4555,4564,9
6532,Mycolicibacterium_thermoresistibile,4567,4573,6
6533,Mycolicibacterium_thermoresistibile,4581,4584,3
6534,Mycolicibacterium_thermoresistibile,5163,5178,15
6535,Mycolicibacterium_thermoresistibile,5181,5190,9
6536,Mycolicibacterium_thermoresistibile,5197,5199,2
6537,Mycolicibacterium_thermoresistibile,5201,5204,3
6538,Mycolicibacterium_thermoresistibile,5206,5214,8
6539,Mycolicibacterium_thermoresistibile,5218,5230,12
6540,Mycolicibacterium_thermoresistibile,5231,5241,10
6541,Mycolicibacterium_thermoresistibile,5247,5253,6
6542,Mycolicibacterium_thermoresistibile,5401,5402,1
6543,Mycolicibacterium_thermoresistibile,6015,6016,1
6544,Mycolicibacterium_thermoresistibile,6431,6461,30
6545,Mycolicibacterium_thermoresistibile,6470,6494,24
6546,Mycolicibacterium_thermoresistibile,7178,7254,76
6547,Mycolicibacterium_thermoresistibile,7260,7268,8
6548,Mycolicibacterium_thermoresistibile,7760,7763,3
6549,Mycolicibacterium_thermoresistibile,8452,8500,48
6550,Mycolicibacterium_thermoresistibile,8577,8578,1
6551,Mycolicibacterium_thermoresistibile,8584,8599,15
6552,Mycolicibacterium_thermoresistibile,8601,8603,2
6553,Mycolicibacterium_thermoresistibile,8609,8610,1
6554,Mycolicibacterium_thermoresistibile,8661,8662,1
6555,Mycolicibacterium_thermoresistibile,8733,8735,2
6556,Mycolicibacterium_thermoresistibile,8930,8931,1
6557,Mycolicibacterium_thermoresistibile,8980,8982,2
6558,Mycolicibacterium_thermoresistibile,8984,8998,14
6559,Mycolicibacterium_thermoresistibile,9120,9121,1
6560,Mycolicibacterium_thermoresistibile,9359,9360,1
6561,Mycolicibacterium_thermoresistibile,9370,9372,2
6562,Mycolicibacterium_thermoresistibile,9546,9547,1
6563,Mycolicibacterium_thermoresistibile,9812,9813,1
6564,Mycolicibacterium_thermoresistibile,10076,10078,2
6565,Mycolicibacterium_thermoresistibile,10157,10158,1
6566,Mycolicibacterium_thermoresistibile,10261,10262,1
6567,Mycolicibacterium_thermoresistibile,10310,10312,2
6568,Mycolicibacterium_thermoresistibile,10313,10315,2
6569,Mycolicibacterium_thermoresistibile,10325,10326,1
6570,Mycolicibacterium_thermoresistibile,10352,10353,1
6571,Mycolicibacterium_thermoresistibile,10370,10371,1
6572,Mycolicibacterium_thermoresistibile,10416,10417,1
6573,Mycolicibacterium_thermoresistibile,10434,10435,1
6574,Mycolicibacterium_thermoresistibile,10448,10449,1
6575,Mycolicibacterium_thermoresistibile,10476,10477,1
6576,Mycolicibacterium_thermoresistibile,10491,10492,1
6577,Mycolicibacterium_thermoresistibile,10526,10527,1
6578,Mycolicibacterium_thermoresistibile,10546,10649,103
6579,Mycolicibacterium_thermoresistibile,10829,10830,1
6580,Mycolicibacterium_thermoresistibile,10838,10842,4
6581,Mycolicibacterium_thermoresistibile,10864,10865,1
6582,Mycolicibacterium_thermoresistibile,10965,10966,1
6583,Mycolicibacterium_thermoresistibile,10971,10975,4
6584,Mycolicibacterium_thermoresistibile,11085,11086,1
6585,Mycolicibacterium_thermoresistibile,11143,11144,1
6586,Mycolicibacterium_thermoresistibile,11243,11244,1
6587,Mycolicibacterium_thermoresistibile,11260,11261,1
6588,Mycolicibacterium_thermoresistibile,11265,11267,2
6589,Mycolicibacterium_thermoresistibile,11286,11287,1
6590,Mycolicibacterium_thermoresistibile,11312,11313,1
6591,Mycolicibacterium_thermoresistibile,11473,11474,1
6592,Mycolicibacterium_thermoresistibile,11505,11512,7
6593,Mycolicibacterium_thermoresistibile,11520,11521,1
6594,Mycolicibacterium_thermoresistibile,11524,11531,7
6595,Mycolicibacterium_thermoresistibile,11532,11533,1
6596,Mycolicibacterium_thermoresistibile,11566,11567,1
6597,Mycolicibacterium_thermoresistibile,11782,11783,1
6598,Mycolicibacterium_thermoresistibile,11823,11824,1
6599,Mycolicibacterium_thermoresistibile,11826,11827,1
6600,Mycolicibacterium_thermoresistibile,11831,11836,5
6601,Mycolicibacterium_thermoresistibile,11847,11852,5
6602,Mycolicibacterium_thermoresistibile,11859,11860,1
6603,Mycolicibacterium_thermoresistibile,11864,11866,2
6604,Mycolicibacterium_thermoresistibile,11877,11878,1
6605,Mycolicibacterium_thermoresistibile,11993,11994,1
6606,Mycolicibacterium_thermoresistibile,12029,12030,1
6607,Mycolicibacterium_thermoresistibile,12068,12069,1
6608,Mycolicibacterium_thermoresistibile,12196,12197,1
6609,Mycolicibacterium_thermoresistibile,12207,12208,1
6610,Mycolicibacterium_thermoresistibile,12211,12212,1
6611,Mycolicibacterium_thermoresistibile,12213,12214,1
6612,Mycolicibacterium_thermoresistibile,12218,12222,4
6613,Mycolicibacterium_thermoresistibile,12225,12227,2
6614,Mycolicibacterium_thermoresistibile,12237,12238,1
6615,Mycolicibacterium_thermoresistibile,12360,12369,9
6616,Mycolicibacterium_thermoresistibile,12371,12372,1
6617,Mycolicibacterium_thermoresistibile,12374,12375,1
6618,Mycolicibacterium_thermoresistibile,12379,12380,1
6619,Mycolicibacterium_thermoresistibile,12384,12390,6
6620,Mycolicibacterium_thermoresistibile,12391,12400,9
6621,Mycolicibacterium_thermoresistibile,12454,12455,1
6622,Mycolicibacterium_thermoresistibile,12739,12740,1
6623,Mycolicibacterium_thermoresistibile,12798,12925,127
6624,Mycolicibacterium_thermoresistibile,13451,13452,1
6625,Mycolicibacterium_thermoresistibile,13453,13454,1
6626,Mycolicibacterium_thermoresistibile,13508,13509,1
6627,Mycolicibacter_terrae,1,10,9
6628,Mycolicibacter_terrae,21,39,18
6629,Mycolicibacter_terrae,43,46,3
6630,Mycolicibacter_terrae,59,136,77
6631,Mycolicibacter_terrae,346,349,3
6632,Mycolicibacter_terrae,1542,1691,149
6633,Mycolicibacter_terrae,3317,3361,44
6634,Mycolicibacter_terrae,3364,3365,1
6635,Mycolicibacter_terrae,3373,3374,1
6636,Mycolicibacter_terrae,3414,3420,6
6637,Mycolicibacter_terrae,3424,3460,36
6638,Mycolicibacter_terrae,3473,3479,6
6639,Mycolicibacter_terrae,3485,3491,6
6640,Mycolicibacter_terrae,3650,3653,3
6641,Mycolicibacter_terrae,3657,3672,15
6642,Mycolicibacter_terrae,3782,3788,6
6643,Mycolicibacter_terrae,4400,4406,6
6644,Mycolicibacter_terrae,4407,4413,6
6645,Mycolicibacter_terrae,4422,4426,4
6646,Mycolicibacter_terrae,4452,4455,3
6647,Mycolicibacter_terrae,4456,4486,30
6648,Mycolicibacter_terrae,4555,4564,9
6649,Mycolicibacter_terrae,4567,4573,6
6650,Mycolicibacter_terrae,5163,5169,6
6651,Mycolicibacter_terrae,5170,5179,9
6652,Mycolicibacter_terrae,5181,5190,9
6653,Mycolicibacter_terrae,5197,5199,2
6654,Mycolicibacter_terrae,5201,5204,3
6655,Mycolicibacter_terrae,5206,5214,8
6656,Mycolicibacter_terrae,5218,5230,12
6657,Mycolicibacter_terrae,5231,5241,10
6658,Mycolicibacter_terrae,5247,5253,6
6659,Mycolicibacter_terrae,5401,5402,1
6660,Mycolicibacter_terrae,6015,6016,1
6661,Mycolicibacter_terrae,6431,6452,21
6662,Mycolicibacter_terrae,6470,6494,24
6663,Mycolicibacter_terrae,7178,7254,76
6664,Mycolicibacter_terrae,7260,7268,8
6665,Mycolicibacter_terrae,7760,7763,3
6666,Mycolicibacter_terrae,8452,8500,48
6667,Mycolicibacter_terrae,8577,8578,1
6668,Mycolicibacter_terrae,8584,8599,15
6669,Mycolicibacter_terrae,8601,8603,2
6670,Mycolicibacter_terrae,8609,8610,1
6671,Mycolicibacter_terrae,8661,8662,1
6672,Mycolicibacter_terrae,8703,8704,1
6673,Mycolicibacter_terrae,8720,8721,1
6674,Mycolicibacter_terrae,8733,8735,2
6675,Mycolicibacter_terrae,8739,8742,3
6676,Mycolicibacter_terrae,8930,8931,1
6677,Mycolicibacter_terrae,8980,8982,2
6678,Mycolicibacter_terrae,9120,9121,1
6679,Mycolicibacter_terrae,9546,9547,1
6680,Mycolicibacter_terrae,9812,9814,2
6681,Mycolicibacter_terrae,9982,9986,4
6682,Mycolicibacter_terrae,10076,10078,2
6683,Mycolicibacter_terrae,10157,10158,1
6684,Mycolicibacter_terrae,10311,10312,1
6685,Mycolicibacter_terrae,10313,10315,2
6686,Mycolicibacter_terrae,10325,10326,1
6687,Mycolicibacter_terrae,10370,10371,1
6688,Mycolicibacter_terrae,10416,10417,1
6689,Mycolicibacter_terrae,10434,10435,1
6690,Mycolicibacter_terrae,10448,10449,1
6691,Mycolicibacter_terrae,10461,10462,1
6692,Mycolicibacter_terrae,10476,10477,1
6693,Mycolicibacter_terrae,10491,10492,1
6694,Mycolicibacter_terrae,10526,10527,1
6695,Mycolicibacter_terrae,10546,10649,103
6696,Mycolicibacter_terrae,10828,10830,2
6697,Mycolicibacter_terrae,10835,10843,8
6698,Mycolicibacter_terrae,10864,10865,1
6699,Mycolicibacter_terrae,10914,10915,1
6700,Mycolicibacter_terrae,10965,10966,1
6701,Mycolicibacter_terrae,10971,10975,4
6702,Mycolicibacter_terrae,11085,11086,1
6703,Mycolicibacter_terrae,11143,11144,1
6704,Mycolicibacter_terrae,11243,11244,1
6705,Mycolicibacter_terrae,11260,11261,1
6706,Mycolicibacter_terrae,11265,11267,2
6707,Mycolicibacter_terrae,11286,11287,1
6708,Mycolicibacter_terrae,11312,11313,1
6709,Mycolicibacter_terrae,11473,11474,1
6710,Mycolicibacter_terrae,11505,11512,7
6711,Mycolicibacter_terrae,11513,11514,1
6712,Mycolicibacter_terrae,11515,11533,18
6713,Mycolicibacter_terrae,11537,11538,1
6714,Mycolicibacter_terrae,11566,11567,1
6715,Mycolicibacter_terrae,11782,11783,1
6716,Mycolicibacter_terrae,11823,11824,1
6717,Mycolicibacter_terrae,11831,11836,5
6718,Mycolicibacter_terrae,11847,11850,3
6719,Mycolicibacter_terrae,11851,11852,1
6720,Mycolicibacter_terrae,11859,11860,1
6721,Mycolicibacter_terrae,11864,11866,2
6722,Mycolicibacter_terrae,11877,11878,1
6723,Mycolicibacter_terrae,11993,11994,1
6724,Mycolicibacter_terrae,12029,12030,1
6725,Mycolicibacter_terrae,12068,12069,1
6726,Mycolicibacter_terrae,12207,12208,1
6727,Mycolicibacter_terrae,12211,12212,1
6728,Mycolicibacter_terrae,12213,12214,1
6729,Mycolicibacter_terrae,12218,12222,4
6730,Mycolicibacter_terrae,12226,12227,1
6731,Mycolicibacter_terrae,12237,12238,1
6732,Mycolicibacter_terrae,12360,12369,9
6733,Mycolicibacter_terrae,12371,12372,1
6734,Mycolicibacter_terrae,12374,12375,1
6735,Mycolicibacter_terrae,12377,12382,5
6736,Mycolicibacter_terrae,12384,12390,6
6737,Mycolicibacter_terrae,12391,12400,9
6738,Mycolicibacter_terrae,12454,12455,1
6739,Mycolicibacter_terrae,12739,12740,1
6740,Mycolicibacter_terrae,12798,12925,127
6741,Mycolicibacter_terrae,13453,13454,1
6742,Mycolicibacter_terrae,13508,13509,1
6743,Mycobacterium_basiliense,1,10,9
6744,Mycobacterium_basiliense,21,39,18
6745,Mycobacterium_basiliense,43,46,3
6746,Mycobacterium_basiliense,53,71,18
6747,Mycobacterium_basiliense,87,107,20
6748,Mycobacterium_basiliense,117,132,15
6749,Mycobacterium_basiliense,133,136,3
6750,Mycobacterium_basiliense,346,349,3
6751,Mycobacterium_basiliense,1542,1691,149
6752,Mycobacterium_basiliense,3317,3381,64
6753,Mycobacterium_basiliense,3418,3420,2
6754,Mycobacterium_basiliense,3424,3458,34
6755,Mycobacterium_basiliense,3473,3479,6
6756,Mycobacterium_basiliense,3485,3491,6
6757,Mycobacterium_basiliense,3642,3645,3
6758,Mycobacterium_basiliense,3650,3653,3
6759,Mycobacterium_basiliense,3655,3667,12
6760,Mycobacterium_basiliense,3782,3788,6
6761,Mycobacterium_basiliense,4400,4406,6
6762,Mycobacterium_basiliense,4407,4413,6
6763,Mycobacterium_basiliense,4432,4445,13
6764,Mycobacterium_basiliense,4452,4455,3
6765,Mycobacterium_basiliense,4456,4462,6
6766,Mycobacterium_basiliense,4468,4480,12
6767,Mycobacterium_basiliense,4483,4486,3
6768,Mycobacterium_basiliense,4540,4552,12
6769,Mycobacterium_basiliense,4555,4564,9
6770,Mycobacterium_basiliense,4567,4573,6
6771,Mycobacterium_basiliense,4581,4584,3
6772,Mycobacterium_basiliense,5163,5169,6
6773,Mycobacterium_basiliense,5170,5179,9
6774,Mycobacterium_basiliense,5181,5190,9
6775,Mycobacterium_basiliense,5197,5199,2
6776,Mycobacterium_basiliense,5201,5204,3
6777,Mycobacterium_basiliense,5206,5214,8
6778,Mycobacterium_basiliense,5218,5240,22
6779,Mycobacterium_basiliense,5247,5253,6
6780,Mycobacterium_basiliense,5401,5402,1
6781,Mycobacterium_basiliense,6015,6016,1
6782,Mycobacterium_basiliense,6431,6452,21
6783,Mycobacterium_basiliense,6456,6462,6
6784,Mycobacterium_basiliense,6470,6494,24
6785,Mycobacterium_basiliense,7178,7254,76
6786,Mycobacterium_basiliense,7260,7268,8
6787,Mycobacterium_basiliense,7760,7763,3
6788,Mycobacterium_basiliense,8452,8500,48
6789,Mycobacterium_basiliense,8577,8578,1
6790,Mycobacterium_basiliense,8584,8599,15
6791,Mycobacterium_basiliense,8601,8603,2
6792,Mycobacterium_basiliense,8609,8610,1
6793,Mycobacterium_basiliense,8661,8662,1
6794,Mycobacterium_basiliense,8703,8704,1
6795,Mycobacterium_basiliense,8720,8721,1
6796,Mycobacterium_basiliense,8733,8735,2
6797,Mycobacterium_basiliense,8739,8742,3
6798,Mycobacterium_basiliense,8930,8931,1
6799,Mycobacterium_basiliense,8980,8982,2
6800,Mycobacterium_basiliense,8987,8989,2
6801,Mycobacterium_basiliense,8996,8998,2
6802,Mycobacterium_basiliense,9120,9121,1
6803,Mycobacterium_basiliense,9370,9372,2
6804,Mycobacterium_basiliense,9546,9547,1
6805,Mycobacterium_basiliense,9812,9813,1
6806,Mycobacterium_basiliense,9983,9986,3
6807,Mycobacterium_basiliense,10076,10078,2
6808,Mycobacterium_basiliense,10157,10158,1
6809,Mycobacterium_basiliense,10261,10262,1
6810,Mycobacterium_basiliense,10310,10312,2
6811,Mycobacterium_basiliense,10313,10315,2
6812,Mycobacterium_basiliense,10325,10326,1
6813,Mycobacterium_basiliense,10370,10371,1
6814,Mycobacterium_basiliense,10434,10435,1
6815,Mycobacterium_basiliense,10448,10449,1
6816,Mycobacterium_basiliense,10476,10477,1
6817,Mycobacterium_basiliense,10491,10492,1
6818,Mycobacterium_basiliense,10526,10527,1
6819,Mycobacterium_basiliense,10546,10649,103
6820,Mycobacterium_basiliense,10828,10830,2
6821,Mycobacterium_basiliense,10832,10846,14
6822,Mycobacterium_basiliense,10864,10865,1
6823,Mycobacterium_basiliense,10914,10915,1
6824,Mycobacterium_basiliense,10958,10967,9
6825,Mycobacterium_basiliense,10971,10972,1
6826,Mycobacterium_basiliense,10976,10977,1
6827,Mycobacterium_basiliense,11085,11086,1
6828,Mycobacterium_basiliense,11143,11144,1
6829,Mycobacterium_basiliense,11243,11244,1
6830,Mycobacterium_basiliense,11260,11261,1
6831,Mycobacterium_basiliense,11262,11263,1
6832,Mycobacterium_basiliense,11265,11267,2
6833,Mycobacterium_basiliense,11286,11287,1
6834,Mycobacterium_basiliense,11312,11313,1
6835,Mycobacterium_basiliense,11473,11474,1
6836,Mycobacterium_basiliense,11505,11534,29
6837,Mycobacterium_basiliense,11566,11567,1
6838,Mycobacterium_basiliense,11590,11591,1
6839,Mycobacterium_basiliense,11782,11783,1
6840,Mycobacterium_basiliense,11823,11824,1
6841,Mycobacterium_basiliense,11826,11827,1
6842,Mycobacterium_basiliense,11831,11836,5
6843,Mycobacterium_basiliense,11848,11850,2
6844,Mycobacterium_basiliense,11851,11852,1
6845,Mycobacterium_basiliense,11859,11860,1
6846,Mycobacterium_basiliense,11864,11866,2
6847,Mycobacterium_basiliense,11877,11878,1
6848,Mycobacterium_basiliense,11993,11994,1
6849,Mycobacterium_basiliense,12029,12030,1
6850,Mycobacterium_basiliense,12068,12069,1
6851,Mycobacterium_basiliense,12207,12208,1
6852,Mycobacterium_basiliense,12211,12212,1
6853,Mycobacterium_basiliense,12213,12214,1
6854,Mycobacterium_basiliense,12218,12222,4
6855,Mycobacterium_basiliense,12225,12227,2
6856,Mycobacterium_basiliense,12237,12238,1
6857,Mycobacterium_basiliense,12360,12369,9
6858,Mycobacterium_basiliense,12371,12372,1
6859,Mycobacterium_basiliense,12374,12380,6
6860,Mycobacterium_basiliense,12384,12390,6
6861,Mycobacterium_basiliense,12391,12400,9
6862,Mycobacterium_basiliense,12454,12455,1
6863,Mycobacterium_basiliense,12739,12740,1
6864,Mycobacterium_basiliense,12798,12925,127
6865,Mycobacterium_basiliense,13451,13452,1
6866,Mycobacterium_basiliense,13453,13454,1
6867,Mycobacterium_basiliense,13508,13509,1
6868,Mycolicibacterium_hassiacum,1,10,9
6869,Mycolicibacterium_hassiacum,21,39,18
6870,Mycolicibacterium_hassiacum,43,46,3
6871,Mycolicibacterium_hassiacum,53,71,18
6872,Mycolicibacterium_hassiacum,87,107,20
6873,Mycolicibacterium_hassiacum,117,132,15
6874,Mycolicibacterium_hassiacum,133,136,3
6875,Mycolicibacterium_hassiacum,346,349,3
6876,Mycolicibacterium_hassiacum,1542,1685,143
6877,Mycolicibacterium_hassiacum,3284,3287,3
6878,Mycolicibacterium_hassiacum,3317,3361,44
6879,Mycolicibacterium_hassiacum,3364,3365,1
6880,Mycolicibacterium_hassiacum,3373,3374,1
6881,Mycolicibacterium_hassiacum,3409,3421,12
6882,Mycolicibacterium_hassiacum,3424,3478,54
6883,Mycolicibacterium_hassiacum,3485,3491,6
6884,Mycolicibacterium_hassiacum,3642,3645,3
6885,Mycolicibacterium_hassiacum,3650,3653,3
6886,Mycolicibacterium_hassiacum,3655,3667,12
6887,Mycolicibacterium_hassiacum,3782,3788,6
6888,Mycolicibacterium_hassiacum,4400,4406,6
6889,Mycolicibacterium_hassiacum,4407,4413,6
6890,Mycolicibacterium_hassiacum,4417,4426,9
6891,Mycolicibacterium_hassiacum,4432,4445,13
6892,Mycolicibacterium_hassiacum,4452,4455,3
6893,Mycolicibacterium_hassiacum,4456,4462,6
6894,Mycolicibacterium_hassiacum,4468,4474,6
6895,Mycolicibacterium_hassiacum,4475,4481,6
6896,Mycolicibacterium_hassiacum,4483,4486,3
6897,Mycolicibacterium_hassiacum,4540,4552,12
6898,Mycolicibacterium_hassiacum,4555,4564,9
6899,Mycolicibacterium_hassiacum,4567,4573,6
6900,Mycolicibacterium_hassiacum,4582,4585,3
6901,Mycolicibacterium_hassiacum,5163,5169,6
6902,Mycolicibacterium_hassiacum,5170,5179,9
6903,Mycolicibacterium_hassiacum,5181,5190,9
6904,Mycolicibacterium_hassiacum,5197,5199,2
6905,Mycolicibacterium_hassiacum,5201,5204,3
6906,Mycolicibacterium_hassiacum,5206,5214,8
6907,Mycolicibacterium_hassiacum,5218,5230,12
6908,Mycolicibacterium_hassiacum,5231,5241,10
6909,Mycolicibacterium_hassiacum,5247,5253,6
6910,Mycolicibacterium_hassiacum,5401,5402,1
6911,Mycolicibacterium_hassiacum,6015,6016,1
6912,Mycolicibacterium_hassiacum,6431,6467,36
6913,Mycolicibacterium_hassiacum,6470,6494,24
6914,Mycolicibacterium_hassiacum,7178,7254,76
6915,Mycolicibacterium_hassiacum,7260,7268,8
6916,Mycolicibacterium_hassiacum,7760,7763,3
6917,Mycolicibacterium_hassiacum,8452,8500,48
6918,Mycolicibacterium_hassiacum,8577,8578,1
6919,Mycolicibacterium_hassiacum,8584,8599,15
6920,Mycolicibacterium_hassiacum,8601,8603,2
6921,Mycolicibacterium_hassiacum,8609,8610,1
6922,Mycolicibacterium_hassiacum,8661,8662,1
6923,Mycolicibacterium_hassiacum,8720,8721,1
6924,Mycolicibacterium_hassiacum,8733,8734,1
6925,Mycolicibacterium_hassiacum,8930,8931,1
6926,Mycolicibacterium_hassiacum,8980,8982,2
6927,Mycolicibacterium_hassiacum,8984,8998,14
6928,Mycolicibacterium_hassiacum,9120,9121,1
6929,Mycolicibacterium_hassiacum,9359,9360,1
6930,Mycolicibacterium_hassiacum,9370,9372,2
6931,Mycolicibacterium_hassiacum,9546,9547,1
6932,Mycolicibacterium_hassiacum,9812,9813,1
6933,Mycolicibacterium_hassiacum,9984,9986,2
6934,Mycolicibacterium_hassiacum,10076,10078,2
6935,Mycolicibacterium_hassiacum,10157,10158,1
6936,Mycolicibacterium_hassiacum,10261,10262,1
6937,Mycolicibacterium_hassiacum,10310,10312,2
6938,Mycolicibacterium_hassiacum,10313,10315,2
6939,Mycolicibacterium_hassiacum,10325,10326,1
6940,Mycolicibacterium_hassiacum,10352,10353,1
6941,Mycolicibacterium_hassiacum,10370,10371,1
6942,Mycolicibacterium_hassiacum,10434,10435,1
6943,Mycolicibacterium_hassiacum,10448,10449,1
6944,Mycolicibacterium_hassiacum,10461,10462,1
6945,Mycolicibacterium_hassiacum,10476,10477,1
6946,Mycolicibacterium_hassiacum,10491,10492,1
6947,Mycolicibacterium_hassiacum,10526,10527,1
6948,Mycolicibacterium_hassiacum,10547,10649,102
6949,Mycolicibacterium_hassiacum,10828,10843,15
6950,Mycolicibacterium_hassiacum,10864,10865,1
6951,Mycolicibacterium_hassiacum,10965,10966,1
6952,Mycolicibacterium_hassiacum,10971,10975,4
6953,Mycolicibacterium_hassiacum,11085,11086,1
6954,Mycolicibacterium_hassiacum,11143,11144,1
6955,Mycolicibacterium_hassiacum,11243,11244,1
6956,Mycolicibacterium_hassiacum,11260,11261,1
6957,Mycolicibacterium_hassiacum,11265,11267,2
6958,Mycolicibacterium_hassiacum,11286,11287,1
6959,Mycolicibacterium_hassiacum,11312,11313,1
6960,Mycolicibacterium_hassiacum,11473,11474,1
6961,Mycolicibacterium_hassiacum,11505,11512,7
6962,Mycolicibacterium_hassiacum,11520,11537,17
6963,Mycolicibacterium_hassiacum,11566,11567,1
6964,Mycolicibacterium_hassiacum,11590,11591,1
6965,Mycolicibacterium_hassiacum,11782,11783,1
6966,Mycolicibacterium_hassiacum,11823,11824,1
6967,Mycolicibacterium_hassiacum,11826,11835,9
6968,Mycolicibacterium_hassiacum,11846,11852,6
6969,Mycolicibacterium_hassiacum,11859,11860,1
6970,Mycolicibacterium_hassiacum,11864,11866,2
6971,Mycolicibacterium_hassiacum,11877,11878,1
6972,Mycolicibacterium_hassiacum,11993,11995,2
6973,Mycolicibacterium_hassiacum,12029,12030,1
6974,Mycolicibacterium_hassiacum,12068,12069,1
6975,Mycolicibacterium_hassiacum,12207,12208,1
6976,Mycolicibacterium_hassiacum,12211,12212,1
6977,Mycolicibacterium_hassiacum,12213,12214,1
6978,Mycolicibacterium_hassiacum,12218,12222,4
6979,Mycolicibacterium_hassiacum,12225,12227,2
6980,Mycolicibacterium_hassiacum,12237,12238,1
6981,Mycolicibacterium_hassiacum,12360,12369,9
6982,Mycolicibacterium_hassiacum,12371,12372,1
6983,Mycolicibacterium_hassiacum,12374,12375,1
6984,Mycolicibacterium_hassiacum,12377,12382,5
6985,Mycolicibacterium_hassiacum,12384,12390,6
6986,Mycolicibacterium_hassiacum,12391,12400,9
6987,Mycolicibacterium_hassiacum,12454,12455,1
6988,Mycolicibacterium_hassiacum,12739,12740,1
6989,Mycolicibacterium_hassiacum,12798,12925,127
6990,Mycolicibacterium_hassiacum,13451,13452,1
6991,Mycolicibacterium_hassiacum,13453,13454,1
6992,Mycolicibacterium_hassiacum,13508,13509,1
6993,Mycolicibacterium_aurum,1,10,9
6994,Mycolicibacterium_aurum,21,39,18
6995,Mycolicibacterium_aurum,43,46,3
6996,Mycolicibacterium_aurum,63,107,44
6997,Mycolicibacterium_aurum,117,126,9
6998,Mycolicibacterium_aurum,133,136,3
6999,Mycolicibacterium_aurum,346,349,3
7000,Mycolicibacterium_aurum,1542,1691,149
7001,Mycolicibacterium_aurum,3317,3361,44
7002,Mycolicibacterium_aurum,3364,3365,1
7003,Mycolicibacterium_aurum,3373,3374,1
7004,Mycolicibacterium_aurum,3407,3482,75
7005,Mycolicibacterium_aurum,3485,3491,6
7006,Mycolicibacterium_aurum,3642,3645,3
7007,Mycolicibacterium_aurum,3650,3653,3
7008,Mycolicibacterium_aurum,3655,3667,12
7009,Mycolicibacterium_aurum,3782,3788,6
7010,Mycolicibacterium_aurum,4400,4406,6
7011,Mycolicibacterium_aurum,4407,4413,6
7012,Mycolicibacterium_aurum,4417,4426,9
7013,Mycolicibacterium_aurum,4432,4445,13
7014,Mycolicibacterium_aurum,4452,4455,3
7015,Mycolicibacterium_aurum,4456,4462,6
7016,Mycolicibacterium_aurum,4468,4474,6
7017,Mycolicibacterium_aurum,4475,4481,6
7018,Mycolicibacterium_aurum,4483,4486,3
7019,Mycolicibacterium_aurum,4540,4552,12
7020,Mycolicibacterium_aurum,4555,4564,9
7021,Mycolicibacterium_aurum,4567,4573,6
7022,Mycolicibacterium_aurum,4582,4585,3
7023,Mycolicibacterium_aurum,5163,5169,6
7024,Mycolicibacterium_aurum,5170,5179,9
7025,Mycolicibacterium_aurum,5181,5190,9
7026,Mycolicibacterium_aurum,5197,5199,2
7027,Mycolicibacterium_aurum,5201,5204,3
7028,Mycolicibacterium_aurum,5206,5214,8
7029,Mycolicibacterium_aurum,5218,5230,12
7030,Mycolicibacterium_aurum,5231,5241,10
7031,Mycolicibacterium_aurum,5247,5253,6
7032,Mycolicibacterium_aurum,5401,5402,1
7033,Mycolicibacterium_aurum,6015,6016,1
7034,Mycolicibacterium_aurum,6431,6452,21
7035,Mycolicibacterium_aurum,6458,6467,9
7036,Mycolicibacterium_aurum,6470,6494,24
7037,Mycolicibacterium_aurum,7178,7254,76
7038,Mycolicibacterium_aurum,7260,7268,8
7039,Mycolicibacterium_aurum,7760,7763,3
7040,Mycolicibacterium_aurum,8452,8500,48
7041,Mycolicibacterium_aurum,8577,8578,1
7042,Mycolicibacterium_aurum,8584,8599,15
7043,Mycolicibacterium_aurum,8600,8604,4
7044,Mycolicibacterium_aurum,8609,8610,1
7045,Mycolicibacterium_aurum,8661,8662,1
7046,Mycolicibacterium_aurum,8703,8704,1
7047,Mycolicibacterium_aurum,8720,8721,1
7048,Mycolicibacterium_aurum,8733,8735,2
7049,Mycolicibacterium_aurum,8739,8742,3
7050,Mycolicibacterium_aurum,8930,8931,1
7051,Mycolicibacterium_aurum,8980,8982,2
7052,Mycolicibacterium_aurum,8984,8998,14
7053,Mycolicibacterium_aurum,9120,9121,1
7054,Mycolicibacterium_aurum,9370,9372,2
7055,Mycolicibacterium_aurum,9546,9547,1
7056,Mycolicibacterium_aurum,9812,9813,1
7057,Mycolicibacterium_aurum,9985,9986,1
7058,Mycolicibacterium_aurum,10076,10078,2
7059,Mycolicibacterium_aurum,10157,10158,1
7060,Mycolicibacterium_aurum,10261,10262,1
7061,Mycolicibacterium_aurum,10310,10312,2
7062,Mycolicibacterium_aurum,10313,10315,2
7063,Mycolicibacterium_aurum,10325,10326,1
7064,Mycolicibacterium_aurum,10370,10371,1
7065,Mycolicibacterium_aurum,10416,10417,1
7066,Mycolicibacterium_aurum,10434,10435,1
7067,Mycolicibacterium_aurum,10448,10449,1
7068,Mycolicibacterium_aurum,10461,10462,1
7069,Mycolicibacterium_aurum,10476,10477,1
7070,Mycolicibacterium_aurum,10491,10492,1
7071,Mycolicibacterium_aurum,10526,10527,1
7072,Mycolicibacterium_aurum,10545,10649,104
7073,Mycolicibacterium_aurum,10828,10832,4
7074,Mycolicibacterium_aurum,10835,10836,1
7075,Mycolicibacterium_aurum,10837,10843,6
7076,Mycolicibacterium_aurum,10864,10865,1
7077,Mycolicibacterium_aurum,10914,10915,1
7078,Mycolicibacterium_aurum,10965,10966,1
7079,Mycolicibacterium_aurum,10971,10975,4
7080,Mycolicibacterium_aurum,11085,11086,1
7081,Mycolicibacterium_aurum,11143,11144,1
7082,Mycolicibacterium_aurum,11243,11244,1
7083,Mycolicibacterium_aurum,11260,11261,1
7084,Mycolicibacterium_aurum,11265,11267,2
7085,Mycolicibacterium_aurum,11286,11287,1
7086,Mycolicibacterium_aurum,11312,11313,1
7087,Mycolicibacterium_aurum,11473,11474,1
7088,Mycolicibacterium_aurum,11505,11512,7
7089,Mycolicibacterium_aurum,11513,11514,1
7090,Mycolicibacterium_aurum,11520,11521,1
7091,Mycolicibacterium_aurum,11523,11538,15
7092,Mycolicibacterium_aurum,11566,11567,1
7093,Mycolicibacterium_aurum,11782,11783,1
7094,Mycolicibacterium_aurum,11823,11824,1
7095,Mycolicibacterium_aurum,11826,11827,1
7096,Mycolicibacterium_aurum,11831,11836,5
7097,Mycolicibacterium_aurum,11846,11850,4
7098,Mycolicibacterium_aurum,11851,11852,1
7099,Mycolicibacterium_aurum,11859,11860,1
7100,Mycolicibacterium_aurum,11864,11866,2
7101,Mycolicibacterium_aurum,11877,11878,1
7102,Mycolicibacterium_aurum,11993,11995,2
7103,Mycolicibacterium_aurum,12029,12030,1
7104,Mycolicibacterium_aurum,12068,12069,1
7105,Mycolicibacterium_aurum,12207,12208,1
7106,Mycolicibacterium_aurum,12211,12212,1
7107,Mycolicibacterium_aurum,12213,12214,1
7108,Mycolicibacterium_aurum,12218,12222,4
7109,Mycolicibacterium_aurum,12226,12227,1
7110,Mycolicibacterium_aurum,12237,12238,1
7111,Mycolicibacterium_aurum,12360,12369,9
7112,Mycolicibacterium_aurum,12371,12372,1
7113,Mycolicibacterium_aurum,12374,12375,1
7114,Mycolicibacterium_aurum,12377,12382,5
7115,Mycolicibacterium_aurum,12384,12390,6
7116,Mycolicibacterium_aurum,12391,12400,9
7117,Mycolicibacterium_aurum,12454,12455,1
7118,Mycolicibacterium_aurum,12739,12740,1
7119,Mycolicibacterium_aurum,12798,12925,127
7120,Mycolicibacterium_aurum,13451,13452,1
7121,Mycolicibacterium_aurum,13453,13454,1
7122,Mycolicibacterium_aurum,13508,13509,1
7123,Mycolicibacterium_chitae,1,10,9
7124,Mycolicibacterium_chitae,21,39,18
7125,Mycolicibacterium_chitae,43,46,3
7126,Mycolicibacterium_chitae,53,106,53
7127,Mycolicibacterium_chitae,117,132,15
7128,Mycolicibacterium_chitae,133,136,3
7129,Mycolicibacterium_chitae,346,349,3
7130,Mycolicibacterium_chitae,1542,1691,149
7131,Mycolicibacterium_chitae,3317,3361,44
7132,Mycolicibacterium_chitae,3364,3365,1
7133,Mycolicibacterium_chitae,3373,3374,1
7134,Mycolicibacterium_chitae,3409,3478,69
7135,Mycolicibacterium_chitae,3485,3491,6
7136,Mycolicibacterium_chitae,3642,3645,3
7137,Mycolicibacterium_chitae,3650,3653,3
7138,Mycolicibacterium_chitae,3655,3667,12
7139,Mycolicibacterium_chitae,3782,3788,6
7140,Mycolicibacterium_chitae,4400,4406,6
7141,Mycolicibacterium_chitae,4407,4413,6
7142,Mycolicibacterium_chitae,4417,4426,9
7143,Mycolicibacterium_chitae,4432,4445,13
7144,Mycolicibacterium_chitae,4452,4455,3
7145,Mycolicibacterium_chitae,4456,4462,6
7146,Mycolicibacterium_chitae,4468,4474,6
7147,Mycolicibacterium_chitae,4475,4481,6
7148,Mycolicibacterium_chitae,4483,4486,3
7149,Mycolicibacterium_chitae,4540,4552,12
7150,Mycolicibacterium_chitae,4555,4564,9
7151,Mycolicibacterium_chitae,4567,4573,6
7152,Mycolicibacterium_chitae,4582,4585,3
7153,Mycolicibacterium_chitae,5163,5169,6
7154,Mycolicibacterium_chitae,5170,5179,9
7155,Mycolicibacterium_chitae,5181,5190,9
7156,Mycolicibacterium_chitae,5197,5199,2
7157,Mycolicibacterium_chitae,5201,5204,3
7158,Mycolicibacterium_chitae,5206,5214,8
7159,Mycolicibacterium_chitae,5218,5230,12
7160,Mycolicibacterium_chitae,5231,5241,10
7161,Mycolicibacterium_chitae,5247,5253,6
7162,Mycolicibacterium_chitae,5401,5402,1
7163,Mycolicibacterium_chitae,6015,6016,1
7164,Mycolicibacterium_chitae,6431,6452,21
7165,Mycolicibacterium_chitae,6456,6462,6
7166,Mycolicibacterium_chitae,6470,6494,24
7167,Mycolicibacterium_chitae,7178,7254,76
7168,Mycolicibacterium_chitae,7260,7268,8
7169,Mycolicibacterium_chitae,7760,7763,3
7170,Mycolicibacterium_chitae,8452,8500,48
7171,Mycolicibacterium_chitae,8577,8578,1
7172,Mycolicibacterium_chitae,8584,8599,15
7173,Mycolicibacterium_chitae,8600,8604,4
7174,Mycolicibacterium_chitae,8609,8610,1
7175,Mycolicibacterium_chitae,8661,8662,1
7176,Mycolicibacterium_chitae,8703,8704,1
7177,Mycolicibacterium_chitae,8720,8721,1
7178,Mycolicibacterium_chitae,8733,8735,2
7179,Mycolicibacterium_chitae,8739,8742,3
7180,Mycolicibacterium_chitae,8930,8931,1
7181,Mycolicibacterium_chitae,8980,8982,2
7182,Mycolicibacterium_chitae,8984,8998,14
7183,Mycolicibacterium_chitae,9120,9121,1
7184,Mycolicibacterium_chitae,9370,9372,2
7185,Mycolicibacterium_chitae,9546,9547,1
7186,Mycolicibacterium_chitae,9812,9813,1
7187,Mycolicibacterium_chitae,9984,9986,2
7188,Mycolicibacterium_chitae,10076,10078,2
7189,Mycolicibacterium_chitae,10157,10158,1
7190,Mycolicibacterium_chitae,10261,10262,1
7191,Mycolicibacterium_chitae,10310,10312,2
7192,Mycolicibacterium_chitae,10313,10315,2
7193,Mycolicibacterium_chitae,10325,10326,1
7194,Mycolicibacterium_chitae,10352,10353,1
7195,Mycolicibacterium_chitae,10370,10371,1
7196,Mycolicibacterium_chitae,10416,10417,1
7197,Mycolicibacterium_chitae,10434,10435,1
7198,Mycolicibacterium_chitae,10448,10449,1
7199,Mycolicibacterium_chitae,10461,10462,1
7200,Mycolicibacterium_chitae,10476,10477,1
7201,Mycolicibacterium_chitae,10491,10492,1
7202,Mycolicibacterium_chitae,10526,10527,1
7203,Mycolicibacterium_chitae,10546,10649,103
7204,Mycolicibacterium_chitae,10828,10830,2
7205,Mycolicibacterium_chitae,10836,10845,9
7206,Mycolicibacterium_chitae,10864,10865,1
7207,Mycolicibacterium_chitae,10914,10915,1
7208,Mycolicibacterium_chitae,10961,10968,7
7209,Mycolicibacterium_chitae,10971,10975,4
7210,Mycolicibacterium_chitae,11085,11086,1
7211,Mycolicibacterium_chitae,11143,11144,1
7212,Mycolicibacterium_chitae,11243,11244,1
7213,Mycolicibacterium_chitae,11260,11261,1
7214,Mycolicibacterium_chitae,11265,11267,2
7215,Mycolicibacterium_chitae,11286,11287,1
7216,Mycolicibacterium_chitae,11312,11313,1
7217,Mycolicibacterium_chitae,11473,11474,1
7218,Mycolicibacterium_chitae,11505,11512,7
7219,Mycolicibacterium_chitae,11513,11514,1
7220,Mycolicibacterium_chitae,11518,11519,1
7221,Mycolicibacterium_chitae,11520,11521,1
7222,Mycolicibacterium_chitae,11523,11538,15
7223,Mycolicibacterium_chitae,11566,11567,1
7224,Mycolicibacterium_chitae,11782,11783,1
7225,Mycolicibacterium_chitae,11823,11824,1
7226,Mycolicibacterium_chitae,11826,11827,1
7227,Mycolicibacterium_chitae,11831,11836,5
7228,Mycolicibacterium_chitae,11846,11850,4
7229,Mycolicibacterium_chitae,11851,11852,1
7230,Mycolicibacterium_chitae,11859,11860,1
7231,Mycolicibacterium_chitae,11864,11866,2
7232,Mycolicibacterium_chitae,11877,11878,1
7233,Mycolicibacterium_chitae,11993,11995,2
7234,Mycolicibacterium_chitae,12029,12030,1
7235,Mycolicibacterium_chitae,12068,12069,1
7236,Mycolicibacterium_chitae,12211,12212,1
7237,Mycolicibacterium_chitae,12213,12214,1
7238,Mycolicibacterium_chitae,12218,12222,4
7239,Mycolicibacterium_chitae,12226,12227,1
7240,Mycolicibacterium_chitae,12237,12238,1
7241,Mycolicibacterium_chitae,12360,12369,9
7242,Mycolicibacterium_chitae,12371,12372,1
7243,Mycolicibacterium_chitae,12374,12375,1
7244,Mycolicibacterium_chitae,12378,12381,3
7245,Mycolicibacterium_chitae,12384,12390,6
7246,Mycolicibacterium_chitae,12391,12400,9
7247,Mycolicibacterium_chitae,12454,12455,1
7248,Mycolicibacterium_chitae,12739,12740,1
7249,Mycolicibacterium_chitae,12798,12925,127
7250,Mycolicibacterium_chitae,13451,13452,1
7251,Mycolicibacterium_chitae,13453,13454,1
7252,Mycolicibacterium_chitae,13508,13509,1
7253,Mycolicibacterium_vanbaalenii,1,10,9
7254,Mycolicibacterium_vanbaalenii,21,39,18
7255,Mycolicibacterium_vanbaalenii,43,46,3
7256,Mycolicibacterium_vanbaalenii,51,113,62
7257,Mycolicibacterium_vanbaalenii,117,132,15
7258,Mycolicibacterium_vanbaalenii,133,136,3
7259,Mycolicibacterium_vanbaalenii,346,349,3
7260,Mycolicibacterium_vanbaalenii,1542,1691,149
7261,Mycolicibacterium_vanbaalenii,3317,3361,44
7262,Mycolicibacterium_vanbaalenii,3364,3365,1
7263,Mycolicibacterium_vanbaalenii,3373,3374,1
7264,Mycolicibacterium_vanbaalenii,3407,3482,75
7265,Mycolicibacterium_vanbaalenii,3485,3491,6
7266,Mycolicibacterium_vanbaalenii,3642,3645,3
7267,Mycolicibacterium_vanbaalenii,3650,3653,3
7268,Mycolicibacterium_vanbaalenii,3655,3667,12
7269,Mycolicibacterium_vanbaalenii,3782,3788,6
7270,Mycolicibacterium_vanbaalenii,4400,4406,6
7271,Mycolicibacterium_vanbaalenii,4407,4413,6
7272,Mycolicibacterium_vanbaalenii,4417,4426,9
7273,Mycolicibacterium_vanbaalenii,4432,4445,13
7274,Mycolicibacterium_vanbaalenii,4452,4455,3
7275,Mycolicibacterium_vanbaalenii,4456,4462,6
7276,Mycolicibacterium_vanbaalenii,4468,4474,6
7277,Mycolicibacterium_vanbaalenii,4475,4481,6
7278,Mycolicibacterium_vanbaalenii,4483,4486,3
7279,Mycolicibacterium_vanbaalenii,4540,4552,12
7280,Mycolicibacterium_vanbaalenii,4555,4564,9
7281,Mycolicibacterium_vanbaalenii,4567,4573,6
7282,Mycolicibacterium_vanbaalenii,4582,4585,3
7283,Mycolicibacterium_vanbaalenii,5163,5169,6
7284,Mycolicibacterium_vanbaalenii,5170,5179,9
7285,Mycolicibacterium_vanbaalenii,5181,5190,9
7286,Mycolicibacterium_vanbaalenii,5197,5199,2
7287,Mycolicibacterium_vanbaalenii,5201,5204,3
7288,Mycolicibacterium_vanbaalenii,5206,5214,8
7289,Mycolicibacterium_vanbaalenii,5218,5230,12
7290,Mycolicibacterium_vanbaalenii,5231,5241,10
7291,Mycolicibacterium_vanbaalenii,5247,5253,6
7292,Mycolicibacterium_vanbaalenii,5401,5402,1
7293,Mycolicibacterium_vanbaalenii,6015,6016,1
7294,Mycolicibacterium_vanbaalenii,6431,6452,21
7295,Mycolicibacterium_vanbaalenii,6456,6462,6
7296,Mycolicibacterium_vanbaalenii,6470,6494,24
7297,Mycolicibacterium_vanbaalenii,7178,7254,76
7298,Mycolicibacterium_vanbaalenii,7260,7268,8
7299,Mycolicibacterium_vanbaalenii,7760,7763,3
7300,Mycolicibacterium_vanbaalenii,8452,8500,48
7301,Mycolicibacterium_vanbaalenii,8577,8578,1
7302,Mycolicibacterium_vanbaalenii,8584,8599,15
7303,Mycolicibacterium_vanbaalenii,8600,8604,4
7304,Mycolicibacterium_vanbaalenii,8609,8610,1
7305,Mycolicibacterium_vanbaalenii,8661,8662,1
7306,Mycolicibacterium_vanbaalenii,8733,8735,2
7307,Mycolicibacterium_vanbaalenii,8739,8742,3
7308,Mycolicibacterium_vanbaalenii,8930,8931,1
7309,Mycolicibacterium_vanbaalenii,8980,8982,2
7310,Mycolicibacterium_vanbaalenii,8984,8998,14
7311,Mycolicibacterium_vanbaalenii,9120,9121,1
7312,Mycolicibacterium_vanbaalenii,9370,9372,2
7313,Mycolicibacterium_vanbaalenii,9546,9547,1
7314,Mycolicibacterium_vanbaalenii,9812,9813,1
7315,Mycolicibacterium_vanbaalenii,9985,9986,1
7316,Mycolicibacterium_vanbaalenii,10076,10078,2
7317,Mycolicibacterium_vanbaalenii,10157,10158,1
7318,Mycolicibacterium_vanbaalenii,10261,10262,1
7319,Mycolicibacterium_vanbaalenii,10310,10312,2
7320,Mycolicibacterium_vanbaalenii,10313,10315,2
7321,Mycolicibacterium_vanbaalenii,10325,10326,1
7322,Mycolicibacterium_vanbaalenii,10370,10371,1
7323,Mycolicibacterium_vanbaalenii,10416,10417,1
7324,Mycolicibacterium_vanbaalenii,10434,10435,1
7325,Mycolicibacterium_vanbaalenii,10448,10449,1
7326,Mycolicibacterium_vanbaalenii,10461,10462,1
7327,Mycolicibacterium_vanbaalenii,10476,10477,1
7328,Mycolicibacterium_vanbaalenii,10491,10492,1
7329,Mycolicibacterium_vanbaalenii,10526,10527,1
7330,Mycolicibacterium_vanbaalenii,10547,10649,102
7331,Mycolicibacterium_vanbaalenii,10828,10832,4
7332,Mycolicibacterium_vanbaalenii,10835,10836,1
7333,Mycolicibacterium_vanbaalenii,10837,10843,6
7334,Mycolicibacterium_vanbaalenii,10864,10865,1
7335,Mycolicibacterium_vanbaalenii,10914,10915,1
7336,Mycolicibacterium_vanbaalenii,10965,10966,1
7337,Mycolicibacterium_vanbaalenii,10971,10975,4
7338,Mycolicibacterium_vanbaalenii,11085,11086,1
7339,Mycolicibacterium_vanbaalenii,11143,11144,1
7340,Mycolicibacterium_vanbaalenii,11243,11244,1
7341,Mycolicibacterium_vanbaalenii,11260,11261,1
7342,Mycolicibacterium_vanbaalenii,11265,11267,2
7343,Mycolicibacterium_vanbaalenii,11286,11287,1
7344,Mycolicibacterium_vanbaalenii,11312,11313,1
7345,Mycolicibacterium_vanbaalenii,11473,11474,1
7346,Mycolicibacterium_vanbaalenii,11505,11512,7
7347,Mycolicibacterium_vanbaalenii,11513,11514,1
7348,Mycolicibacterium_vanbaalenii,11520,11521,1
7349,Mycolicibacterium_vanbaalenii,11523,11538,15
7350,Mycolicibacterium_vanbaalenii,11566,11567,1
7351,Mycolicibacterium_vanbaalenii,11782,11783,1
7352,Mycolicibacterium_vanbaalenii,11823,11824,1
7353,Mycolicibacterium_vanbaalenii,11826,11827,1
7354,Mycolicibacterium_vanbaalenii,11831,11836,5
7355,Mycolicibacterium_vanbaalenii,11846,11850,4
7356,Mycolicibacterium_vanbaalenii,11851,11852,1
7357,Mycolicibacterium_vanbaalenii,11859,11860,1
7358,Mycolicibacterium_vanbaalenii,11864,11866,2
7359,Mycolicibacterium_vanbaalenii,11877,11878,1
7360,Mycolicibacterium_vanbaalenii,11993,11994,1
7361,Mycolicibacterium_vanbaalenii,12029,12030,1
7362,Mycolicibacterium_vanbaalenii,12068,12069,1
7363,Mycolicibacterium_vanbaalenii,12207,12208,1
7364,Mycolicibacterium_vanbaalenii,12211,12212,1
7365,Mycolicibacterium_vanbaalenii,12213,12214,1
7366,Mycolicibacterium_vanbaalenii,12218,12222,4
7367,Mycolicibacterium_vanbaalenii,12226,12227,1
7368,Mycolicibacterium_vanbaalenii,12237,12238,1
7369,Mycolicibacterium_vanbaalenii,12360,12369,9
7370,Mycolicibacterium_vanbaalenii,12371,12372,1
7371,Mycolicibacterium_vanbaalenii,12374,12375,1
7372,Mycolicibacterium_vanbaalenii,12377,12382,5
7373,Mycolicibacterium_vanbaalenii,12384,12390,6
7374,Mycolicibacterium_vanbaalenii,12391,12400,9
7375,Mycolicibacterium_vanbaalenii,12454,12455,1
7376,Mycolicibacterium_vanbaalenii,12739,12740,1
7377,Mycolicibacterium_vanbaalenii,12798,12925,127
7378,Mycolicibacterium_vanbaalenii,13451,13452,1
7379,Mycolicibacterium_vanbaalenii,13453,13454,1
7380,Mycolicibacterium_vanbaalenii,13508,13509,1
7381,Mycolicibacterium_aubagnense,1,10,9
7382,Mycolicibacterium_aubagnense,21,39,18
7383,Mycolicibacterium_aubagnense,43,46,3
7384,Mycolicibacterium_aubagnense,50,109,59
7385,Mycolicibacterium_aubagnense,117,132,15
7386,Mycolicibacterium_aubagnense,133,136,3
7387,Mycolicibacterium_aubagnense,346,349,3
7388,Mycolicibacterium_aubagnense,1542,1691,149
7389,Mycolicibacterium_aubagnense,3317,3361,44
7390,Mycolicibacterium_aubagnense,3364,3365,1
7391,Mycolicibacterium_aubagnense,3373,3374,1
7392,Mycolicibacterium_aubagnense,3409,3420,11
7393,Mycolicibacterium_aubagnense,3424,3491,67
7394,Mycolicibacterium_aubagnense,3642,3645,3
7395,Mycolicibacterium_aubagnense,3650,3653,3
7396,Mycolicibacterium_aubagnense,3655,3667,12
7397,Mycolicibacterium_aubagnense,3782,3788,6
7398,Mycolicibacterium_aubagnense,4400,4406,6
7399,Mycolicibacterium_aubagnense,4407,4413,6
7400,Mycolicibacterium_aubagnense,4417,4426,9
7401,Mycolicibacterium_aubagnense,4432,4445,13
7402,Mycolicibacterium_aubagnense,4452,4455,3
7403,Mycolicibacterium_aubagnense,4468,4474,6
7404,Mycolicibacterium_aubagnense,4475,4481,6
7405,Mycolicibacterium_aubagnense,4483,4486,3
7406,Mycolicibacterium_aubagnense,4540,4552,12
7407,Mycolicibacterium_aubagnense,4555,4564,9
7408,Mycolicibacterium_aubagnense,4567,4573,6
7409,Mycolicibacterium_aubagnense,4582,4585,3
7410,Mycolicibacterium_aubagnense,5163,5169,6
7411,Mycolicibacterium_aubagnense,5170,5179,9
7412,Mycolicibacterium_aubagnense,5181,5190,9
7413,Mycolicibacterium_aubagnense,5197,5199,2
7414,Mycolicibacterium_aubagnense,5201,5204,3
7415,Mycolicibacterium_aubagnense,5206,5214,8
7416,Mycolicibacterium_aubagnense,5218,5230,12
7417,Mycolicibacterium_aubagnense,5231,5241,10
7418,Mycolicibacterium_aubagnense,5247,5253,6
7419,Mycolicibacterium_aubagnense,5401,5402,1
7420,Mycolicibacterium_aubagnense,6015,6016,1
7421,Mycolicibacterium_aubagnense,6431,6452,21
7422,Mycolicibacterium_aubagnense,6456,6459,3
7423,Mycolicibacterium_aubagnense,6470,6491,21
7424,Mycolicibacterium_aubagnense,7178,7254,76
7425,Mycolicibacterium_aubagnense,7260,7268,8
7426,Mycolicibacterium_aubagnense,7760,7763,3
7427,Mycolicibacterium_aubagnense,8452,8500,48
7428,Mycolicibacterium_aubagnense,8577,8578,1
7429,Mycolicibacterium_aubagnense,8584,8599,15
7430,Mycolicibacterium_aubagnense,8600,8604,4
7431,Mycolicibacterium_aubagnense,8609,8610,1
7432,Mycolicibacterium_aubagnense,8661,8662,1
7433,Mycolicibacterium_aubagnense,8703,8704,1
7434,Mycolicibacterium_aubagnense,8720,8721,1
7435,Mycolicibacterium_aubagnense,8733,8735,2
7436,Mycolicibacterium_aubagnense,8739,8742,3
7437,Mycolicibacterium_aubagnense,8930,8931,1
7438,Mycolicibacterium_aubagnense,8980,8982,2
7439,Mycolicibacterium_aubagnense,8984,8998,14
7440,Mycolicibacterium_aubagnense,9120,9121,1
7441,Mycolicibacterium_aubagnense,9359,9360,1
7442,Mycolicibacterium_aubagnense,9370,9372,2
7443,Mycolicibacterium_aubagnense,9546,9547,1
7444,Mycolicibacterium_aubagnense,9812,9813,1
7445,Mycolicibacterium_aubagnense,9982,9984,2
7446,Mycolicibacterium_aubagnense,9985,9986,1
7447,Mycolicibacterium_aubagnense,10076,10078,2
7448,Mycolicibacterium_aubagnense,10157,10158,1
7449,Mycolicibacterium_aubagnense,10261,10262,1
7450,Mycolicibacterium_aubagnense,10310,10312,2
7451,Mycolicibacterium_aubagnense,10313,10315,2
7452,Mycolicibacterium_aubagnense,10325,10326,1
7453,Mycolicibacterium_aubagnense,10352,10353,1
7454,Mycolicibacterium_aubagnense,10370,10371,1
7455,Mycolicibacterium_aubagnense,10416,10417,1
7456,Mycolicibacterium_aubagnense,10434,10435,1
7457,Mycolicibacterium_aubagnense,10448,10449,1
7458,Mycolicibacterium_aubagnense,10476,10477,1
7459,Mycolicibacterium_aubagnense,10491,10492,1
7460,Mycolicibacterium_aubagnense,10526,10527,1
7461,Mycolicibacterium_aubagnense,10546,10649,103
7462,Mycolicibacterium_aubagnense,10828,10832,4
7463,Mycolicibacterium_aubagnense,10835,10843,8
7464,Mycolicibacterium_aubagnense,10864,10865,1
7465,Mycolicibacterium_aubagnense,10914,10915,1
7466,Mycolicibacterium_aubagnense,10965,10977,12
7467,Mycolicibacterium_aubagnense,11085,11086,1
7468,Mycolicibacterium_aubagnense,11143,11144,1
7469,Mycolicibacterium_aubagnense,11243,11244,1
7470,Mycolicibacterium_aubagnense,11260,11261,1
7471,Mycolicibacterium_aubagnense,11266,11267,1
7472,Mycolicibacterium_aubagnense,11286,11287,1
7473,Mycolicibacterium_aubagnense,11312,11313,1
7474,Mycolicibacterium_aubagnense,11473,11474,1
7475,Mycolicibacterium_aubagnense,11505,11534,29
7476,Mycolicibacterium_aubagnense,11566,11567,1
7477,Mycolicibacterium_aubagnense,11782,11783,1
7478,Mycolicibacterium_aubagnense,11823,11824,1
7479,Mycolicibacterium_aubagnense,11825,11827,2
7480,Mycolicibacterium_aubagnense,11831,11836,5
7481,Mycolicibacterium_aubagnense,11846,11850,4
7482,Mycolicibacterium_aubagnense,11851,11852,1
7483,Mycolicibacterium_aubagnense,11859,11860,1
7484,Mycolicibacterium_aubagnense,11864,11866,2
7485,Mycolicibacterium_aubagnense,11877,11878,1
7486,Mycolicibacterium_aubagnense,11993,11994,1
7487,Mycolicibacterium_aubagnense,12029,12030,1
7488,Mycolicibacterium_aubagnense,12068,12069,1
7489,Mycolicibacterium_aubagnense,12207,12208,1
7490,Mycolicibacterium_aubagnense,12211,12212,1
7491,Mycolicibacterium_aubagnense,12213,12214,1
7492,Mycolicibacterium_aubagnense,12218,12222,4
7493,Mycolicibacterium_aubagnense,12226,12227,1
7494,Mycolicibacterium_aubagnense,12229,12230,1
7495,Mycolicibacterium_aubagnense,12237,12238,1
7496,Mycolicibacterium_aubagnense,12360,12369,9
7497,Mycolicibacterium_aubagnense,12371,12372,1
7498,Mycolicibacterium_aubagnense,12374,12375,1
7499,Mycolicibacterium_aubagnense,12378,12381,3
7500,Mycolicibacterium_aubagnense,12384,12390,6
7501,Mycolicibacterium_aubagnense,12391,12400,9
7502,Mycolicibacterium_aubagnense,12454,12455,1
7503,Mycolicibacterium_aubagnense,12739,12740,1
7504,Mycolicibacterium_aubagnense,12798,12925,127
7505,Mycolicibacterium_aubagnense,13451,13452,1
7506,Mycolicibacterium_aubagnense,13453,13454,1
7507,Mycolicibacterium_aubagnense,13508,13509,1
7508,Mycolicibacterium_chubuense,1,10,9
7509,Mycolicibacterium_chubuense,21,39,18
7510,Mycolicibacterium_chubuense,43,46,3
7511,Mycolicibacterium_chubuense,51,107,56
7512,Mycolicibacterium_chubuense,117,132,15
7513,Mycolicibacterium_chubuense,133,136,3
7514,Mycolicibacterium_chubuense,346,349,3
7515,Mycolicibacterium_chubuense,1542,1691,149
7516,Mycolicibacterium_chubuense,3317,3361,44
7517,Mycolicibacterium_chubuense,3364,3365,1
7518,Mycolicibacterium_chubuense,3373,3374,1
7519,Mycolicibacterium_chubuense,3408,3480,72
7520,Mycolicibacterium_chubuense,3485,3491,6
7521,Mycolicibacterium_chubuense,3642,3645,3
7522,Mycolicibacterium_chubuense,3650,3653,3
7523,Mycolicibacterium_chubuense,3655,3667,12
7524,Mycolicibacterium_chubuense,3782,3788,6
7525,Mycolicibacterium_chubuense,4400,4406,6
7526,Mycolicibacterium_chubuense,4407,4413,6
7527,Mycolicibacterium_chubuense,4417,4426,9
7528,Mycolicibacterium_chubuense,4432,4445,13
7529,Mycolicibacterium_chubuense,4452,4455,3
7530,Mycolicibacterium_chubuense,4456,4462,6
7531,Mycolicibacterium_chubuense,4468,4474,6
7532,Mycolicibacterium_chubuense,4475,4481,6
7533,Mycolicibacterium_chubuense,4483,4486,3
7534,Mycolicibacterium_chubuense,4540,4552,12
7535,Mycolicibacterium_chubuense,4555,4564,9
7536,Mycolicibacterium_chubuense,4567,4573,6
7537,Mycolicibacterium_chubuense,4582,4585,3
7538,Mycolicibacterium_chubuense,5163,5169,6
7539,Mycolicibacterium_chubuense,5170,5179,9
7540,Mycolicibacterium_chubuense,5181,5190,9
7541,Mycolicibacterium_chubuense,5197,5199,2
7542,Mycolicibacterium_chubuense,5201,5204,3
7543,Mycolicibacterium_chubuense,5206,5214,8
7544,Mycolicibacterium_chubuense,5218,5230,12
7545,Mycolicibacterium_chubuense,5231,5241,10
7546,Mycolicibacterium_chubuense,5247,5253,6
7547,Mycolicibacterium_chubuense,5401,5402,1
7548,Mycolicibacterium_chubuense,6015,6016,1
7549,Mycolicibacterium_chubuense,6431,6467,36
7550,Mycolicibacterium_chubuense,6470,6494,24
7551,Mycolicibacterium_chubuense,7178,7254,76
7552,Mycolicibacterium_chubuense,7260,7268,8
7553,Mycolicibacterium_chubuense,7760,7763,3
7554,Mycolicibacterium_chubuense,8452,8500,48
7555,Mycolicibacterium_chubuense,8577,8578,1
7556,Mycolicibacterium_chubuense,8584,8599,15
7557,Mycolicibacterium_chubuense,8600,8604,4
7558,Mycolicibacterium_chubuense,8609,8610,1
7559,Mycolicibacterium_chubuense,8661,8662,1
7560,Mycolicibacterium_chubuense,8703,8704,1
7561,Mycolicibacterium_chubuense,8720,8721,1
7562,Mycolicibacterium_chubuense,8733,8735,2
7563,Mycolicibacterium_chubuense,8739,8742,3
7564,Mycolicibacterium_chubuense,8930,8931,1
7565,Mycolicibacterium_chubuense,8980,8982,2
7566,Mycolicibacterium_chubuense,8984,8998,14
7567,Mycolicibacterium_chubuense,9120,9121,1
7568,Mycolicibacterium_chubuense,9370,9372,2
7569,Mycolicibacterium_chubuense,9546,9547,1
7570,Mycolicibacterium_chubuense,9812,9813,1
7571,Mycolicibacterium_chubuense,9985,9986,1
7572,Mycolicibacterium_chubuense,10076,10078,2
7573,Mycolicibacterium_chubuense,10157,10158,1
7574,Mycolicibacterium_chubuense,10261,10262,1
7575,Mycolicibacterium_chubuense,10310,10312,2
7576,Mycolicibacterium_chubuense,10313,10315,2
7577,Mycolicibacterium_chubuense,10325,10326,1
7578,Mycolicibacterium_chubuense,10370,10371,1
7579,Mycolicibacterium_chubuense,10416,10417,1
7580,Mycolicibacterium_chubuense,10434,10435,1
7581,Mycolicibacterium_chubuense,10448,10449,1
7582,Mycolicibacterium_chubuense,10461,10462,1
7583,Mycolicibacterium_chubuense,10476,10477,1
7584,Mycolicibacterium_chubuense,10491,10492,1
7585,Mycolicibacterium_chubuense,10526,10527,1
7586,Mycolicibacterium_chubuense,10548,10649,101
7587,Mycolicibacterium_chubuense,10828,10830,2
7588,Mycolicibacterium_chubuense,10835,10836,1
7589,Mycolicibacterium_chubuense,10837,10843,6
7590,Mycolicibacterium_chubuense,10864,10865,1
7591,Mycolicibacterium_chubuense,10914,10915,1
7592,Mycolicibacterium_chubuense,10965,10966,1
7593,Mycolicibacterium_chubuense,10971,10975,4
7594,Mycolicibacterium_chubuense,11085,11086,1
7595,Mycolicibacterium_chubuense,11143,11144,1
7596,Mycolicibacterium_chubuense,11243,11244,1
7597,Mycolicibacterium_chubuense,11260,11261,1
7598,Mycolicibacterium_chubuense,11265,11267,2
7599,Mycolicibacterium_chubuense,11286,11287,1
7600,Mycolicibacterium_chubuense,11312,11313,1
7601,Mycolicibacterium_chubuense,11473,11474,1
7602,Mycolicibacterium_chubuense,11505,11512,7
7603,Mycolicibacterium_chubuense,11513,11514,1
7604,Mycolicibacterium_chubuense,11520,11521,1
7605,Mycolicibacterium_chubuense,11523,11537,14
7606,Mycolicibacterium_chubuense,11566,11567,1
7607,Mycolicibacterium_chubuense,11782,11783,1
7608,Mycolicibacterium_chubuense,11823,11824,1
7609,Mycolicibacterium_chubuense,11826,11827,1
7610,Mycolicibacterium_chubuense,11831,11836,5
7611,Mycolicibacterium_chubuense,11846,11850,4
7612,Mycolicibacterium_chubuense,11851,11852,1
7613,Mycolicibacterium_chubuense,11859,11860,1
7614,Mycolicibacterium_chubuense,11864,11866,2
7615,Mycolicibacterium_chubuense,11877,11878,1
7616,Mycolicibacterium_chubuense,11993,11994,1
7617,Mycolicibacterium_chubuense,12029,12030,1
7618,Mycolicibacterium_chubuense,12068,12069,1
7619,Mycolicibacterium_chubuense,12207,12208,1
7620,Mycolicibacterium_chubuense,12211,12212,1
7621,Mycolicibacterium_chubuense,12213,12214,1
7622,Mycolicibacterium_chubuense,12218,12222,4
7623,Mycolicibacterium_chubuense,12226,12227,1
7624,Mycolicibacterium_chubuense,12237,12238,1
7625,Mycolicibacterium_chubuense,12360,12369,9
7626,Mycolicibacterium_chubuense,12371,12372,1
7627,Mycolicibacterium_chubuense,12374,12375,1
7628,Mycolicibacterium_chubuense,12378,12381,3
7629,Mycolicibacterium_chubuense,12384,12390,6
7630,Mycolicibacterium_chubuense,12391,12400,9
7631,Mycolicibacterium_chubuense,12454,12455,1
7632,Mycolicibacterium_chubuense,12739,12740,1
7633,Mycolicibacterium_chubuense,12798,12925,127
7634,Mycolicibacterium_chubuense,13453,13454,1
7635,Mycolicibacterium_chubuense,13508,13509,1
7636,Mycobacterium_liflandii,1,10,9
7637,Mycobacterium_liflandii,21,39,18
7638,Mycobacterium_liflandii,43,46,3
7639,Mycobacterium_liflandii,53,71,18
7640,Mycobacterium_liflandii,87,107,20
7641,Mycobacterium_liflandii,117,132,15
7642,Mycobacterium_liflandii,133,136,3
7643,Mycobacterium_liflandii,346,349,3
7644,Mycobacterium_liflandii,1542,1691,149
7645,Mycobacterium_liflandii,3317,3361,44
7646,Mycobacterium_liflandii,3364,3365,1
7647,Mycobacterium_liflandii,3373,3374,1
7648,Mycobacterium_liflandii,3414,3420,6
7649,Mycobacterium_liflandii,3424,3460,36
7650,Mycobacterium_liflandii,3473,3479,6
7651,Mycobacterium_liflandii,3485,3491,6
7652,Mycobacterium_liflandii,3642,3645,3
7653,Mycobacterium_liflandii,3650,3653,3
7654,Mycobacterium_liflandii,3655,3667,12
7655,Mycobacterium_liflandii,3782,3788,6
7656,Mycobacterium_liflandii,4400,4406,6
7657,Mycobacterium_liflandii,4407,4413,6
7658,Mycobacterium_liflandii,4417,4426,9
7659,Mycobacterium_liflandii,4432,4445,13
7660,Mycobacterium_liflandii,4452,4455,3
7661,Mycobacterium_liflandii,4456,4462,6
7662,Mycobacterium_liflandii,4468,4480,12
7663,Mycobacterium_liflandii,4483,4486,3
7664,Mycobacterium_liflandii,4540,4552,12
7665,Mycobacterium_liflandii,4555,4564,9
7666,Mycobacterium_liflandii,4567,4573,6
7667,Mycobacterium_liflandii,4581,4584,3
7668,Mycobacterium_liflandii,5163,5169,6
7669,Mycobacterium_liflandii,5170,5179,9
7670,Mycobacterium_liflandii,5181,5190,9
7671,Mycobacterium_liflandii,5197,5199,2
7672,Mycobacterium_liflandii,5201,5204,3
7673,Mycobacterium_liflandii,5206,5214,8
7674,Mycobacterium_liflandii,5218,5230,12
7675,Mycobacterium_liflandii,5231,5241,10
7676,Mycobacterium_liflandii,5247,5253,6
7677,Mycobacterium_liflandii,5401,5402,1
7678,Mycobacterium_liflandii,6015,6016,1
7679,Mycobacterium_liflandii,6431,6452,21
7680,Mycobacterium_liflandii,6456,6462,6
7681,Mycobacterium_liflandii,6470,6494,24
7682,Mycobacterium_liflandii,7178,7254,76
7683,Mycobacterium_liflandii,7260,7268,8
7684,Mycobacterium_liflandii,7760,7763,3
7685,Mycobacterium_liflandii,8452,8500,48
7686,Mycobacterium_liflandii,8577,8578,1
7687,Mycobacterium_liflandii,8584,8599,15
7688,Mycobacterium_liflandii,8601,8603,2
7689,Mycobacterium_liflandii,8609,8610,1
7690,Mycobacterium_liflandii,8661,8662,1
7691,Mycobacterium_liflandii,8703,8704,1
7692,Mycobacterium_liflandii,8720,8721,1
7693,Mycobacterium_liflandii,8733,8735,2
7694,Mycobacterium_liflandii,8739,8742,3
7695,Mycobacterium_liflandii,8930,8931,1
7696,Mycobacterium_liflandii,8980,8982,2
7697,Mycobacterium_liflandii,8996,8998,2
7698,Mycobacterium_liflandii,9120,9121,1
7699,Mycobacterium_liflandii,9370,9372,2
7700,Mycobacterium_liflandii,9546,9547,1
7701,Mycobacterium_liflandii,9812,9814,2
7702,Mycobacterium_liflandii,9983,9986,3
7703,Mycobacterium_liflandii,10076,10078,2
7704,Mycobacterium_liflandii,10157,10158,1
7705,Mycobacterium_liflandii,10261,10262,1
7706,Mycobacterium_liflandii,10310,10312,2
7707,Mycobacterium_liflandii,10313,10315,2
7708,Mycobacterium_liflandii,10325,10326,1
7709,Mycobacterium_liflandii,10370,10371,1
7710,Mycobacterium_liflandii,10434,10435,1
7711,Mycobacterium_liflandii,10448,10449,1
7712,Mycobacterium_liflandii,10476,10477,1
7713,Mycobacterium_liflandii,10491,10492,1
7714,Mycobacterium_liflandii,10526,10527,1
7715,Mycobacterium_liflandii,10546,10649,103
7716,Mycobacterium_liflandii,10828,10830,2
7717,Mycobacterium_liflandii,10832,10846,14
7718,Mycobacterium_liflandii,10864,10865,1
7719,Mycobacterium_liflandii,10914,10915,1
7720,Mycobacterium_liflandii,10958,10967,9
7721,Mycobacterium_liflandii,10971,10972,1
7722,Mycobacterium_liflandii,10976,10977,1
7723,Mycobacterium_liflandii,11085,11086,1
7724,Mycobacterium_liflandii,11143,11144,1
7725,Mycobacterium_liflandii,11243,11244,1
7726,Mycobacterium_liflandii,11260,11261,1
7727,Mycobacterium_liflandii,11262,11263,1
7728,Mycobacterium_liflandii,11265,11267,2
7729,Mycobacterium_liflandii,11286,11287,1
7730,Mycobacterium_liflandii,11312,11313,1
7731,Mycobacterium_liflandii,11473,11474,1
7732,Mycobacterium_liflandii,11505,11534,29
7733,Mycobacterium_liflandii,11566,11567,1
7734,Mycobacterium_liflandii,11590,11591,1
7735,Mycobacterium_liflandii,11782,11783,1
7736,Mycobacterium_liflandii,11823,11824,1
7737,Mycobacterium_liflandii,11826,11827,1
7738,Mycobacterium_liflandii,11831,11836,5
7739,Mycobacterium_liflandii,11848,11850,2
7740,Mycobacterium_liflandii,11851,11852,1
7741,Mycobacterium_liflandii,11859,11860,1
7742,Mycobacterium_liflandii,11864,11866,2
7743,Mycobacterium_liflandii,11877,11878,1
7744,Mycobacterium_liflandii,11993,11994,1
7745,Mycobacterium_liflandii,12029,12030,1
7746,Mycobacterium_liflandii,12068,12069,1
7747,Mycobacterium_liflandii,12207,12208,1
7748,Mycobacterium_liflandii,12211,12212,1
7749,Mycobacterium_liflandii,12213,12214,1
7750,Mycobacterium_liflandii,12218,12222,4
7751,Mycobacterium_liflandii,12225,12227,2
7752,Mycobacterium_liflandii,12237,12238,1
7753,Mycobacterium_liflandii,12360,12369,9
7754,Mycobacterium_liflandii,12371,12372,1
7755,Mycobacterium_liflandii,12374,12380,6
7756,Mycobacterium_liflandii,12384,12390,6
7757,Mycobacterium_liflandii,12391,12400,9
7758,Mycobacterium_liflandii,12454,12455,1
7759,Mycobacterium_liflandii,12739,12740,1
7760,Mycobacterium_liflandii,12798,12925,127
7761,Mycobacterium_liflandii,13451,13452,1
7762,Mycobacterium_liflandii,13453,13454,1
7763,Mycobacterium_liflandii,13508,13509,1
7764,Mycolicibacterium_rhodesiae,1,10,9
7765,Mycolicibacterium_rhodesiae,21,39,18
7766,Mycolicibacterium_rhodesiae,43,46,3
7767,Mycolicibacterium_rhodesiae,56,136,80
7768,Mycolicibacterium_rhodesiae,346,349,3
7769,Mycolicibacterium_rhodesiae,1572,1604,32
7770,Mycolicibacterium_rhodesiae,1633,1648,15
7771,Mycolicibacterium_rhodesiae,1666,1675,9
7772,Mycolicibacterium_rhodesiae,3317,3361,44
7773,Mycolicibacterium_rhodesiae,3364,3365,1
7774,Mycolicibacterium_rhodesiae,3373,3374,1
7775,Mycolicibacterium_rhodesiae,3414,3420,6
7776,Mycolicibacterium_rhodesiae,3424,3478,54
7777,Mycolicibacterium_rhodesiae,3485,3491,6
7778,Mycolicibacterium_rhodesiae,3642,3645,3
7779,Mycolicibacterium_rhodesiae,3655,3667,12
7780,Mycolicibacterium_rhodesiae,3782,3788,6
7781,Mycolicibacterium_rhodesiae,4400,4406,6
7782,Mycolicibacterium_rhodesiae,4407,4413,6
7783,Mycolicibacterium_rhodesiae,4417,4426,9
7784,Mycolicibacterium_rhodesiae,4432,4445,13
7785,Mycolicibacterium_rhodesiae,4452,4455,3
7786,Mycolicibacterium_rhodesiae,4456,4462,6
7787,Mycolicibacterium_rhodesiae,4468,4474,6
7788,Mycolicibacterium_rhodesiae,4475,4481,6
7789,Mycolicibacterium_rhodesiae,4483,4486,3
7790,Mycolicibacterium_rhodesiae,4540,4552,12
7791,Mycolicibacterium_rhodesiae,4555,4564,9
7792,Mycolicibacterium_rhodesiae,4567,4573,6
7793,Mycolicibacterium_rhodesiae,4582,4585,3
7794,Mycolicibacterium_rhodesiae,5163,5169,6
7795,Mycolicibacterium_rhodesiae,5170,5179,9
7796,Mycolicibacterium_rhodesiae,5181,5190,9
7797,Mycolicibacterium_rhodesiae,5197,5199,2
7798,Mycolicibacterium_rhodesiae,5201,5204,3
7799,Mycolicibacterium_rhodesiae,5206,5214,8
7800,Mycolicibacterium_rhodesiae,5218,5230,12
7801,Mycolicibacterium_rhodesiae,5231,5241,10
7802,Mycolicibacterium_rhodesiae,5247,5253,6
7803,Mycolicibacterium_rhodesiae,5401,5402,1
7804,Mycolicibacterium_rhodesiae,6015,6016,1
7805,Mycolicibacterium_rhodesiae,6431,6467,36
7806,Mycolicibacterium_rhodesiae,6470,6494,24
7807,Mycolicibacterium_rhodesiae,7178,7254,76
7808,Mycolicibacterium_rhodesiae,7260,7268,8
7809,Mycolicibacterium_rhodesiae,7760,7763,3
7810,Mycolicibacterium_rhodesiae,8452,8500,48
7811,Mycolicibacterium_rhodesiae,8577,8578,1
7812,Mycolicibacterium_rhodesiae,8584,8599,15
7813,Mycolicibacterium_rhodesiae,8600,8604,4
7814,Mycolicibacterium_rhodesiae,8609,8610,1
7815,Mycolicibacterium_rhodesiae,8661,8662,1
7816,Mycolicibacterium_rhodesiae,8703,8704,1
7817,Mycolicibacterium_rhodesiae,8720,8721,1
7818,Mycolicibacterium_rhodesiae,8733,8735,2
7819,Mycolicibacterium_rhodesiae,8739,8742,3
7820,Mycolicibacterium_rhodesiae,8930,8931,1
7821,Mycolicibacterium_rhodesiae,8980,8982,2
7822,Mycolicibacterium_rhodesiae,8984,8998,14
7823,Mycolicibacterium_rhodesiae,9120,9121,1
7824,Mycolicibacterium_rhodesiae,9370,9372,2
7825,Mycolicibacterium_rhodesiae,9546,9547,1
7826,Mycolicibacterium_rhodesiae,9812,9813,1
7827,Mycolicibacterium_rhodesiae,9985,9986,1
7828,Mycolicibacterium_rhodesiae,10076,10078,2
7829,Mycolicibacterium_rhodesiae,10157,10158,1
7830,Mycolicibacterium_rhodesiae,10254,10255,1
7831,Mycolicibacterium_rhodesiae,10261,10262,1
7832,Mycolicibacterium_rhodesiae,10310,10312,2
7833,Mycolicibacterium_rhodesiae,10313,10315,2
7834,Mycolicibacterium_rhodesiae,10325,10326,1
7835,Mycolicibacterium_rhodesiae,10370,10371,1
7836,Mycolicibacterium_rhodesiae,10416,10417,1
7837,Mycolicibacterium_rhodesiae,10434,10435,1
7838,Mycolicibacterium_rhodesiae,10448,10449,1
7839,Mycolicibacterium_rhodesiae,10461,10462,1
7840,Mycolicibacterium_rhodesiae,10476,10477,1
7841,Mycolicibacterium_rhodesiae,10491,10492,1
7842,Mycolicibacterium_rhodesiae,10526,10527,1
7843,Mycolicibacterium_rhodesiae,10546,10649,103
7844,Mycolicibacterium_rhodesiae,10828,10830,2
7845,Mycolicibacterium_rhodesiae,10835,10836,1
7846,Mycolicibacterium_rhodesiae,10837,10843,6
7847,Mycolicibacterium_rhodesiae,10864,10865,1
7848,Mycolicibacterium_rhodesiae,10914,10915,1
7849,Mycolicibacterium_rhodesiae,10965,10966,1
7850,Mycolicibacterium_rhodesiae,10971,10975,4
7851,Mycolicibacterium_rhodesiae,11085,11086,1
7852,Mycolicibacterium_rhodesiae,11143,11144,1
7853,Mycolicibacterium_rhodesiae,11243,11244,1
7854,Mycolicibacterium_rhodesiae,11260,11261,1
7855,Mycolicibacterium_rhodesiae,11286,11287,1
7856,Mycolicibacterium_rhodesiae,11312,11313,1
7857,Mycolicibacterium_rhodesiae,11473,11474,1
7858,Mycolicibacterium_rhodesiae,11505,11512,7
7859,Mycolicibacterium_rhodesiae,11513,11514,1
7860,Mycolicibacterium_rhodesiae,11520,11521,1
7861,Mycolicibacterium_rhodesiae,11530,11535,5
7862,Mycolicibacterium_rhodesiae,11566,11567,1
7863,Mycolicibacterium_rhodesiae,11782,11783,1
7864,Mycolicibacterium_rhodesiae,11823,11824,1
7865,Mycolicibacterium_rhodesiae,11826,11827,1
7866,Mycolicibacterium_rhodesiae,11831,11835,4
7867,Mycolicibacterium_rhodesiae,11846,11852,6
7868,Mycolicibacterium_rhodesiae,11859,11860,1
7869,Mycolicibacterium_rhodesiae,11877,11878,1
7870,Mycolicibacterium_rhodesiae,11993,11995,2
7871,Mycolicibacterium_rhodesiae,12029,12030,1
7872,Mycolicibacterium_rhodesiae,12068,12069,1
7873,Mycolicibacterium_rhodesiae,12211,12212,1
7874,Mycolicibacterium_rhodesiae,12213,12214,1
7875,Mycolicibacterium_rhodesiae,12218,12222,4
7876,Mycolicibacterium_rhodesiae,12226,12227,1
7877,Mycolicibacterium_rhodesiae,12237,12238,1
7878,Mycolicibacterium_rhodesiae,12360,12369,9
7879,Mycolicibacterium_rhodesiae,12371,12372,1
7880,Mycolicibacterium_rhodesiae,12374,12377,3
7881,Mycolicibacterium_rhodesiae,12378,12381,3
7882,Mycolicibacterium_rhodesiae,12384,12390,6
7883,Mycolicibacterium_rhodesiae,12391,12400,9
7884,Mycolicibacterium_rhodesiae,12454,12455,1
7885,Mycolicibacterium_rhodesiae,12739,12740,1
7886,Mycolicibacterium_rhodesiae,12798,12925,127
7887,Mycolicibacterium_rhodesiae,13453,13454,1
7888,Mycolicibacterium_rhodesiae,13508,13509,1
7889,Mycolicibacter_sinensis,1,10,9
7890,Mycolicibacter_sinensis,21,39,18
7891,Mycolicibacter_sinensis,43,46,3
7892,Mycolicibacter_sinensis,59,136,77
7893,Mycolicibacter_sinensis,346,349,3
7894,Mycolicibacter_sinensis,1542,1691,149
7895,Mycolicibacter_sinensis,3317,3361,44
7896,Mycolicibacter_sinensis,3364,3365,1
7897,Mycolicibacter_sinensis,3373,3374,1
7898,Mycolicibacter_sinensis,3414,3420,6
7899,Mycolicibacter_sinensis,3424,3460,36
7900,Mycolicibacter_sinensis,3473,3479,6
7901,Mycolicibacter_sinensis,3485,3491,6
7902,Mycolicibacter_sinensis,3650,3653,3
7903,Mycolicibacter_sinensis,3657,3672,15
7904,Mycolicibacter_sinensis,3782,3788,6
7905,Mycolicibacter_sinensis,4400,4406,6
7906,Mycolicibacter_sinensis,4407,4413,6
7907,Mycolicibacter_sinensis,4422,4426,4
7908,Mycolicibacter_sinensis,4452,4455,3
7909,Mycolicibacter_sinensis,4456,4486,30
7910,Mycolicibacter_sinensis,4555,4564,9
7911,Mycolicibacter_sinensis,4567,4573,6
7912,Mycolicibacter_sinensis,5163,5169,6
7913,Mycolicibacter_sinensis,5170,5179,9
7914,Mycolicibacter_sinensis,5181,5190,9
7915,Mycolicibacter_sinensis,5197,5199,2
7916,Mycolicibacter_sinensis,5201,5204,3
7917,Mycolicibacter_sinensis,5206,5214,8
7918,Mycolicibacter_sinensis,5218,5230,12
7919,Mycolicibacter_sinensis,5231,5241,10
7920,Mycolicibacter_sinensis,5247,5253,6
7921,Mycolicibacter_sinensis,5401,5402,1
7922,Mycolicibacter_sinensis,6015,6016,1
7923,Mycolicibacter_sinensis,6431,6452,21
7924,Mycolicibacter_sinensis,6456,6462,6
7925,Mycolicibacter_sinensis,6470,6494,24
7926,Mycolicibacter_sinensis,7178,7254,76
7927,Mycolicibacter_sinensis,7260,7268,8
7928,Mycolicibacter_sinensis,7760,7763,3
7929,Mycolicibacter_sinensis,8452,8500,48
7930,Mycolicibacter_sinensis,8577,8578,1
7931,Mycolicibacter_sinensis,8584,8599,15
7932,Mycolicibacter_sinensis,8601,8603,2
7933,Mycolicibacter_sinensis,8609,8610,1
7934,Mycolicibacter_sinensis,8661,8662,1
7935,Mycolicibacter_sinensis,8703,8704,1
7936,Mycolicibacter_sinensis,8720,8721,1
7937,Mycolicibacter_sinensis,8733,8735,2
7938,Mycolicibacter_sinensis,8739,8742,3
7939,Mycolicibacter_sinensis,8930,8931,1
7940,Mycolicibacter_sinensis,8980,8982,2
7941,Mycolicibacter_sinensis,9120,9121,1
7942,Mycolicibacter_sinensis,9546,9547,1
7943,Mycolicibacter_sinensis,9812,9814,2
7944,Mycolicibacter_sinensis,9982,9986,4
7945,Mycolicibacter_sinensis,10076,10078,2
7946,Mycolicibacter_sinensis,10157,10158,1
7947,Mycolicibacter_sinensis,10310,10312,2
7948,Mycolicibacter_sinensis,10313,10315,2
7949,Mycolicibacter_sinensis,10325,10326,1
7950,Mycolicibacter_sinensis,10370,10371,1
7951,Mycolicibacter_sinensis,10416,10417,1
7952,Mycolicibacter_sinensis,10448,10449,1
7953,Mycolicibacter_sinensis,10476,10477,1
7954,Mycolicibacter_sinensis,10491,10492,1
7955,Mycolicibacter_sinensis,10526,10527,1
7956,Mycolicibacter_sinensis,10547,10649,102
7957,Mycolicibacter_sinensis,10828,10830,2
7958,Mycolicibacter_sinensis,10836,10843,7
7959,Mycolicibacter_sinensis,10864,10865,1
7960,Mycolicibacter_sinensis,10914,10915,1
7961,Mycolicibacter_sinensis,10965,10966,1
7962,Mycolicibacter_sinensis,10971,10975,4
7963,Mycolicibacter_sinensis,11085,11086,1
7964,Mycolicibacter_sinensis,11143,11144,1
7965,Mycolicibacter_sinensis,11243,11244,1
7966,Mycolicibacter_sinensis,11260,11261,1
7967,Mycolicibacter_sinensis,11265,11267,2
7968,Mycolicibacter_sinensis,11286,11287,1
7969,Mycolicibacter_sinensis,11312,11313,1
7970,Mycolicibacter_sinensis,11473,11474,1
7971,Mycolicibacter_sinensis,11505,11512,7
7972,Mycolicibacter_sinensis,11513,11514,1
7973,Mycolicibacter_sinensis,11515,11533,18
7974,Mycolicibacter_sinensis,11566,11567,1
7975,Mycolicibacter_sinensis,11782,11783,1
7976,Mycolicibacter_sinensis,11823,11824,1
7977,Mycolicibacter_sinensis,11831,11836,5
7978,Mycolicibacter_sinensis,11847,11850,3
7979,Mycolicibacter_sinensis,11851,11852,1
7980,Mycolicibacter_sinensis,11859,11860,1
7981,Mycolicibacter_sinensis,11864,11866,2
7982,Mycolicibacter_sinensis,11877,11878,1
7983,Mycolicibacter_sinensis,11993,11994,1
7984,Mycolicibacter_sinensis,12029,12030,1
7985,Mycolicibacter_sinensis,12068,12069,1
7986,Mycolicibacter_sinensis,12207,12208,1
7987,Mycolicibacter_sinensis,12211,12212,1
7988,Mycolicibacter_sinensis,12213,12214,1
7989,Mycolicibacter_sinensis,12218,12222,4
7990,Mycolicibacter_sinensis,12226,12227,1
7991,Mycolicibacter_sinensis,12237,12238,1
7992,Mycolicibacter_sinensis,12360,12369,9
7993,Mycolicibacter_sinensis,12371,12372,1
7994,Mycolicibacter_sinensis,12374,12375,1
7995,Mycolicibacter_sinensis,12378,12381,3
7996,Mycolicibacter_sinensis,12384,12390,6
7997,Mycolicibacter_sinensis,12391,12400,9
7998,Mycolicibacter_sinensis,12454,12455,1
7999,Mycolicibacter_sinensis,12739,12740,1
8000,Mycolicibacter_sinensis,12798,12925,127
8001,Mycolicibacter_sinensis,13453,13454,1
8002,Mycolicibacter_sinensis,13508,13509,1
8003,Mycolicibacterium_gilvum,1,10,9
8004,Mycolicibacterium_gilvum,21,39,18
8005,Mycolicibacterium_gilvum,43,46,3
8006,Mycolicibacterium_gilvum,51,113,62
8007,Mycolicibacterium_gilvum,117,132,15
8008,Mycolicibacterium_gilvum,346,349,3
8009,Mycolicibacterium_gilvum,1542,1691,149
8010,Mycolicibacterium_gilvum,3317,3361,44
8011,Mycolicibacterium_gilvum,3364,3365,1
8012,Mycolicibacterium_gilvum,3373,3374,1
8013,Mycolicibacterium_gilvum,3407,3482,75
8014,Mycolicibacterium_gilvum,3485,3491,6
8015,Mycolicibacterium_gilvum,3642,3645,3
8016,Mycolicibacterium_gilvum,3650,3653,3
8017,Mycolicibacterium_gilvum,3655,3667,12
8018,Mycolicibacterium_gilvum,3782,3788,6
8019,Mycolicibacterium_gilvum,4400,4406,6
8020,Mycolicibacterium_gilvum,4407,4413,6
8021,Mycolicibacterium_gilvum,4417,4426,9
8022,Mycolicibacterium_gilvum,4432,4445,13
8023,Mycolicibacterium_gilvum,4452,4455,3
8024,Mycolicibacterium_gilvum,4456,4462,6
8025,Mycolicibacterium_gilvum,4468,4474,6
8026,Mycolicibacterium_gilvum,4475,4481,6
8027,Mycolicibacterium_gilvum,4483,4486,3
8028,Mycolicibacterium_gilvum,4540,4552,12
8029,Mycolicibacterium_gilvum,4555,4564,9
8030,Mycolicibacterium_gilvum,4567,4573,6
8031,Mycolicibacterium_gilvum,4582,4585,3
8032,Mycolicibacterium_gilvum,5163,5169,6
8033,Mycolicibacterium_gilvum,5170,5179,9
8034,Mycolicibacterium_gilvum,5181,5190,9
8035,Mycolicibacterium_gilvum,5197,5199,2
8036,Mycolicibacterium_gilvum,5201,5204,3
8037,Mycolicibacterium_gilvum,5206,5214,8
8038,Mycolicibacterium_gilvum,5218,5230,12
8039,Mycolicibacterium_gilvum,5231,5241,10
8040,Mycolicibacterium_gilvum,5247,5253,6
8041,Mycolicibacterium_gilvum,5401,5402,1
8042,Mycolicibacterium_gilvum,6015,6016,1
8043,Mycolicibacterium_gilvum,6456,6462,6
8044,Mycolicibacterium_gilvum,6470,6494,24
8045,Mycolicibacterium_gilvum,7178,7254,76
8046,Mycolicibacterium_gilvum,7260,7268,8
8047,Mycolicibacterium_gilvum,7760,7763,3
8048,Mycolicibacterium_gilvum,8452,8500,48
8049,Mycolicibacterium_gilvum,8577,8578,1
8050,Mycolicibacterium_gilvum,8584,8599,15
8051,Mycolicibacterium_gilvum,8600,8604,4
8052,Mycolicibacterium_gilvum,8609,8610,1
8053,Mycolicibacterium_gilvum,8661,8662,1
8054,Mycolicibacterium_gilvum,8703,8704,1
8055,Mycolicibacterium_gilvum,8720,8721,1
8056,Mycolicibacterium_gilvum,8733,8735,2
8057,Mycolicibacterium_gilvum,8739,8742,3
8058,Mycolicibacterium_gilvum,8930,8931,1
8059,Mycolicibacterium_gilvum,8980,8982,2
8060,Mycolicibacterium_gilvum,8984,8998,14
8061,Mycolicibacterium_gilvum,9120,9121,1
8062,Mycolicibacterium_gilvum,9370,9372,2
8063,Mycolicibacterium_gilvum,9546,9547,1
8064,Mycolicibacterium_gilvum,9812,9813,1
8065,Mycolicibacterium_gilvum,9985,9986,1
8066,Mycolicibacterium_gilvum,10076,10078,2
8067,Mycolicibacterium_gilvum,10157,10158,1
8068,Mycolicibacterium_gilvum,10261,10262,1
8069,Mycolicibacterium_gilvum,10310,10312,2
8070,Mycolicibacterium_gilvum,10313,10315,2
8071,Mycolicibacterium_gilvum,10325,10326,1
8072,Mycolicibacterium_gilvum,10370,10371,1
8073,Mycolicibacterium_gilvum,10416,10417,1
8074,Mycolicibacterium_gilvum,10434,10435,1
8075,Mycolicibacterium_gilvum,10448,10449,1
8076,Mycolicibacterium_gilvum,10461,10462,1
8077,Mycolicibacterium_gilvum,10476,10477,1
8078,Mycolicibacterium_gilvum,10491,10492,1
8079,Mycolicibacterium_gilvum,10526,10527,1
8080,Mycolicibacterium_gilvum,10546,10649,103
8081,Mycolicibacterium_gilvum,10828,10832,4
8082,Mycolicibacterium_gilvum,10835,10836,1
8083,Mycolicibacterium_gilvum,10837,10843,6
8084,Mycolicibacterium_gilvum,10864,10865,1
8085,Mycolicibacterium_gilvum,10914,10915,1
8086,Mycolicibacterium_gilvum,10965,10966,1
8087,Mycolicibacterium_gilvum,10971,10975,4
8088,Mycolicibacterium_gilvum,11085,11086,1
8089,Mycolicibacterium_gilvum,11143,11144,1
8090,Mycolicibacterium_gilvum,11243,11244,1
8091,Mycolicibacterium_gilvum,11260,11261,1
8092,Mycolicibacterium_gilvum,11265,11267,2
8093,Mycolicibacterium_gilvum,11286,11287,1
8094,Mycolicibacterium_gilvum,11312,11313,1
8095,Mycolicibacterium_gilvum,11473,11474,1
8096,Mycolicibacterium_gilvum,11505,11512,7
8097,Mycolicibacterium_gilvum,11513,11514,1
8098,Mycolicibacterium_gilvum,11520,11521,1
8099,Mycolicibacterium_gilvum,11523,11537,14
8100,Mycolicibacterium_gilvum,11566,11567,1
8101,Mycolicibacterium_gilvum,11782,11783,1
8102,Mycolicibacterium_gilvum,11823,11824,1
8103,Mycolicibacterium_gilvum,11826,11827,1
8104,Mycolicibacterium_gilvum,11831,11836,5
8105,Mycolicibacterium_gilvum,11846,11850,4
8106,Mycolicibacterium_gilvum,11851,11852,1
8107,Mycolicibacterium_gilvum,11859,11860,1
8108,Mycolicibacterium_gilvum,11877,11878,1
8109,Mycolicibacterium_gilvum,11993,11994,1
8110,Mycolicibacterium_gilvum,12029,12030,1
8111,Mycolicibacterium_gilvum,12068,12069,1
8112,Mycolicibacterium_gilvum,12207,12208,1
8113,Mycolicibacterium_gilvum,12211,12212,1
8114,Mycolicibacterium_gilvum,12213,12214,1
8115,Mycolicibacterium_gilvum,12218,12222,4
8116,Mycolicibacterium_gilvum,12226,12227,1
8117,Mycolicibacterium_gilvum,12237,12238,1
8118,Mycolicibacterium_gilvum,12360,12369,9
8119,Mycolicibacterium_gilvum,12371,12372,1
8120,Mycolicibacterium_gilvum,12374,12375,1
8121,Mycolicibacterium_gilvum,12377,12382,5
8122,Mycolicibacterium_gilvum,12384,12390,6
8123,Mycolicibacterium_gilvum,12391,12400,9
8124,Mycolicibacterium_gilvum,12454,12455,1
8125,Mycolicibacterium_gilvum,12739,12740,1
8126,Mycolicibacterium_gilvum,12798,12925,127
8127,Mycolicibacterium_gilvum,13453,13454,1
8128,Mycolicibacterium_gilvum,13508,13509,1
8129,Mycobacterium_haemophilum,1,10,9
8130,Mycobacterium_haemophilum,21,39,18
8131,Mycobacterium_haemophilum,43,46,3
8132,Mycobacterium_haemophilum,53,71,18
8133,Mycobacterium_haemophilum,87,107,20
8134,Mycobacterium_haemophilum,117,132,15
8135,Mycobacterium_haemophilum,133,136,3
8136,Mycobacterium_haemophilum,346,349,3
8137,Mycobacterium_haemophilum,1542,1691,149
8138,Mycobacterium_haemophilum,3317,3381,64
8139,Mycobacterium_haemophilum,3418,3420,2
8140,Mycobacterium_haemophilum,3424,3458,34
8141,Mycobacterium_haemophilum,3473,3479,6
8142,Mycobacterium_haemophilum,3485,3491,6
8143,Mycobacterium_haemophilum,3642,3645,3
8144,Mycobacterium_haemophilum,3650,3653,3
8145,Mycobacterium_haemophilum,3655,3667,12
8146,Mycobacterium_haemophilum,3782,3788,6
8147,Mycobacterium_haemophilum,4400,4406,6
8148,Mycobacterium_haemophilum,4407,4413,6
8149,Mycobacterium_haemophilum,4417,4426,9
8150,Mycobacterium_haemophilum,4432,4445,13
8151,Mycobacterium_haemophilum,4452,4455,3
8152,Mycobacterium_haemophilum,4456,4462,6
8153,Mycobacterium_haemophilum,4468,4480,12
8154,Mycobacterium_haemophilum,4483,4486,3
8155,Mycobacterium_haemophilum,4540,4552,12
8156,Mycobacterium_haemophilum,4555,4564,9
8157,Mycobacterium_haemophilum,4567,4573,6
8158,Mycobacterium_haemophilum,4581,4584,3
8159,Mycobacterium_haemophilum,5163,5169,6
8160,Mycobacterium_haemophilum,5170,5179,9
8161,Mycobacterium_haemophilum,5181,5190,9
8162,Mycobacterium_haemophilum,5197,5199,2
8163,Mycobacterium_haemophilum,5201,5204,3
8164,Mycobacterium_haemophilum,5206,5214,8
8165,Mycobacterium_haemophilum,5231,5241,10
8166,Mycobacterium_haemophilum,5247,5253,6
8167,Mycobacterium_haemophilum,5401,5402,1
8168,Mycobacterium_haemophilum,6015,6016,1
8169,Mycobacterium_haemophilum,6431,6452,21
8170,Mycobacterium_haemophilum,6456,6462,6
8171,Mycobacterium_haemophilum,6470,6494,24
8172,Mycobacterium_haemophilum,7178,7254,76
8173,Mycobacterium_haemophilum,7260,7268,8
8174,Mycobacterium_haemophilum,7760,7763,3
8175,Mycobacterium_haemophilum,8452,8500,48
8176,Mycobacterium_haemophilum,8577,8578,1
8177,Mycobacterium_haemophilum,8584,8599,15
8178,Mycobacterium_haemophilum,8601,8603,2
8179,Mycobacterium_haemophilum,8609,8610,1
8180,Mycobacterium_haemophilum,8661,8662,1
8181,Mycobacterium_haemophilum,8703,8704,1
8182,Mycobacterium_haemophilum,8733,8735,2
8183,Mycobacterium_haemophilum,8739,8742,3
8184,Mycobacterium_haemophilum,8930,8931,1
8185,Mycobacterium_haemophilum,8980,8982,2
8186,Mycobacterium_haemophilum,8996,8998,2
8187,Mycobacterium_haemophilum,9120,9121,1
8188,Mycobacterium_haemophilum,9370,9372,2
8189,Mycobacterium_haemophilum,9546,9547,1
8190,Mycobacterium_haemophilum,9812,9813,1
8191,Mycobacterium_haemophilum,9980,9981,1
8192,Mycobacterium_haemophilum,9983,9986,3
8193,Mycobacterium_haemophilum,10076,10078,2
8194,Mycobacterium_haemophilum,10157,10158,1
8195,Mycobacterium_haemophilum,10261,10262,1
8196,Mycobacterium_haemophilum,10310,10312,2
8197,Mycobacterium_haemophilum,10313,10315,2
8198,Mycobacterium_haemophilum,10325,10326,1
8199,Mycobacterium_haemophilum,10370,10371,1
8200,Mycobacterium_haemophilum,10434,10435,1
8201,Mycobacterium_haemophilum,10448,10449,1
8202,Mycobacterium_haemophilum,10476,10477,1
8203,Mycobacterium_haemophilum,10491,10492,1
8204,Mycobacterium_haemophilum,10526,10527,1
8205,Mycobacterium_haemophilum,10546,10649,103
8206,Mycobacterium_haemophilum,10828,10830,2
8207,Mycobacterium_haemophilum,10832,10846,14
8208,Mycobacterium_haemophilum,10864,10865,1
8209,Mycobacterium_haemophilum,10914,10915,1
8210,Mycobacterium_haemophilum,10958,10966,8
8211,Mycobacterium_haemophilum,10971,10972,1
8212,Mycobacterium_haemophilum,11085,11086,1
8213,Mycobacterium_haemophilum,11143,11144,1
8214,Mycobacterium_haemophilum,11243,11244,1
8215,Mycobacterium_haemophilum,11260,11261,1
8216,Mycobacterium_haemophilum,11262,11263,1
8217,Mycobacterium_haemophilum,11265,11267,2
8218,Mycobacterium_haemophilum,11286,11287,1
8219,Mycobacterium_haemophilum,11312,11313,1
8220,Mycobacterium_haemophilum,11473,11474,1
8221,Mycobacterium_haemophilum,11505,11511,6
8222,Mycobacterium_haemophilum,11513,11514,1
8223,Mycobacterium_haemophilum,11520,11521,1
8224,Mycobacterium_haemophilum,11523,11534,11
8225,Mycobacterium_haemophilum,11566,11567,1
8226,Mycobacterium_haemophilum,11590,11591,1
8227,Mycobacterium_haemophilum,11782,11783,1
8228,Mycobacterium_haemophilum,11823,11824,1
8229,Mycobacterium_haemophilum,11826,11827,1
8230,Mycobacterium_haemophilum,11831,11836,5
8231,Mycobacterium_haemophilum,11848,11850,2
8232,Mycobacterium_haemophilum,11851,11852,1
8233,Mycobacterium_haemophilum,11859,11860,1
8234,Mycobacterium_haemophilum,11864,11866,2
8235,Mycobacterium_haemophilum,11877,11878,1
8236,Mycobacterium_haemophilum,11993,11994,1
8237,Mycobacterium_haemophilum,12029,12030,1
8238,Mycobacterium_haemophilum,12068,12069,1
8239,Mycobacterium_haemophilum,12207,12208,1
8240,Mycobacterium_haemophilum,12211,12212,1
8241,Mycobacterium_haemophilum,12213,12214,1
8242,Mycobacterium_haemophilum,12218,12222,4
8243,Mycobacterium_haemophilum,12225,12227,2
8244,Mycobacterium_haemophilum,12237,12238,1
8245,Mycobacterium_haemophilum,12360,12369,9
8246,Mycobacterium_haemophilum,12371,12372,1
8247,Mycobacterium_haemophilum,12374,12380,6
8248,Mycobacterium_haemophilum,12384,12390,6
8249,Mycobacterium_haemophilum,12391,12400,9
8250,Mycobacterium_haemophilum,12454,12455,1
8251,Mycobacterium_haemophilum,12739,12740,1
8252,Mycobacterium_haemophilum,12798,12925,127
8253,Mycobacterium_haemophilum,13451,13452,1
8254,Mycobacterium_haemophilum,13453,13454,1
8255,Mycobacterium_haemophilum,13508,13509,1
8256,Mycobacterium_paraterrae,1,10,9
8257,Mycobacterium_paraterrae,21,39,18
8258,Mycobacterium_paraterrae,43,46,3
8259,Mycobacterium_paraterrae,53,71,18
8260,Mycobacterium_paraterrae,89,100,11
8261,Mycobacterium_paraterrae,117,132,15
8262,Mycobacterium_paraterrae,133,136,3
8263,Mycobacterium_paraterrae,346,349,3
8264,Mycobacterium_paraterrae,1542,1691,149
8265,Mycobacterium_paraterrae,3317,3381,64
8266,Mycobacterium_paraterrae,3414,3420,6
8267,Mycobacterium_paraterrae,3422,3482,60
8268,Mycobacterium_paraterrae,3642,3645,3
8269,Mycobacterium_paraterrae,3650,3653,3
8270,Mycobacterium_paraterrae,3655,3667,12
8271,Mycobacterium_paraterrae,3782,3788,6
8272,Mycobacterium_paraterrae,4400,4406,6
8273,Mycobacterium_paraterrae,4407,4413,6
8274,Mycobacterium_paraterrae,4420,4445,25
8275,Mycobacterium_paraterrae,4452,4455,3
8276,Mycobacterium_paraterrae,4456,4462,6
8277,Mycobacterium_paraterrae,4468,4474,6
8278,Mycobacterium_paraterrae,4483,4486,3
8279,Mycobacterium_paraterrae,4540,4552,12
8280,Mycobacterium_paraterrae,4555,4564,9
8281,Mycobacterium_paraterrae,4567,4573,6
8282,Mycobacterium_paraterrae,4581,4584,3
8283,Mycobacterium_paraterrae,5163,5169,6
8284,Mycobacterium_paraterrae,5170,5179,9
8285,Mycobacterium_paraterrae,5181,5190,9
8286,Mycobacterium_paraterrae,5197,5199,2
8287,Mycobacterium_paraterrae,5201,5204,3
8288,Mycobacterium_paraterrae,5206,5214,8
8289,Mycobacterium_paraterrae,5218,5230,12
8290,Mycobacterium_paraterrae,5231,5241,10
8291,Mycobacterium_paraterrae,5247,5253,6
8292,Mycobacterium_paraterrae,5401,5402,1
8293,Mycobacterium_paraterrae,6015,6016,1
8294,Mycobacterium_paraterrae,6431,6467,36
8295,Mycobacterium_paraterrae,6470,6494,24
8296,Mycobacterium_paraterrae,7178,7254,76
8297,Mycobacterium_paraterrae,7260,7268,8
8298,Mycobacterium_paraterrae,7760,7763,3
8299,Mycobacterium_paraterrae,8452,8500,48
8300,Mycobacterium_paraterrae,8577,8578,1
8301,Mycobacterium_paraterrae,8584,8599,15
8302,Mycobacterium_paraterrae,8601,8603,2
8303,Mycobacterium_paraterrae,8609,8610,1
8304,Mycobacterium_paraterrae,8661,8662,1
8305,Mycobacterium_paraterrae,8703,8704,1
8306,Mycobacterium_paraterrae,8720,8721,1
8307,Mycobacterium_paraterrae,8733,8735,2
8308,Mycobacterium_paraterrae,8739,8742,3
8309,Mycobacterium_paraterrae,8930,8931,1
8310,Mycobacterium_paraterrae,8981,8982,1
8311,Mycobacterium_paraterrae,8996,8997,1
8312,Mycobacterium_paraterrae,9120,9121,1
8313,Mycobacterium_paraterrae,9370,9372,2
8314,Mycobacterium_paraterrae,9546,9547,1
8315,Mycobacterium_paraterrae,9812,9814,2
8316,Mycobacterium_paraterrae,9983,9986,3
8317,Mycobacterium_paraterrae,10076,10078,2
8318,Mycobacterium_paraterrae,10157,10158,1
8319,Mycobacterium_paraterrae,10261,10262,1
8320,Mycobacterium_paraterrae,10310,10312,2
8321,Mycobacterium_paraterrae,10313,10315,2
8322,Mycobacterium_paraterrae,10325,10326,1
8323,Mycobacterium_paraterrae,10370,10371,1
8324,Mycobacterium_paraterrae,10416,10417,1
8325,Mycobacterium_paraterrae,10434,10435,1
8326,Mycobacterium_paraterrae,10448,10454,6
8327,Mycobacterium_paraterrae,10461,10462,1
8328,Mycobacterium_paraterrae,10476,10477,1
8329,Mycobacterium_paraterrae,10491,10492,1
8330,Mycobacterium_paraterrae,10526,10527,1
8331,Mycobacterium_paraterrae,10544,10547,3
8332,Mycobacterium_paraterrae,10548,10649,101
8333,Mycobacterium_paraterrae,10828,10830,2
8334,Mycobacterium_paraterrae,10835,10843,8
8335,Mycobacterium_paraterrae,10864,10865,1
8336,Mycobacterium_paraterrae,10914,10915,1
8337,Mycobacterium_paraterrae,10960,10962,2
8338,Mycobacterium_paraterrae,10965,10966,1
8339,Mycobacterium_paraterrae,10971,10975,4
8340,Mycobacterium_paraterrae,10977,10978,1
8341,Mycobacterium_paraterrae,11085,11086,1
8342,Mycobacterium_paraterrae,11143,11144,1
8343,Mycobacterium_paraterrae,11243,11244,1
8344,Mycobacterium_paraterrae,11260,11261,1
8345,Mycobacterium_paraterrae,11265,11267,2
8346,Mycobacterium_paraterrae,11286,11287,1
8347,Mycobacterium_paraterrae,11312,11313,1
8348,Mycobacterium_paraterrae,11473,11474,1
8349,Mycobacterium_paraterrae,11505,11512,7
8350,Mycobacterium_paraterrae,11513,11514,1
8351,Mycobacterium_paraterrae,11520,11537,17
8352,Mycobacterium_paraterrae,11566,11567,1
8353,Mycobacterium_paraterrae,11782,11783,1
8354,Mycobacterium_paraterrae,11823,11824,1
8355,Mycobacterium_paraterrae,11826,11827,1
8356,Mycobacterium_paraterrae,11831,11835,4
8357,Mycobacterium_paraterrae,11847,11850,3
8358,Mycobacterium_paraterrae,11851,11852,1
8359,Mycobacterium_paraterrae,11859,11860,1
8360,Mycobacterium_paraterrae,11864,11866,2
8361,Mycobacterium_paraterrae,11877,11878,1
8362,Mycobacterium_paraterrae,11993,11994,1
8363,Mycobacterium_paraterrae,12029,12030,1
8364,Mycobacterium_paraterrae,12068,12069,1
8365,Mycobacterium_paraterrae,12207,12208,1
8366,Mycobacterium_paraterrae,12211,12212,1
8367,Mycobacterium_paraterrae,12213,12214,1
8368,Mycobacterium_paraterrae,12218,12222,4
8369,Mycobacterium_paraterrae,12226,12227,1
8370,Mycobacterium_paraterrae,12237,12238,1
8371,Mycobacterium_paraterrae,12360,12369,9
8372,Mycobacterium_paraterrae,12371,12372,1
8373,Mycobacterium_paraterrae,12374,12375,1
8374,Mycobacterium_paraterrae,12378,12381,3
8375,Mycobacterium_paraterrae,12384,12390,6
8376,Mycobacterium_paraterrae,12391,12400,9
8377,Mycobacterium_paraterrae,12454,12455,1
8378,Mycobacterium_paraterrae,12739,12740,1
8379,Mycobacterium_paraterrae,12798,12925,127
8380,Mycobacterium_paraterrae,13451,13452,1
8381,Mycobacterium_paraterrae,13453,13454,1
8382,Mycobacterium_paraterrae,13508,13509,1
8383,Mycolicibacterium_brumae,1,10,9
8384,Mycolicibacterium_brumae,21,39,18
8385,Mycolicibacterium_brumae,43,46,3
8386,Mycolicibacterium_brumae,59,112,53
8387,Mycolicibacterium_brumae,117,132,15
8388,Mycolicibacterium_brumae,133,136,3
8389,Mycolicibacterium_brumae,346,349,3
8390,Mycolicibacterium_brumae,1542,1691,149
8391,Mycolicibacterium_brumae,3317,3361,44
8392,Mycolicibacterium_brumae,3364,3365,1
8393,Mycolicibacterium_brumae,3373,3374,1
8394,Mycolicibacterium_brumae,3408,3480,72
8395,Mycolicibacterium_brumae,3485,3491,6
8396,Mycolicibacterium_brumae,3494,3497,3
8397,Mycolicibacterium_brumae,3642,3645,3
8398,Mycolicibacterium_brumae,3655,3667,12
8399,Mycolicibacterium_brumae,3782,3788,6
8400,Mycolicibacterium_brumae,4400,4406,6
8401,Mycolicibacterium_brumae,4407,4413,6
8402,Mycolicibacterium_brumae,4417,4426,9
8403,Mycolicibacterium_brumae,4432,4445,13
8404,Mycolicibacterium_brumae,4456,4462,6
8405,Mycolicibacterium_brumae,4468,4474,6
8406,Mycolicibacterium_brumae,4475,4481,6
8407,Mycolicibacterium_brumae,4540,4552,12
8408,Mycolicibacterium_brumae,4555,4564,9
8409,Mycolicibacterium_brumae,4567,4573,6
8410,Mycolicibacterium_brumae,4582,4585,3
8411,Mycolicibacterium_brumae,5163,5169,6
8412,Mycolicibacterium_brumae,5170,5179,9
8413,Mycolicibacterium_brumae,5181,5190,9
8414,Mycolicibacterium_brumae,5197,5199,2
8415,Mycolicibacterium_brumae,5201,5204,3
8416,Mycolicibacterium_brumae,5212,5214,2
8417,Mycolicibacterium_brumae,5218,5230,12
8418,Mycolicibacterium_brumae,5234,5241,7
8419,Mycolicibacterium_brumae,5247,5253,6
8420,Mycolicibacterium_brumae,5401,5402,1
8421,Mycolicibacterium_brumae,6015,6016,1
8422,Mycolicibacterium_brumae,6431,6452,21
8423,Mycolicibacterium_brumae,6456,6462,6
8424,Mycolicibacterium_brumae,6470,6491,21
8425,Mycolicibacterium_brumae,7178,7254,76
8426,Mycolicibacterium_brumae,7260,7268,8
8427,Mycolicibacterium_brumae,7760,7763,3
8428,Mycolicibacterium_brumae,8452,8500,48
8429,Mycolicibacterium_brumae,8577,8578,1
8430,Mycolicibacterium_brumae,8584,8605,21
8431,Mycolicibacterium_brumae,8609,8610,1
8432,Mycolicibacterium_brumae,8661,8662,1
8433,Mycolicibacterium_brumae,8720,8721,1
8434,Mycolicibacterium_brumae,8733,8735,2
8435,Mycolicibacterium_brumae,8739,8742,3
8436,Mycolicibacterium_brumae,8930,8931,1
8437,Mycolicibacterium_brumae,8980,8982,2
8438,Mycolicibacterium_brumae,8984,8998,14
8439,Mycolicibacterium_brumae,9120,9121,1
8440,Mycolicibacterium_brumae,9370,9372,2
8441,Mycolicibacterium_brumae,9546,9547,1
8442,Mycolicibacterium_brumae,9812,9813,1
8443,Mycolicibacterium_brumae,9985,9986,1
8444,Mycolicibacterium_brumae,10076,10078,2
8445,Mycolicibacterium_brumae,10157,10158,1
8446,Mycolicibacterium_brumae,10310,10312,2
8447,Mycolicibacterium_brumae,10313,10315,2
8448,Mycolicibacterium_brumae,10325,10326,1
8449,Mycolicibacterium_brumae,10370,10371,1
8450,Mycolicibacterium_brumae,10416,10417,1
8451,Mycolicibacterium_brumae,10434,10435,1
8452,Mycolicibacterium_brumae,10448,10449,1
8453,Mycolicibacterium_brumae,10461,10462,1
8454,Mycolicibacterium_brumae,10476,10477,1
8455,Mycolicibacterium_brumae,10491,10492,1
8456,Mycolicibacterium_brumae,10526,10527,1
8457,Mycolicibacterium_brumae,10545,10649,104
8458,Mycolicibacterium_brumae,10828,10830,2
8459,Mycolicibacterium_brumae,10835,10836,1
8460,Mycolicibacterium_brumae,10837,10843,6
8461,Mycolicibacterium_brumae,10864,10865,1
8462,Mycolicibacterium_brumae,10914,10915,1
8463,Mycolicibacterium_brumae,10961,10968,7
8464,Mycolicibacterium_brumae,10971,10975,4
8465,Mycolicibacterium_brumae,11085,11086,1
8466,Mycolicibacterium_brumae,11143,11144,1
8467,Mycolicibacterium_brumae,11243,11244,1
8468,Mycolicibacterium_brumae,11260,11261,1
8469,Mycolicibacterium_brumae,11265,11267,2
8470,Mycolicibacterium_brumae,11286,11287,1
8471,Mycolicibacterium_brumae,11312,11313,1
8472,Mycolicibacterium_brumae,11473,11474,1
8473,Mycolicibacterium_brumae,11506,11511,5
8474,Mycolicibacterium_brumae,11513,11514,1
8475,Mycolicibacterium_brumae,11520,11539,19
8476,Mycolicibacterium_brumae,11566,11567,1
8477,Mycolicibacterium_brumae,11782,11783,1
8478,Mycolicibacterium_brumae,11823,11824,1
8479,Mycolicibacterium_brumae,11826,11827,1
8480,Mycolicibacterium_brumae,11831,11836,5
8481,Mycolicibacterium_brumae,11847,11850,3
8482,Mycolicibacterium_brumae,11851,11852,1
8483,Mycolicibacterium_brumae,11859,11860,1
8484,Mycolicibacterium_brumae,11864,11866,2
8485,Mycolicibacterium_brumae,11877,11878,1
8486,Mycolicibacterium_brumae,11993,11995,2
8487,Mycolicibacterium_brumae,12029,12030,1
8488,Mycolicibacterium_brumae,12068,12069,1
8489,Mycolicibacterium_brumae,12207,12208,1
8490,Mycolicibacterium_brumae,12211,12212,1
8491,Mycolicibacterium_brumae,12213,12214,1
8492,Mycolicibacterium_brumae,12218,12222,4
8493,Mycolicibacterium_brumae,12226,12227,1
8494,Mycolicibacterium_brumae,12237,12238,1
8495,Mycolicibacterium_brumae,12360,12372,12
8496,Mycolicibacterium_brumae,12384,12390,6
8497,Mycolicibacterium_brumae,12391,12400,9
8498,Mycolicibacterium_brumae,12454,12455,1
8499,Mycolicibacterium_brumae,12739,12740,1
8500,Mycolicibacterium_brumae,12798,12925,127
8501,Mycolicibacterium_brumae,13451,13452,1
8502,Mycolicibacterium_brumae,13453,13454,1
8503,Mycolicibacterium_brumae,13508,13509,1
8504,Mycolicibacterium_monacense,1,10,9
8505,Mycolicibacterium_monacense,21,39,18
8506,Mycolicibacterium_monacense,43,46,3
8507,Mycolicibacterium_monacense,57,75,18
8508,Mycolicibacterium_monacense,84,107,23
8509,Mycolicibacterium_monacense,117,132,15
8510,Mycolicibacterium_monacense,133,136,3
8511,Mycolicibacterium_monacense,346,349,3
8512,Mycolicibacterium_monacense,1542,1545,3
8513,Mycolicibacterium_monacense,1582,1590,8
8514,Mycolicibacterium_monacense,1629,1650,21
8515,Mycolicibacterium_monacense,1664,1676,12
8516,Mycolicibacterium_monacense,3317,3361,44
8517,Mycolicibacterium_monacense,3364,3365,1
8518,Mycolicibacterium_monacense,3373,3374,1
8519,Mycolicibacterium_monacense,3409,3421,12
8520,Mycolicibacterium_monacense,3424,3478,54
8521,Mycolicibacterium_monacense,3485,3491,6
8522,Mycolicibacterium_monacense,3642,3645,3
8523,Mycolicibacterium_monacense,3650,3653,3
8524,Mycolicibacterium_monacense,3655,3667,12
8525,Mycolicibacterium_monacense,3782,3788,6
8526,Mycolicibacterium_monacense,4400,4406,6
8527,Mycolicibacterium_monacense,4407,4413,6
8528,Mycolicibacterium_monacense,4417,4426,9
8529,Mycolicibacterium_monacense,4432,4445,13
8530,Mycolicibacterium_monacense,4452,4455,3
8531,Mycolicibacterium_monacense,4456,4462,6
8532,Mycolicibacterium_monacense,4468,4474,6
8533,Mycolicibacterium_monacense,4475,4481,6
8534,Mycolicibacterium_monacense,4483,4486,3
8535,Mycolicibacterium_monacense,4540,4552,12
8536,Mycolicibacterium_monacense,4555,4564,9
8537,Mycolicibacterium_monacense,4567,4573,6
8538,Mycolicibacterium_monacense,4582,4585,3
8539,Mycolicibacterium_monacense,5163,5169,6
8540,Mycolicibacterium_monacense,5170,5179,9
8541,Mycolicibacterium_monacense,5181,5190,9
8542,Mycolicibacterium_monacense,5197,5199,2
8543,Mycolicibacterium_monacense,5201,5204,3
8544,Mycolicibacterium_monacense,5206,5214,8
8545,Mycolicibacterium_monacense,5218,5230,12
8546,Mycolicibacterium_monacense,5231,5241,10
8547,Mycolicibacterium_monacense,5247,5253,6
8548,Mycolicibacterium_monacense,5401,5402,1
8549,Mycolicibacterium_monacense,6015,6016,1
8550,Mycolicibacterium_monacense,6431,6452,21
8551,Mycolicibacterium_monacense,6470,6494,24
8552,Mycolicibacterium_monacense,7178,7254,76
8553,Mycolicibacterium_monacense,7260,7268,8
8554,Mycolicibacterium_monacense,7760,7763,3
8555,Mycolicibacterium_monacense,8452,8500,48
8556,Mycolicibacterium_monacense,8577,8578,1
8557,Mycolicibacterium_monacense,8584,8599,15
8558,Mycolicibacterium_monacense,8600,8604,4
8559,Mycolicibacterium_monacense,8609,8610,1
8560,Mycolicibacterium_monacense,8661,8662,1
8561,Mycolicibacterium_monacense,8733,8735,2
8562,Mycolicibacterium_monacense,8739,8742,3
8563,Mycolicibacterium_monacense,8930,8931,1
8564,Mycolicibacterium_monacense,8980,8982,2
8565,Mycolicibacterium_monacense,8984,8998,14
8566,Mycolicibacterium_monacense,9120,9121,1
8567,Mycolicibacterium_monacense,9370,9372,2
8568,Mycolicibacterium_monacense,9546,9547,1
8569,Mycolicibacterium_monacense,9812,9813,1
8570,Mycolicibacterium_monacense,9985,9986,1
8571,Mycolicibacterium_monacense,10076,10078,2
8572,Mycolicibacterium_monacense,10157,10158,1
8573,Mycolicibacterium_monacense,10261,10262,1
8574,Mycolicibacterium_monacense,10310,10312,2
8575,Mycolicibacterium_monacense,10313,10315,2
8576,Mycolicibacterium_monacense,10325,10326,1
8577,Mycolicibacterium_monacense,10370,10371,1
8578,Mycolicibacterium_monacense,10434,10435,1
8579,Mycolicibacterium_monacense,10448,10449,1
8580,Mycolicibacterium_monacense,10461,10462,1
8581,Mycolicibacterium_monacense,10476,10477,1
8582,Mycolicibacterium_monacense,10491,10492,1
8583,Mycolicibacterium_monacense,10526,10527,1
8584,Mycolicibacterium_monacense,10545,10649,104
8585,Mycolicibacterium_monacense,10828,10830,2
8586,Mycolicibacterium_monacense,10835,10843,8
8587,Mycolicibacterium_monacense,10864,10865,1
8588,Mycolicibacterium_monacense,10914,10915,1
8589,Mycolicibacterium_monacense,10965,10966,1
8590,Mycolicibacterium_monacense,10971,10975,4
8591,Mycolicibacterium_monacense,11085,11086,1
8592,Mycolicibacterium_monacense,11143,11144,1
8593,Mycolicibacterium_monacense,11243,11244,1
8594,Mycolicibacterium_monacense,11260,11261,1
8595,Mycolicibacterium_monacense,11265,11267,2
8596,Mycolicibacterium_monacense,11286,11287,1
8597,Mycolicibacterium_monacense,11312,11313,1
8598,Mycolicibacterium_monacense,11473,11474,1
8599,Mycolicibacterium_monacense,11505,11512,7
8600,Mycolicibacterium_monacense,11513,11514,1
8601,Mycolicibacterium_monacense,11518,11519,1
8602,Mycolicibacterium_monacense,11520,11521,1
8603,Mycolicibacterium_monacense,11524,11535,11
8604,Mycolicibacterium_monacense,11566,11567,1
8605,Mycolicibacterium_monacense,11782,11783,1
8606,Mycolicibacterium_monacense,11823,11824,1
8607,Mycolicibacterium_monacense,11826,11827,1
8608,Mycolicibacterium_monacense,11831,11836,5
8609,Mycolicibacterium_monacense,11846,11852,6
8610,Mycolicibacterium_monacense,11859,11860,1
8611,Mycolicibacterium_monacense,11864,11865,1
8612,Mycolicibacterium_monacense,11877,11878,1
8613,Mycolicibacterium_monacense,11993,11994,1
8614,Mycolicibacterium_monacense,12029,12030,1
8615,Mycolicibacterium_monacense,12068,12069,1
8616,Mycolicibacterium_monacense,12207,12208,1
8617,Mycolicibacterium_monacense,12211,12212,1
8618,Mycolicibacterium_monacense,12213,12214,1
8619,Mycolicibacterium_monacense,12225,12230,5
8620,Mycolicibacterium_monacense,12237,12238,1
8621,Mycolicibacterium_monacense,12360,12369,9
8622,Mycolicibacterium_monacense,12371,12372,1
8623,Mycolicibacterium_monacense,12374,12375,1
8624,Mycolicibacterium_monacense,12377,12382,5
8625,Mycolicibacterium_monacense,12384,12390,6
8626,Mycolicibacterium_monacense,12391,12400,9
8627,Mycolicibacterium_monacense,12454,12455,1
8628,Mycolicibacterium_monacense,12739,12740,1
8629,Mycolicibacterium_monacense,12798,12925,127
8630,Mycolicibacterium_monacense,13453,13454,1
8631,Mycolicibacterium_monacense,13508,13509,1
8632,Mycobacterium_xenopi,1,10,9
8633,Mycobacterium_xenopi,21,39,18
8634,Mycobacterium_xenopi,43,46,3
8635,Mycobacterium_xenopi,60,71,11
8636,Mycobacterium_xenopi,117,132,15
8637,Mycobacterium_xenopi,133,136,3
8638,Mycobacterium_xenopi,346,349,3
8639,Mycobacterium_xenopi,1542,1545,3
8640,Mycobacterium_xenopi,1559,1606,47
8641,Mycobacterium_xenopi,1667,1670,3
8642,Mycobacterium_xenopi,3317,3381,64
8643,Mycobacterium_xenopi,3410,3464,54
8644,Mycobacterium_xenopi,3485,3491,6
8645,Mycobacterium_xenopi,3642,3645,3
8646,Mycobacterium_xenopi,3650,3653,3
8647,Mycobacterium_xenopi,3655,3667,12
8648,Mycobacterium_xenopi,3782,3788,6
8649,Mycobacterium_xenopi,4400,4406,6
8650,Mycobacterium_xenopi,4407,4413,6
8651,Mycobacterium_xenopi,4417,4426,9
8652,Mycobacterium_xenopi,4432,4445,13
8653,Mycobacterium_xenopi,4452,4455,3
8654,Mycobacterium_xenopi,4456,4462,6
8655,Mycobacterium_xenopi,4468,4480,12
8656,Mycobacterium_xenopi,4483,4486,3
8657,Mycobacterium_xenopi,4540,4552,12
8658,Mycobacterium_xenopi,4555,4564,9
8659,Mycobacterium_xenopi,4567,4573,6
8660,Mycobacterium_xenopi,4581,4584,3
8661,Mycobacterium_xenopi,5163,5169,6
8662,Mycobacterium_xenopi,5170,5179,9
8663,Mycobacterium_xenopi,5181,5190,9
8664,Mycobacterium_xenopi,5197,5199,2
8665,Mycobacterium_xenopi,5201,5204,3
8666,Mycobacterium_xenopi,5206,5214,8
8667,Mycobacterium_xenopi,5218,5230,12
8668,Mycobacterium_xenopi,5231,5241,10
8669,Mycobacterium_xenopi,5247,5253,6
8670,Mycobacterium_xenopi,5401,5402,1
8671,Mycobacterium_xenopi,6015,6016,1
8672,Mycobacterium_xenopi,6431,6452,21
8673,Mycobacterium_xenopi,6456,6462,6
8674,Mycobacterium_xenopi,6470,6494,24
8675,Mycobacterium_xenopi,7178,7254,76
8676,Mycobacterium_xenopi,7260,7268,8
8677,Mycobacterium_xenopi,7760,7763,3
8678,Mycobacterium_xenopi,8452,8500,48
8679,Mycobacterium_xenopi,8577,8578,1
8680,Mycobacterium_xenopi,8584,8598,14
8681,Mycobacterium_xenopi,8601,8603,2
8682,Mycobacterium_xenopi,8609,8610,1
8683,Mycobacterium_xenopi,8661,8662,1
8684,Mycobacterium_xenopi,8703,8704,1
8685,Mycobacterium_xenopi,8720,8721,1
8686,Mycobacterium_xenopi,8733,8734,1
8687,Mycobacterium_xenopi,8930,8931,1
8688,Mycobacterium_xenopi,8980,8982,2
8689,Mycobacterium_xenopi,8996,8998,2
8690,Mycobacterium_xenopi,9120,9121,1
8691,Mycobacterium_xenopi,9370,9372,2
8692,Mycobacterium_xenopi,9546,9547,1
8693,Mycobacterium_xenopi,9812,9813,1
8694,Mycobacterium_xenopi,10076,10078,2
8695,Mycobacterium_xenopi,10157,10158,1
8696,Mycobacterium_xenopi,10261,10262,1
8697,Mycobacterium_xenopi,10310,10312,2
8698,Mycobacterium_xenopi,10313,10315,2
8699,Mycobacterium_xenopi,10325,10326,1
8700,Mycobacterium_xenopi,10370,10371,1
8701,Mycobacterium_xenopi,10416,10417,1
8702,Mycobacterium_xenopi,10434,10435,1
8703,Mycobacterium_xenopi,10448,10449,1
8704,Mycobacterium_xenopi,10461,10462,1
8705,Mycobacterium_xenopi,10476,10477,1
8706,Mycobacterium_xenopi,10491,10492,1
8707,Mycobacterium_xenopi,10526,10527,1
8708,Mycobacterium_xenopi,10546,10649,103
8709,Mycobacterium_xenopi,10828,10844,16
8710,Mycobacterium_xenopi,10864,10865,1
8711,Mycobacterium_xenopi,10914,10915,1
8712,Mycobacterium_xenopi,10958,10966,8
8713,Mycobacterium_xenopi,11085,11086,1
8714,Mycobacterium_xenopi,11143,11144,1
8715,Mycobacterium_xenopi,11243,11244,1
8716,Mycobacterium_xenopi,11259,11261,2
8717,Mycobacterium_xenopi,11265,11267,2
8718,Mycobacterium_xenopi,11286,11287,1
8719,Mycobacterium_xenopi,11312,11313,1
8720,Mycobacterium_xenopi,11473,11474,1
8721,Mycobacterium_xenopi,11505,11512,7
8722,Mycobacterium_xenopi,11513,11514,1
8723,Mycobacterium_xenopi,11520,11521,1
8724,Mycobacterium_xenopi,11523,11541,18
8725,Mycobacterium_xenopi,11566,11567,1
8726,Mycobacterium_xenopi,11590,11591,1
8727,Mycobacterium_xenopi,11782,11783,1
8728,Mycobacterium_xenopi,11823,11824,1
8729,Mycobacterium_xenopi,11831,11836,5
8730,Mycobacterium_xenopi,11847,11850,3
8731,Mycobacterium_xenopi,11851,11852,1
8732,Mycobacterium_xenopi,11859,11860,1
8733,Mycobacterium_xenopi,11864,11866,2
8734,Mycobacterium_xenopi,11877,11878,1
8735,Mycobacterium_xenopi,12029,12030,1
8736,Mycobacterium_xenopi,12068,12069,1
8737,Mycobacterium_xenopi,12207,12208,1
8738,Mycobacterium_xenopi,12211,12212,1
8739,Mycobacterium_xenopi,12213,12214,1
8740,Mycobacterium_xenopi,12218,12222,4
8741,Mycobacterium_xenopi,12226,12227,1
8742,Mycobacterium_xenopi,12237,12238,1
8743,Mycobacterium_xenopi,12360,12369,9
8744,Mycobacterium_xenopi,12371,12372,1
8745,Mycobacterium_xenopi,12374,12375,1
8746,Mycobacterium_xenopi,12384,12390,6
8747,Mycobacterium_xenopi,12391,12400,9
8748,Mycobacterium_xenopi,12454,12455,1
8749,Mycobacterium_xenopi,12739,12740,1
8750,Mycobacterium_xenopi,12798,12925,127
8751,Mycobacterium_xenopi,13451,13452,1
8752,Mycobacterium_xenopi,13453,13454,1
8753,Mycobacterium_xenopi,13468,13469,1
8754,Mycobacterium_xenopi,13508,13509,1
8755,Mycolicibacterium_parafortuitum,1,10,9
8756,Mycolicibacterium_parafortuitum,21,39,18
8757,Mycolicibacterium_parafortuitum,43,46,3
8758,Mycolicibacterium_parafortuitum,51,113,62
8759,Mycolicibacterium_parafortuitum,117,132,15
8760,Mycolicibacterium_parafortuitum,133,136,3
8761,Mycolicibacterium_parafortuitum,346,349,3
8762,Mycolicibacterium_parafortuitum,1542,1691,149
8763,Mycolicibacterium_parafortuitum,3317,3361,44
8764,Mycolicibacterium_parafortuitum,3364,3365,1
8765,Mycolicibacterium_parafortuitum,3373,3374,1
8766,Mycolicibacterium_parafortuitum,3407,3482,75
8767,Mycolicibacterium_parafortuitum,3485,3491,6
8768,Mycolicibacterium_parafortuitum,3642,3645,3
8769,Mycolicibacterium_parafortuitum,3650,3653,3
8770,Mycolicibacterium_parafortuitum,3655,3667,12
8771,Mycolicibacterium_parafortuitum,3782,3788,6
8772,Mycolicibacterium_parafortuitum,4400,4406,6
8773,Mycolicibacterium_parafortuitum,4407,4413,6
8774,Mycolicibacterium_parafortuitum,4417,4426,9
8775,Mycolicibacterium_parafortuitum,4432,4445,13
8776,Mycolicibacterium_parafortuitum,4452,4455,3
8777,Mycolicibacterium_parafortuitum,4456,4462,6
8778,Mycolicibacterium_parafortuitum,4468,4474,6
8779,Mycolicibacterium_parafortuitum,4475,4481,6
8780,Mycolicibacterium_parafortuitum,4483,4486,3
8781,Mycolicibacterium_parafortuitum,4540,4552,12
8782,Mycolicibacterium_parafortuitum,4555,4564,9
8783,Mycolicibacterium_parafortuitum,4567,4573,6
8784,Mycolicibacterium_parafortuitum,4582,4585,3
8785,Mycolicibacterium_parafortuitum,5163,5169,6
8786,Mycolicibacterium_parafortuitum,5170,5179,9
8787,Mycolicibacterium_parafortuitum,5181,5190,9
8788,Mycolicibacterium_parafortuitum,5197,5199,2
8789,Mycolicibacterium_parafortuitum,5201,5204,3
8790,Mycolicibacterium_parafortuitum,5206,5214,8
8791,Mycolicibacterium_parafortuitum,5218,5230,12
8792,Mycolicibacterium_parafortuitum,5231,5241,10
8793,Mycolicibacterium_parafortuitum,5247,5253,6
8794,Mycolicibacterium_parafortuitum,5401,5402,1
8795,Mycolicibacterium_parafortuitum,6015,6016,1
8796,Mycolicibacterium_parafortuitum,6431,6452,21
8797,Mycolicibacterium_parafortuitum,6456,6462,6
8798,Mycolicibacterium_parafortuitum,6470,6494,24
8799,Mycolicibacterium_parafortuitum,7178,7254,76
8800,Mycolicibacterium_parafortuitum,7260,7268,8
8801,Mycolicibacterium_parafortuitum,7760,7763,3
8802,Mycolicibacterium_parafortuitum,8452,8500,48
8803,Mycolicibacterium_parafortuitum,8577,8578,1
8804,Mycolicibacterium_parafortuitum,8584,8599,15
8805,Mycolicibacterium_parafortuitum,8600,8604,4
8806,Mycolicibacterium_parafortuitum,8609,8610,1
8807,Mycolicibacterium_parafortuitum,8661,8662,1
8808,Mycolicibacterium_parafortuitum,8703,8704,1
8809,Mycolicibacterium_parafortuitum,8720,8721,1
8810,Mycolicibacterium_parafortuitum,8733,8735,2
8811,Mycolicibacterium_parafortuitum,8739,8742,3
8812,Mycolicibacterium_parafortuitum,8930,8931,1
8813,Mycolicibacterium_parafortuitum,8980,8982,2
8814,Mycolicibacterium_parafortuitum,8984,8998,14
8815,Mycolicibacterium_parafortuitum,9120,9121,1
8816,Mycolicibacterium_parafortuitum,9370,9372,2
8817,Mycolicibacterium_parafortuitum,9546,9547,1
8818,Mycolicibacterium_parafortuitum,9812,9813,1
8819,Mycolicibacterium_parafortuitum,9982,9984,2
8820,Mycolicibacterium_parafortuitum,9985,9986,1
8821,Mycolicibacterium_parafortuitum,10076,10078,2
8822,Mycolicibacterium_parafortuitum,10157,10158,1
8823,Mycolicibacterium_parafortuitum,10261,10262,1
8824,Mycolicibacterium_parafortuitum,10310,10312,2
8825,Mycolicibacterium_parafortuitum,10313,10315,2
8826,Mycolicibacterium_parafortuitum,10325,10326,1
8827,Mycolicibacterium_parafortuitum,10370,10371,1
8828,Mycolicibacterium_parafortuitum,10416,10417,1
8829,Mycolicibacterium_parafortuitum,10434,10435,1
8830,Mycolicibacterium_parafortuitum,10448,10449,1
8831,Mycolicibacterium_parafortuitum,10461,10462,1
8832,Mycolicibacterium_parafortuitum,10476,10477,1
8833,Mycolicibacterium_parafortuitum,10491,10492,1
8834,Mycolicibacterium_parafortuitum,10526,10527,1
8835,Mycolicibacterium_parafortuitum,10547,10649,102
8836,Mycolicibacterium_parafortuitum,10828,10832,4
8837,Mycolicibacterium_parafortuitum,10835,10836,1
8838,Mycolicibacterium_parafortuitum,10837,10843,6
8839,Mycolicibacterium_parafortuitum,10864,10865,1
8840,Mycolicibacterium_parafortuitum,10914,10915,1
8841,Mycolicibacterium_parafortuitum,10965,10966,1
8842,Mycolicibacterium_parafortuitum,10971,10975,4
8843,Mycolicibacterium_parafortuitum,11085,11086,1
8844,Mycolicibacterium_parafortuitum,11143,11144,1
8845,Mycolicibacterium_parafortuitum,11243,11244,1
8846,Mycolicibacterium_parafortuitum,11260,11261,1
8847,Mycolicibacterium_parafortuitum,11265,11267,2
8848,Mycolicibacterium_parafortuitum,11286,11287,1
8849,Mycolicibacterium_parafortuitum,11312,11313,1
8850,Mycolicibacterium_parafortuitum,11473,11474,1
8851,Mycolicibacterium_parafortuitum,11505,11512,7
8852,Mycolicibacterium_parafortuitum,11513,11514,1
8853,Mycolicibacterium_parafortuitum,11520,11521,1
8854,Mycolicibacterium_parafortuitum,11523,11537,14
8855,Mycolicibacterium_parafortuitum,11566,11567,1
8856,Mycolicibacterium_parafortuitum,11782,11783,1
8857,Mycolicibacterium_parafortuitum,11823,11824,1
8858,Mycolicibacterium_parafortuitum,11826,11827,1
8859,Mycolicibacterium_parafortuitum,11831,11836,5
8860,Mycolicibacterium_parafortuitum,11846,11850,4
8861,Mycolicibacterium_parafortuitum,11851,11852,1
8862,Mycolicibacterium_parafortuitum,11859,11860,1
8863,Mycolicibacterium_parafortuitum,11864,11866,2
8864,Mycolicibacterium_parafortuitum,11877,11878,1
8865,Mycolicibacterium_parafortuitum,11993,11994,1
8866,Mycolicibacterium_parafortuitum,12029,12030,1
8867,Mycolicibacterium_parafortuitum,12068,12069,1
8868,Mycolicibacterium_parafortuitum,12072,12074,2
8869,Mycolicibacterium_parafortuitum,12207,12208,1
8870,Mycolicibacterium_parafortuitum,12211,12212,1
8871,Mycolicibacterium_parafortuitum,12213,12214,1
8872,Mycolicibacterium_parafortuitum,12218,12222,4
8873,Mycolicibacterium_parafortuitum,12226,12227,1
8874,Mycolicibacterium_parafortuitum,12237,12238,1
8875,Mycolicibacterium_parafortuitum,12360,12369,9
8876,Mycolicibacterium_parafortuitum,12371,12372,1
8877,Mycolicibacterium_parafortuitum,12374,12375,1
8878,Mycolicibacterium_parafortuitum,12376,12383,7
8879,Mycolicibacterium_parafortuitum,12384,12390,6
8880,Mycolicibacterium_parafortuitum,12391,12400,9
8881,Mycolicibacterium_parafortuitum,12454,12455,1
8882,Mycolicibacterium_parafortuitum,12739,12740,1
8883,Mycolicibacterium_parafortuitum,12798,12925,127
8884,Mycolicibacterium_parafortuitum,13453,13454,1
8885,Mycolicibacterium_parafortuitum,13508,13509,1
8886,Mycolicibacterium_pulveris,1,10,9
8887,Mycolicibacterium_pulveris,21,39,18
8888,Mycolicibacterium_pulveris,43,46,3
8889,Mycolicibacterium_pulveris,57,72,15
8890,Mycolicibacterium_pulveris,84,107,23
8891,Mycolicibacterium_pulveris,117,132,15
8892,Mycolicibacterium_pulveris,133,136,3
8893,Mycolicibacterium_pulveris,346,349,3
8894,Mycolicibacterium_pulveris,1542,1545,3
8895,Mycolicibacterium_pulveris,1579,1620,41
8896,Mycolicibacterium_pulveris,1632,1650,18
8897,Mycolicibacterium_pulveris,1664,1676,12
8898,Mycolicibacterium_pulveris,3317,3361,44
8899,Mycolicibacterium_pulveris,3364,3365,1
8900,Mycolicibacterium_pulveris,3373,3374,1
8901,Mycolicibacterium_pulveris,3409,3421,12
8902,Mycolicibacterium_pulveris,3424,3478,54
8903,Mycolicibacterium_pulveris,3485,3491,6
8904,Mycolicibacterium_pulveris,3642,3645,3
8905,Mycolicibacterium_pulveris,3650,3653,3
8906,Mycolicibacterium_pulveris,3655,3667,12
8907,Mycolicibacterium_pulveris,3782,3788,6
8908,Mycolicibacterium_pulveris,4400,4406,6
8909,Mycolicibacterium_pulveris,4407,4413,6
8910,Mycolicibacterium_pulveris,4417,4426,9
8911,Mycolicibacterium_pulveris,4432,4445,13
8912,Mycolicibacterium_pulveris,4452,4455,3
8913,Mycolicibacterium_pulveris,4456,4462,6
8914,Mycolicibacterium_pulveris,4468,4474,6
8915,Mycolicibacterium_pulveris,4475,4481,6
8916,Mycolicibacterium_pulveris,4483,4486,3
8917,Mycolicibacterium_pulveris,4540,4552,12
8918,Mycolicibacterium_pulveris,4555,4564,9
8919,Mycolicibacterium_pulveris,4567,4573,6
8920,Mycolicibacterium_pulveris,4582,4585,3
8921,Mycolicibacterium_pulveris,5163,5169,6
8922,Mycolicibacterium_pulveris,5170,5179,9
8923,Mycolicibacterium_pulveris,5181,5190,9
8924,Mycolicibacterium_pulveris,5197,5199,2
8925,Mycolicibacterium_pulveris,5201,5204,3
8926,Mycolicibacterium_pulveris,5206,5214,8
8927,Mycolicibacterium_pulveris,5218,5230,12
8928,Mycolicibacterium_pulveris,5231,5241,10
8929,Mycolicibacterium_pulveris,5247,5253,6
8930,Mycolicibacterium_pulveris,5401,5402,1
8931,Mycolicibacterium_pulveris,6015,6016,1
8932,Mycolicibacterium_pulveris,6431,6467,36
8933,Mycolicibacterium_pulveris,6470,6494,24
8934,Mycolicibacterium_pulveris,7178,7254,76
8935,Mycolicibacterium_pulveris,7260,7268,8
8936,Mycolicibacterium_pulveris,7760,7763,3
8937,Mycolicibacterium_pulveris,8452,8500,48
8938,Mycolicibacterium_pulveris,8577,8578,1
8939,Mycolicibacterium_pulveris,8584,8599,15
8940,Mycolicibacterium_pulveris,8601,8603,2
8941,Mycolicibacterium_pulveris,8609,8610,1
8942,Mycolicibacterium_pulveris,8661,8662,1
8943,Mycolicibacterium_pulveris,8731,8735,4
8944,Mycolicibacterium_pulveris,8739,8742,3
8945,Mycolicibacterium_pulveris,8930,8931,1
8946,Mycolicibacterium_pulveris,8984,8998,14
8947,Mycolicibacterium_pulveris,9120,9121,1
8948,Mycolicibacterium_pulveris,9370,9372,2
8949,Mycolicibacterium_pulveris,9546,9547,1
8950,Mycolicibacterium_pulveris,9812,9813,1
8951,Mycolicibacterium_pulveris,9837,9838,1
8952,Mycolicibacterium_pulveris,9985,9986,1
8953,Mycolicibacterium_pulveris,10076,10078,2
8954,Mycolicibacterium_pulveris,10157,10158,1
8955,Mycolicibacterium_pulveris,10261,10262,1
8956,Mycolicibacterium_pulveris,10310,10312,2
8957,Mycolicibacterium_pulveris,10313,10315,2
8958,Mycolicibacterium_pulveris,10325,10326,1
8959,Mycolicibacterium_pulveris,10370,10371,1
8960,Mycolicibacterium_pulveris,10434,10435,1
8961,Mycolicibacterium_pulveris,10448,10449,1
8962,Mycolicibacterium_pulveris,10461,10462,1
8963,Mycolicibacterium_pulveris,10476,10477,1
8964,Mycolicibacterium_pulveris,10491,10492,1
8965,Mycolicibacterium_pulveris,10526,10527,1
8966,Mycolicibacterium_pulveris,10548,10649,101
8967,Mycolicibacterium_pulveris,10828,10830,2
8968,Mycolicibacterium_pulveris,10835,10836,1
8969,Mycolicibacterium_pulveris,10837,10843,6
8970,Mycolicibacterium_pulveris,10864,10865,1
8971,Mycolicibacterium_pulveris,10914,10915,1
8972,Mycolicibacterium_pulveris,10965,10966,1
8973,Mycolicibacterium_pulveris,10971,10975,4
8974,Mycolicibacterium_pulveris,11085,11086,1
8975,Mycolicibacterium_pulveris,11143,11144,1
8976,Mycolicibacterium_pulveris,11243,11244,1
8977,Mycolicibacterium_pulveris,11260,11261,1
8978,Mycolicibacterium_pulveris,11266,11267,1
8979,Mycolicibacterium_pulveris,11286,11287,1
8980,Mycolicibacterium_pulveris,11312,11313,1
8981,Mycolicibacterium_pulveris,11473,11474,1
8982,Mycolicibacterium_pulveris,11505,11512,7
8983,Mycolicibacterium_pulveris,11513,11514,1
8984,Mycolicibacterium_pulveris,11520,11535,15
8985,Mycolicibacterium_pulveris,11550,11551,1
8986,Mycolicibacterium_pulveris,11566,11567,1
8987,Mycolicibacterium_pulveris,11782,11783,1
8988,Mycolicibacterium_pulveris,11823,11824,1
8989,Mycolicibacterium_pulveris,11831,11836,5
8990,Mycolicibacterium_pulveris,11851,11852,1
8991,Mycolicibacterium_pulveris,11859,11865,6
8992,Mycolicibacterium_pulveris,11877,11878,1
8993,Mycolicibacterium_pulveris,11993,11995,2
8994,Mycolicibacterium_pulveris,12029,12030,1
8995,Mycolicibacterium_pulveris,12068,12069,1
8996,Mycolicibacterium_pulveris,12211,12212,1
8997,Mycolicibacterium_pulveris,12213,12214,1
8998,Mycolicibacterium_pulveris,12218,12222,4
8999,Mycolicibacterium_pulveris,12226,12227,1
9000,Mycolicibacterium_pulveris,12229,12230,1
9001,Mycolicibacterium_pulveris,12237,12238,1
9002,Mycolicibacterium_pulveris,12360,12369,9
9003,Mycolicibacterium_pulveris,12371,12372,1
9004,Mycolicibacterium_pulveris,12374,12375,1
9005,Mycolicibacterium_pulveris,12377,12382,5
9006,Mycolicibacterium_pulveris,12384,12390,6
9007,Mycolicibacterium_pulveris,12391,12400,9
9008,Mycolicibacterium_pulveris,12454,12455,1
9009,Mycolicibacterium_pulveris,12739,12740,1
9010,Mycolicibacterium_pulveris,12798,12925,127
9011,Mycolicibacterium_pulveris,13120,13121,1
9012,Mycolicibacterium_pulveris,13453,13454,1
9013,Mycolicibacterium_pulveris,13508,13509,1
9014,Mycolicibacterium_tokaiense,1,10,9
9015,Mycolicibacterium_tokaiense,21,39,18
9016,Mycolicibacterium_tokaiense,43,46,3
9017,Mycolicibacterium_tokaiense,48,110,62
9018,Mycolicibacterium_tokaiense,118,130,12
9019,Mycolicibacterium_tokaiense,133,136,3
9020,Mycolicibacterium_tokaiense,346,349,3
9021,Mycolicibacterium_tokaiense,1542,1691,149
9022,Mycolicibacterium_tokaiense,3317,3356,39
9023,Mycolicibacterium_tokaiense,3373,3374,1
9024,Mycolicibacterium_tokaiense,3400,3478,78
9025,Mycolicibacterium_tokaiense,3485,3491,6
9026,Mycolicibacterium_tokaiense,3642,3645,3
9027,Mycolicibacterium_tokaiense,3650,3653,3
9028,Mycolicibacterium_tokaiense,3655,3667,12
9029,Mycolicibacterium_tokaiense,3782,3788,6
9030,Mycolicibacterium_tokaiense,4400,4406,6
9031,Mycolicibacterium_tokaiense,4407,4413,6
9032,Mycolicibacterium_tokaiense,4417,4426,9
9033,Mycolicibacterium_tokaiense,4432,4445,13
9034,Mycolicibacterium_tokaiense,4452,4455,3
9035,Mycolicibacterium_tokaiense,4456,4462,6
9036,Mycolicibacterium_tokaiense,4468,4474,6
9037,Mycolicibacterium_tokaiense,4475,4481,6
9038,Mycolicibacterium_tokaiense,4483,4486,3
9039,Mycolicibacterium_tokaiense,4540,4552,12
9040,Mycolicibacterium_tokaiense,4555,4564,9
9041,Mycolicibacterium_tokaiense,4567,4573,6
9042,Mycolicibacterium_tokaiense,4582,4585,3
9043,Mycolicibacterium_tokaiense,5163,5169,6
9044,Mycolicibacterium_tokaiense,5170,5179,9
9045,Mycolicibacterium_tokaiense,5181,5190,9
9046,Mycolicibacterium_tokaiense,5197,5199,2
9047,Mycolicibacterium_tokaiense,5201,5204,3
9048,Mycolicibacterium_tokaiense,5206,5214,8
9049,Mycolicibacterium_tokaiense,5218,5230,12
9050,Mycolicibacterium_tokaiense,5231,5241,10
9051,Mycolicibacterium_tokaiense,5247,5253,6
9052,Mycolicibacterium_tokaiense,5401,5402,1
9053,Mycolicibacterium_tokaiense,6015,6016,1
9054,Mycolicibacterium_tokaiense,6431,6452,21
9055,Mycolicibacterium_tokaiense,6456,6462,6
9056,Mycolicibacterium_tokaiense,6470,6494,24
9057,Mycolicibacterium_tokaiense,7178,7254,76
9058,Mycolicibacterium_tokaiense,7260,7268,8
9059,Mycolicibacterium_tokaiense,7760,7763,3
9060,Mycolicibacterium_tokaiense,8452,8500,48
9061,Mycolicibacterium_tokaiense,8577,8578,1
9062,Mycolicibacterium_tokaiense,8584,8599,15
9063,Mycolicibacterium_tokaiense,8600,8604,4
9064,Mycolicibacterium_tokaiense,8609,8610,1
9065,Mycolicibacterium_tokaiense,8661,8662,1
9066,Mycolicibacterium_tokaiense,8703,8704,1
9067,Mycolicibacterium_tokaiense,8720,8721,1
9068,Mycolicibacterium_tokaiense,8733,8735,2
9069,Mycolicibacterium_tokaiense,8739,8742,3
9070,Mycolicibacterium_tokaiense,8930,8931,1
9071,Mycolicibacterium_tokaiense,8980,8982,2
9072,Mycolicibacterium_tokaiense,8984,8998,14
9073,Mycolicibacterium_tokaiense,9120,9121,1
9074,Mycolicibacterium_tokaiense,9370,9372,2
9075,Mycolicibacterium_tokaiense,9546,9547,1
9076,Mycolicibacterium_tokaiense,9812,9813,1
9077,Mycolicibacterium_tokaiense,9985,9986,1
9078,Mycolicibacterium_tokaiense,10076,10078,2
9079,Mycolicibacterium_tokaiense,10157,10158,1
9080,Mycolicibacterium_tokaiense,10261,10262,1
9081,Mycolicibacterium_tokaiense,10310,10312,2
9082,Mycolicibacterium_tokaiense,10313,10315,2
9083,Mycolicibacterium_tokaiense,10325,10326,1
9084,Mycolicibacterium_tokaiense,10370,10371,1
9085,Mycolicibacterium_tokaiense,10416,10417,1
9086,Mycolicibacterium_tokaiense,10434,10435,1
9087,Mycolicibacterium_tokaiense,10448,10451,3
9088,Mycolicibacterium_tokaiense,10461,10462,1
9089,Mycolicibacterium_tokaiense,10476,10477,1
9090,Mycolicibacterium_tokaiense,10491,10492,1
9091,Mycolicibacterium_tokaiense,10526,10527,1
9092,Mycolicibacterium_tokaiense,10546,10649,103
9093,Mycolicibacterium_tokaiense,10771,10774,3
9094,Mycolicibacterium_tokaiense,10828,10832,4
9095,Mycolicibacterium_tokaiense,10835,10842,7
9096,Mycolicibacterium_tokaiense,10864,10865,1
9097,Mycolicibacterium_tokaiense,10914,10915,1
9098,Mycolicibacterium_tokaiense,10961,10968,7
9099,Mycolicibacterium_tokaiense,10971,10975,4
9100,Mycolicibacterium_tokaiense,11085,11086,1
9101,Mycolicibacterium_tokaiense,11143,11144,1
9102,Mycolicibacterium_tokaiense,11243,11245,2
9103,Mycolicibacterium_tokaiense,11260,11261,1
9104,Mycolicibacterium_tokaiense,11265,11267,2
9105,Mycolicibacterium_tokaiense,11286,11287,1
9106,Mycolicibacterium_tokaiense,11312,11313,1
9107,Mycolicibacterium_tokaiense,11473,11474,1
9108,Mycolicibacterium_tokaiense,11505,11512,7
9109,Mycolicibacterium_tokaiense,11513,11533,20
9110,Mycolicibacterium_tokaiense,11566,11567,1
9111,Mycolicibacterium_tokaiense,11782,11783,1
9112,Mycolicibacterium_tokaiense,11823,11824,1
9113,Mycolicibacterium_tokaiense,11826,11827,1
9114,Mycolicibacterium_tokaiense,11831,11836,5
9115,Mycolicibacterium_tokaiense,11846,11850,4
9116,Mycolicibacterium_tokaiense,11851,11852,1
9117,Mycolicibacterium_tokaiense,11859,11860,1
9118,Mycolicibacterium_tokaiense,11864,11866,2
9119,Mycolicibacterium_tokaiense,11877,11878,1
9120,Mycolicibacterium_tokaiense,11993,11994,1
9121,Mycolicibacterium_tokaiense,12029,12030,1
9122,Mycolicibacterium_tokaiense,12068,12069,1
9123,Mycolicibacterium_tokaiense,12207,12208,1
9124,Mycolicibacterium_tokaiense,12211,12212,1
9125,Mycolicibacterium_tokaiense,12213,12214,1
9126,Mycolicibacterium_tokaiense,12218,12222,4
9127,Mycolicibacterium_tokaiense,12225,12227,2
9128,Mycolicibacterium_tokaiense,12237,12238,1
9129,Mycolicibacterium_tokaiense,12360,12369,9
9130,Mycolicibacterium_tokaiense,12371,12372,1
9131,Mycolicibacterium_tokaiense,12374,12382,8
9132,Mycolicibacterium_tokaiense,12384,12390,6
9133,Mycolicibacterium_tokaiense,12391,12400,9
9134,Mycolicibacterium_tokaiense,12454,12455,1
9135,Mycolicibacterium_tokaiense,12739,12740,1
9136,Mycolicibacterium_tokaiense,12798,12925,127
9137,Mycolicibacterium_tokaiense,13058,13059,1
9138,Mycolicibacterium_tokaiense,13069,13070,1
9139,Mycolicibacterium_tokaiense,13451,13452,1
9140,Mycolicibacterium_tokaiense,13453,13454,1
9141,Mycolicibacterium_tokaiense,13508,13509,1
9142,Mycolicibacterium_tokaiense,13522,13523,1
9143,Mycolicibacterium_moriokaense,1,10,9
9144,Mycolicibacterium_moriokaense,21,39,18
9145,Mycolicibacterium_moriokaense,43,46,3
9146,Mycolicibacterium_moriokaense,48,110,62
9147,Mycolicibacterium_moriokaense,117,132,15
9148,Mycolicibacterium_moriokaense,133,136,3
9149,Mycolicibacterium_moriokaense,346,349,3
9150,Mycolicibacterium_moriokaense,1572,1604,32
9151,Mycolicibacterium_moriokaense,1615,1675,60
9152,Mycolicibacterium_moriokaense,3317,3361,44
9153,Mycolicibacterium_moriokaense,3364,3365,1
9154,Mycolicibacterium_moriokaense,3373,3374,1
9155,Mycolicibacterium_moriokaense,3409,3478,69
9156,Mycolicibacterium_moriokaense,3485,3491,6
9157,Mycolicibacterium_moriokaense,3642,3645,3
9158,Mycolicibacterium_moriokaense,3655,3667,12
9159,Mycolicibacterium_moriokaense,3782,3788,6
9160,Mycolicibacterium_moriokaense,4400,4406,6
9161,Mycolicibacterium_moriokaense,4407,4413,6
9162,Mycolicibacterium_moriokaense,4417,4426,9
9163,Mycolicibacterium_moriokaense,4432,4445,13
9164,Mycolicibacterium_moriokaense,4452,4455,3
9165,Mycolicibacterium_moriokaense,4456,4462,6
9166,Mycolicibacterium_moriokaense,4468,4474,6
9167,Mycolicibacterium_moriokaense,4475,4481,6
9168,Mycolicibacterium_moriokaense,4483,4486,3
9169,Mycolicibacterium_moriokaense,4540,4552,12
9170,Mycolicibacterium_moriokaense,4555,4564,9
9171,Mycolicibacterium_moriokaense,4567,4573,6
9172,Mycolicibacterium_moriokaense,4582,4585,3
9173,Mycolicibacterium_moriokaense,5163,5169,6
9174,Mycolicibacterium_moriokaense,5170,5179,9
9175,Mycolicibacterium_moriokaense,5181,5190,9
9176,Mycolicibacterium_moriokaense,5197,5199,2
9177,Mycolicibacterium_moriokaense,5201,5204,3
9178,Mycolicibacterium_moriokaense,5206,5214,8
9179,Mycolicibacterium_moriokaense,5218,5230,12
9180,Mycolicibacterium_moriokaense,5231,5241,10
9181,Mycolicibacterium_moriokaense,5247,5253,6
9182,Mycolicibacterium_moriokaense,5401,5402,1
9183,Mycolicibacterium_moriokaense,6015,6016,1
9184,Mycolicibacterium_moriokaense,6431,6467,36
9185,Mycolicibacterium_moriokaense,6470,6494,24
9186,Mycolicibacterium_moriokaense,7178,7254,76
9187,Mycolicibacterium_moriokaense,7260,7268,8
9188,Mycolicibacterium_moriokaense,7760,7763,3
9189,Mycolicibacterium_moriokaense,8452,8500,48
9190,Mycolicibacterium_moriokaense,8577,8578,1
9191,Mycolicibacterium_moriokaense,8584,8599,15
9192,Mycolicibacterium_moriokaense,8601,8603,2
9193,Mycolicibacterium_moriokaense,8609,8610,1
9194,Mycolicibacterium_moriokaense,8661,8662,1
9195,Mycolicibacterium_moriokaense,8733,8735,2
9196,Mycolicibacterium_moriokaense,8739,8742,3
9197,Mycolicibacterium_moriokaense,8757,8758,1
9198,Mycolicibacterium_moriokaense,8930,8931,1
9199,Mycolicibacterium_moriokaense,8980,8982,2
9200,Mycolicibacterium_moriokaense,8984,8998,14
9201,Mycolicibacterium_moriokaense,9120,9121,1
9202,Mycolicibacterium_moriokaense,9370,9372,2
9203,Mycolicibacterium_moriokaense,9546,9547,1
9204,Mycolicibacterium_moriokaense,9812,9813,1
9205,Mycolicibacterium_moriokaense,9985,9986,1
9206,Mycolicibacterium_moriokaense,10076,10078,2
9207,Mycolicibacterium_moriokaense,10157,10158,1
9208,Mycolicibacterium_moriokaense,10261,10262,1
9209,Mycolicibacterium_moriokaense,10310,10312,2
9210,Mycolicibacterium_moriokaense,10313,10315,2
9211,Mycolicibacterium_moriokaense,10325,10326,1
9212,Mycolicibacterium_moriokaense,10370,10371,1
9213,Mycolicibacterium_moriokaense,10416,10417,1
9214,Mycolicibacterium_moriokaense,10434,10435,1
9215,Mycolicibacterium_moriokaense,10448,10449,1
9216,Mycolicibacterium_moriokaense,10461,10462,1
9217,Mycolicibacterium_moriokaense,10476,10477,1
9218,Mycolicibacterium_moriokaense,10491,10492,1
9219,Mycolicibacterium_moriokaense,10526,10527,1
9220,Mycolicibacterium_moriokaense,10546,10649,103
9221,Mycolicibacterium_moriokaense,10828,10830,2
9222,Mycolicibacterium_moriokaense,10835,10836,1
9223,Mycolicibacterium_moriokaense,10837,10843,6
9224,Mycolicibacterium_moriokaense,10864,10865,1
9225,Mycolicibacterium_moriokaense,10914,10915,1
9226,Mycolicibacterium_moriokaense,10965,10966,1
9227,Mycolicibacterium_moriokaense,10971,10975,4
9228,Mycolicibacterium_moriokaense,11085,11086,1
9229,Mycolicibacterium_moriokaense,11143,11144,1
9230,Mycolicibacterium_moriokaense,11243,11244,1
9231,Mycolicibacterium_moriokaense,11260,11261,1
9232,Mycolicibacterium_moriokaense,11286,11287,1
9233,Mycolicibacterium_moriokaense,11312,11313,1
9234,Mycolicibacterium_moriokaense,11473,11474,1
9235,Mycolicibacterium_moriokaense,11505,11512,7
9236,Mycolicibacterium_moriokaense,11513,11514,1
9237,Mycolicibacterium_moriokaense,11520,11521,1
9238,Mycolicibacterium_moriokaense,11523,11542,19
9239,Mycolicibacterium_moriokaense,11566,11567,1
9240,Mycolicibacterium_moriokaense,11782,11783,1
9241,Mycolicibacterium_moriokaense,11823,11824,1
9242,Mycolicibacterium_moriokaense,11831,11836,5
9243,Mycolicibacterium_moriokaense,11846,11850,4
9244,Mycolicibacterium_moriokaense,11851,11852,1
9245,Mycolicibacterium_moriokaense,11859,11860,1
9246,Mycolicibacterium_moriokaense,11864,11866,2
9247,Mycolicibacterium_moriokaense,11877,11878,1
9248,Mycolicibacterium_moriokaense,11993,11994,1
9249,Mycolicibacterium_moriokaense,12029,12030,1
9250,Mycolicibacterium_moriokaense,12068,12069,1
9251,Mycolicibacterium_moriokaense,12207,12208,1
9252,Mycolicibacterium_moriokaense,12211,12212,1
9253,Mycolicibacterium_moriokaense,12218,12222,4
9254,Mycolicibacterium_moriokaense,12226,12227,1
9255,Mycolicibacterium_moriokaense,12237,12238,1
9256,Mycolicibacterium_moriokaense,12360,12369,9
9257,Mycolicibacterium_moriokaense,12371,12372,1
9258,Mycolicibacterium_moriokaense,12374,12375,1
9259,Mycolicibacterium_moriokaense,12378,12381,3
9260,Mycolicibacterium_moriokaense,12384,12390,6
9261,Mycolicibacterium_moriokaense,12391,12400,9
9262,Mycolicibacterium_moriokaense,12454,12455,1
9263,Mycolicibacterium_moriokaense,12739,12740,1
9264,Mycolicibacterium_moriokaense,12798,12925,127
9265,Mycolicibacterium_moriokaense,13453,13454,1
9266,Mycolicibacterium_moriokaense,13508,13509,1
9267,Mycolicibacterium_aichiense,1,10,9
9268,Mycolicibacterium_aichiense,21,39,18
9269,Mycolicibacterium_aichiense,43,46,3
9270,Mycolicibacterium_aichiense,50,109,59
9271,Mycolicibacterium_aichiense,117,132,15
9272,Mycolicibacterium_aichiense,133,136,3
9273,Mycolicibacterium_aichiense,346,349,3
9274,Mycolicibacterium_aichiense,1542,1691,149
9275,Mycolicibacterium_aichiense,3317,3361,44
9276,Mycolicibacterium_aichiense,3364,3365,1
9277,Mycolicibacterium_aichiense,3373,3374,1
9278,Mycolicibacterium_aichiense,3408,3480,72
9279,Mycolicibacterium_aichiense,3485,3491,6
9280,Mycolicibacterium_aichiense,3642,3645,3
9281,Mycolicibacterium_aichiense,3650,3653,3
9282,Mycolicibacterium_aichiense,3655,3667,12
9283,Mycolicibacterium_aichiense,3782,3788,6
9284,Mycolicibacterium_aichiense,4400,4406,6
9285,Mycolicibacterium_aichiense,4407,4413,6
9286,Mycolicibacterium_aichiense,4417,4426,9
9287,Mycolicibacterium_aichiense,4432,4445,13
9288,Mycolicibacterium_aichiense,4452,4455,3
9289,Mycolicibacterium_aichiense,4456,4462,6
9290,Mycolicibacterium_aichiense,4468,4474,6
9291,Mycolicibacterium_aichiense,4475,4481,6
9292,Mycolicibacterium_aichiense,4483,4486,3
9293,Mycolicibacterium_aichiense,4540,4552,12
9294,Mycolicibacterium_aichiense,4555,4564,9
9295,Mycolicibacterium_aichiense,4567,4573,6
9296,Mycolicibacterium_aichiense,4582,4585,3
9297,Mycolicibacterium_aichiense,5163,5169,6
9298,Mycolicibacterium_aichiense,5170,5179,9
9299,Mycolicibacterium_aichiense,5181,5190,9
9300,Mycolicibacterium_aichiense,5197,5199,2
9301,Mycolicibacterium_aichiense,5201,5204,3
9302,Mycolicibacterium_aichiense,5206,5214,8
9303,Mycolicibacterium_aichiense,5218,5230,12
9304,Mycolicibacterium_aichiense,5231,5241,10
9305,Mycolicibacterium_aichiense,5247,5253,6
9306,Mycolicibacterium_aichiense,5401,5402,1
9307,Mycolicibacterium_aichiense,6015,6016,1
9308,Mycolicibacterium_aichiense,6431,6452,21
9309,Mycolicibacterium_aichiense,6456,6462,6
9310,Mycolicibacterium_aichiense,6470,6494,24
9311,Mycolicibacterium_aichiense,7178,7254,76
9312,Mycolicibacterium_aichiense,7260,7268,8
9313,Mycolicibacterium_aichiense,7760,7763,3
9314,Mycolicibacterium_aichiense,8452,8500,48
9315,Mycolicibacterium_aichiense,8577,8578,1
9316,Mycolicibacterium_aichiense,8584,8599,15
9317,Mycolicibacterium_aichiense,8600,8604,4
9318,Mycolicibacterium_aichiense,8609,8610,1
9319,Mycolicibacterium_aichiense,8661,8662,1
9320,Mycolicibacterium_aichiense,8703,8704,1
9321,Mycolicibacterium_aichiense,8720,8721,1
9322,Mycolicibacterium_aichiense,8733,8735,2
9323,Mycolicibacterium_aichiense,8739,8742,3
9324,Mycolicibacterium_aichiense,8930,8931,1
9325,Mycolicibacterium_aichiense,8980,8982,2
9326,Mycolicibacterium_aichiense,8984,8998,14
9327,Mycolicibacterium_aichiense,9120,9121,1
9328,Mycolicibacterium_aichiense,9370,9372,2
9329,Mycolicibacterium_aichiense,9546,9547,1
9330,Mycolicibacterium_aichiense,9812,9813,1
9331,Mycolicibacterium_aichiense,9982,9984,2
9332,Mycolicibacterium_aichiense,9985,9986,1
9333,Mycolicibacterium_aichiense,10076,10078,2
9334,Mycolicibacterium_aichiense,10157,10158,1
9335,Mycolicibacterium_aichiense,10261,10262,1
9336,Mycolicibacterium_aichiense,10310,10312,2
9337,Mycolicibacterium_aichiense,10313,10315,2
9338,Mycolicibacterium_aichiense,10325,10326,1
9339,Mycolicibacterium_aichiense,10370,10371,1
9340,Mycolicibacterium_aichiense,10416,10417,1
9341,Mycolicibacterium_aichiense,10434,10435,1
9342,Mycolicibacterium_aichiense,10448,10449,1
9343,Mycolicibacterium_aichiense,10461,10462,1
9344,Mycolicibacterium_aichiense,10476,10477,1
9345,Mycolicibacterium_aichiense,10491,10492,1
9346,Mycolicibacterium_aichiense,10526,10527,1
9347,Mycolicibacterium_aichiense,10546,10649,103
9348,Mycolicibacterium_aichiense,10828,10832,4
9349,Mycolicibacterium_aichiense,10835,10836,1
9350,Mycolicibacterium_aichiense,10837,10843,6
9351,Mycolicibacterium_aichiense,10864,10865,1
9352,Mycolicibacterium_aichiense,10914,10915,1
9353,Mycolicibacterium_aichiense,10965,10966,1
9354,Mycolicibacterium_aichiense,10971,10975,4
9355,Mycolicibacterium_aichiense,11085,11086,1
9356,Mycolicibacterium_aichiense,11143,11144,1
9357,Mycolicibacterium_aichiense,11243,11245,2
9358,Mycolicibacterium_aichiense,11260,11261,1
9359,Mycolicibacterium_aichiense,11265,11267,2
9360,Mycolicibacterium_aichiense,11286,11287,1
9361,Mycolicibacterium_aichiense,11312,11313,1
9362,Mycolicibacterium_aichiense,11415,11416,1
9363,Mycolicibacterium_aichiense,11473,11474,1
9364,Mycolicibacterium_aichiense,11505,11512,7
9365,Mycolicibacterium_aichiense,11513,11514,1
9366,Mycolicibacterium_aichiense,11520,11521,1
9367,Mycolicibacterium_aichiense,11523,11537,14
9368,Mycolicibacterium_aichiense,11540,11541,1
9369,Mycolicibacterium_aichiense,11782,11783,1
9370,Mycolicibacterium_aichiense,11823,11824,1
9371,Mycolicibacterium_aichiense,11826,11827,1
9372,Mycolicibacterium_aichiense,11831,11836,5
9373,Mycolicibacterium_aichiense,11846,11850,4
9374,Mycolicibacterium_aichiense,11851,11852,1
9375,Mycolicibacterium_aichiense,11859,11860,1
9376,Mycolicibacterium_aichiense,11864,11866,2
9377,Mycolicibacterium_aichiense,11877,11878,1
9378,Mycolicibacterium_aichiense,11993,11994,1
9379,Mycolicibacterium_aichiense,12029,12030,1
9380,Mycolicibacterium_aichiense,12068,12069,1
9381,Mycolicibacterium_aichiense,12196,12197,1
9382,Mycolicibacterium_aichiense,12207,12208,1
9383,Mycolicibacterium_aichiense,12211,12212,1
9384,Mycolicibacterium_aichiense,12213,12214,1
9385,Mycolicibacterium_aichiense,12218,12222,4
9386,Mycolicibacterium_aichiense,12226,12227,1
9387,Mycolicibacterium_aichiense,12237,12238,1
9388,Mycolicibacterium_aichiense,12360,12369,9
9389,Mycolicibacterium_aichiense,12371,12372,1
9390,Mycolicibacterium_aichiense,12374,12375,1
9391,Mycolicibacterium_aichiense,12378,12383,5
9392,Mycolicibacterium_aichiense,12384,12390,6
9393,Mycolicibacterium_aichiense,12391,12400,9
9394,Mycolicibacterium_aichiense,12454,12455,1
9395,Mycolicibacterium_aichiense,12739,12740,1
9396,Mycolicibacterium_aichiense,12798,12925,127
9397,Mycolicibacterium_aichiense,13451,13452,1
9398,Mycolicibacterium_aichiense,13453,13454,1
9399,Mycolicibacterium_aichiense,13508,13509,1
9400,Mycobacterium_novum,1,10,9
9401,Mycobacterium_novum,21,39,18
9402,Mycobacterium_novum,43,46,3
9403,Mycobacterium_novum,59,136,77
9404,Mycobacterium_novum,346,349,3
9405,Mycobacterium_novum,1542,1691,149
9406,Mycobacterium_novum,3317,3381,64
9407,Mycobacterium_novum,3414,3420,6
9408,Mycobacterium_novum,3424,3460,36
9409,Mycobacterium_novum,3473,3479,6
9410,Mycobacterium_novum,3485,3491,6
9411,Mycobacterium_novum,3650,3653,3
9412,Mycobacterium_novum,3657,3672,15
9413,Mycobacterium_novum,3782,3788,6
9414,Mycobacterium_novum,4400,4406,6
9415,Mycobacterium_novum,4407,4413,6
9416,Mycobacterium_novum,4422,4426,4
9417,Mycobacterium_novum,4452,4455,3
9418,Mycobacterium_novum,4456,4486,30
9419,Mycobacterium_novum,4555,4564,9
9420,Mycobacterium_novum,4567,4573,6
9421,Mycobacterium_novum,5163,5169,6
9422,Mycobacterium_novum,5170,5179,9
9423,Mycobacterium_novum,5181,5190,9
9424,Mycobacterium_novum,5197,5199,2
9425,Mycobacterium_novum,5201,5204,3
9426,Mycobacterium_novum,5206,5214,8
9427,Mycobacterium_novum,5218,5230,12
9428,Mycobacterium_novum,5231,5241,10
9429,Mycobacterium_novum,5247,5253,6
9430,Mycobacterium_novum,5401,5402,1
9431,Mycobacterium_novum,6015,6016,1
9432,Mycobacterium_novum,6431,6452,21
9433,Mycobacterium_novum,6456,6462,6
9434,Mycobacterium_novum,6470,6494,24
9435,Mycobacterium_novum,7178,7254,76
9436,Mycobacterium_novum,7260,7268,8
9437,Mycobacterium_novum,7760,7763,3
9438,Mycobacterium_novum,8452,8500,48
9439,Mycobacterium_novum,8577,8578,1
9440,Mycobacterium_novum,8584,8599,15
9441,Mycobacterium_novum,8601,8603,2
9442,Mycobacterium_novum,8609,8610,1
9443,Mycobacterium_novum,8661,8662,1
9444,Mycobacterium_novum,8703,8704,1
9445,Mycobacterium_novum,8720,8721,1
9446,Mycobacterium_novum,8733,8735,2
9447,Mycobacterium_novum,8739,8742,3
9448,Mycobacterium_novum,8930,8931,1
9449,Mycobacterium_novum,8980,8982,2
9450,Mycobacterium_novum,9120,9121,1
9451,Mycobacterium_novum,9546,9547,1
9452,Mycobacterium_novum,9812,9814,2
9453,Mycobacterium_novum,9982,9986,4
9454,Mycobacterium_novum,10076,10078,2
9455,Mycobacterium_novum,10157,10158,1
9456,Mycobacterium_novum,10310,10312,2
9457,Mycobacterium_novum,10313,10315,2
9458,Mycobacterium_novum,10325,10326,1
9459,Mycobacterium_novum,10370,10371,1
9460,Mycobacterium_novum,10416,10417,1
9461,Mycobacterium_novum,10448,10449,1
9462,Mycobacterium_novum,10476,10477,1
9463,Mycobacterium_novum,10491,10492,1
9464,Mycobacterium_novum,10526,10527,1
9465,Mycobacterium_novum,10547,10649,102
9466,Mycobacterium_novum,10828,10830,2
9467,Mycobacterium_novum,10836,10843,7
9468,Mycobacterium_novum,10864,10865,1
9469,Mycobacterium_novum,10914,10915,1
9470,Mycobacterium_novum,10965,10966,1
9471,Mycobacterium_novum,10971,10975,4
9472,Mycobacterium_novum,11085,11086,1
9473,Mycobacterium_novum,11143,11144,1
9474,Mycobacterium_novum,11243,11244,1
9475,Mycobacterium_novum,11260,11261,1
9476,Mycobacterium_novum,11265,11267,2
9477,Mycobacterium_novum,11286,11287,1
9478,Mycobacterium_novum,11312,11313,1
9479,Mycobacterium_novum,11473,11474,1
9480,Mycobacterium_novum,11505,11512,7
9481,Mycobacterium_novum,11513,11514,1
9482,Mycobacterium_novum,11515,11533,18
9483,Mycobacterium_novum,11566,11567,1
9484,Mycobacterium_novum,11782,11783,1
9485,Mycobacterium_novum,11823,11824,1
9486,Mycobacterium_novum,11831,11836,5
9487,Mycobacterium_novum,11847,11850,3
9488,Mycobacterium_novum,11851,11852,1
9489,Mycobacterium_novum,11859,11860,1
9490,Mycobacterium_novum,11864,11866,2
9491,Mycobacterium_novum,11867,11870,3
9492,Mycobacterium_novum,11877,11878,1
9493,Mycobacterium_novum,11993,11994,1
9494,Mycobacterium_novum,12029,12030,1
9495,Mycobacterium_novum,12068,12069,1
9496,Mycobacterium_novum,12207,12208,1
9497,Mycobacterium_novum,12211,12212,1
9498,Mycobacterium_novum,12213,12214,1
9499,Mycobacterium_novum,12218,12222,4
9500,Mycobacterium_novum,12226,12227,1
9501,Mycobacterium_novum,12237,12238,1
9502,Mycobacterium_novum,12360,12369,9
9503,Mycobacterium_novum,12371,12372,1
9504,Mycobacterium_novum,12374,12375,1
9505,Mycobacterium_novum,12378,12381,3
9506,Mycobacterium_novum,12384,12390,6
9507,Mycobacterium_novum,12391,12400,9
9508,Mycobacterium_novum,12454,12455,1
9509,Mycobacterium_novum,12739,12740,1
9510,Mycobacterium_novum,12798,12925,127
9511,Mycobacterium_novum,13453,13454,1
9512,Mycobacterium_novum,13508,13509,1
9513,Mycobacterium_novum,13527,13528,1
9514,Mycolicibacterium_duvalii,1,10,9
9515,Mycolicibacterium_duvalii,21,39,18
9516,Mycolicibacterium_duvalii,43,46,3
9517,Mycolicibacterium_duvalii,51,107,56
9518,Mycolicibacterium_duvalii,117,132,15
9519,Mycolicibacterium_duvalii,133,136,3
9520,Mycolicibacterium_duvalii,346,349,3
9521,Mycolicibacterium_duvalii,1542,1691,149
9522,Mycolicibacterium_duvalii,3317,3361,44
9523,Mycolicibacterium_duvalii,3364,3365,1
9524,Mycolicibacterium_duvalii,3373,3374,1
9525,Mycolicibacterium_duvalii,3409,3421,12
9526,Mycolicibacterium_duvalii,3424,3478,54
9527,Mycolicibacterium_duvalii,3485,3491,6
9528,Mycolicibacterium_duvalii,3642,3645,3
9529,Mycolicibacterium_duvalii,3650,3653,3
9530,Mycolicibacterium_duvalii,3655,3667,12
9531,Mycolicibacterium_duvalii,3782,3788,6
9532,Mycolicibacterium_duvalii,4400,4406,6
9533,Mycolicibacterium_duvalii,4407,4413,6
9534,Mycolicibacterium_duvalii,4417,4426,9
9535,Mycolicibacterium_duvalii,4432,4445,13
9536,Mycolicibacterium_duvalii,4452,4455,3
9537,Mycolicibacterium_duvalii,4456,4462,6
9538,Mycolicibacterium_duvalii,4468,4474,6
9539,Mycolicibacterium_duvalii,4475,4481,6
9540,Mycolicibacterium_duvalii,4483,4486,3
9541,Mycolicibacterium_duvalii,4540,4552,12
9542,Mycolicibacterium_duvalii,4555,4564,9
9543,Mycolicibacterium_duvalii,4567,4573,6
9544,Mycolicibacterium_duvalii,4582,4585,3
9545,Mycolicibacterium_duvalii,5163,5169,6
9546,Mycolicibacterium_duvalii,5170,5179,9
9547,Mycolicibacterium_duvalii,5181,5190,9
9548,Mycolicibacterium_duvalii,5197,5199,2
9549,Mycolicibacterium_duvalii,5201,5204,3
9550,Mycolicibacterium_duvalii,5206,5214,8
9551,Mycolicibacterium_duvalii,5218,5230,12
9552,Mycolicibacterium_duvalii,5231,5241,10
9553,Mycolicibacterium_duvalii,5247,5253,6
9554,Mycolicibacterium_duvalii,5401,5402,1
9555,Mycolicibacterium_duvalii,6015,6016,1
9556,Mycolicibacterium_duvalii,6431,6452,21
9557,Mycolicibacterium_duvalii,6470,6494,24
9558,Mycolicibacterium_duvalii,7178,7254,76
9559,Mycolicibacterium_duvalii,7260,7268,8
9560,Mycolicibacterium_duvalii,7760,7763,3
9561,Mycolicibacterium_duvalii,8452,8500,48
9562,Mycolicibacterium_duvalii,8577,8578,1
9563,Mycolicibacterium_duvalii,8584,8599,15
9564,Mycolicibacterium_duvalii,8600,8604,4
9565,Mycolicibacterium_duvalii,8609,8610,1
9566,Mycolicibacterium_duvalii,8661,8662,1
9567,Mycolicibacterium_duvalii,8733,8735,2
9568,Mycolicibacterium_duvalii,8739,8742,3
9569,Mycolicibacterium_duvalii,8930,8931,1
9570,Mycolicibacterium_duvalii,8961,8963,2
9571,Mycolicibacterium_duvalii,8980,8982,2
9572,Mycolicibacterium_duvalii,8984,8998,14
9573,Mycolicibacterium_duvalii,9120,9121,1
9574,Mycolicibacterium_duvalii,9370,9372,2
9575,Mycolicibacterium_duvalii,9546,9547,1
9576,Mycolicibacterium_duvalii,9812,9813,1
9577,Mycolicibacterium_duvalii,9985,9986,1
9578,Mycolicibacterium_duvalii,10076,10078,2
9579,Mycolicibacterium_duvalii,10254,10255,1
9580,Mycolicibacterium_duvalii,10261,10262,1
9581,Mycolicibacterium_duvalii,10267,10268,1
9582,Mycolicibacterium_duvalii,10310,10312,2
9583,Mycolicibacterium_duvalii,10313,10315,2
9584,Mycolicibacterium_duvalii,10325,10326,1
9585,Mycolicibacterium_duvalii,10370,10371,1
9586,Mycolicibacterium_duvalii,10416,10417,1
9587,Mycolicibacterium_duvalii,10434,10435,1
9588,Mycolicibacterium_duvalii,10448,10449,1
9589,Mycolicibacterium_duvalii,10461,10462,1
9590,Mycolicibacterium_duvalii,10476,10477,1
9591,Mycolicibacterium_duvalii,10491,10492,1
9592,Mycolicibacterium_duvalii,10526,10527,1
9593,Mycolicibacterium_duvalii,10548,10649,101
9594,Mycolicibacterium_duvalii,10828,10830,2
9595,Mycolicibacterium_duvalii,10835,10836,1
9596,Mycolicibacterium_duvalii,10837,10843,6
9597,Mycolicibacterium_duvalii,10864,10865,1
9598,Mycolicibacterium_duvalii,10914,10915,1
9599,Mycolicibacterium_duvalii,10965,10966,1
9600,Mycolicibacterium_duvalii,10971,10975,4
9601,Mycolicibacterium_duvalii,11085,11086,1
9602,Mycolicibacterium_duvalii,11143,11144,1
9603,Mycolicibacterium_duvalii,11243,11244,1
9604,Mycolicibacterium_duvalii,11260,11261,1
9605,Mycolicibacterium_duvalii,11265,11267,2
9606,Mycolicibacterium_duvalii,11286,11287,1
9607,Mycolicibacterium_duvalii,11312,11313,1
9608,Mycolicibacterium_duvalii,11473,11474,1
9609,Mycolicibacterium_duvalii,11505,11512,7
9610,Mycolicibacterium_duvalii,11513,11514,1
9611,Mycolicibacterium_duvalii,11520,11521,1
9612,Mycolicibacterium_duvalii,11524,11537,13
9613,Mycolicibacterium_duvalii,11566,11567,1
9614,Mycolicibacterium_duvalii,11782,11783,1
9615,Mycolicibacterium_duvalii,11823,11824,1
9616,Mycolicibacterium_duvalii,11826,11827,1
9617,Mycolicibacterium_duvalii,11831,11836,5
9618,Mycolicibacterium_duvalii,11847,11849,2
9619,Mycolicibacterium_duvalii,11851,11852,1
9620,Mycolicibacterium_duvalii,11859,11860,1
9621,Mycolicibacterium_duvalii,11864,11866,2
9622,Mycolicibacterium_duvalii,11877,11878,1
9623,Mycolicibacterium_duvalii,11993,11994,1
9624,Mycolicibacterium_duvalii,12029,12030,1
9625,Mycolicibacterium_duvalii,12068,12069,1
9626,Mycolicibacterium_duvalii,12207,12208,1
9627,Mycolicibacterium_duvalii,12211,12212,1
9628,Mycolicibacterium_duvalii,12213,12214,1
9629,Mycolicibacterium_duvalii,12218,12222,4
9630,Mycolicibacterium_duvalii,12226,12227,1
9631,Mycolicibacterium_duvalii,12237,12238,1
9632,Mycolicibacterium_duvalii,12275,12276,1
9633,Mycolicibacterium_duvalii,12360,12369,9
9634,Mycolicibacterium_duvalii,12371,12372,1
9635,Mycolicibacterium_duvalii,12374,12375,1
9636,Mycolicibacterium_duvalii,12377,12382,5
9637,Mycolicibacterium_duvalii,12384,12390,6
9638,Mycolicibacterium_duvalii,12391,12400,9
9639,Mycolicibacterium_duvalii,12419,12420,1
9640,Mycolicibacterium_duvalii,12454,12455,1
9641,Mycolicibacterium_duvalii,12739,12740,1
9642,Mycolicibacterium_duvalii,12798,12925,127
9643,Mycolicibacterium_duvalii,13451,13452,1
9644,Mycolicibacterium_duvalii,13453,13454,1
9645,Mycolicibacterium_duvalii,13508,13509,1
9646,Mycolicibacterium_fallax,1,10,9
9647,Mycolicibacterium_fallax,21,39,18
9648,Mycolicibacterium_fallax,43,46,3
9649,Mycolicibacterium_fallax,62,115,53
9650,Mycolicibacterium_fallax,117,132,15
9651,Mycolicibacterium_fallax,133,136,3
9652,Mycolicibacterium_fallax,346,349,3
9653,Mycolicibacterium_fallax,1542,1691,149
9654,Mycolicibacterium_fallax,3317,3361,44
9655,Mycolicibacterium_fallax,3364,3365,1
9656,Mycolicibacterium_fallax,3373,3374,1
9657,Mycolicibacterium_fallax,3408,3480,72
9658,Mycolicibacterium_fallax,3485,3491,6
9659,Mycolicibacterium_fallax,3494,3497,3
9660,Mycolicibacterium_fallax,3642,3645,3
9661,Mycolicibacterium_fallax,3655,3667,12
9662,Mycolicibacterium_fallax,3782,3788,6
9663,Mycolicibacterium_fallax,4400,4406,6
9664,Mycolicibacterium_fallax,4407,4413,6
9665,Mycolicibacterium_fallax,4417,4426,9
9666,Mycolicibacterium_fallax,4432,4445,13
9667,Mycolicibacterium_fallax,4452,4455,3
9668,Mycolicibacterium_fallax,4456,4462,6
9669,Mycolicibacterium_fallax,4468,4474,6
9670,Mycolicibacterium_fallax,4475,4481,6
9671,Mycolicibacterium_fallax,4483,4486,3
9672,Mycolicibacterium_fallax,4540,4552,12
9673,Mycolicibacterium_fallax,4555,4564,9
9674,Mycolicibacterium_fallax,4567,4573,6
9675,Mycolicibacterium_fallax,4582,4585,3
9676,Mycolicibacterium_fallax,5163,5169,6
9677,Mycolicibacterium_fallax,5170,5179,9
9678,Mycolicibacterium_fallax,5181,5190,9
9679,Mycolicibacterium_fallax,5197,5199,2
9680,Mycolicibacterium_fallax,5201,5204,3
9681,Mycolicibacterium_fallax,5212,5214,2
9682,Mycolicibacterium_fallax,5218,5230,12
9683,Mycolicibacterium_fallax,5234,5241,7
9684,Mycolicibacterium_fallax,5247,5253,6
9685,Mycolicibacterium_fallax,5401,5402,1
9686,Mycolicibacterium_fallax,6015,6016,1
9687,Mycolicibacterium_fallax,6431,6452,21
9688,Mycolicibacterium_fallax,6456,6462,6
9689,Mycolicibacterium_fallax,6475,6490,15
9690,Mycolicibacterium_fallax,7178,7254,76
9691,Mycolicibacterium_fallax,7260,7268,8
9692,Mycolicibacterium_fallax,7760,7763,3
9693,Mycolicibacterium_fallax,8452,8500,48
9694,Mycolicibacterium_fallax,8577,8578,1
9695,Mycolicibacterium_fallax,8584,8599,15
9696,Mycolicibacterium_fallax,8600,8604,4
9697,Mycolicibacterium_fallax,8609,8610,1
9698,Mycolicibacterium_fallax,8661,8662,1
9699,Mycolicibacterium_fallax,8703,8704,1
9700,Mycolicibacterium_fallax,8720,8721,1
9701,Mycolicibacterium_fallax,8733,8735,2
9702,Mycolicibacterium_fallax,8739,8742,3
9703,Mycolicibacterium_fallax,8930,8931,1
9704,Mycolicibacterium_fallax,8980,8982,2
9705,Mycolicibacterium_fallax,8984,8998,14
9706,Mycolicibacterium_fallax,9120,9121,1
9707,Mycolicibacterium_fallax,9359,9360,1
9708,Mycolicibacterium_fallax,9370,9372,2
9709,Mycolicibacterium_fallax,9546,9547,1
9710,Mycolicibacterium_fallax,9812,9814,2
9711,Mycolicibacterium_fallax,9985,9986,1
9712,Mycolicibacterium_fallax,10076,10078,2
9713,Mycolicibacterium_fallax,10157,10158,1
9714,Mycolicibacterium_fallax,10261,10262,1
9715,Mycolicibacterium_fallax,10310,10312,2
9716,Mycolicibacterium_fallax,10313,10315,2
9717,Mycolicibacterium_fallax,10325,10326,1
9718,Mycolicibacterium_fallax,10370,10371,1
9719,Mycolicibacterium_fallax,10416,10417,1
9720,Mycolicibacterium_fallax,10434,10435,1
9721,Mycolicibacterium_fallax,10448,10449,1
9722,Mycolicibacterium_fallax,10461,10462,1
9723,Mycolicibacterium_fallax,10476,10477,1
9724,Mycolicibacterium_fallax,10491,10492,1
9725,Mycolicibacterium_fallax,10526,10527,1
9726,Mycolicibacterium_fallax,10546,10649,103
9727,Mycolicibacterium_fallax,10828,10830,2
9728,Mycolicibacterium_fallax,10835,10836,1
9729,Mycolicibacterium_fallax,10837,10843,6
9730,Mycolicibacterium_fallax,10864,10865,1
9731,Mycolicibacterium_fallax,10914,10915,1
9732,Mycolicibacterium_fallax,10961,10968,7
9733,Mycolicibacterium_fallax,10971,10975,4
9734,Mycolicibacterium_fallax,11085,11086,1
9735,Mycolicibacterium_fallax,11143,11144,1
9736,Mycolicibacterium_fallax,11260,11261,1
9737,Mycolicibacterium_fallax,11265,11267,2
9738,Mycolicibacterium_fallax,11286,11287,1
9739,Mycolicibacterium_fallax,11312,11313,1
9740,Mycolicibacterium_fallax,11506,11511,5
9741,Mycolicibacterium_fallax,11513,11514,1
9742,Mycolicibacterium_fallax,11520,11537,17
9743,Mycolicibacterium_fallax,11566,11567,1
9744,Mycolicibacterium_fallax,11782,11783,1
9745,Mycolicibacterium_fallax,11819,11820,1
9746,Mycolicibacterium_fallax,11823,11824,1
9747,Mycolicibacterium_fallax,11826,11827,1
9748,Mycolicibacterium_fallax,11831,11836,5
9749,Mycolicibacterium_fallax,11847,11853,6
9750,Mycolicibacterium_fallax,11859,11860,1
9751,Mycolicibacterium_fallax,11864,11866,2
9752,Mycolicibacterium_fallax,11877,11878,1
9753,Mycolicibacterium_fallax,11993,11995,2
9754,Mycolicibacterium_fallax,12029,12030,1
9755,Mycolicibacterium_fallax,12068,12069,1
9756,Mycolicibacterium_fallax,12207,12208,1
9757,Mycolicibacterium_fallax,12211,12212,1
9758,Mycolicibacterium_fallax,12213,12214,1
9759,Mycolicibacterium_fallax,12218,12222,4
9760,Mycolicibacterium_fallax,12226,12227,1
9761,Mycolicibacterium_fallax,12237,12238,1
9762,Mycolicibacterium_fallax,12275,12276,1
9763,Mycolicibacterium_fallax,12371,12372,1
9764,Mycolicibacterium_fallax,12374,12400,26
9765,Mycolicibacterium_fallax,12454,12455,1
9766,Mycolicibacterium_fallax,12739,12740,1
9767,Mycolicibacterium_fallax,12798,12925,127
9768,Mycolicibacterium_fallax,13451,13452,1
9769,Mycolicibacterium_fallax,13453,13454,1
9770,Mycolicibacterium_fallax,13508,13509,1
9771,Mycolicibacterium_alvei,1,10,9
9772,Mycolicibacterium_alvei,21,39,18
9773,Mycolicibacterium_alvei,43,46,3
9774,Mycolicibacterium_alvei,48,110,62
9775,Mycolicibacterium_alvei,117,132,15
9776,Mycolicibacterium_alvei,133,136,3
9777,Mycolicibacterium_alvei,346,349,3
9778,Mycolicibacterium_alvei,1542,1691,149
9779,Mycolicibacterium_alvei,3317,3361,44
9780,Mycolicibacterium_alvei,3364,3365,1
9781,Mycolicibacterium_alvei,3373,3374,1
9782,Mycolicibacterium_alvei,3403,3406,3
9783,Mycolicibacterium_alvei,3409,3421,12
9784,Mycolicibacterium_alvei,3424,3478,54
9785,Mycolicibacterium_alvei,3485,3491,6
9786,Mycolicibacterium_alvei,3642,3645,3
9787,Mycolicibacterium_alvei,3650,3653,3
9788,Mycolicibacterium_alvei,3655,3667,12
9789,Mycolicibacterium_alvei,3782,3788,6
9790,Mycolicibacterium_alvei,4400,4406,6
9791,Mycolicibacterium_alvei,4407,4413,6
9792,Mycolicibacterium_alvei,4417,4426,9
9793,Mycolicibacterium_alvei,4432,4445,13
9794,Mycolicibacterium_alvei,4452,4455,3
9795,Mycolicibacterium_alvei,4456,4462,6
9796,Mycolicibacterium_alvei,4468,4474,6
9797,Mycolicibacterium_alvei,4475,4481,6
9798,Mycolicibacterium_alvei,4483,4486,3
9799,Mycolicibacterium_alvei,4540,4552,12
9800,Mycolicibacterium_alvei,4555,4564,9
9801,Mycolicibacterium_alvei,4567,4573,6
9802,Mycolicibacterium_alvei,4582,4585,3
9803,Mycolicibacterium_alvei,5163,5169,6
9804,Mycolicibacterium_alvei,5170,5179,9
9805,Mycolicibacterium_alvei,5181,5190,9
9806,Mycolicibacterium_alvei,5197,5199,2
9807,Mycolicibacterium_alvei,5201,5204,3
9808,Mycolicibacterium_alvei,5206,5214,8
9809,Mycolicibacterium_alvei,5218,5230,12
9810,Mycolicibacterium_alvei,5231,5241,10
9811,Mycolicibacterium_alvei,5247,5253,6
9812,Mycolicibacterium_alvei,5401,5402,1
9813,Mycolicibacterium_alvei,6015,6016,1
9814,Mycolicibacterium_alvei,6431,6452,21
9815,Mycolicibacterium_alvei,6456,6462,6
9816,Mycolicibacterium_alvei,6470,6494,24
9817,Mycolicibacterium_alvei,7178,7254,76
9818,Mycolicibacterium_alvei,7260,7268,8
9819,Mycolicibacterium_alvei,7760,7763,3
9820,Mycolicibacterium_alvei,8452,8500,48
9821,Mycolicibacterium_alvei,8577,8578,1
9822,Mycolicibacterium_alvei,8584,8599,15
9823,Mycolicibacterium_alvei,8600,8604,4
9824,Mycolicibacterium_alvei,8609,8610,1
9825,Mycolicibacterium_alvei,8661,8662,1
9826,Mycolicibacterium_alvei,8703,8704,1
9827,Mycolicibacterium_alvei,8720,8721,1
9828,Mycolicibacterium_alvei,8733,8735,2
9829,Mycolicibacterium_alvei,8739,8742,3
9830,Mycolicibacterium_alvei,8930,8931,1
9831,Mycolicibacterium_alvei,8980,8982,2
9832,Mycolicibacterium_alvei,8984,8998,14
9833,Mycolicibacterium_alvei,9120,9121,1
9834,Mycolicibacterium_alvei,9370,9372,2
9835,Mycolicibacterium_alvei,9546,9547,1
9836,Mycolicibacterium_alvei,9812,9813,1
9837,Mycolicibacterium_alvei,9985,9986,1
9838,Mycolicibacterium_alvei,10076,10078,2
9839,Mycolicibacterium_alvei,10157,10158,1
9840,Mycolicibacterium_alvei,10261,10262,1
9841,Mycolicibacterium_alvei,10310,10312,2
9842,Mycolicibacterium_alvei,10313,10315,2
9843,Mycolicibacterium_alvei,10325,10326,1
9844,Mycolicibacterium_alvei,10370,10371,1
9845,Mycolicibacterium_alvei,10416,10417,1
9846,Mycolicibacterium_alvei,10434,10435,1
9847,Mycolicibacterium_alvei,10448,10449,1
9848,Mycolicibacterium_alvei,10476,10477,1
9849,Mycolicibacterium_alvei,10491,10492,1
9850,Mycolicibacterium_alvei,10526,10527,1
9851,Mycolicibacterium_alvei,10547,10649,102
9852,Mycolicibacterium_alvei,10828,10831,3
9853,Mycolicibacterium_alvei,10835,10843,8
9854,Mycolicibacterium_alvei,10864,10865,1
9855,Mycolicibacterium_alvei,10914,10915,1
9856,Mycolicibacterium_alvei,10965,10966,1
9857,Mycolicibacterium_alvei,10971,10975,4
9858,Mycolicibacterium_alvei,11085,11086,1
9859,Mycolicibacterium_alvei,11143,11144,1
9860,Mycolicibacterium_alvei,11243,11244,1
9861,Mycolicibacterium_alvei,11260,11261,1
9862,Mycolicibacterium_alvei,11286,11287,1
9863,Mycolicibacterium_alvei,11312,11313,1
9864,Mycolicibacterium_alvei,11473,11474,1
9865,Mycolicibacterium_alvei,11505,11512,7
9866,Mycolicibacterium_alvei,11513,11514,1
9867,Mycolicibacterium_alvei,11520,11521,1
9868,Mycolicibacterium_alvei,11524,11539,15
9869,Mycolicibacterium_alvei,11566,11567,1
9870,Mycolicibacterium_alvei,11782,11783,1
9871,Mycolicibacterium_alvei,11823,11824,1
9872,Mycolicibacterium_alvei,11826,11827,1
9873,Mycolicibacterium_alvei,11831,11836,5
9874,Mycolicibacterium_alvei,11846,11850,4
9875,Mycolicibacterium_alvei,11851,11852,1
9876,Mycolicibacterium_alvei,11859,11860,1
9877,Mycolicibacterium_alvei,11864,11865,1
9878,Mycolicibacterium_alvei,11877,11878,1
9879,Mycolicibacterium_alvei,11993,11994,1
9880,Mycolicibacterium_alvei,12029,12030,1
9881,Mycolicibacterium_alvei,12068,12069,1
9882,Mycolicibacterium_alvei,12207,12208,1
9883,Mycolicibacterium_alvei,12211,12212,1
9884,Mycolicibacterium_alvei,12213,12214,1
9885,Mycolicibacterium_alvei,12218,12222,4
9886,Mycolicibacterium_alvei,12226,12227,1
9887,Mycolicibacterium_alvei,12237,12238,1
9888,Mycolicibacterium_alvei,12360,12372,12
9889,Mycolicibacterium_alvei,12374,12375,1
9890,Mycolicibacterium_alvei,12378,12381,3
9891,Mycolicibacterium_alvei,12384,12390,6
9892,Mycolicibacterium_alvei,12391,12400,9
9893,Mycolicibacterium_alvei,12454,12455,1
9894,Mycolicibacterium_alvei,12739,12740,1
9895,Mycolicibacterium_alvei,12798,12925,127
9896,Mycolicibacterium_alvei,13425,13427,2
9897,Mycolicibacterium_alvei,13444,13446,2
9898,Mycolicibacterium_alvei,13451,13452,1
9899,Mycolicibacterium_alvei,13453,13454,1
9900,Mycolicibacterium_alvei,13468,13470,2
9901,Mycolicibacterium_alvei,13508,13509,1
9902,Mycobacterium_simiae,1,10,9
9903,Mycobacterium_simiae,21,39,18
9904,Mycobacterium_simiae,43,46,3
9905,Mycobacterium_simiae,53,71,18
9906,Mycobacterium_simiae,87,107,20
9907,Mycobacterium_simiae,117,132,15
9908,Mycobacterium_simiae,133,136,3
9909,Mycobacterium_simiae,346,349,3
9910,Mycobacterium_simiae,1542,1691,149
9911,Mycobacterium_simiae,3317,3361,44
9912,Mycobacterium_simiae,3364,3365,1
9913,Mycobacterium_simiae,3373,3374,1
9914,Mycobacterium_simiae,3414,3420,6
9915,Mycobacterium_simiae,3422,3482,60
9916,Mycobacterium_simiae,3485,3491,6
9917,Mycobacterium_simiae,3642,3645,3
9918,Mycobacterium_simiae,3650,3653,3
9919,Mycobacterium_simiae,3655,3667,12
9920,Mycobacterium_simiae,3782,3788,6
9921,Mycobacterium_simiae,4400,4406,6
9922,Mycobacterium_simiae,4407,4413,6
9923,Mycobacterium_simiae,4417,4426,9
9924,Mycobacterium_simiae,4432,4445,13
9925,Mycobacterium_simiae,4452,4455,3
9926,Mycobacterium_simiae,4456,4462,6
9927,Mycobacterium_simiae,4468,4480,12
9928,Mycobacterium_simiae,4483,4486,3
9929,Mycobacterium_simiae,4540,4552,12
9930,Mycobacterium_simiae,4555,4564,9
9931,Mycobacterium_simiae,4567,4573,6
9932,Mycobacterium_simiae,4581,4584,3
9933,Mycobacterium_simiae,5163,5169,6
9934,Mycobacterium_simiae,5170,5179,9
9935,Mycobacterium_simiae,5181,5190,9
9936,Mycobacterium_simiae,5197,5199,2
9937,Mycobacterium_simiae,5201,5204,3
9938,Mycobacterium_simiae,5206,5214,8
9939,Mycobacterium_simiae,5218,5230,12
9940,Mycobacterium_simiae,5231,5241,10
9941,Mycobacterium_simiae,5247,5253,6
9942,Mycobacterium_simiae,5401,5402,1
9943,Mycobacterium_simiae,6015,6016,1
9944,Mycobacterium_simiae,6428,6464,36
9945,Mycobacterium_simiae,6470,6494,24
9946,Mycobacterium_simiae,7178,7254,76
9947,Mycobacterium_simiae,7260,7268,8
9948,Mycobacterium_simiae,7760,7763,3
9949,Mycobacterium_simiae,8452,8500,48
9950,Mycobacterium_simiae,8577,8578,1
9951,Mycobacterium_simiae,8584,8599,15
9952,Mycobacterium_simiae,8601,8603,2
9953,Mycobacterium_simiae,8609,8610,1
9954,Mycobacterium_simiae,8661,8662,1
9955,Mycobacterium_simiae,8703,8704,1
9956,Mycobacterium_simiae,8720,8721,1
9957,Mycobacterium_simiae,8733,8735,2
9958,Mycobacterium_simiae,8739,8742,3
9959,Mycobacterium_simiae,8930,8931,1
9960,Mycobacterium_simiae,8980,8982,2
9961,Mycobacterium_simiae,8987,9001,14
9962,Mycobacterium_simiae,9120,9121,1
9963,Mycobacterium_simiae,9370,9372,2
9964,Mycobacterium_simiae,9546,9547,1
9965,Mycobacterium_simiae,9812,9813,1
9966,Mycobacterium_simiae,9983,9987,4
9967,Mycobacterium_simiae,10076,10078,2
9968,Mycobacterium_simiae,10157,10158,1
9969,Mycobacterium_simiae,10261,10262,1
9970,Mycobacterium_simiae,10310,10312,2
9971,Mycobacterium_simiae,10313,10315,2
9972,Mycobacterium_simiae,10325,10326,1
9973,Mycobacterium_simiae,10370,10371,1
9974,Mycobacterium_simiae,10434,10435,1
9975,Mycobacterium_simiae,10448,10449,1
9976,Mycobacterium_simiae,10476,10477,1
9977,Mycobacterium_simiae,10491,10492,1
9978,Mycobacterium_simiae,10526,10527,1
9979,Mycobacterium_simiae,10546,10649,103
9980,Mycobacterium_simiae,10828,10830,2
9981,Mycobacterium_simiae,10832,10846,14
9982,Mycobacterium_simiae,10864,10865,1
9983,Mycobacterium_simiae,10914,10915,1
9984,Mycobacterium_simiae,10958,10983,25
9985,Mycobacterium_simiae,11085,11086,1
9986,Mycobacterium_simiae,11143,11144,1
9987,Mycobacterium_simiae,11243,11244,1
9988,Mycobacterium_simiae,11260,11261,1
9989,Mycobacterium_simiae,11262,11263,1
9990,Mycobacterium_simiae,11265,11267,2
9991,Mycobacterium_simiae,11286,11287,1
9992,Mycobacterium_simiae,11312,11313,1
9993,Mycobacterium_simiae,11473,11474,1
9994,Mycobacterium_simiae,11505,11534,29
9995,Mycobacterium_simiae,11566,11567,1
9996,Mycobacterium_simiae,11590,11591,1
9997,Mycobacterium_simiae,11782,11783,1
9998,Mycobacterium_simiae,11823,11824,1
9999,Mycobacterium_simiae,11826,11827,1
10000,Mycobacterium_simiae,11831,11836,5
10001,Mycobacterium_simiae,11847,11852,5
10002,Mycobacterium_simiae,11859,11860,1
10003,Mycobacterium_simiae,11864,11866,2
10004,Mycobacterium_simiae,11877,11878,1
10005,Mycobacterium_simiae,11993,11995,2
10006,Mycobacterium_simiae,12029,12030,1
10007,Mycobacterium_simiae,12068,12069,1
10008,Mycobacterium_simiae,12207,12208,1
10009,Mycobacterium_simiae,12211,12212,1
10010,Mycobacterium_simiae,12213,12214,1
10011,Mycobacterium_simiae,12218,12222,4
10012,Mycobacterium_simiae,12225,12227,2
10013,Mycobacterium_simiae,12237,12238,1
10014,Mycobacterium_simiae,12360,12369,9
10015,Mycobacterium_simiae,12371,12372,1
10016,Mycobacterium_simiae,12374,12380,6
10017,Mycobacterium_simiae,12384,12390,6
10018,Mycobacterium_simiae,12391,12400,9
10019,Mycobacterium_simiae,12454,12455,1
10020,Mycobacterium_simiae,12738,12740,2
10021,Mycobacterium_simiae,12798,12925,127
10022,Mycobacterium_simiae,13451,13452,1
10023,Mycobacterium_simiae,13453,13454,1
10024,Mycobacterium_simiae,13508,13509,1
10025,Mycobacterium_noviomagense,1,10,9
10026,Mycobacterium_noviomagense,21,39,18
10027,Mycobacterium_noviomagense,43,46,3
10028,Mycobacterium_noviomagense,66,69,3
10029,Mycobacterium_noviomagense,89,94,5
10030,Mycobacterium_noviomagense,117,132,15
10031,Mycobacterium_noviomagense,133,136,3
10032,Mycobacterium_noviomagense,346,349,3
10033,Mycobacterium_noviomagense,1582,1583,1
10034,Mycobacterium_noviomagense,1595,1599,4
10035,Mycobacterium_noviomagense,3284,3287,3
10036,Mycobacterium_noviomagense,3317,3381,64
10037,Mycobacterium_noviomagense,3410,3464,54
10038,Mycobacterium_noviomagense,3485,3491,6
10039,Mycobacterium_noviomagense,3642,3645,3
10040,Mycobacterium_noviomagense,3650,3653,3
10041,Mycobacterium_noviomagense,3655,3667,12
10042,Mycobacterium_noviomagense,3782,3788,6
10043,Mycobacterium_noviomagense,4400,4406,6
10044,Mycobacterium_noviomagense,4407,4413,6
10045,Mycobacterium_noviomagense,4417,4426,9
10046,Mycobacterium_noviomagense,4432,4445,13
10047,Mycobacterium_noviomagense,4452,4455,3
10048,Mycobacterium_noviomagense,4456,4462,6
10049,Mycobacterium_noviomagense,4468,4480,12
10050,Mycobacterium_noviomagense,4483,4486,3
10051,Mycobacterium_noviomagense,4540,4552,12
10052,Mycobacterium_noviomagense,4555,4564,9
10053,Mycobacterium_noviomagense,4567,4573,6
10054,Mycobacterium_noviomagense,4581,4584,3
10055,Mycobacterium_noviomagense,5163,5169,6
10056,Mycobacterium_noviomagense,5170,5179,9
10057,Mycobacterium_noviomagense,5181,5190,9
10058,Mycobacterium_noviomagense,5197,5199,2
10059,Mycobacterium_noviomagense,5201,5204,3
10060,Mycobacterium_noviomagense,5206,5214,8
10061,Mycobacterium_noviomagense,5218,5230,12
10062,Mycobacterium_noviomagense,5231,5241,10
10063,Mycobacterium_noviomagense,5247,5253,6
10064,Mycobacterium_noviomagense,5401,5402,1
10065,Mycobacterium_noviomagense,6015,6016,1
10066,Mycobacterium_noviomagense,6431,6452,21
10067,Mycobacterium_noviomagense,6456,6462,6
10068,Mycobacterium_noviomagense,6470,6494,24
10069,Mycobacterium_noviomagense,7178,7254,76
10070,Mycobacterium_noviomagense,7260,7268,8
10071,Mycobacterium_noviomagense,7760,7763,3
10072,Mycobacterium_noviomagense,8452,8500,48
10073,Mycobacterium_noviomagense,8577,8578,1
10074,Mycobacterium_noviomagense,8584,8599,15
10075,Mycobacterium_noviomagense,8609,8610,1
10076,Mycobacterium_noviomagense,8661,8662,1
10077,Mycobacterium_noviomagense,8703,8704,1
10078,Mycobacterium_noviomagense,8720,8721,1
10079,Mycobacterium_noviomagense,8733,8734,1
10080,Mycobacterium_noviomagense,8930,8931,1
10081,Mycobacterium_noviomagense,8980,8982,2
10082,Mycobacterium_noviomagense,8996,8997,1
10083,Mycobacterium_noviomagense,9120,9121,1
10084,Mycobacterium_noviomagense,9370,9372,2
10085,Mycobacterium_noviomagense,9546,9547,1
10086,Mycobacterium_noviomagense,9984,9986,2
10087,Mycobacterium_noviomagense,10076,10078,2
10088,Mycobacterium_noviomagense,10157,10158,1
10089,Mycobacterium_noviomagense,10261,10262,1
10090,Mycobacterium_noviomagense,10310,10312,2
10091,Mycobacterium_noviomagense,10313,10315,2
10092,Mycobacterium_noviomagense,10325,10326,1
10093,Mycobacterium_noviomagense,10352,10353,1
10094,Mycobacterium_noviomagense,10370,10371,1
10095,Mycobacterium_noviomagense,10434,10435,1
10096,Mycobacterium_noviomagense,10448,10449,1
10097,Mycobacterium_noviomagense,10461,10462,1
10098,Mycobacterium_noviomagense,10476,10477,1
10099,Mycobacterium_noviomagense,10491,10492,1
10100,Mycobacterium_noviomagense,10526,10527,1
10101,Mycobacterium_noviomagense,10546,10649,103
10102,Mycobacterium_noviomagense,10828,10830,2
10103,Mycobacterium_noviomagense,10833,10844,11
10104,Mycobacterium_noviomagense,10864,10865,1
10105,Mycobacterium_noviomagense,10914,10915,1
10106,Mycobacterium_noviomagense,10960,10966,6
10107,Mycobacterium_noviomagense,10971,10975,4
10108,Mycobacterium_noviomagense,11085,11086,1
10109,Mycobacterium_noviomagense,11143,11144,1
10110,Mycobacterium_noviomagense,11243,11244,1
10111,Mycobacterium_noviomagense,11260,11261,1
10112,Mycobacterium_noviomagense,11265,11267,2
10113,Mycobacterium_noviomagense,11286,11287,1
10114,Mycobacterium_noviomagense,11312,11313,1
10115,Mycobacterium_noviomagense,11473,11474,1
10116,Mycobacterium_noviomagense,11505,11512,7
10117,Mycobacterium_noviomagense,11513,11514,1
10118,Mycobacterium_noviomagense,11520,11521,1
10119,Mycobacterium_noviomagense,11524,11540,16
10120,Mycobacterium_noviomagense,11566,11567,1
10121,Mycobacterium_noviomagense,11782,11783,1
10122,Mycobacterium_noviomagense,11823,11824,1
10123,Mycobacterium_noviomagense,11831,11836,5
10124,Mycobacterium_noviomagense,11847,11850,3
10125,Mycobacterium_noviomagense,11851,11852,1
10126,Mycobacterium_noviomagense,11859,11860,1
10127,Mycobacterium_noviomagense,11864,11866,2
10128,Mycobacterium_noviomagense,11877,11878,1
10129,Mycobacterium_noviomagense,12029,12030,1
10130,Mycobacterium_noviomagense,12068,12069,1
10131,Mycobacterium_noviomagense,12207,12208,1
10132,Mycobacterium_noviomagense,12211,12212,1
10133,Mycobacterium_noviomagense,12213,12214,1
10134,Mycobacterium_noviomagense,12218,12222,4
10135,Mycobacterium_noviomagense,12226,12227,1
10136,Mycobacterium_noviomagense,12237,12238,1
10137,Mycobacterium_noviomagense,12360,12369,9
10138,Mycobacterium_noviomagense,12371,12372,1
10139,Mycobacterium_noviomagense,12374,12380,6
10140,Mycobacterium_noviomagense,12384,12390,6
10141,Mycobacterium_noviomagense,12391,12400,9
10142,Mycobacterium_noviomagense,12454,12455,1
10143,Mycobacterium_noviomagense,12739,12740,1
10144,Mycobacterium_noviomagense,12798,12926,128
10145,Mycobacterium_noviomagense,13453,13454,1
10146,Mycobacterium_noviomagense,13508,13509,1
10147,Mycobacterium_paraseoulense,1,10,9
10148,Mycobacterium_paraseoulense,21,39,18
10149,Mycobacterium_paraseoulense,43,46,3
10150,Mycobacterium_paraseoulense,62,71,9
10151,Mycobacterium_paraseoulense,87,107,20
10152,Mycobacterium_paraseoulense,117,132,15
10153,Mycobacterium_paraseoulense,133,136,3
10154,Mycobacterium_paraseoulense,346,349,3
10155,Mycobacterium_paraseoulense,1542,1583,41
10156,Mycobacterium_paraseoulense,1587,1676,89
10157,Mycobacterium_paraseoulense,1678,1691,13
10158,Mycobacterium_paraseoulense,3317,3381,64
10159,Mycobacterium_paraseoulense,3414,3420,6
10160,Mycobacterium_paraseoulense,3424,3460,36
10161,Mycobacterium_paraseoulense,3476,3479,3
10162,Mycobacterium_paraseoulense,3485,3491,6
10163,Mycobacterium_paraseoulense,3642,3645,3
10164,Mycobacterium_paraseoulense,3650,3653,3
10165,Mycobacterium_paraseoulense,3655,3667,12
10166,Mycobacterium_paraseoulense,3782,3788,6
10167,Mycobacterium_paraseoulense,4400,4406,6
10168,Mycobacterium_paraseoulense,4407,4413,6
10169,Mycobacterium_paraseoulense,4417,4426,9
10170,Mycobacterium_paraseoulense,4432,4445,13
10171,Mycobacterium_paraseoulense,4452,4455,3
10172,Mycobacterium_paraseoulense,4456,4462,6
10173,Mycobacterium_paraseoulense,4468,4480,12
10174,Mycobacterium_paraseoulense,4483,4486,3
10175,Mycobacterium_paraseoulense,4555,4564,9
10176,Mycobacterium_paraseoulense,4567,4573,6
10177,Mycobacterium_paraseoulense,5163,5169,6
10178,Mycobacterium_paraseoulense,5170,5179,9
10179,Mycobacterium_paraseoulense,5181,5190,9
10180,Mycobacterium_paraseoulense,5197,5199,2
10181,Mycobacterium_paraseoulense,5201,5204,3
10182,Mycobacterium_paraseoulense,5206,5214,8
10183,Mycobacterium_paraseoulense,5218,5230,12
10184,Mycobacterium_paraseoulense,5231,5241,10
10185,Mycobacterium_paraseoulense,5247,5253,6
10186,Mycobacterium_paraseoulense,5401,5402,1
10187,Mycobacterium_paraseoulense,6015,6016,1
10188,Mycobacterium_paraseoulense,6428,6464,36
10189,Mycobacterium_paraseoulense,6470,6494,24
10190,Mycobacterium_paraseoulense,7178,7254,76
10191,Mycobacterium_paraseoulense,7260,7268,8
10192,Mycobacterium_paraseoulense,7760,7763,3
10193,Mycobacterium_paraseoulense,8452,8500,48
10194,Mycobacterium_paraseoulense,8577,8578,1
10195,Mycobacterium_paraseoulense,8584,8599,15
10196,Mycobacterium_paraseoulense,8601,8603,2
10197,Mycobacterium_paraseoulense,8609,8610,1
10198,Mycobacterium_paraseoulense,8661,8662,1
10199,Mycobacterium_paraseoulense,8703,8704,1
10200,Mycobacterium_paraseoulense,8720,8721,1
10201,Mycobacterium_paraseoulense,8733,8735,2
10202,Mycobacterium_paraseoulense,8739,8742,3
10203,Mycobacterium_paraseoulense,8930,8931,1
10204,Mycobacterium_paraseoulense,8980,8982,2
10205,Mycobacterium_paraseoulense,8987,8988,1
10206,Mycobacterium_paraseoulense,8996,8998,2
10207,Mycobacterium_paraseoulense,9120,9121,1
10208,Mycobacterium_paraseoulense,9370,9372,2
10209,Mycobacterium_paraseoulense,9546,9547,1
10210,Mycobacterium_paraseoulense,9812,9813,1
10211,Mycobacterium_paraseoulense,9980,9981,1
10212,Mycobacterium_paraseoulense,9983,9986,3
10213,Mycobacterium_paraseoulense,10076,10078,2
10214,Mycobacterium_paraseoulense,10157,10158,1
10215,Mycobacterium_paraseoulense,10261,10262,1
10216,Mycobacterium_paraseoulense,10310,10312,2
10217,Mycobacterium_paraseoulense,10313,10315,2
10218,Mycobacterium_paraseoulense,10325,10326,1
10219,Mycobacterium_paraseoulense,10352,10353,1
10220,Mycobacterium_paraseoulense,10370,10371,1
10221,Mycobacterium_paraseoulense,10434,10435,1
10222,Mycobacterium_paraseoulense,10448,10449,1
10223,Mycobacterium_paraseoulense,10476,10477,1
10224,Mycobacterium_paraseoulense,10491,10492,1
10225,Mycobacterium_paraseoulense,10526,10527,1
10226,Mycobacterium_paraseoulense,10546,10649,103
10227,Mycobacterium_paraseoulense,10828,10830,2
10228,Mycobacterium_paraseoulense,10832,10846,14
10229,Mycobacterium_paraseoulense,10864,10865,1
10230,Mycobacterium_paraseoulense,10914,10915,1
10231,Mycobacterium_paraseoulense,10965,10977,12
10232,Mycobacterium_paraseoulense,11085,11086,1
10233,Mycobacterium_paraseoulense,11143,11144,1
10234,Mycobacterium_paraseoulense,11243,11244,1
10235,Mycobacterium_paraseoulense,11260,11261,1
10236,Mycobacterium_paraseoulense,11262,11263,1
10237,Mycobacterium_paraseoulense,11265,11267,2
10238,Mycobacterium_paraseoulense,11286,11287,1
10239,Mycobacterium_paraseoulense,11312,11313,1
10240,Mycobacterium_paraseoulense,11473,11474,1
10241,Mycobacterium_paraseoulense,11505,11534,29
10242,Mycobacterium_paraseoulense,11566,11567,1
10243,Mycobacterium_paraseoulense,11782,11783,1
10244,Mycobacterium_paraseoulense,11823,11824,1
10245,Mycobacterium_paraseoulense,11826,11827,1
10246,Mycobacterium_paraseoulense,11831,11836,5
10247,Mycobacterium_paraseoulense,11848,11850,2
10248,Mycobacterium_paraseoulense,11851,11852,1
10249,Mycobacterium_paraseoulense,11859,11860,1
10250,Mycobacterium_paraseoulense,11864,11866,2
10251,Mycobacterium_paraseoulense,11877,11878,1
10252,Mycobacterium_paraseoulense,11993,11994,1
10253,Mycobacterium_paraseoulense,12029,12030,1
10254,Mycobacterium_paraseoulense,12068,12069,1
10255,Mycobacterium_paraseoulense,12207,12208,1
10256,Mycobacterium_paraseoulense,12211,12212,1
10257,Mycobacterium_paraseoulense,12213,12214,1
10258,Mycobacterium_paraseoulense,12218,12222,4
10259,Mycobacterium_paraseoulense,12225,12227,2
10260,Mycobacterium_paraseoulense,12237,12238,1
10261,Mycobacterium_paraseoulense,12360,12369,9
10262,Mycobacterium_paraseoulense,12371,12380,9
10263,Mycobacterium_paraseoulense,12384,12390,6
10264,Mycobacterium_paraseoulense,12391,12400,9
10265,Mycobacterium_paraseoulense,12454,12455,1
10266,Mycobacterium_paraseoulense,12738,12740,2
10267,Mycobacterium_paraseoulense,12798,12925,127
10268,Mycobacterium_paraseoulense,13451,13452,1
10269,Mycobacterium_paraseoulense,13453,13454,1
10270,Mycobacterium_paraseoulense,13508,13509,1
10271,Mycolicibacterium_litorale,1,10,9
10272,Mycolicibacterium_litorale,21,39,18
10273,Mycolicibacterium_litorale,43,46,3
10274,Mycolicibacterium_litorale,57,72,15
10275,Mycolicibacterium_litorale,84,107,23
10276,Mycolicibacterium_litorale,117,132,15
10277,Mycolicibacterium_litorale,133,136,3
10278,Mycolicibacterium_litorale,346,349,3
10279,Mycolicibacterium_litorale,1542,1545,3
10280,Mycolicibacterium_litorale,1582,1590,8
10281,Mycolicibacterium_litorale,1595,1604,9
10282,Mycolicibacterium_litorale,1629,1650,21
10283,Mycolicibacterium_litorale,1664,1676,12
10284,Mycolicibacterium_litorale,3317,3361,44
10285,Mycolicibacterium_litorale,3364,3365,1
10286,Mycolicibacterium_litorale,3373,3374,1
10287,Mycolicibacterium_litorale,3409,3421,12
10288,Mycolicibacterium_litorale,3424,3478,54
10289,Mycolicibacterium_litorale,3485,3491,6
10290,Mycolicibacterium_litorale,3642,3645,3
10291,Mycolicibacterium_litorale,3650,3653,3
10292,Mycolicibacterium_litorale,3655,3667,12
10293,Mycolicibacterium_litorale,3782,3788,6
10294,Mycolicibacterium_litorale,4400,4406,6
10295,Mycolicibacterium_litorale,4407,4413,6
10296,Mycolicibacterium_litorale,4417,4426,9
10297,Mycolicibacterium_litorale,4432,4445,13
10298,Mycolicibacterium_litorale,4452,4455,3
10299,Mycolicibacterium_litorale,4456,4462,6
10300,Mycolicibacterium_litorale,4468,4474,6
10301,Mycolicibacterium_litorale,4475,4481,6
10302,Mycolicibacterium_litorale,4483,4486,3
10303,Mycolicibacterium_litorale,4540,4552,12
10304,Mycolicibacterium_litorale,4555,4564,9
10305,Mycolicibacterium_litorale,4567,4573,6
10306,Mycolicibacterium_litorale,4582,4585,3
10307,Mycolicibacterium_litorale,5163,5169,6
10308,Mycolicibacterium_litorale,5170,5179,9
10309,Mycolicibacterium_litorale,5181,5190,9
10310,Mycolicibacterium_litorale,5197,5199,2
10311,Mycolicibacterium_litorale,5201,5204,3
10312,Mycolicibacterium_litorale,5206,5214,8
10313,Mycolicibacterium_litorale,5218,5230,12
10314,Mycolicibacterium_litorale,5231,5241,10
10315,Mycolicibacterium_litorale,5247,5253,6
10316,Mycolicibacterium_litorale,5401,5402,1
10317,Mycolicibacterium_litorale,6015,6016,1
10318,Mycolicibacterium_litorale,6431,6452,21
10319,Mycolicibacterium_litorale,6470,6494,24
10320,Mycolicibacterium_litorale,7178,7254,76
10321,Mycolicibacterium_litorale,7260,7268,8
10322,Mycolicibacterium_litorale,7760,7763,3
10323,Mycolicibacterium_litorale,8452,8500,48
10324,Mycolicibacterium_litorale,8577,8578,1
10325,Mycolicibacterium_litorale,8584,8599,15
10326,Mycolicibacterium_litorale,8600,8604,4
10327,Mycolicibacterium_litorale,8609,8610,1
10328,Mycolicibacterium_litorale,8661,8662,1
10329,Mycolicibacterium_litorale,8720,8721,1
10330,Mycolicibacterium_litorale,8733,8735,2
10331,Mycolicibacterium_litorale,8739,8742,3
10332,Mycolicibacterium_litorale,8930,8931,1
10333,Mycolicibacterium_litorale,8980,8982,2
10334,Mycolicibacterium_litorale,8984,8998,14
10335,Mycolicibacterium_litorale,9120,9121,1
10336,Mycolicibacterium_litorale,9370,9372,2
10337,Mycolicibacterium_litorale,9546,9547,1
10338,Mycolicibacterium_litorale,9812,9813,1
10339,Mycolicibacterium_litorale,9985,9986,1
10340,Mycolicibacterium_litorale,10076,10078,2
10341,Mycolicibacterium_litorale,10157,10158,1
10342,Mycolicibacterium_litorale,10261,10262,1
10343,Mycolicibacterium_litorale,10310,10312,2
10344,Mycolicibacterium_litorale,10313,10315,2
10345,Mycolicibacterium_litorale,10325,10326,1
10346,Mycolicibacterium_litorale,10370,10371,1
10347,Mycolicibacterium_litorale,10434,10435,1
10348,Mycolicibacterium_litorale,10448,10449,1
10349,Mycolicibacterium_litorale,10461,10462,1
10350,Mycolicibacterium_litorale,10476,10477,1
10351,Mycolicibacterium_litorale,10491,10492,1
10352,Mycolicibacterium_litorale,10526,10527,1
10353,Mycolicibacterium_litorale,10545,10649,104
10354,Mycolicibacterium_litorale,10828,10830,2
10355,Mycolicibacterium_litorale,10835,10842,7
10356,Mycolicibacterium_litorale,10864,10865,1
10357,Mycolicibacterium_litorale,10914,10915,1
10358,Mycolicibacterium_litorale,10965,10966,1
10359,Mycolicibacterium_litorale,10971,10975,4
10360,Mycolicibacterium_litorale,11143,11144,1
10361,Mycolicibacterium_litorale,11243,11244,1
10362,Mycolicibacterium_litorale,11260,11261,1
10363,Mycolicibacterium_litorale,11265,11267,2
10364,Mycolicibacterium_litorale,11312,11313,1
10365,Mycolicibacterium_litorale,11473,11474,1
10366,Mycolicibacterium_litorale,11505,11512,7
10367,Mycolicibacterium_litorale,11513,11514,1
10368,Mycolicibacterium_litorale,11520,11521,1
10369,Mycolicibacterium_litorale,11524,11535,11
10370,Mycolicibacterium_litorale,11566,11567,1
10371,Mycolicibacterium_litorale,11782,11783,1
10372,Mycolicibacterium_litorale,11823,11824,1
10373,Mycolicibacterium_litorale,11826,11827,1
10374,Mycolicibacterium_litorale,11831,11836,5
10375,Mycolicibacterium_litorale,11846,11852,6
10376,Mycolicibacterium_litorale,11859,11860,1
10377,Mycolicibacterium_litorale,11864,11865,1
10378,Mycolicibacterium_litorale,11877,11878,1
10379,Mycolicibacterium_litorale,11993,11994,1
10380,Mycolicibacterium_litorale,12029,12030,1
10381,Mycolicibacterium_litorale,12068,12069,1
10382,Mycolicibacterium_litorale,12207,12208,1
10383,Mycolicibacterium_litorale,12211,12212,1
10384,Mycolicibacterium_litorale,12213,12214,1
10385,Mycolicibacterium_litorale,12218,12222,4
10386,Mycolicibacterium_litorale,12226,12228,2
10387,Mycolicibacterium_litorale,12237,12238,1
10388,Mycolicibacterium_litorale,12360,12369,9
10389,Mycolicibacterium_litorale,12371,12372,1
10390,Mycolicibacterium_litorale,12374,12375,1
10391,Mycolicibacterium_litorale,12377,12382,5
10392,Mycolicibacterium_litorale,12384,12390,6
10393,Mycolicibacterium_litorale,12391,12400,9
10394,Mycolicibacterium_litorale,12454,12455,1
10395,Mycolicibacterium_litorale,12739,12740,1
10396,Mycolicibacterium_litorale,12798,12925,127
10397,Mycolicibacterium_litorale,13451,13452,1
10398,Mycolicibacterium_litorale,13453,13454,1
10399,Mycolicibacterium_litorale,13508,13509,1
10400,Mycobacterium_stomatepiae,1,10,9
10401,Mycobacterium_stomatepiae,21,39,18
10402,Mycobacterium_stomatepiae,43,46,3
10403,Mycobacterium_stomatepiae,52,73,21
10404,Mycobacterium_stomatepiae,87,107,20
10405,Mycobacterium_stomatepiae,117,132,15
10406,Mycobacterium_stomatepiae,133,136,3
10407,Mycobacterium_stomatepiae,346,349,3
10408,Mycobacterium_stomatepiae,1542,1691,149
10409,Mycobacterium_stomatepiae,3317,3361,44
10410,Mycobacterium_stomatepiae,3364,3365,1
10411,Mycobacterium_stomatepiae,3373,3374,1
10412,Mycobacterium_stomatepiae,3414,3420,6
10413,Mycobacterium_stomatepiae,3422,3491,69
10414,Mycobacterium_stomatepiae,3642,3645,3
10415,Mycobacterium_stomatepiae,3650,3653,3
10416,Mycobacterium_stomatepiae,3655,3667,12
10417,Mycobacterium_stomatepiae,3782,3788,6
10418,Mycobacterium_stomatepiae,4400,4406,6
10419,Mycobacterium_stomatepiae,4407,4413,6
10420,Mycobacterium_stomatepiae,4417,4426,9
10421,Mycobacterium_stomatepiae,4432,4445,13
10422,Mycobacterium_stomatepiae,4452,4455,3
10423,Mycobacterium_stomatepiae,4456,4462,6
10424,Mycobacterium_stomatepiae,4468,4480,12
10425,Mycobacterium_stomatepiae,4483,4486,3
10426,Mycobacterium_stomatepiae,4540,4552,12
10427,Mycobacterium_stomatepiae,4555,4564,9
10428,Mycobacterium_stomatepiae,4567,4573,6
10429,Mycobacterium_stomatepiae,4581,4584,3
10430,Mycobacterium_stomatepiae,5163,5169,6
10431,Mycobacterium_stomatepiae,5170,5179,9
10432,Mycobacterium_stomatepiae,5181,5190,9
10433,Mycobacterium_stomatepiae,5197,5199,2
10434,Mycobacterium_stomatepiae,5201,5204,3
10435,Mycobacterium_stomatepiae,5206,5214,8
10436,Mycobacterium_stomatepiae,5218,5230,12
10437,Mycobacterium_stomatepiae,5231,5241,10
10438,Mycobacterium_stomatepiae,5247,5253,6
10439,Mycobacterium_stomatepiae,5401,5402,1
10440,Mycobacterium_stomatepiae,6015,6016,1
10441,Mycobacterium_stomatepiae,6428,6464,36
10442,Mycobacterium_stomatepiae,6470,6494,24
10443,Mycobacterium_stomatepiae,7178,7254,76
10444,Mycobacterium_stomatepiae,7260,7268,8
10445,Mycobacterium_stomatepiae,7760,7763,3
10446,Mycobacterium_stomatepiae,8452,8500,48
10447,Mycobacterium_stomatepiae,8577,8578,1
10448,Mycobacterium_stomatepiae,8584,8599,15
10449,Mycobacterium_stomatepiae,8601,8603,2
10450,Mycobacterium_stomatepiae,8609,8610,1
10451,Mycobacterium_stomatepiae,8661,8662,1
10452,Mycobacterium_stomatepiae,8703,8704,1
10453,Mycobacterium_stomatepiae,8720,8721,1
10454,Mycobacterium_stomatepiae,8733,8735,2
10455,Mycobacterium_stomatepiae,8739,8742,3
10456,Mycobacterium_stomatepiae,8930,8931,1
10457,Mycobacterium_stomatepiae,8980,8982,2
10458,Mycobacterium_stomatepiae,8987,9001,14
10459,Mycobacterium_stomatepiae,9120,9121,1
10460,Mycobacterium_stomatepiae,9370,9372,2
10461,Mycobacterium_stomatepiae,9546,9547,1
10462,Mycobacterium_stomatepiae,9812,9813,1
10463,Mycobacterium_stomatepiae,9983,9987,4
10464,Mycobacterium_stomatepiae,10076,10078,2
10465,Mycobacterium_stomatepiae,10157,10158,1
10466,Mycobacterium_stomatepiae,10261,10262,1
10467,Mycobacterium_stomatepiae,10310,10312,2
10468,Mycobacterium_stomatepiae,10313,10315,2
10469,Mycobacterium_stomatepiae,10325,10326,1
10470,Mycobacterium_stomatepiae,10352,10353,1
10471,Mycobacterium_stomatepiae,10370,10371,1
10472,Mycobacterium_stomatepiae,10434,10435,1
10473,Mycobacterium_stomatepiae,10448,10449,1
10474,Mycobacterium_stomatepiae,10476,10477,1
10475,Mycobacterium_stomatepiae,10491,10492,1
10476,Mycobacterium_stomatepiae,10526,10527,1
10477,Mycobacterium_stomatepiae,10546,10649,103
10478,Mycobacterium_stomatepiae,10828,10830,2
10479,Mycobacterium_stomatepiae,10832,10846,14
10480,Mycobacterium_stomatepiae,10864,10865,1
10481,Mycobacterium_stomatepiae,10914,10915,1
10482,Mycobacterium_stomatepiae,10958,10983,25
10483,Mycobacterium_stomatepiae,11085,11086,1
10484,Mycobacterium_stomatepiae,11143,11144,1
10485,Mycobacterium_stomatepiae,11243,11244,1
10486,Mycobacterium_stomatepiae,11260,11261,1
10487,Mycobacterium_stomatepiae,11262,11263,1
10488,Mycobacterium_stomatepiae,11265,11267,2
10489,Mycobacterium_stomatepiae,11286,11287,1
10490,Mycobacterium_stomatepiae,11312,11313,1
10491,Mycobacterium_stomatepiae,11473,11474,1
10492,Mycobacterium_stomatepiae,11505,11534,29
10493,Mycobacterium_stomatepiae,11566,11567,1
10494,Mycobacterium_stomatepiae,11590,11591,1
10495,Mycobacterium_stomatepiae,11782,11783,1
10496,Mycobacterium_stomatepiae,11823,11824,1
10497,Mycobacterium_stomatepiae,11826,11827,1
10498,Mycobacterium_stomatepiae,11831,11836,5
10499,Mycobacterium_stomatepiae,11847,11852,5
10500,Mycobacterium_stomatepiae,11859,11860,1
10501,Mycobacterium_stomatepiae,11864,11866,2
10502,Mycobacterium_stomatepiae,11877,11878,1
10503,Mycobacterium_stomatepiae,11993,11995,2
10504,Mycobacterium_stomatepiae,12029,12030,1
10505,Mycobacterium_stomatepiae,12068,12069,1
10506,Mycobacterium_stomatepiae,12207,12208,1
10507,Mycobacterium_stomatepiae,12211,12212,1
10508,Mycobacterium_stomatepiae,12213,12214,1
10509,Mycobacterium_stomatepiae,12218,12222,4
10510,Mycobacterium_stomatepiae,12225,12227,2
10511,Mycobacterium_stomatepiae,12237,12238,1
10512,Mycobacterium_stomatepiae,12360,12370,10
10513,Mycobacterium_stomatepiae,12371,12372,1
10514,Mycobacterium_stomatepiae,12374,12380,6
10515,Mycobacterium_stomatepiae,12383,12390,7
10516,Mycobacterium_stomatepiae,12391,12400,9
10517,Mycobacterium_stomatepiae,12454,12455,1
10518,Mycobacterium_stomatepiae,12738,12740,2
10519,Mycobacterium_stomatepiae,12798,12925,127
10520,Mycobacterium_stomatepiae,13451,13452,1
10521,Mycobacterium_stomatepiae,13453,13454,1
10522,Mycobacterium_stomatepiae,13508,13509,1
10523,Mycolicibacterium_sediminis,1,10,9
10524,Mycolicibacterium_sediminis,21,39,18
10525,Mycolicibacterium_sediminis,43,46,3
10526,Mycolicibacterium_sediminis,51,107,56
10527,Mycolicibacterium_sediminis,117,132,15
10528,Mycolicibacterium_sediminis,133,136,3
10529,Mycolicibacterium_sediminis,346,349,3
10530,Mycolicibacterium_sediminis,1542,1691,149
10531,Mycolicibacterium_sediminis,3317,3361,44
10532,Mycolicibacterium_sediminis,3364,3365,1
10533,Mycolicibacterium_sediminis,3373,3374,1
10534,Mycolicibacterium_sediminis,3386,3389,3
10535,Mycolicibacterium_sediminis,3409,3478,69
10536,Mycolicibacterium_sediminis,3485,3497,12
10537,Mycolicibacterium_sediminis,3642,3645,3
10538,Mycolicibacterium_sediminis,3650,3653,3
10539,Mycolicibacterium_sediminis,3655,3667,12
10540,Mycolicibacterium_sediminis,3782,3788,6
10541,Mycolicibacterium_sediminis,4400,4406,6
10542,Mycolicibacterium_sediminis,4407,4413,6
10543,Mycolicibacterium_sediminis,4417,4426,9
10544,Mycolicibacterium_sediminis,4432,4445,13
10545,Mycolicibacterium_sediminis,4452,4455,3
10546,Mycolicibacterium_sediminis,4456,4462,6
10547,Mycolicibacterium_sediminis,4468,4474,6
10548,Mycolicibacterium_sediminis,4475,4481,6
10549,Mycolicibacterium_sediminis,4483,4486,3
10550,Mycolicibacterium_sediminis,4540,4552,12
10551,Mycolicibacterium_sediminis,4567,4573,6
10552,Mycolicibacterium_sediminis,5163,5169,6
10553,Mycolicibacterium_sediminis,5170,5179,9
10554,Mycolicibacterium_sediminis,5181,5190,9
10555,Mycolicibacterium_sediminis,5197,5199,2
10556,Mycolicibacterium_sediminis,5201,5204,3
10557,Mycolicibacterium_sediminis,5206,5214,8
10558,Mycolicibacterium_sediminis,5218,5230,12
10559,Mycolicibacterium_sediminis,5231,5241,10
10560,Mycolicibacterium_sediminis,5247,5253,6
10561,Mycolicibacterium_sediminis,5401,5402,1
10562,Mycolicibacterium_sediminis,6015,6016,1
10563,Mycolicibacterium_sediminis,6431,6452,21
10564,Mycolicibacterium_sediminis,6456,6462,6
10565,Mycolicibacterium_sediminis,6470,6494,24
10566,Mycolicibacterium_sediminis,7178,7254,76
10567,Mycolicibacterium_sediminis,7260,7268,8
10568,Mycolicibacterium_sediminis,7760,7763,3
10569,Mycolicibacterium_sediminis,8452,8500,48
10570,Mycolicibacterium_sediminis,8577,8578,1
10571,Mycolicibacterium_sediminis,8584,8599,15
10572,Mycolicibacterium_sediminis,8600,8604,4
10573,Mycolicibacterium_sediminis,8609,8610,1
10574,Mycolicibacterium_sediminis,8661,8662,1
10575,Mycolicibacterium_sediminis,8717,8718,1
10576,Mycolicibacterium_sediminis,8731,8735,4
10577,Mycolicibacterium_sediminis,8739,8742,3
10578,Mycolicibacterium_sediminis,8930,8931,1
10579,Mycolicibacterium_sediminis,8980,8982,2
10580,Mycolicibacterium_sediminis,8984,8998,14
10581,Mycolicibacterium_sediminis,9120,9121,1
10582,Mycolicibacterium_sediminis,9370,9372,2
10583,Mycolicibacterium_sediminis,9546,9547,1
10584,Mycolicibacterium_sediminis,9812,9813,1
10585,Mycolicibacterium_sediminis,9985,9986,1
10586,Mycolicibacterium_sediminis,10076,10078,2
10587,Mycolicibacterium_sediminis,10157,10158,1
10588,Mycolicibacterium_sediminis,10261,10262,1
10589,Mycolicibacterium_sediminis,10310,10312,2
10590,Mycolicibacterium_sediminis,10313,10315,2
10591,Mycolicibacterium_sediminis,10325,10326,1
10592,Mycolicibacterium_sediminis,10370,10371,1
10593,Mycolicibacterium_sediminis,10416,10417,1
10594,Mycolicibacterium_sediminis,10434,10435,1
10595,Mycolicibacterium_sediminis,10448,10449,1
10596,Mycolicibacterium_sediminis,10476,10477,1
10597,Mycolicibacterium_sediminis,10491,10492,1
10598,Mycolicibacterium_sediminis,10526,10527,1
10599,Mycolicibacterium_sediminis,10547,10649,102
10600,Mycolicibacterium_sediminis,10828,10830,2
10601,Mycolicibacterium_sediminis,10835,10843,8
10602,Mycolicibacterium_sediminis,10864,10865,1
10603,Mycolicibacterium_sediminis,10914,10915,1
10604,Mycolicibacterium_sediminis,10965,10966,1
10605,Mycolicibacterium_sediminis,10971,10975,4
10606,Mycolicibacterium_sediminis,11085,11086,1
10607,Mycolicibacterium_sediminis,11143,11144,1
10608,Mycolicibacterium_sediminis,11243,11244,1
10609,Mycolicibacterium_sediminis,11260,11261,1
10610,Mycolicibacterium_sediminis,11266,11267,1
10611,Mycolicibacterium_sediminis,11286,11287,1
10612,Mycolicibacterium_sediminis,11312,11313,1
10613,Mycolicibacterium_sediminis,11473,11474,1
10614,Mycolicibacterium_sediminis,11505,11512,7
10615,Mycolicibacterium_sediminis,11513,11514,1
10616,Mycolicibacterium_sediminis,11517,11538,21
10617,Mycolicibacterium_sediminis,11782,11783,1
10618,Mycolicibacterium_sediminis,11823,11824,1
10619,Mycolicibacterium_sediminis,11826,11827,1
10620,Mycolicibacterium_sediminis,11831,11836,5
10621,Mycolicibacterium_sediminis,11846,11850,4
10622,Mycolicibacterium_sediminis,11851,11852,1
10623,Mycolicibacterium_sediminis,11859,11860,1
10624,Mycolicibacterium_sediminis,11877,11878,1
10625,Mycolicibacterium_sediminis,12029,12030,1
10626,Mycolicibacterium_sediminis,12068,12069,1
10627,Mycolicibacterium_sediminis,12196,12197,1
10628,Mycolicibacterium_sediminis,12207,12208,1
10629,Mycolicibacterium_sediminis,12211,12212,1
10630,Mycolicibacterium_sediminis,12213,12214,1
10631,Mycolicibacterium_sediminis,12218,12222,4
10632,Mycolicibacterium_sediminis,12226,12227,1
10633,Mycolicibacterium_sediminis,12237,12238,1
10634,Mycolicibacterium_sediminis,12361,12368,7
10635,Mycolicibacterium_sediminis,12371,12372,1
10636,Mycolicibacterium_sediminis,12374,12375,1
10637,Mycolicibacterium_sediminis,12378,12381,3
10638,Mycolicibacterium_sediminis,12384,12390,6
10639,Mycolicibacterium_sediminis,12391,12400,9
10640,Mycolicibacterium_sediminis,12454,12455,1
10641,Mycolicibacterium_sediminis,12739,12740,1
10642,Mycolicibacterium_sediminis,12798,12925,127
10643,Mycolicibacterium_sediminis,13451,13452,1
10644,Mycolicibacterium_sediminis,13453,13454,1
10645,Mycolicibacterium_sediminis,13508,13509,1
10646,Mycolicibacter_minnesotensis,1,10,9
10647,Mycolicibacter_minnesotensis,21,39,18
10648,Mycolicibacter_minnesotensis,43,46,3
10649,Mycolicibacter_minnesotensis,59,136,77
10650,Mycolicibacter_minnesotensis,346,349,3
10651,Mycolicibacter_minnesotensis,1542,1691,149
10652,Mycolicibacter_minnesotensis,3317,3361,44
10653,Mycolicibacter_minnesotensis,3364,3365,1
10654,Mycolicibacter_minnesotensis,3373,3374,1
10655,Mycolicibacter_minnesotensis,3414,3420,6
10656,Mycolicibacter_minnesotensis,3424,3460,36
10657,Mycolicibacter_minnesotensis,3473,3479,6
10658,Mycolicibacter_minnesotensis,3485,3491,6
10659,Mycolicibacter_minnesotensis,3650,3653,3
10660,Mycolicibacter_minnesotensis,3657,3672,15
10661,Mycolicibacter_minnesotensis,3782,3788,6
10662,Mycolicibacter_minnesotensis,4400,4406,6
10663,Mycolicibacter_minnesotensis,4407,4413,6
10664,Mycolicibacter_minnesotensis,4422,4426,4
10665,Mycolicibacter_minnesotensis,4432,4438,6
10666,Mycolicibacter_minnesotensis,4452,4455,3
10667,Mycolicibacter_minnesotensis,4456,4486,30
10668,Mycolicibacter_minnesotensis,4555,4564,9
10669,Mycolicibacter_minnesotensis,5163,5169,6
10670,Mycolicibacter_minnesotensis,5170,5179,9
10671,Mycolicibacter_minnesotensis,5181,5190,9
10672,Mycolicibacter_minnesotensis,5197,5199,2
10673,Mycolicibacter_minnesotensis,5201,5204,3
10674,Mycolicibacter_minnesotensis,5206,5214,8
10675,Mycolicibacter_minnesotensis,5218,5230,12
10676,Mycolicibacter_minnesotensis,5231,5241,10
10677,Mycolicibacter_minnesotensis,5247,5253,6
10678,Mycolicibacter_minnesotensis,5401,5402,1
10679,Mycolicibacter_minnesotensis,6015,6016,1
10680,Mycolicibacter_minnesotensis,6431,6452,21
10681,Mycolicibacter_minnesotensis,6456,6462,6
10682,Mycolicibacter_minnesotensis,6470,6494,24
10683,Mycolicibacter_minnesotensis,7178,7254,76
10684,Mycolicibacter_minnesotensis,7260,7268,8
10685,Mycolicibacter_minnesotensis,7760,7763,3
10686,Mycolicibacter_minnesotensis,8452,8500,48
10687,Mycolicibacter_minnesotensis,8577,8578,1
10688,Mycolicibacter_minnesotensis,8584,8599,15
10689,Mycolicibacter_minnesotensis,8601,8603,2
10690,Mycolicibacter_minnesotensis,8609,8610,1
10691,Mycolicibacter_minnesotensis,8661,8662,1
10692,Mycolicibacter_minnesotensis,8703,8704,1
10693,Mycolicibacter_minnesotensis,8720,8721,1
10694,Mycolicibacter_minnesotensis,8733,8735,2
10695,Mycolicibacter_minnesotensis,8739,8742,3
10696,Mycolicibacter_minnesotensis,8930,8931,1
10697,Mycolicibacter_minnesotensis,8980,8982,2
10698,Mycolicibacter_minnesotensis,9120,9121,1
10699,Mycolicibacter_minnesotensis,9546,9547,1
10700,Mycolicibacter_minnesotensis,9812,9814,2
10701,Mycolicibacter_minnesotensis,9982,9984,2
10702,Mycolicibacter_minnesotensis,9985,9986,1
10703,Mycolicibacter_minnesotensis,10076,10078,2
10704,Mycolicibacter_minnesotensis,10157,10158,1
10705,Mycolicibacter_minnesotensis,10311,10312,1
10706,Mycolicibacter_minnesotensis,10313,10315,2
10707,Mycolicibacter_minnesotensis,10325,10326,1
10708,Mycolicibacter_minnesotensis,10370,10371,1
10709,Mycolicibacter_minnesotensis,10416,10417,1
10710,Mycolicibacter_minnesotensis,10434,10435,1
10711,Mycolicibacter_minnesotensis,10448,10449,1
10712,Mycolicibacter_minnesotensis,10476,10477,1
10713,Mycolicibacter_minnesotensis,10491,10492,1
10714,Mycolicibacter_minnesotensis,10526,10527,1
10715,Mycolicibacter_minnesotensis,10547,10649,102
10716,Mycolicibacter_minnesotensis,10828,10830,2
10717,Mycolicibacter_minnesotensis,10835,10843,8
10718,Mycolicibacter_minnesotensis,10864,10865,1
10719,Mycolicibacter_minnesotensis,10914,10915,1
10720,Mycolicibacter_minnesotensis,10965,10966,1
10721,Mycolicibacter_minnesotensis,10971,10975,4
10722,Mycolicibacter_minnesotensis,11085,11086,1
10723,Mycolicibacter_minnesotensis,11143,11144,1
10724,Mycolicibacter_minnesotensis,11243,11244,1
10725,Mycolicibacter_minnesotensis,11260,11261,1
10726,Mycolicibacter_minnesotensis,11265,11267,2
10727,Mycolicibacter_minnesotensis,11286,11287,1
10728,Mycolicibacter_minnesotensis,11312,11313,1
10729,Mycolicibacter_minnesotensis,11473,11474,1
10730,Mycolicibacter_minnesotensis,11505,11512,7
10731,Mycolicibacter_minnesotensis,11513,11514,1
10732,Mycolicibacter_minnesotensis,11515,11533,18
10733,Mycolicibacter_minnesotensis,11537,11538,1
10734,Mycolicibacter_minnesotensis,11566,11567,1
10735,Mycolicibacter_minnesotensis,11782,11783,1
10736,Mycolicibacter_minnesotensis,11823,11824,1
10737,Mycolicibacter_minnesotensis,11826,11827,1
10738,Mycolicibacter_minnesotensis,11831,11836,5
10739,Mycolicibacter_minnesotensis,11847,11852,5
10740,Mycolicibacter_minnesotensis,11859,11860,1
10741,Mycolicibacter_minnesotensis,11864,11866,2
10742,Mycolicibacter_minnesotensis,11877,11878,1
10743,Mycolicibacter_minnesotensis,11993,11994,1
10744,Mycolicibacter_minnesotensis,12029,12030,1
10745,Mycolicibacter_minnesotensis,12068,12069,1
10746,Mycolicibacter_minnesotensis,12167,12168,1
10747,Mycolicibacter_minnesotensis,12207,12208,1
10748,Mycolicibacter_minnesotensis,12211,12212,1
10749,Mycolicibacter_minnesotensis,12213,12214,1
10750,Mycolicibacter_minnesotensis,12218,12222,4
10751,Mycolicibacter_minnesotensis,12226,12227,1
10752,Mycolicibacter_minnesotensis,12237,12238,1
10753,Mycolicibacter_minnesotensis,12360,12369,9
10754,Mycolicibacter_minnesotensis,12371,12372,1
10755,Mycolicibacter_minnesotensis,12374,12375,1
10756,Mycolicibacter_minnesotensis,12377,12382,5
10757,Mycolicibacter_minnesotensis,12384,12390,6
10758,Mycolicibacter_minnesotensis,12391,12400,9
10759,Mycolicibacter_minnesotensis,12454,12455,1
10760,Mycolicibacter_minnesotensis,12739,12740,1
10761,Mycolicibacter_minnesotensis,12798,12925,127
10762,Mycolicibacter_minnesotensis,13451,13452,1
10763,Mycolicibacter_minnesotensis,13453,13454,1
10764,Mycolicibacter_minnesotensis,13508,13509,1
10765,Mycobacterium_mantenii,1,10,9
10766,Mycobacterium_mantenii,21,39,18
10767,Mycobacterium_mantenii,43,46,3
10768,Mycobacterium_mantenii,53,71,18
10769,Mycobacterium_mantenii,87,107,20
10770,Mycobacterium_mantenii,117,132,15
10771,Mycobacterium_mantenii,133,136,3
10772,Mycobacterium_mantenii,346,349,3
10773,Mycobacterium_mantenii,1542,1583,41
10774,Mycobacterium_mantenii,1587,1676,89
10775,Mycobacterium_mantenii,1678,1691,13
10776,Mycobacterium_mantenii,3317,3381,64
10777,Mycobacterium_mantenii,3414,3420,6
10778,Mycobacterium_mantenii,3424,3460,36
10779,Mycobacterium_mantenii,3476,3479,3
10780,Mycobacterium_mantenii,3485,3491,6
10781,Mycobacterium_mantenii,3642,3645,3
10782,Mycobacterium_mantenii,3650,3653,3
10783,Mycobacterium_mantenii,3655,3667,12
10784,Mycobacterium_mantenii,3782,3788,6
10785,Mycobacterium_mantenii,4400,4406,6
10786,Mycobacterium_mantenii,4407,4413,6
10787,Mycobacterium_mantenii,4417,4426,9
10788,Mycobacterium_mantenii,4432,4445,13
10789,Mycobacterium_mantenii,4452,4455,3
10790,Mycobacterium_mantenii,4456,4462,6
10791,Mycobacterium_mantenii,4468,4480,12
10792,Mycobacterium_mantenii,4483,4486,3
10793,Mycobacterium_mantenii,4555,4564,9
10794,Mycobacterium_mantenii,4567,4573,6
10795,Mycobacterium_mantenii,5163,5169,6
10796,Mycobacterium_mantenii,5170,5179,9
10797,Mycobacterium_mantenii,5181,5190,9
10798,Mycobacterium_mantenii,5197,5199,2
10799,Mycobacterium_mantenii,5201,5204,3
10800,Mycobacterium_mantenii,5206,5214,8
10801,Mycobacterium_mantenii,5218,5230,12
10802,Mycobacterium_mantenii,5231,5241,10
10803,Mycobacterium_mantenii,5247,5253,6
10804,Mycobacterium_mantenii,5401,5402,1
10805,Mycobacterium_mantenii,6015,6016,1
10806,Mycobacterium_mantenii,6428,6464,36
10807,Mycobacterium_mantenii,6470,6494,24
10808,Mycobacterium_mantenii,7178,7254,76
10809,Mycobacterium_mantenii,7260,7268,8
10810,Mycobacterium_mantenii,7760,7763,3
10811,Mycobacterium_mantenii,8452,8500,48
10812,Mycobacterium_mantenii,8577,8578,1
10813,Mycobacterium_mantenii,8584,8599,15
10814,Mycobacterium_mantenii,8601,8603,2
10815,Mycobacterium_mantenii,8609,8610,1
10816,Mycobacterium_mantenii,8661,8662,1
10817,Mycobacterium_mantenii,8703,8704,1
10818,Mycobacterium_mantenii,8720,8721,1
10819,Mycobacterium_mantenii,8733,8735,2
10820,Mycobacterium_mantenii,8739,8742,3
10821,Mycobacterium_mantenii,8930,8931,1
10822,Mycobacterium_mantenii,8980,8982,2
10823,Mycobacterium_mantenii,8986,8989,3
10824,Mycobacterium_mantenii,8996,8998,2
10825,Mycobacterium_mantenii,9120,9121,1
10826,Mycobacterium_mantenii,9370,9372,2
10827,Mycobacterium_mantenii,9546,9547,1
10828,Mycobacterium_mantenii,9812,9813,1
10829,Mycobacterium_mantenii,9983,9986,3
10830,Mycobacterium_mantenii,10076,10078,2
10831,Mycobacterium_mantenii,10157,10158,1
10832,Mycobacterium_mantenii,10261,10262,1
10833,Mycobacterium_mantenii,10310,10312,2
10834,Mycobacterium_mantenii,10313,10315,2
10835,Mycobacterium_mantenii,10325,10326,1
10836,Mycobacterium_mantenii,10352,10353,1
10837,Mycobacterium_mantenii,10370,10371,1
10838,Mycobacterium_mantenii,10434,10435,1
10839,Mycobacterium_mantenii,10448,10449,1
10840,Mycobacterium_mantenii,10476,10477,1
10841,Mycobacterium_mantenii,10491,10492,1
10842,Mycobacterium_mantenii,10526,10527,1
10843,Mycobacterium_mantenii,10546,10649,103
10844,Mycobacterium_mantenii,10828,10830,2
10845,Mycobacterium_mantenii,10832,10846,14
10846,Mycobacterium_mantenii,10864,10865,1
10847,Mycobacterium_mantenii,10914,10915,1
10848,Mycobacterium_mantenii,10965,10977,12
10849,Mycobacterium_mantenii,11085,11086,1
10850,Mycobacterium_mantenii,11143,11144,1
10851,Mycobacterium_mantenii,11243,11244,1
10852,Mycobacterium_mantenii,11260,11261,1
10853,Mycobacterium_mantenii,11262,11263,1
10854,Mycobacterium_mantenii,11265,11267,2
10855,Mycobacterium_mantenii,11286,11287,1
10856,Mycobacterium_mantenii,11312,11313,1
10857,Mycobacterium_mantenii,11473,11474,1
10858,Mycobacterium_mantenii,11505,11511,6
10859,Mycobacterium_mantenii,11513,11514,1
10860,Mycobacterium_mantenii,11519,11521,2
10861,Mycobacterium_mantenii,11523,11533,10
10862,Mycobacterium_mantenii,11566,11567,1
10863,Mycobacterium_mantenii,11590,11591,1
10864,Mycobacterium_mantenii,11782,11783,1
10865,Mycobacterium_mantenii,11823,11824,1
10866,Mycobacterium_mantenii,11826,11827,1
10867,Mycobacterium_mantenii,11831,11836,5
10868,Mycobacterium_mantenii,11848,11850,2
10869,Mycobacterium_mantenii,11851,11852,1
10870,Mycobacterium_mantenii,11859,11860,1
10871,Mycobacterium_mantenii,11864,11866,2
10872,Mycobacterium_mantenii,11877,11878,1
10873,Mycobacterium_mantenii,11993,11994,1
10874,Mycobacterium_mantenii,12029,12030,1
10875,Mycobacterium_mantenii,12068,12069,1
10876,Mycobacterium_mantenii,12207,12208,1
10877,Mycobacterium_mantenii,12211,12212,1
10878,Mycobacterium_mantenii,12213,12214,1
10879,Mycobacterium_mantenii,12218,12222,4
10880,Mycobacterium_mantenii,12225,12227,2
10881,Mycobacterium_mantenii,12237,12238,1
10882,Mycobacterium_mantenii,12360,12369,9
10883,Mycobacterium_mantenii,12371,12380,9
10884,Mycobacterium_mantenii,12384,12390,6
10885,Mycobacterium_mantenii,12391,12400,9
10886,Mycobacterium_mantenii,12454,12455,1
10887,Mycobacterium_mantenii,12738,12740,2
10888,Mycobacterium_mantenii,12798,12925,127
10889,Mycobacterium_mantenii,13451,13452,1
10890,Mycobacterium_mantenii,13453,13454,1
10891,Mycobacterium_mantenii,13508,13509,1
10892,Mycolicibacterium_celeriflavum,1,10,9
10893,Mycolicibacterium_celeriflavum,21,39,18
10894,Mycolicibacterium_celeriflavum,43,46,3
10895,Mycolicibacterium_celeriflavum,60,107,47
10896,Mycolicibacterium_celeriflavum,117,132,15
10897,Mycolicibacterium_celeriflavum,133,136,3
10898,Mycolicibacterium_celeriflavum,346,349,3
10899,Mycolicibacterium_celeriflavum,1542,1545,3
10900,Mycolicibacterium_celeriflavum,1572,1604,32
10901,Mycolicibacterium_celeriflavum,1632,1650,18
10902,Mycolicibacterium_celeriflavum,1664,1676,12
10903,Mycolicibacterium_celeriflavum,3317,3361,44
10904,Mycolicibacterium_celeriflavum,3364,3365,1
10905,Mycolicibacterium_celeriflavum,3373,3374,1
10906,Mycolicibacterium_celeriflavum,3409,3478,69
10907,Mycolicibacterium_celeriflavum,3485,3491,6
10908,Mycolicibacterium_celeriflavum,3642,3645,3
10909,Mycolicibacterium_celeriflavum,3650,3653,3
10910,Mycolicibacterium_celeriflavum,3655,3667,12
10911,Mycolicibacterium_celeriflavum,3782,3788,6
10912,Mycolicibacterium_celeriflavum,4407,4413,6
10913,Mycolicibacterium_celeriflavum,4417,4426,9
10914,Mycolicibacterium_celeriflavum,4432,4445,13
10915,Mycolicibacterium_celeriflavum,4452,4455,3
10916,Mycolicibacterium_celeriflavum,4456,4462,6
10917,Mycolicibacterium_celeriflavum,4463,4466,3
10918,Mycolicibacterium_celeriflavum,4468,4474,6
10919,Mycolicibacterium_celeriflavum,4475,4481,6
10920,Mycolicibacterium_celeriflavum,4483,4486,3
10921,Mycolicibacterium_celeriflavum,4540,4552,12
10922,Mycolicibacterium_celeriflavum,4555,4564,9
10923,Mycolicibacterium_celeriflavum,4567,4573,6
10924,Mycolicibacterium_celeriflavum,4582,4585,3
10925,Mycolicibacterium_celeriflavum,5163,5169,6
10926,Mycolicibacterium_celeriflavum,5170,5179,9
10927,Mycolicibacterium_celeriflavum,5181,5190,9
10928,Mycolicibacterium_celeriflavum,5197,5199,2
10929,Mycolicibacterium_celeriflavum,5201,5204,3
10930,Mycolicibacterium_celeriflavum,5206,5214,8
10931,Mycolicibacterium_celeriflavum,5218,5230,12
10932,Mycolicibacterium_celeriflavum,5231,5241,10
10933,Mycolicibacterium_celeriflavum,5247,5253,6
10934,Mycolicibacterium_celeriflavum,5401,5402,1
10935,Mycolicibacterium_celeriflavum,6015,6016,1
10936,Mycolicibacterium_celeriflavum,6431,6467,36
10937,Mycolicibacterium_celeriflavum,6470,6494,24
10938,Mycolicibacterium_celeriflavum,7178,7254,76
10939,Mycolicibacterium_celeriflavum,7260,7268,8
10940,Mycolicibacterium_celeriflavum,7760,7763,3
10941,Mycolicibacterium_celeriflavum,8452,8500,48
10942,Mycolicibacterium_celeriflavum,8577,8578,1
10943,Mycolicibacterium_celeriflavum,8584,8599,15
10944,Mycolicibacterium_celeriflavum,8600,8604,4
10945,Mycolicibacterium_celeriflavum,8609,8610,1
10946,Mycolicibacterium_celeriflavum,8661,8662,1
10947,Mycolicibacterium_celeriflavum,8733,8735,2
10948,Mycolicibacterium_celeriflavum,8739,8742,3
10949,Mycolicibacterium_celeriflavum,8930,8931,1
10950,Mycolicibacterium_celeriflavum,8980,8982,2
10951,Mycolicibacterium_celeriflavum,8984,8998,14
10952,Mycolicibacterium_celeriflavum,9120,9121,1
10953,Mycolicibacterium_celeriflavum,9370,9372,2
10954,Mycolicibacterium_celeriflavum,9546,9547,1
10955,Mycolicibacterium_celeriflavum,9812,9813,1
10956,Mycolicibacterium_celeriflavum,9985,9986,1
10957,Mycolicibacterium_celeriflavum,10076,10078,2
10958,Mycolicibacterium_celeriflavum,10157,10158,1
10959,Mycolicibacterium_celeriflavum,10261,10262,1
10960,Mycolicibacterium_celeriflavum,10311,10312,1
10961,Mycolicibacterium_celeriflavum,10313,10315,2
10962,Mycolicibacterium_celeriflavum,10325,10326,1
10963,Mycolicibacterium_celeriflavum,10370,10371,1
10964,Mycolicibacterium_celeriflavum,10434,10435,1
10965,Mycolicibacterium_celeriflavum,10448,10449,1
10966,Mycolicibacterium_celeriflavum,10461,10462,1
10967,Mycolicibacterium_celeriflavum,10476,10477,1
10968,Mycolicibacterium_celeriflavum,10491,10492,1
10969,Mycolicibacterium_celeriflavum,10526,10527,1
10970,Mycolicibacterium_celeriflavum,10548,10649,101
10971,Mycolicibacterium_celeriflavum,10828,10830,2
10972,Mycolicibacterium_celeriflavum,10837,10843,6
10973,Mycolicibacterium_celeriflavum,10864,10865,1
10974,Mycolicibacterium_celeriflavum,10914,10915,1
10975,Mycolicibacterium_celeriflavum,10965,10966,1
10976,Mycolicibacterium_celeriflavum,10971,10975,4
10977,Mycolicibacterium_celeriflavum,11085,11086,1
10978,Mycolicibacterium_celeriflavum,11143,11144,1
10979,Mycolicibacterium_celeriflavum,11243,11244,1
10980,Mycolicibacterium_celeriflavum,11260,11261,1
10981,Mycolicibacterium_celeriflavum,11265,11267,2
10982,Mycolicibacterium_celeriflavum,11286,11287,1
10983,Mycolicibacterium_celeriflavum,11312,11313,1
10984,Mycolicibacterium_celeriflavum,11473,11474,1
10985,Mycolicibacterium_celeriflavum,11505,11510,5
10986,Mycolicibacterium_celeriflavum,11513,11514,1
10987,Mycolicibacterium_celeriflavum,11520,11521,1
10988,Mycolicibacterium_celeriflavum,11523,11537,14
10989,Mycolicibacterium_celeriflavum,11566,11567,1
10990,Mycolicibacterium_celeriflavum,11782,11783,1
10991,Mycolicibacterium_celeriflavum,11823,11824,1
10992,Mycolicibacterium_celeriflavum,11826,11827,1
10993,Mycolicibacterium_celeriflavum,11831,11836,5
10994,Mycolicibacterium_celeriflavum,11846,11850,4
10995,Mycolicibacterium_celeriflavum,11851,11852,1
10996,Mycolicibacterium_celeriflavum,11859,11860,1
10997,Mycolicibacterium_celeriflavum,11864,11866,2
10998,Mycolicibacterium_celeriflavum,11877,11878,1
10999,Mycolicibacterium_celeriflavum,11993,11995,2
11000,Mycolicibacterium_celeriflavum,12029,12030,1
11001,Mycolicibacterium_celeriflavum,12068,12069,1
11002,Mycolicibacterium_celeriflavum,12207,12208,1
11003,Mycolicibacterium_celeriflavum,12211,12212,1
11004,Mycolicibacterium_celeriflavum,12213,12214,1
11005,Mycolicibacterium_celeriflavum,12218,12222,4
11006,Mycolicibacterium_celeriflavum,12226,12227,1
11007,Mycolicibacterium_celeriflavum,12237,12238,1
11008,Mycolicibacterium_celeriflavum,12360,12369,9
11009,Mycolicibacterium_celeriflavum,12371,12372,1
11010,Mycolicibacterium_celeriflavum,12374,12375,1
11011,Mycolicibacterium_celeriflavum,12378,12381,3
11012,Mycolicibacterium_celeriflavum,12384,12390,6
11013,Mycolicibacterium_celeriflavum,12391,12400,9
11014,Mycolicibacterium_celeriflavum,12454,12455,1
11015,Mycolicibacterium_celeriflavum,12739,12740,1
11016,Mycolicibacterium_celeriflavum,12798,12925,127
11017,Mycolicibacterium_celeriflavum,13120,13121,1
11018,Mycolicibacterium_celeriflavum,13451,13452,1
11019,Mycolicibacterium_celeriflavum,13453,13454,1
11020,Mycolicibacterium_celeriflavum,13508,13509,1
11021,Mycolicibacterium_arabiense,1,10,9
11022,Mycolicibacterium_arabiense,21,39,18
11023,Mycolicibacterium_arabiense,43,46,3
11024,Mycolicibacterium_arabiense,51,107,56
11025,Mycolicibacterium_arabiense,117,132,15
11026,Mycolicibacterium_arabiense,133,136,3
11027,Mycolicibacterium_arabiense,346,349,3
11028,Mycolicibacterium_arabiense,1542,1691,149
11029,Mycolicibacterium_arabiense,3317,3378,61
11030,Mycolicibacterium_arabiense,3386,3389,3
11031,Mycolicibacterium_arabiense,3409,3420,11
11032,Mycolicibacterium_arabiense,3424,3491,67
11033,Mycolicibacterium_arabiense,3642,3645,3
11034,Mycolicibacterium_arabiense,3650,3653,3
11035,Mycolicibacterium_arabiense,3655,3667,12
11036,Mycolicibacterium_arabiense,3782,3788,6
11037,Mycolicibacterium_arabiense,4400,4406,6
11038,Mycolicibacterium_arabiense,4407,4413,6
11039,Mycolicibacterium_arabiense,4417,4426,9
11040,Mycolicibacterium_arabiense,4432,4445,13
11041,Mycolicibacterium_arabiense,4452,4455,3
11042,Mycolicibacterium_arabiense,4456,4462,6
11043,Mycolicibacterium_arabiense,4468,4474,6
11044,Mycolicibacterium_arabiense,4475,4481,6
11045,Mycolicibacterium_arabiense,4483,4486,3
11046,Mycolicibacterium_arabiense,4540,4552,12
11047,Mycolicibacterium_arabiense,4567,4573,6
11048,Mycolicibacterium_arabiense,5163,5169,6
11049,Mycolicibacterium_arabiense,5170,5179,9
11050,Mycolicibacterium_arabiense,5181,5190,9
11051,Mycolicibacterium_arabiense,5197,5199,2
11052,Mycolicibacterium_arabiense,5201,5204,3
11053,Mycolicibacterium_arabiense,5206,5214,8
11054,Mycolicibacterium_arabiense,5218,5230,12
11055,Mycolicibacterium_arabiense,5231,5241,10
11056,Mycolicibacterium_arabiense,5247,5253,6
11057,Mycolicibacterium_arabiense,5401,5402,1
11058,Mycolicibacterium_arabiense,6015,6016,1
11059,Mycolicibacterium_arabiense,6431,6452,21
11060,Mycolicibacterium_arabiense,6456,6462,6
11061,Mycolicibacterium_arabiense,6470,6494,24
11062,Mycolicibacterium_arabiense,7178,7254,76
11063,Mycolicibacterium_arabiense,7260,7268,8
11064,Mycolicibacterium_arabiense,7760,7763,3
11065,Mycolicibacterium_arabiense,8452,8500,48
11066,Mycolicibacterium_arabiense,8577,8578,1
11067,Mycolicibacterium_arabiense,8584,8599,15
11068,Mycolicibacterium_arabiense,8600,8604,4
11069,Mycolicibacterium_arabiense,8609,8610,1
11070,Mycolicibacterium_arabiense,8661,8662,1
11071,Mycolicibacterium_arabiense,8733,8735,2
11072,Mycolicibacterium_arabiense,8739,8742,3
11073,Mycolicibacterium_arabiense,8930,8931,1
11074,Mycolicibacterium_arabiense,8980,8982,2
11075,Mycolicibacterium_arabiense,8984,8998,14
11076,Mycolicibacterium_arabiense,9120,9121,1
11077,Mycolicibacterium_arabiense,9370,9372,2
11078,Mycolicibacterium_arabiense,9546,9547,1
11079,Mycolicibacterium_arabiense,9812,9813,1
11080,Mycolicibacterium_arabiense,9985,9986,1
11081,Mycolicibacterium_arabiense,10076,10078,2
11082,Mycolicibacterium_arabiense,10157,10158,1
11083,Mycolicibacterium_arabiense,10261,10262,1
11084,Mycolicibacterium_arabiense,10310,10312,2
11085,Mycolicibacterium_arabiense,10313,10315,2
11086,Mycolicibacterium_arabiense,10325,10326,1
11087,Mycolicibacterium_arabiense,10370,10371,1
11088,Mycolicibacterium_arabiense,10416,10417,1
11089,Mycolicibacterium_arabiense,10434,10435,1
11090,Mycolicibacterium_arabiense,10448,10449,1
11091,Mycolicibacterium_arabiense,10491,10492,1
11092,Mycolicibacterium_arabiense,10526,10527,1
11093,Mycolicibacterium_arabiense,10547,10649,102
11094,Mycolicibacterium_arabiense,10828,10830,2
11095,Mycolicibacterium_arabiense,10835,10843,8
11096,Mycolicibacterium_arabiense,10864,10865,1
11097,Mycolicibacterium_arabiense,10914,10915,1
11098,Mycolicibacterium_arabiense,10965,10966,1
11099,Mycolicibacterium_arabiense,10971,10975,4
11100,Mycolicibacterium_arabiense,11085,11086,1
11101,Mycolicibacterium_arabiense,11143,11144,1
11102,Mycolicibacterium_arabiense,11243,11244,1
11103,Mycolicibacterium_arabiense,11260,11261,1
11104,Mycolicibacterium_arabiense,11266,11267,1
11105,Mycolicibacterium_arabiense,11286,11287,1
11106,Mycolicibacterium_arabiense,11312,11313,1
11107,Mycolicibacterium_arabiense,11473,11474,1
11108,Mycolicibacterium_arabiense,11505,11512,7
11109,Mycolicibacterium_arabiense,11513,11514,1
11110,Mycolicibacterium_arabiense,11520,11521,1
11111,Mycolicibacterium_arabiense,11527,11535,8
11112,Mycolicibacterium_arabiense,11782,11783,1
11113,Mycolicibacterium_arabiense,11823,11824,1
11114,Mycolicibacterium_arabiense,11826,11827,1
11115,Mycolicibacterium_arabiense,11831,11836,5
11116,Mycolicibacterium_arabiense,11846,11850,4
11117,Mycolicibacterium_arabiense,11851,11852,1
11118,Mycolicibacterium_arabiense,11859,11860,1
11119,Mycolicibacterium_arabiense,11877,11878,1
11120,Mycolicibacterium_arabiense,11993,11994,1
11121,Mycolicibacterium_arabiense,12029,12030,1
11122,Mycolicibacterium_arabiense,12068,12069,1
11123,Mycolicibacterium_arabiense,12207,12208,1
11124,Mycolicibacterium_arabiense,12211,12212,1
11125,Mycolicibacterium_arabiense,12213,12214,1
11126,Mycolicibacterium_arabiense,12218,12222,4
11127,Mycolicibacterium_arabiense,12226,12227,1
11128,Mycolicibacterium_arabiense,12237,12238,1
11129,Mycolicibacterium_arabiense,12361,12368,7
11130,Mycolicibacterium_arabiense,12371,12372,1
11131,Mycolicibacterium_arabiense,12374,12375,1
11132,Mycolicibacterium_arabiense,12378,12381,3
11133,Mycolicibacterium_arabiense,12384,12390,6
11134,Mycolicibacterium_arabiense,12391,12400,9
11135,Mycolicibacterium_arabiense,12454,12455,1
11136,Mycolicibacterium_arabiense,12739,12740,1
11137,Mycolicibacterium_arabiense,12798,12925,127
11138,Mycolicibacterium_arabiense,13451,13452,1
11139,Mycolicibacterium_arabiense,13453,13454,1
11140,Mycolicibacterium_arabiense,13508,13509,1
11141,Mycolicibacillus_koreensis,1,10,9
11142,Mycolicibacillus_koreensis,21,39,18
11143,Mycolicibacillus_koreensis,43,46,3
11144,Mycolicibacillus_koreensis,64,102,38
11145,Mycolicibacillus_koreensis,117,132,15
11146,Mycolicibacillus_koreensis,133,136,3
11147,Mycolicibacillus_koreensis,346,349,3
11148,Mycolicibacillus_koreensis,1542,1691,149
11149,Mycolicibacillus_koreensis,3317,3361,44
11150,Mycolicibacillus_koreensis,3364,3365,1
11151,Mycolicibacillus_koreensis,3373,3374,1
11152,Mycolicibacillus_koreensis,3414,3477,63
11153,Mycolicibacillus_koreensis,3485,3491,6
11154,Mycolicibacillus_koreensis,3642,3645,3
11155,Mycolicibacillus_koreensis,3650,3653,3
11156,Mycolicibacillus_koreensis,3655,3667,12
11157,Mycolicibacillus_koreensis,3782,3788,6
11158,Mycolicibacillus_koreensis,4400,4406,6
11159,Mycolicibacillus_koreensis,4407,4413,6
11160,Mycolicibacillus_koreensis,4417,4426,9
11161,Mycolicibacillus_koreensis,4434,4444,10
11162,Mycolicibacillus_koreensis,4452,4455,3
11163,Mycolicibacillus_koreensis,4456,4462,6
11164,Mycolicibacillus_koreensis,4468,4480,12
11165,Mycolicibacillus_koreensis,4483,4486,3
11166,Mycolicibacillus_koreensis,4540,4552,12
11167,Mycolicibacillus_koreensis,4555,4564,9
11168,Mycolicibacillus_koreensis,4567,4573,6
11169,Mycolicibacillus_koreensis,4581,4584,3
11170,Mycolicibacillus_koreensis,5163,5169,6
11171,Mycolicibacillus_koreensis,5170,5179,9
11172,Mycolicibacillus_koreensis,5181,5190,9
11173,Mycolicibacillus_koreensis,5197,5199,2
11174,Mycolicibacillus_koreensis,5201,5204,3
11175,Mycolicibacillus_koreensis,5206,5214,8
11176,Mycolicibacillus_koreensis,5218,5230,12
11177,Mycolicibacillus_koreensis,5231,5241,10
11178,Mycolicibacillus_koreensis,5247,5253,6
11179,Mycolicibacillus_koreensis,5401,5402,1
11180,Mycolicibacillus_koreensis,6015,6016,1
11181,Mycolicibacillus_koreensis,6431,6452,21
11182,Mycolicibacillus_koreensis,6456,6462,6
11183,Mycolicibacillus_koreensis,6470,6494,24
11184,Mycolicibacillus_koreensis,7178,7254,76
11185,Mycolicibacillus_koreensis,7260,7268,8
11186,Mycolicibacillus_koreensis,7760,7763,3
11187,Mycolicibacillus_koreensis,8452,8500,48
11188,Mycolicibacillus_koreensis,8577,8578,1
11189,Mycolicibacillus_koreensis,8584,8599,15
11190,Mycolicibacillus_koreensis,8601,8603,2
11191,Mycolicibacillus_koreensis,8609,8610,1
11192,Mycolicibacillus_koreensis,8661,8662,1
11193,Mycolicibacillus_koreensis,8703,8704,1
11194,Mycolicibacillus_koreensis,8720,8721,1
11195,Mycolicibacillus_koreensis,8733,8735,2
11196,Mycolicibacillus_koreensis,8739,8742,3
11197,Mycolicibacillus_koreensis,8930,8931,1
11198,Mycolicibacillus_koreensis,8980,8982,2
11199,Mycolicibacillus_koreensis,8984,8998,14
11200,Mycolicibacillus_koreensis,9120,9121,1
11201,Mycolicibacillus_koreensis,9370,9372,2
11202,Mycolicibacillus_koreensis,9546,9547,1
11203,Mycolicibacillus_koreensis,9812,9813,1
11204,Mycolicibacillus_koreensis,9983,9986,3
11205,Mycolicibacillus_koreensis,10076,10078,2
11206,Mycolicibacillus_koreensis,10157,10158,1
11207,Mycolicibacillus_koreensis,10261,10262,1
11208,Mycolicibacillus_koreensis,10311,10312,1
11209,Mycolicibacillus_koreensis,10313,10315,2
11210,Mycolicibacillus_koreensis,10325,10326,1
11211,Mycolicibacillus_koreensis,10370,10371,1
11212,Mycolicibacillus_koreensis,10416,10417,1
11213,Mycolicibacillus_koreensis,10434,10435,1
11214,Mycolicibacillus_koreensis,10448,10449,1
11215,Mycolicibacillus_koreensis,10476,10477,1
11216,Mycolicibacillus_koreensis,10491,10492,1
11217,Mycolicibacillus_koreensis,10526,10527,1
11218,Mycolicibacillus_koreensis,10546,10649,103
11219,Mycolicibacillus_koreensis,10772,10776,4
11220,Mycolicibacillus_koreensis,10828,10830,2
11221,Mycolicibacillus_koreensis,10835,10842,7
11222,Mycolicibacillus_koreensis,10864,10865,1
11223,Mycolicibacillus_koreensis,10914,10915,1
11224,Mycolicibacillus_koreensis,10971,10975,4
11225,Mycolicibacillus_koreensis,11085,11086,1
11226,Mycolicibacillus_koreensis,11143,11144,1
11227,Mycolicibacillus_koreensis,11243,11244,1
11228,Mycolicibacillus_koreensis,11265,11267,2
11229,Mycolicibacillus_koreensis,11286,11287,1
11230,Mycolicibacillus_koreensis,11312,11314,2
11231,Mycolicibacillus_koreensis,11473,11474,1
11232,Mycolicibacillus_koreensis,11505,11512,7
11233,Mycolicibacillus_koreensis,11513,11533,20
11234,Mycolicibacillus_koreensis,11566,11567,1
11235,Mycolicibacillus_koreensis,11782,11783,1
11236,Mycolicibacillus_koreensis,11826,11832,6
11237,Mycolicibacillus_koreensis,11847,11852,5
11238,Mycolicibacillus_koreensis,11859,11860,1
11239,Mycolicibacillus_koreensis,11864,11865,1
11240,Mycolicibacillus_koreensis,11877,11878,1
11241,Mycolicibacillus_koreensis,11993,11994,1
11242,Mycolicibacillus_koreensis,12029,12030,1
11243,Mycolicibacillus_koreensis,12207,12208,1
11244,Mycolicibacillus_koreensis,12211,12212,1
11245,Mycolicibacillus_koreensis,12213,12214,1
11246,Mycolicibacillus_koreensis,12218,12222,4
11247,Mycolicibacillus_koreensis,12226,12227,1
11248,Mycolicibacillus_koreensis,12237,12238,1
11249,Mycolicibacillus_koreensis,12360,12380,20
11250,Mycolicibacillus_koreensis,12385,12390,5
11251,Mycolicibacillus_koreensis,12391,12393,2
11252,Mycolicibacillus_koreensis,12454,12455,1
11253,Mycolicibacillus_koreensis,12739,12740,1
11254,Mycolicibacillus_koreensis,12798,12925,127
11255,Mycolicibacillus_koreensis,13451,13452,1
11256,Mycolicibacillus_koreensis,13453,13454,1
11257,Mycolicibacillus_koreensis,13468,13469,1
11258,Mycolicibacillus_koreensis,13508,13509,1
11259,Mycolicibacterium_anyangense,1,10,9
11260,Mycolicibacterium_anyangense,21,39,18
11261,Mycolicibacterium_anyangense,43,46,3
11262,Mycolicibacterium_anyangense,50,109,59
11263,Mycolicibacterium_anyangense,117,132,15
11264,Mycolicibacterium_anyangense,133,136,3
11265,Mycolicibacterium_anyangense,346,349,3
11266,Mycolicibacterium_anyangense,1542,1691,149
11267,Mycolicibacterium_anyangense,3317,3361,44
11268,Mycolicibacterium_anyangense,3364,3365,1
11269,Mycolicibacterium_anyangense,3373,3374,1
11270,Mycolicibacterium_anyangense,3408,3480,72
11271,Mycolicibacterium_anyangense,3485,3491,6
11272,Mycolicibacterium_anyangense,3642,3645,3
11273,Mycolicibacterium_anyangense,3650,3653,3
11274,Mycolicibacterium_anyangense,3655,3667,12
11275,Mycolicibacterium_anyangense,3782,3788,6
11276,Mycolicibacterium_anyangense,4400,4406,6
11277,Mycolicibacterium_anyangense,4407,4413,6
11278,Mycolicibacterium_anyangense,4417,4426,9
11279,Mycolicibacterium_anyangense,4432,4445,13
11280,Mycolicibacterium_anyangense,4452,4455,3
11281,Mycolicibacterium_anyangense,4456,4462,6
11282,Mycolicibacterium_anyangense,4468,4474,6
11283,Mycolicibacterium_anyangense,4475,4481,6
11284,Mycolicibacterium_anyangense,4483,4486,3
11285,Mycolicibacterium_anyangense,4540,4552,12
11286,Mycolicibacterium_anyangense,4555,4564,9
11287,Mycolicibacterium_anyangense,4567,4573,6
11288,Mycolicibacterium_anyangense,4582,4585,3
11289,Mycolicibacterium_anyangense,5163,5169,6
11290,Mycolicibacterium_anyangense,5170,5179,9
11291,Mycolicibacterium_anyangense,5181,5190,9
11292,Mycolicibacterium_anyangense,5197,5199,2
11293,Mycolicibacterium_anyangense,5201,5204,3
11294,Mycolicibacterium_anyangense,5206,5214,8
11295,Mycolicibacterium_anyangense,5218,5230,12
11296,Mycolicibacterium_anyangense,5231,5241,10
11297,Mycolicibacterium_anyangense,5247,5253,6
11298,Mycolicibacterium_anyangense,5401,5402,1
11299,Mycolicibacterium_anyangense,6015,6016,1
11300,Mycolicibacterium_anyangense,6431,6467,36
11301,Mycolicibacterium_anyangense,6470,6494,24
11302,Mycolicibacterium_anyangense,7178,7254,76
11303,Mycolicibacterium_anyangense,7260,7268,8
11304,Mycolicibacterium_anyangense,7760,7763,3
11305,Mycolicibacterium_anyangense,8452,8500,48
11306,Mycolicibacterium_anyangense,8577,8578,1
11307,Mycolicibacterium_anyangense,8584,8599,15
11308,Mycolicibacterium_anyangense,8600,8604,4
11309,Mycolicibacterium_anyangense,8609,8610,1
11310,Mycolicibacterium_anyangense,8661,8662,1
11311,Mycolicibacterium_anyangense,8733,8735,2
11312,Mycolicibacterium_anyangense,8739,8742,3
11313,Mycolicibacterium_anyangense,8930,8931,1
11314,Mycolicibacterium_anyangense,8980,8982,2
11315,Mycolicibacterium_anyangense,8984,8998,14
11316,Mycolicibacterium_anyangense,9120,9121,1
11317,Mycolicibacterium_anyangense,9370,9372,2
11318,Mycolicibacterium_anyangense,9546,9547,1
11319,Mycolicibacterium_anyangense,9812,9813,1
11320,Mycolicibacterium_anyangense,9977,9978,1
11321,Mycolicibacterium_anyangense,9985,9986,1
11322,Mycolicibacterium_anyangense,10076,10078,2
11323,Mycolicibacterium_anyangense,10157,10158,1
11324,Mycolicibacterium_anyangense,10261,10262,1
11325,Mycolicibacterium_anyangense,10310,10312,2
11326,Mycolicibacterium_anyangense,10313,10315,2
11327,Mycolicibacterium_anyangense,10325,10326,1
11328,Mycolicibacterium_anyangense,10370,10371,1
11329,Mycolicibacterium_anyangense,10416,10417,1
11330,Mycolicibacterium_anyangense,10434,10435,1
11331,Mycolicibacterium_anyangense,10448,10449,1
11332,Mycolicibacterium_anyangense,10461,10462,1
11333,Mycolicibacterium_anyangense,10476,10477,1
11334,Mycolicibacterium_anyangense,10491,10492,1
11335,Mycolicibacterium_anyangense,10526,10527,1
11336,Mycolicibacterium_anyangense,10546,10649,103
11337,Mycolicibacterium_anyangense,10828,10832,4
11338,Mycolicibacterium_anyangense,10835,10836,1
11339,Mycolicibacterium_anyangense,10837,10843,6
11340,Mycolicibacterium_anyangense,10864,10865,1
11341,Mycolicibacterium_anyangense,10914,10915,1
11342,Mycolicibacterium_anyangense,10965,10966,1
11343,Mycolicibacterium_anyangense,10971,10975,4
11344,Mycolicibacterium_anyangense,11085,11086,1
11345,Mycolicibacterium_anyangense,11143,11144,1
11346,Mycolicibacterium_anyangense,11243,11244,1
11347,Mycolicibacterium_anyangense,11260,11261,1
11348,Mycolicibacterium_anyangense,11286,11287,1
11349,Mycolicibacterium_anyangense,11312,11313,1
11350,Mycolicibacterium_anyangense,11473,11474,1
11351,Mycolicibacterium_anyangense,11505,11512,7
11352,Mycolicibacterium_anyangense,11513,11514,1
11353,Mycolicibacterium_anyangense,11520,11537,17
11354,Mycolicibacterium_anyangense,11566,11567,1
11355,Mycolicibacterium_anyangense,11823,11824,1
11356,Mycolicibacterium_anyangense,11826,11827,1
11357,Mycolicibacterium_anyangense,11831,11836,5
11358,Mycolicibacterium_anyangense,11846,11850,4
11359,Mycolicibacterium_anyangense,11851,11852,1
11360,Mycolicibacterium_anyangense,11859,11860,1
11361,Mycolicibacterium_anyangense,11864,11866,2
11362,Mycolicibacterium_anyangense,11877,11878,1
11363,Mycolicibacterium_anyangense,11993,11994,1
11364,Mycolicibacterium_anyangense,12029,12030,1
11365,Mycolicibacterium_anyangense,12068,12069,1
11366,Mycolicibacterium_anyangense,12196,12197,1
11367,Mycolicibacterium_anyangense,12207,12208,1
11368,Mycolicibacterium_anyangense,12211,12212,1
11369,Mycolicibacterium_anyangense,12213,12214,1
11370,Mycolicibacterium_anyangense,12218,12222,4
11371,Mycolicibacterium_anyangense,12226,12227,1
11372,Mycolicibacterium_anyangense,12237,12238,1
11373,Mycolicibacterium_anyangense,12360,12369,9
11374,Mycolicibacterium_anyangense,12371,12372,1
11375,Mycolicibacterium_anyangense,12374,12375,1
11376,Mycolicibacterium_anyangense,12376,12383,7
11377,Mycolicibacterium_anyangense,12384,12390,6
11378,Mycolicibacterium_anyangense,12391,12400,9
11379,Mycolicibacterium_anyangense,12454,12455,1
11380,Mycolicibacterium_anyangense,12594,12595,1
11381,Mycolicibacterium_anyangense,12739,12740,1
11382,Mycolicibacterium_anyangense,12798,12925,127
11383,Mycolicibacterium_anyangense,13120,13121,1
11384,Mycolicibacterium_anyangense,13451,13452,1
11385,Mycolicibacterium_anyangense,13453,13454,1
11386,Mycolicibacterium_anyangense,13508,13509,1
11387,Mycolicibacterium_sarraceniae,1,10,9
11388,Mycolicibacterium_sarraceniae,21,39,18
11389,Mycolicibacterium_sarraceniae,43,46,3
11390,Mycolicibacterium_sarraceniae,48,110,62
11391,Mycolicibacterium_sarraceniae,117,132,15
11392,Mycolicibacterium_sarraceniae,133,136,3
11393,Mycolicibacterium_sarraceniae,346,349,3
11394,Mycolicibacterium_sarraceniae,1542,1691,149
11395,Mycolicibacterium_sarraceniae,3317,3361,44
11396,Mycolicibacterium_sarraceniae,3364,3365,1
11397,Mycolicibacterium_sarraceniae,3373,3374,1
11398,Mycolicibacterium_sarraceniae,3408,3480,72
11399,Mycolicibacterium_sarraceniae,3485,3491,6
11400,Mycolicibacterium_sarraceniae,3642,3645,3
11401,Mycolicibacterium_sarraceniae,3650,3653,3
11402,Mycolicibacterium_sarraceniae,3655,3667,12
11403,Mycolicibacterium_sarraceniae,3782,3788,6
11404,Mycolicibacterium_sarraceniae,4400,4406,6
11405,Mycolicibacterium_sarraceniae,4407,4413,6
11406,Mycolicibacterium_sarraceniae,4417,4426,9
11407,Mycolicibacterium_sarraceniae,4432,4445,13
11408,Mycolicibacterium_sarraceniae,4452,4455,3
11409,Mycolicibacterium_sarraceniae,4456,4462,6
11410,Mycolicibacterium_sarraceniae,4468,4474,6
11411,Mycolicibacterium_sarraceniae,4475,4481,6
11412,Mycolicibacterium_sarraceniae,4483,4486,3
11413,Mycolicibacterium_sarraceniae,4540,4552,12
11414,Mycolicibacterium_sarraceniae,4555,4564,9
11415,Mycolicibacterium_sarraceniae,4567,4573,6
11416,Mycolicibacterium_sarraceniae,4582,4585,3
11417,Mycolicibacterium_sarraceniae,5163,5169,6
11418,Mycolicibacterium_sarraceniae,5170,5179,9
11419,Mycolicibacterium_sarraceniae,5181,5190,9
11420,Mycolicibacterium_sarraceniae,5197,5199,2
11421,Mycolicibacterium_sarraceniae,5201,5204,3
11422,Mycolicibacterium_sarraceniae,5206,5214,8
11423,Mycolicibacterium_sarraceniae,5218,5230,12
11424,Mycolicibacterium_sarraceniae,5231,5241,10
11425,Mycolicibacterium_sarraceniae,5247,5253,6
11426,Mycolicibacterium_sarraceniae,5401,5402,1
11427,Mycolicibacterium_sarraceniae,6015,6016,1
11428,Mycolicibacterium_sarraceniae,6431,6467,36
11429,Mycolicibacterium_sarraceniae,6470,6494,24
11430,Mycolicibacterium_sarraceniae,7178,7254,76
11431,Mycolicibacterium_sarraceniae,7260,7268,8
11432,Mycolicibacterium_sarraceniae,7760,7763,3
11433,Mycolicibacterium_sarraceniae,8452,8500,48
11434,Mycolicibacterium_sarraceniae,8577,8578,1
11435,Mycolicibacterium_sarraceniae,8584,8599,15
11436,Mycolicibacterium_sarraceniae,8600,8604,4
11437,Mycolicibacterium_sarraceniae,8609,8610,1
11438,Mycolicibacterium_sarraceniae,8661,8662,1
11439,Mycolicibacterium_sarraceniae,8703,8704,1
11440,Mycolicibacterium_sarraceniae,8720,8721,1
11441,Mycolicibacterium_sarraceniae,8733,8735,2
11442,Mycolicibacterium_sarraceniae,8739,8742,3
11443,Mycolicibacterium_sarraceniae,8930,8931,1
11444,Mycolicibacterium_sarraceniae,8980,8982,2
11445,Mycolicibacterium_sarraceniae,8984,8998,14
11446,Mycolicibacterium_sarraceniae,9120,9121,1
11447,Mycolicibacterium_sarraceniae,9362,9363,1
11448,Mycolicibacterium_sarraceniae,9370,9372,2
11449,Mycolicibacterium_sarraceniae,9546,9547,1
11450,Mycolicibacterium_sarraceniae,9812,9813,1
11451,Mycolicibacterium_sarraceniae,9985,9986,1
11452,Mycolicibacterium_sarraceniae,10076,10078,2
11453,Mycolicibacterium_sarraceniae,10157,10158,1
11454,Mycolicibacterium_sarraceniae,10261,10262,1
11455,Mycolicibacterium_sarraceniae,10310,10312,2
11456,Mycolicibacterium_sarraceniae,10325,10326,1
11457,Mycolicibacterium_sarraceniae,10370,10371,1
11458,Mycolicibacterium_sarraceniae,10416,10417,1
11459,Mycolicibacterium_sarraceniae,10434,10435,1
11460,Mycolicibacterium_sarraceniae,10448,10449,1
11461,Mycolicibacterium_sarraceniae,10461,10462,1
11462,Mycolicibacterium_sarraceniae,10476,10477,1
11463,Mycolicibacterium_sarraceniae,10491,10492,1
11464,Mycolicibacterium_sarraceniae,10526,10527,1
11465,Mycolicibacterium_sarraceniae,10545,10649,104
11466,Mycolicibacterium_sarraceniae,10828,10832,4
11467,Mycolicibacterium_sarraceniae,10835,10836,1
11468,Mycolicibacterium_sarraceniae,10837,10843,6
11469,Mycolicibacterium_sarraceniae,10914,10915,1
11470,Mycolicibacterium_sarraceniae,10965,10966,1
11471,Mycolicibacterium_sarraceniae,10971,10975,4
11472,Mycolicibacterium_sarraceniae,11085,11086,1
11473,Mycolicibacterium_sarraceniae,11143,11144,1
11474,Mycolicibacterium_sarraceniae,11243,11244,1
11475,Mycolicibacterium_sarraceniae,11260,11261,1
11476,Mycolicibacterium_sarraceniae,11265,11267,2
11477,Mycolicibacterium_sarraceniae,11286,11287,1
11478,Mycolicibacterium_sarraceniae,11312,11313,1
11479,Mycolicibacterium_sarraceniae,11473,11474,1
11480,Mycolicibacterium_sarraceniae,11505,11512,7
11481,Mycolicibacterium_sarraceniae,11513,11514,1
11482,Mycolicibacterium_sarraceniae,11520,11521,1
11483,Mycolicibacterium_sarraceniae,11523,11537,14
11484,Mycolicibacterium_sarraceniae,11782,11783,1
11485,Mycolicibacterium_sarraceniae,11823,11824,1
11486,Mycolicibacterium_sarraceniae,11826,11827,1
11487,Mycolicibacterium_sarraceniae,11831,11836,5
11488,Mycolicibacterium_sarraceniae,11846,11850,4
11489,Mycolicibacterium_sarraceniae,11851,11852,1
11490,Mycolicibacterium_sarraceniae,11859,11860,1
11491,Mycolicibacterium_sarraceniae,11864,11866,2
11492,Mycolicibacterium_sarraceniae,11877,11878,1
11493,Mycolicibacterium_sarraceniae,11993,11994,1
11494,Mycolicibacterium_sarraceniae,12029,12030,1
11495,Mycolicibacterium_sarraceniae,12068,12069,1
11496,Mycolicibacterium_sarraceniae,12194,12197,3
11497,Mycolicibacterium_sarraceniae,12207,12208,1
11498,Mycolicibacterium_sarraceniae,12211,12212,1
11499,Mycolicibacterium_sarraceniae,12213,12214,1
11500,Mycolicibacterium_sarraceniae,12218,12222,4
11501,Mycolicibacterium_sarraceniae,12226,12227,1
11502,Mycolicibacterium_sarraceniae,12237,12240,3
11503,Mycolicibacterium_sarraceniae,12275,12276,1
11504,Mycolicibacterium_sarraceniae,12360,12369,9
11505,Mycolicibacterium_sarraceniae,12371,12372,1
11506,Mycolicibacterium_sarraceniae,12374,12375,1
11507,Mycolicibacterium_sarraceniae,12378,12383,5
11508,Mycolicibacterium_sarraceniae,12384,12390,6
11509,Mycolicibacterium_sarraceniae,12391,12400,9
11510,Mycolicibacterium_sarraceniae,12454,12455,1
11511,Mycolicibacterium_sarraceniae,12739,12740,1
11512,Mycolicibacterium_sarraceniae,12798,12925,127
11513,Mycolicibacterium_sarraceniae,13451,13452,1
11514,Mycolicibacterium_sarraceniae,13453,13454,1
11515,Mycolicibacterium_sarraceniae,13508,13509,1
11516,Mycolicibacterium_helvum,1,10,9
11517,Mycolicibacterium_helvum,21,39,18
11518,Mycolicibacterium_helvum,43,46,3
11519,Mycolicibacterium_helvum,48,110,62
11520,Mycolicibacterium_helvum,117,132,15
11521,Mycolicibacterium_helvum,133,136,3
11522,Mycolicibacterium_helvum,346,349,3
11523,Mycolicibacterium_helvum,1542,1691,149
11524,Mycolicibacterium_helvum,3317,3361,44
11525,Mycolicibacterium_helvum,3364,3365,1
11526,Mycolicibacterium_helvum,3373,3374,1
11527,Mycolicibacterium_helvum,3408,3480,72
11528,Mycolicibacterium_helvum,3485,3491,6
11529,Mycolicibacterium_helvum,3642,3645,3
11530,Mycolicibacterium_helvum,3650,3653,3
11531,Mycolicibacterium_helvum,3655,3667,12
11532,Mycolicibacterium_helvum,3782,3788,6
11533,Mycolicibacterium_helvum,4400,4406,6
11534,Mycolicibacterium_helvum,4407,4413,6
11535,Mycolicibacterium_helvum,4417,4426,9
11536,Mycolicibacterium_helvum,4432,4445,13
11537,Mycolicibacterium_helvum,4452,4455,3
11538,Mycolicibacterium_helvum,4456,4462,6
11539,Mycolicibacterium_helvum,4468,4474,6
11540,Mycolicibacterium_helvum,4475,4481,6
11541,Mycolicibacterium_helvum,4483,4486,3
11542,Mycolicibacterium_helvum,4540,4552,12
11543,Mycolicibacterium_helvum,4555,4564,9
11544,Mycolicibacterium_helvum,4567,4573,6
11545,Mycolicibacterium_helvum,4582,4585,3
11546,Mycolicibacterium_helvum,5163,5169,6
11547,Mycolicibacterium_helvum,5170,5179,9
11548,Mycolicibacterium_helvum,5181,5190,9
11549,Mycolicibacterium_helvum,5197,5199,2
11550,Mycolicibacterium_helvum,5201,5204,3
11551,Mycolicibacterium_helvum,5206,5214,8
11552,Mycolicibacterium_helvum,5218,5230,12
11553,Mycolicibacterium_helvum,5231,5241,10
11554,Mycolicibacterium_helvum,5247,5253,6
11555,Mycolicibacterium_helvum,5401,5402,1
11556,Mycolicibacterium_helvum,6015,6016,1
11557,Mycolicibacterium_helvum,6431,6452,21
11558,Mycolicibacterium_helvum,6456,6462,6
11559,Mycolicibacterium_helvum,6470,6494,24
11560,Mycolicibacterium_helvum,7178,7254,76
11561,Mycolicibacterium_helvum,7260,7268,8
11562,Mycolicibacterium_helvum,7760,7763,3
11563,Mycolicibacterium_helvum,8452,8500,48
11564,Mycolicibacterium_helvum,8577,8578,1
11565,Mycolicibacterium_helvum,8584,8599,15
11566,Mycolicibacterium_helvum,8600,8604,4
11567,Mycolicibacterium_helvum,8609,8610,1
11568,Mycolicibacterium_helvum,8661,8662,1
11569,Mycolicibacterium_helvum,8703,8704,1
11570,Mycolicibacterium_helvum,8720,8721,1
11571,Mycolicibacterium_helvum,8733,8735,2
11572,Mycolicibacterium_helvum,8739,8742,3
11573,Mycolicibacterium_helvum,8930,8931,1
11574,Mycolicibacterium_helvum,8980,8982,2
11575,Mycolicibacterium_helvum,8984,8998,14
11576,Mycolicibacterium_helvum,9120,9121,1
11577,Mycolicibacterium_helvum,9370,9372,2
11578,Mycolicibacterium_helvum,9546,9547,1
11579,Mycolicibacterium_helvum,9812,9813,1
11580,Mycolicibacterium_helvum,9985,9986,1
11581,Mycolicibacterium_helvum,10076,10078,2
11582,Mycolicibacterium_helvum,10157,10158,1
11583,Mycolicibacterium_helvum,10254,10256,2
11584,Mycolicibacterium_helvum,10261,10262,1
11585,Mycolicibacterium_helvum,10310,10312,2
11586,Mycolicibacterium_helvum,10325,10326,1
11587,Mycolicibacterium_helvum,10370,10371,1
11588,Mycolicibacterium_helvum,10416,10417,1
11589,Mycolicibacterium_helvum,10434,10435,1
11590,Mycolicibacterium_helvum,10448,10449,1
11591,Mycolicibacterium_helvum,10461,10462,1
11592,Mycolicibacterium_helvum,10476,10477,1
11593,Mycolicibacterium_helvum,10491,10492,1
11594,Mycolicibacterium_helvum,10526,10527,1
11595,Mycolicibacterium_helvum,10545,10649,104
11596,Mycolicibacterium_helvum,10828,10832,4
11597,Mycolicibacterium_helvum,10835,10836,1
11598,Mycolicibacterium_helvum,10837,10843,6
11599,Mycolicibacterium_helvum,10845,10846,1
11600,Mycolicibacterium_helvum,10864,10865,1
11601,Mycolicibacterium_helvum,10914,10915,1
11602,Mycolicibacterium_helvum,10965,10966,1
11603,Mycolicibacterium_helvum,10971,10975,4
11604,Mycolicibacterium_helvum,11085,11086,1
11605,Mycolicibacterium_helvum,11143,11144,1
11606,Mycolicibacterium_helvum,11243,11244,1
11607,Mycolicibacterium_helvum,11260,11261,1
11608,Mycolicibacterium_helvum,11265,11267,2
11609,Mycolicibacterium_helvum,11286,11287,1
11610,Mycolicibacterium_helvum,11312,11313,1
11611,Mycolicibacterium_helvum,11473,11474,1
11612,Mycolicibacterium_helvum,11505,11512,7
11613,Mycolicibacterium_helvum,11513,11514,1
11614,Mycolicibacterium_helvum,11520,11521,1
11615,Mycolicibacterium_helvum,11523,11537,14
11616,Mycolicibacterium_helvum,11782,11783,1
11617,Mycolicibacterium_helvum,11823,11824,1
11618,Mycolicibacterium_helvum,11826,11827,1
11619,Mycolicibacterium_helvum,11831,11836,5
11620,Mycolicibacterium_helvum,11846,11850,4
11621,Mycolicibacterium_helvum,11851,11852,1
11622,Mycolicibacterium_helvum,11859,11860,1
11623,Mycolicibacterium_helvum,11864,11866,2
11624,Mycolicibacterium_helvum,11877,11878,1
11625,Mycolicibacterium_helvum,11993,11994,1
11626,Mycolicibacterium_helvum,12029,12030,1
11627,Mycolicibacterium_helvum,12068,12069,1
11628,Mycolicibacterium_helvum,12196,12197,1
11629,Mycolicibacterium_helvum,12207,12208,1
11630,Mycolicibacterium_helvum,12211,12212,1
11631,Mycolicibacterium_helvum,12213,12214,1
11632,Mycolicibacterium_helvum,12218,12222,4
11633,Mycolicibacterium_helvum,12226,12227,1
11634,Mycolicibacterium_helvum,12237,12238,1
11635,Mycolicibacterium_helvum,12360,12369,9
11636,Mycolicibacterium_helvum,12371,12372,1
11637,Mycolicibacterium_helvum,12374,12375,1
11638,Mycolicibacterium_helvum,12378,12383,5
11639,Mycolicibacterium_helvum,12384,12390,6
11640,Mycolicibacterium_helvum,12391,12400,9
11641,Mycolicibacterium_helvum,12454,12455,1
11642,Mycolicibacterium_helvum,12594,12596,2
11643,Mycolicibacterium_helvum,12739,12740,1
11644,Mycolicibacterium_helvum,12798,12925,127
11645,Mycolicibacterium_helvum,13451,13452,1
11646,Mycolicibacterium_helvum,13453,13454,1
11647,Mycolicibacterium_helvum,13508,13509,1
11648,Mycolicibacterium_insubricum,1,10,9
11649,Mycolicibacterium_insubricum,21,39,18
11650,Mycolicibacterium_insubricum,43,46,3
11651,Mycolicibacterium_insubricum,57,116,59
11652,Mycolicibacterium_insubricum,117,132,15
11653,Mycolicibacterium_insubricum,133,136,3
11654,Mycolicibacterium_insubricum,346,349,3
11655,Mycolicibacterium_insubricum,1542,1691,149
11656,Mycolicibacterium_insubricum,3317,3356,39
11657,Mycolicibacterium_insubricum,3364,3365,1
11658,Mycolicibacterium_insubricum,3408,3480,72
11659,Mycolicibacterium_insubricum,3485,3491,6
11660,Mycolicibacterium_insubricum,3642,3645,3
11661,Mycolicibacterium_insubricum,3655,3667,12
11662,Mycolicibacterium_insubricum,3782,3788,6
11663,Mycolicibacterium_insubricum,4400,4406,6
11664,Mycolicibacterium_insubricum,4407,4413,6
11665,Mycolicibacterium_insubricum,4417,4426,9
11666,Mycolicibacterium_insubricum,4432,4445,13
11667,Mycolicibacterium_insubricum,4452,4455,3
11668,Mycolicibacterium_insubricum,4456,4462,6
11669,Mycolicibacterium_insubricum,4468,4474,6
11670,Mycolicibacterium_insubricum,4475,4481,6
11671,Mycolicibacterium_insubricum,4483,4486,3
11672,Mycolicibacterium_insubricum,4540,4552,12
11673,Mycolicibacterium_insubricum,4555,4564,9
11674,Mycolicibacterium_insubricum,4567,4573,6
11675,Mycolicibacterium_insubricum,4582,4585,3
11676,Mycolicibacterium_insubricum,5163,5169,6
11677,Mycolicibacterium_insubricum,5170,5179,9
11678,Mycolicibacterium_insubricum,5181,5190,9
11679,Mycolicibacterium_insubricum,5197,5199,2
11680,Mycolicibacterium_insubricum,5201,5204,3
11681,Mycolicibacterium_insubricum,5206,5214,8
11682,Mycolicibacterium_insubricum,5218,5230,12
11683,Mycolicibacterium_insubricum,5231,5241,10
11684,Mycolicibacterium_insubricum,5247,5253,6
11685,Mycolicibacterium_insubricum,5401,5402,1
11686,Mycolicibacterium_insubricum,6015,6016,1
11687,Mycolicibacterium_insubricum,6431,6467,36
11688,Mycolicibacterium_insubricum,6470,6494,24
11689,Mycolicibacterium_insubricum,7178,7254,76
11690,Mycolicibacterium_insubricum,7260,7268,8
11691,Mycolicibacterium_insubricum,7760,7763,3
11692,Mycolicibacterium_insubricum,8452,8500,48
11693,Mycolicibacterium_insubricum,8577,8578,1
11694,Mycolicibacterium_insubricum,8584,8599,15
11695,Mycolicibacterium_insubricum,8600,8604,4
11696,Mycolicibacterium_insubricum,8609,8610,1
11697,Mycolicibacterium_insubricum,8661,8662,1
11698,Mycolicibacterium_insubricum,8703,8704,1
11699,Mycolicibacterium_insubricum,8720,8721,1
11700,Mycolicibacterium_insubricum,8733,8735,2
11701,Mycolicibacterium_insubricum,8739,8742,3
11702,Mycolicibacterium_insubricum,8930,8931,1
11703,Mycolicibacterium_insubricum,8980,8982,2
11704,Mycolicibacterium_insubricum,8984,8998,14
11705,Mycolicibacterium_insubricum,9120,9121,1
11706,Mycolicibacterium_insubricum,9370,9372,2
11707,Mycolicibacterium_insubricum,9546,9547,1
11708,Mycolicibacterium_insubricum,9812,9814,2
11709,Mycolicibacterium_insubricum,9985,9986,1
11710,Mycolicibacterium_insubricum,10076,10078,2
11711,Mycolicibacterium_insubricum,10157,10158,1
11712,Mycolicibacterium_insubricum,10259,10262,3
11713,Mycolicibacterium_insubricum,10267,10268,1
11714,Mycolicibacterium_insubricum,10310,10312,2
11715,Mycolicibacterium_insubricum,10313,10315,2
11716,Mycolicibacterium_insubricum,10325,10326,1
11717,Mycolicibacterium_insubricum,10370,10371,1
11718,Mycolicibacterium_insubricum,10416,10417,1
11719,Mycolicibacterium_insubricum,10434,10435,1
11720,Mycolicibacterium_insubricum,10448,10449,1
11721,Mycolicibacterium_insubricum,10461,10462,1
11722,Mycolicibacterium_insubricum,10476,10477,1
11723,Mycolicibacterium_insubricum,10491,10492,1
11724,Mycolicibacterium_insubricum,10526,10527,1
11725,Mycolicibacterium_insubricum,10545,10649,104
11726,Mycolicibacterium_insubricum,10828,10830,2
11727,Mycolicibacterium_insubricum,10835,10836,1
11728,Mycolicibacterium_insubricum,10837,10843,6
11729,Mycolicibacterium_insubricum,10864,10865,1
11730,Mycolicibacterium_insubricum,10914,10915,1
11731,Mycolicibacterium_insubricum,10961,10968,7
11732,Mycolicibacterium_insubricum,10971,10975,4
11733,Mycolicibacterium_insubricum,11085,11086,1
11734,Mycolicibacterium_insubricum,11143,11144,1
11735,Mycolicibacterium_insubricum,11243,11244,1
11736,Mycolicibacterium_insubricum,11260,11261,1
11737,Mycolicibacterium_insubricum,11265,11267,2
11738,Mycolicibacterium_insubricum,11286,11287,1
11739,Mycolicibacterium_insubricum,11312,11313,1
11740,Mycolicibacterium_insubricum,11473,11474,1
11741,Mycolicibacterium_insubricum,11506,11511,5
11742,Mycolicibacterium_insubricum,11513,11514,1
11743,Mycolicibacterium_insubricum,11518,11539,21
11744,Mycolicibacterium_insubricum,11566,11567,1
11745,Mycolicibacterium_insubricum,11782,11783,1
11746,Mycolicibacterium_insubricum,11823,11824,1
11747,Mycolicibacterium_insubricum,11826,11827,1
11748,Mycolicibacterium_insubricum,11831,11836,5
11749,Mycolicibacterium_insubricum,11847,11852,5
11750,Mycolicibacterium_insubricum,11859,11860,1
11751,Mycolicibacterium_insubricum,11864,11866,2
11752,Mycolicibacterium_insubricum,11877,11878,1
11753,Mycolicibacterium_insubricum,11993,11994,1
11754,Mycolicibacterium_insubricum,12029,12030,1
11755,Mycolicibacterium_insubricum,12068,12069,1
11756,Mycolicibacterium_insubricum,12196,12197,1
11757,Mycolicibacterium_insubricum,12207,12208,1
11758,Mycolicibacterium_insubricum,12211,12212,1
11759,Mycolicibacterium_insubricum,12213,12214,1
11760,Mycolicibacterium_insubricum,12218,12222,4
11761,Mycolicibacterium_insubricum,12226,12227,1
11762,Mycolicibacterium_insubricum,12237,12238,1
11763,Mycolicibacterium_insubricum,12360,12369,9
11764,Mycolicibacterium_insubricum,12374,12380,6
11765,Mycolicibacterium_insubricum,12384,12400,16
11766,Mycolicibacterium_insubricum,12454,12455,1
11767,Mycolicibacterium_insubricum,12739,12740,1
11768,Mycolicibacterium_insubricum,12798,12925,127
11769,Mycolicibacterium_insubricum,13451,13452,1
11770,Mycolicibacterium_insubricum,13453,13454,1
11771,Mycolicibacterium_insubricum,13508,13509,1
11772,Mycolicibacterium_mageritense,1,10,9
11773,Mycolicibacterium_mageritense,21,39,18
11774,Mycolicibacterium_mageritense,43,46,3
11775,Mycolicibacterium_mageritense,50,109,59
11776,Mycolicibacterium_mageritense,117,132,15
11777,Mycolicibacterium_mageritense,133,136,3
11778,Mycolicibacterium_mageritense,346,349,3
11779,Mycolicibacterium_mageritense,1542,1691,149
11780,Mycolicibacterium_mageritense,3317,3361,44
11781,Mycolicibacterium_mageritense,3364,3365,1
11782,Mycolicibacterium_mageritense,3373,3374,1
11783,Mycolicibacterium_mageritense,3409,3421,12
11784,Mycolicibacterium_mageritense,3424,3478,54
11785,Mycolicibacterium_mageritense,3485,3491,6
11786,Mycolicibacterium_mageritense,3642,3645,3
11787,Mycolicibacterium_mageritense,3650,3653,3
11788,Mycolicibacterium_mageritense,3655,3667,12
11789,Mycolicibacterium_mageritense,3782,3788,6
11790,Mycolicibacterium_mageritense,4400,4406,6
11791,Mycolicibacterium_mageritense,4407,4413,6
11792,Mycolicibacterium_mageritense,4417,4426,9
11793,Mycolicibacterium_mageritense,4432,4445,13
11794,Mycolicibacterium_mageritense,4452,4455,3
11795,Mycolicibacterium_mageritense,4456,4462,6
11796,Mycolicibacterium_mageritense,4468,4474,6
11797,Mycolicibacterium_mageritense,4475,4481,6
11798,Mycolicibacterium_mageritense,4483,4486,3
11799,Mycolicibacterium_mageritense,4540,4552,12
11800,Mycolicibacterium_mageritense,4555,4564,9
11801,Mycolicibacterium_mageritense,4567,4573,6
11802,Mycolicibacterium_mageritense,4582,4585,3
11803,Mycolicibacterium_mageritense,5163,5169,6
11804,Mycolicibacterium_mageritense,5170,5179,9
11805,Mycolicibacterium_mageritense,5181,5190,9
11806,Mycolicibacterium_mageritense,5197,5199,2
11807,Mycolicibacterium_mageritense,5201,5204,3
11808,Mycolicibacterium_mageritense,5206,5214,8
11809,Mycolicibacterium_mageritense,5218,5230,12
11810,Mycolicibacterium_mageritense,5231,5241,10
11811,Mycolicibacterium_mageritense,5247,5253,6
11812,Mycolicibacterium_mageritense,5401,5402,1
11813,Mycolicibacterium_mageritense,6015,6016,1
11814,Mycolicibacterium_mageritense,6431,6452,21
11815,Mycolicibacterium_mageritense,6456,6462,6
11816,Mycolicibacterium_mageritense,6470,6494,24
11817,Mycolicibacterium_mageritense,7178,7254,76
11818,Mycolicibacterium_mageritense,7260,7268,8
11819,Mycolicibacterium_mageritense,7760,7763,3
11820,Mycolicibacterium_mageritense,8452,8500,48
11821,Mycolicibacterium_mageritense,8577,8578,1
11822,Mycolicibacterium_mageritense,8584,8599,15
11823,Mycolicibacterium_mageritense,8600,8604,4
11824,Mycolicibacterium_mageritense,8609,8610,1
11825,Mycolicibacterium_mageritense,8661,8662,1
11826,Mycolicibacterium_mageritense,8703,8705,2
11827,Mycolicibacterium_mageritense,8720,8721,1
11828,Mycolicibacterium_mageritense,8733,8736,3
11829,Mycolicibacterium_mageritense,8739,8742,3
11830,Mycolicibacterium_mageritense,8755,8756,1
11831,Mycolicibacterium_mageritense,8930,8931,1
11832,Mycolicibacterium_mageritense,8980,8982,2
11833,Mycolicibacterium_mageritense,8984,8998,14
11834,Mycolicibacterium_mageritense,9120,9121,1
11835,Mycolicibacterium_mageritense,9370,9372,2
11836,Mycolicibacterium_mageritense,9546,9547,1
11837,Mycolicibacterium_mageritense,9812,9813,1
11838,Mycolicibacterium_mageritense,9985,9986,1
11839,Mycolicibacterium_mageritense,10076,10078,2
11840,Mycolicibacterium_mageritense,10157,10158,1
11841,Mycolicibacterium_mageritense,10261,10262,1
11842,Mycolicibacterium_mageritense,10310,10312,2
11843,Mycolicibacterium_mageritense,10313,10315,2
11844,Mycolicibacterium_mageritense,10325,10326,1
11845,Mycolicibacterium_mageritense,10370,10371,1
11846,Mycolicibacterium_mageritense,10416,10417,1
11847,Mycolicibacterium_mageritense,10434,10435,1
11848,Mycolicibacterium_mageritense,10448,10449,1
11849,Mycolicibacterium_mageritense,10476,10477,1
11850,Mycolicibacterium_mageritense,10491,10492,1
11851,Mycolicibacterium_mageritense,10526,10527,1
11852,Mycolicibacterium_mageritense,10547,10649,102
11853,Mycolicibacterium_mageritense,10828,10830,2
11854,Mycolicibacterium_mageritense,10835,10843,8
11855,Mycolicibacterium_mageritense,10864,10865,1
11856,Mycolicibacterium_mageritense,10914,10915,1
11857,Mycolicibacterium_mageritense,10965,10966,1
11858,Mycolicibacterium_mageritense,10971,10975,4
11859,Mycolicibacterium_mageritense,11085,11086,1
11860,Mycolicibacterium_mageritense,11143,11144,1
11861,Mycolicibacterium_mageritense,11243,11244,1
11862,Mycolicibacterium_mageritense,11260,11261,1
11863,Mycolicibacterium_mageritense,11286,11287,1
11864,Mycolicibacterium_mageritense,11312,11313,1
11865,Mycolicibacterium_mageritense,11341,11342,1
11866,Mycolicibacterium_mageritense,11473,11474,1
11867,Mycolicibacterium_mageritense,11505,11512,7
11868,Mycolicibacterium_mageritense,11513,11514,1
11869,Mycolicibacterium_mageritense,11520,11521,1
11870,Mycolicibacterium_mageritense,11524,11539,15
11871,Mycolicibacterium_mageritense,11566,11567,1
11872,Mycolicibacterium_mageritense,11782,11783,1
11873,Mycolicibacterium_mageritense,11823,11824,1
11874,Mycolicibacterium_mageritense,11826,11827,1
11875,Mycolicibacterium_mageritense,11831,11836,5
11876,Mycolicibacterium_mageritense,11846,11850,4
11877,Mycolicibacterium_mageritense,11851,11852,1
11878,Mycolicibacterium_mageritense,11859,11860,1
11879,Mycolicibacterium_mageritense,11864,11865,1
11880,Mycolicibacterium_mageritense,11877,11878,1
11881,Mycolicibacterium_mageritense,11993,11994,1
11882,Mycolicibacterium_mageritense,12029,12030,1
11883,Mycolicibacterium_mageritense,12068,12069,1
11884,Mycolicibacterium_mageritense,12189,12193,4
11885,Mycolicibacterium_mageritense,12207,12208,1
11886,Mycolicibacterium_mageritense,12211,12212,1
11887,Mycolicibacterium_mageritense,12213,12214,1
11888,Mycolicibacterium_mageritense,12218,12222,4
11889,Mycolicibacterium_mageritense,12226,12227,1
11890,Mycolicibacterium_mageritense,12237,12238,1
11891,Mycolicibacterium_mageritense,12360,12372,12
11892,Mycolicibacterium_mageritense,12374,12375,1
11893,Mycolicibacterium_mageritense,12378,12381,3
11894,Mycolicibacterium_mageritense,12384,12390,6
11895,Mycolicibacterium_mageritense,12391,12400,9
11896,Mycolicibacterium_mageritense,12454,12455,1
11897,Mycolicibacterium_mageritense,12739,12740,1
11898,Mycolicibacterium_mageritense,12798,12925,127
11899,Mycolicibacterium_mageritense,13451,13452,1
11900,Mycolicibacterium_mageritense,13453,13454,1
11901,Mycolicibacterium_mageritense,13508,13509,1
11902,Mycobacterium_seoulense,1,10,9
11903,Mycobacterium_seoulense,21,39,18
11904,Mycobacterium_seoulense,43,46,3
11905,Mycobacterium_seoulense,53,71,18
11906,Mycobacterium_seoulense,87,107,20
11907,Mycobacterium_seoulense,117,132,15
11908,Mycobacterium_seoulense,133,136,3
11909,Mycobacterium_seoulense,346,349,3
11910,Mycobacterium_seoulense,1542,1583,41
11911,Mycobacterium_seoulense,1587,1676,89
11912,Mycobacterium_seoulense,1678,1691,13
11913,Mycobacterium_seoulense,3317,3381,64
11914,Mycobacterium_seoulense,3414,3420,6
11915,Mycobacterium_seoulense,3424,3460,36
11916,Mycobacterium_seoulense,3476,3479,3
11917,Mycobacterium_seoulense,3485,3491,6
11918,Mycobacterium_seoulense,3642,3645,3
11919,Mycobacterium_seoulense,3650,3653,3
11920,Mycobacterium_seoulense,3655,3667,12
11921,Mycobacterium_seoulense,3782,3788,6
11922,Mycobacterium_seoulense,4400,4406,6
11923,Mycobacterium_seoulense,4407,4413,6
11924,Mycobacterium_seoulense,4417,4426,9
11925,Mycobacterium_seoulense,4432,4445,13
11926,Mycobacterium_seoulense,4452,4455,3
11927,Mycobacterium_seoulense,4456,4462,6
11928,Mycobacterium_seoulense,4468,4480,12
11929,Mycobacterium_seoulense,4483,4486,3
11930,Mycobacterium_seoulense,4555,4564,9
11931,Mycobacterium_seoulense,4567,4573,6
11932,Mycobacterium_seoulense,5163,5169,6
11933,Mycobacterium_seoulense,5170,5179,9
11934,Mycobacterium_seoulense,5181,5190,9
11935,Mycobacterium_seoulense,5197,5199,2
11936,Mycobacterium_seoulense,5201,5204,3
11937,Mycobacterium_seoulense,5206,5214,8
11938,Mycobacterium_seoulense,5218,5230,12
11939,Mycobacterium_seoulense,5231,5241,10
11940,Mycobacterium_seoulense,5247,5253,6
11941,Mycobacterium_seoulense,5401,5402,1
11942,Mycobacterium_seoulense,6015,6016,1
11943,Mycobacterium_seoulense,6428,6464,36
11944,Mycobacterium_seoulense,6470,6494,24
11945,Mycobacterium_seoulense,7178,7254,76
11946,Mycobacterium_seoulense,7260,7268,8
11947,Mycobacterium_seoulense,7760,7763,3
11948,Mycobacterium_seoulense,8452,8500,48
11949,Mycobacterium_seoulense,8577,8578,1
11950,Mycobacterium_seoulense,8584,8599,15
11951,Mycobacterium_seoulense,8601,8603,2
11952,Mycobacterium_seoulense,8609,8610,1
11953,Mycobacterium_seoulense,8661,8662,1
11954,Mycobacterium_seoulense,8703,8704,1
11955,Mycobacterium_seoulense,8720,8721,1
11956,Mycobacterium_seoulense,8733,8735,2
11957,Mycobacterium_seoulense,8739,8742,3
11958,Mycobacterium_seoulense,8930,8931,1
11959,Mycobacterium_seoulense,8980,8982,2
11960,Mycobacterium_seoulense,8987,8988,1
11961,Mycobacterium_seoulense,8996,8998,2
11962,Mycobacterium_seoulense,9120,9121,1
11963,Mycobacterium_seoulense,9370,9372,2
11964,Mycobacterium_seoulense,9546,9547,1
11965,Mycobacterium_seoulense,9812,9813,1
11966,Mycobacterium_seoulense,9980,9981,1
11967,Mycobacterium_seoulense,9983,9986,3
11968,Mycobacterium_seoulense,10076,10078,2
11969,Mycobacterium_seoulense,10157,10158,1
11970,Mycobacterium_seoulense,10261,10262,1
11971,Mycobacterium_seoulense,10310,10312,2
11972,Mycobacterium_seoulense,10313,10315,2
11973,Mycobacterium_seoulense,10325,10326,1
11974,Mycobacterium_seoulense,10352,10353,1
11975,Mycobacterium_seoulense,10370,10371,1
11976,Mycobacterium_seoulense,10434,10435,1
11977,Mycobacterium_seoulense,10448,10449,1
11978,Mycobacterium_seoulense,10476,10477,1
11979,Mycobacterium_seoulense,10491,10492,1
11980,Mycobacterium_seoulense,10526,10527,1
11981,Mycobacterium_seoulense,10546,10649,103
11982,Mycobacterium_seoulense,10828,10830,2
11983,Mycobacterium_seoulense,10832,10846,14
11984,Mycobacterium_seoulense,10864,10865,1
11985,Mycobacterium_seoulense,10914,10915,1
11986,Mycobacterium_seoulense,10965,10977,12
11987,Mycobacterium_seoulense,11085,11086,1
11988,Mycobacterium_seoulense,11143,11144,1
11989,Mycobacterium_seoulense,11243,11244,1
11990,Mycobacterium_seoulense,11260,11261,1
11991,Mycobacterium_seoulense,11262,11263,1
11992,Mycobacterium_seoulense,11265,11267,2
11993,Mycobacterium_seoulense,11286,11287,1
11994,Mycobacterium_seoulense,11312,11313,1
11995,Mycobacterium_seoulense,11473,11474,1
11996,Mycobacterium_seoulense,11505,11534,29
11997,Mycobacterium_seoulense,11566,11567,1
11998,Mycobacterium_seoulense,11782,11783,1
11999,Mycobacterium_seoulense,11823,11824,1
12000,Mycobacterium_seoulense,11826,11827,1
12001,Mycobacterium_seoulense,11831,11836,5
12002,Mycobacterium_seoulense,11848,11850,2
12003,Mycobacterium_seoulense,11851,11852,1
12004,Mycobacterium_seoulense,11859,11860,1
12005,Mycobacterium_seoulense,11864,11866,2
12006,Mycobacterium_seoulense,11877,11878,1
12007,Mycobacterium_seoulense,11993,11994,1
12008,Mycobacterium_seoulense,12029,12030,1
12009,Mycobacterium_seoulense,12068,12069,1
12010,Mycobacterium_seoulense,12207,12208,1
12011,Mycobacterium_seoulense,12211,12212,1
12012,Mycobacterium_seoulense,12213,12214,1
12013,Mycobacterium_seoulense,12218,12222,4
12014,Mycobacterium_seoulense,12225,12227,2
12015,Mycobacterium_seoulense,12237,12238,1
12016,Mycobacterium_seoulense,12360,12369,9
12017,Mycobacterium_seoulense,12371,12380,9
12018,Mycobacterium_seoulense,12384,12390,6
12019,Mycobacterium_seoulense,12391,12400,9
12020,Mycobacterium_seoulense,12454,12455,1
12021,Mycobacterium_seoulense,12738,12740,2
12022,Mycobacterium_seoulense,12798,12925,127
12023,Mycobacterium_seoulense,13451,13452,1
12024,Mycobacterium_seoulense,13453,13454,1
12025,Mycobacterium_seoulense,13508,13509,1
12026,Mycobacterium_lacus,1,10,9
12027,Mycobacterium_lacus,21,39,18
12028,Mycobacterium_lacus,43,46,3
12029,Mycobacterium_lacus,53,71,18
12030,Mycobacterium_lacus,87,107,20
12031,Mycobacterium_lacus,117,132,15
12032,Mycobacterium_lacus,133,136,3
12033,Mycobacterium_lacus,346,349,3
12034,Mycobacterium_lacus,1542,1691,149
12035,Mycobacterium_lacus,3284,3287,3
12036,Mycobacterium_lacus,3317,3381,64
12037,Mycobacterium_lacus,3424,3460,36
12038,Mycobacterium_lacus,3473,3479,6
12039,Mycobacterium_lacus,3485,3491,6
12040,Mycobacterium_lacus,3642,3645,3
12041,Mycobacterium_lacus,3650,3653,3
12042,Mycobacterium_lacus,3655,3667,12
12043,Mycobacterium_lacus,3782,3788,6
12044,Mycobacterium_lacus,4400,4406,6
12045,Mycobacterium_lacus,4407,4413,6
12046,Mycobacterium_lacus,4417,4426,9
12047,Mycobacterium_lacus,4432,4445,13
12048,Mycobacterium_lacus,4452,4455,3
12049,Mycobacterium_lacus,4456,4462,6
12050,Mycobacterium_lacus,4468,4480,12
12051,Mycobacterium_lacus,4483,4486,3
12052,Mycobacterium_lacus,4540,4552,12
12053,Mycobacterium_lacus,4555,4564,9
12054,Mycobacterium_lacus,4567,4573,6
12055,Mycobacterium_lacus,4581,4584,3
12056,Mycobacterium_lacus,5163,5169,6
12057,Mycobacterium_lacus,5170,5179,9
12058,Mycobacterium_lacus,5181,5190,9
12059,Mycobacterium_lacus,5197,5199,2
12060,Mycobacterium_lacus,5201,5204,3
12061,Mycobacterium_lacus,5206,5214,8
12062,Mycobacterium_lacus,5218,5230,12
12063,Mycobacterium_lacus,5231,5241,10
12064,Mycobacterium_lacus,5247,5253,6
12065,Mycobacterium_lacus,5401,5402,1
12066,Mycobacterium_lacus,6015,6016,1
12067,Mycobacterium_lacus,6431,6452,21
12068,Mycobacterium_lacus,6456,6462,6
12069,Mycobacterium_lacus,6470,6494,24
12070,Mycobacterium_lacus,7178,7254,76
12071,Mycobacterium_lacus,7260,7268,8
12072,Mycobacterium_lacus,7760,7763,3
12073,Mycobacterium_lacus,8452,8500,48
12074,Mycobacterium_lacus,8577,8578,1
12075,Mycobacterium_lacus,8584,8599,15
12076,Mycobacterium_lacus,8601,8603,2
12077,Mycobacterium_lacus,8609,8610,1
12078,Mycobacterium_lacus,8661,8662,1
12079,Mycobacterium_lacus,8703,8704,1
12080,Mycobacterium_lacus,8720,8721,1
12081,Mycobacterium_lacus,8733,8735,2
12082,Mycobacterium_lacus,8739,8742,3
12083,Mycobacterium_lacus,8930,8931,1
12084,Mycobacterium_lacus,8980,8982,2
12085,Mycobacterium_lacus,8996,8998,2
12086,Mycobacterium_lacus,9120,9121,1
12087,Mycobacterium_lacus,9370,9372,2
12088,Mycobacterium_lacus,9546,9547,1
12089,Mycobacterium_lacus,9812,9813,1
12090,Mycobacterium_lacus,9983,9986,3
12091,Mycobacterium_lacus,10076,10078,2
12092,Mycobacterium_lacus,10157,10158,1
12093,Mycobacterium_lacus,10261,10262,1
12094,Mycobacterium_lacus,10310,10312,2
12095,Mycobacterium_lacus,10313,10315,2
12096,Mycobacterium_lacus,10325,10326,1
12097,Mycobacterium_lacus,10370,10371,1
12098,Mycobacterium_lacus,10434,10435,1
12099,Mycobacterium_lacus,10448,10449,1
12100,Mycobacterium_lacus,10476,10477,1
12101,Mycobacterium_lacus,10491,10492,1
12102,Mycobacterium_lacus,10526,10527,1
12103,Mycobacterium_lacus,10546,10649,103
12104,Mycobacterium_lacus,10828,10830,2
12105,Mycobacterium_lacus,10864,10865,1
12106,Mycobacterium_lacus,10914,10915,1
12107,Mycobacterium_lacus,10958,10967,9
12108,Mycobacterium_lacus,10971,10972,1
12109,Mycobacterium_lacus,10976,10977,1
12110,Mycobacterium_lacus,11085,11086,1
12111,Mycobacterium_lacus,11143,11144,1
12112,Mycobacterium_lacus,11243,11244,1
12113,Mycobacterium_lacus,11260,11261,1
12114,Mycobacterium_lacus,11262,11263,1
12115,Mycobacterium_lacus,11265,11267,2
12116,Mycobacterium_lacus,11286,11287,1
12117,Mycobacterium_lacus,11312,11313,1
12118,Mycobacterium_lacus,11473,11474,1
12119,Mycobacterium_lacus,11505,11511,6
12120,Mycobacterium_lacus,11513,11514,1
12121,Mycobacterium_lacus,11520,11521,1
12122,Mycobacterium_lacus,11523,11534,11
12123,Mycobacterium_lacus,11566,11567,1
12124,Mycobacterium_lacus,11590,11591,1
12125,Mycobacterium_lacus,11782,11783,1
12126,Mycobacterium_lacus,11823,11824,1
12127,Mycobacterium_lacus,11826,11827,1
12128,Mycobacterium_lacus,11831,11836,5
12129,Mycobacterium_lacus,11848,11850,2
12130,Mycobacterium_lacus,11851,11852,1
12131,Mycobacterium_lacus,11859,11860,1
12132,Mycobacterium_lacus,11864,11866,2
12133,Mycobacterium_lacus,11877,11878,1
12134,Mycobacterium_lacus,11993,11994,1
12135,Mycobacterium_lacus,12029,12030,1
12136,Mycobacterium_lacus,12068,12069,1
12137,Mycobacterium_lacus,12207,12208,1
12138,Mycobacterium_lacus,12211,12212,1
12139,Mycobacterium_lacus,12213,12214,1
12140,Mycobacterium_lacus,12218,12222,4
12141,Mycobacterium_lacus,12225,12227,2
12142,Mycobacterium_lacus,12237,12238,1
12143,Mycobacterium_lacus,12360,12369,9
12144,Mycobacterium_lacus,12371,12372,1
12145,Mycobacterium_lacus,12374,12380,6
12146,Mycobacterium_lacus,12384,12390,6
12147,Mycobacterium_lacus,12391,12400,9
12148,Mycobacterium_lacus,12454,12455,1
12149,Mycobacterium_lacus,12739,12740,1
12150,Mycobacterium_lacus,12798,12925,127
12151,Mycobacterium_lacus,13451,13452,1
12152,Mycobacterium_lacus,13453,13454,1
12153,Mycobacterium_lacus,13508,13509,1
12154,Mycobacterium_cookii,1,10,9
12155,Mycobacterium_cookii,21,39,18
12156,Mycobacterium_cookii,43,46,3
12157,Mycobacterium_cookii,53,71,18
12158,Mycobacterium_cookii,89,100,11
12159,Mycobacterium_cookii,117,132,15
12160,Mycobacterium_cookii,133,136,3
12161,Mycobacterium_cookii,346,349,3
12162,Mycobacterium_cookii,1542,1691,149
12163,Mycobacterium_cookii,3317,3381,64
12164,Mycobacterium_cookii,3414,3420,6
12165,Mycobacterium_cookii,3425,3449,24
12166,Mycobacterium_cookii,3455,3479,24
12167,Mycobacterium_cookii,3642,3645,3
12168,Mycobacterium_cookii,3650,3653,3
12169,Mycobacterium_cookii,3655,3667,12
12170,Mycobacterium_cookii,3782,3788,6
12171,Mycobacterium_cookii,4400,4406,6
12172,Mycobacterium_cookii,4407,4413,6
12173,Mycobacterium_cookii,4420,4445,25
12174,Mycobacterium_cookii,4452,4455,3
12175,Mycobacterium_cookii,4456,4462,6
12176,Mycobacterium_cookii,4468,4474,6
12177,Mycobacterium_cookii,4483,4486,3
12178,Mycobacterium_cookii,4540,4552,12
12179,Mycobacterium_cookii,4555,4564,9
12180,Mycobacterium_cookii,4567,4573,6
12181,Mycobacterium_cookii,4581,4584,3
12182,Mycobacterium_cookii,5163,5169,6
12183,Mycobacterium_cookii,5170,5179,9
12184,Mycobacterium_cookii,5181,5190,9
12185,Mycobacterium_cookii,5197,5199,2
12186,Mycobacterium_cookii,5201,5204,3
12187,Mycobacterium_cookii,5206,5214,8
12188,Mycobacterium_cookii,5218,5230,12
12189,Mycobacterium_cookii,5231,5241,10
12190,Mycobacterium_cookii,5247,5253,6
12191,Mycobacterium_cookii,5401,5402,1
12192,Mycobacterium_cookii,6015,6016,1
12193,Mycobacterium_cookii,6431,6452,21
12194,Mycobacterium_cookii,6456,6462,6
12195,Mycobacterium_cookii,6470,6494,24
12196,Mycobacterium_cookii,7178,7254,76
12197,Mycobacterium_cookii,7260,7268,8
12198,Mycobacterium_cookii,7760,7763,3
12199,Mycobacterium_cookii,8452,8500,48
12200,Mycobacterium_cookii,8577,8578,1
12201,Mycobacterium_cookii,8584,8599,15
12202,Mycobacterium_cookii,8601,8603,2
12203,Mycobacterium_cookii,8609,8610,1
12204,Mycobacterium_cookii,8661,8662,1
12205,Mycobacterium_cookii,8703,8704,1
12206,Mycobacterium_cookii,8720,8721,1
12207,Mycobacterium_cookii,8733,8735,2
12208,Mycobacterium_cookii,8739,8742,3
12209,Mycobacterium_cookii,8930,8931,1
12210,Mycobacterium_cookii,8981,8982,1
12211,Mycobacterium_cookii,8996,8997,1
12212,Mycobacterium_cookii,9120,9121,1
12213,Mycobacterium_cookii,9370,9372,2
12214,Mycobacterium_cookii,9546,9547,1
12215,Mycobacterium_cookii,9812,9814,2
12216,Mycobacterium_cookii,9983,9986,3
12217,Mycobacterium_cookii,10076,10078,2
12218,Mycobacterium_cookii,10157,10158,1
12219,Mycobacterium_cookii,10261,10262,1
12220,Mycobacterium_cookii,10310,10312,2
12221,Mycobacterium_cookii,10313,10315,2
12222,Mycobacterium_cookii,10325,10326,1
12223,Mycobacterium_cookii,10370,10371,1
12224,Mycobacterium_cookii,10416,10417,1
12225,Mycobacterium_cookii,10434,10435,1
12226,Mycobacterium_cookii,10448,10454,6
12227,Mycobacterium_cookii,10461,10462,1
12228,Mycobacterium_cookii,10476,10477,1
12229,Mycobacterium_cookii,10491,10492,1
12230,Mycobacterium_cookii,10526,10527,1
12231,Mycobacterium_cookii,10546,10649,103
12232,Mycobacterium_cookii,10828,10830,2
12233,Mycobacterium_cookii,10835,10843,8
12234,Mycobacterium_cookii,10864,10865,1
12235,Mycobacterium_cookii,10914,10915,1
12236,Mycobacterium_cookii,10965,10974,9
12237,Mycobacterium_cookii,11085,11086,1
12238,Mycobacterium_cookii,11143,11144,1
12239,Mycobacterium_cookii,11243,11244,1
12240,Mycobacterium_cookii,11260,11261,1
12241,Mycobacterium_cookii,11265,11267,2
12242,Mycobacterium_cookii,11286,11287,1
12243,Mycobacterium_cookii,11312,11313,1
12244,Mycobacterium_cookii,11473,11474,1
12245,Mycobacterium_cookii,11505,11512,7
12246,Mycobacterium_cookii,11513,11514,1
12247,Mycobacterium_cookii,11520,11521,1
12248,Mycobacterium_cookii,11524,11539,15
12249,Mycobacterium_cookii,11566,11567,1
12250,Mycobacterium_cookii,11782,11783,1
12251,Mycobacterium_cookii,11823,11824,1
12252,Mycobacterium_cookii,11826,11827,1
12253,Mycobacterium_cookii,11831,11836,5
12254,Mycobacterium_cookii,11846,11850,4
12255,Mycobacterium_cookii,11851,11852,1
12256,Mycobacterium_cookii,11864,11866,2
12257,Mycobacterium_cookii,11877,11878,1
12258,Mycobacterium_cookii,12029,12030,1
12259,Mycobacterium_cookii,12068,12069,1
12260,Mycobacterium_cookii,12207,12208,1
12261,Mycobacterium_cookii,12211,12212,1
12262,Mycobacterium_cookii,12213,12214,1
12263,Mycobacterium_cookii,12218,12222,4
12264,Mycobacterium_cookii,12226,12227,1
12265,Mycobacterium_cookii,12237,12238,1
12266,Mycobacterium_cookii,12360,12369,9
12267,Mycobacterium_cookii,12371,12372,1
12268,Mycobacterium_cookii,12374,12375,1
12269,Mycobacterium_cookii,12377,12382,5
12270,Mycobacterium_cookii,12384,12390,6
12271,Mycobacterium_cookii,12391,12400,9
12272,Mycobacterium_cookii,12454,12455,1
12273,Mycobacterium_cookii,12739,12740,1
12274,Mycobacterium_cookii,12798,12925,127
12275,Mycobacterium_cookii,13453,13454,1
12276,Mycobacterium_cookii,13508,13509,1
12277,Mycolicibacterium_doricum,1,10,9
12278,Mycolicibacterium_doricum,21,39,18
12279,Mycolicibacterium_doricum,43,46,3
12280,Mycolicibacterium_doricum,57,72,15
12281,Mycolicibacterium_doricum,84,107,23
12282,Mycolicibacterium_doricum,117,132,15
12283,Mycolicibacterium_doricum,133,136,3
12284,Mycolicibacterium_doricum,346,349,3
12285,Mycolicibacterium_doricum,1542,1545,3
12286,Mycolicibacterium_doricum,1552,1555,3
12287,Mycolicibacterium_doricum,1582,1590,8
12288,Mycolicibacterium_doricum,1595,1604,9
12289,Mycolicibacterium_doricum,1629,1650,21
12290,Mycolicibacterium_doricum,1664,1676,12
12291,Mycolicibacterium_doricum,3317,3361,44
12292,Mycolicibacterium_doricum,3364,3365,1
12293,Mycolicibacterium_doricum,3373,3374,1
12294,Mycolicibacterium_doricum,3409,3421,12
12295,Mycolicibacterium_doricum,3424,3478,54
12296,Mycolicibacterium_doricum,3485,3491,6
12297,Mycolicibacterium_doricum,3642,3645,3
12298,Mycolicibacterium_doricum,3650,3653,3
12299,Mycolicibacterium_doricum,3655,3667,12
12300,Mycolicibacterium_doricum,3782,3788,6
12301,Mycolicibacterium_doricum,4400,4406,6
12302,Mycolicibacterium_doricum,4407,4413,6
12303,Mycolicibacterium_doricum,4417,4426,9
12304,Mycolicibacterium_doricum,4432,4445,13
12305,Mycolicibacterium_doricum,4452,4455,3
12306,Mycolicibacterium_doricum,4456,4462,6
12307,Mycolicibacterium_doricum,4468,4474,6
12308,Mycolicibacterium_doricum,4475,4481,6
12309,Mycolicibacterium_doricum,4483,4486,3
12310,Mycolicibacterium_doricum,4540,4552,12
12311,Mycolicibacterium_doricum,4555,4564,9
12312,Mycolicibacterium_doricum,4567,4573,6
12313,Mycolicibacterium_doricum,4582,4585,3
12314,Mycolicibacterium_doricum,5163,5169,6
12315,Mycolicibacterium_doricum,5170,5179,9
12316,Mycolicibacterium_doricum,5181,5190,9
12317,Mycolicibacterium_doricum,5197,5199,2
12318,Mycolicibacterium_doricum,5201,5204,3
12319,Mycolicibacterium_doricum,5206,5214,8
12320,Mycolicibacterium_doricum,5218,5230,12
12321,Mycolicibacterium_doricum,5231,5241,10
12322,Mycolicibacterium_doricum,5247,5253,6
12323,Mycolicibacterium_doricum,5401,5402,1
12324,Mycolicibacterium_doricum,6015,6016,1
12325,Mycolicibacterium_doricum,6431,6452,21
12326,Mycolicibacterium_doricum,6456,6462,6
12327,Mycolicibacterium_doricum,6470,6473,3
12328,Mycolicibacterium_doricum,7178,7254,76
12329,Mycolicibacterium_doricum,7260,7268,8
12330,Mycolicibacterium_doricum,7760,7763,3
12331,Mycolicibacterium_doricum,8452,8500,48
12332,Mycolicibacterium_doricum,8577,8578,1
12333,Mycolicibacterium_doricum,8584,8599,15
12334,Mycolicibacterium_doricum,8600,8604,4
12335,Mycolicibacterium_doricum,8609,8610,1
12336,Mycolicibacterium_doricum,8661,8662,1
12337,Mycolicibacterium_doricum,8733,8735,2
12338,Mycolicibacterium_doricum,8739,8742,3
12339,Mycolicibacterium_doricum,8930,8931,1
12340,Mycolicibacterium_doricum,8980,8982,2
12341,Mycolicibacterium_doricum,8984,8998,14
12342,Mycolicibacterium_doricum,9120,9121,1
12343,Mycolicibacterium_doricum,9370,9372,2
12344,Mycolicibacterium_doricum,9546,9547,1
12345,Mycolicibacterium_doricum,9812,9813,1
12346,Mycolicibacterium_doricum,9914,9915,1
12347,Mycolicibacterium_doricum,9985,9986,1
12348,Mycolicibacterium_doricum,9990,9992,2
12349,Mycolicibacterium_doricum,10076,10078,2
12350,Mycolicibacterium_doricum,10157,10158,1
12351,Mycolicibacterium_doricum,10261,10262,1
12352,Mycolicibacterium_doricum,10310,10312,2
12353,Mycolicibacterium_doricum,10313,10315,2
12354,Mycolicibacterium_doricum,10325,10326,1
12355,Mycolicibacterium_doricum,10370,10371,1
12356,Mycolicibacterium_doricum,10434,10435,1
12357,Mycolicibacterium_doricum,10448,10449,1
12358,Mycolicibacterium_doricum,10461,10462,1
12359,Mycolicibacterium_doricum,10476,10477,1
12360,Mycolicibacterium_doricum,10491,10492,1
12361,Mycolicibacterium_doricum,10526,10527,1
12362,Mycolicibacterium_doricum,10545,10649,104
12363,Mycolicibacterium_doricum,10828,10830,2
12364,Mycolicibacterium_doricum,10837,10843,6
12365,Mycolicibacterium_doricum,10864,10865,1
12366,Mycolicibacterium_doricum,10914,10915,1
12367,Mycolicibacterium_doricum,10965,10966,1
12368,Mycolicibacterium_doricum,10971,10975,4
12369,Mycolicibacterium_doricum,11085,11086,1
12370,Mycolicibacterium_doricum,11143,11144,1
12371,Mycolicibacterium_doricum,11243,11244,1
12372,Mycolicibacterium_doricum,11260,11261,1
12373,Mycolicibacterium_doricum,11265,11267,2
12374,Mycolicibacterium_doricum,11286,11287,1
12375,Mycolicibacterium_doricum,11312,11313,1
12376,Mycolicibacterium_doricum,11473,11474,1
12377,Mycolicibacterium_doricum,11505,11512,7
12378,Mycolicibacterium_doricum,11513,11514,1
12379,Mycolicibacterium_doricum,11518,11519,1
12380,Mycolicibacterium_doricum,11520,11521,1
12381,Mycolicibacterium_doricum,11524,11535,11
12382,Mycolicibacterium_doricum,11566,11567,1
12383,Mycolicibacterium_doricum,11782,11783,1
12384,Mycolicibacterium_doricum,11823,11824,1
12385,Mycolicibacterium_doricum,11826,11827,1
12386,Mycolicibacterium_doricum,11831,11836,5
12387,Mycolicibacterium_doricum,11846,11852,6
12388,Mycolicibacterium_doricum,11864,11865,1
12389,Mycolicibacterium_doricum,11877,11878,1
12390,Mycolicibacterium_doricum,11993,11994,1
12391,Mycolicibacterium_doricum,12029,12030,1
12392,Mycolicibacterium_doricum,12068,12069,1
12393,Mycolicibacterium_doricum,12211,12212,1
12394,Mycolicibacterium_doricum,12213,12214,1
12395,Mycolicibacterium_doricum,12218,12222,4
12396,Mycolicibacterium_doricum,12226,12227,1
12397,Mycolicibacterium_doricum,12237,12238,1
12398,Mycolicibacterium_doricum,12275,12276,1
12399,Mycolicibacterium_doricum,12328,12329,1
12400,Mycolicibacterium_doricum,12360,12369,9
12401,Mycolicibacterium_doricum,12371,12372,1
12402,Mycolicibacterium_doricum,12374,12375,1
12403,Mycolicibacterium_doricum,12377,12382,5
12404,Mycolicibacterium_doricum,12384,12390,6
12405,Mycolicibacterium_doricum,12391,12400,9
12406,Mycolicibacterium_doricum,12454,12455,1
12407,Mycolicibacterium_doricum,12739,12740,1
12408,Mycolicibacterium_doricum,12798,12925,127
12409,Mycolicibacterium_doricum,13451,13452,1
12410,Mycolicibacterium_doricum,13453,13454,1
12411,Mycolicibacterium_doricum,13508,13509,1
12412,Mycolicibacterium_poriferae,1,10,9
12413,Mycolicibacterium_poriferae,21,39,18
12414,Mycolicibacterium_poriferae,43,46,3
12415,Mycolicibacterium_poriferae,51,107,56
12416,Mycolicibacterium_poriferae,117,132,15
12417,Mycolicibacterium_poriferae,133,136,3
12418,Mycolicibacterium_poriferae,346,349,3
12419,Mycolicibacterium_poriferae,1542,1691,149
12420,Mycolicibacterium_poriferae,3317,3361,44
12421,Mycolicibacterium_poriferae,3364,3365,1
12422,Mycolicibacterium_poriferae,3373,3374,1
12423,Mycolicibacterium_poriferae,3409,3478,69
12424,Mycolicibacterium_poriferae,3485,3491,6
12425,Mycolicibacterium_poriferae,3642,3645,3
12426,Mycolicibacterium_poriferae,3650,3653,3
12427,Mycolicibacterium_poriferae,3655,3667,12
12428,Mycolicibacterium_poriferae,3782,3788,6
12429,Mycolicibacterium_poriferae,4400,4406,6
12430,Mycolicibacterium_poriferae,4407,4413,6
12431,Mycolicibacterium_poriferae,4417,4426,9
12432,Mycolicibacterium_poriferae,4432,4445,13
12433,Mycolicibacterium_poriferae,4452,4455,3
12434,Mycolicibacterium_poriferae,4456,4462,6
12435,Mycolicibacterium_poriferae,4468,4474,6
12436,Mycolicibacterium_poriferae,4475,4481,6
12437,Mycolicibacterium_poriferae,4483,4486,3
12438,Mycolicibacterium_poriferae,4540,4552,12
12439,Mycolicibacterium_poriferae,4555,4564,9
12440,Mycolicibacterium_poriferae,4567,4573,6
12441,Mycolicibacterium_poriferae,4582,4585,3
12442,Mycolicibacterium_poriferae,5163,5169,6
12443,Mycolicibacterium_poriferae,5170,5179,9
12444,Mycolicibacterium_poriferae,5181,5190,9
12445,Mycolicibacterium_poriferae,5197,5199,2
12446,Mycolicibacterium_poriferae,5206,5214,8
12447,Mycolicibacterium_poriferae,5218,5230,12
12448,Mycolicibacterium_poriferae,5231,5241,10
12449,Mycolicibacterium_poriferae,5247,5253,6
12450,Mycolicibacterium_poriferae,5401,5402,1
12451,Mycolicibacterium_poriferae,6015,6016,1
12452,Mycolicibacterium_poriferae,6431,6452,21
12453,Mycolicibacterium_poriferae,6456,6462,6
12454,Mycolicibacterium_poriferae,6470,6473,3
12455,Mycolicibacterium_poriferae,6478,6487,9
12456,Mycolicibacterium_poriferae,7178,7254,76
12457,Mycolicibacterium_poriferae,7260,7268,8
12458,Mycolicibacterium_poriferae,7760,7763,3
12459,Mycolicibacterium_poriferae,8452,8500,48
12460,Mycolicibacterium_poriferae,8577,8578,1
12461,Mycolicibacterium_poriferae,8584,8599,15
12462,Mycolicibacterium_poriferae,8601,8603,2
12463,Mycolicibacterium_poriferae,8609,8610,1
12464,Mycolicibacterium_poriferae,8661,8662,1
12465,Mycolicibacterium_poriferae,8703,8704,1
12466,Mycolicibacterium_poriferae,8720,8721,1
12467,Mycolicibacterium_poriferae,8733,8735,2
12468,Mycolicibacterium_poriferae,8739,8742,3
12469,Mycolicibacterium_poriferae,8930,8931,1
12470,Mycolicibacterium_poriferae,8980,8982,2
12471,Mycolicibacterium_poriferae,8984,8998,14
12472,Mycolicibacterium_poriferae,9120,9121,1
12473,Mycolicibacterium_poriferae,9370,9372,2
12474,Mycolicibacterium_poriferae,9546,9547,1
12475,Mycolicibacterium_poriferae,9812,9813,1
12476,Mycolicibacterium_poriferae,9983,9986,3
12477,Mycolicibacterium_poriferae,10076,10078,2
12478,Mycolicibacterium_poriferae,10157,10158,1
12479,Mycolicibacterium_poriferae,10261,10262,1
12480,Mycolicibacterium_poriferae,10311,10312,1
12481,Mycolicibacterium_poriferae,10313,10315,2
12482,Mycolicibacterium_poriferae,10325,10326,1
12483,Mycolicibacterium_poriferae,10370,10371,1
12484,Mycolicibacterium_poriferae,10416,10417,1
12485,Mycolicibacterium_poriferae,10434,10435,1
12486,Mycolicibacterium_poriferae,10448,10449,1
12487,Mycolicibacterium_poriferae,10461,10462,1
12488,Mycolicibacterium_poriferae,10476,10477,1
12489,Mycolicibacterium_poriferae,10491,10492,1
12490,Mycolicibacterium_poriferae,10526,10527,1
12491,Mycolicibacterium_poriferae,10546,10649,103
12492,Mycolicibacterium_poriferae,10828,10831,3
12493,Mycolicibacterium_poriferae,10835,10836,1
12494,Mycolicibacterium_poriferae,10837,10843,6
12495,Mycolicibacterium_poriferae,10845,10846,1
12496,Mycolicibacterium_poriferae,10864,10865,1
12497,Mycolicibacterium_poriferae,10914,10915,1
12498,Mycolicibacterium_poriferae,10965,10966,1
12499,Mycolicibacterium_poriferae,10971,10975,4
12500,Mycolicibacterium_poriferae,11085,11086,1
12501,Mycolicibacterium_poriferae,11143,11144,1
12502,Mycolicibacterium_poriferae,11243,11244,1
12503,Mycolicibacterium_poriferae,11260,11261,1
12504,Mycolicibacterium_poriferae,11265,11267,2
12505,Mycolicibacterium_poriferae,11286,11287,1
12506,Mycolicibacterium_poriferae,11312,11313,1
12507,Mycolicibacterium_poriferae,11473,11474,1
12508,Mycolicibacterium_poriferae,11505,11512,7
12509,Mycolicibacterium_poriferae,11513,11514,1
12510,Mycolicibacterium_poriferae,11520,11521,1
12511,Mycolicibacterium_poriferae,11523,11537,14
12512,Mycolicibacterium_poriferae,11566,11567,1
12513,Mycolicibacterium_poriferae,11782,11783,1
12514,Mycolicibacterium_poriferae,11823,11824,1
12515,Mycolicibacterium_poriferae,11826,11827,1
12516,Mycolicibacterium_poriferae,11831,11836,5
12517,Mycolicibacterium_poriferae,11846,11850,4
12518,Mycolicibacterium_poriferae,11851,11852,1
12519,Mycolicibacterium_poriferae,11859,11860,1
12520,Mycolicibacterium_poriferae,11864,11866,2
12521,Mycolicibacterium_poriferae,11877,11878,1
12522,Mycolicibacterium_poriferae,11993,11994,1
12523,Mycolicibacterium_poriferae,12029,12030,1
12524,Mycolicibacterium_poriferae,12068,12069,1
12525,Mycolicibacterium_poriferae,12207,12208,1
12526,Mycolicibacterium_poriferae,12211,12212,1
12527,Mycolicibacterium_poriferae,12213,12214,1
12528,Mycolicibacterium_poriferae,12218,12222,4
12529,Mycolicibacterium_poriferae,12226,12227,1
12530,Mycolicibacterium_poriferae,12229,12230,1
12531,Mycolicibacterium_poriferae,12237,12238,1
12532,Mycolicibacterium_poriferae,12360,12369,9
12533,Mycolicibacterium_poriferae,12371,12372,1
12534,Mycolicibacterium_poriferae,12374,12375,1
12535,Mycolicibacterium_poriferae,12377,12382,5
12536,Mycolicibacterium_poriferae,12384,12390,6
12537,Mycolicibacterium_poriferae,12391,12400,9
12538,Mycolicibacterium_poriferae,12454,12455,1
12539,Mycolicibacterium_poriferae,12739,12740,1
12540,Mycolicibacterium_poriferae,12798,12925,127
12541,Mycolicibacterium_poriferae,13069,13070,1
12542,Mycolicibacterium_poriferae,13451,13452,1
12543,Mycolicibacterium_poriferae,13453,13454,1
12544,Mycolicibacterium_poriferae,13508,13509,1
12545,Mycobacterium_branderi,1,10,9
12546,Mycobacterium_branderi,19,40,21
12547,Mycobacterium_branderi,43,46,3
12548,Mycobacterium_branderi,53,71,18
12549,Mycobacterium_branderi,89,100,11
12550,Mycobacterium_branderi,117,132,15
12551,Mycobacterium_branderi,133,136,3
12552,Mycobacterium_branderi,346,349,3
12553,Mycobacterium_branderi,1542,1557,15
12554,Mycobacterium_branderi,1572,1604,32
12555,Mycobacterium_branderi,1614,1644,30
12556,Mycobacterium_branderi,3284,3287,3
12557,Mycobacterium_branderi,3317,3361,44
12558,Mycobacterium_branderi,3364,3365,1
12559,Mycobacterium_branderi,3373,3374,1
12560,Mycobacterium_branderi,3414,3477,63
12561,Mycobacterium_branderi,3485,3491,6
12562,Mycobacterium_branderi,3642,3645,3
12563,Mycobacterium_branderi,3650,3653,3
12564,Mycobacterium_branderi,3655,3667,12
12565,Mycobacterium_branderi,3782,3788,6
12566,Mycobacterium_branderi,4400,4406,6
12567,Mycobacterium_branderi,4407,4413,6
12568,Mycobacterium_branderi,4417,4426,9
12569,Mycobacterium_branderi,4432,4445,13
12570,Mycobacterium_branderi,4452,4455,3
12571,Mycobacterium_branderi,4456,4462,6
12572,Mycobacterium_branderi,4468,4480,12
12573,Mycobacterium_branderi,4483,4486,3
12574,Mycobacterium_branderi,4540,4552,12
12575,Mycobacterium_branderi,4555,4564,9
12576,Mycobacterium_branderi,4567,4573,6
12577,Mycobacterium_branderi,4581,4584,3
12578,Mycobacterium_branderi,5163,5169,6
12579,Mycobacterium_branderi,5170,5179,9
12580,Mycobacterium_branderi,5181,5190,9
12581,Mycobacterium_branderi,5197,5199,2
12582,Mycobacterium_branderi,5201,5204,3
12583,Mycobacterium_branderi,5206,5214,8
12584,Mycobacterium_branderi,5218,5230,12
12585,Mycobacterium_branderi,5231,5241,10
12586,Mycobacterium_branderi,5247,5253,6
12587,Mycobacterium_branderi,5401,5402,1
12588,Mycobacterium_branderi,6015,6016,1
12589,Mycobacterium_branderi,6431,6467,36
12590,Mycobacterium_branderi,6470,6494,24
12591,Mycobacterium_branderi,7178,7254,76
12592,Mycobacterium_branderi,7260,7268,8
12593,Mycobacterium_branderi,7760,7763,3
12594,Mycobacterium_branderi,8452,8500,48
12595,Mycobacterium_branderi,8577,8578,1
12596,Mycobacterium_branderi,8584,8599,15
12597,Mycobacterium_branderi,8601,8603,2
12598,Mycobacterium_branderi,8609,8610,1
12599,Mycobacterium_branderi,8661,8662,1
12600,Mycobacterium_branderi,8703,8704,1
12601,Mycobacterium_branderi,8720,8721,1
12602,Mycobacterium_branderi,8739,8742,3
12603,Mycobacterium_branderi,8930,8931,1
12604,Mycobacterium_branderi,8981,8982,1
12605,Mycobacterium_branderi,8996,8998,2
12606,Mycobacterium_branderi,9120,9121,1
12607,Mycobacterium_branderi,9370,9372,2
12608,Mycobacterium_branderi,9546,9547,1
12609,Mycobacterium_branderi,9812,9813,1
12610,Mycobacterium_branderi,9984,9986,2
12611,Mycobacterium_branderi,10076,10078,2
12612,Mycobacterium_branderi,10157,10158,1
12613,Mycobacterium_branderi,10261,10262,1
12614,Mycobacterium_branderi,10310,10312,2
12615,Mycobacterium_branderi,10313,10315,2
12616,Mycobacterium_branderi,10325,10326,1
12617,Mycobacterium_branderi,10370,10371,1
12618,Mycobacterium_branderi,10434,10435,1
12619,Mycobacterium_branderi,10448,10449,1
12620,Mycobacterium_branderi,10461,10462,1
12621,Mycobacterium_branderi,10476,10477,1
12622,Mycobacterium_branderi,10491,10492,1
12623,Mycobacterium_branderi,10526,10527,1
12624,Mycobacterium_branderi,10546,10649,103
12625,Mycobacterium_branderi,10828,10844,16
12626,Mycobacterium_branderi,10864,10865,1
12627,Mycobacterium_branderi,10959,10961,2
12628,Mycobacterium_branderi,10965,10966,1
12629,Mycobacterium_branderi,10971,10975,4
12630,Mycobacterium_branderi,11085,11086,1
12631,Mycobacterium_branderi,11143,11144,1
12632,Mycobacterium_branderi,11243,11244,1
12633,Mycobacterium_branderi,11259,11261,2
12634,Mycobacterium_branderi,11265,11267,2
12635,Mycobacterium_branderi,11286,11287,1
12636,Mycobacterium_branderi,11312,11313,1
12637,Mycobacterium_branderi,11473,11474,1
12638,Mycobacterium_branderi,11505,11512,7
12639,Mycobacterium_branderi,11513,11514,1
12640,Mycobacterium_branderi,11520,11533,13
12641,Mycobacterium_branderi,11566,11567,1
12642,Mycobacterium_branderi,11782,11783,1
12643,Mycobacterium_branderi,11823,11824,1
12644,Mycobacterium_branderi,11831,11836,5
12645,Mycobacterium_branderi,11847,11850,3
12646,Mycobacterium_branderi,11851,11852,1
12647,Mycobacterium_branderi,11859,11860,1
12648,Mycobacterium_branderi,11864,11866,2
12649,Mycobacterium_branderi,11877,11878,1
12650,Mycobacterium_branderi,11992,11994,2
12651,Mycobacterium_branderi,12029,12030,1
12652,Mycobacterium_branderi,12068,12069,1
12653,Mycobacterium_branderi,12207,12208,1
12654,Mycobacterium_branderi,12211,12212,1
12655,Mycobacterium_branderi,12213,12214,1
12656,Mycobacterium_branderi,12218,12222,4
12657,Mycobacterium_branderi,12226,12227,1
12658,Mycobacterium_branderi,12229,12230,1
12659,Mycobacterium_branderi,12237,12238,1
12660,Mycobacterium_branderi,12360,12369,9
12661,Mycobacterium_branderi,12371,12380,9
12662,Mycobacterium_branderi,12391,12400,9
12663,Mycobacterium_branderi,12454,12455,1
12664,Mycobacterium_branderi,12739,12740,1
12665,Mycobacterium_branderi,12798,12925,127
12666,Mycobacterium_branderi,13451,13452,1
12667,Mycobacterium_branderi,13453,13454,1
12668,Mycobacterium_branderi,13508,13509,1
12669,Mycolicibacterium_gadium,1,10,9
12670,Mycolicibacterium_gadium,21,39,18
12671,Mycolicibacterium_gadium,43,46,3
12672,Mycolicibacterium_gadium,56,71,15
12673,Mycolicibacterium_gadium,84,107,23
12674,Mycolicibacterium_gadium,117,132,15
12675,Mycolicibacterium_gadium,133,136,3
12676,Mycolicibacterium_gadium,346,349,3
12677,Mycolicibacterium_gadium,1542,1545,3
12678,Mycolicibacterium_gadium,1581,1604,23
12679,Mycolicibacterium_gadium,1632,1650,18
12680,Mycolicibacterium_gadium,1664,1676,12
12681,Mycolicibacterium_gadium,3317,3361,44
12682,Mycolicibacterium_gadium,3364,3365,1
12683,Mycolicibacterium_gadium,3373,3374,1
12684,Mycolicibacterium_gadium,3409,3478,69
12685,Mycolicibacterium_gadium,3482,3491,9
12686,Mycolicibacterium_gadium,3642,3645,3
12687,Mycolicibacterium_gadium,3655,3667,12
12688,Mycolicibacterium_gadium,3782,3788,6
12689,Mycolicibacterium_gadium,4400,4406,6
12690,Mycolicibacterium_gadium,4407,4413,6
12691,Mycolicibacterium_gadium,4417,4426,9
12692,Mycolicibacterium_gadium,4432,4445,13
12693,Mycolicibacterium_gadium,4452,4455,3
12694,Mycolicibacterium_gadium,4456,4462,6
12695,Mycolicibacterium_gadium,4468,4474,6
12696,Mycolicibacterium_gadium,4475,4481,6
12697,Mycolicibacterium_gadium,4483,4486,3
12698,Mycolicibacterium_gadium,4540,4552,12
12699,Mycolicibacterium_gadium,4555,4564,9
12700,Mycolicibacterium_gadium,4567,4573,6
12701,Mycolicibacterium_gadium,4582,4585,3
12702,Mycolicibacterium_gadium,5163,5169,6
12703,Mycolicibacterium_gadium,5170,5179,9
12704,Mycolicibacterium_gadium,5181,5190,9
12705,Mycolicibacterium_gadium,5197,5199,2
12706,Mycolicibacterium_gadium,5201,5204,3
12707,Mycolicibacterium_gadium,5206,5214,8
12708,Mycolicibacterium_gadium,5218,5230,12
12709,Mycolicibacterium_gadium,5231,5241,10
12710,Mycolicibacterium_gadium,5247,5253,6
12711,Mycolicibacterium_gadium,5401,5402,1
12712,Mycolicibacterium_gadium,6015,6016,1
12713,Mycolicibacterium_gadium,6431,6467,36
12714,Mycolicibacterium_gadium,6470,6494,24
12715,Mycolicibacterium_gadium,7178,7254,76
12716,Mycolicibacterium_gadium,7260,7268,8
12717,Mycolicibacterium_gadium,7760,7763,3
12718,Mycolicibacterium_gadium,8452,8500,48
12719,Mycolicibacterium_gadium,8577,8578,1
12720,Mycolicibacterium_gadium,8584,8599,15
12721,Mycolicibacterium_gadium,8601,8603,2
12722,Mycolicibacterium_gadium,8609,8610,1
12723,Mycolicibacterium_gadium,8661,8662,1
12724,Mycolicibacterium_gadium,8703,8704,1
12725,Mycolicibacterium_gadium,8720,8721,1
12726,Mycolicibacterium_gadium,8733,8735,2
12727,Mycolicibacterium_gadium,8739,8742,3
12728,Mycolicibacterium_gadium,8930,8931,1
12729,Mycolicibacterium_gadium,8980,8982,2
12730,Mycolicibacterium_gadium,8984,8998,14
12731,Mycolicibacterium_gadium,9120,9121,1
12732,Mycolicibacterium_gadium,9370,9372,2
12733,Mycolicibacterium_gadium,9546,9547,1
12734,Mycolicibacterium_gadium,9812,9813,1
12735,Mycolicibacterium_gadium,9985,9986,1
12736,Mycolicibacterium_gadium,10076,10078,2
12737,Mycolicibacterium_gadium,10157,10158,1
12738,Mycolicibacterium_gadium,10261,10262,1
12739,Mycolicibacterium_gadium,10310,10312,2
12740,Mycolicibacterium_gadium,10313,10315,2
12741,Mycolicibacterium_gadium,10325,10326,1
12742,Mycolicibacterium_gadium,10370,10371,1
12743,Mycolicibacterium_gadium,10416,10417,1
12744,Mycolicibacterium_gadium,10434,10435,1
12745,Mycolicibacterium_gadium,10448,10449,1
12746,Mycolicibacterium_gadium,10461,10462,1
12747,Mycolicibacterium_gadium,10476,10477,1
12748,Mycolicibacterium_gadium,10491,10492,1
12749,Mycolicibacterium_gadium,10526,10527,1
12750,Mycolicibacterium_gadium,10546,10649,103
12751,Mycolicibacterium_gadium,10771,10774,3
12752,Mycolicibacterium_gadium,10828,10830,2
12753,Mycolicibacterium_gadium,10835,10836,1
12754,Mycolicibacterium_gadium,10837,10843,6
12755,Mycolicibacterium_gadium,10864,10865,1
12756,Mycolicibacterium_gadium,10914,10915,1
12757,Mycolicibacterium_gadium,10965,10966,1
12758,Mycolicibacterium_gadium,10971,10975,4
12759,Mycolicibacterium_gadium,11085,11086,1
12760,Mycolicibacterium_gadium,11143,11144,1
12761,Mycolicibacterium_gadium,11243,11244,1
12762,Mycolicibacterium_gadium,11260,11261,1
12763,Mycolicibacterium_gadium,11286,11287,1
12764,Mycolicibacterium_gadium,11312,11313,1
12765,Mycolicibacterium_gadium,11473,11474,1
12766,Mycolicibacterium_gadium,11505,11512,7
12767,Mycolicibacterium_gadium,11513,11514,1
12768,Mycolicibacterium_gadium,11520,11521,1
12769,Mycolicibacterium_gadium,11530,11534,4
12770,Mycolicibacterium_gadium,11566,11567,1
12771,Mycolicibacterium_gadium,11782,11783,1
12772,Mycolicibacterium_gadium,11823,11824,1
12773,Mycolicibacterium_gadium,11831,11836,5
12774,Mycolicibacterium_gadium,11846,11850,4
12775,Mycolicibacterium_gadium,11851,11852,1
12776,Mycolicibacterium_gadium,11864,11866,2
12777,Mycolicibacterium_gadium,11877,11878,1
12778,Mycolicibacterium_gadium,11993,11994,1
12779,Mycolicibacterium_gadium,12029,12030,1
12780,Mycolicibacterium_gadium,12068,12069,1
12781,Mycolicibacterium_gadium,12207,12208,1
12782,Mycolicibacterium_gadium,12211,12212,1
12783,Mycolicibacterium_gadium,12213,12214,1
12784,Mycolicibacterium_gadium,12218,12222,4
12785,Mycolicibacterium_gadium,12226,12227,1
12786,Mycolicibacterium_gadium,12237,12238,1
12787,Mycolicibacterium_gadium,12360,12369,9
12788,Mycolicibacterium_gadium,12371,12372,1
12789,Mycolicibacterium_gadium,12374,12375,1
12790,Mycolicibacterium_gadium,12378,12381,3
12791,Mycolicibacterium_gadium,12384,12390,6
12792,Mycolicibacterium_gadium,12391,12400,9
12793,Mycolicibacterium_gadium,12454,12455,1
12794,Mycolicibacterium_gadium,12739,12740,1
12795,Mycolicibacterium_gadium,12798,12925,127
12796,Mycolicibacterium_gadium,13451,13452,1
12797,Mycolicibacterium_gadium,13453,13454,1
12798,Mycolicibacterium_gadium,13508,13509,1
12799,Mycobacterium_saskatchewanense,1,10,9
12800,Mycobacterium_saskatchewanense,21,39,18
12801,Mycobacterium_saskatchewanense,43,46,3
12802,Mycobacterium_saskatchewanense,62,71,9
12803,Mycobacterium_saskatchewanense,87,107,20
12804,Mycobacterium_saskatchewanense,117,132,15
12805,Mycobacterium_saskatchewanense,133,136,3
12806,Mycobacterium_saskatchewanense,346,349,3
12807,Mycobacterium_saskatchewanense,1542,1583,41
12808,Mycobacterium_saskatchewanense,1587,1676,89
12809,Mycobacterium_saskatchewanense,1678,1691,13
12810,Mycobacterium_saskatchewanense,3317,3504,187
12811,Mycobacterium_saskatchewanense,3642,3645,3
12812,Mycobacterium_saskatchewanense,3650,3653,3
12813,Mycobacterium_saskatchewanense,3655,3667,12
12814,Mycobacterium_saskatchewanense,3782,3788,6
12815,Mycobacterium_saskatchewanense,4400,4406,6
12816,Mycobacterium_saskatchewanense,4407,4413,6
12817,Mycobacterium_saskatchewanense,4417,4426,9
12818,Mycobacterium_saskatchewanense,4432,4445,13
12819,Mycobacterium_saskatchewanense,4452,4455,3
12820,Mycobacterium_saskatchewanense,4456,4462,6
12821,Mycobacterium_saskatchewanense,4468,4480,12
12822,Mycobacterium_saskatchewanense,4483,4486,3
12823,Mycobacterium_saskatchewanense,4540,4552,12
12824,Mycobacterium_saskatchewanense,4555,4564,9
12825,Mycobacterium_saskatchewanense,4567,4573,6
12826,Mycobacterium_saskatchewanense,4581,4584,3
12827,Mycobacterium_saskatchewanense,5163,5169,6
12828,Mycobacterium_saskatchewanense,5170,5179,9
12829,Mycobacterium_saskatchewanense,5181,5190,9
12830,Mycobacterium_saskatchewanense,5197,5199,2
12831,Mycobacterium_saskatchewanense,5201,5204,3
12832,Mycobacterium_saskatchewanense,5206,5214,8
12833,Mycobacterium_saskatchewanense,5218,5230,12
12834,Mycobacterium_saskatchewanense,5231,5241,10
12835,Mycobacterium_saskatchewanense,5247,5253,6
12836,Mycobacterium_saskatchewanense,5401,5402,1
12837,Mycobacterium_saskatchewanense,6015,6016,1
12838,Mycobacterium_saskatchewanense,6428,6464,36
12839,Mycobacterium_saskatchewanense,6470,6494,24
12840,Mycobacterium_saskatchewanense,7178,7254,76
12841,Mycobacterium_saskatchewanense,7260,7268,8
12842,Mycobacterium_saskatchewanense,7760,7763,3
12843,Mycobacterium_saskatchewanense,8452,8500,48
12844,Mycobacterium_saskatchewanense,8577,8578,1
12845,Mycobacterium_saskatchewanense,8584,8599,15
12846,Mycobacterium_saskatchewanense,8601,8603,2
12847,Mycobacterium_saskatchewanense,8609,8610,1
12848,Mycobacterium_saskatchewanense,8661,8662,1
12849,Mycobacterium_saskatchewanense,8703,8704,1
12850,Mycobacterium_saskatchewanense,8720,8721,1
12851,Mycobacterium_saskatchewanense,8733,8735,2
12852,Mycobacterium_saskatchewanense,8739,8742,3
12853,Mycobacterium_saskatchewanense,8930,8931,1
12854,Mycobacterium_saskatchewanense,8980,8982,2
12855,Mycobacterium_saskatchewanense,8987,9001,14
12856,Mycobacterium_saskatchewanense,9120,9121,1
12857,Mycobacterium_saskatchewanense,9370,9372,2
12858,Mycobacterium_saskatchewanense,9546,9547,1
12859,Mycobacterium_saskatchewanense,9812,9813,1
12860,Mycobacterium_saskatchewanense,9983,9986,3
12861,Mycobacterium_saskatchewanense,10076,10078,2
12862,Mycobacterium_saskatchewanense,10157,10158,1
12863,Mycobacterium_saskatchewanense,10261,10262,1
12864,Mycobacterium_saskatchewanense,10310,10312,2
12865,Mycobacterium_saskatchewanense,10313,10315,2
12866,Mycobacterium_saskatchewanense,10325,10326,1
12867,Mycobacterium_saskatchewanense,10352,10353,1
12868,Mycobacterium_saskatchewanense,10370,10371,1
12869,Mycobacterium_saskatchewanense,10434,10435,1
12870,Mycobacterium_saskatchewanense,10448,10449,1
12871,Mycobacterium_saskatchewanense,10476,10477,1
12872,Mycobacterium_saskatchewanense,10491,10492,1
12873,Mycobacterium_saskatchewanense,10526,10527,1
12874,Mycobacterium_saskatchewanense,10546,10649,103
12875,Mycobacterium_saskatchewanense,10828,10830,2
12876,Mycobacterium_saskatchewanense,10832,10846,14
12877,Mycobacterium_saskatchewanense,10864,10865,1
12878,Mycobacterium_saskatchewanense,10914,10915,1
12879,Mycobacterium_saskatchewanense,10965,10977,12
12880,Mycobacterium_saskatchewanense,11085,11086,1
12881,Mycobacterium_saskatchewanense,11143,11144,1
12882,Mycobacterium_saskatchewanense,11243,11244,1
12883,Mycobacterium_saskatchewanense,11260,11261,1
12884,Mycobacterium_saskatchewanense,11262,11263,1
12885,Mycobacterium_saskatchewanense,11265,11267,2
12886,Mycobacterium_saskatchewanense,11286,11287,1
12887,Mycobacterium_saskatchewanense,11312,11313,1
12888,Mycobacterium_saskatchewanense,11473,11474,1
12889,Mycobacterium_saskatchewanense,11505,11534,29
12890,Mycobacterium_saskatchewanense,11566,11567,1
12891,Mycobacterium_saskatchewanense,11590,11591,1
12892,Mycobacterium_saskatchewanense,11782,11783,1
12893,Mycobacterium_saskatchewanense,11823,11824,1
12894,Mycobacterium_saskatchewanense,11826,11827,1
12895,Mycobacterium_saskatchewanense,11831,11836,5
12896,Mycobacterium_saskatchewanense,11848,11850,2
12897,Mycobacterium_saskatchewanense,11851,11852,1
12898,Mycobacterium_saskatchewanense,11859,11860,1
12899,Mycobacterium_saskatchewanense,11864,11866,2
12900,Mycobacterium_saskatchewanense,11877,11878,1
12901,Mycobacterium_saskatchewanense,11990,11991,1
12902,Mycobacterium_saskatchewanense,11993,11994,1
12903,Mycobacterium_saskatchewanense,12029,12030,1
12904,Mycobacterium_saskatchewanense,12068,12069,1
12905,Mycobacterium_saskatchewanense,12207,12208,1
12906,Mycobacterium_saskatchewanense,12211,12212,1
12907,Mycobacterium_saskatchewanense,12213,12215,2
12908,Mycobacterium_saskatchewanense,12218,12222,4
12909,Mycobacterium_saskatchewanense,12225,12227,2
12910,Mycobacterium_saskatchewanense,12237,12238,1
12911,Mycobacterium_saskatchewanense,12360,12369,9
12912,Mycobacterium_saskatchewanense,12371,12380,9
12913,Mycobacterium_saskatchewanense,12384,12390,6
12914,Mycobacterium_saskatchewanense,12391,12400,9
12915,Mycobacterium_saskatchewanense,12454,12455,1
12916,Mycobacterium_saskatchewanense,12738,12740,2
12917,Mycobacterium_saskatchewanense,12798,12925,127
12918,Mycobacterium_saskatchewanense,13451,13452,1
12919,Mycobacterium_saskatchewanense,13453,13454,1
12920,Mycobacterium_saskatchewanense,13508,13509,1
12921,Mycolicibacterium_psychrotolerans,1,10,9
12922,Mycolicibacterium_psychrotolerans,21,39,18
12923,Mycolicibacterium_psychrotolerans,43,46,3
12924,Mycolicibacterium_psychrotolerans,51,107,56
12925,Mycolicibacterium_psychrotolerans,117,132,15
12926,Mycolicibacterium_psychrotolerans,133,136,3
12927,Mycolicibacterium_psychrotolerans,346,349,3
12928,Mycolicibacterium_psychrotolerans,1542,1691,149
12929,Mycolicibacterium_psychrotolerans,3317,3361,44
12930,Mycolicibacterium_psychrotolerans,3364,3365,1
12931,Mycolicibacterium_psychrotolerans,3373,3374,1
12932,Mycolicibacterium_psychrotolerans,3408,3480,72
12933,Mycolicibacterium_psychrotolerans,3485,3491,6
12934,Mycolicibacterium_psychrotolerans,3642,3645,3
12935,Mycolicibacterium_psychrotolerans,3650,3653,3
12936,Mycolicibacterium_psychrotolerans,3655,3667,12
12937,Mycolicibacterium_psychrotolerans,3782,3788,6
12938,Mycolicibacterium_psychrotolerans,4400,4406,6
12939,Mycolicibacterium_psychrotolerans,4407,4413,6
12940,Mycolicibacterium_psychrotolerans,4417,4426,9
12941,Mycolicibacterium_psychrotolerans,4432,4445,13
12942,Mycolicibacterium_psychrotolerans,4452,4455,3
12943,Mycolicibacterium_psychrotolerans,4456,4462,6
12944,Mycolicibacterium_psychrotolerans,4468,4474,6
12945,Mycolicibacterium_psychrotolerans,4475,4481,6
12946,Mycolicibacterium_psychrotolerans,4483,4486,3
12947,Mycolicibacterium_psychrotolerans,4540,4552,12
12948,Mycolicibacterium_psychrotolerans,4555,4564,9
12949,Mycolicibacterium_psychrotolerans,4567,4573,6
12950,Mycolicibacterium_psychrotolerans,4582,4585,3
12951,Mycolicibacterium_psychrotolerans,5163,5169,6
12952,Mycolicibacterium_psychrotolerans,5170,5179,9
12953,Mycolicibacterium_psychrotolerans,5181,5190,9
12954,Mycolicibacterium_psychrotolerans,5197,5199,2
12955,Mycolicibacterium_psychrotolerans,5201,5204,3
12956,Mycolicibacterium_psychrotolerans,5206,5214,8
12957,Mycolicibacterium_psychrotolerans,5218,5230,12
12958,Mycolicibacterium_psychrotolerans,5231,5241,10
12959,Mycolicibacterium_psychrotolerans,5247,5253,6
12960,Mycolicibacterium_psychrotolerans,5401,5402,1
12961,Mycolicibacterium_psychrotolerans,6015,6016,1
12962,Mycolicibacterium_psychrotolerans,6431,6467,36
12963,Mycolicibacterium_psychrotolerans,6470,6494,24
12964,Mycolicibacterium_psychrotolerans,7178,7254,76
12965,Mycolicibacterium_psychrotolerans,7260,7268,8
12966,Mycolicibacterium_psychrotolerans,7760,7763,3
12967,Mycolicibacterium_psychrotolerans,8452,8500,48
12968,Mycolicibacterium_psychrotolerans,8577,8578,1
12969,Mycolicibacterium_psychrotolerans,8584,8599,15
12970,Mycolicibacterium_psychrotolerans,8600,8604,4
12971,Mycolicibacterium_psychrotolerans,8609,8610,1
12972,Mycolicibacterium_psychrotolerans,8661,8662,1
12973,Mycolicibacterium_psychrotolerans,8703,8704,1
12974,Mycolicibacterium_psychrotolerans,8720,8721,1
12975,Mycolicibacterium_psychrotolerans,8733,8735,2
12976,Mycolicibacterium_psychrotolerans,8739,8742,3
12977,Mycolicibacterium_psychrotolerans,8930,8931,1
12978,Mycolicibacterium_psychrotolerans,8980,8982,2
12979,Mycolicibacterium_psychrotolerans,8984,8998,14
12980,Mycolicibacterium_psychrotolerans,9120,9121,1
12981,Mycolicibacterium_psychrotolerans,9370,9372,2
12982,Mycolicibacterium_psychrotolerans,9546,9547,1
12983,Mycolicibacterium_psychrotolerans,9812,9813,1
12984,Mycolicibacterium_psychrotolerans,9985,9986,1
12985,Mycolicibacterium_psychrotolerans,10076,10078,2
12986,Mycolicibacterium_psychrotolerans,10157,10158,1
12987,Mycolicibacterium_psychrotolerans,10261,10262,1
12988,Mycolicibacterium_psychrotolerans,10310,10312,2
12989,Mycolicibacterium_psychrotolerans,10313,10315,2
12990,Mycolicibacterium_psychrotolerans,10325,10326,1
12991,Mycolicibacterium_psychrotolerans,10370,10371,1
12992,Mycolicibacterium_psychrotolerans,10416,10417,1
12993,Mycolicibacterium_psychrotolerans,10434,10435,1
12994,Mycolicibacterium_psychrotolerans,10448,10449,1
12995,Mycolicibacterium_psychrotolerans,10461,10462,1
12996,Mycolicibacterium_psychrotolerans,10476,10477,1
12997,Mycolicibacterium_psychrotolerans,10491,10492,1
12998,Mycolicibacterium_psychrotolerans,10526,10527,1
12999,Mycolicibacterium_psychrotolerans,10548,10649,101
13000,Mycolicibacterium_psychrotolerans,10828,10830,2
13001,Mycolicibacterium_psychrotolerans,10835,10843,8
13002,Mycolicibacterium_psychrotolerans,10864,10865,1
13003,Mycolicibacterium_psychrotolerans,10914,10915,1
13004,Mycolicibacterium_psychrotolerans,10965,10966,1
13005,Mycolicibacterium_psychrotolerans,10971,10975,4
13006,Mycolicibacterium_psychrotolerans,11085,11086,1
13007,Mycolicibacterium_psychrotolerans,11143,11145,2
13008,Mycolicibacterium_psychrotolerans,11243,11244,1
13009,Mycolicibacterium_psychrotolerans,11260,11261,1
13010,Mycolicibacterium_psychrotolerans,11265,11267,2
13011,Mycolicibacterium_psychrotolerans,11286,11287,1
13012,Mycolicibacterium_psychrotolerans,11312,11313,1
13013,Mycolicibacterium_psychrotolerans,11473,11474,1
13014,Mycolicibacterium_psychrotolerans,11499,11502,3
13015,Mycolicibacterium_psychrotolerans,11505,11512,7
13016,Mycolicibacterium_psychrotolerans,11513,11514,1
13017,Mycolicibacterium_psychrotolerans,11520,11521,1
13018,Mycolicibacterium_psychrotolerans,11524,11537,13
13019,Mycolicibacterium_psychrotolerans,11566,11567,1
13020,Mycolicibacterium_psychrotolerans,11782,11783,1
13021,Mycolicibacterium_psychrotolerans,11823,11824,1
13022,Mycolicibacterium_psychrotolerans,11826,11827,1
13023,Mycolicibacterium_psychrotolerans,11831,11836,5
13024,Mycolicibacterium_psychrotolerans,11847,11849,2
13025,Mycolicibacterium_psychrotolerans,11851,11852,1
13026,Mycolicibacterium_psychrotolerans,11859,11860,1
13027,Mycolicibacterium_psychrotolerans,11864,11866,2
13028,Mycolicibacterium_psychrotolerans,11877,11878,1
13029,Mycolicibacterium_psychrotolerans,11993,11994,1
13030,Mycolicibacterium_psychrotolerans,12029,12030,1
13031,Mycolicibacterium_psychrotolerans,12068,12069,1
13032,Mycolicibacterium_psychrotolerans,12207,12208,1
13033,Mycolicibacterium_psychrotolerans,12211,12212,1
13034,Mycolicibacterium_psychrotolerans,12213,12214,1
13035,Mycolicibacterium_psychrotolerans,12218,12222,4
13036,Mycolicibacterium_psychrotolerans,12226,12227,1
13037,Mycolicibacterium_psychrotolerans,12229,12230,1
13038,Mycolicibacterium_psychrotolerans,12237,12238,1
13039,Mycolicibacterium_psychrotolerans,12360,12369,9
13040,Mycolicibacterium_psychrotolerans,12371,12372,1
13041,Mycolicibacterium_psychrotolerans,12374,12375,1
13042,Mycolicibacterium_psychrotolerans,12378,12381,3
13043,Mycolicibacterium_psychrotolerans,12384,12390,6
13044,Mycolicibacterium_psychrotolerans,12391,12400,9
13045,Mycolicibacterium_psychrotolerans,12454,12455,1
13046,Mycolicibacterium_psychrotolerans,12739,12740,1
13047,Mycolicibacterium_psychrotolerans,12798,12925,127
13048,Mycolicibacterium_psychrotolerans,13364,13365,1
13049,Mycolicibacterium_psychrotolerans,13453,13454,1
13050,Mycolicibacterium_psychrotolerans,13508,13509,1
13051,Mycolicibacter_hiberniae,1,10,9
13052,Mycolicibacter_hiberniae,21,39,18
13053,Mycolicibacter_hiberniae,43,46,3
13054,Mycolicibacter_hiberniae,59,136,77
13055,Mycolicibacter_hiberniae,346,349,3
13056,Mycolicibacter_hiberniae,1542,1691,149
13057,Mycolicibacter_hiberniae,3317,3381,64
13058,Mycolicibacter_hiberniae,3414,3420,6
13059,Mycolicibacter_hiberniae,3424,3460,36
13060,Mycolicibacter_hiberniae,3468,3471,3
13061,Mycolicibacter_hiberniae,3473,3479,6
13062,Mycolicibacter_hiberniae,3485,3491,6
13063,Mycolicibacter_hiberniae,3650,3653,3
13064,Mycolicibacter_hiberniae,3657,3672,15
13065,Mycolicibacter_hiberniae,3782,3788,6
13066,Mycolicibacter_hiberniae,4400,4406,6
13067,Mycolicibacter_hiberniae,4407,4413,6
13068,Mycolicibacter_hiberniae,4422,4426,4
13069,Mycolicibacter_hiberniae,4432,4438,6
13070,Mycolicibacter_hiberniae,4452,4455,3
13071,Mycolicibacter_hiberniae,4456,4486,30
13072,Mycolicibacter_hiberniae,4555,4564,9
13073,Mycolicibacter_hiberniae,4567,4573,6
13074,Mycolicibacter_hiberniae,5163,5169,6
13075,Mycolicibacter_hiberniae,5170,5179,9
13076,Mycolicibacter_hiberniae,5181,5190,9
13077,Mycolicibacter_hiberniae,5197,5199,2
13078,Mycolicibacter_hiberniae,5201,5204,3
13079,Mycolicibacter_hiberniae,5206,5214,8
13080,Mycolicibacter_hiberniae,5218,5230,12
13081,Mycolicibacter_hiberniae,5231,5241,10
13082,Mycolicibacter_hiberniae,5247,5253,6
13083,Mycolicibacter_hiberniae,5401,5402,1
13084,Mycolicibacter_hiberniae,6015,6016,1
13085,Mycolicibacter_hiberniae,6431,6452,21
13086,Mycolicibacter_hiberniae,6456,6462,6
13087,Mycolicibacter_hiberniae,6470,6494,24
13088,Mycolicibacter_hiberniae,7178,7254,76
13089,Mycolicibacter_hiberniae,7260,7268,8
13090,Mycolicibacter_hiberniae,7760,7763,3
13091,Mycolicibacter_hiberniae,8452,8500,48
13092,Mycolicibacter_hiberniae,8577,8578,1
13093,Mycolicibacter_hiberniae,8584,8599,15
13094,Mycolicibacter_hiberniae,8601,8603,2
13095,Mycolicibacter_hiberniae,8609,8610,1
13096,Mycolicibacter_hiberniae,8661,8662,1
13097,Mycolicibacter_hiberniae,8703,8704,1
13098,Mycolicibacter_hiberniae,8720,8721,1
13099,Mycolicibacter_hiberniae,8733,8735,2
13100,Mycolicibacter_hiberniae,8739,8742,3
13101,Mycolicibacter_hiberniae,8930,8931,1
13102,Mycolicibacter_hiberniae,8980,8982,2
13103,Mycolicibacter_hiberniae,9120,9121,1
13104,Mycolicibacter_hiberniae,9546,9547,1
13105,Mycolicibacter_hiberniae,9812,9814,2
13106,Mycolicibacter_hiberniae,9982,9984,2
13107,Mycolicibacter_hiberniae,9985,9986,1
13108,Mycolicibacter_hiberniae,10076,10078,2
13109,Mycolicibacter_hiberniae,10157,10158,1
13110,Mycolicibacter_hiberniae,10311,10312,1
13111,Mycolicibacter_hiberniae,10313,10315,2
13112,Mycolicibacter_hiberniae,10325,10326,1
13113,Mycolicibacter_hiberniae,10370,10371,1
13114,Mycolicibacter_hiberniae,10416,10417,1
13115,Mycolicibacter_hiberniae,10434,10435,1
13116,Mycolicibacter_hiberniae,10448,10449,1
13117,Mycolicibacter_hiberniae,10476,10477,1
13118,Mycolicibacter_hiberniae,10491,10492,1
13119,Mycolicibacter_hiberniae,10526,10527,1
13120,Mycolicibacter_hiberniae,10546,10649,103
13121,Mycolicibacter_hiberniae,10828,10830,2
13122,Mycolicibacter_hiberniae,10834,10843,9
13123,Mycolicibacter_hiberniae,10864,10865,1
13124,Mycolicibacter_hiberniae,10914,10915,1
13125,Mycolicibacter_hiberniae,10965,10966,1
13126,Mycolicibacter_hiberniae,10971,10975,4
13127,Mycolicibacter_hiberniae,11085,11086,1
13128,Mycolicibacter_hiberniae,11143,11144,1
13129,Mycolicibacter_hiberniae,11243,11244,1
13130,Mycolicibacter_hiberniae,11260,11261,1
13131,Mycolicibacter_hiberniae,11265,11267,2
13132,Mycolicibacter_hiberniae,11286,11287,1
13133,Mycolicibacter_hiberniae,11312,11313,1
13134,Mycolicibacter_hiberniae,11473,11474,1
13135,Mycolicibacter_hiberniae,11505,11512,7
13136,Mycolicibacter_hiberniae,11513,11514,1
13137,Mycolicibacter_hiberniae,11515,11533,18
13138,Mycolicibacter_hiberniae,11537,11538,1
13139,Mycolicibacter_hiberniae,11566,11567,1
13140,Mycolicibacter_hiberniae,11782,11783,1
13141,Mycolicibacter_hiberniae,11823,11824,1
13142,Mycolicibacter_hiberniae,11826,11827,1
13143,Mycolicibacter_hiberniae,11831,11836,5
13144,Mycolicibacter_hiberniae,11847,11852,5
13145,Mycolicibacter_hiberniae,11859,11860,1
13146,Mycolicibacter_hiberniae,11864,11866,2
13147,Mycolicibacter_hiberniae,11877,11878,1
13148,Mycolicibacter_hiberniae,11993,11994,1
13149,Mycolicibacter_hiberniae,12029,12030,1
13150,Mycolicibacter_hiberniae,12068,12069,1
13151,Mycolicibacter_hiberniae,12207,12208,1
13152,Mycolicibacter_hiberniae,12211,12212,1
13153,Mycolicibacter_hiberniae,12213,12214,1
13154,Mycolicibacter_hiberniae,12218,12222,4
13155,Mycolicibacter_hiberniae,12226,12227,1
13156,Mycolicibacter_hiberniae,12237,12238,1
13157,Mycolicibacter_hiberniae,12360,12369,9
13158,Mycolicibacter_hiberniae,12371,12372,1
13159,Mycolicibacter_hiberniae,12374,12375,1
13160,Mycolicibacter_hiberniae,12377,12382,5
13161,Mycolicibacter_hiberniae,12384,12390,6
13162,Mycolicibacter_hiberniae,12391,12400,9
13163,Mycolicibacter_hiberniae,12454,12455,1
13164,Mycolicibacter_hiberniae,12595,12596,1
13165,Mycolicibacter_hiberniae,12739,12740,1
13166,Mycolicibacter_hiberniae,12798,12925,127
13167,Mycolicibacter_hiberniae,13451,13452,1
13168,Mycolicibacter_hiberniae,13453,13454,1
13169,Mycolicibacter_hiberniae,13508,13509,1
13170,Mycolicibacterium_madagascariense,1,10,9
13171,Mycolicibacterium_madagascariense,21,39,18
13172,Mycolicibacterium_madagascariense,43,46,3
13173,Mycolicibacterium_madagascariense,51,107,56
13174,Mycolicibacterium_madagascariense,117,132,15
13175,Mycolicibacterium_madagascariense,133,136,3
13176,Mycolicibacterium_madagascariense,346,349,3
13177,Mycolicibacterium_madagascariense,1542,1691,149
13178,Mycolicibacterium_madagascariense,3317,3361,44
13179,Mycolicibacterium_madagascariense,3364,3365,1
13180,Mycolicibacterium_madagascariense,3373,3374,1
13181,Mycolicibacterium_madagascariense,3409,3478,69
13182,Mycolicibacterium_madagascariense,3485,3491,6
13183,Mycolicibacterium_madagascariense,3642,3645,3
13184,Mycolicibacterium_madagascariense,3650,3653,3
13185,Mycolicibacterium_madagascariense,3655,3667,12
13186,Mycolicibacterium_madagascariense,3782,3788,6
13187,Mycolicibacterium_madagascariense,4400,4406,6
13188,Mycolicibacterium_madagascariense,4407,4413,6
13189,Mycolicibacterium_madagascariense,4417,4426,9
13190,Mycolicibacterium_madagascariense,4432,4445,13
13191,Mycolicibacterium_madagascariense,4452,4455,3
13192,Mycolicibacterium_madagascariense,4456,4462,6
13193,Mycolicibacterium_madagascariense,4468,4474,6
13194,Mycolicibacterium_madagascariense,4475,4481,6
13195,Mycolicibacterium_madagascariense,4483,4486,3
13196,Mycolicibacterium_madagascariense,4540,4552,12
13197,Mycolicibacterium_madagascariense,4555,4564,9
13198,Mycolicibacterium_madagascariense,4567,4573,6
13199,Mycolicibacterium_madagascariense,4582,4585,3
13200,Mycolicibacterium_madagascariense,5163,5169,6
13201,Mycolicibacterium_madagascariense,5170,5179,9
13202,Mycolicibacterium_madagascariense,5181,5190,9
13203,Mycolicibacterium_madagascariense,5197,5199,2
13204,Mycolicibacterium_madagascariense,5201,5204,3
13205,Mycolicibacterium_madagascariense,5206,5214,8
13206,Mycolicibacterium_madagascariense,5218,5230,12
13207,Mycolicibacterium_madagascariense,5231,5241,10
13208,Mycolicibacterium_madagascariense,5247,5253,6
13209,Mycolicibacterium_madagascariense,5401,5402,1
13210,Mycolicibacterium_madagascariense,6015,6016,1
13211,Mycolicibacterium_madagascariense,6431,6452,21
13212,Mycolicibacterium_madagascariense,6456,6462,6
13213,Mycolicibacterium_madagascariense,6475,6490,15
13214,Mycolicibacterium_madagascariense,7178,7254,76
13215,Mycolicibacterium_madagascariense,7260,7268,8
13216,Mycolicibacterium_madagascariense,7760,7763,3
13217,Mycolicibacterium_madagascariense,8452,8500,48
13218,Mycolicibacterium_madagascariense,8577,8578,1
13219,Mycolicibacterium_madagascariense,8584,8599,15
13220,Mycolicibacterium_madagascariense,8600,8604,4
13221,Mycolicibacterium_madagascariense,8609,8610,1
13222,Mycolicibacterium_madagascariense,8661,8662,1
13223,Mycolicibacterium_madagascariense,8731,8735,4
13224,Mycolicibacterium_madagascariense,8739,8742,3
13225,Mycolicibacterium_madagascariense,8930,8931,1
13226,Mycolicibacterium_madagascariense,8980,8982,2
13227,Mycolicibacterium_madagascariense,8984,8998,14
13228,Mycolicibacterium_madagascariense,9120,9121,1
13229,Mycolicibacterium_madagascariense,9370,9372,2
13230,Mycolicibacterium_madagascariense,9546,9547,1
13231,Mycolicibacterium_madagascariense,9812,9813,1
13232,Mycolicibacterium_madagascariense,9985,9986,1
13233,Mycolicibacterium_madagascariense,10076,10078,2
13234,Mycolicibacterium_madagascariense,10157,10158,1
13235,Mycolicibacterium_madagascariense,10261,10262,1
13236,Mycolicibacterium_madagascariense,10310,10312,2
13237,Mycolicibacterium_madagascariense,10313,10315,2
13238,Mycolicibacterium_madagascariense,10325,10326,1
13239,Mycolicibacterium_madagascariense,10370,10371,1
13240,Mycolicibacterium_madagascariense,10396,10398,2
13241,Mycolicibacterium_madagascariense,10415,10417,2
13242,Mycolicibacterium_madagascariense,10430,10431,1
13243,Mycolicibacterium_madagascariense,10434,10435,1
13244,Mycolicibacterium_madagascariense,10448,10449,1
13245,Mycolicibacterium_madagascariense,10476,10477,1
13246,Mycolicibacterium_madagascariense,10491,10492,1
13247,Mycolicibacterium_madagascariense,10526,10527,1
13248,Mycolicibacterium_madagascariense,10547,10649,102
13249,Mycolicibacterium_madagascariense,10828,10831,3
13250,Mycolicibacterium_madagascariense,10835,10843,8
13251,Mycolicibacterium_madagascariense,10864,10865,1
13252,Mycolicibacterium_madagascariense,10914,10915,1
13253,Mycolicibacterium_madagascariense,10965,10966,1
13254,Mycolicibacterium_madagascariense,10971,10975,4
13255,Mycolicibacterium_madagascariense,11085,11086,1
13256,Mycolicibacterium_madagascariense,11143,11144,1
13257,Mycolicibacterium_madagascariense,11243,11244,1
13258,Mycolicibacterium_madagascariense,11260,11261,1
13259,Mycolicibacterium_madagascariense,11266,11267,1
13260,Mycolicibacterium_madagascariense,11286,11287,1
13261,Mycolicibacterium_madagascariense,11312,11313,1
13262,Mycolicibacterium_madagascariense,11473,11474,1
13263,Mycolicibacterium_madagascariense,11505,11512,7
13264,Mycolicibacterium_madagascariense,11513,11514,1
13265,Mycolicibacterium_madagascariense,11520,11521,1
13266,Mycolicibacterium_madagascariense,11527,11531,4
13267,Mycolicibacterium_madagascariense,11532,11533,1
13268,Mycolicibacterium_madagascariense,11566,11567,1
13269,Mycolicibacterium_madagascariense,11782,11783,1
13270,Mycolicibacterium_madagascariense,11823,11824,1
13271,Mycolicibacterium_madagascariense,11826,11827,1
13272,Mycolicibacterium_madagascariense,11831,11836,5
13273,Mycolicibacterium_madagascariense,11846,11850,4
13274,Mycolicibacterium_madagascariense,11851,11852,1
13275,Mycolicibacterium_madagascariense,11859,11860,1
13276,Mycolicibacterium_madagascariense,11864,11866,2
13277,Mycolicibacterium_madagascariense,11877,11878,1
13278,Mycolicibacterium_madagascariense,12029,12030,1
13279,Mycolicibacterium_madagascariense,12068,12069,1
13280,Mycolicibacterium_madagascariense,12196,12197,1
13281,Mycolicibacterium_madagascariense,12207,12208,1
13282,Mycolicibacterium_madagascariense,12211,12212,1
13283,Mycolicibacterium_madagascariense,12213,12214,1
13284,Mycolicibacterium_madagascariense,12218,12222,4
13285,Mycolicibacterium_madagascariense,12226,12227,1
13286,Mycolicibacterium_madagascariense,12237,12238,1
13287,Mycolicibacterium_madagascariense,12360,12369,9
13288,Mycolicibacterium_madagascariense,12371,12372,1
13289,Mycolicibacterium_madagascariense,12374,12375,1
13290,Mycolicibacterium_madagascariense,12378,12381,3
13291,Mycolicibacterium_madagascariense,12384,12390,6
13292,Mycolicibacterium_madagascariense,12391,12400,9
13293,Mycolicibacterium_madagascariense,12454,12455,1
13294,Mycolicibacterium_madagascariense,12739,12740,1
13295,Mycolicibacterium_madagascariense,12798,12925,127
13296,Mycolicibacterium_madagascariense,13451,13452,1
13297,Mycolicibacterium_madagascariense,13453,13454,1
13298,Mycolicibacterium_madagascariense,13508,13509,1
13299,Mycolicibacterium_confluentis,1,10,9
13300,Mycolicibacterium_confluentis,21,39,18
13301,Mycolicibacterium_confluentis,43,46,3
13302,Mycolicibacterium_confluentis,53,106,53
13303,Mycolicibacterium_confluentis,117,132,15
13304,Mycolicibacterium_confluentis,133,136,3
13305,Mycolicibacterium_confluentis,346,349,3
13306,Mycolicibacterium_confluentis,1542,1691,149
13307,Mycolicibacterium_confluentis,3317,3361,44
13308,Mycolicibacterium_confluentis,3364,3365,1
13309,Mycolicibacterium_confluentis,3373,3374,1
13310,Mycolicibacterium_confluentis,3409,3478,69
13311,Mycolicibacterium_confluentis,3485,3491,6
13312,Mycolicibacterium_confluentis,3642,3645,3
13313,Mycolicibacterium_confluentis,3650,3653,3
13314,Mycolicibacterium_confluentis,3655,3667,12
13315,Mycolicibacterium_confluentis,3782,3788,6
13316,Mycolicibacterium_confluentis,4400,4406,6
13317,Mycolicibacterium_confluentis,4407,4413,6
13318,Mycolicibacterium_confluentis,4417,4426,9
13319,Mycolicibacterium_confluentis,4432,4445,13
13320,Mycolicibacterium_confluentis,4452,4455,3
13321,Mycolicibacterium_confluentis,4456,4462,6
13322,Mycolicibacterium_confluentis,4468,4474,6
13323,Mycolicibacterium_confluentis,4475,4481,6
13324,Mycolicibacterium_confluentis,4483,4486,3
13325,Mycolicibacterium_confluentis,4555,4564,9
13326,Mycolicibacterium_confluentis,4567,4573,6
13327,Mycolicibacterium_confluentis,5163,5169,6
13328,Mycolicibacterium_confluentis,5170,5179,9
13329,Mycolicibacterium_confluentis,5181,5190,9
13330,Mycolicibacterium_confluentis,5197,5199,2
13331,Mycolicibacterium_confluentis,5201,5204,3
13332,Mycolicibacterium_confluentis,5206,5214,8
13333,Mycolicibacterium_confluentis,5218,5230,12
13334,Mycolicibacterium_confluentis,5231,5241,10
13335,Mycolicibacterium_confluentis,5247,5253,6
13336,Mycolicibacterium_confluentis,5401,5402,1
13337,Mycolicibacterium_confluentis,6015,6016,1
13338,Mycolicibacterium_confluentis,6431,6452,21
13339,Mycolicibacterium_confluentis,6456,6462,6
13340,Mycolicibacterium_confluentis,6470,6494,24
13341,Mycolicibacterium_confluentis,7178,7254,76
13342,Mycolicibacterium_confluentis,7260,7268,8
13343,Mycolicibacterium_confluentis,7760,7763,3
13344,Mycolicibacterium_confluentis,8452,8500,48
13345,Mycolicibacterium_confluentis,8577,8578,1
13346,Mycolicibacterium_confluentis,8584,8599,15
13347,Mycolicibacterium_confluentis,8601,8603,2
13348,Mycolicibacterium_confluentis,8609,8610,1
13349,Mycolicibacterium_confluentis,8661,8662,1
13350,Mycolicibacterium_confluentis,8733,8735,2
13351,Mycolicibacterium_confluentis,8739,8742,3
13352,Mycolicibacterium_confluentis,8930,8931,1
13353,Mycolicibacterium_confluentis,8980,8982,2
13354,Mycolicibacterium_confluentis,8984,8998,14
13355,Mycolicibacterium_confluentis,9120,9121,1
13356,Mycolicibacterium_confluentis,9370,9372,2
13357,Mycolicibacterium_confluentis,9546,9547,1
13358,Mycolicibacterium_confluentis,9812,9813,1
13359,Mycolicibacterium_confluentis,9985,9986,1
13360,Mycolicibacterium_confluentis,10076,10078,2
13361,Mycolicibacterium_confluentis,10157,10158,1
13362,Mycolicibacterium_confluentis,10261,10262,1
13363,Mycolicibacterium_confluentis,10310,10312,2
13364,Mycolicibacterium_confluentis,10313,10315,2
13365,Mycolicibacterium_confluentis,10325,10326,1
13366,Mycolicibacterium_confluentis,10370,10371,1
13367,Mycolicibacterium_confluentis,10383,10385,2
13368,Mycolicibacterium_confluentis,10409,10410,1
13369,Mycolicibacterium_confluentis,10416,10417,1
13370,Mycolicibacterium_confluentis,10434,10435,1
13371,Mycolicibacterium_confluentis,10448,10449,1
13372,Mycolicibacterium_confluentis,10461,10462,1
13373,Mycolicibacterium_confluentis,10476,10477,1
13374,Mycolicibacterium_confluentis,10491,10492,1
13375,Mycolicibacterium_confluentis,10526,10527,1
13376,Mycolicibacterium_confluentis,10546,10649,103
13377,Mycolicibacterium_confluentis,10740,10741,1
13378,Mycolicibacterium_confluentis,10828,10830,2
13379,Mycolicibacterium_confluentis,10836,10843,7
13380,Mycolicibacterium_confluentis,10864,10865,1
13381,Mycolicibacterium_confluentis,10914,10915,1
13382,Mycolicibacterium_confluentis,10961,10968,7
13383,Mycolicibacterium_confluentis,10971,10975,4
13384,Mycolicibacterium_confluentis,11085,11086,1
13385,Mycolicibacterium_confluentis,11143,11144,1
13386,Mycolicibacterium_confluentis,11243,11244,1
13387,Mycolicibacterium_confluentis,11260,11261,1
13388,Mycolicibacterium_confluentis,11265,11267,2
13389,Mycolicibacterium_confluentis,11286,11287,1
13390,Mycolicibacterium_confluentis,11312,11313,1
13391,Mycolicibacterium_confluentis,11473,11474,1
13392,Mycolicibacterium_confluentis,11505,11512,7
13393,Mycolicibacterium_confluentis,11513,11514,1
13394,Mycolicibacterium_confluentis,11520,11535,15
13395,Mycolicibacterium_confluentis,11566,11567,1
13396,Mycolicibacterium_confluentis,11782,11783,1
13397,Mycolicibacterium_confluentis,11823,11824,1
13398,Mycolicibacterium_confluentis,11826,11827,1
13399,Mycolicibacterium_confluentis,11831,11836,5
13400,Mycolicibacterium_confluentis,11846,11850,4
13401,Mycolicibacterium_confluentis,11851,11852,1
13402,Mycolicibacterium_confluentis,11859,11860,1
13403,Mycolicibacterium_confluentis,11864,11866,2
13404,Mycolicibacterium_confluentis,11877,11878,1
13405,Mycolicibacterium_confluentis,11993,11994,1
13406,Mycolicibacterium_confluentis,12018,12019,1
13407,Mycolicibacterium_confluentis,12029,12030,1
13408,Mycolicibacterium_confluentis,12057,12058,1
13409,Mycolicibacterium_confluentis,12068,12069,1
13410,Mycolicibacterium_confluentis,12211,12212,1
13411,Mycolicibacterium_confluentis,12213,12214,1
13412,Mycolicibacterium_confluentis,12218,12222,4
13413,Mycolicibacterium_confluentis,12226,12227,1
13414,Mycolicibacterium_confluentis,12237,12238,1
13415,Mycolicibacterium_confluentis,12275,12276,1
13416,Mycolicibacterium_confluentis,12360,12369,9
13417,Mycolicibacterium_confluentis,12371,12372,1
13418,Mycolicibacterium_confluentis,12374,12375,1
13419,Mycolicibacterium_confluentis,12377,12382,5
13420,Mycolicibacterium_confluentis,12384,12390,6
13421,Mycolicibacterium_confluentis,12391,12400,9
13422,Mycolicibacterium_confluentis,12454,12455,1
13423,Mycolicibacterium_confluentis,12739,12740,1
13424,Mycolicibacterium_confluentis,12798,12925,127
13425,Mycolicibacterium_confluentis,13451,13452,1
13426,Mycolicibacterium_confluentis,13453,13454,1
13427,Mycolicibacterium_confluentis,13508,13509,1
13428,Mycobacterium_shinjukuense,1,10,9
13429,Mycobacterium_shinjukuense,24,39,15
13430,Mycobacterium_shinjukuense,53,71,18
13431,Mycobacterium_shinjukuense,84,107,23
13432,Mycobacterium_shinjukuense,117,132,15
13433,Mycobacterium_shinjukuense,133,136,3
13434,Mycobacterium_shinjukuense,346,349,3
13435,Mycobacterium_shinjukuense,1542,1691,149
13436,Mycobacterium_shinjukuense,3286,3289,3
13437,Mycobacterium_shinjukuense,3317,3381,64
13438,Mycobacterium_shinjukuense,3418,3420,2
13439,Mycobacterium_shinjukuense,3424,3458,34
13440,Mycobacterium_shinjukuense,3473,3479,6
13441,Mycobacterium_shinjukuense,3485,3491,6
13442,Mycobacterium_shinjukuense,3642,3645,3
13443,Mycobacterium_shinjukuense,3650,3653,3
13444,Mycobacterium_shinjukuense,3655,3667,12
13445,Mycobacterium_shinjukuense,3782,3788,6
13446,Mycobacterium_shinjukuense,4400,4406,6
13447,Mycobacterium_shinjukuense,4407,4413,6
13448,Mycobacterium_shinjukuense,4417,4426,9
13449,Mycobacterium_shinjukuense,4432,4445,13
13450,Mycobacterium_shinjukuense,4452,4455,3
13451,Mycobacterium_shinjukuense,4456,4462,6
13452,Mycobacterium_shinjukuense,4468,4480,12
13453,Mycobacterium_shinjukuense,4483,4486,3
13454,Mycobacterium_shinjukuense,4540,4552,12
13455,Mycobacterium_shinjukuense,4555,4564,9
13456,Mycobacterium_shinjukuense,4567,4573,6
13457,Mycobacterium_shinjukuense,4581,4584,3
13458,Mycobacterium_shinjukuense,5163,5169,6
13459,Mycobacterium_shinjukuense,5170,5179,9
13460,Mycobacterium_shinjukuense,5181,5190,9
13461,Mycobacterium_shinjukuense,5197,5199,2
13462,Mycobacterium_shinjukuense,5201,5204,3
13463,Mycobacterium_shinjukuense,5206,5214,8
13464,Mycobacterium_shinjukuense,5218,5230,12
13465,Mycobacterium_shinjukuense,5231,5241,10
13466,Mycobacterium_shinjukuense,5247,5253,6
13467,Mycobacterium_shinjukuense,5401,5402,1
13468,Mycobacterium_shinjukuense,6015,6016,1
13469,Mycobacterium_shinjukuense,6431,6452,21
13470,Mycobacterium_shinjukuense,6456,6462,6
13471,Mycobacterium_shinjukuense,6470,6494,24
13472,Mycobacterium_shinjukuense,7178,7254,76
13473,Mycobacterium_shinjukuense,7260,7268,8
13474,Mycobacterium_shinjukuense,7760,7763,3
13475,Mycobacterium_shinjukuense,8452,8500,48
13476,Mycobacterium_shinjukuense,8577,8578,1
13477,Mycobacterium_shinjukuense,8584,8599,15
13478,Mycobacterium_shinjukuense,8601,8603,2
13479,Mycobacterium_shinjukuense,8609,8610,1
13480,Mycobacterium_shinjukuense,8661,8662,1
13481,Mycobacterium_shinjukuense,8703,8704,1
13482,Mycobacterium_shinjukuense,8720,8721,1
13483,Mycobacterium_shinjukuense,8733,8735,2
13484,Mycobacterium_shinjukuense,8739,8742,3
13485,Mycobacterium_shinjukuense,8930,8931,1
13486,Mycobacterium_shinjukuense,8980,8982,2
13487,Mycobacterium_shinjukuense,8996,8998,2
13488,Mycobacterium_shinjukuense,9120,9121,1
13489,Mycobacterium_shinjukuense,9370,9372,2
13490,Mycobacterium_shinjukuense,9546,9547,1
13491,Mycobacterium_shinjukuense,9812,9813,1
13492,Mycobacterium_shinjukuense,9984,9986,2
13493,Mycobacterium_shinjukuense,10076,10078,2
13494,Mycobacterium_shinjukuense,10157,10158,1
13495,Mycobacterium_shinjukuense,10261,10262,1
13496,Mycobacterium_shinjukuense,10310,10312,2
13497,Mycobacterium_shinjukuense,10313,10315,2
13498,Mycobacterium_shinjukuense,10325,10326,1
13499,Mycobacterium_shinjukuense,10370,10371,1
13500,Mycobacterium_shinjukuense,10434,10435,1
13501,Mycobacterium_shinjukuense,10448,10449,1
13502,Mycobacterium_shinjukuense,10476,10477,1
13503,Mycobacterium_shinjukuense,10491,10492,1
13504,Mycobacterium_shinjukuense,10526,10527,1
13505,Mycobacterium_shinjukuense,10547,10649,102
13506,Mycobacterium_shinjukuense,10828,10830,2
13507,Mycobacterium_shinjukuense,10832,10846,14
13508,Mycobacterium_shinjukuense,10864,10865,1
13509,Mycobacterium_shinjukuense,10914,10915,1
13510,Mycobacterium_shinjukuense,10971,10972,1
13511,Mycobacterium_shinjukuense,11085,11086,1
13512,Mycobacterium_shinjukuense,11143,11144,1
13513,Mycobacterium_shinjukuense,11243,11244,1
13514,Mycobacterium_shinjukuense,11260,11261,1
13515,Mycobacterium_shinjukuense,11262,11263,1
13516,Mycobacterium_shinjukuense,11265,11267,2
13517,Mycobacterium_shinjukuense,11286,11287,1
13518,Mycobacterium_shinjukuense,11312,11313,1
13519,Mycobacterium_shinjukuense,11473,11474,1
13520,Mycobacterium_shinjukuense,11505,11534,29
13521,Mycobacterium_shinjukuense,11566,11567,1
13522,Mycobacterium_shinjukuense,11590,11591,1
13523,Mycobacterium_shinjukuense,11782,11783,1
13524,Mycobacterium_shinjukuense,11823,11824,1
13525,Mycobacterium_shinjukuense,11826,11827,1
13526,Mycobacterium_shinjukuense,11831,11836,5
13527,Mycobacterium_shinjukuense,11848,11850,2
13528,Mycobacterium_shinjukuense,11851,11852,1
13529,Mycobacterium_shinjukuense,11859,11860,1
13530,Mycobacterium_shinjukuense,11864,11866,2
13531,Mycobacterium_shinjukuense,11877,11878,1
13532,Mycobacterium_shinjukuense,11993,11994,1
13533,Mycobacterium_shinjukuense,12029,12030,1
13534,Mycobacterium_shinjukuense,12068,12069,1
13535,Mycobacterium_shinjukuense,12207,12208,1
13536,Mycobacterium_shinjukuense,12211,12212,1
13537,Mycobacterium_shinjukuense,12213,12214,1
13538,Mycobacterium_shinjukuense,12218,12222,4
13539,Mycobacterium_shinjukuense,12225,12227,2
13540,Mycobacterium_shinjukuense,12237,12238,1
13541,Mycobacterium_shinjukuense,12360,12369,9
13542,Mycobacterium_shinjukuense,12371,12372,1
13543,Mycobacterium_shinjukuense,12374,12380,6
13544,Mycobacterium_shinjukuense,12384,12390,6
13545,Mycobacterium_shinjukuense,12391,12400,9
13546,Mycobacterium_shinjukuense,12454,12455,1
13547,Mycobacterium_shinjukuense,12739,12740,1
13548,Mycobacterium_shinjukuense,12798,12925,127
13549,Mycobacterium_shinjukuense,13451,13452,1
13550,Mycobacterium_shinjukuense,13453,13454,1
13551,Mycobacterium_shinjukuense,13508,13509,1
13552,Mycobacterium_conspicuum,1,10,9
13553,Mycobacterium_conspicuum,21,39,18
13554,Mycobacterium_conspicuum,43,46,3
13555,Mycobacterium_conspicuum,53,71,18
13556,Mycobacterium_conspicuum,87,107,20
13557,Mycobacterium_conspicuum,117,132,15
13558,Mycobacterium_conspicuum,133,136,3
13559,Mycobacterium_conspicuum,346,349,3
13560,Mycobacterium_conspicuum,1542,1583,41
13561,Mycobacterium_conspicuum,1587,1676,89
13562,Mycobacterium_conspicuum,1678,1691,13
13563,Mycobacterium_conspicuum,3317,3381,64
13564,Mycobacterium_conspicuum,3390,3393,3
13565,Mycobacterium_conspicuum,3414,3420,6
13566,Mycobacterium_conspicuum,3424,3460,36
13567,Mycobacterium_conspicuum,3476,3479,3
13568,Mycobacterium_conspicuum,3485,3491,6
13569,Mycobacterium_conspicuum,3642,3645,3
13570,Mycobacterium_conspicuum,3650,3653,3
13571,Mycobacterium_conspicuum,3655,3667,12
13572,Mycobacterium_conspicuum,3782,3788,6
13573,Mycobacterium_conspicuum,4400,4406,6
13574,Mycobacterium_conspicuum,4407,4413,6
13575,Mycobacterium_conspicuum,4417,4426,9
13576,Mycobacterium_conspicuum,4432,4445,13
13577,Mycobacterium_conspicuum,4452,4455,3
13578,Mycobacterium_conspicuum,4456,4462,6
13579,Mycobacterium_conspicuum,4468,4480,12
13580,Mycobacterium_conspicuum,4483,4486,3
13581,Mycobacterium_conspicuum,4540,4552,12
13582,Mycobacterium_conspicuum,4555,4564,9
13583,Mycobacterium_conspicuum,4567,4573,6
13584,Mycobacterium_conspicuum,4581,4584,3
13585,Mycobacterium_conspicuum,5163,5169,6
13586,Mycobacterium_conspicuum,5170,5179,9
13587,Mycobacterium_conspicuum,5181,5190,9
13588,Mycobacterium_conspicuum,5197,5199,2
13589,Mycobacterium_conspicuum,5201,5204,3
13590,Mycobacterium_conspicuum,5206,5214,8
13591,Mycobacterium_conspicuum,5218,5230,12
13592,Mycobacterium_conspicuum,5231,5241,10
13593,Mycobacterium_conspicuum,5247,5253,6
13594,Mycobacterium_conspicuum,5401,5402,1
13595,Mycobacterium_conspicuum,6015,6016,1
13596,Mycobacterium_conspicuum,6428,6464,36
13597,Mycobacterium_conspicuum,6470,6494,24
13598,Mycobacterium_conspicuum,7178,7254,76
13599,Mycobacterium_conspicuum,7260,7268,8
13600,Mycobacterium_conspicuum,7760,7763,3
13601,Mycobacterium_conspicuum,8452,8500,48
13602,Mycobacterium_conspicuum,8577,8578,1
13603,Mycobacterium_conspicuum,8584,8599,15
13604,Mycobacterium_conspicuum,8601,8603,2
13605,Mycobacterium_conspicuum,8609,8610,1
13606,Mycobacterium_conspicuum,8661,8662,1
13607,Mycobacterium_conspicuum,8703,8704,1
13608,Mycobacterium_conspicuum,8720,8721,1
13609,Mycobacterium_conspicuum,8733,8735,2
13610,Mycobacterium_conspicuum,8739,8742,3
13611,Mycobacterium_conspicuum,8930,8931,1
13612,Mycobacterium_conspicuum,8980,8982,2
13613,Mycobacterium_conspicuum,8996,8998,2
13614,Mycobacterium_conspicuum,9120,9121,1
13615,Mycobacterium_conspicuum,9370,9372,2
13616,Mycobacterium_conspicuum,9546,9547,1
13617,Mycobacterium_conspicuum,9812,9814,2
13618,Mycobacterium_conspicuum,9983,9986,3
13619,Mycobacterium_conspicuum,10076,10078,2
13620,Mycobacterium_conspicuum,10157,10158,1
13621,Mycobacterium_conspicuum,10261,10262,1
13622,Mycobacterium_conspicuum,10310,10312,2
13623,Mycobacterium_conspicuum,10313,10315,2
13624,Mycobacterium_conspicuum,10325,10326,1
13625,Mycobacterium_conspicuum,10352,10353,1
13626,Mycobacterium_conspicuum,10370,10371,1
13627,Mycobacterium_conspicuum,10411,10412,1
13628,Mycobacterium_conspicuum,10434,10435,1
13629,Mycobacterium_conspicuum,10448,10449,1
13630,Mycobacterium_conspicuum,10476,10477,1
13631,Mycobacterium_conspicuum,10491,10492,1
13632,Mycobacterium_conspicuum,10526,10527,1
13633,Mycobacterium_conspicuum,10546,10649,103
13634,Mycobacterium_conspicuum,10828,10830,2
13635,Mycobacterium_conspicuum,10832,10846,14
13636,Mycobacterium_conspicuum,10864,10865,1
13637,Mycobacterium_conspicuum,10914,10915,1
13638,Mycobacterium_conspicuum,10958,10983,25
13639,Mycobacterium_conspicuum,11085,11086,1
13640,Mycobacterium_conspicuum,11143,11144,1
13641,Mycobacterium_conspicuum,11243,11244,1
13642,Mycobacterium_conspicuum,11260,11261,1
13643,Mycobacterium_conspicuum,11262,11263,1
13644,Mycobacterium_conspicuum,11265,11267,2
13645,Mycobacterium_conspicuum,11286,11287,1
13646,Mycobacterium_conspicuum,11312,11313,1
13647,Mycobacterium_conspicuum,11473,11474,1
13648,Mycobacterium_conspicuum,11505,11534,29
13649,Mycobacterium_conspicuum,11566,11567,1
13650,Mycobacterium_conspicuum,11590,11591,1
13651,Mycobacterium_conspicuum,11782,11783,1
13652,Mycobacterium_conspicuum,11823,11824,1
13653,Mycobacterium_conspicuum,11826,11827,1
13654,Mycobacterium_conspicuum,11831,11836,5
13655,Mycobacterium_conspicuum,11847,11852,5
13656,Mycobacterium_conspicuum,11859,11860,1
13657,Mycobacterium_conspicuum,11864,11866,2
13658,Mycobacterium_conspicuum,11877,11878,1
13659,Mycobacterium_conspicuum,11993,11995,2
13660,Mycobacterium_conspicuum,12029,12030,1
13661,Mycobacterium_conspicuum,12068,12069,1
13662,Mycobacterium_conspicuum,12207,12208,1
13663,Mycobacterium_conspicuum,12211,12212,1
13664,Mycobacterium_conspicuum,12213,12214,1
13665,Mycobacterium_conspicuum,12218,12222,4
13666,Mycobacterium_conspicuum,12225,12227,2
13667,Mycobacterium_conspicuum,12237,12238,1
13668,Mycobacterium_conspicuum,12360,12369,9
13669,Mycobacterium_conspicuum,12371,12372,1
13670,Mycobacterium_conspicuum,12374,12380,6
13671,Mycobacterium_conspicuum,12384,12390,6
13672,Mycobacterium_conspicuum,12391,12400,9
13673,Mycobacterium_conspicuum,12454,12455,1
13674,Mycobacterium_conspicuum,12739,12740,1
13675,Mycobacterium_conspicuum,12798,12925,127
13676,Mycobacterium_conspicuum,13451,13452,1
13677,Mycobacterium_conspicuum,13453,13454,1
13678,Mycobacterium_conspicuum,13508,13509,1
13679,Mycobacterium_florentinum,1,10,9
13680,Mycobacterium_florentinum,21,39,18
13681,Mycobacterium_florentinum,43,46,3
13682,Mycobacterium_florentinum,53,71,18
13683,Mycobacterium_florentinum,87,107,20
13684,Mycobacterium_florentinum,117,132,15
13685,Mycobacterium_florentinum,133,136,3
13686,Mycobacterium_florentinum,346,349,3
13687,Mycobacterium_florentinum,1542,1691,149
13688,Mycobacterium_florentinum,3317,3361,44
13689,Mycobacterium_florentinum,3364,3365,1
13690,Mycobacterium_florentinum,3373,3374,1
13691,Mycobacterium_florentinum,3414,3420,6
13692,Mycobacterium_florentinum,3422,3482,60
13693,Mycobacterium_florentinum,3485,3491,6
13694,Mycobacterium_florentinum,3642,3645,3
13695,Mycobacterium_florentinum,3650,3653,3
13696,Mycobacterium_florentinum,3655,3667,12
13697,Mycobacterium_florentinum,3782,3788,6
13698,Mycobacterium_florentinum,4400,4406,6
13699,Mycobacterium_florentinum,4407,4413,6
13700,Mycobacterium_florentinum,4417,4426,9
13701,Mycobacterium_florentinum,4432,4445,13
13702,Mycobacterium_florentinum,4452,4455,3
13703,Mycobacterium_florentinum,4456,4462,6
13704,Mycobacterium_florentinum,4468,4480,12
13705,Mycobacterium_florentinum,4483,4486,3
13706,Mycobacterium_florentinum,4540,4552,12
13707,Mycobacterium_florentinum,4555,4564,9
13708,Mycobacterium_florentinum,4567,4573,6
13709,Mycobacterium_florentinum,4581,4584,3
13710,Mycobacterium_florentinum,5163,5169,6
13711,Mycobacterium_florentinum,5170,5179,9
13712,Mycobacterium_florentinum,5181,5190,9
13713,Mycobacterium_florentinum,5197,5199,2
13714,Mycobacterium_florentinum,5201,5204,3
13715,Mycobacterium_florentinum,5206,5214,8
13716,Mycobacterium_florentinum,5218,5230,12
13717,Mycobacterium_florentinum,5231,5241,10
13718,Mycobacterium_florentinum,5247,5253,6
13719,Mycobacterium_florentinum,5401,5402,1
13720,Mycobacterium_florentinum,6015,6016,1
13721,Mycobacterium_florentinum,6428,6464,36
13722,Mycobacterium_florentinum,6470,6494,24
13723,Mycobacterium_florentinum,7178,7254,76
13724,Mycobacterium_florentinum,7260,7268,8
13725,Mycobacterium_florentinum,7760,7763,3
13726,Mycobacterium_florentinum,8452,8500,48
13727,Mycobacterium_florentinum,8577,8578,1
13728,Mycobacterium_florentinum,8584,8599,15
13729,Mycobacterium_florentinum,8601,8603,2
13730,Mycobacterium_florentinum,8609,8610,1
13731,Mycobacterium_florentinum,8661,8662,1
13732,Mycobacterium_florentinum,8703,8704,1
13733,Mycobacterium_florentinum,8720,8721,1
13734,Mycobacterium_florentinum,8733,8735,2
13735,Mycobacterium_florentinum,8739,8742,3
13736,Mycobacterium_florentinum,8930,8931,1
13737,Mycobacterium_florentinum,8980,8982,2
13738,Mycobacterium_florentinum,8987,9001,14
13739,Mycobacterium_florentinum,9120,9121,1
13740,Mycobacterium_florentinum,9370,9372,2
13741,Mycobacterium_florentinum,9546,9547,1
13742,Mycobacterium_florentinum,9812,9813,1
13743,Mycobacterium_florentinum,9983,9987,4
13744,Mycobacterium_florentinum,10076,10078,2
13745,Mycobacterium_florentinum,10157,10158,1
13746,Mycobacterium_florentinum,10261,10262,1
13747,Mycobacterium_florentinum,10310,10312,2
13748,Mycobacterium_florentinum,10313,10315,2
13749,Mycobacterium_florentinum,10325,10326,1
13750,Mycobacterium_florentinum,10352,10353,1
13751,Mycobacterium_florentinum,10370,10371,1
13752,Mycobacterium_florentinum,10415,10416,1
13753,Mycobacterium_florentinum,10434,10435,1
13754,Mycobacterium_florentinum,10448,10449,1
13755,Mycobacterium_florentinum,10476,10477,1
13756,Mycobacterium_florentinum,10491,10492,1
13757,Mycobacterium_florentinum,10526,10527,1
13758,Mycobacterium_florentinum,10539,10540,1
13759,Mycobacterium_florentinum,10546,10649,103
13760,Mycobacterium_florentinum,10828,10830,2
13761,Mycobacterium_florentinum,10832,10846,14
13762,Mycobacterium_florentinum,10864,10865,1
13763,Mycobacterium_florentinum,10914,10915,1
13764,Mycobacterium_florentinum,10958,10983,25
13765,Mycobacterium_florentinum,11085,11086,1
13766,Mycobacterium_florentinum,11143,11144,1
13767,Mycobacterium_florentinum,11243,11244,1
13768,Mycobacterium_florentinum,11260,11261,1
13769,Mycobacterium_florentinum,11262,11263,1
13770,Mycobacterium_florentinum,11265,11267,2
13771,Mycobacterium_florentinum,11286,11287,1
13772,Mycobacterium_florentinum,11312,11313,1
13773,Mycobacterium_florentinum,11473,11474,1
13774,Mycobacterium_florentinum,11505,11534,29
13775,Mycobacterium_florentinum,11566,11567,1
13776,Mycobacterium_florentinum,11590,11591,1
13777,Mycobacterium_florentinum,11782,11783,1
13778,Mycobacterium_florentinum,11823,11824,1
13779,Mycobacterium_florentinum,11826,11827,1
13780,Mycobacterium_florentinum,11831,11836,5
13781,Mycobacterium_florentinum,11847,11852,5
13782,Mycobacterium_florentinum,11859,11860,1
13783,Mycobacterium_florentinum,11864,11866,2
13784,Mycobacterium_florentinum,11877,11878,1
13785,Mycobacterium_florentinum,11993,11995,2
13786,Mycobacterium_florentinum,12029,12030,1
13787,Mycobacterium_florentinum,12068,12069,1
13788,Mycobacterium_florentinum,12207,12208,1
13789,Mycobacterium_florentinum,12211,12212,1
13790,Mycobacterium_florentinum,12213,12214,1
13791,Mycobacterium_florentinum,12218,12222,4
13792,Mycobacterium_florentinum,12225,12227,2
13793,Mycobacterium_florentinum,12237,12238,1
13794,Mycobacterium_florentinum,12360,12370,10
13795,Mycobacterium_florentinum,12371,12372,1
13796,Mycobacterium_florentinum,12374,12380,6
13797,Mycobacterium_florentinum,12383,12390,7
13798,Mycobacterium_florentinum,12391,12400,9
13799,Mycobacterium_florentinum,12454,12455,1
13800,Mycobacterium_florentinum,12738,12740,2
13801,Mycobacterium_florentinum,12798,12925,127
13802,Mycobacterium_florentinum,13451,13452,1
13803,Mycobacterium_florentinum,13453,13454,1
13804,Mycobacterium_florentinum,13508,13509,1
13805,Mycobacterium_parmense,1,10,9
13806,Mycobacterium_parmense,21,39,18
13807,Mycobacterium_parmense,43,46,3
13808,Mycobacterium_parmense,62,71,9
13809,Mycobacterium_parmense,87,107,20
13810,Mycobacterium_parmense,117,132,15
13811,Mycobacterium_parmense,133,136,3
13812,Mycobacterium_parmense,346,349,3
13813,Mycobacterium_parmense,1542,1583,41
13814,Mycobacterium_parmense,1587,1676,89
13815,Mycobacterium_parmense,1678,1691,13
13816,Mycobacterium_parmense,3317,3381,64
13817,Mycobacterium_parmense,3414,3420,6
13818,Mycobacterium_parmense,3424,3460,36
13819,Mycobacterium_parmense,3476,3479,3
13820,Mycobacterium_parmense,3485,3491,6
13821,Mycobacterium_parmense,3642,3645,3
13822,Mycobacterium_parmense,3650,3653,3
13823,Mycobacterium_parmense,3655,3667,12
13824,Mycobacterium_parmense,3782,3788,6
13825,Mycobacterium_parmense,4400,4406,6
13826,Mycobacterium_parmense,4407,4413,6
13827,Mycobacterium_parmense,4417,4426,9
13828,Mycobacterium_parmense,4432,4445,13
13829,Mycobacterium_parmense,4452,4455,3
13830,Mycobacterium_parmense,4456,4462,6
13831,Mycobacterium_parmense,4468,4480,12
13832,Mycobacterium_parmense,4483,4486,3
13833,Mycobacterium_parmense,4540,4552,12
13834,Mycobacterium_parmense,4555,4564,9
13835,Mycobacterium_parmense,4567,4573,6
13836,Mycobacterium_parmense,4581,4584,3
13837,Mycobacterium_parmense,5163,5169,6
13838,Mycobacterium_parmense,5170,5179,9
13839,Mycobacterium_parmense,5181,5190,9
13840,Mycobacterium_parmense,5197,5199,2
13841,Mycobacterium_parmense,5201,5204,3
13842,Mycobacterium_parmense,5206,5214,8
13843,Mycobacterium_parmense,5218,5230,12
13844,Mycobacterium_parmense,5231,5241,10
13845,Mycobacterium_parmense,5247,5253,6
13846,Mycobacterium_parmense,5401,5402,1
13847,Mycobacterium_parmense,6015,6016,1
13848,Mycobacterium_parmense,6431,6452,21
13849,Mycobacterium_parmense,6456,6462,6
13850,Mycobacterium_parmense,6470,6494,24
13851,Mycobacterium_parmense,7178,7254,76
13852,Mycobacterium_parmense,7260,7268,8
13853,Mycobacterium_parmense,7760,7763,3
13854,Mycobacterium_parmense,8452,8500,48
13855,Mycobacterium_parmense,8577,8578,1
13856,Mycobacterium_parmense,8584,8599,15
13857,Mycobacterium_parmense,8601,8603,2
13858,Mycobacterium_parmense,8609,8610,1
13859,Mycobacterium_parmense,8661,8662,1
13860,Mycobacterium_parmense,8703,8704,1
13861,Mycobacterium_parmense,8720,8721,1
13862,Mycobacterium_parmense,8733,8734,1
13863,Mycobacterium_parmense,8739,8742,3
13864,Mycobacterium_parmense,8930,8931,1
13865,Mycobacterium_parmense,8980,8982,2
13866,Mycobacterium_parmense,8987,9001,14
13867,Mycobacterium_parmense,9120,9121,1
13868,Mycobacterium_parmense,9370,9372,2
13869,Mycobacterium_parmense,9546,9547,1
13870,Mycobacterium_parmense,9812,9813,1
13871,Mycobacterium_parmense,9983,9987,4
13872,Mycobacterium_parmense,10076,10078,2
13873,Mycobacterium_parmense,10157,10158,1
13874,Mycobacterium_parmense,10261,10262,1
13875,Mycobacterium_parmense,10310,10312,2
13876,Mycobacterium_parmense,10313,10315,2
13877,Mycobacterium_parmense,10325,10326,1
13878,Mycobacterium_parmense,10352,10353,1
13879,Mycobacterium_parmense,10370,10371,1
13880,Mycobacterium_parmense,10434,10435,1
13881,Mycobacterium_parmense,10448,10449,1
13882,Mycobacterium_parmense,10476,10477,1
13883,Mycobacterium_parmense,10491,10492,1
13884,Mycobacterium_parmense,10526,10527,1
13885,Mycobacterium_parmense,10546,10649,103
13886,Mycobacterium_parmense,10828,10830,2
13887,Mycobacterium_parmense,10832,10846,14
13888,Mycobacterium_parmense,10864,10865,1
13889,Mycobacterium_parmense,10914,10915,1
13890,Mycobacterium_parmense,10962,10975,13
13891,Mycobacterium_parmense,11085,11086,1
13892,Mycobacterium_parmense,11143,11144,1
13893,Mycobacterium_parmense,11243,11244,1
13894,Mycobacterium_parmense,11260,11261,1
13895,Mycobacterium_parmense,11262,11263,1
13896,Mycobacterium_parmense,11265,11267,2
13897,Mycobacterium_parmense,11286,11287,1
13898,Mycobacterium_parmense,11312,11313,1
13899,Mycobacterium_parmense,11473,11474,1
13900,Mycobacterium_parmense,11505,11534,29
13901,Mycobacterium_parmense,11566,11567,1
13902,Mycobacterium_parmense,11590,11591,1
13903,Mycobacterium_parmense,11782,11783,1
13904,Mycobacterium_parmense,11823,11824,1
13905,Mycobacterium_parmense,11826,11827,1
13906,Mycobacterium_parmense,11831,11836,5
13907,Mycobacterium_parmense,11841,11843,2
13908,Mycobacterium_parmense,11848,11850,2
13909,Mycobacterium_parmense,11851,11852,1
13910,Mycobacterium_parmense,11859,11860,1
13911,Mycobacterium_parmense,11864,11866,2
13912,Mycobacterium_parmense,11877,11878,1
13913,Mycobacterium_parmense,11990,11991,1
13914,Mycobacterium_parmense,11993,11994,1
13915,Mycobacterium_parmense,12029,12030,1
13916,Mycobacterium_parmense,12068,12069,1
13917,Mycobacterium_parmense,12207,12208,1
13918,Mycobacterium_parmense,12211,12212,1
13919,Mycobacterium_parmense,12213,12215,2
13920,Mycobacterium_parmense,12218,12222,4
13921,Mycobacterium_parmense,12225,12227,2
13922,Mycobacterium_parmense,12237,12238,1
13923,Mycobacterium_parmense,12360,12369,9
13924,Mycobacterium_parmense,12371,12380,9
13925,Mycobacterium_parmense,12384,12390,6
13926,Mycobacterium_parmense,12391,12400,9
13927,Mycobacterium_parmense,12454,12455,1
13928,Mycobacterium_parmense,12739,12740,1
13929,Mycobacterium_parmense,12798,12925,127
13930,Mycobacterium_parmense,13451,13452,1
13931,Mycobacterium_parmense,13453,13454,1
13932,Mycobacterium_parmense,13508,13509,1
13933,Mycobacterium_heidelbergense,1,10,9
13934,Mycobacterium_heidelbergense,21,39,18
13935,Mycobacterium_heidelbergense,43,46,3
13936,Mycobacterium_heidelbergense,62,71,9
13937,Mycobacterium_heidelbergense,87,107,20
13938,Mycobacterium_heidelbergense,117,132,15
13939,Mycobacterium_heidelbergense,133,136,3
13940,Mycobacterium_heidelbergense,346,349,3
13941,Mycobacterium_heidelbergense,1542,1691,149
13942,Mycobacterium_heidelbergense,3317,3381,64
13943,Mycobacterium_heidelbergense,3424,3460,36
13944,Mycobacterium_heidelbergense,3473,3479,6
13945,Mycobacterium_heidelbergense,3485,3491,6
13946,Mycobacterium_heidelbergense,3642,3645,3
13947,Mycobacterium_heidelbergense,3650,3653,3
13948,Mycobacterium_heidelbergense,3782,3788,6
13949,Mycobacterium_heidelbergense,4400,4406,6
13950,Mycobacterium_heidelbergense,4407,4413,6
13951,Mycobacterium_heidelbergense,4417,4426,9
13952,Mycobacterium_heidelbergense,4432,4445,13
13953,Mycobacterium_heidelbergense,4452,4455,3
13954,Mycobacterium_heidelbergense,4456,4462,6
13955,Mycobacterium_heidelbergense,4468,4480,12
13956,Mycobacterium_heidelbergense,4483,4486,3
13957,Mycobacterium_heidelbergense,4540,4552,12
13958,Mycobacterium_heidelbergense,4555,4564,9
13959,Mycobacterium_heidelbergense,4567,4573,6
13960,Mycobacterium_heidelbergense,4581,4584,3
13961,Mycobacterium_heidelbergense,5163,5169,6
13962,Mycobacterium_heidelbergense,5170,5179,9
13963,Mycobacterium_heidelbergense,5181,5188,7
13964,Mycobacterium_heidelbergense,5197,5199,2
13965,Mycobacterium_heidelbergense,5201,5204,3
13966,Mycobacterium_heidelbergense,5206,5214,8
13967,Mycobacterium_heidelbergense,5219,5224,5
13968,Mycobacterium_heidelbergense,5231,5241,10
13969,Mycobacterium_heidelbergense,5247,5253,6
13970,Mycobacterium_heidelbergense,5401,5402,1
13971,Mycobacterium_heidelbergense,6015,6016,1
13972,Mycobacterium_heidelbergense,6431,6452,21
13973,Mycobacterium_heidelbergense,6456,6462,6
13974,Mycobacterium_heidelbergense,6470,6494,24
13975,Mycobacterium_heidelbergense,7178,7254,76
13976,Mycobacterium_heidelbergense,7260,7268,8
13977,Mycobacterium_heidelbergense,7760,7763,3
13978,Mycobacterium_heidelbergense,8452,8500,48
13979,Mycobacterium_heidelbergense,8577,8578,1
13980,Mycobacterium_heidelbergense,8584,8599,15
13981,Mycobacterium_heidelbergense,8601,8603,2
13982,Mycobacterium_heidelbergense,8609,8610,1
13983,Mycobacterium_heidelbergense,8661,8662,1
13984,Mycobacterium_heidelbergense,8703,8704,1
13985,Mycobacterium_heidelbergense,8720,8721,1
13986,Mycobacterium_heidelbergense,8733,8735,2
13987,Mycobacterium_heidelbergense,8739,8742,3
13988,Mycobacterium_heidelbergense,8930,8931,1
13989,Mycobacterium_heidelbergense,8980,8982,2
13990,Mycobacterium_heidelbergense,8987,9001,14
13991,Mycobacterium_heidelbergense,9120,9121,1
13992,Mycobacterium_heidelbergense,9370,9372,2
13993,Mycobacterium_heidelbergense,9546,9547,1
13994,Mycobacterium_heidelbergense,9812,9813,1
13995,Mycobacterium_heidelbergense,9983,9986,3
13996,Mycobacterium_heidelbergense,10076,10078,2
13997,Mycobacterium_heidelbergense,10157,10158,1
13998,Mycobacterium_heidelbergense,10261,10262,1
13999,Mycobacterium_heidelbergense,10310,10312,2
14000,Mycobacterium_heidelbergense,10313,10315,2
14001,Mycobacterium_heidelbergense,10325,10326,1
14002,Mycobacterium_heidelbergense,10370,10371,1
14003,Mycobacterium_heidelbergense,10434,10435,1
14004,Mycobacterium_heidelbergense,10448,10449,1
14005,Mycobacterium_heidelbergense,10476,10477,1
14006,Mycobacterium_heidelbergense,10491,10492,1
14007,Mycobacterium_heidelbergense,10526,10527,1
14008,Mycobacterium_heidelbergense,10546,10649,103
14009,Mycobacterium_heidelbergense,10828,10830,2
14010,Mycobacterium_heidelbergense,10832,10846,14
14011,Mycobacterium_heidelbergense,10864,10865,1
14012,Mycobacterium_heidelbergense,10914,10915,1
14013,Mycobacterium_heidelbergense,10957,10982,25
14014,Mycobacterium_heidelbergense,11085,11086,1
14015,Mycobacterium_heidelbergense,11143,11144,1
14016,Mycobacterium_heidelbergense,11243,11244,1
14017,Mycobacterium_heidelbergense,11260,11261,1
14018,Mycobacterium_heidelbergense,11262,11263,1
14019,Mycobacterium_heidelbergense,11265,11267,2
14020,Mycobacterium_heidelbergense,11286,11287,1
14021,Mycobacterium_heidelbergense,11312,11313,1
14022,Mycobacterium_heidelbergense,11473,11474,1
14023,Mycobacterium_heidelbergense,11505,11534,29
14024,Mycobacterium_heidelbergense,11566,11567,1
14025,Mycobacterium_heidelbergense,11590,11591,1
14026,Mycobacterium_heidelbergense,11782,11783,1
14027,Mycobacterium_heidelbergense,11823,11824,1
14028,Mycobacterium_heidelbergense,11826,11827,1
14029,Mycobacterium_heidelbergense,11831,11836,5
14030,Mycobacterium_heidelbergense,11848,11850,2
14031,Mycobacterium_heidelbergense,11851,11852,1
14032,Mycobacterium_heidelbergense,11859,11860,1
14033,Mycobacterium_heidelbergense,11864,11866,2
14034,Mycobacterium_heidelbergense,11877,11878,1
14035,Mycobacterium_heidelbergense,11993,11994,1
14036,Mycobacterium_heidelbergense,12029,12030,1
14037,Mycobacterium_heidelbergense,12068,12069,1
14038,Mycobacterium_heidelbergense,12207,12208,1
14039,Mycobacterium_heidelbergense,12211,12212,1
14040,Mycobacterium_heidelbergense,12213,12214,1
14041,Mycobacterium_heidelbergense,12218,12222,4
14042,Mycobacterium_heidelbergense,12225,12227,2
14043,Mycobacterium_heidelbergense,12237,12238,1
14044,Mycobacterium_heidelbergense,12360,12369,9
14045,Mycobacterium_heidelbergense,12371,12372,1
14046,Mycobacterium_heidelbergense,12374,12380,6
14047,Mycobacterium_heidelbergense,12384,12390,6
14048,Mycobacterium_heidelbergense,12391,12400,9
14049,Mycobacterium_heidelbergense,12454,12455,1
14050,Mycobacterium_heidelbergense,12739,12740,1
14051,Mycobacterium_heidelbergense,12798,12925,127
14052,Mycobacterium_heidelbergense,13451,13452,1
14053,Mycobacterium_heidelbergense,13453,13454,1
14054,Mycobacterium_heidelbergense,13508,13509,1
14055,Mycobacterium_grossiae,1,10,9
14056,Mycobacterium_grossiae,21,39,18
14057,Mycobacterium_grossiae,43,46,3
14058,Mycobacterium_grossiae,51,113,62
14059,Mycobacterium_grossiae,117,132,15
14060,Mycobacterium_grossiae,133,136,3
14061,Mycobacterium_grossiae,346,349,3
14062,Mycobacterium_grossiae,1542,1691,149
14063,Mycobacterium_grossiae,3317,3361,44
14064,Mycobacterium_grossiae,3364,3365,1
14065,Mycobacterium_grossiae,3373,3374,1
14066,Mycobacterium_grossiae,3409,3420,11
14067,Mycobacterium_grossiae,3424,3491,67
14068,Mycobacterium_grossiae,3642,3645,3
14069,Mycobacterium_grossiae,3650,3653,3
14070,Mycobacterium_grossiae,3655,3667,12
14071,Mycobacterium_grossiae,3782,3788,6
14072,Mycobacterium_grossiae,4400,4406,6
14073,Mycobacterium_grossiae,4407,4413,6
14074,Mycobacterium_grossiae,4417,4426,9
14075,Mycobacterium_grossiae,4432,4445,13
14076,Mycobacterium_grossiae,4452,4455,3
14077,Mycobacterium_grossiae,4456,4462,6
14078,Mycobacterium_grossiae,4468,4474,6
14079,Mycobacterium_grossiae,4475,4481,6
14080,Mycobacterium_grossiae,4483,4486,3
14081,Mycobacterium_grossiae,4540,4552,12
14082,Mycobacterium_grossiae,4567,4573,6
14083,Mycobacterium_grossiae,5163,5169,6
14084,Mycobacterium_grossiae,5170,5179,9
14085,Mycobacterium_grossiae,5181,5190,9
14086,Mycobacterium_grossiae,5197,5199,2
14087,Mycobacterium_grossiae,5201,5204,3
14088,Mycobacterium_grossiae,5206,5214,8
14089,Mycobacterium_grossiae,5218,5230,12
14090,Mycobacterium_grossiae,5231,5241,10
14091,Mycobacterium_grossiae,5247,5253,6
14092,Mycobacterium_grossiae,5401,5402,1
14093,Mycobacterium_grossiae,6015,6016,1
14094,Mycobacterium_grossiae,6431,6452,21
14095,Mycobacterium_grossiae,6456,6462,6
14096,Mycobacterium_grossiae,6470,6494,24
14097,Mycobacterium_grossiae,7178,7254,76
14098,Mycobacterium_grossiae,7260,7268,8
14099,Mycobacterium_grossiae,7760,7763,3
14100,Mycobacterium_grossiae,8452,8500,48
14101,Mycobacterium_grossiae,8577,8578,1
14102,Mycobacterium_grossiae,8584,8599,15
14103,Mycobacterium_grossiae,8600,8604,4
14104,Mycobacterium_grossiae,8609,8610,1
14105,Mycobacterium_grossiae,8661,8662,1
14106,Mycobacterium_grossiae,8703,8704,1
14107,Mycobacterium_grossiae,8720,8721,1
14108,Mycobacterium_grossiae,8733,8735,2
14109,Mycobacterium_grossiae,8739,8742,3
14110,Mycobacterium_grossiae,8930,8931,1
14111,Mycobacterium_grossiae,8980,8982,2
14112,Mycobacterium_grossiae,8984,8998,14
14113,Mycobacterium_grossiae,9120,9121,1
14114,Mycobacterium_grossiae,9370,9372,2
14115,Mycobacterium_grossiae,9546,9547,1
14116,Mycobacterium_grossiae,9812,9813,1
14117,Mycobacterium_grossiae,9983,9986,3
14118,Mycobacterium_grossiae,10076,10078,2
14119,Mycobacterium_grossiae,10157,10158,1
14120,Mycobacterium_grossiae,10261,10262,1
14121,Mycobacterium_grossiae,10310,10312,2
14122,Mycobacterium_grossiae,10313,10315,2
14123,Mycobacterium_grossiae,10325,10326,1
14124,Mycobacterium_grossiae,10370,10371,1
14125,Mycobacterium_grossiae,10416,10417,1
14126,Mycobacterium_grossiae,10434,10435,1
14127,Mycobacterium_grossiae,10448,10449,1
14128,Mycobacterium_grossiae,10491,10492,1
14129,Mycobacterium_grossiae,10526,10527,1
14130,Mycobacterium_grossiae,10546,10649,103
14131,Mycobacterium_grossiae,10828,10831,3
14132,Mycobacterium_grossiae,10835,10843,8
14133,Mycobacterium_grossiae,10864,10865,1
14134,Mycobacterium_grossiae,10914,10915,1
14135,Mycobacterium_grossiae,10965,10966,1
14136,Mycobacterium_grossiae,10971,10975,4
14137,Mycobacterium_grossiae,11085,11086,1
14138,Mycobacterium_grossiae,11143,11144,1
14139,Mycobacterium_grossiae,11243,11244,1
14140,Mycobacterium_grossiae,11260,11261,1
14141,Mycobacterium_grossiae,11286,11287,1
14142,Mycobacterium_grossiae,11312,11313,1
14143,Mycobacterium_grossiae,11473,11474,1
14144,Mycobacterium_grossiae,11505,11512,7
14145,Mycobacterium_grossiae,11513,11514,1
14146,Mycobacterium_grossiae,11520,11539,19
14147,Mycobacterium_grossiae,11566,11567,1
14148,Mycobacterium_grossiae,11782,11783,1
14149,Mycobacterium_grossiae,11823,11824,1
14150,Mycobacterium_grossiae,11826,11827,1
14151,Mycobacterium_grossiae,11831,11836,5
14152,Mycobacterium_grossiae,11846,11850,4
14153,Mycobacterium_grossiae,11851,11852,1
14154,Mycobacterium_grossiae,11859,11860,1
14155,Mycobacterium_grossiae,11864,11866,2
14156,Mycobacterium_grossiae,11877,11878,1
14157,Mycobacterium_grossiae,11993,11994,1
14158,Mycobacterium_grossiae,12029,12030,1
14159,Mycobacterium_grossiae,12068,12069,1
14160,Mycobacterium_grossiae,12207,12208,1
14161,Mycobacterium_grossiae,12211,12212,1
14162,Mycobacterium_grossiae,12213,12214,1
14163,Mycobacterium_grossiae,12218,12222,4
14164,Mycobacterium_grossiae,12226,12227,1
14165,Mycobacterium_grossiae,12237,12238,1
14166,Mycobacterium_grossiae,12360,12369,9
14167,Mycobacterium_grossiae,12371,12372,1
14168,Mycobacterium_grossiae,12374,12375,1
14169,Mycobacterium_grossiae,12378,12381,3
14170,Mycobacterium_grossiae,12384,12390,6
14171,Mycobacterium_grossiae,12391,12400,9
14172,Mycobacterium_grossiae,12454,12455,1
14173,Mycobacterium_grossiae,12739,12740,1
14174,Mycobacterium_grossiae,12798,12925,127
14175,Mycobacterium_grossiae,13451,13452,1
14176,Mycobacterium_grossiae,13453,13454,1
14177,Mycobacterium_grossiae,13508,13509,1
14178,Mycobacteroides_salmoniphilum,1,10,9
14179,Mycobacteroides_salmoniphilum,24,39,15
14180,Mycobacteroides_salmoniphilum,43,46,3
14181,Mycobacteroides_salmoniphilum,53,115,62
14182,Mycobacteroides_salmoniphilum,117,132,15
14183,Mycobacteroides_salmoniphilum,133,136,3
14184,Mycobacteroides_salmoniphilum,346,349,3
14185,Mycobacteroides_salmoniphilum,1542,1691,149
14186,Mycobacteroides_salmoniphilum,3320,3326,6
14187,Mycobacteroides_salmoniphilum,3333,3361,28
14188,Mycobacteroides_salmoniphilum,3364,3365,1
14189,Mycobacteroides_salmoniphilum,3372,3374,2
14190,Mycobacteroides_salmoniphilum,3411,3480,69
14191,Mycobacteroides_salmoniphilum,3485,3491,6
14192,Mycobacteroides_salmoniphilum,3642,3645,3
14193,Mycobacteroides_salmoniphilum,3650,3653,3
14194,Mycobacteroides_salmoniphilum,3655,3667,12
14195,Mycobacteroides_salmoniphilum,3782,3788,6
14196,Mycobacteroides_salmoniphilum,4400,4406,6
14197,Mycobacteroides_salmoniphilum,4407,4413,6
14198,Mycobacteroides_salmoniphilum,4424,4425,1
14199,Mycobacteroides_salmoniphilum,4433,4445,12
14200,Mycobacteroides_salmoniphilum,4452,4455,3
14201,Mycobacteroides_salmoniphilum,4456,4462,6
14202,Mycobacteroides_salmoniphilum,4468,4486,18
14203,Mycobacteroides_salmoniphilum,4540,4552,12
14204,Mycobacteroides_salmoniphilum,4555,4564,9
14205,Mycobacteroides_salmoniphilum,4567,4573,6
14206,Mycobacteroides_salmoniphilum,4582,4585,3
14207,Mycobacteroides_salmoniphilum,5163,5169,6
14208,Mycobacteroides_salmoniphilum,5170,5179,9
14209,Mycobacteroides_salmoniphilum,5181,5190,9
14210,Mycobacteroides_salmoniphilum,5197,5199,2
14211,Mycobacteroides_salmoniphilum,5201,5204,3
14212,Mycobacteroides_salmoniphilum,5206,5214,8
14213,Mycobacteroides_salmoniphilum,5218,5230,12
14214,Mycobacteroides_salmoniphilum,5231,5241,10
14215,Mycobacteroides_salmoniphilum,5247,5253,6
14216,Mycobacteroides_salmoniphilum,5401,5402,1
14217,Mycobacteroides_salmoniphilum,6015,6016,1
14218,Mycobacteroides_salmoniphilum,6431,6467,36
14219,Mycobacteroides_salmoniphilum,6470,6494,24
14220,Mycobacteroides_salmoniphilum,7178,7254,76
14221,Mycobacteroides_salmoniphilum,7260,7268,8
14222,Mycobacteroides_salmoniphilum,8452,8500,48
14223,Mycobacteroides_salmoniphilum,8577,8578,1
14224,Mycobacteroides_salmoniphilum,8584,8603,19
14225,Mycobacteroides_salmoniphilum,8609,8610,1
14226,Mycobacteroides_salmoniphilum,8661,8662,1
14227,Mycobacteroides_salmoniphilum,8703,8704,1
14228,Mycobacteroides_salmoniphilum,8720,8721,1
14229,Mycobacteroides_salmoniphilum,8733,8735,2
14230,Mycobacteroides_salmoniphilum,8739,8742,3
14231,Mycobacteroides_salmoniphilum,8930,8931,1
14232,Mycobacteroides_salmoniphilum,8981,8997,16
14233,Mycobacteroides_salmoniphilum,9120,9121,1
14234,Mycobacteroides_salmoniphilum,9370,9372,2
14235,Mycobacteroides_salmoniphilum,9546,9547,1
14236,Mycobacteroides_salmoniphilum,9812,9814,2
14237,Mycobacteroides_salmoniphilum,9982,9986,4
14238,Mycobacteroides_salmoniphilum,10076,10077,1
14239,Mycobacteroides_salmoniphilum,10157,10158,1
14240,Mycobacteroides_salmoniphilum,10261,10262,1
14241,Mycobacteroides_salmoniphilum,10310,10312,2
14242,Mycobacteroides_salmoniphilum,10313,10315,2
14243,Mycobacteroides_salmoniphilum,10325,10326,1
14244,Mycobacteroides_salmoniphilum,10370,10371,1
14245,Mycobacteroides_salmoniphilum,10434,10435,1
14246,Mycobacteroides_salmoniphilum,10448,10449,1
14247,Mycobacteroides_salmoniphilum,10476,10477,1
14248,Mycobacteroides_salmoniphilum,10491,10492,1
14249,Mycobacteroides_salmoniphilum,10526,10527,1
14250,Mycobacteroides_salmoniphilum,10546,10649,103
14251,Mycobacteroides_salmoniphilum,10828,10839,11
14252,Mycobacteroides_salmoniphilum,10841,10846,5
14253,Mycobacteroides_salmoniphilum,10864,10865,1
14254,Mycobacteroides_salmoniphilum,10914,10915,1
14255,Mycobacteroides_salmoniphilum,10955,10974,19
14256,Mycobacteroides_salmoniphilum,10975,10980,5
14257,Mycobacteroides_salmoniphilum,11085,11086,1
14258,Mycobacteroides_salmoniphilum,11143,11144,1
14259,Mycobacteroides_salmoniphilum,11243,11244,1
14260,Mycobacteroides_salmoniphilum,11260,11261,1
14261,Mycobacteroides_salmoniphilum,11265,11267,2
14262,Mycobacteroides_salmoniphilum,11286,11287,1
14263,Mycobacteroides_salmoniphilum,11312,11313,1
14264,Mycobacteroides_salmoniphilum,11473,11474,1
14265,Mycobacteroides_salmoniphilum,11520,11521,1
14266,Mycobacteroides_salmoniphilum,11532,11533,1
14267,Mycobacteroides_salmoniphilum,11566,11567,1
14268,Mycobacteroides_salmoniphilum,11635,11636,1
14269,Mycobacteroides_salmoniphilum,11782,11783,1
14270,Mycobacteroides_salmoniphilum,11823,11824,1
14271,Mycobacteroides_salmoniphilum,11826,11827,1
14272,Mycobacteroides_salmoniphilum,11831,11836,5
14273,Mycobacteroides_salmoniphilum,11847,11852,5
14274,Mycobacteroides_salmoniphilum,11859,11860,1
14275,Mycobacteroides_salmoniphilum,11864,11866,2
14276,Mycobacteroides_salmoniphilum,11877,11878,1
14277,Mycobacteroides_salmoniphilum,11992,11994,2
14278,Mycobacteroides_salmoniphilum,12029,12030,1
14279,Mycobacteroides_salmoniphilum,12068,12069,1
14280,Mycobacteroides_salmoniphilum,12194,12195,1
14281,Mycobacteroides_salmoniphilum,12211,12214,3
14282,Mycobacteroides_salmoniphilum,12220,12221,1
14283,Mycobacteroides_salmoniphilum,12222,12227,5
14284,Mycobacteroides_salmoniphilum,12237,12238,1
14285,Mycobacteroides_salmoniphilum,12360,12369,9
14286,Mycobacteroides_salmoniphilum,12371,12372,1
14287,Mycobacteroides_salmoniphilum,12374,12388,14
14288,Mycobacteroides_salmoniphilum,12391,12400,9
14289,Mycobacteroides_salmoniphilum,12454,12455,1
14290,Mycobacteroides_salmoniphilum,12739,12740,1
14291,Mycobacteroides_salmoniphilum,12798,12925,127
14292,Mycobacteroides_salmoniphilum,13451,13452,1
14293,Mycobacteroides_salmoniphilum,13453,13454,1
14294,Mycobacteroides_salmoniphilum,13508,13509,1
14295,Mycolicibacterium_mucogenicum,1,10,9
14296,Mycolicibacterium_mucogenicum,21,39,18
14297,Mycolicibacterium_mucogenicum,43,46,3
14298,Mycolicibacterium_mucogenicum,50,109,59
14299,Mycolicibacterium_mucogenicum,117,132,15
14300,Mycolicibacterium_mucogenicum,133,136,3
14301,Mycolicibacterium_mucogenicum,346,349,3
14302,Mycolicibacterium_mucogenicum,1542,1691,149
14303,Mycolicibacterium_mucogenicum,3317,3361,44
14304,Mycolicibacterium_mucogenicum,3364,3365,1
14305,Mycolicibacterium_mucogenicum,3373,3374,1
14306,Mycolicibacterium_mucogenicum,3409,3420,11
14307,Mycolicibacterium_mucogenicum,3424,3491,67
14308,Mycolicibacterium_mucogenicum,3642,3645,3
14309,Mycolicibacterium_mucogenicum,3650,3653,3
14310,Mycolicibacterium_mucogenicum,3655,3667,12
14311,Mycolicibacterium_mucogenicum,3782,3788,6
14312,Mycolicibacterium_mucogenicum,4400,4406,6
14313,Mycolicibacterium_mucogenicum,4407,4413,6
14314,Mycolicibacterium_mucogenicum,4417,4426,9
14315,Mycolicibacterium_mucogenicum,4432,4445,13
14316,Mycolicibacterium_mucogenicum,4452,4455,3
14317,Mycolicibacterium_mucogenicum,4468,4474,6
14318,Mycolicibacterium_mucogenicum,4475,4481,6
14319,Mycolicibacterium_mucogenicum,4483,4486,3
14320,Mycolicibacterium_mucogenicum,4540,4552,12
14321,Mycolicibacterium_mucogenicum,4555,4564,9
14322,Mycolicibacterium_mucogenicum,4567,4573,6
14323,Mycolicibacterium_mucogenicum,4582,4585,3
14324,Mycolicibacterium_mucogenicum,5163,5169,6
14325,Mycolicibacterium_mucogenicum,5170,5179,9
14326,Mycolicibacterium_mucogenicum,5181,5190,9
14327,Mycolicibacterium_mucogenicum,5197,5199,2
14328,Mycolicibacterium_mucogenicum,5201,5204,3
14329,Mycolicibacterium_mucogenicum,5206,5214,8
14330,Mycolicibacterium_mucogenicum,5218,5230,12
14331,Mycolicibacterium_mucogenicum,5231,5241,10
14332,Mycolicibacterium_mucogenicum,5247,5253,6
14333,Mycolicibacterium_mucogenicum,5401,5402,1
14334,Mycolicibacterium_mucogenicum,6015,6016,1
14335,Mycolicibacterium_mucogenicum,6431,6467,36
14336,Mycolicibacterium_mucogenicum,6470,6494,24
14337,Mycolicibacterium_mucogenicum,7178,7254,76
14338,Mycolicibacterium_mucogenicum,7260,7268,8
14339,Mycolicibacterium_mucogenicum,7760,7763,3
14340,Mycolicibacterium_mucogenicum,8452,8500,48
14341,Mycolicibacterium_mucogenicum,8577,8578,1
14342,Mycolicibacterium_mucogenicum,8584,8599,15
14343,Mycolicibacterium_mucogenicum,8600,8604,4
14344,Mycolicibacterium_mucogenicum,8609,8610,1
14345,Mycolicibacterium_mucogenicum,8661,8662,1
14346,Mycolicibacterium_mucogenicum,8703,8704,1
14347,Mycolicibacterium_mucogenicum,8720,8721,1
14348,Mycolicibacterium_mucogenicum,8733,8735,2
14349,Mycolicibacterium_mucogenicum,8739,8742,3
14350,Mycolicibacterium_mucogenicum,8930,8931,1
14351,Mycolicibacterium_mucogenicum,8980,8982,2
14352,Mycolicibacterium_mucogenicum,8984,8998,14
14353,Mycolicibacterium_mucogenicum,9120,9121,1
14354,Mycolicibacterium_mucogenicum,9359,9360,1
14355,Mycolicibacterium_mucogenicum,9370,9372,2
14356,Mycolicibacterium_mucogenicum,9546,9547,1
14357,Mycolicibacterium_mucogenicum,9812,9813,1
14358,Mycolicibacterium_mucogenicum,9982,9984,2
14359,Mycolicibacterium_mucogenicum,9985,9986,1
14360,Mycolicibacterium_mucogenicum,10076,10078,2
14361,Mycolicibacterium_mucogenicum,10157,10158,1
14362,Mycolicibacterium_mucogenicum,10261,10262,1
14363,Mycolicibacterium_mucogenicum,10310,10312,2
14364,Mycolicibacterium_mucogenicum,10313,10315,2
14365,Mycolicibacterium_mucogenicum,10325,10326,1
14366,Mycolicibacterium_mucogenicum,10352,10353,1
14367,Mycolicibacterium_mucogenicum,10370,10371,1
14368,Mycolicibacterium_mucogenicum,10416,10417,1
14369,Mycolicibacterium_mucogenicum,10434,10435,1
14370,Mycolicibacterium_mucogenicum,10448,10449,1
14371,Mycolicibacterium_mucogenicum,10476,10477,1
14372,Mycolicibacterium_mucogenicum,10491,10492,1
14373,Mycolicibacterium_mucogenicum,10526,10527,1
14374,Mycolicibacterium_mucogenicum,10546,10649,103
14375,Mycolicibacterium_mucogenicum,10777,10778,1
14376,Mycolicibacterium_mucogenicum,10828,10832,4
14377,Mycolicibacterium_mucogenicum,10835,10843,8
14378,Mycolicibacterium_mucogenicum,10864,10865,1
14379,Mycolicibacterium_mucogenicum,10914,10915,1
14380,Mycolicibacterium_mucogenicum,10965,10966,1
14381,Mycolicibacterium_mucogenicum,10967,10977,10
14382,Mycolicibacterium_mucogenicum,11085,11086,1
14383,Mycolicibacterium_mucogenicum,11143,11144,1
14384,Mycolicibacterium_mucogenicum,11243,11244,1
14385,Mycolicibacterium_mucogenicum,11260,11261,1
14386,Mycolicibacterium_mucogenicum,11266,11267,1
14387,Mycolicibacterium_mucogenicum,11286,11287,1
14388,Mycolicibacterium_mucogenicum,11312,11313,1
14389,Mycolicibacterium_mucogenicum,11473,11474,1
14390,Mycolicibacterium_mucogenicum,11505,11534,29
14391,Mycolicibacterium_mucogenicum,11566,11567,1
14392,Mycolicibacterium_mucogenicum,11782,11783,1
14393,Mycolicibacterium_mucogenicum,11823,11824,1
14394,Mycolicibacterium_mucogenicum,11825,11827,2
14395,Mycolicibacterium_mucogenicum,11831,11836,5
14396,Mycolicibacterium_mucogenicum,11846,11850,4
14397,Mycolicibacterium_mucogenicum,11851,11852,1
14398,Mycolicibacterium_mucogenicum,11859,11860,1
14399,Mycolicibacterium_mucogenicum,11864,11866,2
14400,Mycolicibacterium_mucogenicum,11877,11878,1
14401,Mycolicibacterium_mucogenicum,11993,11995,2
14402,Mycolicibacterium_mucogenicum,12029,12030,1
14403,Mycolicibacterium_mucogenicum,12068,12069,1
14404,Mycolicibacterium_mucogenicum,12207,12208,1
14405,Mycolicibacterium_mucogenicum,12211,12212,1
14406,Mycolicibacterium_mucogenicum,12213,12214,1
14407,Mycolicibacterium_mucogenicum,12218,12222,4
14408,Mycolicibacterium_mucogenicum,12226,12227,1
14409,Mycolicibacterium_mucogenicum,12237,12238,1
14410,Mycolicibacterium_mucogenicum,12360,12369,9
14411,Mycolicibacterium_mucogenicum,12371,12372,1
14412,Mycolicibacterium_mucogenicum,12374,12375,1
14413,Mycolicibacterium_mucogenicum,12378,12381,3
14414,Mycolicibacterium_mucogenicum,12384,12390,6
14415,Mycolicibacterium_mucogenicum,12391,12400,9
14416,Mycolicibacterium_mucogenicum,12454,12455,1
14417,Mycolicibacterium_mucogenicum,12739,12740,1
14418,Mycolicibacterium_mucogenicum,12798,12925,127
14419,Mycolicibacterium_mucogenicum,13451,13452,1
14420,Mycolicibacterium_mucogenicum,13453,13454,1
14421,Mycolicibacterium_mucogenicum,13508,13509,1
14422,Mycobacterium_vicinigordonae,1,10,9
14423,Mycobacterium_vicinigordonae,21,39,18
14424,Mycobacterium_vicinigordonae,43,46,3
14425,Mycobacterium_vicinigordonae,65,71,6
14426,Mycobacterium_vicinigordonae,87,107,20
14427,Mycobacterium_vicinigordonae,117,132,15
14428,Mycobacterium_vicinigordonae,133,136,3
14429,Mycobacterium_vicinigordonae,346,349,3
14430,Mycobacterium_vicinigordonae,1542,1691,149
14431,Mycobacterium_vicinigordonae,3317,3361,44
14432,Mycobacterium_vicinigordonae,3364,3365,1
14433,Mycobacterium_vicinigordonae,3373,3374,1
14434,Mycobacterium_vicinigordonae,3414,3420,6
14435,Mycobacterium_vicinigordonae,3424,3460,36
14436,Mycobacterium_vicinigordonae,3461,3479,18
14437,Mycobacterium_vicinigordonae,3485,3491,6
14438,Mycobacterium_vicinigordonae,3642,3645,3
14439,Mycobacterium_vicinigordonae,3650,3653,3
14440,Mycobacterium_vicinigordonae,3655,3667,12
14441,Mycobacterium_vicinigordonae,3782,3788,6
14442,Mycobacterium_vicinigordonae,4400,4406,6
14443,Mycobacterium_vicinigordonae,4407,4413,6
14444,Mycobacterium_vicinigordonae,4417,4426,9
14445,Mycobacterium_vicinigordonae,4432,4445,13
14446,Mycobacterium_vicinigordonae,4452,4455,3
14447,Mycobacterium_vicinigordonae,4456,4462,6
14448,Mycobacterium_vicinigordonae,4468,4480,12
14449,Mycobacterium_vicinigordonae,4483,4486,3
14450,Mycobacterium_vicinigordonae,4540,4552,12
14451,Mycobacterium_vicinigordonae,4555,4564,9
14452,Mycobacterium_vicinigordonae,4567,4573,6
14453,Mycobacterium_vicinigordonae,4581,4584,3
14454,Mycobacterium_vicinigordonae,5163,5169,6
14455,Mycobacterium_vicinigordonae,5170,5179,9
14456,Mycobacterium_vicinigordonae,5181,5190,9
14457,Mycobacterium_vicinigordonae,5197,5199,2
14458,Mycobacterium_vicinigordonae,5201,5204,3
14459,Mycobacterium_vicinigordonae,5206,5214,8
14460,Mycobacterium_vicinigordonae,5218,5230,12
14461,Mycobacterium_vicinigordonae,5231,5241,10
14462,Mycobacterium_vicinigordonae,5247,5253,6
14463,Mycobacterium_vicinigordonae,5401,5402,1
14464,Mycobacterium_vicinigordonae,6015,6016,1
14465,Mycobacterium_vicinigordonae,6428,6464,36
14466,Mycobacterium_vicinigordonae,6470,6494,24
14467,Mycobacterium_vicinigordonae,7178,7254,76
14468,Mycobacterium_vicinigordonae,7260,7268,8
14469,Mycobacterium_vicinigordonae,7760,7763,3
14470,Mycobacterium_vicinigordonae,8452,8500,48
14471,Mycobacterium_vicinigordonae,8577,8578,1
14472,Mycobacterium_vicinigordonae,8584,8599,15
14473,Mycobacterium_vicinigordonae,8600,8604,4
14474,Mycobacterium_vicinigordonae,8609,8610,1
14475,Mycobacterium_vicinigordonae,8661,8662,1
14476,Mycobacterium_vicinigordonae,8703,8704,1
14477,Mycobacterium_vicinigordonae,8720,8721,1
14478,Mycobacterium_vicinigordonae,8733,8735,2
14479,Mycobacterium_vicinigordonae,8739,8742,3
14480,Mycobacterium_vicinigordonae,8930,8931,1
14481,Mycobacterium_vicinigordonae,8980,8982,2
14482,Mycobacterium_vicinigordonae,8996,8998,2
14483,Mycobacterium_vicinigordonae,9120,9121,1
14484,Mycobacterium_vicinigordonae,9370,9372,2
14485,Mycobacterium_vicinigordonae,9546,9547,1
14486,Mycobacterium_vicinigordonae,9812,9813,1
14487,Mycobacterium_vicinigordonae,9983,9986,3
14488,Mycobacterium_vicinigordonae,10076,10078,2
14489,Mycobacterium_vicinigordonae,10157,10158,1
14490,Mycobacterium_vicinigordonae,10261,10262,1
14491,Mycobacterium_vicinigordonae,10310,10312,2
14492,Mycobacterium_vicinigordonae,10313,10315,2
14493,Mycobacterium_vicinigordonae,10325,10326,1
14494,Mycobacterium_vicinigordonae,10370,10371,1
14495,Mycobacterium_vicinigordonae,10434,10435,1
14496,Mycobacterium_vicinigordonae,10448,10449,1
14497,Mycobacterium_vicinigordonae,10476,10477,1
14498,Mycobacterium_vicinigordonae,10491,10492,1
14499,Mycobacterium_vicinigordonae,10526,10527,1
14500,Mycobacterium_vicinigordonae,10547,10649,102
14501,Mycobacterium_vicinigordonae,10828,10830,2
14502,Mycobacterium_vicinigordonae,10832,10846,14
14503,Mycobacterium_vicinigordonae,10864,10865,1
14504,Mycobacterium_vicinigordonae,10914,10915,1
14505,Mycobacterium_vicinigordonae,10959,10966,7
14506,Mycobacterium_vicinigordonae,10971,10975,4
14507,Mycobacterium_vicinigordonae,11085,11086,1
14508,Mycobacterium_vicinigordonae,11143,11144,1
14509,Mycobacterium_vicinigordonae,11243,11244,1
14510,Mycobacterium_vicinigordonae,11260,11261,1
14511,Mycobacterium_vicinigordonae,11262,11263,1
14512,Mycobacterium_vicinigordonae,11265,11267,2
14513,Mycobacterium_vicinigordonae,11286,11287,1
14514,Mycobacterium_vicinigordonae,11312,11313,1
14515,Mycobacterium_vicinigordonae,11473,11474,1
14516,Mycobacterium_vicinigordonae,11505,11511,6
14517,Mycobacterium_vicinigordonae,11513,11514,1
14518,Mycobacterium_vicinigordonae,11520,11534,14
14519,Mycobacterium_vicinigordonae,11566,11567,1
14520,Mycobacterium_vicinigordonae,11590,11591,1
14521,Mycobacterium_vicinigordonae,11782,11783,1
14522,Mycobacterium_vicinigordonae,11823,11824,1
14523,Mycobacterium_vicinigordonae,11826,11827,1
14524,Mycobacterium_vicinigordonae,11831,11836,5
14525,Mycobacterium_vicinigordonae,11841,11843,2
14526,Mycobacterium_vicinigordonae,11848,11850,2
14527,Mycobacterium_vicinigordonae,11851,11852,1
14528,Mycobacterium_vicinigordonae,11859,11860,1
14529,Mycobacterium_vicinigordonae,11864,11866,2
14530,Mycobacterium_vicinigordonae,11877,11878,1
14531,Mycobacterium_vicinigordonae,11993,11994,1
14532,Mycobacterium_vicinigordonae,12029,12030,1
14533,Mycobacterium_vicinigordonae,12068,12069,1
14534,Mycobacterium_vicinigordonae,12207,12208,1
14535,Mycobacterium_vicinigordonae,12211,12212,1
14536,Mycobacterium_vicinigordonae,12213,12214,1
14537,Mycobacterium_vicinigordonae,12218,12222,4
14538,Mycobacterium_vicinigordonae,12225,12227,2
14539,Mycobacterium_vicinigordonae,12237,12238,1
14540,Mycobacterium_vicinigordonae,12360,12369,9
14541,Mycobacterium_vicinigordonae,12371,12372,1
14542,Mycobacterium_vicinigordonae,12374,12380,6
14543,Mycobacterium_vicinigordonae,12384,12390,6
14544,Mycobacterium_vicinigordonae,12391,12400,9
14545,Mycobacterium_vicinigordonae,12454,12455,1
14546,Mycobacterium_vicinigordonae,12739,12740,1
14547,Mycobacterium_vicinigordonae,12798,12925,127
14548,Mycobacterium_vicinigordonae,13451,13452,1
14549,Mycobacterium_vicinigordonae,13453,13454,1
14550,Mycobacterium_vicinigordonae,13508,13509,1
14551,Mycolicibacterium_nivoides,1,10,9
14552,Mycolicibacterium_nivoides,21,39,18
14553,Mycolicibacterium_nivoides,43,46,3
14554,Mycolicibacterium_nivoides,48,110,62
14555,Mycolicibacterium_nivoides,117,132,15
14556,Mycolicibacterium_nivoides,133,136,3
14557,Mycolicibacterium_nivoides,346,349,3
14558,Mycolicibacterium_nivoides,1542,1691,149
14559,Mycolicibacterium_nivoides,3265,3268,3
14560,Mycolicibacterium_nivoides,3317,3361,44
14561,Mycolicibacterium_nivoides,3364,3365,1
14562,Mycolicibacterium_nivoides,3373,3374,1
14563,Mycolicibacterium_nivoides,3403,3406,3
14564,Mycolicibacterium_nivoides,3409,3421,12
14565,Mycolicibacterium_nivoides,3424,3478,54
14566,Mycolicibacterium_nivoides,3485,3491,6
14567,Mycolicibacterium_nivoides,3642,3645,3
14568,Mycolicibacterium_nivoides,3650,3653,3
14569,Mycolicibacterium_nivoides,3655,3667,12
14570,Mycolicibacterium_nivoides,3782,3788,6
14571,Mycolicibacterium_nivoides,4400,4406,6
14572,Mycolicibacterium_nivoides,4407,4413,6
14573,Mycolicibacterium_nivoides,4417,4426,9
14574,Mycolicibacterium_nivoides,4432,4445,13
14575,Mycolicibacterium_nivoides,4452,4455,3
14576,Mycolicibacterium_nivoides,4456,4462,6
14577,Mycolicibacterium_nivoides,4468,4474,6
14578,Mycolicibacterium_nivoides,4475,4481,6
14579,Mycolicibacterium_nivoides,4483,4486,3
14580,Mycolicibacterium_nivoides,4540,4552,12
14581,Mycolicibacterium_nivoides,4555,4564,9
14582,Mycolicibacterium_nivoides,4567,4573,6
14583,Mycolicibacterium_nivoides,4582,4585,3
14584,Mycolicibacterium_nivoides,5163,5169,6
14585,Mycolicibacterium_nivoides,5170,5179,9
14586,Mycolicibacterium_nivoides,5181,5190,9
14587,Mycolicibacterium_nivoides,5197,5199,2
14588,Mycolicibacterium_nivoides,5201,5204,3
14589,Mycolicibacterium_nivoides,5206,5214,8
14590,Mycolicibacterium_nivoides,5218,5230,12
14591,Mycolicibacterium_nivoides,5231,5241,10
14592,Mycolicibacterium_nivoides,5247,5253,6
14593,Mycolicibacterium_nivoides,5401,5402,1
14594,Mycolicibacterium_nivoides,6015,6016,1
14595,Mycolicibacterium_nivoides,6431,6452,21
14596,Mycolicibacterium_nivoides,6456,6462,6
14597,Mycolicibacterium_nivoides,6470,6494,24
14598,Mycolicibacterium_nivoides,7178,7254,76
14599,Mycolicibacterium_nivoides,7260,7268,8
14600,Mycolicibacterium_nivoides,7760,7763,3
14601,Mycolicibacterium_nivoides,8452,8500,48
14602,Mycolicibacterium_nivoides,8577,8578,1
14603,Mycolicibacterium_nivoides,8584,8599,15
14604,Mycolicibacterium_nivoides,8600,8604,4
14605,Mycolicibacterium_nivoides,8609,8610,1
14606,Mycolicibacterium_nivoides,8661,8662,1
14607,Mycolicibacterium_nivoides,8703,8704,1
14608,Mycolicibacterium_nivoides,8720,8721,1
14609,Mycolicibacterium_nivoides,8733,8735,2
14610,Mycolicibacterium_nivoides,8739,8742,3
14611,Mycolicibacterium_nivoides,8930,8931,1
14612,Mycolicibacterium_nivoides,8980,8982,2
14613,Mycolicibacterium_nivoides,8984,8998,14
14614,Mycolicibacterium_nivoides,9120,9121,1
14615,Mycolicibacterium_nivoides,9370,9372,2
14616,Mycolicibacterium_nivoides,9546,9547,1
14617,Mycolicibacterium_nivoides,9812,9813,1
14618,Mycolicibacterium_nivoides,9982,9984,2
14619,Mycolicibacterium_nivoides,9985,9986,1
14620,Mycolicibacterium_nivoides,10076,10078,2
14621,Mycolicibacterium_nivoides,10157,10158,1
14622,Mycolicibacterium_nivoides,10261,10262,1
14623,Mycolicibacterium_nivoides,10310,10312,2
14624,Mycolicibacterium_nivoides,10313,10315,2
14625,Mycolicibacterium_nivoides,10325,10326,1
14626,Mycolicibacterium_nivoides,10370,10371,1
14627,Mycolicibacterium_nivoides,10416,10417,1
14628,Mycolicibacterium_nivoides,10434,10435,1
14629,Mycolicibacterium_nivoides,10448,10449,1
14630,Mycolicibacterium_nivoides,10476,10477,1
14631,Mycolicibacterium_nivoides,10491,10492,1
14632,Mycolicibacterium_nivoides,10526,10527,1
14633,Mycolicibacterium_nivoides,10539,10540,1
14634,Mycolicibacterium_nivoides,10547,10649,102
14635,Mycolicibacterium_nivoides,10828,10831,3
14636,Mycolicibacterium_nivoides,10835,10843,8
14637,Mycolicibacterium_nivoides,10864,10865,1
14638,Mycolicibacterium_nivoides,10914,10915,1
14639,Mycolicibacterium_nivoides,10965,10966,1
14640,Mycolicibacterium_nivoides,10971,10975,4
14641,Mycolicibacterium_nivoides,11085,11086,1
14642,Mycolicibacterium_nivoides,11143,11144,1
14643,Mycolicibacterium_nivoides,11243,11244,1
14644,Mycolicibacterium_nivoides,11260,11261,1
14645,Mycolicibacterium_nivoides,11286,11287,1
14646,Mycolicibacterium_nivoides,11312,11313,1
14647,Mycolicibacterium_nivoides,11473,11474,1
14648,Mycolicibacterium_nivoides,11505,11512,7
14649,Mycolicibacterium_nivoides,11513,11514,1
14650,Mycolicibacterium_nivoides,11516,11517,1
14651,Mycolicibacterium_nivoides,11520,11521,1
14652,Mycolicibacterium_nivoides,11524,11541,17
14653,Mycolicibacterium_nivoides,11566,11567,1
14654,Mycolicibacterium_nivoides,11782,11783,1
14655,Mycolicibacterium_nivoides,11823,11824,1
14656,Mycolicibacterium_nivoides,11826,11827,1
14657,Mycolicibacterium_nivoides,11831,11836,5
14658,Mycolicibacterium_nivoides,11846,11850,4
14659,Mycolicibacterium_nivoides,11851,11852,1
14660,Mycolicibacterium_nivoides,11859,11860,1
14661,Mycolicibacterium_nivoides,11864,11865,1
14662,Mycolicibacterium_nivoides,11877,11878,1
14663,Mycolicibacterium_nivoides,11993,11994,1
14664,Mycolicibacterium_nivoides,12029,12030,1
14665,Mycolicibacterium_nivoides,12068,12069,1
14666,Mycolicibacterium_nivoides,12207,12208,1
14667,Mycolicibacterium_nivoides,12211,12212,1
14668,Mycolicibacterium_nivoides,12213,12214,1
14669,Mycolicibacterium_nivoides,12218,12222,4
14670,Mycolicibacterium_nivoides,12226,12227,1
14671,Mycolicibacterium_nivoides,12237,12238,1
14672,Mycolicibacterium_nivoides,12360,12372,12
14673,Mycolicibacterium_nivoides,12374,12375,1
14674,Mycolicibacterium_nivoides,12378,12381,3
14675,Mycolicibacterium_nivoides,12384,12390,6
14676,Mycolicibacterium_nivoides,12391,12400,9
14677,Mycolicibacterium_nivoides,12454,12455,1
14678,Mycolicibacterium_nivoides,12739,12740,1
14679,Mycolicibacterium_nivoides,12798,12925,127
14680,Mycolicibacterium_nivoides,13451,13452,1
14681,Mycolicibacterium_nivoides,13453,13454,1
14682,Mycolicibacterium_nivoides,13508,13509,1
14683,Mycolicibacterium_rutilum,1,10,9
14684,Mycolicibacterium_rutilum,21,39,18
14685,Mycolicibacterium_rutilum,43,46,3
14686,Mycolicibacterium_rutilum,53,71,18
14687,Mycolicibacterium_rutilum,87,107,20
14688,Mycolicibacterium_rutilum,117,132,15
14689,Mycolicibacterium_rutilum,133,136,3
14690,Mycolicibacterium_rutilum,346,349,3
14691,Mycolicibacterium_rutilum,1542,1545,3
14692,Mycolicibacterium_rutilum,1554,1649,95
14693,Mycolicibacterium_rutilum,1664,1676,12
14694,Mycolicibacterium_rutilum,3317,3361,44
14695,Mycolicibacterium_rutilum,3364,3365,1
14696,Mycolicibacterium_rutilum,3373,3374,1
14697,Mycolicibacterium_rutilum,3409,3478,69
14698,Mycolicibacterium_rutilum,3485,3491,6
14699,Mycolicibacterium_rutilum,3642,3645,3
14700,Mycolicibacterium_rutilum,3650,3653,3
14701,Mycolicibacterium_rutilum,3655,3667,12
14702,Mycolicibacterium_rutilum,3782,3788,6
14703,Mycolicibacterium_rutilum,4407,4413,6
14704,Mycolicibacterium_rutilum,4417,4426,9
14705,Mycolicibacterium_rutilum,4432,4445,13
14706,Mycolicibacterium_rutilum,4452,4455,3
14707,Mycolicibacterium_rutilum,4456,4462,6
14708,Mycolicibacterium_rutilum,4463,4466,3
14709,Mycolicibacterium_rutilum,4468,4474,6
14710,Mycolicibacterium_rutilum,4475,4481,6
14711,Mycolicibacterium_rutilum,4483,4486,3
14712,Mycolicibacterium_rutilum,4540,4552,12
14713,Mycolicibacterium_rutilum,4555,4564,9
14714,Mycolicibacterium_rutilum,4567,4573,6
14715,Mycolicibacterium_rutilum,4582,4585,3
14716,Mycolicibacterium_rutilum,5163,5169,6
14717,Mycolicibacterium_rutilum,5170,5179,9
14718,Mycolicibacterium_rutilum,5181,5190,9
14719,Mycolicibacterium_rutilum,5197,5199,2
14720,Mycolicibacterium_rutilum,5201,5204,3
14721,Mycolicibacterium_rutilum,5206,5214,8
14722,Mycolicibacterium_rutilum,5218,5230,12
14723,Mycolicibacterium_rutilum,5231,5241,10
14724,Mycolicibacterium_rutilum,5247,5253,6
14725,Mycolicibacterium_rutilum,5401,5402,1
14726,Mycolicibacterium_rutilum,6015,6016,1
14727,Mycolicibacterium_rutilum,6431,6467,36
14728,Mycolicibacterium_rutilum,6470,6494,24
14729,Mycolicibacterium_rutilum,7178,7254,76
14730,Mycolicibacterium_rutilum,7260,7268,8
14731,Mycolicibacterium_rutilum,7760,7763,3
14732,Mycolicibacterium_rutilum,8452,8500,48
14733,Mycolicibacterium_rutilum,8577,8578,1
14734,Mycolicibacterium_rutilum,8584,8599,15
14735,Mycolicibacterium_rutilum,8600,8604,4
14736,Mycolicibacterium_rutilum,8609,8610,1
14737,Mycolicibacterium_rutilum,8661,8662,1
14738,Mycolicibacterium_rutilum,8703,8704,1
14739,Mycolicibacterium_rutilum,8720,8721,1
14740,Mycolicibacterium_rutilum,8733,8735,2
14741,Mycolicibacterium_rutilum,8739,8742,3
14742,Mycolicibacterium_rutilum,8930,8931,1
14743,Mycolicibacterium_rutilum,8980,8982,2
14744,Mycolicibacterium_rutilum,8984,8998,14
14745,Mycolicibacterium_rutilum,9120,9121,1
14746,Mycolicibacterium_rutilum,9370,9372,2
14747,Mycolicibacterium_rutilum,9546,9547,1
14748,Mycolicibacterium_rutilum,9812,9813,1
14749,Mycolicibacterium_rutilum,9985,9986,1
14750,Mycolicibacterium_rutilum,10076,10078,2
14751,Mycolicibacterium_rutilum,10157,10158,1
14752,Mycolicibacterium_rutilum,10261,10262,1
14753,Mycolicibacterium_rutilum,10310,10312,2
14754,Mycolicibacterium_rutilum,10313,10315,2
14755,Mycolicibacterium_rutilum,10325,10326,1
14756,Mycolicibacterium_rutilum,10370,10371,1
14757,Mycolicibacterium_rutilum,10416,10417,1
14758,Mycolicibacterium_rutilum,10434,10435,1
14759,Mycolicibacterium_rutilum,10448,10449,1
14760,Mycolicibacterium_rutilum,10461,10462,1
14761,Mycolicibacterium_rutilum,10476,10477,1
14762,Mycolicibacterium_rutilum,10491,10492,1
14763,Mycolicibacterium_rutilum,10526,10527,1
14764,Mycolicibacterium_rutilum,10548,10649,101
14765,Mycolicibacterium_rutilum,10828,10830,2
14766,Mycolicibacterium_rutilum,10835,10843,8
14767,Mycolicibacterium_rutilum,10864,10865,1
14768,Mycolicibacterium_rutilum,10914,10915,1
14769,Mycolicibacterium_rutilum,10965,10966,1
14770,Mycolicibacterium_rutilum,10971,10975,4
14771,Mycolicibacterium_rutilum,11085,11086,1
14772,Mycolicibacterium_rutilum,11143,11144,1
14773,Mycolicibacterium_rutilum,11243,11244,1
14774,Mycolicibacterium_rutilum,11260,11261,1
14775,Mycolicibacterium_rutilum,11265,11267,2
14776,Mycolicibacterium_rutilum,11286,11287,1
14777,Mycolicibacterium_rutilum,11312,11313,1
14778,Mycolicibacterium_rutilum,11473,11474,1
14779,Mycolicibacterium_rutilum,11505,11512,7
14780,Mycolicibacterium_rutilum,11513,11514,1
14781,Mycolicibacterium_rutilum,11520,11531,11
14782,Mycolicibacterium_rutilum,11566,11567,1
14783,Mycolicibacterium_rutilum,11782,11783,1
14784,Mycolicibacterium_rutilum,11823,11824,1
14785,Mycolicibacterium_rutilum,11826,11827,1
14786,Mycolicibacterium_rutilum,11831,11836,5
14787,Mycolicibacterium_rutilum,11846,11850,4
14788,Mycolicibacterium_rutilum,11851,11852,1
14789,Mycolicibacterium_rutilum,11859,11860,1
14790,Mycolicibacterium_rutilum,11864,11866,2
14791,Mycolicibacterium_rutilum,11877,11878,1
14792,Mycolicibacterium_rutilum,11993,11994,1
14793,Mycolicibacterium_rutilum,12029,12030,1
14794,Mycolicibacterium_rutilum,12068,12069,1
14795,Mycolicibacterium_rutilum,12207,12208,1
14796,Mycolicibacterium_rutilum,12211,12212,1
14797,Mycolicibacterium_rutilum,12213,12214,1
14798,Mycolicibacterium_rutilum,12218,12222,4
14799,Mycolicibacterium_rutilum,12226,12227,1
14800,Mycolicibacterium_rutilum,12237,12238,1
14801,Mycolicibacterium_rutilum,12360,12369,9
14802,Mycolicibacterium_rutilum,12371,12372,1
14803,Mycolicibacterium_rutilum,12374,12377,3
14804,Mycolicibacterium_rutilum,12378,12381,3
14805,Mycolicibacterium_rutilum,12384,12390,6
14806,Mycolicibacterium_rutilum,12391,12400,9
14807,Mycolicibacterium_rutilum,12454,12455,1
14808,Mycolicibacterium_rutilum,12739,12740,1
14809,Mycolicibacterium_rutilum,12798,12925,127
14810,Mycolicibacterium_rutilum,13451,13452,1
14811,Mycolicibacterium_rutilum,13453,13454,1
14812,Mycolicibacterium_rutilum,13508,13509,1
14813,Mycolicibacterium_fluoranthenivorans,1,10,9
14814,Mycolicibacterium_fluoranthenivorans,21,39,18
14815,Mycolicibacterium_fluoranthenivorans,43,46,3
14816,Mycolicibacterium_fluoranthenivorans,48,110,62
14817,Mycolicibacterium_fluoranthenivorans,117,132,15
14818,Mycolicibacterium_fluoranthenivorans,133,136,3
14819,Mycolicibacterium_fluoranthenivorans,346,349,3
14820,Mycolicibacterium_fluoranthenivorans,1542,1691,149
14821,Mycolicibacterium_fluoranthenivorans,3317,3361,44
14822,Mycolicibacterium_fluoranthenivorans,3364,3365,1
14823,Mycolicibacterium_fluoranthenivorans,3373,3374,1
14824,Mycolicibacterium_fluoranthenivorans,3407,3482,75
14825,Mycolicibacterium_fluoranthenivorans,3485,3491,6
14826,Mycolicibacterium_fluoranthenivorans,3642,3645,3
14827,Mycolicibacterium_fluoranthenivorans,3655,3667,12
14828,Mycolicibacterium_fluoranthenivorans,3782,3788,6
14829,Mycolicibacterium_fluoranthenivorans,4400,4406,6
14830,Mycolicibacterium_fluoranthenivorans,4407,4413,6
14831,Mycolicibacterium_fluoranthenivorans,4417,4426,9
14832,Mycolicibacterium_fluoranthenivorans,4432,4445,13
14833,Mycolicibacterium_fluoranthenivorans,4452,4455,3
14834,Mycolicibacterium_fluoranthenivorans,4456,4462,6
14835,Mycolicibacterium_fluoranthenivorans,4468,4474,6
14836,Mycolicibacterium_fluoranthenivorans,4475,4481,6
14837,Mycolicibacterium_fluoranthenivorans,4483,4486,3
14838,Mycolicibacterium_fluoranthenivorans,4540,4552,12
14839,Mycolicibacterium_fluoranthenivorans,4555,4564,9
14840,Mycolicibacterium_fluoranthenivorans,4567,4573,6
14841,Mycolicibacterium_fluoranthenivorans,4582,4585,3
14842,Mycolicibacterium_fluoranthenivorans,5163,5169,6
14843,Mycolicibacterium_fluoranthenivorans,5170,5179,9
14844,Mycolicibacterium_fluoranthenivorans,5181,5190,9
14845,Mycolicibacterium_fluoranthenivorans,5197,5199,2
14846,Mycolicibacterium_fluoranthenivorans,5201,5204,3
14847,Mycolicibacterium_fluoranthenivorans,5206,5214,8
14848,Mycolicibacterium_fluoranthenivorans,5218,5230,12
14849,Mycolicibacterium_fluoranthenivorans,5231,5241,10
14850,Mycolicibacterium_fluoranthenivorans,5247,5253,6
14851,Mycolicibacterium_fluoranthenivorans,5401,5402,1
14852,Mycolicibacterium_fluoranthenivorans,6015,6016,1
14853,Mycolicibacterium_fluoranthenivorans,6431,6452,21
14854,Mycolicibacterium_fluoranthenivorans,6456,6462,6
14855,Mycolicibacterium_fluoranthenivorans,6470,6494,24
14856,Mycolicibacterium_fluoranthenivorans,7178,7254,76
14857,Mycolicibacterium_fluoranthenivorans,7260,7268,8
14858,Mycolicibacterium_fluoranthenivorans,7760,7763,3
14859,Mycolicibacterium_fluoranthenivorans,8452,8500,48
14860,Mycolicibacterium_fluoranthenivorans,8577,8578,1
14861,Mycolicibacterium_fluoranthenivorans,8584,8599,15
14862,Mycolicibacterium_fluoranthenivorans,8600,8604,4
14863,Mycolicibacterium_fluoranthenivorans,8609,8610,1
14864,Mycolicibacterium_fluoranthenivorans,8661,8662,1
14865,Mycolicibacterium_fluoranthenivorans,8703,8704,1
14866,Mycolicibacterium_fluoranthenivorans,8720,8721,1
14867,Mycolicibacterium_fluoranthenivorans,8733,8735,2
14868,Mycolicibacterium_fluoranthenivorans,8739,8742,3
14869,Mycolicibacterium_fluoranthenivorans,8930,8931,1
14870,Mycolicibacterium_fluoranthenivorans,8980,8982,2
14871,Mycolicibacterium_fluoranthenivorans,8984,8998,14
14872,Mycolicibacterium_fluoranthenivorans,9120,9121,1
14873,Mycolicibacterium_fluoranthenivorans,9370,9372,2
14874,Mycolicibacterium_fluoranthenivorans,9546,9547,1
14875,Mycolicibacterium_fluoranthenivorans,9812,9813,1
14876,Mycolicibacterium_fluoranthenivorans,9982,9984,2
14877,Mycolicibacterium_fluoranthenivorans,9985,9986,1
14878,Mycolicibacterium_fluoranthenivorans,10076,10078,2
14879,Mycolicibacterium_fluoranthenivorans,10157,10158,1
14880,Mycolicibacterium_fluoranthenivorans,10261,10262,1
14881,Mycolicibacterium_fluoranthenivorans,10310,10312,2
14882,Mycolicibacterium_fluoranthenivorans,10313,10315,2
14883,Mycolicibacterium_fluoranthenivorans,10325,10326,1
14884,Mycolicibacterium_fluoranthenivorans,10370,10371,1
14885,Mycolicibacterium_fluoranthenivorans,10416,10417,1
14886,Mycolicibacterium_fluoranthenivorans,10434,10435,1
14887,Mycolicibacterium_fluoranthenivorans,10448,10449,1
14888,Mycolicibacterium_fluoranthenivorans,10461,10462,1
14889,Mycolicibacterium_fluoranthenivorans,10491,10492,1
14890,Mycolicibacterium_fluoranthenivorans,10526,10527,1
14891,Mycolicibacterium_fluoranthenivorans,10546,10649,103
14892,Mycolicibacterium_fluoranthenivorans,10828,10830,2
14893,Mycolicibacterium_fluoranthenivorans,10835,10843,8
14894,Mycolicibacterium_fluoranthenivorans,10864,10865,1
14895,Mycolicibacterium_fluoranthenivorans,10914,10915,1
14896,Mycolicibacterium_fluoranthenivorans,10965,10966,1
14897,Mycolicibacterium_fluoranthenivorans,10971,10975,4
14898,Mycolicibacterium_fluoranthenivorans,11085,11086,1
14899,Mycolicibacterium_fluoranthenivorans,11143,11144,1
14900,Mycolicibacterium_fluoranthenivorans,11243,11244,1
14901,Mycolicibacterium_fluoranthenivorans,11260,11261,1
14902,Mycolicibacterium_fluoranthenivorans,11265,11267,2
14903,Mycolicibacterium_fluoranthenivorans,11286,11287,1
14904,Mycolicibacterium_fluoranthenivorans,11312,11313,1
14905,Mycolicibacterium_fluoranthenivorans,11473,11474,1
14906,Mycolicibacterium_fluoranthenivorans,11505,11512,7
14907,Mycolicibacterium_fluoranthenivorans,11513,11514,1
14908,Mycolicibacterium_fluoranthenivorans,11520,11535,15
14909,Mycolicibacterium_fluoranthenivorans,11566,11567,1
14910,Mycolicibacterium_fluoranthenivorans,11782,11783,1
14911,Mycolicibacterium_fluoranthenivorans,11823,11824,1
14912,Mycolicibacterium_fluoranthenivorans,11826,11827,1
14913,Mycolicibacterium_fluoranthenivorans,11831,11836,5
14914,Mycolicibacterium_fluoranthenivorans,11846,11850,4
14915,Mycolicibacterium_fluoranthenivorans,11851,11852,1
14916,Mycolicibacterium_fluoranthenivorans,11859,11860,1
14917,Mycolicibacterium_fluoranthenivorans,11877,11878,1
14918,Mycolicibacterium_fluoranthenivorans,11993,11994,1
14919,Mycolicibacterium_fluoranthenivorans,12029,12030,1
14920,Mycolicibacterium_fluoranthenivorans,12068,12069,1
14921,Mycolicibacterium_fluoranthenivorans,12196,12197,1
14922,Mycolicibacterium_fluoranthenivorans,12207,12208,1
14923,Mycolicibacterium_fluoranthenivorans,12211,12212,1
14924,Mycolicibacterium_fluoranthenivorans,12213,12214,1
14925,Mycolicibacterium_fluoranthenivorans,12218,12222,4
14926,Mycolicibacterium_fluoranthenivorans,12226,12227,1
14927,Mycolicibacterium_fluoranthenivorans,12237,12238,1
14928,Mycolicibacterium_fluoranthenivorans,12360,12369,9
14929,Mycolicibacterium_fluoranthenivorans,12371,12372,1
14930,Mycolicibacterium_fluoranthenivorans,12374,12375,1
14931,Mycolicibacterium_fluoranthenivorans,12377,12382,5
14932,Mycolicibacterium_fluoranthenivorans,12384,12390,6
14933,Mycolicibacterium_fluoranthenivorans,12391,12400,9
14934,Mycolicibacterium_fluoranthenivorans,12454,12455,1
14935,Mycolicibacterium_fluoranthenivorans,12739,12740,1
14936,Mycolicibacterium_fluoranthenivorans,12798,12925,127
14937,Mycolicibacterium_fluoranthenivorans,13451,13452,1
14938,Mycolicibacterium_fluoranthenivorans,13453,13454,1
14939,Mycolicibacterium_fluoranthenivorans,13508,13509,1
14940,Mycobacterium_senriense,1,10,9
14941,Mycobacterium_senriense,21,39,18
14942,Mycobacterium_senriense,43,46,3
14943,Mycobacterium_senriense,62,71,9
14944,Mycobacterium_senriense,87,107,20
14945,Mycobacterium_senriense,117,132,15
14946,Mycobacterium_senriense,133,136,3
14947,Mycobacterium_senriense,346,349,3
14948,Mycobacterium_senriense,1542,1583,41
14949,Mycobacterium_senriense,1587,1676,89
14950,Mycobacterium_senriense,1678,1691,13
14951,Mycobacterium_senriense,3317,3381,64
14952,Mycobacterium_senriense,3414,3420,6
14953,Mycobacterium_senriense,3424,3460,36
14954,Mycobacterium_senriense,3476,3479,3
14955,Mycobacterium_senriense,3485,3491,6
14956,Mycobacterium_senriense,3642,3645,3
14957,Mycobacterium_senriense,3650,3653,3
14958,Mycobacterium_senriense,3655,3667,12
14959,Mycobacterium_senriense,3782,3788,6
14960,Mycobacterium_senriense,4400,4406,6
14961,Mycobacterium_senriense,4407,4413,6
14962,Mycobacterium_senriense,4417,4426,9
14963,Mycobacterium_senriense,4432,4445,13
14964,Mycobacterium_senriense,4452,4455,3
14965,Mycobacterium_senriense,4456,4462,6
14966,Mycobacterium_senriense,4468,4480,12
14967,Mycobacterium_senriense,4483,4486,3
14968,Mycobacterium_senriense,4540,4552,12
14969,Mycobacterium_senriense,4555,4564,9
14970,Mycobacterium_senriense,4567,4573,6
14971,Mycobacterium_senriense,4581,4584,3
14972,Mycobacterium_senriense,5163,5169,6
14973,Mycobacterium_senriense,5170,5179,9
14974,Mycobacterium_senriense,5181,5190,9
14975,Mycobacterium_senriense,5197,5199,2
14976,Mycobacterium_senriense,5201,5204,3
14977,Mycobacterium_senriense,5206,5214,8
14978,Mycobacterium_senriense,5218,5230,12
14979,Mycobacterium_senriense,5231,5241,10
14980,Mycobacterium_senriense,5247,5253,6
14981,Mycobacterium_senriense,5401,5402,1
14982,Mycobacterium_senriense,6015,6016,1
14983,Mycobacterium_senriense,6428,6464,36
14984,Mycobacterium_senriense,6470,6494,24
14985,Mycobacterium_senriense,7178,7254,76
14986,Mycobacterium_senriense,7260,7268,8
14987,Mycobacterium_senriense,7760,7763,3
14988,Mycobacterium_senriense,8452,8500,48
14989,Mycobacterium_senriense,8577,8578,1
14990,Mycobacterium_senriense,8584,8599,15
14991,Mycobacterium_senriense,8601,8603,2
14992,Mycobacterium_senriense,8609,8610,1
14993,Mycobacterium_senriense,8661,8662,1
14994,Mycobacterium_senriense,8703,8704,1
14995,Mycobacterium_senriense,8720,8721,1
14996,Mycobacterium_senriense,8733,8735,2
14997,Mycobacterium_senriense,8739,8742,3
14998,Mycobacterium_senriense,8930,8931,1
14999,Mycobacterium_senriense,8980,8982,2
15000,Mycobacterium_senriense,8996,8998,2
15001,Mycobacterium_senriense,9120,9121,1
15002,Mycobacterium_senriense,9370,9372,2
15003,Mycobacterium_senriense,9546,9547,1
15004,Mycobacterium_senriense,9812,9813,1
15005,Mycobacterium_senriense,9982,9986,4
15006,Mycobacterium_senriense,10076,10078,2
15007,Mycobacterium_senriense,10157,10158,1
15008,Mycobacterium_senriense,10261,10262,1
15009,Mycobacterium_senriense,10310,10312,2
15010,Mycobacterium_senriense,10313,10315,2
15011,Mycobacterium_senriense,10325,10326,1
15012,Mycobacterium_senriense,10352,10353,1
15013,Mycobacterium_senriense,10370,10371,1
15014,Mycobacterium_senriense,10434,10435,1
15015,Mycobacterium_senriense,10448,10449,1
15016,Mycobacterium_senriense,10476,10477,1
15017,Mycobacterium_senriense,10491,10492,1
15018,Mycobacterium_senriense,10526,10527,1
15019,Mycobacterium_senriense,10546,10649,103
15020,Mycobacterium_senriense,10828,10830,2
15021,Mycobacterium_senriense,10832,10846,14
15022,Mycobacterium_senriense,10864,10865,1
15023,Mycobacterium_senriense,10914,10915,1
15024,Mycobacterium_senriense,10965,10977,12
15025,Mycobacterium_senriense,11085,11086,1
15026,Mycobacterium_senriense,11143,11144,1
15027,Mycobacterium_senriense,11243,11244,1
15028,Mycobacterium_senriense,11260,11261,1
15029,Mycobacterium_senriense,11262,11263,1
15030,Mycobacterium_senriense,11265,11267,2
15031,Mycobacterium_senriense,11286,11287,1
15032,Mycobacterium_senriense,11312,11313,1
15033,Mycobacterium_senriense,11473,11474,1
15034,Mycobacterium_senriense,11505,11511,6
15035,Mycobacterium_senriense,11513,11514,1
15036,Mycobacterium_senriense,11519,11521,2
15037,Mycobacterium_senriense,11523,11533,10
15038,Mycobacterium_senriense,11566,11567,1
15039,Mycobacterium_senriense,11590,11591,1
15040,Mycobacterium_senriense,11782,11783,1
15041,Mycobacterium_senriense,11823,11824,1
15042,Mycobacterium_senriense,11826,11827,1
15043,Mycobacterium_senriense,11831,11836,5
15044,Mycobacterium_senriense,11848,11850,2
15045,Mycobacterium_senriense,11851,11852,1
15046,Mycobacterium_senriense,11859,11860,1
15047,Mycobacterium_senriense,11864,11866,2
15048,Mycobacterium_senriense,11877,11878,1
15049,Mycobacterium_senriense,11993,11994,1
15050,Mycobacterium_senriense,12029,12030,1
15051,Mycobacterium_senriense,12068,12069,1
15052,Mycobacterium_senriense,12207,12208,1
15053,Mycobacterium_senriense,12211,12212,1
15054,Mycobacterium_senriense,12213,12214,1
15055,Mycobacterium_senriense,12218,12222,4
15056,Mycobacterium_senriense,12225,12227,2
15057,Mycobacterium_senriense,12237,12238,1
15058,Mycobacterium_senriense,12360,12369,9
15059,Mycobacterium_senriense,12371,12380,9
15060,Mycobacterium_senriense,12384,12390,6
15061,Mycobacterium_senriense,12391,12400,9
15062,Mycobacterium_senriense,12454,12455,1
15063,Mycobacterium_senriense,12738,12740,2
15064,Mycobacterium_senriense,12798,12925,127
15065,Mycobacterium_senriense,13451,13452,1
15066,Mycobacterium_senriense,13453,13454,1
15067,Mycobacterium_senriense,13508,13509,1
15068,Mycolicibacterium_septicum,1,10,9
15069,Mycolicibacterium_septicum,21,39,18
15070,Mycolicibacterium_septicum,43,46,3
15071,Mycolicibacterium_septicum,48,110,62
15072,Mycolicibacterium_septicum,117,132,15
15073,Mycolicibacterium_septicum,133,136,3
15074,Mycolicibacterium_septicum,346,349,3
15075,Mycolicibacterium_septicum,1542,1691,149
15076,Mycolicibacterium_septicum,3317,3361,44
15077,Mycolicibacterium_septicum,3364,3365,1
15078,Mycolicibacterium_septicum,3373,3374,1
15079,Mycolicibacterium_septicum,3403,3406,3
15080,Mycolicibacterium_septicum,3409,3421,12
15081,Mycolicibacterium_septicum,3424,3478,54
15082,Mycolicibacterium_septicum,3485,3491,6
15083,Mycolicibacterium_septicum,3642,3645,3
15084,Mycolicibacterium_septicum,3650,3653,3
15085,Mycolicibacterium_septicum,3655,3667,12
15086,Mycolicibacterium_septicum,3782,3788,6
15087,Mycolicibacterium_septicum,4400,4406,6
15088,Mycolicibacterium_septicum,4407,4413,6
15089,Mycolicibacterium_septicum,4417,4426,9
15090,Mycolicibacterium_septicum,4432,4445,13
15091,Mycolicibacterium_septicum,4452,4455,3
15092,Mycolicibacterium_septicum,4456,4462,6
15093,Mycolicibacterium_septicum,4468,4474,6
15094,Mycolicibacterium_septicum,4475,4481,6
15095,Mycolicibacterium_septicum,4483,4486,3
15096,Mycolicibacterium_septicum,4540,4552,12
15097,Mycolicibacterium_septicum,4555,4564,9
15098,Mycolicibacterium_septicum,4567,4573,6
15099,Mycolicibacterium_septicum,4582,4585,3
15100,Mycolicibacterium_septicum,5163,5169,6
15101,Mycolicibacterium_septicum,5170,5179,9
15102,Mycolicibacterium_septicum,5181,5190,9
15103,Mycolicibacterium_septicum,5197,5199,2
15104,Mycolicibacterium_septicum,5201,5204,3
15105,Mycolicibacterium_septicum,5206,5214,8
15106,Mycolicibacterium_septicum,5218,5230,12
15107,Mycolicibacterium_septicum,5231,5241,10
15108,Mycolicibacterium_septicum,5247,5253,6
15109,Mycolicibacterium_septicum,5401,5402,1
15110,Mycolicibacterium_septicum,6015,6016,1
15111,Mycolicibacterium_septicum,6431,6452,21
15112,Mycolicibacterium_septicum,6456,6462,6
15113,Mycolicibacterium_septicum,6470,6494,24
15114,Mycolicibacterium_septicum,7178,7254,76
15115,Mycolicibacterium_septicum,7260,7268,8
15116,Mycolicibacterium_septicum,7760,7763,3
15117,Mycolicibacterium_septicum,8452,8500,48
15118,Mycolicibacterium_septicum,8577,8578,1
15119,Mycolicibacterium_septicum,8584,8599,15
15120,Mycolicibacterium_septicum,8600,8604,4
15121,Mycolicibacterium_septicum,8609,8610,1
15122,Mycolicibacterium_septicum,8661,8662,1
15123,Mycolicibacterium_septicum,8703,8704,1
15124,Mycolicibacterium_septicum,8720,8721,1
15125,Mycolicibacterium_septicum,8733,8735,2
15126,Mycolicibacterium_septicum,8739,8742,3
15127,Mycolicibacterium_septicum,8930,8931,1
15128,Mycolicibacterium_septicum,8980,8982,2
15129,Mycolicibacterium_septicum,8984,8998,14
15130,Mycolicibacterium_septicum,9120,9121,1
15131,Mycolicibacterium_septicum,9370,9372,2
15132,Mycolicibacterium_septicum,9546,9547,1
15133,Mycolicibacterium_septicum,9812,9813,1
15134,Mycolicibacterium_septicum,9982,9984,2
15135,Mycolicibacterium_septicum,9985,9986,1
15136,Mycolicibacterium_septicum,10076,10078,2
15137,Mycolicibacterium_septicum,10157,10158,1
15138,Mycolicibacterium_septicum,10261,10262,1
15139,Mycolicibacterium_septicum,10310,10312,2
15140,Mycolicibacterium_septicum,10313,10315,2
15141,Mycolicibacterium_septicum,10325,10326,1
15142,Mycolicibacterium_septicum,10370,10371,1
15143,Mycolicibacterium_septicum,10416,10417,1
15144,Mycolicibacterium_septicum,10434,10435,1
15145,Mycolicibacterium_septicum,10448,10449,1
15146,Mycolicibacterium_septicum,10476,10477,1
15147,Mycolicibacterium_septicum,10491,10492,1
15148,Mycolicibacterium_septicum,10526,10527,1
15149,Mycolicibacterium_septicum,10539,10540,1
15150,Mycolicibacterium_septicum,10547,10649,102
15151,Mycolicibacterium_septicum,10829,10830,1
15152,Mycolicibacterium_septicum,10835,10843,8
15153,Mycolicibacterium_septicum,10864,10865,1
15154,Mycolicibacterium_septicum,10914,10915,1
15155,Mycolicibacterium_septicum,10965,10966,1
15156,Mycolicibacterium_septicum,10971,10975,4
15157,Mycolicibacterium_septicum,11085,11086,1
15158,Mycolicibacterium_septicum,11143,11144,1
15159,Mycolicibacterium_septicum,11243,11244,1
15160,Mycolicibacterium_septicum,11260,11261,1
15161,Mycolicibacterium_septicum,11286,11287,1
15162,Mycolicibacterium_septicum,11312,11313,1
15163,Mycolicibacterium_septicum,11473,11474,1
15164,Mycolicibacterium_septicum,11505,11512,7
15165,Mycolicibacterium_septicum,11513,11514,1
15166,Mycolicibacterium_septicum,11516,11517,1
15167,Mycolicibacterium_septicum,11520,11521,1
15168,Mycolicibacterium_septicum,11524,11538,14
15169,Mycolicibacterium_septicum,11566,11567,1
15170,Mycolicibacterium_septicum,11782,11783,1
15171,Mycolicibacterium_septicum,11823,11824,1
15172,Mycolicibacterium_septicum,11826,11827,1
15173,Mycolicibacterium_septicum,11831,11836,5
15174,Mycolicibacterium_septicum,11846,11850,4
15175,Mycolicibacterium_septicum,11851,11852,1
15176,Mycolicibacterium_septicum,11859,11860,1
15177,Mycolicibacterium_septicum,11864,11865,1
15178,Mycolicibacterium_septicum,11877,11878,1
15179,Mycolicibacterium_septicum,11993,11994,1
15180,Mycolicibacterium_septicum,12029,12030,1
15181,Mycolicibacterium_septicum,12068,12069,1
15182,Mycolicibacterium_septicum,12207,12208,1
15183,Mycolicibacterium_septicum,12211,12212,1
15184,Mycolicibacterium_septicum,12213,12214,1
15185,Mycolicibacterium_septicum,12218,12222,4
15186,Mycolicibacterium_septicum,12226,12227,1
15187,Mycolicibacterium_septicum,12237,12238,1
15188,Mycolicibacterium_septicum,12360,12372,12
15189,Mycolicibacterium_septicum,12374,12375,1
15190,Mycolicibacterium_septicum,12378,12381,3
15191,Mycolicibacterium_septicum,12384,12390,6
15192,Mycolicibacterium_septicum,12391,12400,9
15193,Mycolicibacterium_septicum,12454,12455,1
15194,Mycolicibacterium_septicum,12739,12740,1
15195,Mycolicibacterium_septicum,12798,12925,127
15196,Mycolicibacterium_septicum,13451,13452,1
15197,Mycolicibacterium_septicum,13453,13454,1
15198,Mycolicibacterium_septicum,13508,13509,1
15199,Mycobacterium_riyadhense,1,10,9
15200,Mycobacterium_riyadhense,21,39,18
15201,Mycobacterium_riyadhense,43,46,3
15202,Mycobacterium_riyadhense,53,71,18
15203,Mycobacterium_riyadhense,87,107,20
15204,Mycobacterium_riyadhense,117,132,15
15205,Mycobacterium_riyadhense,133,136,3
15206,Mycobacterium_riyadhense,346,349,3
15207,Mycobacterium_riyadhense,1542,1691,149
15208,Mycobacterium_riyadhense,3284,3287,3
15209,Mycobacterium_riyadhense,3317,3381,64
15210,Mycobacterium_riyadhense,3424,3460,36
15211,Mycobacterium_riyadhense,3471,3480,9
15212,Mycobacterium_riyadhense,3485,3491,6
15213,Mycobacterium_riyadhense,3642,3645,3
15214,Mycobacterium_riyadhense,3650,3653,3
15215,Mycobacterium_riyadhense,3655,3667,12
15216,Mycobacterium_riyadhense,3782,3788,6
15217,Mycobacterium_riyadhense,4400,4406,6
15218,Mycobacterium_riyadhense,4407,4413,6
15219,Mycobacterium_riyadhense,4417,4426,9
15220,Mycobacterium_riyadhense,4432,4445,13
15221,Mycobacterium_riyadhense,4452,4455,3
15222,Mycobacterium_riyadhense,4456,4462,6
15223,Mycobacterium_riyadhense,4468,4480,12
15224,Mycobacterium_riyadhense,4483,4486,3
15225,Mycobacterium_riyadhense,4540,4552,12
15226,Mycobacterium_riyadhense,4555,4564,9
15227,Mycobacterium_riyadhense,4567,4573,6
15228,Mycobacterium_riyadhense,4581,4584,3
15229,Mycobacterium_riyadhense,5163,5169,6
15230,Mycobacterium_riyadhense,5170,5179,9
15231,Mycobacterium_riyadhense,5181,5190,9
15232,Mycobacterium_riyadhense,5197,5199,2
15233,Mycobacterium_riyadhense,5201,5204,3
15234,Mycobacterium_riyadhense,5206,5214,8
15235,Mycobacterium_riyadhense,5218,5230,12
15236,Mycobacterium_riyadhense,5231,5241,10
15237,Mycobacterium_riyadhense,5247,5253,6
15238,Mycobacterium_riyadhense,5401,5402,1
15239,Mycobacterium_riyadhense,6015,6016,1
15240,Mycobacterium_riyadhense,6431,6452,21
15241,Mycobacterium_riyadhense,6456,6462,6
15242,Mycobacterium_riyadhense,6470,6494,24
15243,Mycobacterium_riyadhense,7178,7254,76
15244,Mycobacterium_riyadhense,7260,7268,8
15245,Mycobacterium_riyadhense,7760,7763,3
15246,Mycobacterium_riyadhense,8452,8500,48
15247,Mycobacterium_riyadhense,8577,8578,1
15248,Mycobacterium_riyadhense,8584,8599,15
15249,Mycobacterium_riyadhense,8601,8603,2
15250,Mycobacterium_riyadhense,8609,8610,1
15251,Mycobacterium_riyadhense,8661,8662,1
15252,Mycobacterium_riyadhense,8703,8704,1
15253,Mycobacterium_riyadhense,8720,8721,1
15254,Mycobacterium_riyadhense,8733,8735,2
15255,Mycobacterium_riyadhense,8739,8742,3
15256,Mycobacterium_riyadhense,8930,8931,1
15257,Mycobacterium_riyadhense,8980,8982,2
15258,Mycobacterium_riyadhense,8996,8998,2
15259,Mycobacterium_riyadhense,9120,9121,1
15260,Mycobacterium_riyadhense,9370,9372,2
15261,Mycobacterium_riyadhense,9546,9547,1
15262,Mycobacterium_riyadhense,9812,9813,1
15263,Mycobacterium_riyadhense,9980,9981,1
15264,Mycobacterium_riyadhense,9983,9986,3
15265,Mycobacterium_riyadhense,10076,10078,2
15266,Mycobacterium_riyadhense,10157,10158,1
15267,Mycobacterium_riyadhense,10261,10262,1
15268,Mycobacterium_riyadhense,10310,10312,2
15269,Mycobacterium_riyadhense,10313,10315,2
15270,Mycobacterium_riyadhense,10325,10326,1
15271,Mycobacterium_riyadhense,10370,10371,1
15272,Mycobacterium_riyadhense,10434,10435,1
15273,Mycobacterium_riyadhense,10448,10449,1
15274,Mycobacterium_riyadhense,10476,10477,1
15275,Mycobacterium_riyadhense,10491,10492,1
15276,Mycobacterium_riyadhense,10526,10527,1
15277,Mycobacterium_riyadhense,10546,10649,103
15278,Mycobacterium_riyadhense,10828,10830,2
15279,Mycobacterium_riyadhense,10832,10846,14
15280,Mycobacterium_riyadhense,10864,10865,1
15281,Mycobacterium_riyadhense,10914,10915,1
15282,Mycobacterium_riyadhense,10958,10967,9
15283,Mycobacterium_riyadhense,10971,10972,1
15284,Mycobacterium_riyadhense,10976,10977,1
15285,Mycobacterium_riyadhense,11085,11086,1
15286,Mycobacterium_riyadhense,11143,11144,1
15287,Mycobacterium_riyadhense,11243,11244,1
15288,Mycobacterium_riyadhense,11260,11261,1
15289,Mycobacterium_riyadhense,11262,11263,1
15290,Mycobacterium_riyadhense,11265,11267,2
15291,Mycobacterium_riyadhense,11286,11287,1
15292,Mycobacterium_riyadhense,11312,11313,1
15293,Mycobacterium_riyadhense,11473,11474,1
15294,Mycobacterium_riyadhense,11505,11511,6
15295,Mycobacterium_riyadhense,11513,11514,1
15296,Mycobacterium_riyadhense,11520,11521,1
15297,Mycobacterium_riyadhense,11523,11534,11
15298,Mycobacterium_riyadhense,11566,11567,1
15299,Mycobacterium_riyadhense,11590,11591,1
15300,Mycobacterium_riyadhense,11782,11783,1
15301,Mycobacterium_riyadhense,11823,11824,1
15302,Mycobacterium_riyadhense,11826,11827,1
15303,Mycobacterium_riyadhense,11831,11836,5
15304,Mycobacterium_riyadhense,11848,11850,2
15305,Mycobacterium_riyadhense,11851,11852,1
15306,Mycobacterium_riyadhense,11859,11860,1
15307,Mycobacterium_riyadhense,11864,11866,2
15308,Mycobacterium_riyadhense,11877,11878,1
15309,Mycobacterium_riyadhense,11993,11994,1
15310,Mycobacterium_riyadhense,12029,12030,1
15311,Mycobacterium_riyadhense,12068,12069,1
15312,Mycobacterium_riyadhense,12207,12208,1
15313,Mycobacterium_riyadhense,12211,12212,1
15314,Mycobacterium_riyadhense,12213,12214,1
15315,Mycobacterium_riyadhense,12218,12222,4
15316,Mycobacterium_riyadhense,12225,12227,2
15317,Mycobacterium_riyadhense,12237,12238,1
15318,Mycobacterium_riyadhense,12360,12369,9
15319,Mycobacterium_riyadhense,12371,12372,1
15320,Mycobacterium_riyadhense,12374,12380,6
15321,Mycobacterium_riyadhense,12384,12390,6
15322,Mycobacterium_riyadhense,12391,12400,9
15323,Mycobacterium_riyadhense,12454,12455,1
15324,Mycobacterium_riyadhense,12739,12740,1
15325,Mycobacterium_riyadhense,12798,12925,127
15326,Mycobacterium_riyadhense,13451,13452,1
15327,Mycobacterium_riyadhense,13453,13454,1
15328,Mycobacterium_riyadhense,13508,13509,1
15329,Mycobacterium_frederiksbergense,1,10,9
15330,Mycobacterium_frederiksbergense,21,39,18
15331,Mycobacterium_frederiksbergense,43,46,3
15332,Mycobacterium_frederiksbergense,48,110,62
15333,Mycobacterium_frederiksbergense,118,130,12
15334,Mycobacterium_frederiksbergense,133,136,3
15335,Mycobacterium_frederiksbergense,346,349,3
15336,Mycobacterium_frederiksbergense,1542,1691,149
15337,Mycobacterium_frederiksbergense,3317,3365,48
15338,Mycobacterium_frederiksbergense,3373,3374,1
15339,Mycobacterium_frederiksbergense,3408,3480,72
15340,Mycobacterium_frederiksbergense,3485,3491,6
15341,Mycobacterium_frederiksbergense,3642,3645,3
15342,Mycobacterium_frederiksbergense,3650,3653,3
15343,Mycobacterium_frederiksbergense,3655,3667,12
15344,Mycobacterium_frederiksbergense,3782,3788,6
15345,Mycobacterium_frederiksbergense,4400,4406,6
15346,Mycobacterium_frederiksbergense,4407,4413,6
15347,Mycobacterium_frederiksbergense,4417,4426,9
15348,Mycobacterium_frederiksbergense,4432,4445,13
15349,Mycobacterium_frederiksbergense,4452,4455,3
15350,Mycobacterium_frederiksbergense,4456,4462,6
15351,Mycobacterium_frederiksbergense,4468,4474,6
15352,Mycobacterium_frederiksbergense,4475,4481,6
15353,Mycobacterium_frederiksbergense,4483,4486,3
15354,Mycobacterium_frederiksbergense,4540,4552,12
15355,Mycobacterium_frederiksbergense,4555,4564,9
15356,Mycobacterium_frederiksbergense,4567,4573,6
15357,Mycobacterium_frederiksbergense,4582,4585,3
15358,Mycobacterium_frederiksbergense,5163,5169,6
15359,Mycobacterium_frederiksbergense,5170,5179,9
15360,Mycobacterium_frederiksbergense,5181,5190,9
15361,Mycobacterium_frederiksbergense,5197,5199,2
15362,Mycobacterium_frederiksbergense,5201,5204,3
15363,Mycobacterium_frederiksbergense,5206,5214,8
15364,Mycobacterium_frederiksbergense,5218,5230,12
15365,Mycobacterium_frederiksbergense,5231,5241,10
15366,Mycobacterium_frederiksbergense,5247,5253,6
15367,Mycobacterium_frederiksbergense,5401,5402,1
15368,Mycobacterium_frederiksbergense,6015,6016,1
15369,Mycobacterium_frederiksbergense,6431,6467,36
15370,Mycobacterium_frederiksbergense,6470,6494,24
15371,Mycobacterium_frederiksbergense,7178,7254,76
15372,Mycobacterium_frederiksbergense,7260,7268,8
15373,Mycobacterium_frederiksbergense,7760,7763,3
15374,Mycobacterium_frederiksbergense,8452,8500,48
15375,Mycobacterium_frederiksbergense,8577,8578,1
15376,Mycobacterium_frederiksbergense,8584,8599,15
15377,Mycobacterium_frederiksbergense,8600,8604,4
15378,Mycobacterium_frederiksbergense,8609,8610,1
15379,Mycobacterium_frederiksbergense,8661,8662,1
15380,Mycobacterium_frederiksbergense,8703,8704,1
15381,Mycobacterium_frederiksbergense,8720,8721,1
15382,Mycobacterium_frederiksbergense,8733,8735,2
15383,Mycobacterium_frederiksbergense,8739,8742,3
15384,Mycobacterium_frederiksbergense,8930,8931,1
15385,Mycobacterium_frederiksbergense,8980,8982,2
15386,Mycobacterium_frederiksbergense,8984,8998,14
15387,Mycobacterium_frederiksbergense,9120,9121,1
15388,Mycobacterium_frederiksbergense,9370,9372,2
15389,Mycobacterium_frederiksbergense,9546,9547,1
15390,Mycobacterium_frederiksbergense,9812,9813,1
15391,Mycobacterium_frederiksbergense,9985,9986,1
15392,Mycobacterium_frederiksbergense,10076,10078,2
15393,Mycobacterium_frederiksbergense,10157,10158,1
15394,Mycobacterium_frederiksbergense,10260,10262,2
15395,Mycobacterium_frederiksbergense,10310,10312,2
15396,Mycobacterium_frederiksbergense,10313,10315,2
15397,Mycobacterium_frederiksbergense,10325,10326,1
15398,Mycobacterium_frederiksbergense,10370,10371,1
15399,Mycobacterium_frederiksbergense,10383,10384,1
15400,Mycobacterium_frederiksbergense,10416,10417,1
15401,Mycobacterium_frederiksbergense,10434,10435,1
15402,Mycobacterium_frederiksbergense,10448,10449,1
15403,Mycobacterium_frederiksbergense,10461,10462,1
15404,Mycobacterium_frederiksbergense,10491,10492,1
15405,Mycobacterium_frederiksbergense,10526,10527,1
15406,Mycobacterium_frederiksbergense,10546,10649,103
15407,Mycobacterium_frederiksbergense,10828,10830,2
15408,Mycobacterium_frederiksbergense,10835,10843,8
15409,Mycobacterium_frederiksbergense,10864,10865,1
15410,Mycobacterium_frederiksbergense,10914,10915,1
15411,Mycobacterium_frederiksbergense,10965,10966,1
15412,Mycobacterium_frederiksbergense,10971,10975,4
15413,Mycobacterium_frederiksbergense,11085,11086,1
15414,Mycobacterium_frederiksbergense,11143,11144,1
15415,Mycobacterium_frederiksbergense,11243,11244,1
15416,Mycobacterium_frederiksbergense,11260,11261,1
15417,Mycobacterium_frederiksbergense,11265,11267,2
15418,Mycobacterium_frederiksbergense,11286,11287,1
15419,Mycobacterium_frederiksbergense,11312,11313,1
15420,Mycobacterium_frederiksbergense,11341,11342,1
15421,Mycobacterium_frederiksbergense,11473,11474,1
15422,Mycobacterium_frederiksbergense,11505,11512,7
15423,Mycobacterium_frederiksbergense,11513,11514,1
15424,Mycobacterium_frederiksbergense,11518,11534,16
15425,Mycobacterium_frederiksbergense,11566,11567,1
15426,Mycobacterium_frederiksbergense,11782,11783,1
15427,Mycobacterium_frederiksbergense,11823,11824,1
15428,Mycobacterium_frederiksbergense,11826,11827,1
15429,Mycobacterium_frederiksbergense,11831,11836,5
15430,Mycobacterium_frederiksbergense,11846,11850,4
15431,Mycobacterium_frederiksbergense,11851,11852,1
15432,Mycobacterium_frederiksbergense,11859,11860,1
15433,Mycobacterium_frederiksbergense,11877,11878,1
15434,Mycobacterium_frederiksbergense,11993,11994,1
15435,Mycobacterium_frederiksbergense,12029,12030,1
15436,Mycobacterium_frederiksbergense,12068,12069,1
15437,Mycobacterium_frederiksbergense,12195,12197,2
15438,Mycobacterium_frederiksbergense,12207,12208,1
15439,Mycobacterium_frederiksbergense,12211,12212,1
15440,Mycobacterium_frederiksbergense,12213,12214,1
15441,Mycobacterium_frederiksbergense,12218,12222,4
15442,Mycobacterium_frederiksbergense,12226,12227,1
15443,Mycobacterium_frederiksbergense,12236,12238,2
15444,Mycobacterium_frederiksbergense,12360,12369,9
15445,Mycobacterium_frederiksbergense,12371,12372,1
15446,Mycobacterium_frederiksbergense,12374,12375,1
15447,Mycobacterium_frederiksbergense,12377,12382,5
15448,Mycobacterium_frederiksbergense,12384,12390,6
15449,Mycobacterium_frederiksbergense,12391,12400,9
15450,Mycobacterium_frederiksbergense,12454,12455,1
15451,Mycobacterium_frederiksbergense,12739,12740,1
15452,Mycobacterium_frederiksbergense,12798,12925,127
15453,Mycobacterium_frederiksbergense,13451,13452,1
15454,Mycobacterium_frederiksbergense,13453,13454,1
15455,Mycobacterium_frederiksbergense,13468,13469,1
15456,Mycobacterium_frederiksbergense,13508,13509,1
15457,Mycolicibacter_arupensis,1,10,9
15458,Mycolicibacter_arupensis,21,39,18
15459,Mycolicibacter_arupensis,43,46,3
15460,Mycolicibacter_arupensis,59,136,77
15461,Mycolicibacter_arupensis,346,349,3
15462,Mycolicibacter_arupensis,1542,1691,149
15463,Mycolicibacter_arupensis,3317,3361,44
15464,Mycolicibacter_arupensis,3364,3365,1
15465,Mycolicibacter_arupensis,3373,3374,1
15466,Mycolicibacter_arupensis,3414,3420,6
15467,Mycolicibacter_arupensis,3424,3460,36
15468,Mycolicibacter_arupensis,3473,3479,6
15469,Mycolicibacter_arupensis,3485,3491,6
15470,Mycolicibacter_arupensis,3650,3653,3
15471,Mycolicibacter_arupensis,3657,3672,15
15472,Mycolicibacter_arupensis,3782,3788,6
15473,Mycolicibacter_arupensis,4400,4406,6
15474,Mycolicibacter_arupensis,4407,4413,6
15475,Mycolicibacter_arupensis,4422,4426,4
15476,Mycolicibacter_arupensis,4432,4438,6
15477,Mycolicibacter_arupensis,4452,4455,3
15478,Mycolicibacter_arupensis,4456,4486,30
15479,Mycolicibacter_arupensis,4555,4564,9
15480,Mycolicibacter_arupensis,5163,5169,6
15481,Mycolicibacter_arupensis,5170,5179,9
15482,Mycolicibacter_arupensis,5181,5190,9
15483,Mycolicibacter_arupensis,5197,5199,2
15484,Mycolicibacter_arupensis,5201,5204,3
15485,Mycolicibacter_arupensis,5206,5214,8
15486,Mycolicibacter_arupensis,5218,5230,12
15487,Mycolicibacter_arupensis,5231,5241,10
15488,Mycolicibacter_arupensis,5247,5253,6
15489,Mycolicibacter_arupensis,5401,5402,1
15490,Mycolicibacter_arupensis,6015,6016,1
15491,Mycolicibacter_arupensis,6431,6452,21
15492,Mycolicibacter_arupensis,6456,6462,6
15493,Mycolicibacter_arupensis,6470,6494,24
15494,Mycolicibacter_arupensis,7178,7254,76
15495,Mycolicibacter_arupensis,7260,7268,8
15496,Mycolicibacter_arupensis,7760,7763,3
15497,Mycolicibacter_arupensis,8452,8500,48
15498,Mycolicibacter_arupensis,8577,8578,1
15499,Mycolicibacter_arupensis,8584,8599,15
15500,Mycolicibacter_arupensis,8601,8603,2
15501,Mycolicibacter_arupensis,8609,8610,1
15502,Mycolicibacter_arupensis,8661,8662,1
15503,Mycolicibacter_arupensis,8703,8704,1
15504,Mycolicibacter_arupensis,8720,8721,1
15505,Mycolicibacter_arupensis,8733,8735,2
15506,Mycolicibacter_arupensis,8739,8742,3
15507,Mycolicibacter_arupensis,8930,8931,1
15508,Mycolicibacter_arupensis,8980,8982,2
15509,Mycolicibacter_arupensis,9120,9121,1
15510,Mycolicibacter_arupensis,9546,9547,1
15511,Mycolicibacter_arupensis,9812,9814,2
15512,Mycolicibacter_arupensis,9982,9984,2
15513,Mycolicibacter_arupensis,9985,9986,1
15514,Mycolicibacter_arupensis,10076,10078,2
15515,Mycolicibacter_arupensis,10157,10158,1
15516,Mycolicibacter_arupensis,10311,10312,1
15517,Mycolicibacter_arupensis,10313,10315,2
15518,Mycolicibacter_arupensis,10325,10326,1
15519,Mycolicibacter_arupensis,10370,10371,1
15520,Mycolicibacter_arupensis,10416,10417,1
15521,Mycolicibacter_arupensis,10434,10435,1
15522,Mycolicibacter_arupensis,10448,10449,1
15523,Mycolicibacter_arupensis,10476,10477,1
15524,Mycolicibacter_arupensis,10491,10492,1
15525,Mycolicibacter_arupensis,10526,10527,1
15526,Mycolicibacter_arupensis,10547,10649,102
15527,Mycolicibacter_arupensis,10828,10830,2
15528,Mycolicibacter_arupensis,10834,10843,9
15529,Mycolicibacter_arupensis,10864,10865,1
15530,Mycolicibacter_arupensis,10914,10915,1
15531,Mycolicibacter_arupensis,10965,10966,1
15532,Mycolicibacter_arupensis,10971,10975,4
15533,Mycolicibacter_arupensis,11085,11086,1
15534,Mycolicibacter_arupensis,11143,11144,1
15535,Mycolicibacter_arupensis,11243,11244,1
15536,Mycolicibacter_arupensis,11260,11261,1
15537,Mycolicibacter_arupensis,11265,11267,2
15538,Mycolicibacter_arupensis,11286,11287,1
15539,Mycolicibacter_arupensis,11312,11313,1
15540,Mycolicibacter_arupensis,11473,11474,1
15541,Mycolicibacter_arupensis,11505,11512,7
15542,Mycolicibacter_arupensis,11513,11514,1
15543,Mycolicibacter_arupensis,11515,11533,18
15544,Mycolicibacter_arupensis,11537,11538,1
15545,Mycolicibacter_arupensis,11566,11567,1
15546,Mycolicibacter_arupensis,11782,11783,1
15547,Mycolicibacter_arupensis,11823,11824,1
15548,Mycolicibacter_arupensis,11826,11827,1
15549,Mycolicibacter_arupensis,11831,11836,5
15550,Mycolicibacter_arupensis,11847,11852,5
15551,Mycolicibacter_arupensis,11859,11860,1
15552,Mycolicibacter_arupensis,11864,11866,2
15553,Mycolicibacter_arupensis,11877,11878,1
15554,Mycolicibacter_arupensis,11993,11994,1
15555,Mycolicibacter_arupensis,12029,12030,1
15556,Mycolicibacter_arupensis,12068,12069,1
15557,Mycolicibacter_arupensis,12207,12208,1
15558,Mycolicibacter_arupensis,12211,12212,1
15559,Mycolicibacter_arupensis,12213,12214,1
15560,Mycolicibacter_arupensis,12218,12222,4
15561,Mycolicibacter_arupensis,12226,12227,1
15562,Mycolicibacter_arupensis,12237,12238,1
15563,Mycolicibacter_arupensis,12360,12369,9
15564,Mycolicibacter_arupensis,12371,12372,1
15565,Mycolicibacter_arupensis,12374,12375,1
15566,Mycolicibacter_arupensis,12377,12382,5
15567,Mycolicibacter_arupensis,12384,12390,6
15568,Mycolicibacter_arupensis,12391,12400,9
15569,Mycolicibacter_arupensis,12454,12455,1
15570,Mycolicibacter_arupensis,12739,12740,1
15571,Mycolicibacter_arupensis,12798,12925,127
15572,Mycolicibacter_arupensis,13451,13452,1
15573,Mycolicibacter_arupensis,13453,13454,1
15574,Mycolicibacter_arupensis,13508,13509,1
15575,Mycolicibacterium_hodleri,1,10,9
15576,Mycolicibacterium_hodleri,21,39,18
15577,Mycolicibacterium_hodleri,43,46,3
15578,Mycolicibacterium_hodleri,51,107,56
15579,Mycolicibacterium_hodleri,117,132,15
15580,Mycolicibacterium_hodleri,133,136,3
15581,Mycolicibacterium_hodleri,346,349,3
15582,Mycolicibacterium_hodleri,1542,1691,149
15583,Mycolicibacterium_hodleri,3317,3361,44
15584,Mycolicibacterium_hodleri,3364,3365,1
15585,Mycolicibacterium_hodleri,3373,3374,1
15586,Mycolicibacterium_hodleri,3409,3478,69
15587,Mycolicibacterium_hodleri,3485,3491,6
15588,Mycolicibacterium_hodleri,3642,3645,3
15589,Mycolicibacterium_hodleri,3650,3653,3
15590,Mycolicibacterium_hodleri,3655,3667,12
15591,Mycolicibacterium_hodleri,3782,3788,6
15592,Mycolicibacterium_hodleri,4400,4406,6
15593,Mycolicibacterium_hodleri,4407,4413,6
15594,Mycolicibacterium_hodleri,4417,4426,9
15595,Mycolicibacterium_hodleri,4432,4445,13
15596,Mycolicibacterium_hodleri,4452,4455,3
15597,Mycolicibacterium_hodleri,4456,4462,6
15598,Mycolicibacterium_hodleri,4468,4474,6
15599,Mycolicibacterium_hodleri,4475,4481,6
15600,Mycolicibacterium_hodleri,4483,4486,3
15601,Mycolicibacterium_hodleri,4540,4552,12
15602,Mycolicibacterium_hodleri,4555,4564,9
15603,Mycolicibacterium_hodleri,4567,4573,6
15604,Mycolicibacterium_hodleri,4582,4585,3
15605,Mycolicibacterium_hodleri,5163,5169,6
15606,Mycolicibacterium_hodleri,5170,5179,9
15607,Mycolicibacterium_hodleri,5181,5190,9
15608,Mycolicibacterium_hodleri,5197,5199,2
15609,Mycolicibacterium_hodleri,5201,5204,3
15610,Mycolicibacterium_hodleri,5206,5214,8
15611,Mycolicibacterium_hodleri,5218,5230,12
15612,Mycolicibacterium_hodleri,5231,5241,10
15613,Mycolicibacterium_hodleri,5247,5253,6
15614,Mycolicibacterium_hodleri,5401,5402,1
15615,Mycolicibacterium_hodleri,6015,6016,1
15616,Mycolicibacterium_hodleri,6431,6452,21
15617,Mycolicibacterium_hodleri,6456,6462,6
15618,Mycolicibacterium_hodleri,6477,6489,12
15619,Mycolicibacterium_hodleri,7178,7254,76
15620,Mycolicibacterium_hodleri,7260,7268,8
15621,Mycolicibacterium_hodleri,7760,7763,3
15622,Mycolicibacterium_hodleri,8452,8500,48
15623,Mycolicibacterium_hodleri,8577,8578,1
15624,Mycolicibacterium_hodleri,8584,8599,15
15625,Mycolicibacterium_hodleri,8600,8604,4
15626,Mycolicibacterium_hodleri,8609,8610,1
15627,Mycolicibacterium_hodleri,8661,8662,1
15628,Mycolicibacterium_hodleri,8703,8704,1
15629,Mycolicibacterium_hodleri,8720,8721,1
15630,Mycolicibacterium_hodleri,8733,8735,2
15631,Mycolicibacterium_hodleri,8739,8742,3
15632,Mycolicibacterium_hodleri,8930,8931,1
15633,Mycolicibacterium_hodleri,8980,8982,2
15634,Mycolicibacterium_hodleri,8984,8998,14
15635,Mycolicibacterium_hodleri,9120,9121,1
15636,Mycolicibacterium_hodleri,9370,9372,2
15637,Mycolicibacterium_hodleri,9546,9547,1
15638,Mycolicibacterium_hodleri,9812,9813,1
15639,Mycolicibacterium_hodleri,9985,9986,1
15640,Mycolicibacterium_hodleri,10076,10078,2
15641,Mycolicibacterium_hodleri,10157,10158,1
15642,Mycolicibacterium_hodleri,10261,10262,1
15643,Mycolicibacterium_hodleri,10310,10312,2
15644,Mycolicibacterium_hodleri,10313,10315,2
15645,Mycolicibacterium_hodleri,10325,10326,1
15646,Mycolicibacterium_hodleri,10370,10371,1
15647,Mycolicibacterium_hodleri,10416,10417,1
15648,Mycolicibacterium_hodleri,10434,10435,1
15649,Mycolicibacterium_hodleri,10448,10449,1
15650,Mycolicibacterium_hodleri,10491,10492,1
15651,Mycolicibacterium_hodleri,10526,10527,1
15652,Mycolicibacterium_hodleri,10547,10649,102
15653,Mycolicibacterium_hodleri,10828,10831,3
15654,Mycolicibacterium_hodleri,10835,10843,8
15655,Mycolicibacterium_hodleri,10864,10865,1
15656,Mycolicibacterium_hodleri,10914,10915,1
15657,Mycolicibacterium_hodleri,10965,10966,1
15658,Mycolicibacterium_hodleri,10971,10975,4
15659,Mycolicibacterium_hodleri,11085,11086,1
15660,Mycolicibacterium_hodleri,11143,11144,1
15661,Mycolicibacterium_hodleri,11243,11244,1
15662,Mycolicibacterium_hodleri,11260,11261,1
15663,Mycolicibacterium_hodleri,11266,11267,1
15664,Mycolicibacterium_hodleri,11286,11287,1
15665,Mycolicibacterium_hodleri,11312,11313,1
15666,Mycolicibacterium_hodleri,11473,11474,1
15667,Mycolicibacterium_hodleri,11505,11512,7
15668,Mycolicibacterium_hodleri,11513,11514,1
15669,Mycolicibacterium_hodleri,11520,11521,1
15670,Mycolicibacterium_hodleri,11527,11531,4
15671,Mycolicibacterium_hodleri,11532,11533,1
15672,Mycolicibacterium_hodleri,11782,11783,1
15673,Mycolicibacterium_hodleri,11823,11824,1
15674,Mycolicibacterium_hodleri,11826,11827,1
15675,Mycolicibacterium_hodleri,11831,11836,5
15676,Mycolicibacterium_hodleri,11846,11850,4
15677,Mycolicibacterium_hodleri,11851,11852,1
15678,Mycolicibacterium_hodleri,11859,11860,1
15679,Mycolicibacterium_hodleri,11864,11866,2
15680,Mycolicibacterium_hodleri,11877,11878,1
15681,Mycolicibacterium_hodleri,11993,11994,1
15682,Mycolicibacterium_hodleri,12029,12030,1
15683,Mycolicibacterium_hodleri,12068,12069,1
15684,Mycolicibacterium_hodleri,12196,12197,1
15685,Mycolicibacterium_hodleri,12207,12208,1
15686,Mycolicibacterium_hodleri,12211,12212,1
15687,Mycolicibacterium_hodleri,12213,12214,1
15688,Mycolicibacterium_hodleri,12218,12222,4
15689,Mycolicibacterium_hodleri,12226,12227,1
15690,Mycolicibacterium_hodleri,12237,12238,1
15691,Mycolicibacterium_hodleri,12360,12369,9
15692,Mycolicibacterium_hodleri,12371,12372,1
15693,Mycolicibacterium_hodleri,12374,12375,1
15694,Mycolicibacterium_hodleri,12378,12381,3
15695,Mycolicibacterium_hodleri,12382,12390,8
15696,Mycolicibacterium_hodleri,12391,12400,9
15697,Mycolicibacterium_hodleri,12454,12455,1
15698,Mycolicibacterium_hodleri,12739,12740,1
15699,Mycolicibacterium_hodleri,12798,12925,127
15700,Mycolicibacterium_hodleri,13451,13452,1
15701,Mycolicibacterium_hodleri,13453,13454,1
15702,Mycolicibacterium_hodleri,13508,13509,1
15703,Mycolicibacterium_cosmeticum,1,10,9
15704,Mycolicibacterium_cosmeticum,21,39,18
15705,Mycolicibacterium_cosmeticum,43,46,3
15706,Mycolicibacterium_cosmeticum,48,110,62
15707,Mycolicibacterium_cosmeticum,118,130,12
15708,Mycolicibacterium_cosmeticum,133,136,3
15709,Mycolicibacterium_cosmeticum,346,349,3
15710,Mycolicibacterium_cosmeticum,1542,1691,149
15711,Mycolicibacterium_cosmeticum,3317,3361,44
15712,Mycolicibacterium_cosmeticum,3364,3365,1
15713,Mycolicibacterium_cosmeticum,3373,3374,1
15714,Mycolicibacterium_cosmeticum,3407,3482,75
15715,Mycolicibacterium_cosmeticum,3485,3491,6
15716,Mycolicibacterium_cosmeticum,3642,3645,3
15717,Mycolicibacterium_cosmeticum,3650,3653,3
15718,Mycolicibacterium_cosmeticum,3655,3667,12
15719,Mycolicibacterium_cosmeticum,3782,3788,6
15720,Mycolicibacterium_cosmeticum,4400,4406,6
15721,Mycolicibacterium_cosmeticum,4407,4413,6
15722,Mycolicibacterium_cosmeticum,4417,4426,9
15723,Mycolicibacterium_cosmeticum,4432,4445,13
15724,Mycolicibacterium_cosmeticum,4452,4455,3
15725,Mycolicibacterium_cosmeticum,4456,4462,6
15726,Mycolicibacterium_cosmeticum,4468,4474,6
15727,Mycolicibacterium_cosmeticum,4475,4481,6
15728,Mycolicibacterium_cosmeticum,4483,4486,3
15729,Mycolicibacterium_cosmeticum,4540,4552,12
15730,Mycolicibacterium_cosmeticum,4555,4564,9
15731,Mycolicibacterium_cosmeticum,4567,4573,6
15732,Mycolicibacterium_cosmeticum,4582,4585,3
15733,Mycolicibacterium_cosmeticum,5163,5169,6
15734,Mycolicibacterium_cosmeticum,5170,5179,9
15735,Mycolicibacterium_cosmeticum,5181,5190,9
15736,Mycolicibacterium_cosmeticum,5197,5199,2
15737,Mycolicibacterium_cosmeticum,5201,5204,3
15738,Mycolicibacterium_cosmeticum,5206,5214,8
15739,Mycolicibacterium_cosmeticum,5218,5230,12
15740,Mycolicibacterium_cosmeticum,5231,5241,10
15741,Mycolicibacterium_cosmeticum,5247,5253,6
15742,Mycolicibacterium_cosmeticum,5401,5402,1
15743,Mycolicibacterium_cosmeticum,6015,6016,1
15744,Mycolicibacterium_cosmeticum,6431,6467,36
15745,Mycolicibacterium_cosmeticum,6470,6494,24
15746,Mycolicibacterium_cosmeticum,7178,7254,76
15747,Mycolicibacterium_cosmeticum,7260,7268,8
15748,Mycolicibacterium_cosmeticum,7760,7763,3
15749,Mycolicibacterium_cosmeticum,8452,8500,48
15750,Mycolicibacterium_cosmeticum,8577,8578,1
15751,Mycolicibacterium_cosmeticum,8584,8599,15
15752,Mycolicibacterium_cosmeticum,8600,8604,4
15753,Mycolicibacterium_cosmeticum,8609,8610,1
15754,Mycolicibacterium_cosmeticum,8661,8662,1
15755,Mycolicibacterium_cosmeticum,8703,8704,1
15756,Mycolicibacterium_cosmeticum,8720,8721,1
15757,Mycolicibacterium_cosmeticum,8733,8735,2
15758,Mycolicibacterium_cosmeticum,8739,8742,3
15759,Mycolicibacterium_cosmeticum,8930,8931,1
15760,Mycolicibacterium_cosmeticum,8980,8982,2
15761,Mycolicibacterium_cosmeticum,8984,8998,14
15762,Mycolicibacterium_cosmeticum,9120,9121,1
15763,Mycolicibacterium_cosmeticum,9370,9372,2
15764,Mycolicibacterium_cosmeticum,9546,9547,1
15765,Mycolicibacterium_cosmeticum,9812,9813,1
15766,Mycolicibacterium_cosmeticum,9985,9986,1
15767,Mycolicibacterium_cosmeticum,10076,10078,2
15768,Mycolicibacterium_cosmeticum,10157,10158,1
15769,Mycolicibacterium_cosmeticum,10261,10262,1
15770,Mycolicibacterium_cosmeticum,10310,10312,2
15771,Mycolicibacterium_cosmeticum,10313,10315,2
15772,Mycolicibacterium_cosmeticum,10325,10326,1
15773,Mycolicibacterium_cosmeticum,10370,10371,1
15774,Mycolicibacterium_cosmeticum,10416,10417,1
15775,Mycolicibacterium_cosmeticum,10434,10435,1
15776,Mycolicibacterium_cosmeticum,10448,10449,1
15777,Mycolicibacterium_cosmeticum,10461,10462,1
15778,Mycolicibacterium_cosmeticum,10491,10492,1
15779,Mycolicibacterium_cosmeticum,10526,10527,1
15780,Mycolicibacterium_cosmeticum,10546,10649,103
15781,Mycolicibacterium_cosmeticum,10828,10832,4
15782,Mycolicibacterium_cosmeticum,10835,10842,7
15783,Mycolicibacterium_cosmeticum,10864,10865,1
15784,Mycolicibacterium_cosmeticum,10914,10915,1
15785,Mycolicibacterium_cosmeticum,10965,10968,3
15786,Mycolicibacterium_cosmeticum,10971,10975,4
15787,Mycolicibacterium_cosmeticum,11085,11086,1
15788,Mycolicibacterium_cosmeticum,11143,11144,1
15789,Mycolicibacterium_cosmeticum,11243,11244,1
15790,Mycolicibacterium_cosmeticum,11260,11261,1
15791,Mycolicibacterium_cosmeticum,11265,11267,2
15792,Mycolicibacterium_cosmeticum,11286,11287,1
15793,Mycolicibacterium_cosmeticum,11312,11313,1
15794,Mycolicibacterium_cosmeticum,11473,11474,1
15795,Mycolicibacterium_cosmeticum,11505,11512,7
15796,Mycolicibacterium_cosmeticum,11513,11514,1
15797,Mycolicibacterium_cosmeticum,11516,11535,19
15798,Mycolicibacterium_cosmeticum,11566,11567,1
15799,Mycolicibacterium_cosmeticum,11782,11783,1
15800,Mycolicibacterium_cosmeticum,11813,11817,4
15801,Mycolicibacterium_cosmeticum,11823,11824,1
15802,Mycolicibacterium_cosmeticum,11826,11827,1
15803,Mycolicibacterium_cosmeticum,11833,11835,2
15804,Mycolicibacterium_cosmeticum,11846,11850,4
15805,Mycolicibacterium_cosmeticum,11851,11852,1
15806,Mycolicibacterium_cosmeticum,11859,11860,1
15807,Mycolicibacterium_cosmeticum,11864,11865,1
15808,Mycolicibacterium_cosmeticum,11877,11878,1
15809,Mycolicibacterium_cosmeticum,11993,11994,1
15810,Mycolicibacterium_cosmeticum,12029,12030,1
15811,Mycolicibacterium_cosmeticum,12068,12069,1
15812,Mycolicibacterium_cosmeticum,12196,12197,1
15813,Mycolicibacterium_cosmeticum,12207,12208,1
15814,Mycolicibacterium_cosmeticum,12211,12212,1
15815,Mycolicibacterium_cosmeticum,12213,12214,1
15816,Mycolicibacterium_cosmeticum,12218,12222,4
15817,Mycolicibacterium_cosmeticum,12226,12227,1
15818,Mycolicibacterium_cosmeticum,12237,12238,1
15819,Mycolicibacterium_cosmeticum,12360,12369,9
15820,Mycolicibacterium_cosmeticum,12371,12372,1
15821,Mycolicibacterium_cosmeticum,12374,12375,1
15822,Mycolicibacterium_cosmeticum,12377,12382,5
15823,Mycolicibacterium_cosmeticum,12384,12390,6
15824,Mycolicibacterium_cosmeticum,12391,12400,9
15825,Mycolicibacterium_cosmeticum,12454,12455,1
15826,Mycolicibacterium_cosmeticum,12739,12740,1
15827,Mycolicibacterium_cosmeticum,12798,12925,127
15828,Mycolicibacterium_cosmeticum,13451,13452,1
15829,Mycolicibacterium_cosmeticum,13453,13454,1
15830,Mycolicibacterium_cosmeticum,13508,13509,1
15831,Mycobacterium_helveticum,1,10,9
15832,Mycobacterium_helveticum,21,39,18
15833,Mycobacterium_helveticum,43,46,3
15834,Mycobacterium_helveticum,53,71,18
15835,Mycobacterium_helveticum,87,107,20
15836,Mycobacterium_helveticum,117,132,15
15837,Mycobacterium_helveticum,133,136,3
15838,Mycobacterium_helveticum,346,349,3
15839,Mycobacterium_helveticum,1542,1691,149
15840,Mycobacterium_helveticum,3317,3381,64
15841,Mycobacterium_helveticum,3414,3420,6
15842,Mycobacterium_helveticum,3424,3460,36
15843,Mycobacterium_helveticum,3476,3479,3
15844,Mycobacterium_helveticum,3485,3491,6
15845,Mycobacterium_helveticum,3642,3645,3
15846,Mycobacterium_helveticum,3650,3653,3
15847,Mycobacterium_helveticum,3655,3667,12
15848,Mycobacterium_helveticum,3782,3788,6
15849,Mycobacterium_helveticum,4400,4406,6
15850,Mycobacterium_helveticum,4407,4413,6
15851,Mycobacterium_helveticum,4419,4431,12
15852,Mycobacterium_helveticum,4432,4445,13
15853,Mycobacterium_helveticum,4452,4455,3
15854,Mycobacterium_helveticum,4456,4462,6
15855,Mycobacterium_helveticum,4475,4481,6
15856,Mycobacterium_helveticum,4483,4486,3
15857,Mycobacterium_helveticum,4555,4564,9
15858,Mycobacterium_helveticum,4567,4573,6
15859,Mycobacterium_helveticum,5163,5169,6
15860,Mycobacterium_helveticum,5170,5179,9
15861,Mycobacterium_helveticum,5181,5190,9
15862,Mycobacterium_helveticum,5197,5199,2
15863,Mycobacterium_helveticum,5201,5204,3
15864,Mycobacterium_helveticum,5206,5214,8
15865,Mycobacterium_helveticum,5218,5230,12
15866,Mycobacterium_helveticum,5231,5241,10
15867,Mycobacterium_helveticum,5247,5253,6
15868,Mycobacterium_helveticum,5401,5402,1
15869,Mycobacterium_helveticum,6015,6016,1
15870,Mycobacterium_helveticum,6428,6464,36
15871,Mycobacterium_helveticum,6470,6494,24
15872,Mycobacterium_helveticum,7178,7254,76
15873,Mycobacterium_helveticum,7260,7268,8
15874,Mycobacterium_helveticum,7760,7763,3
15875,Mycobacterium_helveticum,8452,8500,48
15876,Mycobacterium_helveticum,8577,8578,1
15877,Mycobacterium_helveticum,8584,8599,15
15878,Mycobacterium_helveticum,8601,8603,2
15879,Mycobacterium_helveticum,8609,8610,1
15880,Mycobacterium_helveticum,8661,8662,1
15881,Mycobacterium_helveticum,8703,8704,1
15882,Mycobacterium_helveticum,8720,8721,1
15883,Mycobacterium_helveticum,8733,8735,2
15884,Mycobacterium_helveticum,8739,8742,3
15885,Mycobacterium_helveticum,8930,8931,1
15886,Mycobacterium_helveticum,8980,8982,2
15887,Mycobacterium_helveticum,8987,9001,14
15888,Mycobacterium_helveticum,9120,9121,1
15889,Mycobacterium_helveticum,9370,9372,2
15890,Mycobacterium_helveticum,9546,9547,1
15891,Mycobacterium_helveticum,9812,9814,2
15892,Mycobacterium_helveticum,9983,9986,3
15893,Mycobacterium_helveticum,10076,10078,2
15894,Mycobacterium_helveticum,10157,10158,1
15895,Mycobacterium_helveticum,10261,10262,1
15896,Mycobacterium_helveticum,10310,10312,2
15897,Mycobacterium_helveticum,10313,10315,2
15898,Mycobacterium_helveticum,10325,10326,1
15899,Mycobacterium_helveticum,10352,10353,1
15900,Mycobacterium_helveticum,10370,10371,1
15901,Mycobacterium_helveticum,10434,10435,1
15902,Mycobacterium_helveticum,10448,10449,1
15903,Mycobacterium_helveticum,10476,10477,1
15904,Mycobacterium_helveticum,10491,10492,1
15905,Mycobacterium_helveticum,10526,10527,1
15906,Mycobacterium_helveticum,10546,10649,103
15907,Mycobacterium_helveticum,10828,10830,2
15908,Mycobacterium_helveticum,10832,10846,14
15909,Mycobacterium_helveticum,10864,10865,1
15910,Mycobacterium_helveticum,10914,10915,1
15911,Mycobacterium_helveticum,10957,10982,25
15912,Mycobacterium_helveticum,11085,11086,1
15913,Mycobacterium_helveticum,11143,11144,1
15914,Mycobacterium_helveticum,11243,11244,1
15915,Mycobacterium_helveticum,11260,11261,1
15916,Mycobacterium_helveticum,11262,11263,1
15917,Mycobacterium_helveticum,11265,11267,2
15918,Mycobacterium_helveticum,11286,11287,1
15919,Mycobacterium_helveticum,11312,11313,1
15920,Mycobacterium_helveticum,11473,11474,1
15921,Mycobacterium_helveticum,11505,11534,29
15922,Mycobacterium_helveticum,11566,11567,1
15923,Mycobacterium_helveticum,11590,11591,1
15924,Mycobacterium_helveticum,11782,11783,1
15925,Mycobacterium_helveticum,11823,11824,1
15926,Mycobacterium_helveticum,11826,11827,1
15927,Mycobacterium_helveticum,11831,11836,5
15928,Mycobacterium_helveticum,11848,11850,2
15929,Mycobacterium_helveticum,11851,11852,1
15930,Mycobacterium_helveticum,11859,11860,1
15931,Mycobacterium_helveticum,11864,11866,2
15932,Mycobacterium_helveticum,11877,11878,1
15933,Mycobacterium_helveticum,11993,11994,1
15934,Mycobacterium_helveticum,12029,12030,1
15935,Mycobacterium_helveticum,12068,12069,1
15936,Mycobacterium_helveticum,12207,12208,1
15937,Mycobacterium_helveticum,12211,12212,1
15938,Mycobacterium_helveticum,12213,12214,1
15939,Mycobacterium_helveticum,12218,12222,4
15940,Mycobacterium_helveticum,12225,12227,2
15941,Mycobacterium_helveticum,12237,12238,1
15942,Mycobacterium_helveticum,12360,12369,9
15943,Mycobacterium_helveticum,12371,12380,9
15944,Mycobacterium_helveticum,12384,12390,6
15945,Mycobacterium_helveticum,12391,12400,9
15946,Mycobacterium_helveticum,12454,12455,1
15947,Mycobacterium_helveticum,12739,12740,1
15948,Mycobacterium_helveticum,12798,12925,127
15949,Mycobacterium_helveticum,13451,13452,1
15950,Mycobacterium_helveticum,13453,13454,1
15951,Mycobacterium_helveticum,13508,13509,1
15952,Mycolicibacter_kumamotonensis,1,10,9
15953,Mycolicibacter_kumamotonensis,21,39,18
15954,Mycolicibacter_kumamotonensis,43,46,3
15955,Mycolicibacter_kumamotonensis,59,136,77
15956,Mycolicibacter_kumamotonensis,346,349,3
15957,Mycolicibacter_kumamotonensis,1542,1691,149
15958,Mycolicibacter_kumamotonensis,3317,3365,48
15959,Mycolicibacter_kumamotonensis,3373,3374,1
15960,Mycolicibacter_kumamotonensis,3414,3420,6
15961,Mycolicibacter_kumamotonensis,3424,3460,36
15962,Mycolicibacter_kumamotonensis,3473,3479,6
15963,Mycolicibacter_kumamotonensis,3485,3491,6
15964,Mycolicibacter_kumamotonensis,3650,3653,3
15965,Mycolicibacter_kumamotonensis,3657,3672,15
15966,Mycolicibacter_kumamotonensis,3782,3788,6
15967,Mycolicibacter_kumamotonensis,4400,4406,6
15968,Mycolicibacter_kumamotonensis,4407,4413,6
15969,Mycolicibacter_kumamotonensis,4422,4426,4
15970,Mycolicibacter_kumamotonensis,4452,4455,3
15971,Mycolicibacter_kumamotonensis,4456,4486,30
15972,Mycolicibacter_kumamotonensis,4555,4564,9
15973,Mycolicibacter_kumamotonensis,4567,4573,6
15974,Mycolicibacter_kumamotonensis,5163,5169,6
15975,Mycolicibacter_kumamotonensis,5170,5179,9
15976,Mycolicibacter_kumamotonensis,5181,5190,9
15977,Mycolicibacter_kumamotonensis,5197,5199,2
15978,Mycolicibacter_kumamotonensis,5201,5204,3
15979,Mycolicibacter_kumamotonensis,5206,5214,8
15980,Mycolicibacter_kumamotonensis,5218,5230,12
15981,Mycolicibacter_kumamotonensis,5231,5241,10
15982,Mycolicibacter_kumamotonensis,5247,5253,6
15983,Mycolicibacter_kumamotonensis,5401,5402,1
15984,Mycolicibacter_kumamotonensis,6015,6016,1
15985,Mycolicibacter_kumamotonensis,6431,6452,21
15986,Mycolicibacter_kumamotonensis,6470,6494,24
15987,Mycolicibacter_kumamotonensis,7178,7254,76
15988,Mycolicibacter_kumamotonensis,7260,7268,8
15989,Mycolicibacter_kumamotonensis,7760,7763,3
15990,Mycolicibacter_kumamotonensis,8452,8500,48
15991,Mycolicibacter_kumamotonensis,8577,8578,1
15992,Mycolicibacter_kumamotonensis,8584,8599,15
15993,Mycolicibacter_kumamotonensis,8601,8603,2
15994,Mycolicibacter_kumamotonensis,8609,8610,1
15995,Mycolicibacter_kumamotonensis,8661,8662,1
15996,Mycolicibacter_kumamotonensis,8703,8704,1
15997,Mycolicibacter_kumamotonensis,8720,8721,1
15998,Mycolicibacter_kumamotonensis,8733,8735,2
15999,Mycolicibacter_kumamotonensis,8739,8742,3
16000,Mycolicibacter_kumamotonensis,8930,8931,1
16001,Mycolicibacter_kumamotonensis,8980,8982,2
16002,Mycolicibacter_kumamotonensis,9120,9121,1
16003,Mycolicibacter_kumamotonensis,9546,9547,1
16004,Mycolicibacter_kumamotonensis,9812,9814,2
16005,Mycolicibacter_kumamotonensis,9982,9984,2
16006,Mycolicibacter_kumamotonensis,9985,9986,1
16007,Mycolicibacter_kumamotonensis,10076,10078,2
16008,Mycolicibacter_kumamotonensis,10157,10158,1
16009,Mycolicibacter_kumamotonensis,10311,10312,1
16010,Mycolicibacter_kumamotonensis,10313,10315,2
16011,Mycolicibacter_kumamotonensis,10325,10326,1
16012,Mycolicibacter_kumamotonensis,10352,10353,1
16013,Mycolicibacter_kumamotonensis,10370,10371,1
16014,Mycolicibacter_kumamotonensis,10416,10417,1
16015,Mycolicibacter_kumamotonensis,10434,10435,1
16016,Mycolicibacter_kumamotonensis,10448,10449,1
16017,Mycolicibacter_kumamotonensis,10476,10477,1
16018,Mycolicibacter_kumamotonensis,10491,10492,1
16019,Mycolicibacter_kumamotonensis,10526,10527,1
16020,Mycolicibacter_kumamotonensis,10547,10649,102
16021,Mycolicibacter_kumamotonensis,10828,10830,2
16022,Mycolicibacter_kumamotonensis,10835,10843,8
16023,Mycolicibacter_kumamotonensis,10864,10865,1
16024,Mycolicibacter_kumamotonensis,10914,10915,1
16025,Mycolicibacter_kumamotonensis,10965,10966,1
16026,Mycolicibacter_kumamotonensis,10971,10975,4
16027,Mycolicibacter_kumamotonensis,11085,11086,1
16028,Mycolicibacter_kumamotonensis,11143,11144,1
16029,Mycolicibacter_kumamotonensis,11243,11244,1
16030,Mycolicibacter_kumamotonensis,11260,11261,1
16031,Mycolicibacter_kumamotonensis,11265,11267,2
16032,Mycolicibacter_kumamotonensis,11286,11287,1
16033,Mycolicibacter_kumamotonensis,11312,11313,1
16034,Mycolicibacter_kumamotonensis,11473,11474,1
16035,Mycolicibacter_kumamotonensis,11505,11512,7
16036,Mycolicibacter_kumamotonensis,11513,11514,1
16037,Mycolicibacter_kumamotonensis,11515,11533,18
16038,Mycolicibacter_kumamotonensis,11537,11538,1
16039,Mycolicibacter_kumamotonensis,11566,11567,1
16040,Mycolicibacter_kumamotonensis,11782,11783,1
16041,Mycolicibacter_kumamotonensis,11823,11824,1
16042,Mycolicibacter_kumamotonensis,11831,11836,5
16043,Mycolicibacter_kumamotonensis,11847,11850,3
16044,Mycolicibacter_kumamotonensis,11851,11852,1
16045,Mycolicibacter_kumamotonensis,11859,11860,1
16046,Mycolicibacter_kumamotonensis,11864,11866,2
16047,Mycolicibacter_kumamotonensis,11877,11878,1
16048,Mycolicibacter_kumamotonensis,11993,11994,1
16049,Mycolicibacter_kumamotonensis,12029,12030,1
16050,Mycolicibacter_kumamotonensis,12068,12069,1
16051,Mycolicibacter_kumamotonensis,12207,12208,1
16052,Mycolicibacter_kumamotonensis,12211,12212,1
16053,Mycolicibacter_kumamotonensis,12213,12214,1
16054,Mycolicibacter_kumamotonensis,12218,12222,4
16055,Mycolicibacter_kumamotonensis,12226,12227,1
16056,Mycolicibacter_kumamotonensis,12237,12238,1
16057,Mycolicibacter_kumamotonensis,12360,12369,9
16058,Mycolicibacter_kumamotonensis,12371,12372,1
16059,Mycolicibacter_kumamotonensis,12374,12375,1
16060,Mycolicibacter_kumamotonensis,12377,12382,5
16061,Mycolicibacter_kumamotonensis,12384,12390,6
16062,Mycolicibacter_kumamotonensis,12391,12400,9
16063,Mycolicibacter_kumamotonensis,12454,12455,1
16064,Mycolicibacter_kumamotonensis,12739,12740,1
16065,Mycolicibacter_kumamotonensis,12798,12925,127
16066,Mycolicibacter_kumamotonensis,13451,13452,1
16067,Mycolicibacter_kumamotonensis,13453,13454,1
16068,Mycolicibacter_kumamotonensis,13508,13509,1
16069,Mycolicibacterium_agri,1,10,9
16070,Mycolicibacterium_agri,21,39,18
16071,Mycolicibacterium_agri,43,46,3
16072,Mycolicibacterium_agri,60,107,47
16073,Mycolicibacterium_agri,117,132,15
16074,Mycolicibacterium_agri,133,136,3
16075,Mycolicibacterium_agri,346,349,3
16076,Mycolicibacterium_agri,1542,1545,3
16077,Mycolicibacterium_agri,1572,1604,32
16078,Mycolicibacterium_agri,1632,1650,18
16079,Mycolicibacterium_agri,1664,1676,12
16080,Mycolicibacterium_agri,3284,3287,3
16081,Mycolicibacterium_agri,3317,3361,44
16082,Mycolicibacterium_agri,3364,3365,1
16083,Mycolicibacterium_agri,3373,3374,1
16084,Mycolicibacterium_agri,3409,3478,69
16085,Mycolicibacterium_agri,3485,3491,6
16086,Mycolicibacterium_agri,3642,3645,3
16087,Mycolicibacterium_agri,3650,3653,3
16088,Mycolicibacterium_agri,3655,3667,12
16089,Mycolicibacterium_agri,3782,3788,6
16090,Mycolicibacterium_agri,4400,4406,6
16091,Mycolicibacterium_agri,4407,4413,6
16092,Mycolicibacterium_agri,4417,4426,9
16093,Mycolicibacterium_agri,4432,4445,13
16094,Mycolicibacterium_agri,4452,4455,3
16095,Mycolicibacterium_agri,4456,4462,6
16096,Mycolicibacterium_agri,4468,4474,6
16097,Mycolicibacterium_agri,4475,4481,6
16098,Mycolicibacterium_agri,4483,4486,3
16099,Mycolicibacterium_agri,4540,4552,12
16100,Mycolicibacterium_agri,4555,4564,9
16101,Mycolicibacterium_agri,4567,4573,6
16102,Mycolicibacterium_agri,4582,4585,3
16103,Mycolicibacterium_agri,5163,5169,6
16104,Mycolicibacterium_agri,5170,5179,9
16105,Mycolicibacterium_agri,5181,5190,9
16106,Mycolicibacterium_agri,5197,5199,2
16107,Mycolicibacterium_agri,5201,5204,3
16108,Mycolicibacterium_agri,5206,5214,8
16109,Mycolicibacterium_agri,5218,5230,12
16110,Mycolicibacterium_agri,5231,5241,10
16111,Mycolicibacterium_agri,5247,5253,6
16112,Mycolicibacterium_agri,5401,5402,1
16113,Mycolicibacterium_agri,6015,6016,1
16114,Mycolicibacterium_agri,6431,6467,36
16115,Mycolicibacterium_agri,6470,6494,24
16116,Mycolicibacterium_agri,7178,7254,76
16117,Mycolicibacterium_agri,7260,7268,8
16118,Mycolicibacterium_agri,7760,7763,3
16119,Mycolicibacterium_agri,8452,8500,48
16120,Mycolicibacterium_agri,8577,8578,1
16121,Mycolicibacterium_agri,8584,8599,15
16122,Mycolicibacterium_agri,8609,8610,1
16123,Mycolicibacterium_agri,8661,8662,1
16124,Mycolicibacterium_agri,8720,8721,1
16125,Mycolicibacterium_agri,8733,8735,2
16126,Mycolicibacterium_agri,8739,8742,3
16127,Mycolicibacterium_agri,8930,8931,1
16128,Mycolicibacterium_agri,8980,8982,2
16129,Mycolicibacterium_agri,8984,8998,14
16130,Mycolicibacterium_agri,9120,9121,1
16131,Mycolicibacterium_agri,9359,9360,1
16132,Mycolicibacterium_agri,9370,9372,2
16133,Mycolicibacterium_agri,9546,9547,1
16134,Mycolicibacterium_agri,9812,9813,1
16135,Mycolicibacterium_agri,9985,9986,1
16136,Mycolicibacterium_agri,10076,10078,2
16137,Mycolicibacterium_agri,10157,10158,1
16138,Mycolicibacterium_agri,10261,10262,1
16139,Mycolicibacterium_agri,10310,10312,2
16140,Mycolicibacterium_agri,10313,10315,2
16141,Mycolicibacterium_agri,10325,10326,1
16142,Mycolicibacterium_agri,10370,10371,1
16143,Mycolicibacterium_agri,10434,10435,1
16144,Mycolicibacterium_agri,10448,10449,1
16145,Mycolicibacterium_agri,10461,10462,1
16146,Mycolicibacterium_agri,10476,10477,1
16147,Mycolicibacterium_agri,10491,10492,1
16148,Mycolicibacterium_agri,10526,10527,1
16149,Mycolicibacterium_agri,10547,10649,102
16150,Mycolicibacterium_agri,10828,10832,4
16151,Mycolicibacterium_agri,10835,10836,1
16152,Mycolicibacterium_agri,10837,10843,6
16153,Mycolicibacterium_agri,10864,10865,1
16154,Mycolicibacterium_agri,10914,10915,1
16155,Mycolicibacterium_agri,10965,10966,1
16156,Mycolicibacterium_agri,10971,10975,4
16157,Mycolicibacterium_agri,11085,11086,1
16158,Mycolicibacterium_agri,11143,11144,1
16159,Mycolicibacterium_agri,11243,11244,1
16160,Mycolicibacterium_agri,11260,11261,1
16161,Mycolicibacterium_agri,11265,11267,2
16162,Mycolicibacterium_agri,11286,11287,1
16163,Mycolicibacterium_agri,11312,11313,1
16164,Mycolicibacterium_agri,11473,11474,1
16165,Mycolicibacterium_agri,11506,11511,5
16166,Mycolicibacterium_agri,11513,11514,1
16167,Mycolicibacterium_agri,11520,11521,1
16168,Mycolicibacterium_agri,11525,11537,12
16169,Mycolicibacterium_agri,11566,11567,1
16170,Mycolicibacterium_agri,11782,11783,1
16171,Mycolicibacterium_agri,11823,11824,1
16172,Mycolicibacterium_agri,11826,11827,1
16173,Mycolicibacterium_agri,11831,11836,5
16174,Mycolicibacterium_agri,11846,11850,4
16175,Mycolicibacterium_agri,11851,11852,1
16176,Mycolicibacterium_agri,11859,11860,1
16177,Mycolicibacterium_agri,11864,11866,2
16178,Mycolicibacterium_agri,11877,11878,1
16179,Mycolicibacterium_agri,11993,11994,1
16180,Mycolicibacterium_agri,12029,12030,1
16181,Mycolicibacterium_agri,12068,12069,1
16182,Mycolicibacterium_agri,12207,12208,1
16183,Mycolicibacterium_agri,12211,12212,1
16184,Mycolicibacterium_agri,12213,12214,1
16185,Mycolicibacterium_agri,12218,12222,4
16186,Mycolicibacterium_agri,12226,12227,1
16187,Mycolicibacterium_agri,12237,12238,1
16188,Mycolicibacterium_agri,12360,12369,9
16189,Mycolicibacterium_agri,12371,12372,1
16190,Mycolicibacterium_agri,12374,12375,1
16191,Mycolicibacterium_agri,12379,12380,1
16192,Mycolicibacterium_agri,12384,12390,6
16193,Mycolicibacterium_agri,12391,12400,9
16194,Mycolicibacterium_agri,12454,12455,1
16195,Mycolicibacterium_agri,12739,12740,1
16196,Mycolicibacterium_agri,12798,12925,127
16197,Mycolicibacterium_agri,13451,13452,1
16198,Mycolicibacterium_agri,13453,13454,1
16199,Mycolicibacterium_agri,13508,13509,1
16200,Mycolicibacterium_murale,1,10,9
16201,Mycolicibacterium_murale,21,39,18
16202,Mycolicibacterium_murale,43,46,3
16203,Mycolicibacterium_murale,48,110,62
16204,Mycolicibacterium_murale,118,130,12
16205,Mycolicibacterium_murale,133,136,3
16206,Mycolicibacterium_murale,346,349,3
16207,Mycolicibacterium_murale,1542,1691,149
16208,Mycolicibacterium_murale,3317,3356,39
16209,Mycolicibacterium_murale,3373,3374,1
16210,Mycolicibacterium_murale,3400,3478,78
16211,Mycolicibacterium_murale,3485,3491,6
16212,Mycolicibacterium_murale,3642,3645,3
16213,Mycolicibacterium_murale,3650,3653,3
16214,Mycolicibacterium_murale,3655,3667,12
16215,Mycolicibacterium_murale,3782,3788,6
16216,Mycolicibacterium_murale,4400,4406,6
16217,Mycolicibacterium_murale,4407,4413,6
16218,Mycolicibacterium_murale,4417,4426,9
16219,Mycolicibacterium_murale,4432,4445,13
16220,Mycolicibacterium_murale,4452,4455,3
16221,Mycolicibacterium_murale,4456,4462,6
16222,Mycolicibacterium_murale,4468,4474,6
16223,Mycolicibacterium_murale,4475,4481,6
16224,Mycolicibacterium_murale,4483,4486,3
16225,Mycolicibacterium_murale,4540,4552,12
16226,Mycolicibacterium_murale,4555,4564,9
16227,Mycolicibacterium_murale,4567,4573,6
16228,Mycolicibacterium_murale,4582,4585,3
16229,Mycolicibacterium_murale,5163,5169,6
16230,Mycolicibacterium_murale,5170,5179,9
16231,Mycolicibacterium_murale,5181,5190,9
16232,Mycolicibacterium_murale,5197,5199,2
16233,Mycolicibacterium_murale,5201,5204,3
16234,Mycolicibacterium_murale,5206,5214,8
16235,Mycolicibacterium_murale,5218,5230,12
16236,Mycolicibacterium_murale,5231,5241,10
16237,Mycolicibacterium_murale,5247,5253,6
16238,Mycolicibacterium_murale,5401,5402,1
16239,Mycolicibacterium_murale,6015,6016,1
16240,Mycolicibacterium_murale,6431,6452,21
16241,Mycolicibacterium_murale,6456,6462,6
16242,Mycolicibacterium_murale,6470,6494,24
16243,Mycolicibacterium_murale,7178,7254,76
16244,Mycolicibacterium_murale,7260,7268,8
16245,Mycolicibacterium_murale,7760,7763,3
16246,Mycolicibacterium_murale,8452,8500,48
16247,Mycolicibacterium_murale,8577,8578,1
16248,Mycolicibacterium_murale,8584,8599,15
16249,Mycolicibacterium_murale,8600,8604,4
16250,Mycolicibacterium_murale,8609,8610,1
16251,Mycolicibacterium_murale,8661,8662,1
16252,Mycolicibacterium_murale,8703,8704,1
16253,Mycolicibacterium_murale,8720,8721,1
16254,Mycolicibacterium_murale,8733,8735,2
16255,Mycolicibacterium_murale,8739,8742,3
16256,Mycolicibacterium_murale,8930,8931,1
16257,Mycolicibacterium_murale,8980,8982,2
16258,Mycolicibacterium_murale,8984,8998,14
16259,Mycolicibacterium_murale,9120,9121,1
16260,Mycolicibacterium_murale,9370,9372,2
16261,Mycolicibacterium_murale,9451,9452,1
16262,Mycolicibacterium_murale,9546,9547,1
16263,Mycolicibacterium_murale,9812,9813,1
16264,Mycolicibacterium_murale,9985,9986,1
16265,Mycolicibacterium_murale,10076,10078,2
16266,Mycolicibacterium_murale,10157,10158,1
16267,Mycolicibacterium_murale,10261,10262,1
16268,Mycolicibacterium_murale,10310,10312,2
16269,Mycolicibacterium_murale,10313,10315,2
16270,Mycolicibacterium_murale,10325,10326,1
16271,Mycolicibacterium_murale,10370,10371,1
16272,Mycolicibacterium_murale,10416,10417,1
16273,Mycolicibacterium_murale,10434,10435,1
16274,Mycolicibacterium_murale,10448,10449,1
16275,Mycolicibacterium_murale,10461,10462,1
16276,Mycolicibacterium_murale,10476,10477,1
16277,Mycolicibacterium_murale,10491,10492,1
16278,Mycolicibacterium_murale,10526,10527,1
16279,Mycolicibacterium_murale,10546,10649,103
16280,Mycolicibacterium_murale,10828,10832,4
16281,Mycolicibacterium_murale,10835,10842,7
16282,Mycolicibacterium_murale,10864,10865,1
16283,Mycolicibacterium_murale,10914,10915,1
16284,Mycolicibacterium_murale,10961,10968,7
16285,Mycolicibacterium_murale,10971,10975,4
16286,Mycolicibacterium_murale,11085,11087,2
16287,Mycolicibacterium_murale,11143,11144,1
16288,Mycolicibacterium_murale,11243,11244,1
16289,Mycolicibacterium_murale,11260,11261,1
16290,Mycolicibacterium_murale,11265,11267,2
16291,Mycolicibacterium_murale,11286,11287,1
16292,Mycolicibacterium_murale,11312,11313,1
16293,Mycolicibacterium_murale,11473,11474,1
16294,Mycolicibacterium_murale,11484,11486,2
16295,Mycolicibacterium_murale,11505,11512,7
16296,Mycolicibacterium_murale,11513,11514,1
16297,Mycolicibacterium_murale,11518,11519,1
16298,Mycolicibacterium_murale,11520,11521,1
16299,Mycolicibacterium_murale,11523,11539,16
16300,Mycolicibacterium_murale,11566,11567,1
16301,Mycolicibacterium_murale,11782,11783,1
16302,Mycolicibacterium_murale,11823,11824,1
16303,Mycolicibacterium_murale,11826,11827,1
16304,Mycolicibacterium_murale,11831,11836,5
16305,Mycolicibacterium_murale,11846,11850,4
16306,Mycolicibacterium_murale,11851,11852,1
16307,Mycolicibacterium_murale,11859,11860,1
16308,Mycolicibacterium_murale,11864,11866,2
16309,Mycolicibacterium_murale,11877,11878,1
16310,Mycolicibacterium_murale,11993,11994,1
16311,Mycolicibacterium_murale,12029,12030,1
16312,Mycolicibacterium_murale,12068,12069,1
16313,Mycolicibacterium_murale,12207,12208,1
16314,Mycolicibacterium_murale,12211,12212,1
16315,Mycolicibacterium_murale,12213,12214,1
16316,Mycolicibacterium_murale,12218,12222,4
16317,Mycolicibacterium_murale,12225,12227,2
16318,Mycolicibacterium_murale,12237,12238,1
16319,Mycolicibacterium_murale,12360,12369,9
16320,Mycolicibacterium_murale,12371,12372,1
16321,Mycolicibacterium_murale,12374,12382,8
16322,Mycolicibacterium_murale,12384,12390,6
16323,Mycolicibacterium_murale,12391,12400,9
16324,Mycolicibacterium_murale,12454,12455,1
16325,Mycolicibacterium_murale,12739,12740,1
16326,Mycolicibacterium_murale,12798,12925,127
16327,Mycolicibacterium_murale,13096,13097,1
16328,Mycolicibacterium_murale,13451,13452,1
16329,Mycolicibacterium_murale,13453,13454,1
16330,Mycolicibacterium_murale,13508,13509,1
16331,Mycolicibacterium_murale,13522,13523,1
16332,Mycolicibacter_senuensis,1,10,9
16333,Mycolicibacter_senuensis,21,39,18
16334,Mycolicibacter_senuensis,43,46,3
16335,Mycolicibacter_senuensis,59,136,77
16336,Mycolicibacter_senuensis,346,349,3
16337,Mycolicibacter_senuensis,1542,1691,149
16338,Mycolicibacter_senuensis,3317,3361,44
16339,Mycolicibacter_senuensis,3364,3365,1
16340,Mycolicibacter_senuensis,3373,3374,1
16341,Mycolicibacter_senuensis,3414,3420,6
16342,Mycolicibacter_senuensis,3424,3460,36
16343,Mycolicibacter_senuensis,3473,3479,6
16344,Mycolicibacter_senuensis,3485,3491,6
16345,Mycolicibacter_senuensis,3650,3653,3
16346,Mycolicibacter_senuensis,3657,3672,15
16347,Mycolicibacter_senuensis,3782,3788,6
16348,Mycolicibacter_senuensis,4400,4406,6
16349,Mycolicibacter_senuensis,4407,4413,6
16350,Mycolicibacter_senuensis,4422,4426,4
16351,Mycolicibacter_senuensis,4432,4438,6
16352,Mycolicibacter_senuensis,4452,4455,3
16353,Mycolicibacter_senuensis,4456,4486,30
16354,Mycolicibacter_senuensis,4555,4564,9
16355,Mycolicibacter_senuensis,4567,4573,6
16356,Mycolicibacter_senuensis,5163,5169,6
16357,Mycolicibacter_senuensis,5170,5179,9
16358,Mycolicibacter_senuensis,5181,5190,9
16359,Mycolicibacter_senuensis,5197,5199,2
16360,Mycolicibacter_senuensis,5201,5204,3
16361,Mycolicibacter_senuensis,5206,5214,8
16362,Mycolicibacter_senuensis,5218,5230,12
16363,Mycolicibacter_senuensis,5231,5241,10
16364,Mycolicibacter_senuensis,5247,5253,6
16365,Mycolicibacter_senuensis,5401,5402,1
16366,Mycolicibacter_senuensis,6015,6016,1
16367,Mycolicibacter_senuensis,6431,6452,21
16368,Mycolicibacter_senuensis,6456,6462,6
16369,Mycolicibacter_senuensis,6470,6494,24
16370,Mycolicibacter_senuensis,7178,7254,76
16371,Mycolicibacter_senuensis,7260,7268,8
16372,Mycolicibacter_senuensis,7760,7763,3
16373,Mycolicibacter_senuensis,8452,8500,48
16374,Mycolicibacter_senuensis,8577,8578,1
16375,Mycolicibacter_senuensis,8584,8599,15
16376,Mycolicibacter_senuensis,8601,8603,2
16377,Mycolicibacter_senuensis,8609,8610,1
16378,Mycolicibacter_senuensis,8661,8662,1
16379,Mycolicibacter_senuensis,8703,8704,1
16380,Mycolicibacter_senuensis,8720,8721,1
16381,Mycolicibacter_senuensis,8733,8735,2
16382,Mycolicibacter_senuensis,8739,8742,3
16383,Mycolicibacter_senuensis,8930,8931,1
16384,Mycolicibacter_senuensis,8980,8982,2
16385,Mycolicibacter_senuensis,9120,9121,1
16386,Mycolicibacter_senuensis,9546,9547,1
16387,Mycolicibacter_senuensis,9812,9814,2
16388,Mycolicibacter_senuensis,9982,9986,4
16389,Mycolicibacter_senuensis,10076,10078,2
16390,Mycolicibacter_senuensis,10157,10158,1
16391,Mycolicibacter_senuensis,10310,10312,2
16392,Mycolicibacter_senuensis,10313,10315,2
16393,Mycolicibacter_senuensis,10325,10326,1
16394,Mycolicibacter_senuensis,10370,10371,1
16395,Mycolicibacter_senuensis,10416,10417,1
16396,Mycolicibacter_senuensis,10448,10449,1
16397,Mycolicibacter_senuensis,10476,10477,1
16398,Mycolicibacter_senuensis,10491,10492,1
16399,Mycolicibacter_senuensis,10526,10527,1
16400,Mycolicibacter_senuensis,10547,10649,102
16401,Mycolicibacter_senuensis,10828,10830,2
16402,Mycolicibacter_senuensis,10835,10843,8
16403,Mycolicibacter_senuensis,10864,10865,1
16404,Mycolicibacter_senuensis,10914,10915,1
16405,Mycolicibacter_senuensis,10965,10966,1
16406,Mycolicibacter_senuensis,10971,10975,4
16407,Mycolicibacter_senuensis,11085,11086,1
16408,Mycolicibacter_senuensis,11143,11145,2
16409,Mycolicibacter_senuensis,11243,11244,1
16410,Mycolicibacter_senuensis,11260,11261,1
16411,Mycolicibacter_senuensis,11265,11267,2
16412,Mycolicibacter_senuensis,11286,11287,1
16413,Mycolicibacter_senuensis,11312,11313,1
16414,Mycolicibacter_senuensis,11473,11474,1
16415,Mycolicibacter_senuensis,11505,11512,7
16416,Mycolicibacter_senuensis,11513,11514,1
16417,Mycolicibacter_senuensis,11515,11533,18
16418,Mycolicibacter_senuensis,11537,11538,1
16419,Mycolicibacter_senuensis,11566,11567,1
16420,Mycolicibacter_senuensis,11782,11783,1
16421,Mycolicibacter_senuensis,11823,11824,1
16422,Mycolicibacter_senuensis,11831,11836,5
16423,Mycolicibacter_senuensis,11847,11850,3
16424,Mycolicibacter_senuensis,11851,11852,1
16425,Mycolicibacter_senuensis,11859,11860,1
16426,Mycolicibacter_senuensis,11864,11866,2
16427,Mycolicibacter_senuensis,11877,11878,1
16428,Mycolicibacter_senuensis,11993,11994,1
16429,Mycolicibacter_senuensis,12029,12030,1
16430,Mycolicibacter_senuensis,12068,12069,1
16431,Mycolicibacter_senuensis,12207,12208,1
16432,Mycolicibacter_senuensis,12211,12212,1
16433,Mycolicibacter_senuensis,12213,12214,1
16434,Mycolicibacter_senuensis,12218,12222,4
16435,Mycolicibacter_senuensis,12226,12227,1
16436,Mycolicibacter_senuensis,12237,12238,1
16437,Mycolicibacter_senuensis,12360,12369,9
16438,Mycolicibacter_senuensis,12371,12372,1
16439,Mycolicibacter_senuensis,12374,12375,1
16440,Mycolicibacter_senuensis,12377,12382,5
16441,Mycolicibacter_senuensis,12384,12390,6
16442,Mycolicibacter_senuensis,12391,12400,9
16443,Mycolicibacter_senuensis,12454,12455,1
16444,Mycolicibacter_senuensis,12739,12740,1
16445,Mycolicibacter_senuensis,12798,12925,127
16446,Mycolicibacter_senuensis,13451,13454,3
16447,Mycolicibacter_senuensis,13508,13509,1
16448,Mycobacterium_botniense,1,10,9
16449,Mycobacterium_botniense,21,39,18
16450,Mycobacterium_botniense,43,46,3
16451,Mycobacterium_botniense,63,107,44
16452,Mycobacterium_botniense,117,132,15
16453,Mycobacterium_botniense,133,136,3
16454,Mycobacterium_botniense,346,349,3
16455,Mycobacterium_botniense,1542,1691,149
16456,Mycobacterium_botniense,3284,3287,3
16457,Mycobacterium_botniense,3317,3361,44
16458,Mycobacterium_botniense,3364,3365,1
16459,Mycobacterium_botniense,3373,3374,1
16460,Mycobacterium_botniense,3414,3477,63
16461,Mycobacterium_botniense,3485,3491,6
16462,Mycobacterium_botniense,3642,3645,3
16463,Mycobacterium_botniense,3650,3653,3
16464,Mycobacterium_botniense,3655,3667,12
16465,Mycobacterium_botniense,3782,3788,6
16466,Mycobacterium_botniense,4400,4406,6
16467,Mycobacterium_botniense,4407,4413,6
16468,Mycobacterium_botniense,4417,4445,28
16469,Mycobacterium_botniense,4452,4455,3
16470,Mycobacterium_botniense,4456,4462,6
16471,Mycobacterium_botniense,4468,4480,12
16472,Mycobacterium_botniense,4483,4486,3
16473,Mycobacterium_botniense,4540,4552,12
16474,Mycobacterium_botniense,4555,4564,9
16475,Mycobacterium_botniense,4567,4573,6
16476,Mycobacterium_botniense,4581,4584,3
16477,Mycobacterium_botniense,5163,5169,6
16478,Mycobacterium_botniense,5170,5179,9
16479,Mycobacterium_botniense,5181,5190,9
16480,Mycobacterium_botniense,5197,5199,2
16481,Mycobacterium_botniense,5201,5204,3
16482,Mycobacterium_botniense,5206,5214,8
16483,Mycobacterium_botniense,5218,5230,12
16484,Mycobacterium_botniense,5231,5241,10
16485,Mycobacterium_botniense,5247,5253,6
16486,Mycobacterium_botniense,5401,5402,1
16487,Mycobacterium_botniense,6015,6016,1
16488,Mycobacterium_botniense,6431,6452,21
16489,Mycobacterium_botniense,6456,6462,6
16490,Mycobacterium_botniense,6470,6494,24
16491,Mycobacterium_botniense,7178,7254,76
16492,Mycobacterium_botniense,7260,7268,8
16493,Mycobacterium_botniense,7760,7763,3
16494,Mycobacterium_botniense,8452,8500,48
16495,Mycobacterium_botniense,8577,8578,1
16496,Mycobacterium_botniense,8584,8599,15
16497,Mycobacterium_botniense,8601,8603,2
16498,Mycobacterium_botniense,8609,8610,1
16499,Mycobacterium_botniense,8661,8662,1
16500,Mycobacterium_botniense,8703,8704,1
16501,Mycobacterium_botniense,8720,8721,1
16502,Mycobacterium_botniense,8733,8734,1
16503,Mycobacterium_botniense,8930,8931,1
16504,Mycobacterium_botniense,8980,8982,2
16505,Mycobacterium_botniense,8996,8998,2
16506,Mycobacterium_botniense,9120,9121,1
16507,Mycobacterium_botniense,9370,9372,2
16508,Mycobacterium_botniense,9546,9547,1
16509,Mycobacterium_botniense,9812,9814,2
16510,Mycobacterium_botniense,9984,9986,2
16511,Mycobacterium_botniense,10076,10078,2
16512,Mycobacterium_botniense,10157,10158,1
16513,Mycobacterium_botniense,10261,10262,1
16514,Mycobacterium_botniense,10311,10312,1
16515,Mycobacterium_botniense,10313,10315,2
16516,Mycobacterium_botniense,10325,10326,1
16517,Mycobacterium_botniense,10370,10371,1
16518,Mycobacterium_botniense,10434,10435,1
16519,Mycobacterium_botniense,10448,10449,1
16520,Mycobacterium_botniense,10461,10462,1
16521,Mycobacterium_botniense,10476,10477,1
16522,Mycobacterium_botniense,10491,10492,1
16523,Mycobacterium_botniense,10526,10527,1
16524,Mycobacterium_botniense,10546,10649,103
16525,Mycobacterium_botniense,10828,10830,2
16526,Mycobacterium_botniense,10837,10843,6
16527,Mycobacterium_botniense,10864,10865,1
16528,Mycobacterium_botniense,10914,10915,1
16529,Mycobacterium_botniense,10965,10966,1
16530,Mycobacterium_botniense,10971,10975,4
16531,Mycobacterium_botniense,11085,11086,1
16532,Mycobacterium_botniense,11143,11144,1
16533,Mycobacterium_botniense,11243,11244,1
16534,Mycobacterium_botniense,11259,11261,2
16535,Mycobacterium_botniense,11265,11267,2
16536,Mycobacterium_botniense,11286,11288,2
16537,Mycobacterium_botniense,11312,11313,1
16538,Mycobacterium_botniense,11473,11474,1
16539,Mycobacterium_botniense,11505,11512,7
16540,Mycobacterium_botniense,11513,11514,1
16541,Mycobacterium_botniense,11520,11521,1
16542,Mycobacterium_botniense,11524,11537,13
16543,Mycobacterium_botniense,11566,11567,1
16544,Mycobacterium_botniense,11590,11591,1
16545,Mycobacterium_botniense,11782,11783,1
16546,Mycobacterium_botniense,11823,11824,1
16547,Mycobacterium_botniense,11832,11836,4
16548,Mycobacterium_botniense,11847,11850,3
16549,Mycobacterium_botniense,11859,11860,1
16550,Mycobacterium_botniense,11864,11866,2
16551,Mycobacterium_botniense,11877,11878,1
16552,Mycobacterium_botniense,11993,11994,1
16553,Mycobacterium_botniense,12029,12030,1
16554,Mycobacterium_botniense,12068,12069,1
16555,Mycobacterium_botniense,12207,12208,1
16556,Mycobacterium_botniense,12211,12212,1
16557,Mycobacterium_botniense,12213,12214,1
16558,Mycobacterium_botniense,12218,12222,4
16559,Mycobacterium_botniense,12226,12227,1
16560,Mycobacterium_botniense,12237,12238,1
16561,Mycobacterium_botniense,12360,12369,9
16562,Mycobacterium_botniense,12371,12372,1
16563,Mycobacterium_botniense,12374,12378,4
16564,Mycobacterium_botniense,12384,12390,6
16565,Mycobacterium_botniense,12391,12400,9
16566,Mycobacterium_botniense,12454,12455,1
16567,Mycobacterium_botniense,12798,12925,127
16568,Mycobacterium_botniense,13451,13452,1
16569,Mycobacterium_botniense,13453,13454,1
16570,Mycobacterium_botniense,13508,13509,1
16571,Mycolicibacter_algericus,1,10,9
16572,Mycolicibacter_algericus,21,39,18
16573,Mycolicibacter_algericus,43,46,3
16574,Mycolicibacter_algericus,59,136,77
16575,Mycolicibacter_algericus,346,349,3
16576,Mycolicibacter_algericus,1542,1691,149
16577,Mycolicibacter_algericus,3317,3361,44
16578,Mycolicibacter_algericus,3364,3365,1
16579,Mycolicibacter_algericus,3373,3374,1
16580,Mycolicibacter_algericus,3414,3420,6
16581,Mycolicibacter_algericus,3424,3460,36
16582,Mycolicibacter_algericus,3473,3479,6
16583,Mycolicibacter_algericus,3485,3491,6
16584,Mycolicibacter_algericus,3650,3653,3
16585,Mycolicibacter_algericus,3657,3672,15
16586,Mycolicibacter_algericus,3782,3788,6
16587,Mycolicibacter_algericus,4400,4406,6
16588,Mycolicibacter_algericus,4407,4413,6
16589,Mycolicibacter_algericus,4422,4426,4
16590,Mycolicibacter_algericus,4452,4455,3
16591,Mycolicibacter_algericus,4456,4486,30
16592,Mycolicibacter_algericus,4555,4564,9
16593,Mycolicibacter_algericus,4567,4573,6
16594,Mycolicibacter_algericus,5163,5169,6
16595,Mycolicibacter_algericus,5170,5179,9
16596,Mycolicibacter_algericus,5181,5190,9
16597,Mycolicibacter_algericus,5197,5199,2
16598,Mycolicibacter_algericus,5201,5204,3
16599,Mycolicibacter_algericus,5206,5214,8
16600,Mycolicibacter_algericus,5218,5230,12
16601,Mycolicibacter_algericus,5231,5241,10
16602,Mycolicibacter_algericus,5247,5253,6
16603,Mycolicibacter_algericus,5401,5402,1
16604,Mycolicibacter_algericus,6015,6016,1
16605,Mycolicibacter_algericus,6431,6452,21
16606,Mycolicibacter_algericus,6456,6462,6
16607,Mycolicibacter_algericus,6470,6494,24
16608,Mycolicibacter_algericus,7178,7254,76
16609,Mycolicibacter_algericus,7260,7268,8
16610,Mycolicibacter_algericus,7760,7763,3
16611,Mycolicibacter_algericus,8452,8500,48
16612,Mycolicibacter_algericus,8577,8578,1
16613,Mycolicibacter_algericus,8584,8599,15
16614,Mycolicibacter_algericus,8601,8603,2
16615,Mycolicibacter_algericus,8609,8610,1
16616,Mycolicibacter_algericus,8661,8662,1
16617,Mycolicibacter_algericus,8703,8704,1
16618,Mycolicibacter_algericus,8720,8721,1
16619,Mycolicibacter_algericus,8733,8735,2
16620,Mycolicibacter_algericus,8739,8742,3
16621,Mycolicibacter_algericus,8980,8982,2
16622,Mycolicibacter_algericus,9120,9121,1
16623,Mycolicibacter_algericus,9546,9547,1
16624,Mycolicibacter_algericus,9812,9814,2
16625,Mycolicibacter_algericus,9982,9986,4
16626,Mycolicibacter_algericus,10076,10078,2
16627,Mycolicibacter_algericus,10157,10158,1
16628,Mycolicibacter_algericus,10310,10312,2
16629,Mycolicibacter_algericus,10313,10315,2
16630,Mycolicibacter_algericus,10325,10326,1
16631,Mycolicibacter_algericus,10370,10371,1
16632,Mycolicibacter_algericus,10416,10417,1
16633,Mycolicibacter_algericus,10448,10449,1
16634,Mycolicibacter_algericus,10476,10477,1
16635,Mycolicibacter_algericus,10491,10492,1
16636,Mycolicibacter_algericus,10526,10527,1
16637,Mycolicibacter_algericus,10547,10649,102
16638,Mycolicibacter_algericus,10828,10830,2
16639,Mycolicibacter_algericus,10836,10843,7
16640,Mycolicibacter_algericus,10864,10865,1
16641,Mycolicibacter_algericus,10914,10915,1
16642,Mycolicibacter_algericus,10965,10966,1
16643,Mycolicibacter_algericus,10971,10975,4
16644,Mycolicibacter_algericus,11085,11086,1
16645,Mycolicibacter_algericus,11143,11144,1
16646,Mycolicibacter_algericus,11243,11244,1
16647,Mycolicibacter_algericus,11260,11261,1
16648,Mycolicibacter_algericus,11265,11267,2
16649,Mycolicibacter_algericus,11286,11287,1
16650,Mycolicibacter_algericus,11312,11313,1
16651,Mycolicibacter_algericus,11331,11335,4
16652,Mycolicibacter_algericus,11473,11474,1
16653,Mycolicibacter_algericus,11505,11512,7
16654,Mycolicibacter_algericus,11513,11514,1
16655,Mycolicibacter_algericus,11515,11533,18
16656,Mycolicibacter_algericus,11537,11538,1
16657,Mycolicibacter_algericus,11566,11567,1
16658,Mycolicibacter_algericus,11782,11783,1
16659,Mycolicibacter_algericus,11823,11824,1
16660,Mycolicibacter_algericus,11831,11836,5
16661,Mycolicibacter_algericus,11847,11850,3
16662,Mycolicibacter_algericus,11851,11852,1
16663,Mycolicibacter_algericus,11859,11860,1
16664,Mycolicibacter_algericus,11863,11866,3
16665,Mycolicibacter_algericus,11877,11878,1
16666,Mycolicibacter_algericus,11993,11994,1
16667,Mycolicibacter_algericus,12029,12030,1
16668,Mycolicibacter_algericus,12068,12069,1
16669,Mycolicibacter_algericus,12207,12208,1
16670,Mycolicibacter_algericus,12211,12212,1
16671,Mycolicibacter_algericus,12213,12214,1
16672,Mycolicibacter_algericus,12218,12222,4
16673,Mycolicibacter_algericus,12225,12228,3
16674,Mycolicibacter_algericus,12237,12238,1
16675,Mycolicibacter_algericus,12275,12276,1
16676,Mycolicibacter_algericus,12360,12369,9
16677,Mycolicibacter_algericus,12371,12372,1
16678,Mycolicibacter_algericus,12374,12375,1
16679,Mycolicibacter_algericus,12378,12381,3
16680,Mycolicibacter_algericus,12384,12390,6
16681,Mycolicibacter_algericus,12391,12400,9
16682,Mycolicibacter_algericus,12454,12455,1
16683,Mycolicibacter_algericus,12739,12740,1
16684,Mycolicibacter_algericus,12798,12925,127
16685,Mycolicibacter_algericus,13453,13454,1
16686,Mycolicibacter_algericus,13508,13509,1
16687,Mycobacterium_bourgelatii,1,10,9
16688,Mycobacterium_bourgelatii,21,39,18
16689,Mycobacterium_bourgelatii,43,46,3
16690,Mycobacterium_bourgelatii,56,71,15
16691,Mycobacterium_bourgelatii,87,107,20
16692,Mycobacterium_bourgelatii,117,132,15
16693,Mycobacterium_bourgelatii,133,136,3
16694,Mycobacterium_bourgelatii,346,349,3
16695,Mycobacterium_bourgelatii,1542,1691,149
16696,Mycobacterium_bourgelatii,3317,3361,44
16697,Mycobacterium_bourgelatii,3364,3365,1
16698,Mycobacterium_bourgelatii,3373,3374,1
16699,Mycobacterium_bourgelatii,3414,3420,6
16700,Mycobacterium_bourgelatii,3425,3479,54
16701,Mycobacterium_bourgelatii,3485,3491,6
16702,Mycobacterium_bourgelatii,3642,3645,3
16703,Mycobacterium_bourgelatii,3650,3653,3
16704,Mycobacterium_bourgelatii,3655,3667,12
16705,Mycobacterium_bourgelatii,3782,3788,6
16706,Mycobacterium_bourgelatii,4400,4406,6
16707,Mycobacterium_bourgelatii,4407,4413,6
16708,Mycobacterium_bourgelatii,4417,4420,3
16709,Mycobacterium_bourgelatii,4425,4426,1
16710,Mycobacterium_bourgelatii,4432,4445,13
16711,Mycobacterium_bourgelatii,4447,4449,2
16712,Mycobacterium_bourgelatii,4452,4455,3
16713,Mycobacterium_bourgelatii,4456,4462,6
16714,Mycobacterium_bourgelatii,4468,4480,12
16715,Mycobacterium_bourgelatii,4483,4486,3
16716,Mycobacterium_bourgelatii,4540,4552,12
16717,Mycobacterium_bourgelatii,4555,4564,9
16718,Mycobacterium_bourgelatii,4567,4573,6
16719,Mycobacterium_bourgelatii,4581,4584,3
16720,Mycobacterium_bourgelatii,5163,5169,6
16721,Mycobacterium_bourgelatii,5170,5179,9
16722,Mycobacterium_bourgelatii,5181,5190,9
16723,Mycobacterium_bourgelatii,5197,5199,2
16724,Mycobacterium_bourgelatii,5201,5204,3
16725,Mycobacterium_bourgelatii,5206,5214,8
16726,Mycobacterium_bourgelatii,5218,5230,12
16727,Mycobacterium_bourgelatii,5231,5241,10
16728,Mycobacterium_bourgelatii,5247,5253,6
16729,Mycobacterium_bourgelatii,5401,5402,1
16730,Mycobacterium_bourgelatii,6015,6016,1
16731,Mycobacterium_bourgelatii,6431,6452,21
16732,Mycobacterium_bourgelatii,6456,6462,6
16733,Mycobacterium_bourgelatii,6470,6494,24
16734,Mycobacterium_bourgelatii,7178,7254,76
16735,Mycobacterium_bourgelatii,7260,7268,8
16736,Mycobacterium_bourgelatii,7760,7763,3
16737,Mycobacterium_bourgelatii,8452,8500,48
16738,Mycobacterium_bourgelatii,8577,8578,1
16739,Mycobacterium_bourgelatii,8584,8599,15
16740,Mycobacterium_bourgelatii,8601,8603,2
16741,Mycobacterium_bourgelatii,8609,8610,1
16742,Mycobacterium_bourgelatii,8661,8662,1
16743,Mycobacterium_bourgelatii,8703,8704,1
16744,Mycobacterium_bourgelatii,8733,8735,2
16745,Mycobacterium_bourgelatii,8739,8742,3
16746,Mycobacterium_bourgelatii,8930,8931,1
16747,Mycobacterium_bourgelatii,8980,8982,2
16748,Mycobacterium_bourgelatii,8996,8998,2
16749,Mycobacterium_bourgelatii,9120,9121,1
16750,Mycobacterium_bourgelatii,9370,9372,2
16751,Mycobacterium_bourgelatii,9546,9547,1
16752,Mycobacterium_bourgelatii,9812,9813,1
16753,Mycobacterium_bourgelatii,9983,9986,3
16754,Mycobacterium_bourgelatii,10076,10078,2
16755,Mycobacterium_bourgelatii,10157,10158,1
16756,Mycobacterium_bourgelatii,10261,10262,1
16757,Mycobacterium_bourgelatii,10310,10312,2
16758,Mycobacterium_bourgelatii,10313,10315,2
16759,Mycobacterium_bourgelatii,10325,10326,1
16760,Mycobacterium_bourgelatii,10370,10371,1
16761,Mycobacterium_bourgelatii,10434,10435,1
16762,Mycobacterium_bourgelatii,10448,10449,1
16763,Mycobacterium_bourgelatii,10476,10477,1
16764,Mycobacterium_bourgelatii,10491,10492,1
16765,Mycobacterium_bourgelatii,10526,10527,1
16766,Mycobacterium_bourgelatii,10546,10649,103
16767,Mycobacterium_bourgelatii,10828,10830,2
16768,Mycobacterium_bourgelatii,10832,10846,14
16769,Mycobacterium_bourgelatii,10864,10865,1
16770,Mycobacterium_bourgelatii,10914,10915,1
16771,Mycobacterium_bourgelatii,10959,10966,7
16772,Mycobacterium_bourgelatii,10971,10975,4
16773,Mycobacterium_bourgelatii,11085,11086,1
16774,Mycobacterium_bourgelatii,11143,11144,1
16775,Mycobacterium_bourgelatii,11243,11244,1
16776,Mycobacterium_bourgelatii,11260,11261,1
16777,Mycobacterium_bourgelatii,11262,11263,1
16778,Mycobacterium_bourgelatii,11265,11267,2
16779,Mycobacterium_bourgelatii,11286,11287,1
16780,Mycobacterium_bourgelatii,11312,11313,1
16781,Mycobacterium_bourgelatii,11473,11474,1
16782,Mycobacterium_bourgelatii,11505,11511,6
16783,Mycobacterium_bourgelatii,11513,11514,1
16784,Mycobacterium_bourgelatii,11520,11534,14
16785,Mycobacterium_bourgelatii,11566,11567,1
16786,Mycobacterium_bourgelatii,11590,11591,1
16787,Mycobacterium_bourgelatii,11782,11783,1
16788,Mycobacterium_bourgelatii,11823,11824,1
16789,Mycobacterium_bourgelatii,11826,11827,1
16790,Mycobacterium_bourgelatii,11831,11836,5
16791,Mycobacterium_bourgelatii,11841,11843,2
16792,Mycobacterium_bourgelatii,11848,11850,2
16793,Mycobacterium_bourgelatii,11851,11852,1
16794,Mycobacterium_bourgelatii,11859,11860,1
16795,Mycobacterium_bourgelatii,11864,11866,2
16796,Mycobacterium_bourgelatii,11877,11878,1
16797,Mycobacterium_bourgelatii,11993,11994,1
16798,Mycobacterium_bourgelatii,12029,12030,1
16799,Mycobacterium_bourgelatii,12068,12069,1
16800,Mycobacterium_bourgelatii,12207,12208,1
16801,Mycobacterium_bourgelatii,12211,12212,1
16802,Mycobacterium_bourgelatii,12213,12214,1
16803,Mycobacterium_bourgelatii,12218,12222,4
16804,Mycobacterium_bourgelatii,12225,12227,2
16805,Mycobacterium_bourgelatii,12237,12238,1
16806,Mycobacterium_bourgelatii,12360,12369,9
16807,Mycobacterium_bourgelatii,12371,12372,1
16808,Mycobacterium_bourgelatii,12374,12380,6
16809,Mycobacterium_bourgelatii,12384,12390,6
16810,Mycobacterium_bourgelatii,12391,12400,9
16811,Mycobacterium_bourgelatii,12454,12455,1
16812,Mycobacterium_bourgelatii,12739,12740,1
16813,Mycobacterium_bourgelatii,12798,12925,127
16814,Mycobacterium_bourgelatii,13451,13452,1
16815,Mycobacterium_bourgelatii,13453,13454,1
16816,Mycobacterium_bourgelatii,13508,13509,1
16817,Mycolicibacterium_hippocampi,1,10,9
16818,Mycolicibacterium_hippocampi,21,39,18
16819,Mycolicibacterium_hippocampi,43,46,3
16820,Mycolicibacterium_hippocampi,63,107,44
16821,Mycolicibacterium_hippocampi,117,126,9
16822,Mycolicibacterium_hippocampi,133,136,3
16823,Mycolicibacterium_hippocampi,346,349,3
16824,Mycolicibacterium_hippocampi,1542,1691,149
16825,Mycolicibacterium_hippocampi,3317,3361,44
16826,Mycolicibacterium_hippocampi,3364,3365,1
16827,Mycolicibacterium_hippocampi,3373,3374,1
16828,Mycolicibacterium_hippocampi,3409,3421,12
16829,Mycolicibacterium_hippocampi,3424,3478,54
16830,Mycolicibacterium_hippocampi,3485,3491,6
16831,Mycolicibacterium_hippocampi,3642,3645,3
16832,Mycolicibacterium_hippocampi,3650,3653,3
16833,Mycolicibacterium_hippocampi,3655,3667,12
16834,Mycolicibacterium_hippocampi,3782,3788,6
16835,Mycolicibacterium_hippocampi,4400,4406,6
16836,Mycolicibacterium_hippocampi,4407,4413,6
16837,Mycolicibacterium_hippocampi,4417,4426,9
16838,Mycolicibacterium_hippocampi,4432,4445,13
16839,Mycolicibacterium_hippocampi,4452,4455,3
16840,Mycolicibacterium_hippocampi,4456,4462,6
16841,Mycolicibacterium_hippocampi,4468,4474,6
16842,Mycolicibacterium_hippocampi,4475,4481,6
16843,Mycolicibacterium_hippocampi,4483,4486,3
16844,Mycolicibacterium_hippocampi,4540,4552,12
16845,Mycolicibacterium_hippocampi,4555,4564,9
16846,Mycolicibacterium_hippocampi,4567,4573,6
16847,Mycolicibacterium_hippocampi,4582,4585,3
16848,Mycolicibacterium_hippocampi,5163,5169,6
16849,Mycolicibacterium_hippocampi,5170,5179,9
16850,Mycolicibacterium_hippocampi,5181,5190,9
16851,Mycolicibacterium_hippocampi,5197,5199,2
16852,Mycolicibacterium_hippocampi,5201,5204,3
16853,Mycolicibacterium_hippocampi,5206,5214,8
16854,Mycolicibacterium_hippocampi,5218,5230,12
16855,Mycolicibacterium_hippocampi,5231,5241,10
16856,Mycolicibacterium_hippocampi,5247,5253,6
16857,Mycolicibacterium_hippocampi,5401,5402,1
16858,Mycolicibacterium_hippocampi,6015,6016,1
16859,Mycolicibacterium_hippocampi,6431,6452,21
16860,Mycolicibacterium_hippocampi,6456,6462,6
16861,Mycolicibacterium_hippocampi,6470,6476,6
16862,Mycolicibacterium_hippocampi,6478,6487,9
16863,Mycolicibacterium_hippocampi,7178,7254,76
16864,Mycolicibacterium_hippocampi,7260,7268,8
16865,Mycolicibacterium_hippocampi,7760,7763,3
16866,Mycolicibacterium_hippocampi,8452,8500,48
16867,Mycolicibacterium_hippocampi,8577,8578,1
16868,Mycolicibacterium_hippocampi,8584,8599,15
16869,Mycolicibacterium_hippocampi,8600,8604,4
16870,Mycolicibacterium_hippocampi,8609,8610,1
16871,Mycolicibacterium_hippocampi,8661,8662,1
16872,Mycolicibacterium_hippocampi,8717,8718,1
16873,Mycolicibacterium_hippocampi,8733,8735,2
16874,Mycolicibacterium_hippocampi,8739,8742,3
16875,Mycolicibacterium_hippocampi,8930,8931,1
16876,Mycolicibacterium_hippocampi,8980,8982,2
16877,Mycolicibacterium_hippocampi,8984,8998,14
16878,Mycolicibacterium_hippocampi,9120,9121,1
16879,Mycolicibacterium_hippocampi,9370,9372,2
16880,Mycolicibacterium_hippocampi,9546,9547,1
16881,Mycolicibacterium_hippocampi,9812,9813,1
16882,Mycolicibacterium_hippocampi,9985,9986,1
16883,Mycolicibacterium_hippocampi,10076,10078,2
16884,Mycolicibacterium_hippocampi,10157,10158,1
16885,Mycolicibacterium_hippocampi,10261,10262,1
16886,Mycolicibacterium_hippocampi,10310,10312,2
16887,Mycolicibacterium_hippocampi,10313,10315,2
16888,Mycolicibacterium_hippocampi,10325,10326,1
16889,Mycolicibacterium_hippocampi,10370,10371,1
16890,Mycolicibacterium_hippocampi,10416,10417,1
16891,Mycolicibacterium_hippocampi,10434,10435,1
16892,Mycolicibacterium_hippocampi,10448,10449,1
16893,Mycolicibacterium_hippocampi,10461,10462,1
16894,Mycolicibacterium_hippocampi,10476,10477,1
16895,Mycolicibacterium_hippocampi,10491,10492,1
16896,Mycolicibacterium_hippocampi,10526,10527,1
16897,Mycolicibacterium_hippocampi,10546,10649,103
16898,Mycolicibacterium_hippocampi,10828,10832,4
16899,Mycolicibacterium_hippocampi,10835,10836,1
16900,Mycolicibacterium_hippocampi,10837,10843,6
16901,Mycolicibacterium_hippocampi,10864,10865,1
16902,Mycolicibacterium_hippocampi,10914,10915,1
16903,Mycolicibacterium_hippocampi,10965,10966,1
16904,Mycolicibacterium_hippocampi,10971,10975,4
16905,Mycolicibacterium_hippocampi,11085,11086,1
16906,Mycolicibacterium_hippocampi,11243,11244,1
16907,Mycolicibacterium_hippocampi,11260,11261,1
16908,Mycolicibacterium_hippocampi,11265,11267,2
16909,Mycolicibacterium_hippocampi,11286,11287,1
16910,Mycolicibacterium_hippocampi,11473,11474,1
16911,Mycolicibacterium_hippocampi,11505,11512,7
16912,Mycolicibacterium_hippocampi,11513,11514,1
16913,Mycolicibacterium_hippocampi,11520,11521,1
16914,Mycolicibacterium_hippocampi,11523,11538,15
16915,Mycolicibacterium_hippocampi,11566,11567,1
16916,Mycolicibacterium_hippocampi,11782,11783,1
16917,Mycolicibacterium_hippocampi,11823,11824,1
16918,Mycolicibacterium_hippocampi,11826,11827,1
16919,Mycolicibacterium_hippocampi,11831,11836,5
16920,Mycolicibacterium_hippocampi,11847,11849,2
16921,Mycolicibacterium_hippocampi,11851,11852,1
16922,Mycolicibacterium_hippocampi,11859,11860,1
16923,Mycolicibacterium_hippocampi,11864,11866,2
16924,Mycolicibacterium_hippocampi,11877,11878,1
16925,Mycolicibacterium_hippocampi,11993,11994,1
16926,Mycolicibacterium_hippocampi,12029,12030,1
16927,Mycolicibacterium_hippocampi,12068,12069,1
16928,Mycolicibacterium_hippocampi,12207,12208,1
16929,Mycolicibacterium_hippocampi,12211,12212,1
16930,Mycolicibacterium_hippocampi,12218,12222,4
16931,Mycolicibacterium_hippocampi,12226,12227,1
16932,Mycolicibacterium_hippocampi,12237,12238,1
16933,Mycolicibacterium_hippocampi,12360,12369,9
16934,Mycolicibacterium_hippocampi,12371,12372,1
16935,Mycolicibacterium_hippocampi,12374,12375,1
16936,Mycolicibacterium_hippocampi,12377,12382,5
16937,Mycolicibacterium_hippocampi,12384,12390,6
16938,Mycolicibacterium_hippocampi,12391,12400,9
16939,Mycolicibacterium_hippocampi,12454,12455,1
16940,Mycolicibacterium_hippocampi,12739,12740,1
16941,Mycolicibacterium_hippocampi,12798,12925,127
16942,Mycolicibacterium_hippocampi,13451,13452,1
16943,Mycolicibacterium_hippocampi,13453,13454,1
16944,Mycolicibacterium_hippocampi,13508,13509,1
16945,Mycobacterium_timonense,1,10,9
16946,Mycobacterium_timonense,21,39,18
16947,Mycobacterium_timonense,43,46,3
16948,Mycobacterium_timonense,53,71,18
16949,Mycobacterium_timonense,87,107,20
16950,Mycobacterium_timonense,117,132,15
16951,Mycobacterium_timonense,133,136,3
16952,Mycobacterium_timonense,346,349,3
16953,Mycobacterium_timonense,1542,1691,149
16954,Mycobacterium_timonense,3317,3381,64
16955,Mycobacterium_timonense,3414,3420,6
16956,Mycobacterium_timonense,3424,3460,36
16957,Mycobacterium_timonense,3476,3479,3
16958,Mycobacterium_timonense,3485,3491,6
16959,Mycobacterium_timonense,3642,3645,3
16960,Mycobacterium_timonense,3650,3653,3
16961,Mycobacterium_timonense,3782,3788,6
16962,Mycobacterium_timonense,4400,4406,6
16963,Mycobacterium_timonense,4407,4413,6
16964,Mycobacterium_timonense,4417,4426,9
16965,Mycobacterium_timonense,4432,4445,13
16966,Mycobacterium_timonense,4452,4455,3
16967,Mycobacterium_timonense,4456,4462,6
16968,Mycobacterium_timonense,4468,4480,12
16969,Mycobacterium_timonense,4483,4486,3
16970,Mycobacterium_timonense,4540,4552,12
16971,Mycobacterium_timonense,4555,4564,9
16972,Mycobacterium_timonense,4567,4573,6
16973,Mycobacterium_timonense,4581,4584,3
16974,Mycobacterium_timonense,5163,5169,6
16975,Mycobacterium_timonense,5170,5179,9
16976,Mycobacterium_timonense,5181,5190,9
16977,Mycobacterium_timonense,5197,5199,2
16978,Mycobacterium_timonense,5201,5204,3
16979,Mycobacterium_timonense,5206,5214,8
16980,Mycobacterium_timonense,5218,5230,12
16981,Mycobacterium_timonense,5231,5241,10
16982,Mycobacterium_timonense,5247,5253,6
16983,Mycobacterium_timonense,5401,5402,1
16984,Mycobacterium_timonense,6015,6016,1
16985,Mycobacterium_timonense,6428,6464,36
16986,Mycobacterium_timonense,6470,6494,24
16987,Mycobacterium_timonense,7178,7254,76
16988,Mycobacterium_timonense,7260,7268,8
16989,Mycobacterium_timonense,7760,7763,3
16990,Mycobacterium_timonense,8452,8500,48
16991,Mycobacterium_timonense,8577,8578,1
16992,Mycobacterium_timonense,8584,8599,15
16993,Mycobacterium_timonense,8601,8603,2
16994,Mycobacterium_timonense,8609,8610,1
16995,Mycobacterium_timonense,8661,8662,1
16996,Mycobacterium_timonense,8703,8704,1
16997,Mycobacterium_timonense,8720,8721,1
16998,Mycobacterium_timonense,8733,8735,2
16999,Mycobacterium_timonense,8739,8742,3
17000,Mycobacterium_timonense,8930,8931,1
17001,Mycobacterium_timonense,8980,8982,2
17002,Mycobacterium_timonense,8996,8998,2
17003,Mycobacterium_timonense,9120,9121,1
17004,Mycobacterium_timonense,9370,9372,2
17005,Mycobacterium_timonense,9546,9547,1
17006,Mycobacterium_timonense,9812,9813,1
17007,Mycobacterium_timonense,9982,9986,4
17008,Mycobacterium_timonense,10076,10078,2
17009,Mycobacterium_timonense,10157,10158,1
17010,Mycobacterium_timonense,10261,10262,1
17011,Mycobacterium_timonense,10310,10312,2
17012,Mycobacterium_timonense,10313,10315,2
17013,Mycobacterium_timonense,10325,10326,1
17014,Mycobacterium_timonense,10352,10353,1
17015,Mycobacterium_timonense,10370,10371,1
17016,Mycobacterium_timonense,10411,10412,1
17017,Mycobacterium_timonense,10434,10435,1
17018,Mycobacterium_timonense,10448,10449,1
17019,Mycobacterium_timonense,10476,10477,1
17020,Mycobacterium_timonense,10491,10492,1
17021,Mycobacterium_timonense,10526,10527,1
17022,Mycobacterium_timonense,10546,10649,103
17023,Mycobacterium_timonense,10828,10830,2
17024,Mycobacterium_timonense,10832,10846,14
17025,Mycobacterium_timonense,10864,10865,1
17026,Mycobacterium_timonense,10914,10915,1
17027,Mycobacterium_timonense,10965,10977,12
17028,Mycobacterium_timonense,11085,11086,1
17029,Mycobacterium_timonense,11143,11144,1
17030,Mycobacterium_timonense,11243,11244,1
17031,Mycobacterium_timonense,11260,11261,1
17032,Mycobacterium_timonense,11262,11263,1
17033,Mycobacterium_timonense,11265,11267,2
17034,Mycobacterium_timonense,11286,11287,1
17035,Mycobacterium_timonense,11312,11313,1
17036,Mycobacterium_timonense,11473,11474,1
17037,Mycobacterium_timonense,11505,11511,6
17038,Mycobacterium_timonense,11513,11514,1
17039,Mycobacterium_timonense,11519,11521,2
17040,Mycobacterium_timonense,11523,11533,10
17041,Mycobacterium_timonense,11566,11567,1
17042,Mycobacterium_timonense,11590,11591,1
17043,Mycobacterium_timonense,11782,11783,1
17044,Mycobacterium_timonense,11823,11824,1
17045,Mycobacterium_timonense,11826,11827,1
17046,Mycobacterium_timonense,11831,11836,5
17047,Mycobacterium_timonense,11848,11850,2
17048,Mycobacterium_timonense,11851,11852,1
17049,Mycobacterium_timonense,11859,11860,1
17050,Mycobacterium_timonense,11864,11866,2
17051,Mycobacterium_timonense,11877,11878,1
17052,Mycobacterium_timonense,11993,11994,1
17053,Mycobacterium_timonense,12029,12030,1
17054,Mycobacterium_timonense,12068,12069,1
17055,Mycobacterium_timonense,12207,12208,1
17056,Mycobacterium_timonense,12211,12212,1
17057,Mycobacterium_timonense,12213,12214,1
17058,Mycobacterium_timonense,12218,12222,4
17059,Mycobacterium_timonense,12225,12227,2
17060,Mycobacterium_timonense,12237,12238,1
17061,Mycobacterium_timonense,12360,12369,9
17062,Mycobacterium_timonense,12371,12380,9
17063,Mycobacterium_timonense,12384,12390,6
17064,Mycobacterium_timonense,12391,12400,9
17065,Mycobacterium_timonense,12454,12455,1
17066,Mycobacterium_timonense,12739,12740,1
17067,Mycobacterium_timonense,12798,12925,127
17068,Mycobacterium_timonense,13451,13452,1
17069,Mycobacterium_timonense,13453,13454,1
17070,Mycobacterium_timonense,13508,13509,1
17071,Mycobacteroides_franklinii,1,10,9
17072,Mycobacteroides_franklinii,24,39,15
17073,Mycobacteroides_franklinii,43,46,3
17074,Mycobacteroides_franklinii,53,115,62
17075,Mycobacteroides_franklinii,117,132,15
17076,Mycobacteroides_franklinii,133,136,3
17077,Mycobacteroides_franklinii,346,349,3
17078,Mycobacteroides_franklinii,1542,1691,149
17079,Mycobacteroides_franklinii,3320,3326,6
17080,Mycobacteroides_franklinii,3333,3361,28
17081,Mycobacteroides_franklinii,3364,3365,1
17082,Mycobacteroides_franklinii,3372,3374,2
17083,Mycobacteroides_franklinii,3411,3480,69
17084,Mycobacteroides_franklinii,3485,3491,6
17085,Mycobacteroides_franklinii,3642,3645,3
17086,Mycobacteroides_franklinii,3650,3653,3
17087,Mycobacteroides_franklinii,3655,3667,12
17088,Mycobacteroides_franklinii,3782,3788,6
17089,Mycobacteroides_franklinii,4400,4406,6
17090,Mycobacteroides_franklinii,4407,4413,6
17091,Mycobacteroides_franklinii,4424,4425,1
17092,Mycobacteroides_franklinii,4433,4445,12
17093,Mycobacteroides_franklinii,4452,4455,3
17094,Mycobacteroides_franklinii,4456,4462,6
17095,Mycobacteroides_franklinii,4468,4486,18
17096,Mycobacteroides_franklinii,4540,4552,12
17097,Mycobacteroides_franklinii,4555,4564,9
17098,Mycobacteroides_franklinii,4567,4573,6
17099,Mycobacteroides_franklinii,4582,4585,3
17100,Mycobacteroides_franklinii,5163,5169,6
17101,Mycobacteroides_franklinii,5170,5179,9
17102,Mycobacteroides_franklinii,5181,5190,9
17103,Mycobacteroides_franklinii,5197,5199,2
17104,Mycobacteroides_franklinii,5201,5204,3
17105,Mycobacteroides_franklinii,5206,5214,8
17106,Mycobacteroides_franklinii,5218,5230,12
17107,Mycobacteroides_franklinii,5231,5241,10
17108,Mycobacteroides_franklinii,5247,5253,6
17109,Mycobacteroides_franklinii,5401,5402,1
17110,Mycobacteroides_franklinii,6015,6016,1
17111,Mycobacteroides_franklinii,6431,6467,36
17112,Mycobacteroides_franklinii,6478,6487,9
17113,Mycobacteroides_franklinii,7178,7254,76
17114,Mycobacteroides_franklinii,7260,7268,8
17115,Mycobacteroides_franklinii,8452,8500,48
17116,Mycobacteroides_franklinii,8577,8578,1
17117,Mycobacteroides_franklinii,8584,8603,19
17118,Mycobacteroides_franklinii,8609,8610,1
17119,Mycobacteroides_franklinii,8661,8662,1
17120,Mycobacteroides_franklinii,8703,8704,1
17121,Mycobacteroides_franklinii,8720,8721,1
17122,Mycobacteroides_franklinii,8733,8735,2
17123,Mycobacteroides_franklinii,8739,8742,3
17124,Mycobacteroides_franklinii,8930,8931,1
17125,Mycobacteroides_franklinii,8981,8997,16
17126,Mycobacteroides_franklinii,9120,9121,1
17127,Mycobacteroides_franklinii,9370,9372,2
17128,Mycobacteroides_franklinii,9546,9547,1
17129,Mycobacteroides_franklinii,9812,9814,2
17130,Mycobacteroides_franklinii,9982,9986,4
17131,Mycobacteroides_franklinii,10076,10078,2
17132,Mycobacteroides_franklinii,10157,10158,1
17133,Mycobacteroides_franklinii,10261,10262,1
17134,Mycobacteroides_franklinii,10310,10312,2
17135,Mycobacteroides_franklinii,10313,10315,2
17136,Mycobacteroides_franklinii,10325,10326,1
17137,Mycobacteroides_franklinii,10370,10371,1
17138,Mycobacteroides_franklinii,10434,10435,1
17139,Mycobacteroides_franklinii,10448,10449,1
17140,Mycobacteroides_franklinii,10476,10477,1
17141,Mycobacteroides_franklinii,10491,10492,1
17142,Mycobacteroides_franklinii,10526,10527,1
17143,Mycobacteroides_franklinii,10546,10649,103
17144,Mycobacteroides_franklinii,10828,10839,11
17145,Mycobacteroides_franklinii,10841,10846,5
17146,Mycobacteroides_franklinii,10864,10865,1
17147,Mycobacteroides_franklinii,10914,10915,1
17148,Mycobacteroides_franklinii,10955,10974,19
17149,Mycobacteroides_franklinii,10975,10980,5
17150,Mycobacteroides_franklinii,11085,11086,1
17151,Mycobacteroides_franklinii,11143,11144,1
17152,Mycobacteroides_franklinii,11243,11244,1
17153,Mycobacteroides_franklinii,11260,11261,1
17154,Mycobacteroides_franklinii,11265,11267,2
17155,Mycobacteroides_franklinii,11286,11287,1
17156,Mycobacteroides_franklinii,11312,11313,1
17157,Mycobacteroides_franklinii,11473,11474,1
17158,Mycobacteroides_franklinii,11520,11521,1
17159,Mycobacteroides_franklinii,11532,11533,1
17160,Mycobacteroides_franklinii,11566,11567,1
17161,Mycobacteroides_franklinii,11635,11636,1
17162,Mycobacteroides_franklinii,11782,11783,1
17163,Mycobacteroides_franklinii,11823,11824,1
17164,Mycobacteroides_franklinii,11826,11827,1
17165,Mycobacteroides_franklinii,11831,11836,5
17166,Mycobacteroides_franklinii,11847,11852,5
17167,Mycobacteroides_franklinii,11859,11860,1
17168,Mycobacteroides_franklinii,11864,11866,2
17169,Mycobacteroides_franklinii,11877,11878,1
17170,Mycobacteroides_franklinii,11992,11994,2
17171,Mycobacteroides_franklinii,12029,12030,1
17172,Mycobacteroides_franklinii,12068,12069,1
17173,Mycobacteroides_franklinii,12194,12195,1
17174,Mycobacteroides_franklinii,12211,12214,3
17175,Mycobacteroides_franklinii,12220,12221,1
17176,Mycobacteroides_franklinii,12222,12227,5
17177,Mycobacteroides_franklinii,12237,12238,1
17178,Mycobacteroides_franklinii,12360,12369,9
17179,Mycobacteroides_franklinii,12371,12372,1
17180,Mycobacteroides_franklinii,12374,12388,14
17181,Mycobacteroides_franklinii,12391,12400,9
17182,Mycobacteroides_franklinii,12454,12455,1
17183,Mycobacteroides_franklinii,12739,12740,1
17184,Mycobacteroides_franklinii,12798,12925,127
17185,Mycobacteroides_franklinii,13451,13452,1
17186,Mycobacteroides_franklinii,13453,13454,1
17187,Mycobacteroides_franklinii,13508,13509,1
17188,Mycolicibacterium_peregrinum,1,10,9
17189,Mycolicibacterium_peregrinum,21,39,18
17190,Mycolicibacterium_peregrinum,43,46,3
17191,Mycolicibacterium_peregrinum,48,110,62
17192,Mycolicibacterium_peregrinum,117,132,15
17193,Mycolicibacterium_peregrinum,133,136,3
17194,Mycolicibacterium_peregrinum,346,349,3
17195,Mycolicibacterium_peregrinum,1542,1691,149
17196,Mycolicibacterium_peregrinum,3265,3268,3
17197,Mycolicibacterium_peregrinum,3317,3361,44
17198,Mycolicibacterium_peregrinum,3364,3365,1
17199,Mycolicibacterium_peregrinum,3373,3374,1
17200,Mycolicibacterium_peregrinum,3403,3406,3
17201,Mycolicibacterium_peregrinum,3409,3421,12
17202,Mycolicibacterium_peregrinum,3424,3478,54
17203,Mycolicibacterium_peregrinum,3485,3491,6
17204,Mycolicibacterium_peregrinum,3642,3645,3
17205,Mycolicibacterium_peregrinum,3650,3653,3
17206,Mycolicibacterium_peregrinum,3655,3667,12
17207,Mycolicibacterium_peregrinum,3782,3788,6
17208,Mycolicibacterium_peregrinum,4400,4406,6
17209,Mycolicibacterium_peregrinum,4407,4413,6
17210,Mycolicibacterium_peregrinum,4417,4426,9
17211,Mycolicibacterium_peregrinum,4432,4445,13
17212,Mycolicibacterium_peregrinum,4452,4455,3
17213,Mycolicibacterium_peregrinum,4456,4462,6
17214,Mycolicibacterium_peregrinum,4468,4474,6
17215,Mycolicibacterium_peregrinum,4475,4481,6
17216,Mycolicibacterium_peregrinum,4483,4486,3
17217,Mycolicibacterium_peregrinum,4540,4552,12
17218,Mycolicibacterium_peregrinum,4555,4564,9
17219,Mycolicibacterium_peregrinum,4567,4573,6
17220,Mycolicibacterium_peregrinum,4582,4585,3
17221,Mycolicibacterium_peregrinum,5163,5169,6
17222,Mycolicibacterium_peregrinum,5170,5179,9
17223,Mycolicibacterium_peregrinum,5181,5190,9
17224,Mycolicibacterium_peregrinum,5197,5199,2
17225,Mycolicibacterium_peregrinum,5201,5204,3
17226,Mycolicibacterium_peregrinum,5206,5214,8
17227,Mycolicibacterium_peregrinum,5218,5230,12
17228,Mycolicibacterium_peregrinum,5231,5241,10
17229,Mycolicibacterium_peregrinum,5247,5253,6
17230,Mycolicibacterium_peregrinum,5401,5402,1
17231,Mycolicibacterium_peregrinum,6015,6016,1
17232,Mycolicibacterium_peregrinum,6431,6452,21
17233,Mycolicibacterium_peregrinum,6456,6462,6
17234,Mycolicibacterium_peregrinum,6470,6494,24
17235,Mycolicibacterium_peregrinum,7178,7254,76
17236,Mycolicibacterium_peregrinum,7260,7268,8
17237,Mycolicibacterium_peregrinum,7760,7763,3
17238,Mycolicibacterium_peregrinum,8452,8500,48
17239,Mycolicibacterium_peregrinum,8577,8578,1
17240,Mycolicibacterium_peregrinum,8584,8599,15
17241,Mycolicibacterium_peregrinum,8600,8604,4
17242,Mycolicibacterium_peregrinum,8609,8610,1
17243,Mycolicibacterium_peregrinum,8661,8662,1
17244,Mycolicibacterium_peregrinum,8703,8704,1
17245,Mycolicibacterium_peregrinum,8720,8721,1
17246,Mycolicibacterium_peregrinum,8733,8735,2
17247,Mycolicibacterium_peregrinum,8739,8742,3
17248,Mycolicibacterium_peregrinum,8930,8931,1
17249,Mycolicibacterium_peregrinum,8980,8982,2
17250,Mycolicibacterium_peregrinum,8984,8998,14
17251,Mycolicibacterium_peregrinum,9120,9121,1
17252,Mycolicibacterium_peregrinum,9370,9372,2
17253,Mycolicibacterium_peregrinum,9546,9547,1
17254,Mycolicibacterium_peregrinum,9812,9813,1
17255,Mycolicibacterium_peregrinum,9982,9984,2
17256,Mycolicibacterium_peregrinum,9985,9986,1
17257,Mycolicibacterium_peregrinum,10076,10078,2
17258,Mycolicibacterium_peregrinum,10157,10158,1
17259,Mycolicibacterium_peregrinum,10261,10262,1
17260,Mycolicibacterium_peregrinum,10310,10312,2
17261,Mycolicibacterium_peregrinum,10313,10315,2
17262,Mycolicibacterium_peregrinum,10325,10326,1
17263,Mycolicibacterium_peregrinum,10370,10371,1
17264,Mycolicibacterium_peregrinum,10416,10417,1
17265,Mycolicibacterium_peregrinum,10434,10435,1
17266,Mycolicibacterium_peregrinum,10448,10449,1
17267,Mycolicibacterium_peregrinum,10476,10477,1
17268,Mycolicibacterium_peregrinum,10491,10492,1
17269,Mycolicibacterium_peregrinum,10526,10527,1
17270,Mycolicibacterium_peregrinum,10547,10649,102
17271,Mycolicibacterium_peregrinum,10829,10830,1
17272,Mycolicibacterium_peregrinum,10835,10843,8
17273,Mycolicibacterium_peregrinum,10864,10865,1
17274,Mycolicibacterium_peregrinum,10914,10915,1
17275,Mycolicibacterium_peregrinum,10965,10966,1
17276,Mycolicibacterium_peregrinum,10971,10975,4
17277,Mycolicibacterium_peregrinum,11085,11086,1
17278,Mycolicibacterium_peregrinum,11143,11144,1
17279,Mycolicibacterium_peregrinum,11243,11244,1
17280,Mycolicibacterium_peregrinum,11260,11261,1
17281,Mycolicibacterium_peregrinum,11286,11287,1
17282,Mycolicibacterium_peregrinum,11312,11313,1
17283,Mycolicibacterium_peregrinum,11473,11474,1
17284,Mycolicibacterium_peregrinum,11505,11512,7
17285,Mycolicibacterium_peregrinum,11513,11514,1
17286,Mycolicibacterium_peregrinum,11520,11521,1
17287,Mycolicibacterium_peregrinum,11524,11540,16
17288,Mycolicibacterium_peregrinum,11566,11567,1
17289,Mycolicibacterium_peregrinum,11782,11783,1
17290,Mycolicibacterium_peregrinum,11823,11824,1
17291,Mycolicibacterium_peregrinum,11826,11827,1
17292,Mycolicibacterium_peregrinum,11831,11836,5
17293,Mycolicibacterium_peregrinum,11846,11850,4
17294,Mycolicibacterium_peregrinum,11851,11852,1
17295,Mycolicibacterium_peregrinum,11859,11860,1
17296,Mycolicibacterium_peregrinum,11864,11865,1
17297,Mycolicibacterium_peregrinum,11877,11878,1
17298,Mycolicibacterium_peregrinum,11993,11995,2
17299,Mycolicibacterium_peregrinum,12029,12030,1
17300,Mycolicibacterium_peregrinum,12068,12069,1
17301,Mycolicibacterium_peregrinum,12207,12208,1
17302,Mycolicibacterium_peregrinum,12211,12212,1
17303,Mycolicibacterium_peregrinum,12213,12214,1
17304,Mycolicibacterium_peregrinum,12218,12222,4
17305,Mycolicibacterium_peregrinum,12226,12227,1
17306,Mycolicibacterium_peregrinum,12237,12238,1
17307,Mycolicibacterium_peregrinum,12360,12372,12
17308,Mycolicibacterium_peregrinum,12374,12375,1
17309,Mycolicibacterium_peregrinum,12378,12381,3
17310,Mycolicibacterium_peregrinum,12384,12390,6
17311,Mycolicibacterium_peregrinum,12391,12400,9
17312,Mycolicibacterium_peregrinum,12454,12455,1
17313,Mycolicibacterium_peregrinum,12739,12740,1
17314,Mycolicibacterium_peregrinum,12798,12925,127
17315,Mycolicibacterium_peregrinum,13451,13452,1
17316,Mycolicibacterium_peregrinum,13453,13454,1
17317,Mycolicibacterium_peregrinum,13508,13509,1
17318,Mycolicibacterium_xanthum,1,10,9
17319,Mycolicibacterium_xanthum,21,39,18
17320,Mycolicibacterium_xanthum,43,46,3
17321,Mycolicibacterium_xanthum,51,107,56
17322,Mycolicibacterium_xanthum,117,132,15
17323,Mycolicibacterium_xanthum,133,136,3
17324,Mycolicibacterium_xanthum,346,349,3
17325,Mycolicibacterium_xanthum,1539,1691,152
17326,Mycolicibacterium_xanthum,3320,3322,2
17327,Mycolicibacterium_xanthum,3364,3365,1
17328,Mycolicibacterium_xanthum,3373,3374,1
17329,Mycolicibacterium_xanthum,3409,3478,69
17330,Mycolicibacterium_xanthum,3485,3491,6
17331,Mycolicibacterium_xanthum,3642,3645,3
17332,Mycolicibacterium_xanthum,3650,3653,3
17333,Mycolicibacterium_xanthum,3655,3667,12
17334,Mycolicibacterium_xanthum,3782,3788,6
17335,Mycolicibacterium_xanthum,4400,4406,6
17336,Mycolicibacterium_xanthum,4407,4413,6
17337,Mycolicibacterium_xanthum,4417,4426,9
17338,Mycolicibacterium_xanthum,4432,4445,13
17339,Mycolicibacterium_xanthum,4452,4455,3
17340,Mycolicibacterium_xanthum,4456,4462,6
17341,Mycolicibacterium_xanthum,4468,4474,6
17342,Mycolicibacterium_xanthum,4475,4481,6
17343,Mycolicibacterium_xanthum,4483,4486,3
17344,Mycolicibacterium_xanthum,4540,4552,12
17345,Mycolicibacterium_xanthum,4555,4564,9
17346,Mycolicibacterium_xanthum,4567,4573,6
17347,Mycolicibacterium_xanthum,4582,4585,3
17348,Mycolicibacterium_xanthum,5163,5169,6
17349,Mycolicibacterium_xanthum,5170,5179,9
17350,Mycolicibacterium_xanthum,5181,5190,9
17351,Mycolicibacterium_xanthum,5197,5199,2
17352,Mycolicibacterium_xanthum,5201,5204,3
17353,Mycolicibacterium_xanthum,5206,5214,8
17354,Mycolicibacterium_xanthum,5218,5230,12
17355,Mycolicibacterium_xanthum,5231,5241,10
17356,Mycolicibacterium_xanthum,5247,5253,6
17357,Mycolicibacterium_xanthum,5401,5402,1
17358,Mycolicibacterium_xanthum,6015,6016,1
17359,Mycolicibacterium_xanthum,6431,6452,21
17360,Mycolicibacterium_xanthum,6456,6462,6
17361,Mycolicibacterium_xanthum,6470,6494,24
17362,Mycolicibacterium_xanthum,7178,7254,76
17363,Mycolicibacterium_xanthum,7260,7268,8
17364,Mycolicibacterium_xanthum,7760,7763,3
17365,Mycolicibacterium_xanthum,8452,8500,48
17366,Mycolicibacterium_xanthum,8577,8578,1
17367,Mycolicibacterium_xanthum,8584,8599,15
17368,Mycolicibacterium_xanthum,8600,8604,4
17369,Mycolicibacterium_xanthum,8609,8610,1
17370,Mycolicibacterium_xanthum,8661,8662,1
17371,Mycolicibacterium_xanthum,8703,8704,1
17372,Mycolicibacterium_xanthum,8720,8721,1
17373,Mycolicibacterium_xanthum,8733,8735,2
17374,Mycolicibacterium_xanthum,8739,8742,3
17375,Mycolicibacterium_xanthum,8930,8931,1
17376,Mycolicibacterium_xanthum,8980,8982,2
17377,Mycolicibacterium_xanthum,8984,8998,14
17378,Mycolicibacterium_xanthum,9120,9121,1
17379,Mycolicibacterium_xanthum,9370,9372,2
17380,Mycolicibacterium_xanthum,9546,9547,1
17381,Mycolicibacterium_xanthum,9812,9813,1
17382,Mycolicibacterium_xanthum,9985,9986,1
17383,Mycolicibacterium_xanthum,10157,10158,1
17384,Mycolicibacterium_xanthum,10261,10262,1
17385,Mycolicibacterium_xanthum,10310,10312,2
17386,Mycolicibacterium_xanthum,10313,10315,2
17387,Mycolicibacterium_xanthum,10325,10326,1
17388,Mycolicibacterium_xanthum,10370,10371,1
17389,Mycolicibacterium_xanthum,10416,10417,1
17390,Mycolicibacterium_xanthum,10434,10435,1
17391,Mycolicibacterium_xanthum,10448,10449,1
17392,Mycolicibacterium_xanthum,10461,10462,1
17393,Mycolicibacterium_xanthum,10476,10477,1
17394,Mycolicibacterium_xanthum,10491,10492,1
17395,Mycolicibacterium_xanthum,10526,10527,1
17396,Mycolicibacterium_xanthum,10545,10649,104
17397,Mycolicibacterium_xanthum,10828,10830,2
17398,Mycolicibacterium_xanthum,10835,10836,1
17399,Mycolicibacterium_xanthum,10837,10843,6
17400,Mycolicibacterium_xanthum,10864,10865,1
17401,Mycolicibacterium_xanthum,10914,10915,1
17402,Mycolicibacterium_xanthum,10965,10966,1
17403,Mycolicibacterium_xanthum,10971,10975,4
17404,Mycolicibacterium_xanthum,11085,11086,1
17405,Mycolicibacterium_xanthum,11143,11144,1
17406,Mycolicibacterium_xanthum,11243,11244,1
17407,Mycolicibacterium_xanthum,11260,11261,1
17408,Mycolicibacterium_xanthum,11265,11267,2
17409,Mycolicibacterium_xanthum,11286,11287,1
17410,Mycolicibacterium_xanthum,11312,11313,1
17411,Mycolicibacterium_xanthum,11473,11474,1
17412,Mycolicibacterium_xanthum,11505,11512,7
17413,Mycolicibacterium_xanthum,11513,11514,1
17414,Mycolicibacterium_xanthum,11520,11537,17
17415,Mycolicibacterium_xanthum,11566,11567,1
17416,Mycolicibacterium_xanthum,11782,11783,1
17417,Mycolicibacterium_xanthum,11823,11824,1
17418,Mycolicibacterium_xanthum,11826,11827,1
17419,Mycolicibacterium_xanthum,11831,11836,5
17420,Mycolicibacterium_xanthum,11846,11850,4
17421,Mycolicibacterium_xanthum,11851,11852,1
17422,Mycolicibacterium_xanthum,11864,11866,2
17423,Mycolicibacterium_xanthum,11877,11878,1
17424,Mycolicibacterium_xanthum,11993,11994,1
17425,Mycolicibacterium_xanthum,12029,12030,1
17426,Mycolicibacterium_xanthum,12068,12069,1
17427,Mycolicibacterium_xanthum,12207,12208,1
17428,Mycolicibacterium_xanthum,12211,12212,1
17429,Mycolicibacterium_xanthum,12213,12214,1
17430,Mycolicibacterium_xanthum,12218,12222,4
17431,Mycolicibacterium_xanthum,12226,12227,1
17432,Mycolicibacterium_xanthum,12237,12238,1
17433,Mycolicibacterium_xanthum,12360,12369,9
17434,Mycolicibacterium_xanthum,12371,12372,1
17435,Mycolicibacterium_xanthum,12374,12375,1
17436,Mycolicibacterium_xanthum,12378,12381,3
17437,Mycolicibacterium_xanthum,12384,12390,6
17438,Mycolicibacterium_xanthum,12391,12400,9
17439,Mycolicibacterium_xanthum,12454,12455,1
17440,Mycolicibacterium_xanthum,12739,12740,1
17441,Mycolicibacterium_xanthum,12798,12925,127
17442,Mycolicibacterium_xanthum,13451,13452,1
17443,Mycolicibacterium_xanthum,13453,13454,1
17444,Mycolicibacterium_xanthum,13508,13509,1
17445,Mycolicibacterium_lutetiense,1,10,9
17446,Mycolicibacterium_lutetiense,21,39,18
17447,Mycolicibacterium_lutetiense,43,46,3
17448,Mycolicibacterium_lutetiense,48,110,62
17449,Mycolicibacterium_lutetiense,117,132,15
17450,Mycolicibacterium_lutetiense,133,136,3
17451,Mycolicibacterium_lutetiense,346,349,3
17452,Mycolicibacterium_lutetiense,1542,1691,149
17453,Mycolicibacterium_lutetiense,3317,3381,64
17454,Mycolicibacterium_lutetiense,3403,3406,3
17455,Mycolicibacterium_lutetiense,3409,3421,12
17456,Mycolicibacterium_lutetiense,3424,3478,54
17457,Mycolicibacterium_lutetiense,3485,3491,6
17458,Mycolicibacterium_lutetiense,3642,3645,3
17459,Mycolicibacterium_lutetiense,3650,3653,3
17460,Mycolicibacterium_lutetiense,3655,3667,12
17461,Mycolicibacterium_lutetiense,3782,3788,6
17462,Mycolicibacterium_lutetiense,4400,4406,6
17463,Mycolicibacterium_lutetiense,4407,4413,6
17464,Mycolicibacterium_lutetiense,4417,4426,9
17465,Mycolicibacterium_lutetiense,4432,4445,13
17466,Mycolicibacterium_lutetiense,4452,4455,3
17467,Mycolicibacterium_lutetiense,4456,4462,6
17468,Mycolicibacterium_lutetiense,4468,4474,6
17469,Mycolicibacterium_lutetiense,4475,4481,6
17470,Mycolicibacterium_lutetiense,4483,4486,3
17471,Mycolicibacterium_lutetiense,4540,4552,12
17472,Mycolicibacterium_lutetiense,4555,4564,9
17473,Mycolicibacterium_lutetiense,4567,4573,6
17474,Mycolicibacterium_lutetiense,4582,4585,3
17475,Mycolicibacterium_lutetiense,5163,5169,6
17476,Mycolicibacterium_lutetiense,5170,5179,9
17477,Mycolicibacterium_lutetiense,5181,5190,9
17478,Mycolicibacterium_lutetiense,5197,5199,2
17479,Mycolicibacterium_lutetiense,5201,5204,3
17480,Mycolicibacterium_lutetiense,5206,5214,8
17481,Mycolicibacterium_lutetiense,5218,5230,12
17482,Mycolicibacterium_lutetiense,5231,5241,10
17483,Mycolicibacterium_lutetiense,5247,5253,6
17484,Mycolicibacterium_lutetiense,5401,5402,1
17485,Mycolicibacterium_lutetiense,6015,6016,1
17486,Mycolicibacterium_lutetiense,6431,6452,21
17487,Mycolicibacterium_lutetiense,6456,6462,6
17488,Mycolicibacterium_lutetiense,6470,6494,24
17489,Mycolicibacterium_lutetiense,7178,7254,76
17490,Mycolicibacterium_lutetiense,7260,7268,8
17491,Mycolicibacterium_lutetiense,7760,7763,3
17492,Mycolicibacterium_lutetiense,8452,8500,48
17493,Mycolicibacterium_lutetiense,8577,8578,1
17494,Mycolicibacterium_lutetiense,8584,8599,15
17495,Mycolicibacterium_lutetiense,8600,8604,4
17496,Mycolicibacterium_lutetiense,8609,8610,1
17497,Mycolicibacterium_lutetiense,8661,8662,1
17498,Mycolicibacterium_lutetiense,8703,8704,1
17499,Mycolicibacterium_lutetiense,8720,8721,1
17500,Mycolicibacterium_lutetiense,8733,8735,2
17501,Mycolicibacterium_lutetiense,8739,8742,3
17502,Mycolicibacterium_lutetiense,8930,8931,1
17503,Mycolicibacterium_lutetiense,8980,8982,2
17504,Mycolicibacterium_lutetiense,8984,8998,14
17505,Mycolicibacterium_lutetiense,9120,9121,1
17506,Mycolicibacterium_lutetiense,9370,9372,2
17507,Mycolicibacterium_lutetiense,9546,9547,1
17508,Mycolicibacterium_lutetiense,9812,9813,1
17509,Mycolicibacterium_lutetiense,9985,9986,1
17510,Mycolicibacterium_lutetiense,10076,10078,2
17511,Mycolicibacterium_lutetiense,10157,10158,1
17512,Mycolicibacterium_lutetiense,10261,10262,1
17513,Mycolicibacterium_lutetiense,10310,10312,2
17514,Mycolicibacterium_lutetiense,10313,10315,2
17515,Mycolicibacterium_lutetiense,10325,10326,1
17516,Mycolicibacterium_lutetiense,10370,10371,1
17517,Mycolicibacterium_lutetiense,10416,10417,1
17518,Mycolicibacterium_lutetiense,10434,10435,1
17519,Mycolicibacterium_lutetiense,10448,10449,1
17520,Mycolicibacterium_lutetiense,10476,10477,1
17521,Mycolicibacterium_lutetiense,10491,10492,1
17522,Mycolicibacterium_lutetiense,10526,10527,1
17523,Mycolicibacterium_lutetiense,10547,10649,102
17524,Mycolicibacterium_lutetiense,10828,10830,2
17525,Mycolicibacterium_lutetiense,10835,10843,8
17526,Mycolicibacterium_lutetiense,10864,10865,1
17527,Mycolicibacterium_lutetiense,10914,10915,1
17528,Mycolicibacterium_lutetiense,10965,10966,1
17529,Mycolicibacterium_lutetiense,10971,10975,4
17530,Mycolicibacterium_lutetiense,11085,11086,1
17531,Mycolicibacterium_lutetiense,11143,11144,1
17532,Mycolicibacterium_lutetiense,11243,11244,1
17533,Mycolicibacterium_lutetiense,11260,11261,1
17534,Mycolicibacterium_lutetiense,11286,11287,1
17535,Mycolicibacterium_lutetiense,11312,11313,1
17536,Mycolicibacterium_lutetiense,11473,11474,1
17537,Mycolicibacterium_lutetiense,11505,11512,7
17538,Mycolicibacterium_lutetiense,11513,11514,1
17539,Mycolicibacterium_lutetiense,11524,11538,14
17540,Mycolicibacterium_lutetiense,11566,11567,1
17541,Mycolicibacterium_lutetiense,11782,11783,1
17542,Mycolicibacterium_lutetiense,11823,11824,1
17543,Mycolicibacterium_lutetiense,11826,11827,1
17544,Mycolicibacterium_lutetiense,11831,11835,4
17545,Mycolicibacterium_lutetiense,11846,11850,4
17546,Mycolicibacterium_lutetiense,11851,11852,1
17547,Mycolicibacterium_lutetiense,11859,11860,1
17548,Mycolicibacterium_lutetiense,11864,11865,1
17549,Mycolicibacterium_lutetiense,11877,11878,1
17550,Mycolicibacterium_lutetiense,11993,11994,1
17551,Mycolicibacterium_lutetiense,12029,12030,1
17552,Mycolicibacterium_lutetiense,12068,12069,1
17553,Mycolicibacterium_lutetiense,12207,12208,1
17554,Mycolicibacterium_lutetiense,12211,12212,1
17555,Mycolicibacterium_lutetiense,12213,12214,1
17556,Mycolicibacterium_lutetiense,12218,12222,4
17557,Mycolicibacterium_lutetiense,12226,12227,1
17558,Mycolicibacterium_lutetiense,12237,12238,1
17559,Mycolicibacterium_lutetiense,12360,12372,12
17560,Mycolicibacterium_lutetiense,12374,12375,1
17561,Mycolicibacterium_lutetiense,12378,12381,3
17562,Mycolicibacterium_lutetiense,12384,12390,6
17563,Mycolicibacterium_lutetiense,12391,12400,9
17564,Mycolicibacterium_lutetiense,12454,12455,1
17565,Mycolicibacterium_lutetiense,12739,12740,1
17566,Mycolicibacterium_lutetiense,12798,12925,127
17567,Mycolicibacterium_lutetiense,13451,13452,1
17568,Mycolicibacterium_lutetiense,13453,13454,1
17569,Mycolicibacterium_lutetiense,13508,13509,1
17570,Mycolicibacter_acidiphilus,1,10,9
17571,Mycolicibacter_acidiphilus,21,39,18
17572,Mycolicibacter_acidiphilus,43,46,3
17573,Mycolicibacter_acidiphilus,64,105,41
17574,Mycolicibacter_acidiphilus,117,132,15
17575,Mycolicibacter_acidiphilus,133,136,3
17576,Mycolicibacter_acidiphilus,346,349,3
17577,Mycolicibacter_acidiphilus,1542,1691,149
17578,Mycolicibacter_acidiphilus,3317,3365,48
17579,Mycolicibacter_acidiphilus,3373,3374,1
17580,Mycolicibacter_acidiphilus,3414,3420,6
17581,Mycolicibacter_acidiphilus,3421,3466,45
17582,Mycolicibacter_acidiphilus,3473,3479,6
17583,Mycolicibacter_acidiphilus,3485,3491,6
17584,Mycolicibacter_acidiphilus,3650,3653,3
17585,Mycolicibacter_acidiphilus,3657,3672,15
17586,Mycolicibacter_acidiphilus,3782,3788,6
17587,Mycolicibacter_acidiphilus,4400,4406,6
17588,Mycolicibacter_acidiphilus,4407,4413,6
17589,Mycolicibacter_acidiphilus,4422,4426,4
17590,Mycolicibacter_acidiphilus,4432,4438,6
17591,Mycolicibacter_acidiphilus,4452,4455,3
17592,Mycolicibacter_acidiphilus,4456,4486,30
17593,Mycolicibacter_acidiphilus,4555,4564,9
17594,Mycolicibacter_acidiphilus,4567,4573,6
17595,Mycolicibacter_acidiphilus,5163,5169,6
17596,Mycolicibacter_acidiphilus,5170,5179,9
17597,Mycolicibacter_acidiphilus,5181,5190,9
17598,Mycolicibacter_acidiphilus,5197,5199,2
17599,Mycolicibacter_acidiphilus,5201,5204,3
17600,Mycolicibacter_acidiphilus,5206,5214,8
17601,Mycolicibacter_acidiphilus,5218,5230,12
17602,Mycolicibacter_acidiphilus,5231,5241,10
17603,Mycolicibacter_acidiphilus,5247,5253,6
17604,Mycolicibacter_acidiphilus,5401,5402,1
17605,Mycolicibacter_acidiphilus,6015,6016,1
17606,Mycolicibacter_acidiphilus,6431,6452,21
17607,Mycolicibacter_acidiphilus,6456,6462,6
17608,Mycolicibacter_acidiphilus,6470,6494,24
17609,Mycolicibacter_acidiphilus,7178,7254,76
17610,Mycolicibacter_acidiphilus,7260,7268,8
17611,Mycolicibacter_acidiphilus,7760,7763,3
17612,Mycolicibacter_acidiphilus,8452,8500,48
17613,Mycolicibacter_acidiphilus,8577,8578,1
17614,Mycolicibacter_acidiphilus,8584,8599,15
17615,Mycolicibacter_acidiphilus,8601,8603,2
17616,Mycolicibacter_acidiphilus,8609,8610,1
17617,Mycolicibacter_acidiphilus,8661,8662,1
17618,Mycolicibacter_acidiphilus,8703,8704,1
17619,Mycolicibacter_acidiphilus,8720,8721,1
17620,Mycolicibacter_acidiphilus,8733,8735,2
17621,Mycolicibacter_acidiphilus,8739,8742,3
17622,Mycolicibacter_acidiphilus,8930,8931,1
17623,Mycolicibacter_acidiphilus,8980,8982,2
17624,Mycolicibacter_acidiphilus,9120,9121,1
17625,Mycolicibacter_acidiphilus,9546,9547,1
17626,Mycolicibacter_acidiphilus,9812,9814,2
17627,Mycolicibacter_acidiphilus,9982,9984,2
17628,Mycolicibacter_acidiphilus,9985,9986,1
17629,Mycolicibacter_acidiphilus,10076,10078,2
17630,Mycolicibacter_acidiphilus,10157,10158,1
17631,Mycolicibacter_acidiphilus,10311,10312,1
17632,Mycolicibacter_acidiphilus,10313,10315,2
17633,Mycolicibacter_acidiphilus,10325,10326,1
17634,Mycolicibacter_acidiphilus,10370,10371,1
17635,Mycolicibacter_acidiphilus,10416,10417,1
17636,Mycolicibacter_acidiphilus,10434,10435,1
17637,Mycolicibacter_acidiphilus,10448,10449,1
17638,Mycolicibacter_acidiphilus,10461,10462,1
17639,Mycolicibacter_acidiphilus,10476,10477,1
17640,Mycolicibacter_acidiphilus,10491,10492,1
17641,Mycolicibacter_acidiphilus,10526,10527,1
17642,Mycolicibacter_acidiphilus,10546,10649,103
17643,Mycolicibacter_acidiphilus,10828,10830,2
17644,Mycolicibacter_acidiphilus,10831,10833,2
17645,Mycolicibacter_acidiphilus,10836,10843,7
17646,Mycolicibacter_acidiphilus,10864,10865,1
17647,Mycolicibacter_acidiphilus,10914,10915,1
17648,Mycolicibacter_acidiphilus,10965,10966,1
17649,Mycolicibacter_acidiphilus,10971,10975,4
17650,Mycolicibacter_acidiphilus,11085,11086,1
17651,Mycolicibacter_acidiphilus,11143,11144,1
17652,Mycolicibacter_acidiphilus,11243,11244,1
17653,Mycolicibacter_acidiphilus,11260,11261,1
17654,Mycolicibacter_acidiphilus,11265,11267,2
17655,Mycolicibacter_acidiphilus,11286,11287,1
17656,Mycolicibacter_acidiphilus,11312,11313,1
17657,Mycolicibacter_acidiphilus,11473,11474,1
17658,Mycolicibacter_acidiphilus,11505,11512,7
17659,Mycolicibacter_acidiphilus,11513,11514,1
17660,Mycolicibacter_acidiphilus,11515,11533,18
17661,Mycolicibacter_acidiphilus,11537,11538,1
17662,Mycolicibacter_acidiphilus,11566,11567,1
17663,Mycolicibacter_acidiphilus,11782,11783,1
17664,Mycolicibacter_acidiphilus,11823,11825,2
17665,Mycolicibacter_acidiphilus,11831,11836,5
17666,Mycolicibacter_acidiphilus,11847,11850,3
17667,Mycolicibacter_acidiphilus,11851,11852,1
17668,Mycolicibacter_acidiphilus,11859,11860,1
17669,Mycolicibacter_acidiphilus,11863,11866,3
17670,Mycolicibacter_acidiphilus,11877,11878,1
17671,Mycolicibacter_acidiphilus,11993,11994,1
17672,Mycolicibacter_acidiphilus,12029,12030,1
17673,Mycolicibacter_acidiphilus,12068,12069,1
17674,Mycolicibacter_acidiphilus,12207,12208,1
17675,Mycolicibacter_acidiphilus,12211,12212,1
17676,Mycolicibacter_acidiphilus,12213,12214,1
17677,Mycolicibacter_acidiphilus,12218,12222,4
17678,Mycolicibacter_acidiphilus,12226,12227,1
17679,Mycolicibacter_acidiphilus,12237,12238,1
17680,Mycolicibacter_acidiphilus,12360,12369,9
17681,Mycolicibacter_acidiphilus,12371,12372,1
17682,Mycolicibacter_acidiphilus,12374,12375,1
17683,Mycolicibacter_acidiphilus,12377,12382,5
17684,Mycolicibacter_acidiphilus,12384,12390,6
17685,Mycolicibacter_acidiphilus,12391,12400,9
17686,Mycolicibacter_acidiphilus,12454,12455,1
17687,Mycolicibacter_acidiphilus,12739,12740,1
17688,Mycolicibacter_acidiphilus,12798,12925,127
17689,Mycolicibacter_acidiphilus,13451,13452,1
17690,Mycolicibacter_acidiphilus,13453,13454,1
17691,Mycolicibacter_acidiphilus,13508,13509,1
17692,Mycolicibacterium_iranicum,1,10,9
17693,Mycolicibacterium_iranicum,21,39,18
17694,Mycolicibacterium_iranicum,43,46,3
17695,Mycolicibacterium_iranicum,51,107,56
17696,Mycolicibacterium_iranicum,117,132,15
17697,Mycolicibacterium_iranicum,133,136,3
17698,Mycolicibacterium_iranicum,346,349,3
17699,Mycolicibacterium_iranicum,1542,1691,149
17700,Mycolicibacterium_iranicum,3317,3365,48
17701,Mycolicibacterium_iranicum,3373,3374,1
17702,Mycolicibacterium_iranicum,3408,3480,72
17703,Mycolicibacterium_iranicum,3485,3491,6
17704,Mycolicibacterium_iranicum,3642,3645,3
17705,Mycolicibacterium_iranicum,3650,3653,3
17706,Mycolicibacterium_iranicum,3655,3667,12
17707,Mycolicibacterium_iranicum,3782,3788,6
17708,Mycolicibacterium_iranicum,4400,4406,6
17709,Mycolicibacterium_iranicum,4407,4413,6
17710,Mycolicibacterium_iranicum,4417,4426,9
17711,Mycolicibacterium_iranicum,4432,4445,13
17712,Mycolicibacterium_iranicum,4452,4455,3
17713,Mycolicibacterium_iranicum,4456,4462,6
17714,Mycolicibacterium_iranicum,4468,4474,6
17715,Mycolicibacterium_iranicum,4475,4481,6
17716,Mycolicibacterium_iranicum,4483,4486,3
17717,Mycolicibacterium_iranicum,4540,4552,12
17718,Mycolicibacterium_iranicum,4555,4564,9
17719,Mycolicibacterium_iranicum,4567,4573,6
17720,Mycolicibacterium_iranicum,4582,4585,3
17721,Mycolicibacterium_iranicum,5163,5169,6
17722,Mycolicibacterium_iranicum,5170,5179,9
17723,Mycolicibacterium_iranicum,5181,5190,9
17724,Mycolicibacterium_iranicum,5197,5199,2
17725,Mycolicibacterium_iranicum,5201,5204,3
17726,Mycolicibacterium_iranicum,5206,5214,8
17727,Mycolicibacterium_iranicum,5218,5230,12
17728,Mycolicibacterium_iranicum,5231,5241,10
17729,Mycolicibacterium_iranicum,5247,5253,6
17730,Mycolicibacterium_iranicum,5401,5402,1
17731,Mycolicibacterium_iranicum,6015,6016,1
17732,Mycolicibacterium_iranicum,6431,6452,21
17733,Mycolicibacterium_iranicum,6456,6462,6
17734,Mycolicibacterium_iranicum,6470,6494,24
17735,Mycolicibacterium_iranicum,7182,7191,9
17736,Mycolicibacterium_iranicum,7226,7232,6
17737,Mycolicibacterium_iranicum,7245,7252,7
17738,Mycolicibacterium_iranicum,7260,7268,8
17739,Mycolicibacterium_iranicum,7760,7763,3
17740,Mycolicibacterium_iranicum,8452,8500,48
17741,Mycolicibacterium_iranicum,8577,8578,1
17742,Mycolicibacterium_iranicum,8584,8599,15
17743,Mycolicibacterium_iranicum,8600,8604,4
17744,Mycolicibacterium_iranicum,8609,8610,1
17745,Mycolicibacterium_iranicum,8661,8662,1
17746,Mycolicibacterium_iranicum,8703,8704,1
17747,Mycolicibacterium_iranicum,8720,8721,1
17748,Mycolicibacterium_iranicum,8733,8735,2
17749,Mycolicibacterium_iranicum,8739,8742,3
17750,Mycolicibacterium_iranicum,8930,8931,1
17751,Mycolicibacterium_iranicum,8980,8982,2
17752,Mycolicibacterium_iranicum,8984,8998,14
17753,Mycolicibacterium_iranicum,9120,9121,1
17754,Mycolicibacterium_iranicum,9370,9372,2
17755,Mycolicibacterium_iranicum,9546,9547,1
17756,Mycolicibacterium_iranicum,9812,9813,1
17757,Mycolicibacterium_iranicum,9985,9986,1
17758,Mycolicibacterium_iranicum,10076,10078,2
17759,Mycolicibacterium_iranicum,10157,10158,1
17760,Mycolicibacterium_iranicum,10261,10262,1
17761,Mycolicibacterium_iranicum,10310,10312,2
17762,Mycolicibacterium_iranicum,10313,10315,2
17763,Mycolicibacterium_iranicum,10325,10326,1
17764,Mycolicibacterium_iranicum,10370,10371,1
17765,Mycolicibacterium_iranicum,10416,10417,1
17766,Mycolicibacterium_iranicum,10434,10435,1
17767,Mycolicibacterium_iranicum,10448,10449,1
17768,Mycolicibacterium_iranicum,10461,10462,1
17769,Mycolicibacterium_iranicum,10476,10477,1
17770,Mycolicibacterium_iranicum,10526,10527,1
17771,Mycolicibacterium_iranicum,10828,10831,3
17772,Mycolicibacterium_iranicum,10835,10836,1
17773,Mycolicibacterium_iranicum,10837,10843,6
17774,Mycolicibacterium_iranicum,10864,10865,1
17775,Mycolicibacterium_iranicum,10914,10915,1
17776,Mycolicibacterium_iranicum,10965,10966,1
17777,Mycolicibacterium_iranicum,10971,10975,4
17778,Mycolicibacterium_iranicum,11085,11086,1
17779,Mycolicibacterium_iranicum,11143,11144,1
17780,Mycolicibacterium_iranicum,11243,11244,1
17781,Mycolicibacterium_iranicum,11260,11261,1
17782,Mycolicibacterium_iranicum,11265,11267,2
17783,Mycolicibacterium_iranicum,11286,11287,1
17784,Mycolicibacterium_iranicum,11312,11313,1
17785,Mycolicibacterium_iranicum,11473,11474,1
17786,Mycolicibacterium_iranicum,11505,11512,7
17787,Mycolicibacterium_iranicum,11513,11514,1
17788,Mycolicibacterium_iranicum,11520,11537,17
17789,Mycolicibacterium_iranicum,11566,11567,1
17790,Mycolicibacterium_iranicum,11782,11783,1
17791,Mycolicibacterium_iranicum,11823,11824,1
17792,Mycolicibacterium_iranicum,11826,11827,1
17793,Mycolicibacterium_iranicum,11831,11836,5
17794,Mycolicibacterium_iranicum,11846,11850,4
17795,Mycolicibacterium_iranicum,11851,11852,1
17796,Mycolicibacterium_iranicum,11859,11860,1
17797,Mycolicibacterium_iranicum,11864,11866,2
17798,Mycolicibacterium_iranicum,11877,11878,1
17799,Mycolicibacterium_iranicum,11993,11995,2
17800,Mycolicibacterium_iranicum,12029,12030,1
17801,Mycolicibacterium_iranicum,12068,12069,1
17802,Mycolicibacterium_iranicum,12207,12208,1
17803,Mycolicibacterium_iranicum,12211,12212,1
17804,Mycolicibacterium_iranicum,12213,12214,1
17805,Mycolicibacterium_iranicum,12218,12222,4
17806,Mycolicibacterium_iranicum,12226,12227,1
17807,Mycolicibacterium_iranicum,12237,12238,1
17808,Mycolicibacterium_iranicum,12360,12369,9
17809,Mycolicibacterium_iranicum,12371,12372,1
17810,Mycolicibacterium_iranicum,12374,12375,1
17811,Mycolicibacterium_iranicum,12377,12382,5
17812,Mycolicibacterium_iranicum,12384,12390,6
17813,Mycolicibacterium_iranicum,12391,12400,9
17814,Mycolicibacterium_iranicum,12454,12455,1
17815,Mycolicibacterium_iranicum,12739,12740,1
17816,Mycolicibacterium_iranicum,12798,12925,127
17817,Mycolicibacterium_iranicum,13451,13452,1
17818,Mycolicibacterium_iranicum,13453,13454,1
17819,Mycolicibacterium_iranicum,13508,13509,1
17820,Mycolicibacterium_sphagni,1,10,9
17821,Mycolicibacterium_sphagni,21,39,18
17822,Mycolicibacterium_sphagni,43,46,3
17823,Mycolicibacterium_sphagni,48,110,62
17824,Mycolicibacterium_sphagni,117,132,15
17825,Mycolicibacterium_sphagni,133,136,3
17826,Mycolicibacterium_sphagni,346,349,3
17827,Mycolicibacterium_sphagni,1542,1691,149
17828,Mycolicibacterium_sphagni,3317,3381,64
17829,Mycolicibacterium_sphagni,3408,3480,72
17830,Mycolicibacterium_sphagni,3485,3491,6
17831,Mycolicibacterium_sphagni,3642,3645,3
17832,Mycolicibacterium_sphagni,3650,3653,3
17833,Mycolicibacterium_sphagni,3655,3667,12
17834,Mycolicibacterium_sphagni,3782,3788,6
17835,Mycolicibacterium_sphagni,4400,4406,6
17836,Mycolicibacterium_sphagni,4407,4413,6
17837,Mycolicibacterium_sphagni,4417,4426,9
17838,Mycolicibacterium_sphagni,4432,4445,13
17839,Mycolicibacterium_sphagni,4452,4455,3
17840,Mycolicibacterium_sphagni,4456,4462,6
17841,Mycolicibacterium_sphagni,4468,4474,6
17842,Mycolicibacterium_sphagni,4475,4481,6
17843,Mycolicibacterium_sphagni,4483,4486,3
17844,Mycolicibacterium_sphagni,4540,4552,12
17845,Mycolicibacterium_sphagni,4555,4564,9
17846,Mycolicibacterium_sphagni,4567,4573,6
17847,Mycolicibacterium_sphagni,4582,4585,3
17848,Mycolicibacterium_sphagni,5163,5169,6
17849,Mycolicibacterium_sphagni,5170,5179,9
17850,Mycolicibacterium_sphagni,5181,5190,9
17851,Mycolicibacterium_sphagni,5197,5199,2
17852,Mycolicibacterium_sphagni,5201,5204,3
17853,Mycolicibacterium_sphagni,5206,5214,8
17854,Mycolicibacterium_sphagni,5218,5230,12
17855,Mycolicibacterium_sphagni,5231,5241,10
17856,Mycolicibacterium_sphagni,5247,5253,6
17857,Mycolicibacterium_sphagni,5401,5402,1
17858,Mycolicibacterium_sphagni,6015,6016,1
17859,Mycolicibacterium_sphagni,6431,6467,36
17860,Mycolicibacterium_sphagni,6470,6494,24
17861,Mycolicibacterium_sphagni,7178,7254,76
17862,Mycolicibacterium_sphagni,7260,7268,8
17863,Mycolicibacterium_sphagni,7760,7763,3
17864,Mycolicibacterium_sphagni,8452,8500,48
17865,Mycolicibacterium_sphagni,8577,8578,1
17866,Mycolicibacterium_sphagni,8584,8599,15
17867,Mycolicibacterium_sphagni,8600,8604,4
17868,Mycolicibacterium_sphagni,8609,8610,1
17869,Mycolicibacterium_sphagni,8661,8662,1
17870,Mycolicibacterium_sphagni,8703,8704,1
17871,Mycolicibacterium_sphagni,8720,8721,1
17872,Mycolicibacterium_sphagni,8733,8735,2
17873,Mycolicibacterium_sphagni,8739,8742,3
17874,Mycolicibacterium_sphagni,8930,8931,1
17875,Mycolicibacterium_sphagni,8980,8982,2
17876,Mycolicibacterium_sphagni,8984,8998,14
17877,Mycolicibacterium_sphagni,9120,9121,1
17878,Mycolicibacterium_sphagni,9370,9372,2
17879,Mycolicibacterium_sphagni,9546,9547,1
17880,Mycolicibacterium_sphagni,9812,9813,1
17881,Mycolicibacterium_sphagni,9985,9986,1
17882,Mycolicibacterium_sphagni,10076,10078,2
17883,Mycolicibacterium_sphagni,10157,10158,1
17884,Mycolicibacterium_sphagni,10261,10262,1
17885,Mycolicibacterium_sphagni,10310,10312,2
17886,Mycolicibacterium_sphagni,10325,10326,1
17887,Mycolicibacterium_sphagni,10370,10371,1
17888,Mycolicibacterium_sphagni,10416,10417,1
17889,Mycolicibacterium_sphagni,10434,10435,1
17890,Mycolicibacterium_sphagni,10448,10449,1
17891,Mycolicibacterium_sphagni,10461,10462,1
17892,Mycolicibacterium_sphagni,10476,10477,1
17893,Mycolicibacterium_sphagni,10491,10492,1
17894,Mycolicibacterium_sphagni,10526,10527,1
17895,Mycolicibacterium_sphagni,10545,10649,104
17896,Mycolicibacterium_sphagni,10828,10832,4
17897,Mycolicibacterium_sphagni,10835,10836,1
17898,Mycolicibacterium_sphagni,10837,10843,6
17899,Mycolicibacterium_sphagni,10864,10865,1
17900,Mycolicibacterium_sphagni,10914,10915,1
17901,Mycolicibacterium_sphagni,10965,10966,1
17902,Mycolicibacterium_sphagni,10971,10975,4
17903,Mycolicibacterium_sphagni,11085,11086,1
17904,Mycolicibacterium_sphagni,11143,11144,1
17905,Mycolicibacterium_sphagni,11243,11244,1
17906,Mycolicibacterium_sphagni,11260,11261,1
17907,Mycolicibacterium_sphagni,11265,11267,2
17908,Mycolicibacterium_sphagni,11286,11287,1
17909,Mycolicibacterium_sphagni,11312,11313,1
17910,Mycolicibacterium_sphagni,11473,11474,1
17911,Mycolicibacterium_sphagni,11505,11512,7
17912,Mycolicibacterium_sphagni,11513,11514,1
17913,Mycolicibacterium_sphagni,11520,11521,1
17914,Mycolicibacterium_sphagni,11523,11537,14
17915,Mycolicibacterium_sphagni,11782,11783,1
17916,Mycolicibacterium_sphagni,11823,11824,1
17917,Mycolicibacterium_sphagni,11826,11827,1
17918,Mycolicibacterium_sphagni,11831,11836,5
17919,Mycolicibacterium_sphagni,11846,11850,4
17920,Mycolicibacterium_sphagni,11851,11852,1
17921,Mycolicibacterium_sphagni,11859,11860,1
17922,Mycolicibacterium_sphagni,11864,11866,2
17923,Mycolicibacterium_sphagni,11877,11878,1
17924,Mycolicibacterium_sphagni,11993,11994,1
17925,Mycolicibacterium_sphagni,12029,12030,1
17926,Mycolicibacterium_sphagni,12068,12069,1
17927,Mycolicibacterium_sphagni,12196,12197,1
17928,Mycolicibacterium_sphagni,12207,12208,1
17929,Mycolicibacterium_sphagni,12211,12212,1
17930,Mycolicibacterium_sphagni,12213,12214,1
17931,Mycolicibacterium_sphagni,12218,12222,4
17932,Mycolicibacterium_sphagni,12226,12227,1
17933,Mycolicibacterium_sphagni,12237,12238,1
17934,Mycolicibacterium_sphagni,12360,12369,9
17935,Mycolicibacterium_sphagni,12371,12372,1
17936,Mycolicibacterium_sphagni,12374,12375,1
17937,Mycolicibacterium_sphagni,12378,12383,5
17938,Mycolicibacterium_sphagni,12384,12390,6
17939,Mycolicibacterium_sphagni,12391,12400,9
17940,Mycolicibacterium_sphagni,12454,12455,1
17941,Mycolicibacterium_sphagni,12739,12740,1
17942,Mycolicibacterium_sphagni,12798,12925,127
17943,Mycolicibacterium_sphagni,13451,13452,1
17944,Mycolicibacterium_sphagni,13453,13454,1
17945,Mycolicibacterium_sphagni,13508,13509,1
17946,Mycolicibacterium_vinylchloridicum,1,10,9
17947,Mycolicibacterium_vinylchloridicum,21,39,18
17948,Mycolicibacterium_vinylchloridicum,43,46,3
17949,Mycolicibacterium_vinylchloridicum,48,110,62
17950,Mycolicibacterium_vinylchloridicum,117,132,15
17951,Mycolicibacterium_vinylchloridicum,133,136,3
17952,Mycolicibacterium_vinylchloridicum,346,349,3
17953,Mycolicibacterium_vinylchloridicum,1542,1691,149
17954,Mycolicibacterium_vinylchloridicum,3317,3381,64
17955,Mycolicibacterium_vinylchloridicum,3408,3480,72
17956,Mycolicibacterium_vinylchloridicum,3485,3491,6
17957,Mycolicibacterium_vinylchloridicum,3642,3645,3
17958,Mycolicibacterium_vinylchloridicum,3650,3653,3
17959,Mycolicibacterium_vinylchloridicum,3655,3667,12
17960,Mycolicibacterium_vinylchloridicum,3782,3788,6
17961,Mycolicibacterium_vinylchloridicum,4400,4406,6
17962,Mycolicibacterium_vinylchloridicum,4407,4413,6
17963,Mycolicibacterium_vinylchloridicum,4417,4426,9
17964,Mycolicibacterium_vinylchloridicum,4432,4445,13
17965,Mycolicibacterium_vinylchloridicum,4452,4455,3
17966,Mycolicibacterium_vinylchloridicum,4456,4462,6
17967,Mycolicibacterium_vinylchloridicum,4468,4474,6
17968,Mycolicibacterium_vinylchloridicum,4475,4481,6
17969,Mycolicibacterium_vinylchloridicum,4483,4486,3
17970,Mycolicibacterium_vinylchloridicum,4540,4552,12
17971,Mycolicibacterium_vinylchloridicum,4555,4564,9
17972,Mycolicibacterium_vinylchloridicum,4567,4573,6
17973,Mycolicibacterium_vinylchloridicum,4582,4585,3
17974,Mycolicibacterium_vinylchloridicum,5163,5169,6
17975,Mycolicibacterium_vinylchloridicum,5170,5179,9
17976,Mycolicibacterium_vinylchloridicum,5181,5190,9
17977,Mycolicibacterium_vinylchloridicum,5197,5199,2
17978,Mycolicibacterium_vinylchloridicum,5201,5204,3
17979,Mycolicibacterium_vinylchloridicum,5206,5214,8
17980,Mycolicibacterium_vinylchloridicum,5218,5230,12
17981,Mycolicibacterium_vinylchloridicum,5231,5241,10
17982,Mycolicibacterium_vinylchloridicum,5247,5253,6
17983,Mycolicibacterium_vinylchloridicum,5401,5402,1
17984,Mycolicibacterium_vinylchloridicum,6015,6016,1
17985,Mycolicibacterium_vinylchloridicum,6431,6467,36
17986,Mycolicibacterium_vinylchloridicum,6470,6494,24
17987,Mycolicibacterium_vinylchloridicum,7178,7254,76
17988,Mycolicibacterium_vinylchloridicum,7260,7268,8
17989,Mycolicibacterium_vinylchloridicum,7760,7763,3
17990,Mycolicibacterium_vinylchloridicum,8452,8500,48
17991,Mycolicibacterium_vinylchloridicum,8584,8599,15
17992,Mycolicibacterium_vinylchloridicum,8600,8604,4
17993,Mycolicibacterium_vinylchloridicum,8661,8662,1
17994,Mycolicibacterium_vinylchloridicum,8703,8704,1
17995,Mycolicibacterium_vinylchloridicum,8720,8721,1
17996,Mycolicibacterium_vinylchloridicum,8733,8735,2
17997,Mycolicibacterium_vinylchloridicum,8739,8742,3
17998,Mycolicibacterium_vinylchloridicum,8930,8931,1
17999,Mycolicibacterium_vinylchloridicum,8980,8982,2
18000,Mycolicibacterium_vinylchloridicum,8984,8998,14
18001,Mycolicibacterium_vinylchloridicum,9120,9121,1
18002,Mycolicibacterium_vinylchloridicum,9370,9372,2
18003,Mycolicibacterium_vinylchloridicum,9546,9547,1
18004,Mycolicibacterium_vinylchloridicum,9812,9813,1
18005,Mycolicibacterium_vinylchloridicum,9985,9986,1
18006,Mycolicibacterium_vinylchloridicum,10076,10078,2
18007,Mycolicibacterium_vinylchloridicum,10157,10158,1
18008,Mycolicibacterium_vinylchloridicum,10261,10262,1
18009,Mycolicibacterium_vinylchloridicum,10310,10312,2
18010,Mycolicibacterium_vinylchloridicum,10313,10315,2
18011,Mycolicibacterium_vinylchloridicum,10325,10326,1
18012,Mycolicibacterium_vinylchloridicum,10370,10371,1
18013,Mycolicibacterium_vinylchloridicum,10416,10417,1
18014,Mycolicibacterium_vinylchloridicum,10434,10435,1
18015,Mycolicibacterium_vinylchloridicum,10448,10449,1
18016,Mycolicibacterium_vinylchloridicum,10461,10462,1
18017,Mycolicibacterium_vinylchloridicum,10476,10477,1
18018,Mycolicibacterium_vinylchloridicum,10491,10492,1
18019,Mycolicibacterium_vinylchloridicum,10526,10527,1
18020,Mycolicibacterium_vinylchloridicum,10545,10649,104
18021,Mycolicibacterium_vinylchloridicum,10828,10830,2
18022,Mycolicibacterium_vinylchloridicum,10835,10843,8
18023,Mycolicibacterium_vinylchloridicum,10864,10865,1
18024,Mycolicibacterium_vinylchloridicum,10914,10915,1
18025,Mycolicibacterium_vinylchloridicum,10953,10979,26
18026,Mycolicibacterium_vinylchloridicum,11085,11086,1
18027,Mycolicibacterium_vinylchloridicum,11143,11144,1
18028,Mycolicibacterium_vinylchloridicum,11243,11244,1
18029,Mycolicibacterium_vinylchloridicum,11260,11261,1
18030,Mycolicibacterium_vinylchloridicum,11265,11267,2
18031,Mycolicibacterium_vinylchloridicum,11286,11287,1
18032,Mycolicibacterium_vinylchloridicum,11312,11313,1
18033,Mycolicibacterium_vinylchloridicum,11473,11474,1
18034,Mycolicibacterium_vinylchloridicum,11505,11512,7
18035,Mycolicibacterium_vinylchloridicum,11513,11514,1
18036,Mycolicibacterium_vinylchloridicum,11520,11521,1
18037,Mycolicibacterium_vinylchloridicum,11523,11537,14
18038,Mycolicibacterium_vinylchloridicum,11566,11567,1
18039,Mycolicibacterium_vinylchloridicum,11782,11783,1
18040,Mycolicibacterium_vinylchloridicum,11823,11824,1
18041,Mycolicibacterium_vinylchloridicum,11826,11827,1
18042,Mycolicibacterium_vinylchloridicum,11831,11836,5
18043,Mycolicibacterium_vinylchloridicum,11846,11850,4
18044,Mycolicibacterium_vinylchloridicum,11851,11852,1
18045,Mycolicibacterium_vinylchloridicum,11859,11860,1
18046,Mycolicibacterium_vinylchloridicum,11864,11866,2
18047,Mycolicibacterium_vinylchloridicum,11877,11878,1
18048,Mycolicibacterium_vinylchloridicum,11993,11994,1
18049,Mycolicibacterium_vinylchloridicum,12029,12030,1
18050,Mycolicibacterium_vinylchloridicum,12068,12069,1
18051,Mycolicibacterium_vinylchloridicum,12196,12197,1
18052,Mycolicibacterium_vinylchloridicum,12207,12208,1
18053,Mycolicibacterium_vinylchloridicum,12211,12212,1
18054,Mycolicibacterium_vinylchloridicum,12213,12214,1
18055,Mycolicibacterium_vinylchloridicum,12218,12222,4
18056,Mycolicibacterium_vinylchloridicum,12226,12227,1
18057,Mycolicibacterium_vinylchloridicum,12237,12238,1
18058,Mycolicibacterium_vinylchloridicum,12360,12369,9
18059,Mycolicibacterium_vinylchloridicum,12371,12372,1
18060,Mycolicibacterium_vinylchloridicum,12374,12375,1
18061,Mycolicibacterium_vinylchloridicum,12378,12383,5
18062,Mycolicibacterium_vinylchloridicum,12384,12390,6
18063,Mycolicibacterium_vinylchloridicum,12391,12400,9
18064,Mycolicibacterium_vinylchloridicum,12454,12455,1
18065,Mycolicibacterium_vinylchloridicum,12739,12740,1
18066,Mycolicibacterium_vinylchloridicum,12798,12925,127
18067,Mycolicibacterium_vinylchloridicum,13451,13452,1
18068,Mycolicibacterium_vinylchloridicum,13453,13454,1
18069,Mycolicibacterium_vinylchloridicum,13508,13509,1
18070,Mycobacterium_kyogaense,1,10,9
18071,Mycobacterium_kyogaense,21,39,18
18072,Mycobacterium_kyogaense,43,46,3
18073,Mycobacterium_kyogaense,64,102,38
18074,Mycobacterium_kyogaense,117,132,15
18075,Mycobacterium_kyogaense,133,136,3
18076,Mycobacterium_kyogaense,346,349,3
18077,Mycobacterium_kyogaense,1542,1691,149
18078,Mycobacterium_kyogaense,3317,3361,44
18079,Mycobacterium_kyogaense,3364,3365,1
18080,Mycobacterium_kyogaense,3373,3374,1
18081,Mycobacterium_kyogaense,3408,3480,72
18082,Mycobacterium_kyogaense,3483,3492,9
18083,Mycobacterium_kyogaense,3642,3645,3
18084,Mycobacterium_kyogaense,3650,3653,3
18085,Mycobacterium_kyogaense,3655,3667,12
18086,Mycobacterium_kyogaense,3782,3788,6
18087,Mycobacterium_kyogaense,4400,4406,6
18088,Mycobacterium_kyogaense,4407,4413,6
18089,Mycobacterium_kyogaense,4417,4426,9
18090,Mycobacterium_kyogaense,4432,4445,13
18091,Mycobacterium_kyogaense,4452,4455,3
18092,Mycobacterium_kyogaense,4456,4462,6
18093,Mycobacterium_kyogaense,4468,4474,6
18094,Mycobacterium_kyogaense,4475,4481,6
18095,Mycobacterium_kyogaense,4483,4486,3
18096,Mycobacterium_kyogaense,4540,4552,12
18097,Mycobacterium_kyogaense,4555,4564,9
18098,Mycobacterium_kyogaense,4567,4573,6
18099,Mycobacterium_kyogaense,4582,4585,3
18100,Mycobacterium_kyogaense,5163,5169,6
18101,Mycobacterium_kyogaense,5170,5179,9
18102,Mycobacterium_kyogaense,5181,5190,9
18103,Mycobacterium_kyogaense,5197,5199,2
18104,Mycobacterium_kyogaense,5201,5204,3
18105,Mycobacterium_kyogaense,5206,5214,8
18106,Mycobacterium_kyogaense,5218,5230,12
18107,Mycobacterium_kyogaense,5231,5241,10
18108,Mycobacterium_kyogaense,5247,5253,6
18109,Mycobacterium_kyogaense,5401,5402,1
18110,Mycobacterium_kyogaense,6015,6016,1
18111,Mycobacterium_kyogaense,6431,6467,36
18112,Mycobacterium_kyogaense,6470,6494,24
18113,Mycobacterium_kyogaense,7178,7254,76
18114,Mycobacterium_kyogaense,7260,7268,8
18115,Mycobacterium_kyogaense,7760,7763,3
18116,Mycobacterium_kyogaense,8452,8500,48
18117,Mycobacterium_kyogaense,8577,8578,1
18118,Mycobacterium_kyogaense,8584,8599,15
18119,Mycobacterium_kyogaense,8600,8604,4
18120,Mycobacterium_kyogaense,8609,8610,1
18121,Mycobacterium_kyogaense,8661,8662,1
18122,Mycobacterium_kyogaense,8703,8704,1
18123,Mycobacterium_kyogaense,8720,8721,1
18124,Mycobacterium_kyogaense,8733,8735,2
18125,Mycobacterium_kyogaense,8739,8742,3
18126,Mycobacterium_kyogaense,8930,8931,1
18127,Mycobacterium_kyogaense,8980,8982,2
18128,Mycobacterium_kyogaense,8984,8998,14
18129,Mycobacterium_kyogaense,9120,9121,1
18130,Mycobacterium_kyogaense,9370,9372,2
18131,Mycobacterium_kyogaense,9546,9547,1
18132,Mycobacterium_kyogaense,9812,9813,1
18133,Mycobacterium_kyogaense,9985,9986,1
18134,Mycobacterium_kyogaense,10076,10078,2
18135,Mycobacterium_kyogaense,10157,10158,1
18136,Mycobacterium_kyogaense,10261,10262,1
18137,Mycobacterium_kyogaense,10310,10312,2
18138,Mycobacterium_kyogaense,10313,10315,2
18139,Mycobacterium_kyogaense,10325,10326,1
18140,Mycobacterium_kyogaense,10370,10371,1
18141,Mycobacterium_kyogaense,10416,10417,1
18142,Mycobacterium_kyogaense,10434,10435,1
18143,Mycobacterium_kyogaense,10448,10449,1
18144,Mycobacterium_kyogaense,10461,10462,1
18145,Mycobacterium_kyogaense,10476,10477,1
18146,Mycobacterium_kyogaense,10491,10492,1
18147,Mycobacterium_kyogaense,10526,10527,1
18148,Mycobacterium_kyogaense,10548,10649,101
18149,Mycobacterium_kyogaense,10828,10830,2
18150,Mycobacterium_kyogaense,10835,10836,1
18151,Mycobacterium_kyogaense,10837,10843,6
18152,Mycobacterium_kyogaense,10864,10865,1
18153,Mycobacterium_kyogaense,10914,10915,1
18154,Mycobacterium_kyogaense,10965,10966,1
18155,Mycobacterium_kyogaense,10971,10975,4
18156,Mycobacterium_kyogaense,11085,11086,1
18157,Mycobacterium_kyogaense,11143,11144,1
18158,Mycobacterium_kyogaense,11243,11244,1
18159,Mycobacterium_kyogaense,11260,11261,1
18160,Mycobacterium_kyogaense,11265,11267,2
18161,Mycobacterium_kyogaense,11286,11287,1
18162,Mycobacterium_kyogaense,11312,11313,1
18163,Mycobacterium_kyogaense,11473,11474,1
18164,Mycobacterium_kyogaense,11505,11512,7
18165,Mycobacterium_kyogaense,11513,11514,1
18166,Mycobacterium_kyogaense,11520,11521,1
18167,Mycobacterium_kyogaense,11524,11537,13
18168,Mycobacterium_kyogaense,11566,11567,1
18169,Mycobacterium_kyogaense,11782,11783,1
18170,Mycobacterium_kyogaense,11823,11824,1
18171,Mycobacterium_kyogaense,11826,11827,1
18172,Mycobacterium_kyogaense,11831,11836,5
18173,Mycobacterium_kyogaense,11846,11850,4
18174,Mycobacterium_kyogaense,11851,11852,1
18175,Mycobacterium_kyogaense,11859,11860,1
18176,Mycobacterium_kyogaense,11864,11866,2
18177,Mycobacterium_kyogaense,11877,11878,1
18178,Mycobacterium_kyogaense,11993,11994,1
18179,Mycobacterium_kyogaense,12029,12030,1
18180,Mycobacterium_kyogaense,12068,12069,1
18181,Mycobacterium_kyogaense,12207,12208,1
18182,Mycobacterium_kyogaense,12211,12212,1
18183,Mycobacterium_kyogaense,12213,12214,1
18184,Mycobacterium_kyogaense,12218,12222,4
18185,Mycobacterium_kyogaense,12226,12227,1
18186,Mycobacterium_kyogaense,12229,12230,1
18187,Mycobacterium_kyogaense,12237,12238,1
18188,Mycobacterium_kyogaense,12360,12369,9
18189,Mycobacterium_kyogaense,12371,12372,1
18190,Mycobacterium_kyogaense,12374,12375,1
18191,Mycobacterium_kyogaense,12377,12382,5
18192,Mycobacterium_kyogaense,12384,12390,6
18193,Mycobacterium_kyogaense,12391,12400,9
18194,Mycobacterium_kyogaense,12454,12455,1
18195,Mycobacterium_kyogaense,12739,12740,1
18196,Mycobacterium_kyogaense,12798,12925,127
18197,Mycobacterium_kyogaense,13451,13452,1
18198,Mycobacterium_kyogaense,13453,13454,1
18199,Mycobacterium_kyogaense,13508,13509,1
18200,Mycobacterium_montefiorense,1,10,9
18201,Mycobacterium_montefiorense,21,39,18
18202,Mycobacterium_montefiorense,43,46,3
18203,Mycobacterium_montefiorense,53,71,18
18204,Mycobacterium_montefiorense,87,107,20
18205,Mycobacterium_montefiorense,117,132,15
18206,Mycobacterium_montefiorense,133,136,3
18207,Mycobacterium_montefiorense,346,349,3
18208,Mycobacterium_montefiorense,1542,1691,149
18209,Mycobacterium_montefiorense,3317,3361,44
18210,Mycobacterium_montefiorense,3364,3365,1
18211,Mycobacterium_montefiorense,3373,3374,1
18212,Mycobacterium_montefiorense,3414,3420,6
18213,Mycobacterium_montefiorense,3422,3491,69
18214,Mycobacterium_montefiorense,3642,3645,3
18215,Mycobacterium_montefiorense,3650,3653,3
18216,Mycobacterium_montefiorense,3655,3667,12
18217,Mycobacterium_montefiorense,3782,3788,6
18218,Mycobacterium_montefiorense,4400,4406,6
18219,Mycobacterium_montefiorense,4407,4413,6
18220,Mycobacterium_montefiorense,4417,4426,9
18221,Mycobacterium_montefiorense,4432,4445,13
18222,Mycobacterium_montefiorense,4452,4455,3
18223,Mycobacterium_montefiorense,4456,4462,6
18224,Mycobacterium_montefiorense,4468,4480,12
18225,Mycobacterium_montefiorense,4483,4486,3
18226,Mycobacterium_montefiorense,4540,4552,12
18227,Mycobacterium_montefiorense,4555,4564,9
18228,Mycobacterium_montefiorense,4567,4573,6
18229,Mycobacterium_montefiorense,4581,4584,3
18230,Mycobacterium_montefiorense,5163,5169,6
18231,Mycobacterium_montefiorense,5170,5179,9
18232,Mycobacterium_montefiorense,5181,5190,9
18233,Mycobacterium_montefiorense,5197,5199,2
18234,Mycobacterium_montefiorense,5201,5204,3
18235,Mycobacterium_montefiorense,5206,5214,8
18236,Mycobacterium_montefiorense,5218,5230,12
18237,Mycobacterium_montefiorense,5231,5241,10
18238,Mycobacterium_montefiorense,5247,5253,6
18239,Mycobacterium_montefiorense,5401,5402,1
18240,Mycobacterium_montefiorense,6015,6016,1
18241,Mycobacterium_montefiorense,6428,6464,36
18242,Mycobacterium_montefiorense,6470,6494,24
18243,Mycobacterium_montefiorense,7178,7254,76
18244,Mycobacterium_montefiorense,7260,7268,8
18245,Mycobacterium_montefiorense,7760,7763,3
18246,Mycobacterium_montefiorense,8452,8500,48
18247,Mycobacterium_montefiorense,8577,8578,1
18248,Mycobacterium_montefiorense,8584,8599,15
18249,Mycobacterium_montefiorense,8601,8603,2
18250,Mycobacterium_montefiorense,8609,8610,1
18251,Mycobacterium_montefiorense,8661,8662,1
18252,Mycobacterium_montefiorense,8703,8704,1
18253,Mycobacterium_montefiorense,8720,8721,1
18254,Mycobacterium_montefiorense,8733,8735,2
18255,Mycobacterium_montefiorense,8739,8742,3
18256,Mycobacterium_montefiorense,8930,8931,1
18257,Mycobacterium_montefiorense,8980,8982,2
18258,Mycobacterium_montefiorense,8987,9001,14
18259,Mycobacterium_montefiorense,9120,9121,1
18260,Mycobacterium_montefiorense,9370,9372,2
18261,Mycobacterium_montefiorense,9546,9547,1
18262,Mycobacterium_montefiorense,9812,9813,1
18263,Mycobacterium_montefiorense,9983,9987,4
18264,Mycobacterium_montefiorense,10076,10078,2
18265,Mycobacterium_montefiorense,10157,10158,1
18266,Mycobacterium_montefiorense,10261,10262,1
18267,Mycobacterium_montefiorense,10310,10312,2
18268,Mycobacterium_montefiorense,10313,10315,2
18269,Mycobacterium_montefiorense,10325,10326,1
18270,Mycobacterium_montefiorense,10370,10371,1
18271,Mycobacterium_montefiorense,10434,10435,1
18272,Mycobacterium_montefiorense,10448,10449,1
18273,Mycobacterium_montefiorense,10476,10477,1
18274,Mycobacterium_montefiorense,10491,10492,1
18275,Mycobacterium_montefiorense,10526,10527,1
18276,Mycobacterium_montefiorense,10546,10649,103
18277,Mycobacterium_montefiorense,10828,10830,2
18278,Mycobacterium_montefiorense,10832,10846,14
18279,Mycobacterium_montefiorense,10864,10865,1
18280,Mycobacterium_montefiorense,10914,10915,1
18281,Mycobacterium_montefiorense,10958,10983,25
18282,Mycobacterium_montefiorense,11085,11086,1
18283,Mycobacterium_montefiorense,11143,11144,1
18284,Mycobacterium_montefiorense,11243,11244,1
18285,Mycobacterium_montefiorense,11260,11261,1
18286,Mycobacterium_montefiorense,11262,11263,1
18287,Mycobacterium_montefiorense,11265,11267,2
18288,Mycobacterium_montefiorense,11286,11287,1
18289,Mycobacterium_montefiorense,11312,11313,1
18290,Mycobacterium_montefiorense,11473,11474,1
18291,Mycobacterium_montefiorense,11505,11534,29
18292,Mycobacterium_montefiorense,11566,11567,1
18293,Mycobacterium_montefiorense,11590,11591,1
18294,Mycobacterium_montefiorense,11782,11783,1
18295,Mycobacterium_montefiorense,11823,11824,1
18296,Mycobacterium_montefiorense,11826,11827,1
18297,Mycobacterium_montefiorense,11831,11836,5
18298,Mycobacterium_montefiorense,11847,11852,5
18299,Mycobacterium_montefiorense,11859,11860,1
18300,Mycobacterium_montefiorense,11864,11866,2
18301,Mycobacterium_montefiorense,11877,11878,1
18302,Mycobacterium_montefiorense,11993,11995,2
18303,Mycobacterium_montefiorense,12029,12030,1
18304,Mycobacterium_montefiorense,12068,12069,1
18305,Mycobacterium_montefiorense,12207,12208,1
18306,Mycobacterium_montefiorense,12211,12212,1
18307,Mycobacterium_montefiorense,12213,12214,1
18308,Mycobacterium_montefiorense,12218,12222,4
18309,Mycobacterium_montefiorense,12225,12227,2
18310,Mycobacterium_montefiorense,12237,12238,1
18311,Mycobacterium_montefiorense,12360,12369,9
18312,Mycobacterium_montefiorense,12371,12372,1
18313,Mycobacterium_montefiorense,12374,12380,6
18314,Mycobacterium_montefiorense,12384,12390,6
18315,Mycobacterium_montefiorense,12391,12400,9
18316,Mycobacterium_montefiorense,12454,12455,1
18317,Mycobacterium_montefiorense,12738,12740,2
18318,Mycobacterium_montefiorense,12798,12925,127
18319,Mycobacterium_montefiorense,13451,13452,1
18320,Mycobacterium_montefiorense,13453,13454,1
18321,Mycobacterium_montefiorense,13508,13509,1
18322,Mycobacterium_persicum,1,10,9
18323,Mycobacterium_persicum,21,39,18
18324,Mycobacterium_persicum,43,46,3
18325,Mycobacterium_persicum,53,71,18
18326,Mycobacterium_persicum,87,107,20
18327,Mycobacterium_persicum,117,132,15
18328,Mycobacterium_persicum,133,136,3
18329,Mycobacterium_persicum,346,349,3
18330,Mycobacterium_persicum,1542,1691,149
18331,Mycobacterium_persicum,3284,3287,3
18332,Mycobacterium_persicum,3317,3381,64
18333,Mycobacterium_persicum,3418,3420,2
18334,Mycobacterium_persicum,3424,3458,34
18335,Mycobacterium_persicum,3473,3479,6
18336,Mycobacterium_persicum,3485,3491,6
18337,Mycobacterium_persicum,3642,3645,3
18338,Mycobacterium_persicum,3650,3653,3
18339,Mycobacterium_persicum,3782,3788,6
18340,Mycobacterium_persicum,4400,4406,6
18341,Mycobacterium_persicum,4407,4413,6
18342,Mycobacterium_persicum,4417,4426,9
18343,Mycobacterium_persicum,4432,4445,13
18344,Mycobacterium_persicum,4452,4455,3
18345,Mycobacterium_persicum,4456,4462,6
18346,Mycobacterium_persicum,4468,4480,12
18347,Mycobacterium_persicum,4483,4486,3
18348,Mycobacterium_persicum,4555,4564,9
18349,Mycobacterium_persicum,4567,4573,6
18350,Mycobacterium_persicum,5163,5169,6
18351,Mycobacterium_persicum,5170,5179,9
18352,Mycobacterium_persicum,5181,5190,9
18353,Mycobacterium_persicum,5197,5199,2
18354,Mycobacterium_persicum,5201,5204,3
18355,Mycobacterium_persicum,5206,5214,8
18356,Mycobacterium_persicum,5218,5230,12
18357,Mycobacterium_persicum,5231,5241,10
18358,Mycobacterium_persicum,5247,5253,6
18359,Mycobacterium_persicum,5401,5402,1
18360,Mycobacterium_persicum,6015,6016,1
18361,Mycobacterium_persicum,6431,6467,36
18362,Mycobacterium_persicum,6470,6494,24
18363,Mycobacterium_persicum,7178,7254,76
18364,Mycobacterium_persicum,7260,7268,8
18365,Mycobacterium_persicum,7760,7763,3
18366,Mycobacterium_persicum,8452,8500,48
18367,Mycobacterium_persicum,8577,8578,1
18368,Mycobacterium_persicum,8584,8599,15
18369,Mycobacterium_persicum,8600,8604,4
18370,Mycobacterium_persicum,8609,8610,1
18371,Mycobacterium_persicum,8661,8662,1
18372,Mycobacterium_persicum,8703,8704,1
18373,Mycobacterium_persicum,8720,8721,1
18374,Mycobacterium_persicum,8733,8735,2
18375,Mycobacterium_persicum,8739,8742,3
18376,Mycobacterium_persicum,8930,8931,1
18377,Mycobacterium_persicum,8980,8982,2
18378,Mycobacterium_persicum,8996,8998,2
18379,Mycobacterium_persicum,9120,9121,1
18380,Mycobacterium_persicum,9370,9372,2
18381,Mycobacterium_persicum,9546,9547,1
18382,Mycobacterium_persicum,9812,9813,1
18383,Mycobacterium_persicum,9980,9981,1
18384,Mycobacterium_persicum,9983,9986,3
18385,Mycobacterium_persicum,10076,10078,2
18386,Mycobacterium_persicum,10157,10158,1
18387,Mycobacterium_persicum,10261,10262,1
18388,Mycobacterium_persicum,10310,10312,2
18389,Mycobacterium_persicum,10313,10315,2
18390,Mycobacterium_persicum,10325,10326,1
18391,Mycobacterium_persicum,10370,10371,1
18392,Mycobacterium_persicum,10434,10435,1
18393,Mycobacterium_persicum,10448,10449,1
18394,Mycobacterium_persicum,10476,10477,1
18395,Mycobacterium_persicum,10491,10492,1
18396,Mycobacterium_persicum,10526,10527,1
18397,Mycobacterium_persicum,10546,10649,103
18398,Mycobacterium_persicum,10828,10830,2
18399,Mycobacterium_persicum,10832,10846,14
18400,Mycobacterium_persicum,10864,10865,1
18401,Mycobacterium_persicum,10914,10915,1
18402,Mycobacterium_persicum,10958,10966,8
18403,Mycobacterium_persicum,10971,10972,1
18404,Mycobacterium_persicum,11085,11086,1
18405,Mycobacterium_persicum,11143,11144,1
18406,Mycobacterium_persicum,11243,11244,1
18407,Mycobacterium_persicum,11260,11261,1
18408,Mycobacterium_persicum,11262,11263,1
18409,Mycobacterium_persicum,11265,11267,2
18410,Mycobacterium_persicum,11286,11287,1
18411,Mycobacterium_persicum,11312,11313,1
18412,Mycobacterium_persicum,11473,11474,1
18413,Mycobacterium_persicum,11505,11534,29
18414,Mycobacterium_persicum,11566,11567,1
18415,Mycobacterium_persicum,11590,11591,1
18416,Mycobacterium_persicum,11782,11783,1
18417,Mycobacterium_persicum,11823,11824,1
18418,Mycobacterium_persicum,11826,11827,1
18419,Mycobacterium_persicum,11831,11836,5
18420,Mycobacterium_persicum,11848,11850,2
18421,Mycobacterium_persicum,11851,11852,1
18422,Mycobacterium_persicum,11859,11860,1
18423,Mycobacterium_persicum,11864,11866,2
18424,Mycobacterium_persicum,11877,11878,1
18425,Mycobacterium_persicum,11991,11992,1
18426,Mycobacterium_persicum,11993,11994,1
18427,Mycobacterium_persicum,12029,12030,1
18428,Mycobacterium_persicum,12068,12069,1
18429,Mycobacterium_persicum,12207,12208,1
18430,Mycobacterium_persicum,12211,12212,1
18431,Mycobacterium_persicum,12213,12214,1
18432,Mycobacterium_persicum,12218,12222,4
18433,Mycobacterium_persicum,12225,12227,2
18434,Mycobacterium_persicum,12237,12238,1
18435,Mycobacterium_persicum,12360,12369,9
18436,Mycobacterium_persicum,12371,12380,9
18437,Mycobacterium_persicum,12384,12390,6
18438,Mycobacterium_persicum,12391,12400,9
18439,Mycobacterium_persicum,12454,12455,1
18440,Mycobacterium_persicum,12739,12740,1
18441,Mycobacterium_persicum,12798,12925,127
18442,Mycobacterium_persicum,13451,13452,1
18443,Mycobacterium_persicum,13453,13454,1
18444,Mycobacterium_persicum,13508,13509,1
18445,Mycobacterium_celatum,1,10,9
18446,Mycobacterium_celatum,21,39,18
18447,Mycobacterium_celatum,43,46,3
18448,Mycobacterium_celatum,53,71,18
18449,Mycobacterium_celatum,89,100,11
18450,Mycobacterium_celatum,117,132,15
18451,Mycobacterium_celatum,133,136,3
18452,Mycobacterium_celatum,346,349,3
18453,Mycobacterium_celatum,1542,1557,15
18454,Mycobacterium_celatum,1572,1604,32
18455,Mycobacterium_celatum,1632,1644,12
18456,Mycobacterium_celatum,3284,3287,3
18457,Mycobacterium_celatum,3317,3361,44
18458,Mycobacterium_celatum,3364,3365,1
18459,Mycobacterium_celatum,3373,3374,1
18460,Mycobacterium_celatum,3414,3477,63
18461,Mycobacterium_celatum,3485,3491,6
18462,Mycobacterium_celatum,3642,3645,3
18463,Mycobacterium_celatum,3650,3653,3
18464,Mycobacterium_celatum,3655,3667,12
18465,Mycobacterium_celatum,3782,3788,6
18466,Mycobacterium_celatum,4400,4406,6
18467,Mycobacterium_celatum,4407,4413,6
18468,Mycobacterium_celatum,4417,4426,9
18469,Mycobacterium_celatum,4432,4445,13
18470,Mycobacterium_celatum,4452,4455,3
18471,Mycobacterium_celatum,4456,4462,6
18472,Mycobacterium_celatum,4468,4480,12
18473,Mycobacterium_celatum,4483,4486,3
18474,Mycobacterium_celatum,4540,4552,12
18475,Mycobacterium_celatum,4555,4564,9
18476,Mycobacterium_celatum,4567,4573,6
18477,Mycobacterium_celatum,4581,4584,3
18478,Mycobacterium_celatum,5163,5169,6
18479,Mycobacterium_celatum,5170,5179,9
18480,Mycobacterium_celatum,5181,5190,9
18481,Mycobacterium_celatum,5197,5199,2
18482,Mycobacterium_celatum,5201,5204,3
18483,Mycobacterium_celatum,5206,5214,8
18484,Mycobacterium_celatum,5218,5230,12
18485,Mycobacterium_celatum,5231,5241,10
18486,Mycobacterium_celatum,5247,5253,6
18487,Mycobacterium_celatum,5401,5402,1
18488,Mycobacterium_celatum,6015,6016,1
18489,Mycobacterium_celatum,6431,6467,36
18490,Mycobacterium_celatum,6470,6494,24
18491,Mycobacterium_celatum,7178,7254,76
18492,Mycobacterium_celatum,7260,7268,8
18493,Mycobacterium_celatum,7760,7763,3
18494,Mycobacterium_celatum,8452,8500,48
18495,Mycobacterium_celatum,8577,8578,1
18496,Mycobacterium_celatum,8584,8599,15
18497,Mycobacterium_celatum,8609,8610,1
18498,Mycobacterium_celatum,8661,8662,1
18499,Mycobacterium_celatum,8703,8704,1
18500,Mycobacterium_celatum,8720,8721,1
18501,Mycobacterium_celatum,8733,8734,1
18502,Mycobacterium_celatum,8739,8742,3
18503,Mycobacterium_celatum,8930,8931,1
18504,Mycobacterium_celatum,8980,8982,2
18505,Mycobacterium_celatum,8996,8998,2
18506,Mycobacterium_celatum,9120,9121,1
18507,Mycobacterium_celatum,9370,9372,2
18508,Mycobacterium_celatum,9546,9547,1
18509,Mycobacterium_celatum,9812,9814,2
18510,Mycobacterium_celatum,9984,9986,2
18511,Mycobacterium_celatum,10076,10078,2
18512,Mycobacterium_celatum,10157,10158,1
18513,Mycobacterium_celatum,10261,10262,1
18514,Mycobacterium_celatum,10310,10312,2
18515,Mycobacterium_celatum,10313,10315,2
18516,Mycobacterium_celatum,10325,10326,1
18517,Mycobacterium_celatum,10370,10371,1
18518,Mycobacterium_celatum,10434,10435,1
18519,Mycobacterium_celatum,10448,10449,1
18520,Mycobacterium_celatum,10476,10477,1
18521,Mycobacterium_celatum,10491,10492,1
18522,Mycobacterium_celatum,10526,10527,1
18523,Mycobacterium_celatum,10546,10649,103
18524,Mycobacterium_celatum,10828,10830,2
18525,Mycobacterium_celatum,10835,10843,8
18526,Mycobacterium_celatum,10864,10865,1
18527,Mycobacterium_celatum,10959,10961,2
18528,Mycobacterium_celatum,10965,10966,1
18529,Mycobacterium_celatum,11085,11086,1
18530,Mycobacterium_celatum,11143,11144,1
18531,Mycobacterium_celatum,11243,11244,1
18532,Mycobacterium_celatum,11259,11261,2
18533,Mycobacterium_celatum,11265,11267,2
18534,Mycobacterium_celatum,11286,11287,1
18535,Mycobacterium_celatum,11312,11313,1
18536,Mycobacterium_celatum,11473,11474,1
18537,Mycobacterium_celatum,11505,11512,7
18538,Mycobacterium_celatum,11513,11514,1
18539,Mycobacterium_celatum,11520,11521,1
18540,Mycobacterium_celatum,11524,11534,10
18541,Mycobacterium_celatum,11566,11567,1
18542,Mycobacterium_celatum,11782,11783,1
18543,Mycobacterium_celatum,11823,11824,1
18544,Mycobacterium_celatum,11831,11836,5
18545,Mycobacterium_celatum,11847,11850,3
18546,Mycobacterium_celatum,11851,11852,1
18547,Mycobacterium_celatum,11859,11860,1
18548,Mycobacterium_celatum,11864,11866,2
18549,Mycobacterium_celatum,11877,11878,1
18550,Mycobacterium_celatum,12029,12030,1
18551,Mycobacterium_celatum,12068,12069,1
18552,Mycobacterium_celatum,12207,12208,1
18553,Mycobacterium_celatum,12211,12212,1
18554,Mycobacterium_celatum,12213,12214,1
18555,Mycobacterium_celatum,12218,12222,4
18556,Mycobacterium_celatum,12226,12227,1
18557,Mycobacterium_celatum,12229,12230,1
18558,Mycobacterium_celatum,12237,12238,1
18559,Mycobacterium_celatum,12360,12369,9
18560,Mycobacterium_celatum,12371,12380,9
18561,Mycobacterium_celatum,12391,12400,9
18562,Mycobacterium_celatum,12454,12455,1
18563,Mycobacterium_celatum,12739,12740,1
18564,Mycobacterium_celatum,12798,12925,127
18565,Mycobacterium_celatum,13451,13452,1
18566,Mycobacterium_celatum,13453,13454,1
18567,Mycobacterium_celatum,13508,13509,1
18568,Mycolicibacterium_elephantis,1,10,9
18569,Mycolicibacterium_elephantis,21,39,18
18570,Mycolicibacterium_elephantis,43,46,3
18571,Mycolicibacterium_elephantis,57,72,15
18572,Mycolicibacterium_elephantis,84,107,23
18573,Mycolicibacterium_elephantis,117,132,15
18574,Mycolicibacterium_elephantis,133,136,3
18575,Mycolicibacterium_elephantis,346,349,3
18576,Mycolicibacterium_elephantis,1542,1545,3
18577,Mycolicibacterium_elephantis,1579,1620,41
18578,Mycolicibacterium_elephantis,1632,1650,18
18579,Mycolicibacterium_elephantis,1664,1676,12
18580,Mycolicibacterium_elephantis,3317,3361,44
18581,Mycolicibacterium_elephantis,3364,3365,1
18582,Mycolicibacterium_elephantis,3373,3374,1
18583,Mycolicibacterium_elephantis,3409,3421,12
18584,Mycolicibacterium_elephantis,3424,3478,54
18585,Mycolicibacterium_elephantis,3485,3491,6
18586,Mycolicibacterium_elephantis,3642,3645,3
18587,Mycolicibacterium_elephantis,3650,3653,3
18588,Mycolicibacterium_elephantis,3655,3667,12
18589,Mycolicibacterium_elephantis,3782,3788,6
18590,Mycolicibacterium_elephantis,4400,4406,6
18591,Mycolicibacterium_elephantis,4407,4413,6
18592,Mycolicibacterium_elephantis,4417,4426,9
18593,Mycolicibacterium_elephantis,4432,4445,13
18594,Mycolicibacterium_elephantis,4452,4455,3
18595,Mycolicibacterium_elephantis,4456,4462,6
18596,Mycolicibacterium_elephantis,4468,4474,6
18597,Mycolicibacterium_elephantis,4475,4481,6
18598,Mycolicibacterium_elephantis,4483,4486,3
18599,Mycolicibacterium_elephantis,4540,4552,12
18600,Mycolicibacterium_elephantis,4555,4564,9
18601,Mycolicibacterium_elephantis,4567,4573,6
18602,Mycolicibacterium_elephantis,4582,4585,3
18603,Mycolicibacterium_elephantis,5163,5169,6
18604,Mycolicibacterium_elephantis,5170,5179,9
18605,Mycolicibacterium_elephantis,5181,5190,9
18606,Mycolicibacterium_elephantis,5197,5199,2
18607,Mycolicibacterium_elephantis,5201,5204,3
18608,Mycolicibacterium_elephantis,5206,5214,8
18609,Mycolicibacterium_elephantis,5218,5230,12
18610,Mycolicibacterium_elephantis,5231,5241,10
18611,Mycolicibacterium_elephantis,5247,5253,6
18612,Mycolicibacterium_elephantis,5401,5402,1
18613,Mycolicibacterium_elephantis,6015,6016,1
18614,Mycolicibacterium_elephantis,6431,6467,36
18615,Mycolicibacterium_elephantis,6470,6494,24
18616,Mycolicibacterium_elephantis,7178,7254,76
18617,Mycolicibacterium_elephantis,7260,7268,8
18618,Mycolicibacterium_elephantis,7760,7763,3
18619,Mycolicibacterium_elephantis,8452,8500,48
18620,Mycolicibacterium_elephantis,8577,8578,1
18621,Mycolicibacterium_elephantis,8584,8599,15
18622,Mycolicibacterium_elephantis,8601,8603,2
18623,Mycolicibacterium_elephantis,8609,8610,1
18624,Mycolicibacterium_elephantis,8661,8662,1
18625,Mycolicibacterium_elephantis,8733,8735,2
18626,Mycolicibacterium_elephantis,8739,8742,3
18627,Mycolicibacterium_elephantis,8930,8931,1
18628,Mycolicibacterium_elephantis,8980,8982,2
18629,Mycolicibacterium_elephantis,8984,8998,14
18630,Mycolicibacterium_elephantis,9120,9121,1
18631,Mycolicibacterium_elephantis,9370,9372,2
18632,Mycolicibacterium_elephantis,9546,9547,1
18633,Mycolicibacterium_elephantis,9812,9813,1
18634,Mycolicibacterium_elephantis,9977,9978,1
18635,Mycolicibacterium_elephantis,9985,9986,1
18636,Mycolicibacterium_elephantis,10076,10078,2
18637,Mycolicibacterium_elephantis,10157,10158,1
18638,Mycolicibacterium_elephantis,10261,10262,1
18639,Mycolicibacterium_elephantis,10310,10312,2
18640,Mycolicibacterium_elephantis,10313,10315,2
18641,Mycolicibacterium_elephantis,10325,10326,1
18642,Mycolicibacterium_elephantis,10370,10371,1
18643,Mycolicibacterium_elephantis,10434,10435,1
18644,Mycolicibacterium_elephantis,10448,10449,1
18645,Mycolicibacterium_elephantis,10461,10462,1
18646,Mycolicibacterium_elephantis,10476,10477,1
18647,Mycolicibacterium_elephantis,10491,10492,1
18648,Mycolicibacterium_elephantis,10526,10527,1
18649,Mycolicibacterium_elephantis,10548,10649,101
18650,Mycolicibacterium_elephantis,10828,10830,2
18651,Mycolicibacterium_elephantis,10834,10846,12
18652,Mycolicibacterium_elephantis,10864,10865,1
18653,Mycolicibacterium_elephantis,10914,10915,1
18654,Mycolicibacterium_elephantis,10965,10966,1
18655,Mycolicibacterium_elephantis,10971,10975,4
18656,Mycolicibacterium_elephantis,11085,11086,1
18657,Mycolicibacterium_elephantis,11143,11144,1
18658,Mycolicibacterium_elephantis,11243,11244,1
18659,Mycolicibacterium_elephantis,11260,11261,1
18660,Mycolicibacterium_elephantis,11266,11267,1
18661,Mycolicibacterium_elephantis,11286,11287,1
18662,Mycolicibacterium_elephantis,11312,11313,1
18663,Mycolicibacterium_elephantis,11473,11474,1
18664,Mycolicibacterium_elephantis,11505,11512,7
18665,Mycolicibacterium_elephantis,11513,11514,1
18666,Mycolicibacterium_elephantis,11520,11521,1
18667,Mycolicibacterium_elephantis,11530,11534,4
18668,Mycolicibacterium_elephantis,11566,11567,1
18669,Mycolicibacterium_elephantis,11782,11783,1
18670,Mycolicibacterium_elephantis,11823,11824,1
18671,Mycolicibacterium_elephantis,11831,11836,5
18672,Mycolicibacterium_elephantis,11851,11852,1
18673,Mycolicibacterium_elephantis,11859,11865,6
18674,Mycolicibacterium_elephantis,11877,11878,1
18675,Mycolicibacterium_elephantis,11993,11995,2
18676,Mycolicibacterium_elephantis,12029,12030,1
18677,Mycolicibacterium_elephantis,12068,12069,1
18678,Mycolicibacterium_elephantis,12207,12208,1
18679,Mycolicibacterium_elephantis,12211,12212,1
18680,Mycolicibacterium_elephantis,12213,12214,1
18681,Mycolicibacterium_elephantis,12218,12222,4
18682,Mycolicibacterium_elephantis,12226,12227,1
18683,Mycolicibacterium_elephantis,12229,12230,1
18684,Mycolicibacterium_elephantis,12237,12238,1
18685,Mycolicibacterium_elephantis,12360,12369,9
18686,Mycolicibacterium_elephantis,12371,12372,1
18687,Mycolicibacterium_elephantis,12374,12375,1
18688,Mycolicibacterium_elephantis,12379,12380,1
18689,Mycolicibacterium_elephantis,12384,12390,6
18690,Mycolicibacterium_elephantis,12391,12400,9
18691,Mycolicibacterium_elephantis,12454,12455,1
18692,Mycolicibacterium_elephantis,12739,12740,1
18693,Mycolicibacterium_elephantis,12798,12925,127
18694,Mycolicibacterium_elephantis,13451,13452,1
18695,Mycolicibacterium_elephantis,13453,13454,1
18696,Mycolicibacterium_elephantis,13508,13509,1
18697,Mycolicibacterium_stellerae,1,10,9
18698,Mycolicibacterium_stellerae,21,39,18
18699,Mycolicibacterium_stellerae,43,46,3
18700,Mycolicibacterium_stellerae,57,72,15
18701,Mycolicibacterium_stellerae,84,107,23
18702,Mycolicibacterium_stellerae,117,132,15
18703,Mycolicibacterium_stellerae,133,136,3
18704,Mycolicibacterium_stellerae,346,349,3
18705,Mycolicibacterium_stellerae,1542,1545,3
18706,Mycolicibacterium_stellerae,1587,1604,17
18707,Mycolicibacterium_stellerae,1632,1650,18
18708,Mycolicibacterium_stellerae,1664,1676,12
18709,Mycolicibacterium_stellerae,3317,3361,44
18710,Mycolicibacterium_stellerae,3364,3365,1
18711,Mycolicibacterium_stellerae,3373,3374,1
18712,Mycolicibacterium_stellerae,3409,3478,69
18713,Mycolicibacterium_stellerae,3485,3491,6
18714,Mycolicibacterium_stellerae,3642,3645,3
18715,Mycolicibacterium_stellerae,3650,3653,3
18716,Mycolicibacterium_stellerae,3655,3667,12
18717,Mycolicibacterium_stellerae,3782,3788,6
18718,Mycolicibacterium_stellerae,4400,4406,6
18719,Mycolicibacterium_stellerae,4407,4413,6
18720,Mycolicibacterium_stellerae,4417,4426,9
18721,Mycolicibacterium_stellerae,4432,4445,13
18722,Mycolicibacterium_stellerae,4452,4455,3
18723,Mycolicibacterium_stellerae,4456,4462,6
18724,Mycolicibacterium_stellerae,4468,4474,6
18725,Mycolicibacterium_stellerae,4475,4481,6
18726,Mycolicibacterium_stellerae,4483,4486,3
18727,Mycolicibacterium_stellerae,4540,4552,12
18728,Mycolicibacterium_stellerae,4555,4564,9
18729,Mycolicibacterium_stellerae,4567,4573,6
18730,Mycolicibacterium_stellerae,4582,4585,3
18731,Mycolicibacterium_stellerae,5163,5169,6
18732,Mycolicibacterium_stellerae,5170,5179,9
18733,Mycolicibacterium_stellerae,5181,5190,9
18734,Mycolicibacterium_stellerae,5197,5199,2
18735,Mycolicibacterium_stellerae,5201,5204,3
18736,Mycolicibacterium_stellerae,5206,5214,8
18737,Mycolicibacterium_stellerae,5218,5230,12
18738,Mycolicibacterium_stellerae,5231,5241,10
18739,Mycolicibacterium_stellerae,5247,5253,6
18740,Mycolicibacterium_stellerae,5401,5402,1
18741,Mycolicibacterium_stellerae,6015,6016,1
18742,Mycolicibacterium_stellerae,6431,6467,36
18743,Mycolicibacterium_stellerae,6470,6494,24
18744,Mycolicibacterium_stellerae,7178,7254,76
18745,Mycolicibacterium_stellerae,7260,7268,8
18746,Mycolicibacterium_stellerae,7760,7763,3
18747,Mycolicibacterium_stellerae,8452,8500,48
18748,Mycolicibacterium_stellerae,8577,8578,1
18749,Mycolicibacterium_stellerae,8584,8599,15
18750,Mycolicibacterium_stellerae,8601,8603,2
18751,Mycolicibacterium_stellerae,8609,8610,1
18752,Mycolicibacterium_stellerae,8661,8662,1
18753,Mycolicibacterium_stellerae,8733,8735,2
18754,Mycolicibacterium_stellerae,8739,8742,3
18755,Mycolicibacterium_stellerae,8930,8931,1
18756,Mycolicibacterium_stellerae,8980,8982,2
18757,Mycolicibacterium_stellerae,8984,8998,14
18758,Mycolicibacterium_stellerae,9120,9121,1
18759,Mycolicibacterium_stellerae,9370,9372,2
18760,Mycolicibacterium_stellerae,9546,9547,1
18761,Mycolicibacterium_stellerae,9984,9986,2
18762,Mycolicibacterium_stellerae,10076,10078,2
18763,Mycolicibacterium_stellerae,10157,10158,1
18764,Mycolicibacterium_stellerae,10261,10262,1
18765,Mycolicibacterium_stellerae,10310,10312,2
18766,Mycolicibacterium_stellerae,10313,10315,2
18767,Mycolicibacterium_stellerae,10325,10326,1
18768,Mycolicibacterium_stellerae,10370,10371,1
18769,Mycolicibacterium_stellerae,10416,10417,1
18770,Mycolicibacterium_stellerae,10434,10435,1
18771,Mycolicibacterium_stellerae,10448,10449,1
18772,Mycolicibacterium_stellerae,10461,10462,1
18773,Mycolicibacterium_stellerae,10476,10477,1
18774,Mycolicibacterium_stellerae,10491,10492,1
18775,Mycolicibacterium_stellerae,10526,10527,1
18776,Mycolicibacterium_stellerae,10548,10649,101
18777,Mycolicibacterium_stellerae,10828,10830,2
18778,Mycolicibacterium_stellerae,10835,10836,1
18779,Mycolicibacterium_stellerae,10837,10843,6
18780,Mycolicibacterium_stellerae,10864,10865,1
18781,Mycolicibacterium_stellerae,10959,10966,7
18782,Mycolicibacterium_stellerae,10971,10975,4
18783,Mycolicibacterium_stellerae,11085,11086,1
18784,Mycolicibacterium_stellerae,11143,11144,1
18785,Mycolicibacterium_stellerae,11243,11244,1
18786,Mycolicibacterium_stellerae,11260,11261,1
18787,Mycolicibacterium_stellerae,11266,11267,1
18788,Mycolicibacterium_stellerae,11286,11287,1
18789,Mycolicibacterium_stellerae,11312,11313,1
18790,Mycolicibacterium_stellerae,11473,11474,1
18791,Mycolicibacterium_stellerae,11505,11512,7
18792,Mycolicibacterium_stellerae,11513,11514,1
18793,Mycolicibacterium_stellerae,11520,11521,1
18794,Mycolicibacterium_stellerae,11524,11539,15
18795,Mycolicibacterium_stellerae,11566,11567,1
18796,Mycolicibacterium_stellerae,11782,11783,1
18797,Mycolicibacterium_stellerae,11823,11824,1
18798,Mycolicibacterium_stellerae,11826,11827,1
18799,Mycolicibacterium_stellerae,11831,11835,4
18800,Mycolicibacterium_stellerae,11847,11850,3
18801,Mycolicibacterium_stellerae,11851,11852,1
18802,Mycolicibacterium_stellerae,11859,11860,1
18803,Mycolicibacterium_stellerae,11864,11866,2
18804,Mycolicibacterium_stellerae,11877,11878,1
18805,Mycolicibacterium_stellerae,11993,11994,1
18806,Mycolicibacterium_stellerae,12029,12030,1
18807,Mycolicibacterium_stellerae,12068,12069,1
18808,Mycolicibacterium_stellerae,12196,12197,1
18809,Mycolicibacterium_stellerae,12207,12208,1
18810,Mycolicibacterium_stellerae,12211,12212,1
18811,Mycolicibacterium_stellerae,12213,12214,1
18812,Mycolicibacterium_stellerae,12218,12222,4
18813,Mycolicibacterium_stellerae,12226,12227,1
18814,Mycolicibacterium_stellerae,12237,12238,1
18815,Mycolicibacterium_stellerae,12360,12369,9
18816,Mycolicibacterium_stellerae,12371,12372,1
18817,Mycolicibacterium_stellerae,12374,12375,1
18818,Mycolicibacterium_stellerae,12379,12380,1
18819,Mycolicibacterium_stellerae,12384,12390,6
18820,Mycolicibacterium_stellerae,12391,12400,9
18821,Mycolicibacterium_stellerae,12454,12455,1
18822,Mycolicibacterium_stellerae,12739,12740,1
18823,Mycolicibacterium_stellerae,12798,12925,127
18824,Mycolicibacterium_stellerae,13451,13452,1
18825,Mycolicibacterium_stellerae,13453,13454,1
18826,Mycolicibacterium_stellerae,13508,13509,1
18827,Mycolicibacterium_stellerae,13523,13524,1
18828,Mycobacterium_tilburgii,1,10,9
18829,Mycobacterium_tilburgii,21,39,18
18830,Mycobacterium_tilburgii,43,46,3
18831,Mycobacterium_tilburgii,53,71,18
18832,Mycobacterium_tilburgii,87,107,20
18833,Mycobacterium_tilburgii,117,132,15
18834,Mycobacterium_tilburgii,133,136,3
18835,Mycobacterium_tilburgii,346,349,3
18836,Mycobacterium_tilburgii,1542,1691,149
18837,Mycobacterium_tilburgii,3317,3361,44
18838,Mycobacterium_tilburgii,3364,3365,1
18839,Mycobacterium_tilburgii,3373,3374,1
18840,Mycobacterium_tilburgii,3414,3420,6
18841,Mycobacterium_tilburgii,3422,3482,60
18842,Mycobacterium_tilburgii,3485,3491,6
18843,Mycobacterium_tilburgii,3642,3645,3
18844,Mycobacterium_tilburgii,3650,3653,3
18845,Mycobacterium_tilburgii,3655,3667,12
18846,Mycobacterium_tilburgii,3782,3788,6
18847,Mycobacterium_tilburgii,4400,4406,6
18848,Mycobacterium_tilburgii,4407,4413,6
18849,Mycobacterium_tilburgii,4417,4426,9
18850,Mycobacterium_tilburgii,4432,4445,13
18851,Mycobacterium_tilburgii,4452,4455,3
18852,Mycobacterium_tilburgii,4456,4462,6
18853,Mycobacterium_tilburgii,4468,4480,12
18854,Mycobacterium_tilburgii,4483,4486,3
18855,Mycobacterium_tilburgii,4540,4552,12
18856,Mycobacterium_tilburgii,4555,4564,9
18857,Mycobacterium_tilburgii,4567,4573,6
18858,Mycobacterium_tilburgii,4581,4584,3
18859,Mycobacterium_tilburgii,5163,5169,6
18860,Mycobacterium_tilburgii,5170,5179,9
18861,Mycobacterium_tilburgii,5181,5190,9
18862,Mycobacterium_tilburgii,5197,5199,2
18863,Mycobacterium_tilburgii,5201,5204,3
18864,Mycobacterium_tilburgii,5206,5214,8
18865,Mycobacterium_tilburgii,5218,5230,12
18866,Mycobacterium_tilburgii,5231,5241,10
18867,Mycobacterium_tilburgii,5247,5253,6
18868,Mycobacterium_tilburgii,5401,5402,1
18869,Mycobacterium_tilburgii,6015,6016,1
18870,Mycobacterium_tilburgii,6428,6464,36
18871,Mycobacterium_tilburgii,6470,6494,24
18872,Mycobacterium_tilburgii,7178,7254,76
18873,Mycobacterium_tilburgii,7260,7268,8
18874,Mycobacterium_tilburgii,7760,7763,3
18875,Mycobacterium_tilburgii,8452,8500,48
18876,Mycobacterium_tilburgii,8577,8578,1
18877,Mycobacterium_tilburgii,8584,8599,15
18878,Mycobacterium_tilburgii,8601,8603,2
18879,Mycobacterium_tilburgii,8609,8610,1
18880,Mycobacterium_tilburgii,8661,8662,1
18881,Mycobacterium_tilburgii,8703,8704,1
18882,Mycobacterium_tilburgii,8720,8721,1
18883,Mycobacterium_tilburgii,8733,8735,2
18884,Mycobacterium_tilburgii,8739,8742,3
18885,Mycobacterium_tilburgii,8930,8931,1
18886,Mycobacterium_tilburgii,8980,8982,2
18887,Mycobacterium_tilburgii,8987,9001,14
18888,Mycobacterium_tilburgii,9120,9121,1
18889,Mycobacterium_tilburgii,9370,9372,2
18890,Mycobacterium_tilburgii,9812,9814,2
18891,Mycobacterium_tilburgii,9983,9987,4
18892,Mycobacterium_tilburgii,10076,10078,2
18893,Mycobacterium_tilburgii,10157,10158,1
18894,Mycobacterium_tilburgii,10261,10262,1
18895,Mycobacterium_tilburgii,10310,10312,2
18896,Mycobacterium_tilburgii,10313,10315,2
18897,Mycobacterium_tilburgii,10325,10326,1
18898,Mycobacterium_tilburgii,10370,10371,1
18899,Mycobacterium_tilburgii,10434,10435,1
18900,Mycobacterium_tilburgii,10448,10449,1
18901,Mycobacterium_tilburgii,10476,10477,1
18902,Mycobacterium_tilburgii,10491,10492,1
18903,Mycobacterium_tilburgii,10526,10527,1
18904,Mycobacterium_tilburgii,10546,10649,103
18905,Mycobacterium_tilburgii,10828,10830,2
18906,Mycobacterium_tilburgii,10832,10846,14
18907,Mycobacterium_tilburgii,10864,10865,1
18908,Mycobacterium_tilburgii,10914,10915,1
18909,Mycobacterium_tilburgii,10958,10983,25
18910,Mycobacterium_tilburgii,11085,11086,1
18911,Mycobacterium_tilburgii,11143,11144,1
18912,Mycobacterium_tilburgii,11243,11244,1
18913,Mycobacterium_tilburgii,11260,11261,1
18914,Mycobacterium_tilburgii,11262,11263,1
18915,Mycobacterium_tilburgii,11265,11267,2
18916,Mycobacterium_tilburgii,11286,11287,1
18917,Mycobacterium_tilburgii,11312,11313,1
18918,Mycobacterium_tilburgii,11473,11474,1
18919,Mycobacterium_tilburgii,11505,11534,29
18920,Mycobacterium_tilburgii,11566,11567,1
18921,Mycobacterium_tilburgii,11590,11591,1
18922,Mycobacterium_tilburgii,11782,11783,1
18923,Mycobacterium_tilburgii,11823,11824,1
18924,Mycobacterium_tilburgii,11826,11827,1
18925,Mycobacterium_tilburgii,11831,11836,5
18926,Mycobacterium_tilburgii,11847,11852,5
18927,Mycobacterium_tilburgii,11859,11860,1
18928,Mycobacterium_tilburgii,11864,11866,2
18929,Mycobacterium_tilburgii,11877,11878,1
18930,Mycobacterium_tilburgii,11993,11995,2
18931,Mycobacterium_tilburgii,12068,12069,1
18932,Mycobacterium_tilburgii,12207,12208,1
18933,Mycobacterium_tilburgii,12211,12212,1
18934,Mycobacterium_tilburgii,12213,12214,1
18935,Mycobacterium_tilburgii,12218,12222,4
18936,Mycobacterium_tilburgii,12225,12227,2
18937,Mycobacterium_tilburgii,12237,12238,1
18938,Mycobacterium_tilburgii,12360,12369,9
18939,Mycobacterium_tilburgii,12371,12372,1
18940,Mycobacterium_tilburgii,12374,12380,6
18941,Mycobacterium_tilburgii,12384,12390,6
18942,Mycobacterium_tilburgii,12391,12400,9
18943,Mycobacterium_tilburgii,12454,12455,1
18944,Mycobacterium_tilburgii,12738,12740,2
18945,Mycobacterium_tilburgii,12798,12925,127
18946,Mycobacterium_tilburgii,13451,13452,1
18947,Mycobacterium_tilburgii,13508,13509,1
18948,Mycobacterium_parascrofulaceum,1,10,9
18949,Mycobacterium_parascrofulaceum,21,39,18
18950,Mycobacterium_parascrofulaceum,43,46,3
18951,Mycobacterium_parascrofulaceum,62,71,9
18952,Mycobacterium_parascrofulaceum,87,107,20
18953,Mycobacterium_parascrofulaceum,117,132,15
18954,Mycobacterium_parascrofulaceum,133,136,3
18955,Mycobacterium_parascrofulaceum,346,349,3
18956,Mycobacterium_parascrofulaceum,1542,1583,41
18957,Mycobacterium_parascrofulaceum,1587,1676,89
18958,Mycobacterium_parascrofulaceum,1678,1691,13
18959,Mycobacterium_parascrofulaceum,3317,3381,64
18960,Mycobacterium_parascrofulaceum,3414,3420,6
18961,Mycobacterium_parascrofulaceum,3424,3460,36
18962,Mycobacterium_parascrofulaceum,3476,3479,3
18963,Mycobacterium_parascrofulaceum,3485,3491,6
18964,Mycobacterium_parascrofulaceum,3642,3645,3
18965,Mycobacterium_parascrofulaceum,3650,3653,3
18966,Mycobacterium_parascrofulaceum,3655,3667,12
18967,Mycobacterium_parascrofulaceum,3782,3788,6
18968,Mycobacterium_parascrofulaceum,4400,4406,6
18969,Mycobacterium_parascrofulaceum,4407,4413,6
18970,Mycobacterium_parascrofulaceum,4417,4426,9
18971,Mycobacterium_parascrofulaceum,4432,4445,13
18972,Mycobacterium_parascrofulaceum,4452,4455,3
18973,Mycobacterium_parascrofulaceum,4456,4462,6
18974,Mycobacterium_parascrofulaceum,4468,4480,12
18975,Mycobacterium_parascrofulaceum,4483,4486,3
18976,Mycobacterium_parascrofulaceum,4555,4564,9
18977,Mycobacterium_parascrofulaceum,4567,4573,6
18978,Mycobacterium_parascrofulaceum,5163,5169,6
18979,Mycobacterium_parascrofulaceum,5170,5179,9
18980,Mycobacterium_parascrofulaceum,5181,5190,9
18981,Mycobacterium_parascrofulaceum,5197,5199,2
18982,Mycobacterium_parascrofulaceum,5201,5204,3
18983,Mycobacterium_parascrofulaceum,5206,5214,8
18984,Mycobacterium_parascrofulaceum,5218,5230,12
18985,Mycobacterium_parascrofulaceum,5231,5241,10
18986,Mycobacterium_parascrofulaceum,5247,5253,6
18987,Mycobacterium_parascrofulaceum,5401,5402,1
18988,Mycobacterium_parascrofulaceum,6015,6016,1
18989,Mycobacterium_parascrofulaceum,6428,6464,36
18990,Mycobacterium_parascrofulaceum,6470,6494,24
18991,Mycobacterium_parascrofulaceum,7178,7254,76
18992,Mycobacterium_parascrofulaceum,7260,7268,8
18993,Mycobacterium_parascrofulaceum,7760,7763,3
18994,Mycobacterium_parascrofulaceum,8452,8500,48
18995,Mycobacterium_parascrofulaceum,8577,8578,1
18996,Mycobacterium_parascrofulaceum,8584,8599,15
18997,Mycobacterium_parascrofulaceum,8601,8603,2
18998,Mycobacterium_parascrofulaceum,8609,8610,1
18999,Mycobacterium_parascrofulaceum,8661,8662,1
19000,Mycobacterium_parascrofulaceum,8703,8704,1
19001,Mycobacterium_parascrofulaceum,8720,8721,1
19002,Mycobacterium_parascrofulaceum,8733,8735,2
19003,Mycobacterium_parascrofulaceum,8739,8742,3
19004,Mycobacterium_parascrofulaceum,8930,8931,1
19005,Mycobacterium_parascrofulaceum,8980,8982,2
19006,Mycobacterium_parascrofulaceum,8987,9001,14
19007,Mycobacterium_parascrofulaceum,9120,9121,1
19008,Mycobacterium_parascrofulaceum,9370,9372,2
19009,Mycobacterium_parascrofulaceum,9546,9547,1
19010,Mycobacterium_parascrofulaceum,9812,9813,1
19011,Mycobacterium_parascrofulaceum,9982,9986,4
19012,Mycobacterium_parascrofulaceum,10076,10078,2
19013,Mycobacterium_parascrofulaceum,10157,10158,1
19014,Mycobacterium_parascrofulaceum,10261,10262,1
19015,Mycobacterium_parascrofulaceum,10310,10312,2
19016,Mycobacterium_parascrofulaceum,10313,10315,2
19017,Mycobacterium_parascrofulaceum,10325,10326,1
19018,Mycobacterium_parascrofulaceum,10352,10353,1
19019,Mycobacterium_parascrofulaceum,10370,10371,1
19020,Mycobacterium_parascrofulaceum,10434,10435,1
19021,Mycobacterium_parascrofulaceum,10448,10449,1
19022,Mycobacterium_parascrofulaceum,10476,10477,1
19023,Mycobacterium_parascrofulaceum,10491,10492,1
19024,Mycobacterium_parascrofulaceum,10526,10527,1
19025,Mycobacterium_parascrofulaceum,10546,10649,103
19026,Mycobacterium_parascrofulaceum,10828,10830,2
19027,Mycobacterium_parascrofulaceum,10832,10846,14
19028,Mycobacterium_parascrofulaceum,10864,10865,1
19029,Mycobacterium_parascrofulaceum,10914,10915,1
19030,Mycobacterium_parascrofulaceum,10965,10977,12
19031,Mycobacterium_parascrofulaceum,11085,11086,1
19032,Mycobacterium_parascrofulaceum,11143,11144,1
19033,Mycobacterium_parascrofulaceum,11243,11244,1
19034,Mycobacterium_parascrofulaceum,11260,11261,1
19035,Mycobacterium_parascrofulaceum,11262,11263,1
19036,Mycobacterium_parascrofulaceum,11265,11267,2
19037,Mycobacterium_parascrofulaceum,11286,11287,1
19038,Mycobacterium_parascrofulaceum,11312,11313,1
19039,Mycobacterium_parascrofulaceum,11473,11474,1
19040,Mycobacterium_parascrofulaceum,11505,11534,29
19041,Mycobacterium_parascrofulaceum,11566,11567,1
19042,Mycobacterium_parascrofulaceum,11590,11591,1
19043,Mycobacterium_parascrofulaceum,11782,11783,1
19044,Mycobacterium_parascrofulaceum,11823,11824,1
19045,Mycobacterium_parascrofulaceum,11826,11827,1
19046,Mycobacterium_parascrofulaceum,11831,11836,5
19047,Mycobacterium_parascrofulaceum,11848,11850,2
19048,Mycobacterium_parascrofulaceum,11851,11852,1
19049,Mycobacterium_parascrofulaceum,11859,11860,1
19050,Mycobacterium_parascrofulaceum,11864,11866,2
19051,Mycobacterium_parascrofulaceum,11877,11878,1
19052,Mycobacterium_parascrofulaceum,11993,11994,1
19053,Mycobacterium_parascrofulaceum,12029,12030,1
19054,Mycobacterium_parascrofulaceum,12068,12069,1
19055,Mycobacterium_parascrofulaceum,12207,12208,1
19056,Mycobacterium_parascrofulaceum,12211,12212,1
19057,Mycobacterium_parascrofulaceum,12213,12214,1
19058,Mycobacterium_parascrofulaceum,12218,12222,4
19059,Mycobacterium_parascrofulaceum,12225,12227,2
19060,Mycobacterium_parascrofulaceum,12237,12238,1
19061,Mycobacterium_parascrofulaceum,12360,12369,9
19062,Mycobacterium_parascrofulaceum,12371,12380,9
19063,Mycobacterium_parascrofulaceum,12384,12390,6
19064,Mycobacterium_parascrofulaceum,12391,12400,9
19065,Mycobacterium_parascrofulaceum,12454,12455,1
19066,Mycobacterium_parascrofulaceum,12738,12740,2
19067,Mycobacterium_parascrofulaceum,12798,12925,127
19068,Mycobacterium_parascrofulaceum,13451,13452,1
19069,Mycobacterium_parascrofulaceum,13453,13454,1
19070,Mycobacterium_parascrofulaceum,13508,13509,1
19071,Mycobacterium_terramassiliense,1,10,9
19072,Mycobacterium_terramassiliense,21,39,18
19073,Mycobacterium_terramassiliense,43,46,3
19074,Mycobacterium_terramassiliense,62,71,9
19075,Mycobacterium_terramassiliense,87,107,20
19076,Mycobacterium_terramassiliense,117,132,15
19077,Mycobacterium_terramassiliense,133,136,3
19078,Mycobacterium_terramassiliense,346,349,3
19079,Mycobacterium_terramassiliense,1542,1583,41
19080,Mycobacterium_terramassiliense,1587,1676,89
19081,Mycobacterium_terramassiliense,1678,1691,13
19082,Mycobacterium_terramassiliense,3317,3381,64
19083,Mycobacterium_terramassiliense,3403,3460,57
19084,Mycobacterium_terramassiliense,3473,3479,6
19085,Mycobacterium_terramassiliense,3485,3491,6
19086,Mycobacterium_terramassiliense,3642,3645,3
19087,Mycobacterium_terramassiliense,3650,3653,3
19088,Mycobacterium_terramassiliense,3655,3667,12
19089,Mycobacterium_terramassiliense,3782,3788,6
19090,Mycobacterium_terramassiliense,4400,4406,6
19091,Mycobacterium_terramassiliense,4407,4413,6
19092,Mycobacterium_terramassiliense,4417,4426,9
19093,Mycobacterium_terramassiliense,4432,4445,13
19094,Mycobacterium_terramassiliense,4452,4455,3
19095,Mycobacterium_terramassiliense,4456,4462,6
19096,Mycobacterium_terramassiliense,4468,4480,12
19097,Mycobacterium_terramassiliense,4483,4486,3
19098,Mycobacterium_terramassiliense,4540,4552,12
19099,Mycobacterium_terramassiliense,4555,4564,9
19100,Mycobacterium_terramassiliense,4567,4573,6
19101,Mycobacterium_terramassiliense,4581,4584,3
19102,Mycobacterium_terramassiliense,5163,5169,6
19103,Mycobacterium_terramassiliense,5170,5179,9
19104,Mycobacterium_terramassiliense,5181,5190,9
19105,Mycobacterium_terramassiliense,5197,5199,2
19106,Mycobacterium_terramassiliense,5201,5204,3
19107,Mycobacterium_terramassiliense,5206,5214,8
19108,Mycobacterium_terramassiliense,5218,5230,12
19109,Mycobacterium_terramassiliense,5231,5241,10
19110,Mycobacterium_terramassiliense,5247,5253,6
19111,Mycobacterium_terramassiliense,5401,5402,1
19112,Mycobacterium_terramassiliense,6015,6016,1
19113,Mycobacterium_terramassiliense,6431,6452,21
19114,Mycobacterium_terramassiliense,6456,6462,6
19115,Mycobacterium_terramassiliense,6470,6494,24
19116,Mycobacterium_terramassiliense,7178,7254,76
19117,Mycobacterium_terramassiliense,7260,7268,8
19118,Mycobacterium_terramassiliense,7760,7763,3
19119,Mycobacterium_terramassiliense,8452,8500,48
19120,Mycobacterium_terramassiliense,8577,8578,1
19121,Mycobacterium_terramassiliense,8584,8599,15
19122,Mycobacterium_terramassiliense,8601,8603,2
19123,Mycobacterium_terramassiliense,8609,8610,1
19124,Mycobacterium_terramassiliense,8661,8662,1
19125,Mycobacterium_terramassiliense,8703,8704,1
19126,Mycobacterium_terramassiliense,8720,8721,1
19127,Mycobacterium_terramassiliense,8733,8735,2
19128,Mycobacterium_terramassiliense,8739,8742,3
19129,Mycobacterium_terramassiliense,8930,8931,1
19130,Mycobacterium_terramassiliense,8980,8982,2
19131,Mycobacterium_terramassiliense,8987,9001,14
19132,Mycobacterium_terramassiliense,9120,9121,1
19133,Mycobacterium_terramassiliense,9370,9372,2
19134,Mycobacterium_terramassiliense,9546,9547,1
19135,Mycobacterium_terramassiliense,9812,9813,1
19136,Mycobacterium_terramassiliense,9983,9986,3
19137,Mycobacterium_terramassiliense,10076,10078,2
19138,Mycobacterium_terramassiliense,10157,10158,1
19139,Mycobacterium_terramassiliense,10261,10262,1
19140,Mycobacterium_terramassiliense,10310,10312,2
19141,Mycobacterium_terramassiliense,10313,10315,2
19142,Mycobacterium_terramassiliense,10325,10326,1
19143,Mycobacterium_terramassiliense,10370,10371,1
19144,Mycobacterium_terramassiliense,10434,10435,1
19145,Mycobacterium_terramassiliense,10448,10449,1
19146,Mycobacterium_terramassiliense,10476,10477,1
19147,Mycobacterium_terramassiliense,10491,10492,1
19148,Mycobacterium_terramassiliense,10526,10527,1
19149,Mycobacterium_terramassiliense,10546,10649,103
19150,Mycobacterium_terramassiliense,10828,10830,2
19151,Mycobacterium_terramassiliense,10832,10846,14
19152,Mycobacterium_terramassiliense,10864,10865,1
19153,Mycobacterium_terramassiliense,10914,10915,1
19154,Mycobacterium_terramassiliense,10965,10977,12
19155,Mycobacterium_terramassiliense,11085,11086,1
19156,Mycobacterium_terramassiliense,11143,11144,1
19157,Mycobacterium_terramassiliense,11243,11244,1
19158,Mycobacterium_terramassiliense,11260,11261,1
19159,Mycobacterium_terramassiliense,11262,11263,1
19160,Mycobacterium_terramassiliense,11265,11267,2
19161,Mycobacterium_terramassiliense,11286,11287,1
19162,Mycobacterium_terramassiliense,11312,11313,1
19163,Mycobacterium_terramassiliense,11473,11474,1
19164,Mycobacterium_terramassiliense,11505,11534,29
19165,Mycobacterium_terramassiliense,11566,11567,1
19166,Mycobacterium_terramassiliense,11590,11591,1
19167,Mycobacterium_terramassiliense,11782,11783,1
19168,Mycobacterium_terramassiliense,11823,11824,1
19169,Mycobacterium_terramassiliense,11826,11827,1
19170,Mycobacterium_terramassiliense,11831,11836,5
19171,Mycobacterium_terramassiliense,11848,11850,2
19172,Mycobacterium_terramassiliense,11851,11852,1
19173,Mycobacterium_terramassiliense,11859,11860,1
19174,Mycobacterium_terramassiliense,11864,11866,2
19175,Mycobacterium_terramassiliense,11877,11878,1
19176,Mycobacterium_terramassiliense,11990,11991,1
19177,Mycobacterium_terramassiliense,11993,11994,1
19178,Mycobacterium_terramassiliense,12029,12030,1
19179,Mycobacterium_terramassiliense,12068,12069,1
19180,Mycobacterium_terramassiliense,12207,12208,1
19181,Mycobacterium_terramassiliense,12211,12212,1
19182,Mycobacterium_terramassiliense,12213,12214,1
19183,Mycobacterium_terramassiliense,12218,12222,4
19184,Mycobacterium_terramassiliense,12225,12227,2
19185,Mycobacterium_terramassiliense,12237,12238,1
19186,Mycobacterium_terramassiliense,12360,12369,9
19187,Mycobacterium_terramassiliense,12371,12380,9
19188,Mycobacterium_terramassiliense,12384,12390,6
19189,Mycobacterium_terramassiliense,12391,12400,9
19190,Mycobacterium_terramassiliense,12454,12455,1
19191,Mycobacterium_terramassiliense,12739,12740,1
19192,Mycobacterium_terramassiliense,12798,12925,127
19193,Mycobacterium_terramassiliense,13451,13452,1
19194,Mycobacterium_terramassiliense,13453,13454,1
19195,Mycobacterium_terramassiliense,13508,13509,1
19196,Mycobacterium_rhizamassiliense,1,10,9
19197,Mycobacterium_rhizamassiliense,21,39,18
19198,Mycobacterium_rhizamassiliense,43,46,3
19199,Mycobacterium_rhizamassiliense,53,71,18
19200,Mycobacterium_rhizamassiliense,87,107,20
19201,Mycobacterium_rhizamassiliense,117,132,15
19202,Mycobacterium_rhizamassiliense,133,136,3
19203,Mycobacterium_rhizamassiliense,346,349,3
19204,Mycobacterium_rhizamassiliense,1542,1691,149
19205,Mycobacterium_rhizamassiliense,3317,3361,44
19206,Mycobacterium_rhizamassiliense,3364,3365,1
19207,Mycobacterium_rhizamassiliense,3373,3374,1
19208,Mycobacterium_rhizamassiliense,3414,3420,6
19209,Mycobacterium_rhizamassiliense,3424,3460,36
19210,Mycobacterium_rhizamassiliense,3461,3479,18
19211,Mycobacterium_rhizamassiliense,3485,3491,6
19212,Mycobacterium_rhizamassiliense,3642,3645,3
19213,Mycobacterium_rhizamassiliense,3650,3653,3
19214,Mycobacterium_rhizamassiliense,3655,3667,12
19215,Mycobacterium_rhizamassiliense,3782,3788,6
19216,Mycobacterium_rhizamassiliense,4400,4406,6
19217,Mycobacterium_rhizamassiliense,4407,4413,6
19218,Mycobacterium_rhizamassiliense,4417,4426,9
19219,Mycobacterium_rhizamassiliense,4432,4445,13
19220,Mycobacterium_rhizamassiliense,4452,4455,3
19221,Mycobacterium_rhizamassiliense,4456,4462,6
19222,Mycobacterium_rhizamassiliense,4468,4480,12
19223,Mycobacterium_rhizamassiliense,4483,4486,3
19224,Mycobacterium_rhizamassiliense,4540,4552,12
19225,Mycobacterium_rhizamassiliense,4555,4564,9
19226,Mycobacterium_rhizamassiliense,4567,4573,6
19227,Mycobacterium_rhizamassiliense,4581,4584,3
19228,Mycobacterium_rhizamassiliense,5163,5169,6
19229,Mycobacterium_rhizamassiliense,5170,5179,9
19230,Mycobacterium_rhizamassiliense,5181,5190,9
19231,Mycobacterium_rhizamassiliense,5197,5199,2
19232,Mycobacterium_rhizamassiliense,5201,5204,3
19233,Mycobacterium_rhizamassiliense,5206,5214,8
19234,Mycobacterium_rhizamassiliense,5218,5230,12
19235,Mycobacterium_rhizamassiliense,5231,5241,10
19236,Mycobacterium_rhizamassiliense,5247,5253,6
19237,Mycobacterium_rhizamassiliense,5401,5402,1
19238,Mycobacterium_rhizamassiliense,6015,6016,1
19239,Mycobacterium_rhizamassiliense,6428,6464,36
19240,Mycobacterium_rhizamassiliense,6470,6494,24
19241,Mycobacterium_rhizamassiliense,7178,7254,76
19242,Mycobacterium_rhizamassiliense,7260,7268,8
19243,Mycobacterium_rhizamassiliense,7760,7763,3
19244,Mycobacterium_rhizamassiliense,8452,8500,48
19245,Mycobacterium_rhizamassiliense,8577,8578,1
19246,Mycobacterium_rhizamassiliense,8584,8599,15
19247,Mycobacterium_rhizamassiliense,8601,8603,2
19248,Mycobacterium_rhizamassiliense,8609,8610,1
19249,Mycobacterium_rhizamassiliense,8661,8662,1
19250,Mycobacterium_rhizamassiliense,8703,8704,1
19251,Mycobacterium_rhizamassiliense,8720,8721,1
19252,Mycobacterium_rhizamassiliense,8733,8735,2
19253,Mycobacterium_rhizamassiliense,8739,8742,3
19254,Mycobacterium_rhizamassiliense,8930,8931,1
19255,Mycobacterium_rhizamassiliense,8980,8982,2
19256,Mycobacterium_rhizamassiliense,8987,9001,14
19257,Mycobacterium_rhizamassiliense,9120,9121,1
19258,Mycobacterium_rhizamassiliense,9370,9372,2
19259,Mycobacterium_rhizamassiliense,9546,9547,1
19260,Mycobacterium_rhizamassiliense,9812,9813,1
19261,Mycobacterium_rhizamassiliense,9983,9987,4
19262,Mycobacterium_rhizamassiliense,10076,10078,2
19263,Mycobacterium_rhizamassiliense,10157,10158,1
19264,Mycobacterium_rhizamassiliense,10261,10262,1
19265,Mycobacterium_rhizamassiliense,10310,10312,2
19266,Mycobacterium_rhizamassiliense,10313,10315,2
19267,Mycobacterium_rhizamassiliense,10325,10326,1
19268,Mycobacterium_rhizamassiliense,10352,10353,1
19269,Mycobacterium_rhizamassiliense,10370,10371,1
19270,Mycobacterium_rhizamassiliense,10434,10435,1
19271,Mycobacterium_rhizamassiliense,10448,10449,1
19272,Mycobacterium_rhizamassiliense,10476,10477,1
19273,Mycobacterium_rhizamassiliense,10491,10492,1
19274,Mycobacterium_rhizamassiliense,10526,10527,1
19275,Mycobacterium_rhizamassiliense,10546,10649,103
19276,Mycobacterium_rhizamassiliense,10828,10830,2
19277,Mycobacterium_rhizamassiliense,10832,10846,14
19278,Mycobacterium_rhizamassiliense,10864,10865,1
19279,Mycobacterium_rhizamassiliense,10914,10915,1
19280,Mycobacterium_rhizamassiliense,10958,10983,25
19281,Mycobacterium_rhizamassiliense,11085,11086,1
19282,Mycobacterium_rhizamassiliense,11143,11144,1
19283,Mycobacterium_rhizamassiliense,11243,11244,1
19284,Mycobacterium_rhizamassiliense,11260,11261,1
19285,Mycobacterium_rhizamassiliense,11262,11263,1
19286,Mycobacterium_rhizamassiliense,11265,11267,2
19287,Mycobacterium_rhizamassiliense,11286,11287,1
19288,Mycobacterium_rhizamassiliense,11312,11313,1
19289,Mycobacterium_rhizamassiliense,11473,11474,1
19290,Mycobacterium_rhizamassiliense,11505,11534,29
19291,Mycobacterium_rhizamassiliense,11566,11567,1
19292,Mycobacterium_rhizamassiliense,11590,11591,1
19293,Mycobacterium_rhizamassiliense,11782,11783,1
19294,Mycobacterium_rhizamassiliense,11823,11824,1
19295,Mycobacterium_rhizamassiliense,11826,11827,1
19296,Mycobacterium_rhizamassiliense,11831,11836,5
19297,Mycobacterium_rhizamassiliense,11847,11852,5
19298,Mycobacterium_rhizamassiliense,11859,11860,1
19299,Mycobacterium_rhizamassiliense,11864,11866,2
19300,Mycobacterium_rhizamassiliense,11877,11878,1
19301,Mycobacterium_rhizamassiliense,11993,11995,2
19302,Mycobacterium_rhizamassiliense,12029,12030,1
19303,Mycobacterium_rhizamassiliense,12068,12069,1
19304,Mycobacterium_rhizamassiliense,12207,12208,1
19305,Mycobacterium_rhizamassiliense,12211,12212,1
19306,Mycobacterium_rhizamassiliense,12213,12214,1
19307,Mycobacterium_rhizamassiliense,12218,12222,4
19308,Mycobacterium_rhizamassiliense,12225,12227,2
19309,Mycobacterium_rhizamassiliense,12237,12238,1
19310,Mycobacterium_rhizamassiliense,12360,12369,9
19311,Mycobacterium_rhizamassiliense,12371,12372,1
19312,Mycobacterium_rhizamassiliense,12374,12380,6
19313,Mycobacterium_rhizamassiliense,12384,12390,6
19314,Mycobacterium_rhizamassiliense,12391,12400,9
19315,Mycobacterium_rhizamassiliense,12454,12455,1
19316,Mycobacterium_rhizamassiliense,12739,12740,1
19317,Mycobacterium_rhizamassiliense,12798,12925,127
19318,Mycobacterium_rhizamassiliense,13451,13452,1
19319,Mycobacterium_rhizamassiliense,13453,13454,1
19320,Mycobacterium_rhizamassiliense,13508,13509,1
19321,Mycobacterium_numidiamassiliense,1,10,9
19322,Mycobacterium_numidiamassiliense,21,39,18
19323,Mycobacterium_numidiamassiliense,43,46,3
19324,Mycobacterium_numidiamassiliense,53,71,18
19325,Mycobacterium_numidiamassiliense,87,107,20
19326,Mycobacterium_numidiamassiliense,117,132,15
19327,Mycobacterium_numidiamassiliense,133,136,3
19328,Mycobacterium_numidiamassiliense,346,349,3
19329,Mycobacterium_numidiamassiliense,1542,1691,149
19330,Mycobacterium_numidiamassiliense,3317,3381,64
19331,Mycobacterium_numidiamassiliense,3414,3420,6
19332,Mycobacterium_numidiamassiliense,3422,3479,57
19333,Mycobacterium_numidiamassiliense,3485,3491,6
19334,Mycobacterium_numidiamassiliense,3642,3645,3
19335,Mycobacterium_numidiamassiliense,3650,3653,3
19336,Mycobacterium_numidiamassiliense,3655,3667,12
19337,Mycobacterium_numidiamassiliense,3782,3788,6
19338,Mycobacterium_numidiamassiliense,4400,4406,6
19339,Mycobacterium_numidiamassiliense,4407,4413,6
19340,Mycobacterium_numidiamassiliense,4417,4426,9
19341,Mycobacterium_numidiamassiliense,4432,4445,13
19342,Mycobacterium_numidiamassiliense,4452,4455,3
19343,Mycobacterium_numidiamassiliense,4456,4462,6
19344,Mycobacterium_numidiamassiliense,4468,4480,12
19345,Mycobacterium_numidiamassiliense,4483,4486,3
19346,Mycobacterium_numidiamassiliense,4540,4552,12
19347,Mycobacterium_numidiamassiliense,4555,4564,9
19348,Mycobacterium_numidiamassiliense,4567,4573,6
19349,Mycobacterium_numidiamassiliense,4581,4584,3
19350,Mycobacterium_numidiamassiliense,5163,5169,6
19351,Mycobacterium_numidiamassiliense,5170,5179,9
19352,Mycobacterium_numidiamassiliense,5181,5190,9
19353,Mycobacterium_numidiamassiliense,5197,5199,2
19354,Mycobacterium_numidiamassiliense,5201,5204,3
19355,Mycobacterium_numidiamassiliense,5206,5214,8
19356,Mycobacterium_numidiamassiliense,5218,5230,12
19357,Mycobacterium_numidiamassiliense,5231,5241,10
19358,Mycobacterium_numidiamassiliense,5247,5253,6
19359,Mycobacterium_numidiamassiliense,5401,5402,1
19360,Mycobacterium_numidiamassiliense,6015,6016,1
19361,Mycobacterium_numidiamassiliense,6431,6452,21
19362,Mycobacterium_numidiamassiliense,6456,6462,6
19363,Mycobacterium_numidiamassiliense,6470,6494,24
19364,Mycobacterium_numidiamassiliense,7178,7254,76
19365,Mycobacterium_numidiamassiliense,7260,7268,8
19366,Mycobacterium_numidiamassiliense,7760,7763,3
19367,Mycobacterium_numidiamassiliense,8452,8500,48
19368,Mycobacterium_numidiamassiliense,8577,8578,1
19369,Mycobacterium_numidiamassiliense,8584,8599,15
19370,Mycobacterium_numidiamassiliense,8601,8603,2
19371,Mycobacterium_numidiamassiliense,8609,8610,1
19372,Mycobacterium_numidiamassiliense,8661,8662,1
19373,Mycobacterium_numidiamassiliense,8703,8704,1
19374,Mycobacterium_numidiamassiliense,8720,8721,1
19375,Mycobacterium_numidiamassiliense,8733,8735,2
19376,Mycobacterium_numidiamassiliense,8739,8742,3
19377,Mycobacterium_numidiamassiliense,8930,8931,1
19378,Mycobacterium_numidiamassiliense,8980,8982,2
19379,Mycobacterium_numidiamassiliense,8987,9001,14
19380,Mycobacterium_numidiamassiliense,9120,9121,1
19381,Mycobacterium_numidiamassiliense,9370,9372,2
19382,Mycobacterium_numidiamassiliense,9546,9547,1
19383,Mycobacterium_numidiamassiliense,9812,9813,1
19384,Mycobacterium_numidiamassiliense,9983,9987,4
19385,Mycobacterium_numidiamassiliense,10076,10078,2
19386,Mycobacterium_numidiamassiliense,10157,10158,1
19387,Mycobacterium_numidiamassiliense,10261,10262,1
19388,Mycobacterium_numidiamassiliense,10310,10312,2
19389,Mycobacterium_numidiamassiliense,10313,10315,2
19390,Mycobacterium_numidiamassiliense,10325,10326,1
19391,Mycobacterium_numidiamassiliense,10352,10353,1
19392,Mycobacterium_numidiamassiliense,10370,10371,1
19393,Mycobacterium_numidiamassiliense,10434,10435,1
19394,Mycobacterium_numidiamassiliense,10448,10449,1
19395,Mycobacterium_numidiamassiliense,10476,10477,1
19396,Mycobacterium_numidiamassiliense,10491,10492,1
19397,Mycobacterium_numidiamassiliense,10526,10527,1
19398,Mycobacterium_numidiamassiliense,10546,10649,103
19399,Mycobacterium_numidiamassiliense,10828,10830,2
19400,Mycobacterium_numidiamassiliense,10832,10846,14
19401,Mycobacterium_numidiamassiliense,10864,10865,1
19402,Mycobacterium_numidiamassiliense,10914,10915,1
19403,Mycobacterium_numidiamassiliense,10958,10983,25
19404,Mycobacterium_numidiamassiliense,11085,11086,1
19405,Mycobacterium_numidiamassiliense,11143,11144,1
19406,Mycobacterium_numidiamassiliense,11243,11244,1
19407,Mycobacterium_numidiamassiliense,11260,11261,1
19408,Mycobacterium_numidiamassiliense,11262,11263,1
19409,Mycobacterium_numidiamassiliense,11265,11267,2
19410,Mycobacterium_numidiamassiliense,11286,11287,1
19411,Mycobacterium_numidiamassiliense,11312,11313,1
19412,Mycobacterium_numidiamassiliense,11473,11474,1
19413,Mycobacterium_numidiamassiliense,11505,11534,29
19414,Mycobacterium_numidiamassiliense,11566,11567,1
19415,Mycobacterium_numidiamassiliense,11590,11591,1
19416,Mycobacterium_numidiamassiliense,11782,11783,1
19417,Mycobacterium_numidiamassiliense,11823,11824,1
19418,Mycobacterium_numidiamassiliense,11826,11827,1
19419,Mycobacterium_numidiamassiliense,11831,11836,5
19420,Mycobacterium_numidiamassiliense,11847,11852,5
19421,Mycobacterium_numidiamassiliense,11859,11860,1
19422,Mycobacterium_numidiamassiliense,11864,11866,2
19423,Mycobacterium_numidiamassiliense,11877,11878,1
19424,Mycobacterium_numidiamassiliense,11993,11995,2
19425,Mycobacterium_numidiamassiliense,12029,12030,1
19426,Mycobacterium_numidiamassiliense,12068,12069,1
19427,Mycobacterium_numidiamassiliense,12207,12208,1
19428,Mycobacterium_numidiamassiliense,12211,12212,1
19429,Mycobacterium_numidiamassiliense,12213,12214,1
19430,Mycobacterium_numidiamassiliense,12218,12222,4
19431,Mycobacterium_numidiamassiliense,12225,12227,2
19432,Mycobacterium_numidiamassiliense,12237,12238,1
19433,Mycobacterium_numidiamassiliense,12360,12369,9
19434,Mycobacterium_numidiamassiliense,12371,12372,1
19435,Mycobacterium_numidiamassiliense,12374,12380,6
19436,Mycobacterium_numidiamassiliense,12384,12390,6
19437,Mycobacterium_numidiamassiliense,12391,12400,9
19438,Mycobacterium_numidiamassiliense,12454,12455,1
19439,Mycobacterium_numidiamassiliense,12739,12740,1
19440,Mycobacterium_numidiamassiliense,12798,12925,127
19441,Mycobacterium_numidiamassiliense,13451,13452,1
19442,Mycobacterium_numidiamassiliense,13453,13454,1
19443,Mycobacterium_numidiamassiliense,13508,13509,1
19444,Mycobacterium_ahvazicum,1,10,9
19445,Mycobacterium_ahvazicum,21,39,18
19446,Mycobacterium_ahvazicum,43,46,3
19447,Mycobacterium_ahvazicum,52,73,21
19448,Mycobacterium_ahvazicum,87,107,20
19449,Mycobacterium_ahvazicum,117,132,15
19450,Mycobacterium_ahvazicum,133,136,3
19451,Mycobacterium_ahvazicum,346,349,3
19452,Mycobacterium_ahvazicum,1542,1691,149
19453,Mycobacterium_ahvazicum,3317,3361,44
19454,Mycobacterium_ahvazicum,3364,3365,1
19455,Mycobacterium_ahvazicum,3373,3374,1
19456,Mycobacterium_ahvazicum,3414,3420,6
19457,Mycobacterium_ahvazicum,3422,3482,60
19458,Mycobacterium_ahvazicum,3485,3491,6
19459,Mycobacterium_ahvazicum,3642,3645,3
19460,Mycobacterium_ahvazicum,3650,3653,3
19461,Mycobacterium_ahvazicum,3655,3667,12
19462,Mycobacterium_ahvazicum,3782,3788,6
19463,Mycobacterium_ahvazicum,4400,4406,6
19464,Mycobacterium_ahvazicum,4407,4413,6
19465,Mycobacterium_ahvazicum,4417,4426,9
19466,Mycobacterium_ahvazicum,4432,4445,13
19467,Mycobacterium_ahvazicum,4452,4455,3
19468,Mycobacterium_ahvazicum,4456,4462,6
19469,Mycobacterium_ahvazicum,4468,4480,12
19470,Mycobacterium_ahvazicum,4483,4486,3
19471,Mycobacterium_ahvazicum,4540,4552,12
19472,Mycobacterium_ahvazicum,4555,4564,9
19473,Mycobacterium_ahvazicum,4567,4573,6
19474,Mycobacterium_ahvazicum,4581,4584,3
19475,Mycobacterium_ahvazicum,5163,5169,6
19476,Mycobacterium_ahvazicum,5170,5179,9
19477,Mycobacterium_ahvazicum,5181,5190,9
19478,Mycobacterium_ahvazicum,5197,5199,2
19479,Mycobacterium_ahvazicum,5201,5204,3
19480,Mycobacterium_ahvazicum,5206,5214,8
19481,Mycobacterium_ahvazicum,5218,5230,12
19482,Mycobacterium_ahvazicum,5231,5241,10
19483,Mycobacterium_ahvazicum,5247,5253,6
19484,Mycobacterium_ahvazicum,5401,5402,1
19485,Mycobacterium_ahvazicum,6015,6016,1
19486,Mycobacterium_ahvazicum,6428,6464,36
19487,Mycobacterium_ahvazicum,6470,6494,24
19488,Mycobacterium_ahvazicum,7178,7254,76
19489,Mycobacterium_ahvazicum,7260,7268,8
19490,Mycobacterium_ahvazicum,7760,7763,3
19491,Mycobacterium_ahvazicum,8452,8500,48
19492,Mycobacterium_ahvazicum,8577,8578,1
19493,Mycobacterium_ahvazicum,8584,8599,15
19494,Mycobacterium_ahvazicum,8601,8603,2
19495,Mycobacterium_ahvazicum,8609,8610,1
19496,Mycobacterium_ahvazicum,8661,8662,1
19497,Mycobacterium_ahvazicum,8703,8704,1
19498,Mycobacterium_ahvazicum,8720,8721,1
19499,Mycobacterium_ahvazicum,8733,8735,2
19500,Mycobacterium_ahvazicum,8739,8742,3
19501,Mycobacterium_ahvazicum,8930,8931,1
19502,Mycobacterium_ahvazicum,8984,8997,13
19503,Mycobacterium_ahvazicum,9370,9372,2
19504,Mycobacterium_ahvazicum,9546,9547,1
19505,Mycobacterium_ahvazicum,9812,9813,1
19506,Mycobacterium_ahvazicum,9982,9986,4
19507,Mycobacterium_ahvazicum,10076,10078,2
19508,Mycobacterium_ahvazicum,10157,10158,1
19509,Mycobacterium_ahvazicum,10261,10262,1
19510,Mycobacterium_ahvazicum,10310,10312,2
19511,Mycobacterium_ahvazicum,10313,10315,2
19512,Mycobacterium_ahvazicum,10325,10326,1
19513,Mycobacterium_ahvazicum,10352,10353,1
19514,Mycobacterium_ahvazicum,10370,10371,1
19515,Mycobacterium_ahvazicum,10434,10435,1
19516,Mycobacterium_ahvazicum,10448,10449,1
19517,Mycobacterium_ahvazicum,10476,10477,1
19518,Mycobacterium_ahvazicum,10491,10492,1
19519,Mycobacterium_ahvazicum,10526,10527,1
19520,Mycobacterium_ahvazicum,10546,10649,103
19521,Mycobacterium_ahvazicum,10828,10830,2
19522,Mycobacterium_ahvazicum,10832,10846,14
19523,Mycobacterium_ahvazicum,10864,10865,1
19524,Mycobacterium_ahvazicum,10914,10915,1
19525,Mycobacterium_ahvazicum,10958,10983,25
19526,Mycobacterium_ahvazicum,11085,11086,1
19527,Mycobacterium_ahvazicum,11143,11144,1
19528,Mycobacterium_ahvazicum,11243,11244,1
19529,Mycobacterium_ahvazicum,11260,11261,1
19530,Mycobacterium_ahvazicum,11262,11263,1
19531,Mycobacterium_ahvazicum,11265,11267,2
19532,Mycobacterium_ahvazicum,11286,11287,1
19533,Mycobacterium_ahvazicum,11312,11313,1
19534,Mycobacterium_ahvazicum,11473,11474,1
19535,Mycobacterium_ahvazicum,11505,11534,29
19536,Mycobacterium_ahvazicum,11566,11567,1
19537,Mycobacterium_ahvazicum,11590,11591,1
19538,Mycobacterium_ahvazicum,11782,11783,1
19539,Mycobacterium_ahvazicum,11823,11824,1
19540,Mycobacterium_ahvazicum,11826,11827,1
19541,Mycobacterium_ahvazicum,11831,11836,5
19542,Mycobacterium_ahvazicum,11847,11852,5
19543,Mycobacterium_ahvazicum,11859,11860,1
19544,Mycobacterium_ahvazicum,11864,11866,2
19545,Mycobacterium_ahvazicum,11877,11878,1
19546,Mycobacterium_ahvazicum,11993,11995,2
19547,Mycobacterium_ahvazicum,12029,12030,1
19548,Mycobacterium_ahvazicum,12068,12069,1
19549,Mycobacterium_ahvazicum,12207,12208,1
19550,Mycobacterium_ahvazicum,12211,12212,1
19551,Mycobacterium_ahvazicum,12213,12214,1
19552,Mycobacterium_ahvazicum,12218,12222,4
19553,Mycobacterium_ahvazicum,12225,12227,2
19554,Mycobacterium_ahvazicum,12237,12238,1
19555,Mycobacterium_ahvazicum,12360,12370,10
19556,Mycobacterium_ahvazicum,12371,12372,1
19557,Mycobacterium_ahvazicum,12374,12380,6
19558,Mycobacterium_ahvazicum,12383,12390,7
19559,Mycobacterium_ahvazicum,12391,12400,9
19560,Mycobacterium_ahvazicum,12454,12455,1
19561,Mycobacterium_ahvazicum,12738,12740,2
19562,Mycobacterium_ahvazicum,12798,12925,127
19563,Mycobacterium_ahvazicum,13451,13452,1
19564,Mycobacterium_ahvazicum,13453,13454,1
19565,Mycobacterium_ahvazicum,13508,13509,1
19566,Mycobacterium_innocens,1,10,9
19567,Mycobacterium_innocens,22,25,3
19568,Mycobacterium_innocens,43,46,3
19569,Mycobacterium_innocens,53,71,18
19570,Mycobacterium_innocens,87,107,20
19571,Mycobacterium_innocens,117,132,15
19572,Mycobacterium_innocens,133,136,3
19573,Mycobacterium_innocens,346,349,3
19574,Mycobacterium_innocens,1542,1691,149
19575,Mycobacterium_innocens,3284,3287,3
19576,Mycobacterium_innocens,3317,3381,64
19577,Mycobacterium_innocens,3418,3420,2
19578,Mycobacterium_innocens,3424,3458,34
19579,Mycobacterium_innocens,3473,3479,6
19580,Mycobacterium_innocens,3485,3491,6
19581,Mycobacterium_innocens,3642,3645,3
19582,Mycobacterium_innocens,3650,3653,3
19583,Mycobacterium_innocens,3782,3788,6
19584,Mycobacterium_innocens,4400,4406,6
19585,Mycobacterium_innocens,4407,4413,6
19586,Mycobacterium_innocens,4417,4426,9
19587,Mycobacterium_innocens,4432,4445,13
19588,Mycobacterium_innocens,4452,4455,3
19589,Mycobacterium_innocens,4456,4462,6
19590,Mycobacterium_innocens,4468,4480,12
19591,Mycobacterium_innocens,4483,4486,3
19592,Mycobacterium_innocens,4540,4552,12
19593,Mycobacterium_innocens,4555,4564,9
19594,Mycobacterium_innocens,4567,4573,6
19595,Mycobacterium_innocens,4581,4584,3
19596,Mycobacterium_innocens,5163,5169,6
19597,Mycobacterium_innocens,5170,5179,9
19598,Mycobacterium_innocens,5181,5190,9
19599,Mycobacterium_innocens,5197,5199,2
19600,Mycobacterium_innocens,5201,5204,3
19601,Mycobacterium_innocens,5206,5214,8
19602,Mycobacterium_innocens,5218,5230,12
19603,Mycobacterium_innocens,5231,5241,10
19604,Mycobacterium_innocens,5247,5253,6
19605,Mycobacterium_innocens,5401,5402,1
19606,Mycobacterium_innocens,6015,6016,1
19607,Mycobacterium_innocens,6431,6467,36
19608,Mycobacterium_innocens,6470,6494,24
19609,Mycobacterium_innocens,7178,7254,76
19610,Mycobacterium_innocens,7260,7268,8
19611,Mycobacterium_innocens,7760,7763,3
19612,Mycobacterium_innocens,8452,8500,48
19613,Mycobacterium_innocens,8577,8578,1
19614,Mycobacterium_innocens,8584,8599,15
19615,Mycobacterium_innocens,8601,8603,2
19616,Mycobacterium_innocens,8609,8610,1
19617,Mycobacterium_innocens,8661,8662,1
19618,Mycobacterium_innocens,8703,8704,1
19619,Mycobacterium_innocens,8720,8721,1
19620,Mycobacterium_innocens,8733,8735,2
19621,Mycobacterium_innocens,8739,8742,3
19622,Mycobacterium_innocens,8930,8931,1
19623,Mycobacterium_innocens,8980,8982,2
19624,Mycobacterium_innocens,8996,8998,2
19625,Mycobacterium_innocens,9120,9121,1
19626,Mycobacterium_innocens,9370,9372,2
19627,Mycobacterium_innocens,9546,9547,1
19628,Mycobacterium_innocens,9812,9813,1
19629,Mycobacterium_innocens,9980,9981,1
19630,Mycobacterium_innocens,9983,9986,3
19631,Mycobacterium_innocens,10076,10078,2
19632,Mycobacterium_innocens,10157,10158,1
19633,Mycobacterium_innocens,10261,10262,1
19634,Mycobacterium_innocens,10310,10312,2
19635,Mycobacterium_innocens,10313,10315,2
19636,Mycobacterium_innocens,10325,10326,1
19637,Mycobacterium_innocens,10370,10371,1
19638,Mycobacterium_innocens,10434,10435,1
19639,Mycobacterium_innocens,10448,10449,1
19640,Mycobacterium_innocens,10476,10477,1
19641,Mycobacterium_innocens,10491,10492,1
19642,Mycobacterium_innocens,10526,10527,1
19643,Mycobacterium_innocens,10546,10649,103
19644,Mycobacterium_innocens,10828,10830,2
19645,Mycobacterium_innocens,10832,10846,14
19646,Mycobacterium_innocens,10864,10865,1
19647,Mycobacterium_innocens,10914,10915,1
19648,Mycobacterium_innocens,10958,10966,8
19649,Mycobacterium_innocens,10971,10972,1
19650,Mycobacterium_innocens,11085,11086,1
19651,Mycobacterium_innocens,11143,11144,1
19652,Mycobacterium_innocens,11243,11244,1
19653,Mycobacterium_innocens,11260,11261,1
19654,Mycobacterium_innocens,11262,11263,1
19655,Mycobacterium_innocens,11265,11267,2
19656,Mycobacterium_innocens,11286,11287,1
19657,Mycobacterium_innocens,11312,11313,1
19658,Mycobacterium_innocens,11473,11474,1
19659,Mycobacterium_innocens,11505,11534,29
19660,Mycobacterium_innocens,11566,11567,1
19661,Mycobacterium_innocens,11590,11591,1
19662,Mycobacterium_innocens,11782,11783,1
19663,Mycobacterium_innocens,11823,11824,1
19664,Mycobacterium_innocens,11826,11827,1
19665,Mycobacterium_innocens,11831,11836,5
19666,Mycobacterium_innocens,11848,11850,2
19667,Mycobacterium_innocens,11851,11852,1
19668,Mycobacterium_innocens,11859,11860,1
19669,Mycobacterium_innocens,11864,11866,2
19670,Mycobacterium_innocens,11877,11878,1
19671,Mycobacterium_innocens,11993,11994,1
19672,Mycobacterium_innocens,12029,12030,1
19673,Mycobacterium_innocens,12068,12069,1
19674,Mycobacterium_innocens,12207,12208,1
19675,Mycobacterium_innocens,12211,12212,1
19676,Mycobacterium_innocens,12213,12214,1
19677,Mycobacterium_innocens,12218,12222,4
19678,Mycobacterium_innocens,12225,12227,2
19679,Mycobacterium_innocens,12237,12238,1
19680,Mycobacterium_innocens,12360,12369,9
19681,Mycobacterium_innocens,12371,12380,9
19682,Mycobacterium_innocens,12384,12390,6
19683,Mycobacterium_innocens,12391,12400,9
19684,Mycobacterium_innocens,12454,12455,1
19685,Mycobacterium_innocens,12739,12740,1
19686,Mycobacterium_innocens,12798,12925,127
19687,Mycobacterium_innocens,13451,13452,1
19688,Mycobacterium_innocens,13453,13454,1
19689,Mycobacterium_innocens,13508,13509,1
19690,Mycobacterium_attenuatum,1,10,9
19691,Mycobacterium_attenuatum,21,39,18
19692,Mycobacterium_attenuatum,43,46,3
19693,Mycobacterium_attenuatum,53,71,18
19694,Mycobacterium_attenuatum,87,107,20
19695,Mycobacterium_attenuatum,117,132,15
19696,Mycobacterium_attenuatum,133,136,3
19697,Mycobacterium_attenuatum,346,349,3
19698,Mycobacterium_attenuatum,1542,1691,149
19699,Mycobacterium_attenuatum,3284,3287,3
19700,Mycobacterium_attenuatum,3317,3381,64
19701,Mycobacterium_attenuatum,3418,3420,2
19702,Mycobacterium_attenuatum,3424,3458,34
19703,Mycobacterium_attenuatum,3473,3479,6
19704,Mycobacterium_attenuatum,3485,3491,6
19705,Mycobacterium_attenuatum,3642,3645,3
19706,Mycobacterium_attenuatum,3650,3653,3
19707,Mycobacterium_attenuatum,3655,3667,12
19708,Mycobacterium_attenuatum,3782,3788,6
19709,Mycobacterium_attenuatum,4400,4406,6
19710,Mycobacterium_attenuatum,4407,4413,6
19711,Mycobacterium_attenuatum,4417,4426,9
19712,Mycobacterium_attenuatum,4432,4445,13
19713,Mycobacterium_attenuatum,4452,4455,3
19714,Mycobacterium_attenuatum,4456,4462,6
19715,Mycobacterium_attenuatum,4468,4480,12
19716,Mycobacterium_attenuatum,4483,4486,3
19717,Mycobacterium_attenuatum,4555,4564,9
19718,Mycobacterium_attenuatum,4567,4573,6
19719,Mycobacterium_attenuatum,5163,5169,6
19720,Mycobacterium_attenuatum,5170,5179,9
19721,Mycobacterium_attenuatum,5181,5190,9
19722,Mycobacterium_attenuatum,5197,5199,2
19723,Mycobacterium_attenuatum,5201,5204,3
19724,Mycobacterium_attenuatum,5206,5214,8
19725,Mycobacterium_attenuatum,5218,5230,12
19726,Mycobacterium_attenuatum,5231,5241,10
19727,Mycobacterium_attenuatum,5247,5253,6
19728,Mycobacterium_attenuatum,5401,5402,1
19729,Mycobacterium_attenuatum,6015,6016,1
19730,Mycobacterium_attenuatum,6431,6467,36
19731,Mycobacterium_attenuatum,6470,6494,24
19732,Mycobacterium_attenuatum,7178,7254,76
19733,Mycobacterium_attenuatum,7260,7268,8
19734,Mycobacterium_attenuatum,7760,7763,3
19735,Mycobacterium_attenuatum,8452,8500,48
19736,Mycobacterium_attenuatum,8577,8578,1
19737,Mycobacterium_attenuatum,8584,8599,15
19738,Mycobacterium_attenuatum,8600,8604,4
19739,Mycobacterium_attenuatum,8609,8610,1
19740,Mycobacterium_attenuatum,8661,8662,1
19741,Mycobacterium_attenuatum,8703,8704,1
19742,Mycobacterium_attenuatum,8720,8721,1
19743,Mycobacterium_attenuatum,8733,8735,2
19744,Mycobacterium_attenuatum,8739,8742,3
19745,Mycobacterium_attenuatum,8930,8931,1
19746,Mycobacterium_attenuatum,8980,8982,2
19747,Mycobacterium_attenuatum,8996,8998,2
19748,Mycobacterium_attenuatum,9120,9121,1
19749,Mycobacterium_attenuatum,9370,9372,2
19750,Mycobacterium_attenuatum,9546,9547,1
19751,Mycobacterium_attenuatum,9812,9813,1
19752,Mycobacterium_attenuatum,9980,9981,1
19753,Mycobacterium_attenuatum,9983,9986,3
19754,Mycobacterium_attenuatum,10076,10078,2
19755,Mycobacterium_attenuatum,10157,10158,1
19756,Mycobacterium_attenuatum,10261,10262,1
19757,Mycobacterium_attenuatum,10310,10312,2
19758,Mycobacterium_attenuatum,10313,10315,2
19759,Mycobacterium_attenuatum,10325,10326,1
19760,Mycobacterium_attenuatum,10370,10371,1
19761,Mycobacterium_attenuatum,10434,10435,1
19762,Mycobacterium_attenuatum,10448,10449,1
19763,Mycobacterium_attenuatum,10476,10477,1
19764,Mycobacterium_attenuatum,10491,10492,1
19765,Mycobacterium_attenuatum,10526,10527,1
19766,Mycobacterium_attenuatum,10546,10649,103
19767,Mycobacterium_attenuatum,10828,10830,2
19768,Mycobacterium_attenuatum,10838,10841,3
19769,Mycobacterium_attenuatum,10864,10865,1
19770,Mycobacterium_attenuatum,10914,10915,1
19771,Mycobacterium_attenuatum,10958,10966,8
19772,Mycobacterium_attenuatum,10971,10972,1
19773,Mycobacterium_attenuatum,11085,11086,1
19774,Mycobacterium_attenuatum,11143,11144,1
19775,Mycobacterium_attenuatum,11243,11244,1
19776,Mycobacterium_attenuatum,11260,11261,1
19777,Mycobacterium_attenuatum,11262,11263,1
19778,Mycobacterium_attenuatum,11265,11267,2
19779,Mycobacterium_attenuatum,11286,11287,1
19780,Mycobacterium_attenuatum,11312,11313,1
19781,Mycobacterium_attenuatum,11473,11474,1
19782,Mycobacterium_attenuatum,11505,11534,29
19783,Mycobacterium_attenuatum,11566,11567,1
19784,Mycobacterium_attenuatum,11590,11591,1
19785,Mycobacterium_attenuatum,11782,11783,1
19786,Mycobacterium_attenuatum,11823,11824,1
19787,Mycobacterium_attenuatum,11826,11827,1
19788,Mycobacterium_attenuatum,11831,11836,5
19789,Mycobacterium_attenuatum,11848,11850,2
19790,Mycobacterium_attenuatum,11851,11852,1
19791,Mycobacterium_attenuatum,11859,11860,1
19792,Mycobacterium_attenuatum,11864,11866,2
19793,Mycobacterium_attenuatum,11877,11878,1
19794,Mycobacterium_attenuatum,11993,11994,1
19795,Mycobacterium_attenuatum,12029,12030,1
19796,Mycobacterium_attenuatum,12068,12069,1
19797,Mycobacterium_attenuatum,12207,12208,1
19798,Mycobacterium_attenuatum,12211,12212,1
19799,Mycobacterium_attenuatum,12213,12214,1
19800,Mycobacterium_attenuatum,12218,12222,4
19801,Mycobacterium_attenuatum,12225,12227,2
19802,Mycobacterium_attenuatum,12237,12238,1
19803,Mycobacterium_attenuatum,12360,12369,9
19804,Mycobacterium_attenuatum,12371,12372,1
19805,Mycobacterium_attenuatum,12374,12380,6
19806,Mycobacterium_attenuatum,12384,12390,6
19807,Mycobacterium_attenuatum,12391,12400,9
19808,Mycobacterium_attenuatum,12454,12455,1
19809,Mycobacterium_attenuatum,12739,12740,1
19810,Mycobacterium_attenuatum,12798,12925,127
19811,Mycobacterium_attenuatum,13451,13452,1
19812,Mycobacterium_attenuatum,13453,13454,1
19813,Mycobacterium_attenuatum,13508,13509,1
19814,Mycolicibacterium_setense,1,10,9
19815,Mycolicibacterium_setense,21,39,18
19816,Mycolicibacterium_setense,43,46,3
19817,Mycolicibacterium_setense,48,110,62
19818,Mycolicibacterium_setense,117,132,15
19819,Mycolicibacterium_setense,133,136,3
19820,Mycolicibacterium_setense,346,349,3
19821,Mycolicibacterium_setense,1542,1691,149
19822,Mycolicibacterium_setense,3317,3361,44
19823,Mycolicibacterium_setense,3364,3365,1
19824,Mycolicibacterium_setense,3373,3374,1
19825,Mycolicibacterium_setense,3403,3406,3
19826,Mycolicibacterium_setense,3409,3421,12
19827,Mycolicibacterium_setense,3424,3478,54
19828,Mycolicibacterium_setense,3485,3491,6
19829,Mycolicibacterium_setense,3642,3645,3
19830,Mycolicibacterium_setense,3650,3653,3
19831,Mycolicibacterium_setense,3655,3667,12
19832,Mycolicibacterium_setense,3782,3788,6
19833,Mycolicibacterium_setense,4400,4406,6
19834,Mycolicibacterium_setense,4407,4413,6
19835,Mycolicibacterium_setense,4417,4426,9
19836,Mycolicibacterium_setense,4432,4445,13
19837,Mycolicibacterium_setense,4452,4455,3
19838,Mycolicibacterium_setense,4456,4462,6
19839,Mycolicibacterium_setense,4468,4474,6
19840,Mycolicibacterium_setense,4475,4481,6
19841,Mycolicibacterium_setense,4483,4486,3
19842,Mycolicibacterium_setense,4540,4552,12
19843,Mycolicibacterium_setense,4555,4564,9
19844,Mycolicibacterium_setense,4567,4573,6
19845,Mycolicibacterium_setense,4582,4585,3
19846,Mycolicibacterium_setense,5163,5169,6
19847,Mycolicibacterium_setense,5170,5179,9
19848,Mycolicibacterium_setense,5181,5190,9
19849,Mycolicibacterium_setense,5197,5199,2
19850,Mycolicibacterium_setense,5201,5204,3
19851,Mycolicibacterium_setense,5206,5214,8
19852,Mycolicibacterium_setense,5218,5230,12
19853,Mycolicibacterium_setense,5231,5241,10
19854,Mycolicibacterium_setense,5247,5253,6
19855,Mycolicibacterium_setense,5401,5402,1
19856,Mycolicibacterium_setense,6015,6016,1
19857,Mycolicibacterium_setense,6431,6452,21
19858,Mycolicibacterium_setense,6456,6462,6
19859,Mycolicibacterium_setense,6470,6494,24
19860,Mycolicibacterium_setense,7178,7254,76
19861,Mycolicibacterium_setense,7260,7268,8
19862,Mycolicibacterium_setense,7760,7763,3
19863,Mycolicibacterium_setense,8452,8500,48
19864,Mycolicibacterium_setense,8577,8578,1
19865,Mycolicibacterium_setense,8584,8599,15
19866,Mycolicibacterium_setense,8600,8604,4
19867,Mycolicibacterium_setense,8609,8610,1
19868,Mycolicibacterium_setense,8661,8662,1
19869,Mycolicibacterium_setense,8703,8704,1
19870,Mycolicibacterium_setense,8720,8721,1
19871,Mycolicibacterium_setense,8733,8735,2
19872,Mycolicibacterium_setense,8739,8742,3
19873,Mycolicibacterium_setense,8930,8931,1
19874,Mycolicibacterium_setense,8980,8982,2
19875,Mycolicibacterium_setense,8984,8998,14
19876,Mycolicibacterium_setense,9120,9121,1
19877,Mycolicibacterium_setense,9370,9372,2
19878,Mycolicibacterium_setense,9546,9547,1
19879,Mycolicibacterium_setense,9812,9813,1
19880,Mycolicibacterium_setense,9985,9986,1
19881,Mycolicibacterium_setense,10076,10078,2
19882,Mycolicibacterium_setense,10157,10158,1
19883,Mycolicibacterium_setense,10261,10262,1
19884,Mycolicibacterium_setense,10310,10312,2
19885,Mycolicibacterium_setense,10313,10315,2
19886,Mycolicibacterium_setense,10325,10326,1
19887,Mycolicibacterium_setense,10370,10371,1
19888,Mycolicibacterium_setense,10416,10417,1
19889,Mycolicibacterium_setense,10434,10435,1
19890,Mycolicibacterium_setense,10448,10449,1
19891,Mycolicibacterium_setense,10476,10477,1
19892,Mycolicibacterium_setense,10491,10492,1
19893,Mycolicibacterium_setense,10526,10527,1
19894,Mycolicibacterium_setense,10547,10649,102
19895,Mycolicibacterium_setense,10828,10831,3
19896,Mycolicibacterium_setense,10835,10843,8
19897,Mycolicibacterium_setense,10864,10865,1
19898,Mycolicibacterium_setense,10914,10915,1
19899,Mycolicibacterium_setense,10965,10966,1
19900,Mycolicibacterium_setense,10971,10975,4
19901,Mycolicibacterium_setense,11085,11086,1
19902,Mycolicibacterium_setense,11143,11144,1
19903,Mycolicibacterium_setense,11243,11244,1
19904,Mycolicibacterium_setense,11260,11261,1
19905,Mycolicibacterium_setense,11286,11287,1
19906,Mycolicibacterium_setense,11312,11313,1
19907,Mycolicibacterium_setense,11473,11474,1
19908,Mycolicibacterium_setense,11505,11512,7
19909,Mycolicibacterium_setense,11520,11521,1
19910,Mycolicibacterium_setense,11524,11539,15
19911,Mycolicibacterium_setense,11566,11567,1
19912,Mycolicibacterium_setense,11782,11783,1
19913,Mycolicibacterium_setense,11823,11824,1
19914,Mycolicibacterium_setense,11826,11827,1
19915,Mycolicibacterium_setense,11831,11836,5
19916,Mycolicibacterium_setense,11846,11850,4
19917,Mycolicibacterium_setense,11851,11852,1
19918,Mycolicibacterium_setense,11859,11860,1
19919,Mycolicibacterium_setense,11864,11865,1
19920,Mycolicibacterium_setense,11877,11878,1
19921,Mycolicibacterium_setense,11993,11995,2
19922,Mycolicibacterium_setense,12029,12030,1
19923,Mycolicibacterium_setense,12068,12069,1
19924,Mycolicibacterium_setense,12207,12208,1
19925,Mycolicibacterium_setense,12211,12212,1
19926,Mycolicibacterium_setense,12213,12214,1
19927,Mycolicibacterium_setense,12218,12222,4
19928,Mycolicibacterium_setense,12226,12227,1
19929,Mycolicibacterium_setense,12237,12238,1
19930,Mycolicibacterium_setense,12360,12372,12
19931,Mycolicibacterium_setense,12374,12375,1
19932,Mycolicibacterium_setense,12378,12381,3
19933,Mycolicibacterium_setense,12384,12390,6
19934,Mycolicibacterium_setense,12391,12400,9
19935,Mycolicibacterium_setense,12454,12455,1
19936,Mycolicibacterium_setense,12739,12740,1
19937,Mycolicibacterium_setense,12798,12925,127
19938,Mycolicibacterium_setense,13451,13452,1
19939,Mycolicibacterium_setense,13453,13454,1
19940,Mycolicibacterium_setense,13508,13509,1
19941,Mycobacterium_shimoidei,1,10,9
19942,Mycobacterium_shimoidei,21,39,18
19943,Mycobacterium_shimoidei,43,46,3
19944,Mycobacterium_shimoidei,53,71,18
19945,Mycobacterium_shimoidei,89,100,11
19946,Mycobacterium_shimoidei,117,132,15
19947,Mycobacterium_shimoidei,133,136,3
19948,Mycobacterium_shimoidei,346,349,3
19949,Mycobacterium_shimoidei,1542,1691,149
19950,Mycobacterium_shimoidei,3284,3287,3
19951,Mycobacterium_shimoidei,3317,3381,64
19952,Mycobacterium_shimoidei,3414,3462,48
19953,Mycobacterium_shimoidei,3642,3645,3
19954,Mycobacterium_shimoidei,3650,3653,3
19955,Mycobacterium_shimoidei,3655,3667,12
19956,Mycobacterium_shimoidei,3782,3788,6
19957,Mycobacterium_shimoidei,4400,4406,6
19958,Mycobacterium_shimoidei,4417,4426,9
19959,Mycobacterium_shimoidei,4432,4445,13
19960,Mycobacterium_shimoidei,4452,4455,3
19961,Mycobacterium_shimoidei,4456,4462,6
19962,Mycobacterium_shimoidei,4468,4480,12
19963,Mycobacterium_shimoidei,4483,4486,3
19964,Mycobacterium_shimoidei,4540,4552,12
19965,Mycobacterium_shimoidei,4555,4564,9
19966,Mycobacterium_shimoidei,4567,4573,6
19967,Mycobacterium_shimoidei,4581,4584,3
19968,Mycobacterium_shimoidei,5163,5169,6
19969,Mycobacterium_shimoidei,5170,5179,9
19970,Mycobacterium_shimoidei,5181,5190,9
19971,Mycobacterium_shimoidei,5197,5199,2
19972,Mycobacterium_shimoidei,5201,5204,3
19973,Mycobacterium_shimoidei,5206,5214,8
19974,Mycobacterium_shimoidei,5218,5230,12
19975,Mycobacterium_shimoidei,5231,5241,10
19976,Mycobacterium_shimoidei,5247,5253,6
19977,Mycobacterium_shimoidei,5401,5402,1
19978,Mycobacterium_shimoidei,6015,6016,1
19979,Mycobacterium_shimoidei,6431,6452,21
19980,Mycobacterium_shimoidei,6456,6462,6
19981,Mycobacterium_shimoidei,6470,6494,24
19982,Mycobacterium_shimoidei,7178,7254,76
19983,Mycobacterium_shimoidei,7260,7268,8
19984,Mycobacterium_shimoidei,7760,7763,3
19985,Mycobacterium_shimoidei,8452,8500,48
19986,Mycobacterium_shimoidei,8577,8578,1
19987,Mycobacterium_shimoidei,8584,8599,15
19988,Mycobacterium_shimoidei,8609,8610,1
19989,Mycobacterium_shimoidei,8661,8662,1
19990,Mycobacterium_shimoidei,8703,8704,1
19991,Mycobacterium_shimoidei,8720,8721,1
19992,Mycobacterium_shimoidei,8733,8735,2
19993,Mycobacterium_shimoidei,8739,8742,3
19994,Mycobacterium_shimoidei,8930,8931,1
19995,Mycobacterium_shimoidei,8980,8982,2
19996,Mycobacterium_shimoidei,8996,8998,2
19997,Mycobacterium_shimoidei,9120,9121,1
19998,Mycobacterium_shimoidei,9359,9360,1
19999,Mycobacterium_shimoidei,9370,9372,2
20000,Mycobacterium_shimoidei,9546,9547,1
20001,Mycobacterium_shimoidei,9984,9986,2
20002,Mycobacterium_shimoidei,10076,10078,2
20003,Mycobacterium_shimoidei,10157,10158,1
20004,Mycobacterium_shimoidei,10261,10262,1
20005,Mycobacterium_shimoidei,10313,10315,2
20006,Mycobacterium_shimoidei,10325,10326,1
20007,Mycobacterium_shimoidei,10370,10371,1
20008,Mycobacterium_shimoidei,10416,10417,1
20009,Mycobacterium_shimoidei,10434,10435,1
20010,Mycobacterium_shimoidei,10448,10454,6
20011,Mycobacterium_shimoidei,10461,10462,1
20012,Mycobacterium_shimoidei,10476,10477,1
20013,Mycobacterium_shimoidei,10491,10492,1
20014,Mycobacterium_shimoidei,10526,10527,1
20015,Mycobacterium_shimoidei,10546,10649,103
20016,Mycobacterium_shimoidei,10828,10830,2
20017,Mycobacterium_shimoidei,10835,10843,8
20018,Mycobacterium_shimoidei,10864,10865,1
20019,Mycobacterium_shimoidei,10914,10915,1
20020,Mycobacterium_shimoidei,10959,10961,2
20021,Mycobacterium_shimoidei,10965,10966,1
20022,Mycobacterium_shimoidei,10971,10975,4
20023,Mycobacterium_shimoidei,11085,11086,1
20024,Mycobacterium_shimoidei,11143,11144,1
20025,Mycobacterium_shimoidei,11243,11244,1
20026,Mycobacterium_shimoidei,11259,11261,2
20027,Mycobacterium_shimoidei,11265,11267,2
20028,Mycobacterium_shimoidei,11286,11287,1
20029,Mycobacterium_shimoidei,11312,11313,1
20030,Mycobacterium_shimoidei,11473,11474,1
20031,Mycobacterium_shimoidei,11505,11512,7
20032,Mycobacterium_shimoidei,11513,11514,1
20033,Mycobacterium_shimoidei,11515,11518,3
20034,Mycobacterium_shimoidei,11520,11521,1
20035,Mycobacterium_shimoidei,11524,11530,6
20036,Mycobacterium_shimoidei,11532,11533,1
20037,Mycobacterium_shimoidei,11566,11567,1
20038,Mycobacterium_shimoidei,11782,11783,1
20039,Mycobacterium_shimoidei,11823,11824,1
20040,Mycobacterium_shimoidei,11831,11836,5
20041,Mycobacterium_shimoidei,11848,11852,4
20042,Mycobacterium_shimoidei,11859,11860,1
20043,Mycobacterium_shimoidei,11864,11866,2
20044,Mycobacterium_shimoidei,11877,11878,1
20045,Mycobacterium_shimoidei,11992,11994,2
20046,Mycobacterium_shimoidei,12029,12030,1
20047,Mycobacterium_shimoidei,12068,12069,1
20048,Mycobacterium_shimoidei,12207,12208,1
20049,Mycobacterium_shimoidei,12213,12214,1
20050,Mycobacterium_shimoidei,12218,12222,4
20051,Mycobacterium_shimoidei,12226,12227,1
20052,Mycobacterium_shimoidei,12237,12238,1
20053,Mycobacterium_shimoidei,12360,12369,9
20054,Mycobacterium_shimoidei,12371,12372,1
20055,Mycobacterium_shimoidei,12374,12375,1
20056,Mycobacterium_shimoidei,12384,12390,6
20057,Mycobacterium_shimoidei,12391,12400,9
20058,Mycobacterium_shimoidei,12454,12455,1
20059,Mycobacterium_shimoidei,12739,12740,1
20060,Mycobacterium_shimoidei,12798,12925,127
20061,Mycobacterium_shimoidei,13453,13454,1
20062,Mycobacterium_shimoidei,13508,13509,1
20063,Mycobacterium_szulgai,1,10,9
20064,Mycobacterium_szulgai,21,39,18
20065,Mycobacterium_szulgai,43,46,3
20066,Mycobacterium_szulgai,53,71,18
20067,Mycobacterium_szulgai,84,107,23
20068,Mycobacterium_szulgai,117,132,15
20069,Mycobacterium_szulgai,133,136,3
20070,Mycobacterium_szulgai,346,349,3
20071,Mycobacterium_szulgai,1542,1691,149
20072,Mycobacterium_szulgai,3317,3381,64
20073,Mycobacterium_szulgai,3424,3460,36
20074,Mycobacterium_szulgai,3461,3479,18
20075,Mycobacterium_szulgai,3485,3491,6
20076,Mycobacterium_szulgai,3642,3645,3
20077,Mycobacterium_szulgai,3650,3653,3
20078,Mycobacterium_szulgai,3655,3667,12
20079,Mycobacterium_szulgai,3782,3788,6
20080,Mycobacterium_szulgai,4400,4406,6
20081,Mycobacterium_szulgai,4407,4413,6
20082,Mycobacterium_szulgai,4417,4426,9
20083,Mycobacterium_szulgai,4432,4445,13
20084,Mycobacterium_szulgai,4452,4455,3
20085,Mycobacterium_szulgai,4456,4462,6
20086,Mycobacterium_szulgai,4468,4480,12
20087,Mycobacterium_szulgai,4483,4486,3
20088,Mycobacterium_szulgai,4540,4552,12
20089,Mycobacterium_szulgai,4555,4564,9
20090,Mycobacterium_szulgai,4567,4573,6
20091,Mycobacterium_szulgai,4581,4584,3
20092,Mycobacterium_szulgai,5163,5169,6
20093,Mycobacterium_szulgai,5170,5179,9
20094,Mycobacterium_szulgai,5181,5190,9
20095,Mycobacterium_szulgai,5197,5199,2
20096,Mycobacterium_szulgai,5201,5204,3
20097,Mycobacterium_szulgai,5206,5214,8
20098,Mycobacterium_szulgai,5218,5230,12
20099,Mycobacterium_szulgai,5231,5241,10
20100,Mycobacterium_szulgai,5247,5253,6
20101,Mycobacterium_szulgai,5401,5402,1
20102,Mycobacterium_szulgai,6015,6016,1
20103,Mycobacterium_szulgai,6317,6318,1
20104,Mycobacterium_szulgai,6428,6464,36
20105,Mycobacterium_szulgai,6470,6494,24
20106,Mycobacterium_szulgai,7178,7254,76
20107,Mycobacterium_szulgai,7260,7268,8
20108,Mycobacterium_szulgai,7760,7763,3
20109,Mycobacterium_szulgai,8452,8500,48
20110,Mycobacterium_szulgai,8577,8578,1
20111,Mycobacterium_szulgai,8584,8599,15
20112,Mycobacterium_szulgai,8601,8603,2
20113,Mycobacterium_szulgai,8609,8610,1
20114,Mycobacterium_szulgai,8661,8662,1
20115,Mycobacterium_szulgai,8703,8704,1
20116,Mycobacterium_szulgai,8720,8721,1
20117,Mycobacterium_szulgai,8733,8735,2
20118,Mycobacterium_szulgai,8739,8742,3
20119,Mycobacterium_szulgai,8930,8931,1
20120,Mycobacterium_szulgai,8980,8982,2
20121,Mycobacterium_szulgai,8996,8998,2
20122,Mycobacterium_szulgai,9120,9121,1
20123,Mycobacterium_szulgai,9370,9372,2
20124,Mycobacterium_szulgai,9546,9547,1
20125,Mycobacterium_szulgai,9812,9813,1
20126,Mycobacterium_szulgai,9980,9981,1
20127,Mycobacterium_szulgai,9983,9986,3
20128,Mycobacterium_szulgai,10076,10078,2
20129,Mycobacterium_szulgai,10157,10158,1
20130,Mycobacterium_szulgai,10261,10262,1
20131,Mycobacterium_szulgai,10310,10312,2
20132,Mycobacterium_szulgai,10313,10315,2
20133,Mycobacterium_szulgai,10325,10326,1
20134,Mycobacterium_szulgai,10370,10371,1
20135,Mycobacterium_szulgai,10411,10412,1
20136,Mycobacterium_szulgai,10434,10435,1
20137,Mycobacterium_szulgai,10448,10449,1
20138,Mycobacterium_szulgai,10476,10477,1
20139,Mycobacterium_szulgai,10491,10492,1
20140,Mycobacterium_szulgai,10526,10527,1
20141,Mycobacterium_szulgai,10546,10649,103
20142,Mycobacterium_szulgai,10828,10830,2
20143,Mycobacterium_szulgai,10832,10846,14
20144,Mycobacterium_szulgai,10864,10865,1
20145,Mycobacterium_szulgai,10914,10915,1
20146,Mycobacterium_szulgai,10959,10966,7
20147,Mycobacterium_szulgai,10971,10975,4
20148,Mycobacterium_szulgai,11085,11086,1
20149,Mycobacterium_szulgai,11143,11144,1
20150,Mycobacterium_szulgai,11243,11244,1
20151,Mycobacterium_szulgai,11260,11261,1
20152,Mycobacterium_szulgai,11262,11263,1
20153,Mycobacterium_szulgai,11265,11267,2
20154,Mycobacterium_szulgai,11286,11287,1
20155,Mycobacterium_szulgai,11312,11313,1
20156,Mycobacterium_szulgai,11473,11474,1
20157,Mycobacterium_szulgai,11505,11534,29
20158,Mycobacterium_szulgai,11566,11567,1
20159,Mycobacterium_szulgai,11590,11591,1
20160,Mycobacterium_szulgai,11782,11783,1
20161,Mycobacterium_szulgai,11823,11824,1
20162,Mycobacterium_szulgai,11826,11827,1
20163,Mycobacterium_szulgai,11831,11836,5
20164,Mycobacterium_szulgai,11841,11843,2
20165,Mycobacterium_szulgai,11848,11850,2
20166,Mycobacterium_szulgai,11851,11852,1
20167,Mycobacterium_szulgai,11859,11860,1
20168,Mycobacterium_szulgai,11864,11866,2
20169,Mycobacterium_szulgai,11877,11878,1
20170,Mycobacterium_szulgai,11993,11994,1
20171,Mycobacterium_szulgai,12029,12030,1
20172,Mycobacterium_szulgai,12068,12069,1
20173,Mycobacterium_szulgai,12207,12208,1
20174,Mycobacterium_szulgai,12211,12212,1
20175,Mycobacterium_szulgai,12213,12214,1
20176,Mycobacterium_szulgai,12218,12222,4
20177,Mycobacterium_szulgai,12225,12227,2
20178,Mycobacterium_szulgai,12237,12238,1
20179,Mycobacterium_szulgai,12360,12369,9
20180,Mycobacterium_szulgai,12371,12372,1
20181,Mycobacterium_szulgai,12374,12380,6
20182,Mycobacterium_szulgai,12384,12390,6
20183,Mycobacterium_szulgai,12391,12400,9
20184,Mycobacterium_szulgai,12454,12455,1
20185,Mycobacterium_szulgai,12739,12740,1
20186,Mycobacterium_szulgai,13451,13452,1
20187,Mycobacterium_szulgai,13453,13454,1
20188,Mycobacterium_szulgai,13508,13509,1
20189,Mycobacterium_interjectum,1,10,9
20190,Mycobacterium_interjectum,21,39,18
20191,Mycobacterium_interjectum,43,46,3
20192,Mycobacterium_interjectum,62,71,9
20193,Mycobacterium_interjectum,87,107,20
20194,Mycobacterium_interjectum,117,132,15
20195,Mycobacterium_interjectum,133,136,3
20196,Mycobacterium_interjectum,346,349,3
20197,Mycobacterium_interjectum,1542,1583,41
20198,Mycobacterium_interjectum,1587,1676,89
20199,Mycobacterium_interjectum,1678,1691,13
20200,Mycobacterium_interjectum,3317,3381,64
20201,Mycobacterium_interjectum,3403,3460,57
20202,Mycobacterium_interjectum,3473,3479,6
20203,Mycobacterium_interjectum,3485,3491,6
20204,Mycobacterium_interjectum,3642,3645,3
20205,Mycobacterium_interjectum,3650,3653,3
20206,Mycobacterium_interjectum,3655,3667,12
20207,Mycobacterium_interjectum,3782,3788,6
20208,Mycobacterium_interjectum,4400,4406,6
20209,Mycobacterium_interjectum,4407,4413,6
20210,Mycobacterium_interjectum,4417,4426,9
20211,Mycobacterium_interjectum,4432,4445,13
20212,Mycobacterium_interjectum,4452,4455,3
20213,Mycobacterium_interjectum,4456,4462,6
20214,Mycobacterium_interjectum,4468,4480,12
20215,Mycobacterium_interjectum,4483,4486,3
20216,Mycobacterium_interjectum,4540,4552,12
20217,Mycobacterium_interjectum,4555,4564,9
20218,Mycobacterium_interjectum,4567,4573,6
20219,Mycobacterium_interjectum,4581,4584,3
20220,Mycobacterium_interjectum,5163,5169,6
20221,Mycobacterium_interjectum,5170,5179,9
20222,Mycobacterium_interjectum,5181,5190,9
20223,Mycobacterium_interjectum,5197,5199,2
20224,Mycobacterium_interjectum,5201,5204,3
20225,Mycobacterium_interjectum,5206,5214,8
20226,Mycobacterium_interjectum,5218,5230,12
20227,Mycobacterium_interjectum,5231,5241,10
20228,Mycobacterium_interjectum,5247,5253,6
20229,Mycobacterium_interjectum,5401,5402,1
20230,Mycobacterium_interjectum,6015,6016,1
20231,Mycobacterium_interjectum,6431,6452,21
20232,Mycobacterium_interjectum,6456,6462,6
20233,Mycobacterium_interjectum,6470,6494,24
20234,Mycobacterium_interjectum,7178,7254,76
20235,Mycobacterium_interjectum,7260,7268,8
20236,Mycobacterium_interjectum,7760,7763,3
20237,Mycobacterium_interjectum,8452,8500,48
20238,Mycobacterium_interjectum,8577,8578,1
20239,Mycobacterium_interjectum,8584,8599,15
20240,Mycobacterium_interjectum,8601,8603,2
20241,Mycobacterium_interjectum,8609,8610,1
20242,Mycobacterium_interjectum,8661,8662,1
20243,Mycobacterium_interjectum,8703,8704,1
20244,Mycobacterium_interjectum,8720,8721,1
20245,Mycobacterium_interjectum,8733,8735,2
20246,Mycobacterium_interjectum,8739,8742,3
20247,Mycobacterium_interjectum,8930,8931,1
20248,Mycobacterium_interjectum,8980,8982,2
20249,Mycobacterium_interjectum,8987,9001,14
20250,Mycobacterium_interjectum,9120,9121,1
20251,Mycobacterium_interjectum,9370,9372,2
20252,Mycobacterium_interjectum,9546,9547,1
20253,Mycobacterium_interjectum,9812,9813,1
20254,Mycobacterium_interjectum,9983,9986,3
20255,Mycobacterium_interjectum,10076,10078,2
20256,Mycobacterium_interjectum,10157,10158,1
20257,Mycobacterium_interjectum,10261,10262,1
20258,Mycobacterium_interjectum,10310,10312,2
20259,Mycobacterium_interjectum,10313,10315,2
20260,Mycobacterium_interjectum,10325,10326,1
20261,Mycobacterium_interjectum,10370,10371,1
20262,Mycobacterium_interjectum,10434,10435,1
20263,Mycobacterium_interjectum,10448,10449,1
20264,Mycobacterium_interjectum,10476,10477,1
20265,Mycobacterium_interjectum,10491,10492,1
20266,Mycobacterium_interjectum,10526,10527,1
20267,Mycobacterium_interjectum,10546,10649,103
20268,Mycobacterium_interjectum,10828,10830,2
20269,Mycobacterium_interjectum,10832,10846,14
20270,Mycobacterium_interjectum,10864,10865,1
20271,Mycobacterium_interjectum,10914,10915,1
20272,Mycobacterium_interjectum,10965,10977,12
20273,Mycobacterium_interjectum,11085,11086,1
20274,Mycobacterium_interjectum,11143,11144,1
20275,Mycobacterium_interjectum,11243,11244,1
20276,Mycobacterium_interjectum,11260,11261,1
20277,Mycobacterium_interjectum,11262,11263,1
20278,Mycobacterium_interjectum,11265,11267,2
20279,Mycobacterium_interjectum,11286,11287,1
20280,Mycobacterium_interjectum,11312,11313,1
20281,Mycobacterium_interjectum,11473,11474,1
20282,Mycobacterium_interjectum,11505,11534,29
20283,Mycobacterium_interjectum,11566,11567,1
20284,Mycobacterium_interjectum,11590,11591,1
20285,Mycobacterium_interjectum,11782,11783,1
20286,Mycobacterium_interjectum,11823,11824,1
20287,Mycobacterium_interjectum,11826,11827,1
20288,Mycobacterium_interjectum,11831,11836,5
20289,Mycobacterium_interjectum,11848,11850,2
20290,Mycobacterium_interjectum,11851,11852,1
20291,Mycobacterium_interjectum,11859,11860,1
20292,Mycobacterium_interjectum,11864,11866,2
20293,Mycobacterium_interjectum,11877,11878,1
20294,Mycobacterium_interjectum,11990,11991,1
20295,Mycobacterium_interjectum,11993,11994,1
20296,Mycobacterium_interjectum,12029,12030,1
20297,Mycobacterium_interjectum,12068,12069,1
20298,Mycobacterium_interjectum,12207,12208,1
20299,Mycobacterium_interjectum,12211,12212,1
20300,Mycobacterium_interjectum,12213,12214,1
20301,Mycobacterium_interjectum,12218,12222,4
20302,Mycobacterium_interjectum,12225,12227,2
20303,Mycobacterium_interjectum,12237,12238,1
20304,Mycobacterium_interjectum,12360,12369,9
20305,Mycobacterium_interjectum,12371,12380,9
20306,Mycobacterium_interjectum,12384,12390,6
20307,Mycobacterium_interjectum,12391,12400,9
20308,Mycobacterium_interjectum,12454,12455,1
20309,Mycobacterium_interjectum,12739,12740,1
20310,Mycobacterium_interjectum,12798,12925,127
20311,Mycobacterium_interjectum,13451,13452,1
20312,Mycobacterium_interjectum,13453,13454,1
20313,Mycobacterium_interjectum,13508,13509,1
20314,Mycobacterium_palustre,1,10,9
20315,Mycobacterium_palustre,21,39,18
20316,Mycobacterium_palustre,43,46,3
20317,Mycobacterium_palustre,87,107,20
20318,Mycobacterium_palustre,117,132,15
20319,Mycobacterium_palustre,133,136,3
20320,Mycobacterium_palustre,346,349,3
20321,Mycobacterium_palustre,1542,1583,41
20322,Mycobacterium_palustre,1587,1676,89
20323,Mycobacterium_palustre,1678,1691,13
20324,Mycobacterium_palustre,3317,3381,64
20325,Mycobacterium_palustre,3414,3420,6
20326,Mycobacterium_palustre,3424,3460,36
20327,Mycobacterium_palustre,3464,3491,27
20328,Mycobacterium_palustre,3642,3645,3
20329,Mycobacterium_palustre,3650,3653,3
20330,Mycobacterium_palustre,3655,3667,12
20331,Mycobacterium_palustre,3782,3788,6
20332,Mycobacterium_palustre,4400,4406,6
20333,Mycobacterium_palustre,4407,4413,6
20334,Mycobacterium_palustre,4417,4426,9
20335,Mycobacterium_palustre,4432,4445,13
20336,Mycobacterium_palustre,4452,4455,3
20337,Mycobacterium_palustre,4456,4462,6
20338,Mycobacterium_palustre,4468,4480,12
20339,Mycobacterium_palustre,4483,4486,3
20340,Mycobacterium_palustre,4540,4552,12
20341,Mycobacterium_palustre,4555,4564,9
20342,Mycobacterium_palustre,4567,4573,6
20343,Mycobacterium_palustre,4581,4584,3
20344,Mycobacterium_palustre,5163,5169,6
20345,Mycobacterium_palustre,5170,5179,9
20346,Mycobacterium_palustre,5181,5190,9
20347,Mycobacterium_palustre,5197,5199,2
20348,Mycobacterium_palustre,5201,5204,3
20349,Mycobacterium_palustre,5206,5214,8
20350,Mycobacterium_palustre,5218,5230,12
20351,Mycobacterium_palustre,5231,5241,10
20352,Mycobacterium_palustre,5247,5253,6
20353,Mycobacterium_palustre,5401,5402,1
20354,Mycobacterium_palustre,6015,6016,1
20355,Mycobacterium_palustre,6431,6452,21
20356,Mycobacterium_palustre,6456,6462,6
20357,Mycobacterium_palustre,6470,6494,24
20358,Mycobacterium_palustre,7178,7254,76
20359,Mycobacterium_palustre,7260,7268,8
20360,Mycobacterium_palustre,7760,7763,3
20361,Mycobacterium_palustre,8452,8500,48
20362,Mycobacterium_palustre,8577,8578,1
20363,Mycobacterium_palustre,8584,8599,15
20364,Mycobacterium_palustre,8601,8603,2
20365,Mycobacterium_palustre,8609,8610,1
20366,Mycobacterium_palustre,8661,8662,1
20367,Mycobacterium_palustre,8703,8704,1
20368,Mycobacterium_palustre,8720,8721,1
20369,Mycobacterium_palustre,8733,8735,2
20370,Mycobacterium_palustre,8739,8742,3
20371,Mycobacterium_palustre,8930,8931,1
20372,Mycobacterium_palustre,8980,8982,2
20373,Mycobacterium_palustre,8987,9001,14
20374,Mycobacterium_palustre,9120,9121,1
20375,Mycobacterium_palustre,9370,9372,2
20376,Mycobacterium_palustre,9546,9547,1
20377,Mycobacterium_palustre,9812,9814,2
20378,Mycobacterium_palustre,9983,9986,3
20379,Mycobacterium_palustre,10157,10158,1
20380,Mycobacterium_palustre,10261,10262,1
20381,Mycobacterium_palustre,10310,10312,2
20382,Mycobacterium_palustre,10313,10315,2
20383,Mycobacterium_palustre,10325,10326,1
20384,Mycobacterium_palustre,10370,10371,1
20385,Mycobacterium_palustre,10434,10435,1
20386,Mycobacterium_palustre,10448,10449,1
20387,Mycobacterium_palustre,10476,10477,1
20388,Mycobacterium_palustre,10491,10492,1
20389,Mycobacterium_palustre,10526,10527,1
20390,Mycobacterium_palustre,10546,10649,103
20391,Mycobacterium_palustre,10828,10830,2
20392,Mycobacterium_palustre,10832,10846,14
20393,Mycobacterium_palustre,10864,10865,1
20394,Mycobacterium_palustre,10914,10915,1
20395,Mycobacterium_palustre,10957,10982,25
20396,Mycobacterium_palustre,11085,11086,1
20397,Mycobacterium_palustre,11143,11144,1
20398,Mycobacterium_palustre,11243,11244,1
20399,Mycobacterium_palustre,11260,11261,1
20400,Mycobacterium_palustre,11262,11263,1
20401,Mycobacterium_palustre,11265,11267,2
20402,Mycobacterium_palustre,11286,11287,1
20403,Mycobacterium_palustre,11312,11313,1
20404,Mycobacterium_palustre,11473,11474,1
20405,Mycobacterium_palustre,11505,11534,29
20406,Mycobacterium_palustre,11566,11567,1
20407,Mycobacterium_palustre,11590,11591,1
20408,Mycobacterium_palustre,11782,11783,1
20409,Mycobacterium_palustre,11823,11824,1
20410,Mycobacterium_palustre,11826,11827,1
20411,Mycobacterium_palustre,11831,11836,5
20412,Mycobacterium_palustre,11848,11850,2
20413,Mycobacterium_palustre,11851,11852,1
20414,Mycobacterium_palustre,11859,11860,1
20415,Mycobacterium_palustre,11864,11866,2
20416,Mycobacterium_palustre,11877,11878,1
20417,Mycobacterium_palustre,11990,11991,1
20418,Mycobacterium_palustre,11993,11994,1
20419,Mycobacterium_palustre,12029,12030,1
20420,Mycobacterium_palustre,12068,12069,1
20421,Mycobacterium_palustre,12207,12208,1
20422,Mycobacterium_palustre,12211,12212,1
20423,Mycobacterium_palustre,12213,12214,1
20424,Mycobacterium_palustre,12218,12222,4
20425,Mycobacterium_palustre,12225,12227,2
20426,Mycobacterium_palustre,12237,12238,1
20427,Mycobacterium_palustre,12360,12369,9
20428,Mycobacterium_palustre,12371,12380,9
20429,Mycobacterium_palustre,12384,12390,6
20430,Mycobacterium_palustre,12391,12400,9
20431,Mycobacterium_palustre,12454,12455,1
20432,Mycobacterium_palustre,12739,12740,1
20433,Mycobacterium_palustre,12798,12925,127
20434,Mycobacterium_palustre,13451,13452,1
20435,Mycobacterium_palustre,13453,13454,1
20436,Mycobacterium_palustre,13508,13509,1
20437,Mycobacterium_bohemicum,1,10,9
20438,Mycobacterium_bohemicum,24,33,9
20439,Mycobacterium_bohemicum,56,71,15
20440,Mycobacterium_bohemicum,87,107,20
20441,Mycobacterium_bohemicum,117,132,15
20442,Mycobacterium_bohemicum,133,136,3
20443,Mycobacterium_bohemicum,346,349,3
20444,Mycobacterium_bohemicum,1542,1583,41
20445,Mycobacterium_bohemicum,1587,1676,89
20446,Mycobacterium_bohemicum,1678,1691,13
20447,Mycobacterium_bohemicum,3317,3365,48
20448,Mycobacterium_bohemicum,3373,3374,1
20449,Mycobacterium_bohemicum,3414,3420,6
20450,Mycobacterium_bohemicum,3476,3479,3
20451,Mycobacterium_bohemicum,3485,3491,6
20452,Mycobacterium_bohemicum,3642,3645,3
20453,Mycobacterium_bohemicum,3650,3653,3
20454,Mycobacterium_bohemicum,3655,3667,12
20455,Mycobacterium_bohemicum,3782,3788,6
20456,Mycobacterium_bohemicum,4400,4406,6
20457,Mycobacterium_bohemicum,4407,4413,6
20458,Mycobacterium_bohemicum,4432,4445,13
20459,Mycobacterium_bohemicum,4452,4455,3
20460,Mycobacterium_bohemicum,4456,4462,6
20461,Mycobacterium_bohemicum,4468,4480,12
20462,Mycobacterium_bohemicum,4483,4486,3
20463,Mycobacterium_bohemicum,4540,4552,12
20464,Mycobacterium_bohemicum,4555,4564,9
20465,Mycobacterium_bohemicum,4567,4573,6
20466,Mycobacterium_bohemicum,4581,4584,3
20467,Mycobacterium_bohemicum,5163,5169,6
20468,Mycobacterium_bohemicum,5170,5179,9
20469,Mycobacterium_bohemicum,5181,5190,9
20470,Mycobacterium_bohemicum,5197,5199,2
20471,Mycobacterium_bohemicum,5201,5204,3
20472,Mycobacterium_bohemicum,5206,5214,8
20473,Mycobacterium_bohemicum,5218,5230,12
20474,Mycobacterium_bohemicum,5231,5241,10
20475,Mycobacterium_bohemicum,5247,5253,6
20476,Mycobacterium_bohemicum,5401,5402,1
20477,Mycobacterium_bohemicum,6015,6016,1
20478,Mycobacterium_bohemicum,6431,6452,21
20479,Mycobacterium_bohemicum,6456,6462,6
20480,Mycobacterium_bohemicum,6470,6494,24
20481,Mycobacterium_bohemicum,7178,7254,76
20482,Mycobacterium_bohemicum,7260,7268,8
20483,Mycobacterium_bohemicum,7760,7763,3
20484,Mycobacterium_bohemicum,8452,8500,48
20485,Mycobacterium_bohemicum,8577,8578,1
20486,Mycobacterium_bohemicum,8584,8599,15
20487,Mycobacterium_bohemicum,8601,8603,2
20488,Mycobacterium_bohemicum,8609,8610,1
20489,Mycobacterium_bohemicum,8661,8662,1
20490,Mycobacterium_bohemicum,8703,8704,1
20491,Mycobacterium_bohemicum,8720,8721,1
20492,Mycobacterium_bohemicum,8733,8735,2
20493,Mycobacterium_bohemicum,8739,8742,3
20494,Mycobacterium_bohemicum,8930,8931,1
20495,Mycobacterium_bohemicum,8980,8982,2
20496,Mycobacterium_bohemicum,8996,8998,2
20497,Mycobacterium_bohemicum,9120,9121,1
20498,Mycobacterium_bohemicum,9370,9372,2
20499,Mycobacterium_bohemicum,9546,9547,1
20500,Mycobacterium_bohemicum,9812,9813,1
20501,Mycobacterium_bohemicum,9983,9986,3
20502,Mycobacterium_bohemicum,10076,10078,2
20503,Mycobacterium_bohemicum,10157,10158,1
20504,Mycobacterium_bohemicum,10261,10262,1
20505,Mycobacterium_bohemicum,10310,10312,2
20506,Mycobacterium_bohemicum,10313,10315,2
20507,Mycobacterium_bohemicum,10325,10326,1
20508,Mycobacterium_bohemicum,10352,10353,1
20509,Mycobacterium_bohemicum,10370,10371,1
20510,Mycobacterium_bohemicum,10434,10435,1
20511,Mycobacterium_bohemicum,10448,10449,1
20512,Mycobacterium_bohemicum,10476,10477,1
20513,Mycobacterium_bohemicum,10491,10492,1
20514,Mycobacterium_bohemicum,10526,10527,1
20515,Mycobacterium_bohemicum,10546,10649,103
20516,Mycobacterium_bohemicum,10828,10830,2
20517,Mycobacterium_bohemicum,10832,10846,14
20518,Mycobacterium_bohemicum,10864,10865,1
20519,Mycobacterium_bohemicum,10914,10915,1
20520,Mycobacterium_bohemicum,10965,10977,12
20521,Mycobacterium_bohemicum,11085,11086,1
20522,Mycobacterium_bohemicum,11143,11144,1
20523,Mycobacterium_bohemicum,11243,11244,1
20524,Mycobacterium_bohemicum,11260,11261,1
20525,Mycobacterium_bohemicum,11262,11263,1
20526,Mycobacterium_bohemicum,11265,11267,2
20527,Mycobacterium_bohemicum,11286,11287,1
20528,Mycobacterium_bohemicum,11312,11313,1
20529,Mycobacterium_bohemicum,11473,11474,1
20530,Mycobacterium_bohemicum,11505,11534,29
20531,Mycobacterium_bohemicum,11566,11567,1
20532,Mycobacterium_bohemicum,11590,11591,1
20533,Mycobacterium_bohemicum,11782,11783,1
20534,Mycobacterium_bohemicum,11823,11824,1
20535,Mycobacterium_bohemicum,11826,11827,1
20536,Mycobacterium_bohemicum,11831,11836,5
20537,Mycobacterium_bohemicum,11841,11843,2
20538,Mycobacterium_bohemicum,11848,11850,2
20539,Mycobacterium_bohemicum,11851,11852,1
20540,Mycobacterium_bohemicum,11859,11860,1
20541,Mycobacterium_bohemicum,11864,11866,2
20542,Mycobacterium_bohemicum,11877,11878,1
20543,Mycobacterium_bohemicum,11993,11994,1
20544,Mycobacterium_bohemicum,12029,12030,1
20545,Mycobacterium_bohemicum,12068,12069,1
20546,Mycobacterium_bohemicum,12207,12208,1
20547,Mycobacterium_bohemicum,12211,12212,1
20548,Mycobacterium_bohemicum,12213,12215,2
20549,Mycobacterium_bohemicum,12218,12222,4
20550,Mycobacterium_bohemicum,12225,12227,2
20551,Mycobacterium_bohemicum,12237,12238,1
20552,Mycobacterium_bohemicum,12360,12369,9
20553,Mycobacterium_bohemicum,12371,12380,9
20554,Mycobacterium_bohemicum,12384,12390,6
20555,Mycobacterium_bohemicum,12391,12400,9
20556,Mycobacterium_bohemicum,12454,12455,1
20557,Mycobacterium_bohemicum,12739,12740,1
20558,Mycobacterium_bohemicum,12798,12925,127
20559,Mycobacterium_bohemicum,13451,13452,1
20560,Mycobacterium_bohemicum,13453,13454,1
20561,Mycobacterium_bohemicum,13508,13509,1
20562,Mycolicibacillus_trivialis,1,10,9
20563,Mycolicibacillus_trivialis,21,39,18
20564,Mycolicibacillus_trivialis,43,46,3
20565,Mycolicibacillus_trivialis,64,102,38
20566,Mycolicibacillus_trivialis,117,132,15
20567,Mycolicibacillus_trivialis,133,136,3
20568,Mycolicibacillus_trivialis,346,349,3
20569,Mycolicibacillus_trivialis,1542,1691,149
20570,Mycolicibacillus_trivialis,3317,3365,48
20571,Mycolicibacillus_trivialis,3373,3374,1
20572,Mycolicibacillus_trivialis,3414,3477,63
20573,Mycolicibacillus_trivialis,3485,3491,6
20574,Mycolicibacillus_trivialis,3642,3645,3
20575,Mycolicibacillus_trivialis,3650,3653,3
20576,Mycolicibacillus_trivialis,3655,3667,12
20577,Mycolicibacillus_trivialis,3782,3788,6
20578,Mycolicibacillus_trivialis,4400,4406,6
20579,Mycolicibacillus_trivialis,4407,4413,6
20580,Mycolicibacillus_trivialis,4417,4426,9
20581,Mycolicibacillus_trivialis,4432,4445,13
20582,Mycolicibacillus_trivialis,4452,4455,3
20583,Mycolicibacillus_trivialis,4456,4480,24
20584,Mycolicibacillus_trivialis,4483,4486,3
20585,Mycolicibacillus_trivialis,4540,4552,12
20586,Mycolicibacillus_trivialis,4555,4564,9
20587,Mycolicibacillus_trivialis,4567,4573,6
20588,Mycolicibacillus_trivialis,4581,4584,3
20589,Mycolicibacillus_trivialis,5163,5169,6
20590,Mycolicibacillus_trivialis,5170,5179,9
20591,Mycolicibacillus_trivialis,5181,5190,9
20592,Mycolicibacillus_trivialis,5197,5199,2
20593,Mycolicibacillus_trivialis,5201,5204,3
20594,Mycolicibacillus_trivialis,5206,5214,8
20595,Mycolicibacillus_trivialis,5218,5230,12
20596,Mycolicibacillus_trivialis,5231,5241,10
20597,Mycolicibacillus_trivialis,5247,5253,6
20598,Mycolicibacillus_trivialis,5401,5402,1
20599,Mycolicibacillus_trivialis,6015,6016,1
20600,Mycolicibacillus_trivialis,6431,6452,21
20601,Mycolicibacillus_trivialis,6456,6462,6
20602,Mycolicibacillus_trivialis,6470,6494,24
20603,Mycolicibacillus_trivialis,7178,7254,76
20604,Mycolicibacillus_trivialis,7260,7268,8
20605,Mycolicibacillus_trivialis,7760,7763,3
20606,Mycolicibacillus_trivialis,8452,8500,48
20607,Mycolicibacillus_trivialis,8577,8578,1
20608,Mycolicibacillus_trivialis,8584,8599,15
20609,Mycolicibacillus_trivialis,8601,8603,2
20610,Mycolicibacillus_trivialis,8609,8610,1
20611,Mycolicibacillus_trivialis,8661,8662,1
20612,Mycolicibacillus_trivialis,8703,8704,1
20613,Mycolicibacillus_trivialis,8720,8721,1
20614,Mycolicibacillus_trivialis,8733,8735,2
20615,Mycolicibacillus_trivialis,8739,8742,3
20616,Mycolicibacillus_trivialis,8930,8931,1
20617,Mycolicibacillus_trivialis,8980,8982,2
20618,Mycolicibacillus_trivialis,8984,8998,14
20619,Mycolicibacillus_trivialis,9120,9121,1
20620,Mycolicibacillus_trivialis,9370,9372,2
20621,Mycolicibacillus_trivialis,9546,9547,1
20622,Mycolicibacillus_trivialis,9812,9813,1
20623,Mycolicibacillus_trivialis,9984,9986,2
20624,Mycolicibacillus_trivialis,10076,10078,2
20625,Mycolicibacillus_trivialis,10157,10158,1
20626,Mycolicibacillus_trivialis,10261,10262,1
20627,Mycolicibacillus_trivialis,10310,10312,2
20628,Mycolicibacillus_trivialis,10313,10315,2
20629,Mycolicibacillus_trivialis,10325,10326,1
20630,Mycolicibacillus_trivialis,10370,10371,1
20631,Mycolicibacillus_trivialis,10416,10417,1
20632,Mycolicibacillus_trivialis,10448,10449,1
20633,Mycolicibacillus_trivialis,10476,10477,1
20634,Mycolicibacillus_trivialis,10491,10492,1
20635,Mycolicibacillus_trivialis,10526,10527,1
20636,Mycolicibacillus_trivialis,10546,10649,103
20637,Mycolicibacillus_trivialis,10828,10830,2
20638,Mycolicibacillus_trivialis,10835,10842,7
20639,Mycolicibacillus_trivialis,10864,10865,1
20640,Mycolicibacillus_trivialis,10914,10915,1
20641,Mycolicibacillus_trivialis,10962,10977,15
20642,Mycolicibacillus_trivialis,11085,11086,1
20643,Mycolicibacillus_trivialis,11143,11144,1
20644,Mycolicibacillus_trivialis,11243,11244,1
20645,Mycolicibacillus_trivialis,11265,11267,2
20646,Mycolicibacillus_trivialis,11286,11287,1
20647,Mycolicibacillus_trivialis,11312,11313,1
20648,Mycolicibacillus_trivialis,11473,11474,1
20649,Mycolicibacillus_trivialis,11505,11512,7
20650,Mycolicibacillus_trivialis,11513,11514,1
20651,Mycolicibacillus_trivialis,11520,11521,1
20652,Mycolicibacillus_trivialis,11524,11533,9
20653,Mycolicibacillus_trivialis,11566,11567,1
20654,Mycolicibacillus_trivialis,11782,11783,1
20655,Mycolicibacillus_trivialis,11823,11824,1
20656,Mycolicibacillus_trivialis,11831,11836,5
20657,Mycolicibacillus_trivialis,11851,11852,1
20658,Mycolicibacillus_trivialis,11859,11865,6
20659,Mycolicibacillus_trivialis,11877,11878,1
20660,Mycolicibacillus_trivialis,12029,12030,1
20661,Mycolicibacillus_trivialis,12068,12069,1
20662,Mycolicibacillus_trivialis,12207,12208,1
20663,Mycolicibacillus_trivialis,12211,12212,1
20664,Mycolicibacillus_trivialis,12213,12214,1
20665,Mycolicibacillus_trivialis,12218,12222,4
20666,Mycolicibacillus_trivialis,12226,12227,1
20667,Mycolicibacillus_trivialis,12237,12238,1
20668,Mycolicibacillus_trivialis,12360,12380,20
20669,Mycolicibacillus_trivialis,12385,12390,5
20670,Mycolicibacillus_trivialis,12391,12393,2
20671,Mycolicibacillus_trivialis,12454,12455,1
20672,Mycolicibacillus_trivialis,12739,12740,1
20673,Mycolicibacillus_trivialis,12798,12925,127
20674,Mycolicibacillus_trivialis,13451,13452,1
20675,Mycolicibacillus_trivialis,13453,13454,1
20676,Mycolicibacillus_trivialis,13508,13509,1
20677,Mycobacterium_sherrisii,1,10,9
20678,Mycobacterium_sherrisii,21,39,18
20679,Mycobacterium_sherrisii,43,46,3
20680,Mycobacterium_sherrisii,53,71,18
20681,Mycobacterium_sherrisii,87,107,20
20682,Mycobacterium_sherrisii,117,132,15
20683,Mycobacterium_sherrisii,133,136,3
20684,Mycobacterium_sherrisii,346,349,3
20685,Mycobacterium_sherrisii,1542,1691,149
20686,Mycobacterium_sherrisii,3317,3381,64
20687,Mycobacterium_sherrisii,3414,3420,6
20688,Mycobacterium_sherrisii,3422,3482,60
20689,Mycobacterium_sherrisii,3485,3491,6
20690,Mycobacterium_sherrisii,3642,3645,3
20691,Mycobacterium_sherrisii,3650,3653,3
20692,Mycobacterium_sherrisii,3655,3667,12
20693,Mycobacterium_sherrisii,3782,3788,6
20694,Mycobacterium_sherrisii,4400,4406,6
20695,Mycobacterium_sherrisii,4407,4413,6
20696,Mycobacterium_sherrisii,4417,4426,9
20697,Mycobacterium_sherrisii,4432,4445,13
20698,Mycobacterium_sherrisii,4452,4455,3
20699,Mycobacterium_sherrisii,4456,4462,6
20700,Mycobacterium_sherrisii,4468,4480,12
20701,Mycobacterium_sherrisii,4483,4486,3
20702,Mycobacterium_sherrisii,4540,4552,12
20703,Mycobacterium_sherrisii,4555,4564,9
20704,Mycobacterium_sherrisii,4567,4573,6
20705,Mycobacterium_sherrisii,4581,4584,3
20706,Mycobacterium_sherrisii,5163,5169,6
20707,Mycobacterium_sherrisii,5170,5179,9
20708,Mycobacterium_sherrisii,5181,5190,9
20709,Mycobacterium_sherrisii,5197,5199,2
20710,Mycobacterium_sherrisii,5201,5204,3
20711,Mycobacterium_sherrisii,5206,5214,8
20712,Mycobacterium_sherrisii,5218,5230,12
20713,Mycobacterium_sherrisii,5231,5241,10
20714,Mycobacterium_sherrisii,5247,5253,6
20715,Mycobacterium_sherrisii,5401,5402,1
20716,Mycobacterium_sherrisii,6015,6016,1
20717,Mycobacterium_sherrisii,6428,6464,36
20718,Mycobacterium_sherrisii,6470,6494,24
20719,Mycobacterium_sherrisii,7178,7254,76
20720,Mycobacterium_sherrisii,7260,7268,8
20721,Mycobacterium_sherrisii,7760,7763,3
20722,Mycobacterium_sherrisii,8452,8500,48
20723,Mycobacterium_sherrisii,8577,8578,1
20724,Mycobacterium_sherrisii,8584,8599,15
20725,Mycobacterium_sherrisii,8601,8603,2
20726,Mycobacterium_sherrisii,8609,8610,1
20727,Mycobacterium_sherrisii,8661,8662,1
20728,Mycobacterium_sherrisii,8703,8704,1
20729,Mycobacterium_sherrisii,8720,8721,1
20730,Mycobacterium_sherrisii,8733,8735,2
20731,Mycobacterium_sherrisii,8739,8742,3
20732,Mycobacterium_sherrisii,8930,8931,1
20733,Mycobacterium_sherrisii,8980,8982,2
20734,Mycobacterium_sherrisii,8987,9001,14
20735,Mycobacterium_sherrisii,9120,9121,1
20736,Mycobacterium_sherrisii,9370,9372,2
20737,Mycobacterium_sherrisii,9546,9547,1
20738,Mycobacterium_sherrisii,9812,9813,1
20739,Mycobacterium_sherrisii,9983,9987,4
20740,Mycobacterium_sherrisii,10076,10078,2
20741,Mycobacterium_sherrisii,10157,10158,1
20742,Mycobacterium_sherrisii,10261,10262,1
20743,Mycobacterium_sherrisii,10310,10312,2
20744,Mycobacterium_sherrisii,10313,10315,2
20745,Mycobacterium_sherrisii,10325,10326,1
20746,Mycobacterium_sherrisii,10370,10371,1
20747,Mycobacterium_sherrisii,10434,10435,1
20748,Mycobacterium_sherrisii,10448,10449,1
20749,Mycobacterium_sherrisii,10476,10477,1
20750,Mycobacterium_sherrisii,10491,10492,1
20751,Mycobacterium_sherrisii,10526,10527,1
20752,Mycobacterium_sherrisii,10546,10649,103
20753,Mycobacterium_sherrisii,10828,10830,2
20754,Mycobacterium_sherrisii,10832,10846,14
20755,Mycobacterium_sherrisii,10864,10865,1
20756,Mycobacterium_sherrisii,10914,10915,1
20757,Mycobacterium_sherrisii,10958,10983,25
20758,Mycobacterium_sherrisii,11085,11086,1
20759,Mycobacterium_sherrisii,11143,11144,1
20760,Mycobacterium_sherrisii,11243,11244,1
20761,Mycobacterium_sherrisii,11260,11261,1
20762,Mycobacterium_sherrisii,11262,11263,1
20763,Mycobacterium_sherrisii,11265,11267,2
20764,Mycobacterium_sherrisii,11286,11287,1
20765,Mycobacterium_sherrisii,11312,11313,1
20766,Mycobacterium_sherrisii,11473,11474,1
20767,Mycobacterium_sherrisii,11505,11534,29
20768,Mycobacterium_sherrisii,11566,11567,1
20769,Mycobacterium_sherrisii,11590,11591,1
20770,Mycobacterium_sherrisii,11782,11783,1
20771,Mycobacterium_sherrisii,11823,11824,1
20772,Mycobacterium_sherrisii,11826,11827,1
20773,Mycobacterium_sherrisii,11831,11836,5
20774,Mycobacterium_sherrisii,11847,11852,5
20775,Mycobacterium_sherrisii,11859,11860,1
20776,Mycobacterium_sherrisii,11864,11866,2
20777,Mycobacterium_sherrisii,11877,11878,1
20778,Mycobacterium_sherrisii,11993,11995,2
20779,Mycobacterium_sherrisii,12029,12030,1
20780,Mycobacterium_sherrisii,12068,12069,1
20781,Mycobacterium_sherrisii,12207,12208,1
20782,Mycobacterium_sherrisii,12211,12212,1
20783,Mycobacterium_sherrisii,12213,12214,1
20784,Mycobacterium_sherrisii,12218,12222,4
20785,Mycobacterium_sherrisii,12225,12227,2
20786,Mycobacterium_sherrisii,12237,12238,1
20787,Mycobacterium_sherrisii,12360,12369,9
20788,Mycobacterium_sherrisii,12371,12372,1
20789,Mycobacterium_sherrisii,12374,12380,6
20790,Mycobacterium_sherrisii,12384,12390,6
20791,Mycobacterium_sherrisii,12391,12400,9
20792,Mycobacterium_sherrisii,12454,12455,1
20793,Mycobacterium_sherrisii,12738,12740,2
20794,Mycobacterium_sherrisii,12798,12925,127
20795,Mycobacterium_sherrisii,13451,13452,1
20796,Mycobacterium_sherrisii,13453,13454,1
20797,Mycobacterium_sherrisii,13508,13509,1
20798,Mycobacterium_intermedium,1,10,9
20799,Mycobacterium_intermedium,21,39,18
20800,Mycobacterium_intermedium,43,46,3
20801,Mycobacterium_intermedium,56,71,15
20802,Mycobacterium_intermedium,87,107,20
20803,Mycobacterium_intermedium,117,132,15
20804,Mycobacterium_intermedium,133,136,3
20805,Mycobacterium_intermedium,346,349,3
20806,Mycobacterium_intermedium,1542,1691,149
20807,Mycobacterium_intermedium,3317,3381,64
20808,Mycobacterium_intermedium,3414,3420,6
20809,Mycobacterium_intermedium,3425,3479,54
20810,Mycobacterium_intermedium,3485,3491,6
20811,Mycobacterium_intermedium,3642,3645,3
20812,Mycobacterium_intermedium,3650,3653,3
20813,Mycobacterium_intermedium,3655,3667,12
20814,Mycobacterium_intermedium,3782,3788,6
20815,Mycobacterium_intermedium,4400,4406,6
20816,Mycobacterium_intermedium,4407,4413,6
20817,Mycobacterium_intermedium,4417,4420,3
20818,Mycobacterium_intermedium,4425,4426,1
20819,Mycobacterium_intermedium,4432,4445,13
20820,Mycobacterium_intermedium,4447,4449,2
20821,Mycobacterium_intermedium,4452,4455,3
20822,Mycobacterium_intermedium,4456,4462,6
20823,Mycobacterium_intermedium,4468,4480,12
20824,Mycobacterium_intermedium,4483,4486,3
20825,Mycobacterium_intermedium,4540,4552,12
20826,Mycobacterium_intermedium,4555,4564,9
20827,Mycobacterium_intermedium,4567,4573,6
20828,Mycobacterium_intermedium,4581,4584,3
20829,Mycobacterium_intermedium,5163,5169,6
20830,Mycobacterium_intermedium,5170,5179,9
20831,Mycobacterium_intermedium,5181,5190,9
20832,Mycobacterium_intermedium,5197,5199,2
20833,Mycobacterium_intermedium,5201,5204,3
20834,Mycobacterium_intermedium,5206,5214,8
20835,Mycobacterium_intermedium,5218,5230,12
20836,Mycobacterium_intermedium,5231,5241,10
20837,Mycobacterium_intermedium,5247,5253,6
20838,Mycobacterium_intermedium,5401,5402,1
20839,Mycobacterium_intermedium,6015,6016,1
20840,Mycobacterium_intermedium,6431,6452,21
20841,Mycobacterium_intermedium,6456,6462,6
20842,Mycobacterium_intermedium,6470,6494,24
20843,Mycobacterium_intermedium,7178,7254,76
20844,Mycobacterium_intermedium,7260,7268,8
20845,Mycobacterium_intermedium,7760,7763,3
20846,Mycobacterium_intermedium,8452,8500,48
20847,Mycobacterium_intermedium,8577,8578,1
20848,Mycobacterium_intermedium,8584,8599,15
20849,Mycobacterium_intermedium,8601,8603,2
20850,Mycobacterium_intermedium,8609,8610,1
20851,Mycobacterium_intermedium,8661,8662,1
20852,Mycobacterium_intermedium,8703,8704,1
20853,Mycobacterium_intermedium,8733,8735,2
20854,Mycobacterium_intermedium,8739,8742,3
20855,Mycobacterium_intermedium,8930,8931,1
20856,Mycobacterium_intermedium,8980,8982,2
20857,Mycobacterium_intermedium,8987,9001,14
20858,Mycobacterium_intermedium,9120,9121,1
20859,Mycobacterium_intermedium,9370,9372,2
20860,Mycobacterium_intermedium,9546,9547,1
20861,Mycobacterium_intermedium,9812,9813,1
20862,Mycobacterium_intermedium,9983,9986,3
20863,Mycobacterium_intermedium,10076,10078,2
20864,Mycobacterium_intermedium,10157,10158,1
20865,Mycobacterium_intermedium,10261,10262,1
20866,Mycobacterium_intermedium,10310,10312,2
20867,Mycobacterium_intermedium,10313,10315,2
20868,Mycobacterium_intermedium,10325,10326,1
20869,Mycobacterium_intermedium,10370,10371,1
20870,Mycobacterium_intermedium,10434,10435,1
20871,Mycobacterium_intermedium,10448,10449,1
20872,Mycobacterium_intermedium,10476,10477,1
20873,Mycobacterium_intermedium,10491,10492,1
20874,Mycobacterium_intermedium,10526,10527,1
20875,Mycobacterium_intermedium,10546,10649,103
20876,Mycobacterium_intermedium,10828,10830,2
20877,Mycobacterium_intermedium,10832,10846,14
20878,Mycobacterium_intermedium,10864,10865,1
20879,Mycobacterium_intermedium,10914,10915,1
20880,Mycobacterium_intermedium,10959,10966,7
20881,Mycobacterium_intermedium,10971,10975,4
20882,Mycobacterium_intermedium,11085,11086,1
20883,Mycobacterium_intermedium,11143,11144,1
20884,Mycobacterium_intermedium,11243,11244,1
20885,Mycobacterium_intermedium,11260,11261,1
20886,Mycobacterium_intermedium,11262,11263,1
20887,Mycobacterium_intermedium,11265,11267,2
20888,Mycobacterium_intermedium,11286,11287,1
20889,Mycobacterium_intermedium,11312,11313,1
20890,Mycobacterium_intermedium,11473,11474,1
20891,Mycobacterium_intermedium,11505,11511,6
20892,Mycobacterium_intermedium,11513,11514,1
20893,Mycobacterium_intermedium,11520,11534,14
20894,Mycobacterium_intermedium,11566,11567,1
20895,Mycobacterium_intermedium,11590,11591,1
20896,Mycobacterium_intermedium,11782,11783,1
20897,Mycobacterium_intermedium,11823,11824,1
20898,Mycobacterium_intermedium,11826,11827,1
20899,Mycobacterium_intermedium,11831,11836,5
20900,Mycobacterium_intermedium,11841,11843,2
20901,Mycobacterium_intermedium,11848,11850,2
20902,Mycobacterium_intermedium,11851,11852,1
20903,Mycobacterium_intermedium,11859,11860,1
20904,Mycobacterium_intermedium,11864,11866,2
20905,Mycobacterium_intermedium,11877,11878,1
20906,Mycobacterium_intermedium,11993,11994,1
20907,Mycobacterium_intermedium,12029,12030,1
20908,Mycobacterium_intermedium,12068,12069,1
20909,Mycobacterium_intermedium,12207,12208,1
20910,Mycobacterium_intermedium,12211,12212,1
20911,Mycobacterium_intermedium,12213,12214,1
20912,Mycobacterium_intermedium,12218,12222,4
20913,Mycobacterium_intermedium,12225,12227,2
20914,Mycobacterium_intermedium,12237,12238,1
20915,Mycobacterium_intermedium,12360,12369,9
20916,Mycobacterium_intermedium,12371,12372,1
20917,Mycobacterium_intermedium,12374,12380,6
20918,Mycobacterium_intermedium,12384,12390,6
20919,Mycobacterium_intermedium,12391,12400,9
20920,Mycobacterium_intermedium,12454,12455,1
20921,Mycobacterium_intermedium,12739,12740,1
20922,Mycobacterium_intermedium,12798,12925,127
20923,Mycobacterium_intermedium,13451,13452,1
20924,Mycobacterium_intermedium,13453,13454,1
20925,Mycobacterium_intermedium,13508,13509,1
20926,Mycobacterium_bouchedurhonense,1,10,9
20927,Mycobacterium_bouchedurhonense,24,36,12
20928,Mycobacterium_bouchedurhonense,43,46,3
20929,Mycobacterium_bouchedurhonense,53,71,18
20930,Mycobacterium_bouchedurhonense,87,107,20
20931,Mycobacterium_bouchedurhonense,117,132,15
20932,Mycobacterium_bouchedurhonense,133,136,3
20933,Mycobacterium_bouchedurhonense,346,349,3
20934,Mycobacterium_bouchedurhonense,1542,1691,149
20935,Mycobacterium_bouchedurhonense,3317,3381,64
20936,Mycobacterium_bouchedurhonense,3414,3420,6
20937,Mycobacterium_bouchedurhonense,3424,3460,36
20938,Mycobacterium_bouchedurhonense,3485,3491,6
20939,Mycobacterium_bouchedurhonense,3642,3645,3
20940,Mycobacterium_bouchedurhonense,3650,3653,3
20941,Mycobacterium_bouchedurhonense,3655,3667,12
20942,Mycobacterium_bouchedurhonense,3782,3788,6
20943,Mycobacterium_bouchedurhonense,4400,4406,6
20944,Mycobacterium_bouchedurhonense,4407,4413,6
20945,Mycobacterium_bouchedurhonense,4417,4426,9
20946,Mycobacterium_bouchedurhonense,4432,4445,13
20947,Mycobacterium_bouchedurhonense,4452,4455,3
20948,Mycobacterium_bouchedurhonense,4456,4462,6
20949,Mycobacterium_bouchedurhonense,4468,4480,12
20950,Mycobacterium_bouchedurhonense,4483,4486,3
20951,Mycobacterium_bouchedurhonense,4540,4552,12
20952,Mycobacterium_bouchedurhonense,4555,4564,9
20953,Mycobacterium_bouchedurhonense,4567,4573,6
20954,Mycobacterium_bouchedurhonense,4581,4584,3
20955,Mycobacterium_bouchedurhonense,5163,5169,6
20956,Mycobacterium_bouchedurhonense,5170,5179,9
20957,Mycobacterium_bouchedurhonense,5181,5190,9
20958,Mycobacterium_bouchedurhonense,5197,5199,2
20959,Mycobacterium_bouchedurhonense,5201,5204,3
20960,Mycobacterium_bouchedurhonense,5206,5214,8
20961,Mycobacterium_bouchedurhonense,5218,5230,12
20962,Mycobacterium_bouchedurhonense,5231,5241,10
20963,Mycobacterium_bouchedurhonense,5247,5253,6
20964,Mycobacterium_bouchedurhonense,5401,5402,1
20965,Mycobacterium_bouchedurhonense,6015,6016,1
20966,Mycobacterium_bouchedurhonense,6428,6464,36
20967,Mycobacterium_bouchedurhonense,6470,6494,24
20968,Mycobacterium_bouchedurhonense,7178,7254,76
20969,Mycobacterium_bouchedurhonense,7260,7268,8
20970,Mycobacterium_bouchedurhonense,7760,7763,3
20971,Mycobacterium_bouchedurhonense,8452,8500,48
20972,Mycobacterium_bouchedurhonense,8577,8578,1
20973,Mycobacterium_bouchedurhonense,8584,8599,15
20974,Mycobacterium_bouchedurhonense,8601,8603,2
20975,Mycobacterium_bouchedurhonense,8609,8610,1
20976,Mycobacterium_bouchedurhonense,8661,8662,1
20977,Mycobacterium_bouchedurhonense,8703,8704,1
20978,Mycobacterium_bouchedurhonense,8720,8721,1
20979,Mycobacterium_bouchedurhonense,8733,8735,2
20980,Mycobacterium_bouchedurhonense,8739,8742,3
20981,Mycobacterium_bouchedurhonense,8930,8931,1
20982,Mycobacterium_bouchedurhonense,8980,8982,2
20983,Mycobacterium_bouchedurhonense,8996,8998,2
20984,Mycobacterium_bouchedurhonense,9120,9121,1
20985,Mycobacterium_bouchedurhonense,9370,9372,2
20986,Mycobacterium_bouchedurhonense,9546,9547,1
20987,Mycobacterium_bouchedurhonense,9812,9813,1
20988,Mycobacterium_bouchedurhonense,9984,9986,2
20989,Mycobacterium_bouchedurhonense,10076,10078,2
20990,Mycobacterium_bouchedurhonense,10157,10158,1
20991,Mycobacterium_bouchedurhonense,10261,10262,1
20992,Mycobacterium_bouchedurhonense,10310,10312,2
20993,Mycobacterium_bouchedurhonense,10313,10315,2
20994,Mycobacterium_bouchedurhonense,10325,10326,1
20995,Mycobacterium_bouchedurhonense,10352,10353,1
20996,Mycobacterium_bouchedurhonense,10370,10371,1
20997,Mycobacterium_bouchedurhonense,10434,10435,1
20998,Mycobacterium_bouchedurhonense,10448,10449,1
20999,Mycobacterium_bouchedurhonense,10476,10477,1
21000,Mycobacterium_bouchedurhonense,10491,10492,1
21001,Mycobacterium_bouchedurhonense,10526,10527,1
21002,Mycobacterium_bouchedurhonense,10546,10649,103
21003,Mycobacterium_bouchedurhonense,10828,10830,2
21004,Mycobacterium_bouchedurhonense,10832,10846,14
21005,Mycobacterium_bouchedurhonense,10864,10865,1
21006,Mycobacterium_bouchedurhonense,10914,10915,1
21007,Mycobacterium_bouchedurhonense,10965,10977,12
21008,Mycobacterium_bouchedurhonense,11085,11086,1
21009,Mycobacterium_bouchedurhonense,11143,11144,1
21010,Mycobacterium_bouchedurhonense,11243,11244,1
21011,Mycobacterium_bouchedurhonense,11260,11261,1
21012,Mycobacterium_bouchedurhonense,11262,11263,1
21013,Mycobacterium_bouchedurhonense,11265,11267,2
21014,Mycobacterium_bouchedurhonense,11286,11287,1
21015,Mycobacterium_bouchedurhonense,11312,11313,1
21016,Mycobacterium_bouchedurhonense,11473,11474,1
21017,Mycobacterium_bouchedurhonense,11505,11511,6
21018,Mycobacterium_bouchedurhonense,11513,11514,1
21019,Mycobacterium_bouchedurhonense,11520,11521,1
21020,Mycobacterium_bouchedurhonense,11523,11533,10
21021,Mycobacterium_bouchedurhonense,11566,11567,1
21022,Mycobacterium_bouchedurhonense,11590,11591,1
21023,Mycobacterium_bouchedurhonense,11782,11783,1
21024,Mycobacterium_bouchedurhonense,11823,11824,1
21025,Mycobacterium_bouchedurhonense,11826,11827,1
21026,Mycobacterium_bouchedurhonense,11831,11836,5
21027,Mycobacterium_bouchedurhonense,11848,11850,2
21028,Mycobacterium_bouchedurhonense,11851,11852,1
21029,Mycobacterium_bouchedurhonense,11859,11860,1
21030,Mycobacterium_bouchedurhonense,11864,11866,2
21031,Mycobacterium_bouchedurhonense,11877,11878,1
21032,Mycobacterium_bouchedurhonense,11993,11994,1
21033,Mycobacterium_bouchedurhonense,12029,12030,1
21034,Mycobacterium_bouchedurhonense,12068,12069,1
21035,Mycobacterium_bouchedurhonense,12207,12208,1
21036,Mycobacterium_bouchedurhonense,12211,12212,1
21037,Mycobacterium_bouchedurhonense,12213,12214,1
21038,Mycobacterium_bouchedurhonense,12218,12222,4
21039,Mycobacterium_bouchedurhonense,12225,12227,2
21040,Mycobacterium_bouchedurhonense,12237,12238,1
21041,Mycobacterium_bouchedurhonense,12360,12369,9
21042,Mycobacterium_bouchedurhonense,12371,12372,1
21043,Mycobacterium_bouchedurhonense,12374,12380,6
21044,Mycobacterium_bouchedurhonense,12384,12390,6
21045,Mycobacterium_bouchedurhonense,12391,12400,9
21046,Mycobacterium_bouchedurhonense,12454,12455,1
21047,Mycobacterium_bouchedurhonense,12738,12740,2
21048,Mycobacterium_bouchedurhonense,12798,12925,127
21049,Mycobacterium_bouchedurhonense,13451,13452,1
21050,Mycobacterium_bouchedurhonense,13453,13454,1
21051,Mycobacterium_bouchedurhonense,13508,13509,1
21052,Mycolicibacterium_pyrenivorans,1,10,9
21053,Mycolicibacterium_pyrenivorans,21,39,18
21054,Mycolicibacterium_pyrenivorans,43,46,3
21055,Mycolicibacterium_pyrenivorans,63,107,44
21056,Mycolicibacterium_pyrenivorans,117,126,9
21057,Mycolicibacterium_pyrenivorans,133,136,3
21058,Mycolicibacterium_pyrenivorans,346,349,3
21059,Mycolicibacterium_pyrenivorans,1542,1691,149
21060,Mycolicibacterium_pyrenivorans,3317,3365,48
21061,Mycolicibacterium_pyrenivorans,3373,3374,1
21062,Mycolicibacterium_pyrenivorans,3409,3421,12
21063,Mycolicibacterium_pyrenivorans,3424,3478,54
21064,Mycolicibacterium_pyrenivorans,3485,3491,6
21065,Mycolicibacterium_pyrenivorans,3642,3645,3
21066,Mycolicibacterium_pyrenivorans,3650,3653,3
21067,Mycolicibacterium_pyrenivorans,3655,3667,12
21068,Mycolicibacterium_pyrenivorans,3782,3788,6
21069,Mycolicibacterium_pyrenivorans,4400,4406,6
21070,Mycolicibacterium_pyrenivorans,4407,4413,6
21071,Mycolicibacterium_pyrenivorans,4417,4426,9
21072,Mycolicibacterium_pyrenivorans,4432,4445,13
21073,Mycolicibacterium_pyrenivorans,4452,4455,3
21074,Mycolicibacterium_pyrenivorans,4456,4462,6
21075,Mycolicibacterium_pyrenivorans,4468,4474,6
21076,Mycolicibacterium_pyrenivorans,4475,4481,6
21077,Mycolicibacterium_pyrenivorans,4483,4486,3
21078,Mycolicibacterium_pyrenivorans,4540,4552,12
21079,Mycolicibacterium_pyrenivorans,4555,4564,9
21080,Mycolicibacterium_pyrenivorans,4567,4573,6
21081,Mycolicibacterium_pyrenivorans,4582,4585,3
21082,Mycolicibacterium_pyrenivorans,5163,5169,6
21083,Mycolicibacterium_pyrenivorans,5170,5179,9
21084,Mycolicibacterium_pyrenivorans,5181,5190,9
21085,Mycolicibacterium_pyrenivorans,5197,5199,2
21086,Mycolicibacterium_pyrenivorans,5201,5204,3
21087,Mycolicibacterium_pyrenivorans,5218,5230,12
21088,Mycolicibacterium_pyrenivorans,5233,5239,6
21089,Mycolicibacterium_pyrenivorans,5247,5253,6
21090,Mycolicibacterium_pyrenivorans,5401,5402,1
21091,Mycolicibacterium_pyrenivorans,6015,6016,1
21092,Mycolicibacterium_pyrenivorans,6431,6452,21
21093,Mycolicibacterium_pyrenivorans,6456,6462,6
21094,Mycolicibacterium_pyrenivorans,6470,6494,24
21095,Mycolicibacterium_pyrenivorans,7178,7254,76
21096,Mycolicibacterium_pyrenivorans,7260,7268,8
21097,Mycolicibacterium_pyrenivorans,7760,7763,3
21098,Mycolicibacterium_pyrenivorans,8452,8500,48
21099,Mycolicibacterium_pyrenivorans,8577,8578,1
21100,Mycolicibacterium_pyrenivorans,8584,8599,15
21101,Mycolicibacterium_pyrenivorans,8601,8603,2
21102,Mycolicibacterium_pyrenivorans,8609,8610,1
21103,Mycolicibacterium_pyrenivorans,8661,8662,1
21104,Mycolicibacterium_pyrenivorans,8720,8721,1
21105,Mycolicibacterium_pyrenivorans,8733,8735,2
21106,Mycolicibacterium_pyrenivorans,8739,8742,3
21107,Mycolicibacterium_pyrenivorans,8930,8931,1
21108,Mycolicibacterium_pyrenivorans,8980,8982,2
21109,Mycolicibacterium_pyrenivorans,8984,8998,14
21110,Mycolicibacterium_pyrenivorans,9120,9121,1
21111,Mycolicibacterium_pyrenivorans,9370,9372,2
21112,Mycolicibacterium_pyrenivorans,9546,9547,1
21113,Mycolicibacterium_pyrenivorans,9812,9813,1
21114,Mycolicibacterium_pyrenivorans,9985,9986,1
21115,Mycolicibacterium_pyrenivorans,10157,10158,1
21116,Mycolicibacterium_pyrenivorans,10261,10262,1
21117,Mycolicibacterium_pyrenivorans,10310,10312,2
21118,Mycolicibacterium_pyrenivorans,10313,10315,2
21119,Mycolicibacterium_pyrenivorans,10325,10326,1
21120,Mycolicibacterium_pyrenivorans,10370,10371,1
21121,Mycolicibacterium_pyrenivorans,10416,10417,1
21122,Mycolicibacterium_pyrenivorans,10434,10435,1
21123,Mycolicibacterium_pyrenivorans,10448,10449,1
21124,Mycolicibacterium_pyrenivorans,10461,10462,1
21125,Mycolicibacterium_pyrenivorans,10476,10477,1
21126,Mycolicibacterium_pyrenivorans,10491,10492,1
21127,Mycolicibacterium_pyrenivorans,10526,10527,1
21128,Mycolicibacterium_pyrenivorans,10548,10649,101
21129,Mycolicibacterium_pyrenivorans,10829,10830,1
21130,Mycolicibacterium_pyrenivorans,10835,10836,1
21131,Mycolicibacterium_pyrenivorans,10837,10843,6
21132,Mycolicibacterium_pyrenivorans,10864,10865,1
21133,Mycolicibacterium_pyrenivorans,10914,10915,1
21134,Mycolicibacterium_pyrenivorans,10965,10966,1
21135,Mycolicibacterium_pyrenivorans,10971,10975,4
21136,Mycolicibacterium_pyrenivorans,11085,11086,1
21137,Mycolicibacterium_pyrenivorans,11143,11144,1
21138,Mycolicibacterium_pyrenivorans,11243,11244,1
21139,Mycolicibacterium_pyrenivorans,11260,11261,1
21140,Mycolicibacterium_pyrenivorans,11265,11267,2
21141,Mycolicibacterium_pyrenivorans,11286,11287,1
21142,Mycolicibacterium_pyrenivorans,11312,11313,1
21143,Mycolicibacterium_pyrenivorans,11473,11474,1
21144,Mycolicibacterium_pyrenivorans,11505,11512,7
21145,Mycolicibacterium_pyrenivorans,11513,11514,1
21146,Mycolicibacterium_pyrenivorans,11520,11521,1
21147,Mycolicibacterium_pyrenivorans,11523,11538,15
21148,Mycolicibacterium_pyrenivorans,11566,11567,1
21149,Mycolicibacterium_pyrenivorans,11782,11783,1
21150,Mycolicibacterium_pyrenivorans,11823,11824,1
21151,Mycolicibacterium_pyrenivorans,11826,11827,1
21152,Mycolicibacterium_pyrenivorans,11831,11836,5
21153,Mycolicibacterium_pyrenivorans,11846,11850,4
21154,Mycolicibacterium_pyrenivorans,11851,11852,1
21155,Mycolicibacterium_pyrenivorans,11859,11860,1
21156,Mycolicibacterium_pyrenivorans,11877,11878,1
21157,Mycolicibacterium_pyrenivorans,12029,12030,1
21158,Mycolicibacterium_pyrenivorans,12068,12069,1
21159,Mycolicibacterium_pyrenivorans,12207,12208,1
21160,Mycolicibacterium_pyrenivorans,12211,12212,1
21161,Mycolicibacterium_pyrenivorans,12213,12214,1
21162,Mycolicibacterium_pyrenivorans,12218,12222,4
21163,Mycolicibacterium_pyrenivorans,12226,12227,1
21164,Mycolicibacterium_pyrenivorans,12237,12238,1
21165,Mycolicibacterium_pyrenivorans,12360,12369,9
21166,Mycolicibacterium_pyrenivorans,12371,12372,1
21167,Mycolicibacterium_pyrenivorans,12374,12375,1
21168,Mycolicibacterium_pyrenivorans,12378,12381,3
21169,Mycolicibacterium_pyrenivorans,12384,12390,6
21170,Mycolicibacterium_pyrenivorans,12391,12400,9
21171,Mycolicibacterium_pyrenivorans,12454,12455,1
21172,Mycolicibacterium_pyrenivorans,12739,12740,1
21173,Mycolicibacterium_pyrenivorans,12798,12925,127
21174,Mycolicibacterium_pyrenivorans,13451,13452,1
21175,Mycolicibacterium_pyrenivorans,13453,13454,1
21176,Mycolicibacterium_pyrenivorans,13508,13509,1
21177,Mycobacterium_manitobense,1,10,9
21178,Mycobacterium_manitobense,21,39,18
21179,Mycobacterium_manitobense,43,46,3
21180,Mycobacterium_manitobense,60,107,47
21181,Mycobacterium_manitobense,117,132,15
21182,Mycobacterium_manitobense,133,136,3
21183,Mycobacterium_manitobense,346,349,3
21184,Mycobacterium_manitobense,1539,1691,152
21185,Mycobacterium_manitobense,3317,3356,39
21186,Mycobacterium_manitobense,3364,3365,1
21187,Mycobacterium_manitobense,3409,3421,12
21188,Mycobacterium_manitobense,3424,3478,54
21189,Mycobacterium_manitobense,3485,3491,6
21190,Mycobacterium_manitobense,3642,3645,3
21191,Mycobacterium_manitobense,3650,3653,3
21192,Mycobacterium_manitobense,3655,3667,12
21193,Mycobacterium_manitobense,3782,3788,6
21194,Mycobacterium_manitobense,4407,4413,6
21195,Mycobacterium_manitobense,4417,4426,9
21196,Mycobacterium_manitobense,4432,4445,13
21197,Mycobacterium_manitobense,4452,4455,3
21198,Mycobacterium_manitobense,4456,4462,6
21199,Mycobacterium_manitobense,4466,4481,15
21200,Mycobacterium_manitobense,4483,4486,3
21201,Mycobacterium_manitobense,4540,4552,12
21202,Mycobacterium_manitobense,4555,4564,9
21203,Mycobacterium_manitobense,4567,4573,6
21204,Mycobacterium_manitobense,4582,4585,3
21205,Mycobacterium_manitobense,5163,5169,6
21206,Mycobacterium_manitobense,5170,5179,9
21207,Mycobacterium_manitobense,5181,5190,9
21208,Mycobacterium_manitobense,5197,5199,2
21209,Mycobacterium_manitobense,5201,5204,3
21210,Mycobacterium_manitobense,5206,5214,8
21211,Mycobacterium_manitobense,5218,5230,12
21212,Mycobacterium_manitobense,5231,5241,10
21213,Mycobacterium_manitobense,5247,5253,6
21214,Mycobacterium_manitobense,5401,5402,1
21215,Mycobacterium_manitobense,6015,6016,1
21216,Mycobacterium_manitobense,6431,6452,21
21217,Mycobacterium_manitobense,6456,6462,6
21218,Mycobacterium_manitobense,6477,6489,12
21219,Mycobacterium_manitobense,7178,7254,76
21220,Mycobacterium_manitobense,7260,7268,8
21221,Mycobacterium_manitobense,7760,7763,3
21222,Mycobacterium_manitobense,8452,8500,48
21223,Mycobacterium_manitobense,8577,8578,1
21224,Mycobacterium_manitobense,8584,8599,15
21225,Mycobacterium_manitobense,8600,8604,4
21226,Mycobacterium_manitobense,8609,8610,1
21227,Mycobacterium_manitobense,8661,8662,1
21228,Mycobacterium_manitobense,8720,8721,1
21229,Mycobacterium_manitobense,8733,8735,2
21230,Mycobacterium_manitobense,8739,8742,3
21231,Mycobacterium_manitobense,8930,8931,1
21232,Mycobacterium_manitobense,8980,8982,2
21233,Mycobacterium_manitobense,8984,8998,14
21234,Mycobacterium_manitobense,9120,9121,1
21235,Mycobacterium_manitobense,9370,9372,2
21236,Mycobacterium_manitobense,9546,9547,1
21237,Mycobacterium_manitobense,9812,9814,2
21238,Mycobacterium_manitobense,9985,9986,1
21239,Mycobacterium_manitobense,10076,10078,2
21240,Mycobacterium_manitobense,10157,10158,1
21241,Mycobacterium_manitobense,10261,10262,1
21242,Mycobacterium_manitobense,10310,10312,2
21243,Mycobacterium_manitobense,10313,10315,2
21244,Mycobacterium_manitobense,10325,10326,1
21245,Mycobacterium_manitobense,10370,10371,1
21246,Mycobacterium_manitobense,10416,10417,1
21247,Mycobacterium_manitobense,10434,10435,1
21248,Mycobacterium_manitobense,10448,10449,1
21249,Mycobacterium_manitobense,10461,10462,1
21250,Mycobacterium_manitobense,10491,10492,1
21251,Mycobacterium_manitobense,10526,10527,1
21252,Mycobacterium_manitobense,10546,10649,103
21253,Mycobacterium_manitobense,10828,10830,2
21254,Mycobacterium_manitobense,10835,10843,8
21255,Mycobacterium_manitobense,10864,10865,1
21256,Mycobacterium_manitobense,10914,10915,1
21257,Mycobacterium_manitobense,10965,10966,1
21258,Mycobacterium_manitobense,10971,10975,4
21259,Mycobacterium_manitobense,11085,11086,1
21260,Mycobacterium_manitobense,11143,11144,1
21261,Mycobacterium_manitobense,11243,11244,1
21262,Mycobacterium_manitobense,11260,11261,1
21263,Mycobacterium_manitobense,11265,11267,2
21264,Mycobacterium_manitobense,11286,11287,1
21265,Mycobacterium_manitobense,11312,11313,1
21266,Mycobacterium_manitobense,11473,11474,1
21267,Mycobacterium_manitobense,11505,11512,7
21268,Mycobacterium_manitobense,11513,11514,1
21269,Mycobacterium_manitobense,11520,11535,15
21270,Mycobacterium_manitobense,11566,11567,1
21271,Mycobacterium_manitobense,11782,11783,1
21272,Mycobacterium_manitobense,11823,11824,1
21273,Mycobacterium_manitobense,11826,11827,1
21274,Mycobacterium_manitobense,11831,11836,5
21275,Mycobacterium_manitobense,11846,11850,4
21276,Mycobacterium_manitobense,11851,11852,1
21277,Mycobacterium_manitobense,11859,11860,1
21278,Mycobacterium_manitobense,11877,11878,1
21279,Mycobacterium_manitobense,11992,11994,2
21280,Mycobacterium_manitobense,12029,12030,1
21281,Mycobacterium_manitobense,12068,12069,1
21282,Mycobacterium_manitobense,12207,12208,1
21283,Mycobacterium_manitobense,12211,12212,1
21284,Mycobacterium_manitobense,12218,12222,4
21285,Mycobacterium_manitobense,12226,12227,1
21286,Mycobacterium_manitobense,12237,12238,1
21287,Mycobacterium_manitobense,12360,12369,9
21288,Mycobacterium_manitobense,12371,12372,1
21289,Mycobacterium_manitobense,12374,12375,1
21290,Mycobacterium_manitobense,12377,12382,5
21291,Mycobacterium_manitobense,12384,12390,6
21292,Mycobacterium_manitobense,12391,12400,9
21293,Mycobacterium_manitobense,12454,12455,1
21294,Mycobacterium_manitobense,12739,12740,1
21295,Mycobacterium_manitobense,12798,12925,127
21296,Mycobacterium_manitobense,13453,13454,1
21297,Mycobacterium_manitobense,13508,13509,1
21298,Mycolicibacterium_novocastrense,1,10,9
21299,Mycolicibacterium_novocastrense,21,39,18
21300,Mycolicibacterium_novocastrense,43,46,3
21301,Mycolicibacterium_novocastrense,60,107,47
21302,Mycolicibacterium_novocastrense,117,132,15
21303,Mycolicibacterium_novocastrense,133,136,3
21304,Mycolicibacterium_novocastrense,346,349,3
21305,Mycolicibacterium_novocastrense,1542,1545,3
21306,Mycolicibacterium_novocastrense,1572,1604,32
21307,Mycolicibacterium_novocastrense,1632,1650,18
21308,Mycolicibacterium_novocastrense,1664,1676,12
21309,Mycolicibacterium_novocastrense,3317,3381,64
21310,Mycolicibacterium_novocastrense,3409,3478,69
21311,Mycolicibacterium_novocastrense,3485,3491,6
21312,Mycolicibacterium_novocastrense,3642,3645,3
21313,Mycolicibacterium_novocastrense,3650,3653,3
21314,Mycolicibacterium_novocastrense,3655,3667,12
21315,Mycolicibacterium_novocastrense,3782,3788,6
21316,Mycolicibacterium_novocastrense,4407,4413,6
21317,Mycolicibacterium_novocastrense,4417,4426,9
21318,Mycolicibacterium_novocastrense,4432,4445,13
21319,Mycolicibacterium_novocastrense,4452,4455,3
21320,Mycolicibacterium_novocastrense,4456,4462,6
21321,Mycolicibacterium_novocastrense,4463,4466,3
21322,Mycolicibacterium_novocastrense,4468,4474,6
21323,Mycolicibacterium_novocastrense,4475,4481,6
21324,Mycolicibacterium_novocastrense,4483,4486,3
21325,Mycolicibacterium_novocastrense,4540,4552,12
21326,Mycolicibacterium_novocastrense,4555,4564,9
21327,Mycolicibacterium_novocastrense,4567,4573,6
21328,Mycolicibacterium_novocastrense,4582,4585,3
21329,Mycolicibacterium_novocastrense,5163,5169,6
21330,Mycolicibacterium_novocastrense,5170,5179,9
21331,Mycolicibacterium_novocastrense,5181,5190,9
21332,Mycolicibacterium_novocastrense,5197,5199,2
21333,Mycolicibacterium_novocastrense,5201,5204,3
21334,Mycolicibacterium_novocastrense,5206,5214,8
21335,Mycolicibacterium_novocastrense,5218,5230,12
21336,Mycolicibacterium_novocastrense,5231,5241,10
21337,Mycolicibacterium_novocastrense,5247,5253,6
21338,Mycolicibacterium_novocastrense,5401,5402,1
21339,Mycolicibacterium_novocastrense,6015,6016,1
21340,Mycolicibacterium_novocastrense,6431,6467,36
21341,Mycolicibacterium_novocastrense,6470,6494,24
21342,Mycolicibacterium_novocastrense,7178,7254,76
21343,Mycolicibacterium_novocastrense,7260,7268,8
21344,Mycolicibacterium_novocastrense,7760,7763,3
21345,Mycolicibacterium_novocastrense,8452,8500,48
21346,Mycolicibacterium_novocastrense,8577,8578,1
21347,Mycolicibacterium_novocastrense,8584,8599,15
21348,Mycolicibacterium_novocastrense,8601,8603,2
21349,Mycolicibacterium_novocastrense,8609,8610,1
21350,Mycolicibacterium_novocastrense,8661,8662,1
21351,Mycolicibacterium_novocastrense,8717,8718,1
21352,Mycolicibacterium_novocastrense,8733,8735,2
21353,Mycolicibacterium_novocastrense,8739,8742,3
21354,Mycolicibacterium_novocastrense,8930,8931,1
21355,Mycolicibacterium_novocastrense,8980,8982,2
21356,Mycolicibacterium_novocastrense,8984,8998,14
21357,Mycolicibacterium_novocastrense,9120,9121,1
21358,Mycolicibacterium_novocastrense,9370,9372,2
21359,Mycolicibacterium_novocastrense,9546,9547,1
21360,Mycolicibacterium_novocastrense,9812,9813,1
21361,Mycolicibacterium_novocastrense,9985,9986,1
21362,Mycolicibacterium_novocastrense,10076,10078,2
21363,Mycolicibacterium_novocastrense,10157,10158,1
21364,Mycolicibacterium_novocastrense,10261,10262,1
21365,Mycolicibacterium_novocastrense,10310,10312,2
21366,Mycolicibacterium_novocastrense,10313,10315,2
21367,Mycolicibacterium_novocastrense,10325,10326,1
21368,Mycolicibacterium_novocastrense,10370,10371,1
21369,Mycolicibacterium_novocastrense,10434,10435,1
21370,Mycolicibacterium_novocastrense,10448,10449,1
21371,Mycolicibacterium_novocastrense,10461,10462,1
21372,Mycolicibacterium_novocastrense,10476,10477,1
21373,Mycolicibacterium_novocastrense,10491,10492,1
21374,Mycolicibacterium_novocastrense,10548,10649,101
21375,Mycolicibacterium_novocastrense,10828,10830,2
21376,Mycolicibacterium_novocastrense,10835,10836,1
21377,Mycolicibacterium_novocastrense,10837,10843,6
21378,Mycolicibacterium_novocastrense,10864,10865,1
21379,Mycolicibacterium_novocastrense,10914,10915,1
21380,Mycolicibacterium_novocastrense,10965,10966,1
21381,Mycolicibacterium_novocastrense,10971,10975,4
21382,Mycolicibacterium_novocastrense,11085,11086,1
21383,Mycolicibacterium_novocastrense,11143,11144,1
21384,Mycolicibacterium_novocastrense,11243,11244,1
21385,Mycolicibacterium_novocastrense,11260,11261,1
21386,Mycolicibacterium_novocastrense,11265,11267,2
21387,Mycolicibacterium_novocastrense,11286,11287,1
21388,Mycolicibacterium_novocastrense,11312,11313,1
21389,Mycolicibacterium_novocastrense,11473,11474,1
21390,Mycolicibacterium_novocastrense,11505,11512,7
21391,Mycolicibacterium_novocastrense,11513,11515,2
21392,Mycolicibacterium_novocastrense,11520,11521,1
21393,Mycolicibacterium_novocastrense,11523,11524,1
21394,Mycolicibacterium_novocastrense,11530,11538,8
21395,Mycolicibacterium_novocastrense,11566,11567,1
21396,Mycolicibacterium_novocastrense,11782,11783,1
21397,Mycolicibacterium_novocastrense,11823,11824,1
21398,Mycolicibacterium_novocastrense,11826,11827,1
21399,Mycolicibacterium_novocastrense,11831,11836,5
21400,Mycolicibacterium_novocastrense,11846,11850,4
21401,Mycolicibacterium_novocastrense,11851,11852,1
21402,Mycolicibacterium_novocastrense,11859,11860,1
21403,Mycolicibacterium_novocastrense,11864,11866,2
21404,Mycolicibacterium_novocastrense,11877,11878,1
21405,Mycolicibacterium_novocastrense,11993,11995,2
21406,Mycolicibacterium_novocastrense,12029,12030,1
21407,Mycolicibacterium_novocastrense,12068,12069,1
21408,Mycolicibacterium_novocastrense,12207,12208,1
21409,Mycolicibacterium_novocastrense,12211,12212,1
21410,Mycolicibacterium_novocastrense,12213,12214,1
21411,Mycolicibacterium_novocastrense,12218,12222,4
21412,Mycolicibacterium_novocastrense,12226,12227,1
21413,Mycolicibacterium_novocastrense,12237,12238,1
21414,Mycolicibacterium_novocastrense,12360,12369,9
21415,Mycolicibacterium_novocastrense,12371,12372,1
21416,Mycolicibacterium_novocastrense,12374,12377,3
21417,Mycolicibacterium_novocastrense,12378,12381,3
21418,Mycolicibacterium_novocastrense,12384,12390,6
21419,Mycolicibacterium_novocastrense,12391,12400,9
21420,Mycolicibacterium_novocastrense,12454,12455,1
21421,Mycolicibacterium_novocastrense,12739,12740,1
21422,Mycolicibacterium_novocastrense,12798,12925,127
21423,Mycolicibacterium_novocastrense,13453,13454,1
21424,Mycolicibacterium_novocastrense,13508,13509,1
21425,Mycolicibacterium_llatzerense,1,10,9
21426,Mycolicibacterium_llatzerense,21,39,18
21427,Mycolicibacterium_llatzerense,43,46,3
21428,Mycolicibacterium_llatzerense,50,109,59
21429,Mycolicibacterium_llatzerense,117,132,15
21430,Mycolicibacterium_llatzerense,133,136,3
21431,Mycolicibacterium_llatzerense,346,349,3
21432,Mycolicibacterium_llatzerense,1542,1691,149
21433,Mycolicibacterium_llatzerense,3317,3381,64
21434,Mycolicibacterium_llatzerense,3409,3420,11
21435,Mycolicibacterium_llatzerense,3424,3491,67
21436,Mycolicibacterium_llatzerense,3642,3645,3
21437,Mycolicibacterium_llatzerense,3650,3653,3
21438,Mycolicibacterium_llatzerense,3655,3667,12
21439,Mycolicibacterium_llatzerense,3782,3788,6
21440,Mycolicibacterium_llatzerense,4400,4406,6
21441,Mycolicibacterium_llatzerense,4407,4413,6
21442,Mycolicibacterium_llatzerense,4417,4426,9
21443,Mycolicibacterium_llatzerense,4432,4445,13
21444,Mycolicibacterium_llatzerense,4452,4455,3
21445,Mycolicibacterium_llatzerense,4468,4474,6
21446,Mycolicibacterium_llatzerense,4475,4481,6
21447,Mycolicibacterium_llatzerense,4483,4486,3
21448,Mycolicibacterium_llatzerense,4540,4552,12
21449,Mycolicibacterium_llatzerense,4555,4564,9
21450,Mycolicibacterium_llatzerense,4567,4573,6
21451,Mycolicibacterium_llatzerense,4582,4585,3
21452,Mycolicibacterium_llatzerense,5163,5169,6
21453,Mycolicibacterium_llatzerense,5170,5179,9
21454,Mycolicibacterium_llatzerense,5181,5190,9
21455,Mycolicibacterium_llatzerense,5197,5199,2
21456,Mycolicibacterium_llatzerense,5201,5204,3
21457,Mycolicibacterium_llatzerense,5206,5214,8
21458,Mycolicibacterium_llatzerense,5218,5230,12
21459,Mycolicibacterium_llatzerense,5231,5241,10
21460,Mycolicibacterium_llatzerense,5247,5253,6
21461,Mycolicibacterium_llatzerense,5401,5402,1
21462,Mycolicibacterium_llatzerense,6015,6016,1
21463,Mycolicibacterium_llatzerense,6431,6467,36
21464,Mycolicibacterium_llatzerense,6470,6494,24
21465,Mycolicibacterium_llatzerense,7178,7254,76
21466,Mycolicibacterium_llatzerense,7260,7268,8
21467,Mycolicibacterium_llatzerense,7760,7763,3
21468,Mycolicibacterium_llatzerense,8452,8500,48
21469,Mycolicibacterium_llatzerense,8577,8578,1
21470,Mycolicibacterium_llatzerense,8584,8599,15
21471,Mycolicibacterium_llatzerense,8600,8604,4
21472,Mycolicibacterium_llatzerense,8609,8610,1
21473,Mycolicibacterium_llatzerense,8661,8662,1
21474,Mycolicibacterium_llatzerense,8703,8704,1
21475,Mycolicibacterium_llatzerense,8720,8721,1
21476,Mycolicibacterium_llatzerense,8733,8735,2
21477,Mycolicibacterium_llatzerense,8739,8742,3
21478,Mycolicibacterium_llatzerense,8930,8931,1
21479,Mycolicibacterium_llatzerense,8980,8982,2
21480,Mycolicibacterium_llatzerense,8984,8998,14
21481,Mycolicibacterium_llatzerense,9120,9121,1
21482,Mycolicibacterium_llatzerense,9359,9360,1
21483,Mycolicibacterium_llatzerense,9370,9372,2
21484,Mycolicibacterium_llatzerense,9546,9547,1
21485,Mycolicibacterium_llatzerense,9812,9813,1
21486,Mycolicibacterium_llatzerense,9982,9984,2
21487,Mycolicibacterium_llatzerense,9985,9986,1
21488,Mycolicibacterium_llatzerense,10157,10158,1
21489,Mycolicibacterium_llatzerense,10261,10262,1
21490,Mycolicibacterium_llatzerense,10310,10312,2
21491,Mycolicibacterium_llatzerense,10313,10315,2
21492,Mycolicibacterium_llatzerense,10325,10326,1
21493,Mycolicibacterium_llatzerense,10352,10353,1
21494,Mycolicibacterium_llatzerense,10370,10371,1
21495,Mycolicibacterium_llatzerense,10416,10417,1
21496,Mycolicibacterium_llatzerense,10434,10435,1
21497,Mycolicibacterium_llatzerense,10448,10449,1
21498,Mycolicibacterium_llatzerense,10476,10477,1
21499,Mycolicibacterium_llatzerense,10491,10492,1
21500,Mycolicibacterium_llatzerense,10526,10527,1
21501,Mycolicibacterium_llatzerense,10546,10649,103
21502,Mycolicibacterium_llatzerense,10828,10832,4
21503,Mycolicibacterium_llatzerense,10835,10843,8
21504,Mycolicibacterium_llatzerense,10864,10865,1
21505,Mycolicibacterium_llatzerense,10914,10915,1
21506,Mycolicibacterium_llatzerense,10959,10960,1
21507,Mycolicibacterium_llatzerense,10965,10966,1
21508,Mycolicibacterium_llatzerense,10967,10978,11
21509,Mycolicibacterium_llatzerense,11085,11086,1
21510,Mycolicibacterium_llatzerense,11143,11144,1
21511,Mycolicibacterium_llatzerense,11243,11244,1
21512,Mycolicibacterium_llatzerense,11260,11261,1
21513,Mycolicibacterium_llatzerense,11266,11267,1
21514,Mycolicibacterium_llatzerense,11286,11287,1
21515,Mycolicibacterium_llatzerense,11312,11313,1
21516,Mycolicibacterium_llatzerense,11473,11474,1
21517,Mycolicibacterium_llatzerense,11505,11534,29
21518,Mycolicibacterium_llatzerense,11566,11567,1
21519,Mycolicibacterium_llatzerense,11782,11783,1
21520,Mycolicibacterium_llatzerense,11823,11824,1
21521,Mycolicibacterium_llatzerense,11825,11827,2
21522,Mycolicibacterium_llatzerense,11831,11836,5
21523,Mycolicibacterium_llatzerense,11846,11850,4
21524,Mycolicibacterium_llatzerense,11851,11852,1
21525,Mycolicibacterium_llatzerense,11859,11860,1
21526,Mycolicibacterium_llatzerense,11864,11866,2
21527,Mycolicibacterium_llatzerense,11877,11878,1
21528,Mycolicibacterium_llatzerense,11993,11995,2
21529,Mycolicibacterium_llatzerense,12029,12030,1
21530,Mycolicibacterium_llatzerense,12068,12069,1
21531,Mycolicibacterium_llatzerense,12196,12197,1
21532,Mycolicibacterium_llatzerense,12207,12208,1
21533,Mycolicibacterium_llatzerense,12211,12212,1
21534,Mycolicibacterium_llatzerense,12213,12214,1
21535,Mycolicibacterium_llatzerense,12218,12222,4
21536,Mycolicibacterium_llatzerense,12226,12227,1
21537,Mycolicibacterium_llatzerense,12237,12238,1
21538,Mycolicibacterium_llatzerense,12360,12369,9
21539,Mycolicibacterium_llatzerense,12371,12372,1
21540,Mycolicibacterium_llatzerense,12374,12375,1
21541,Mycolicibacterium_llatzerense,12378,12381,3
21542,Mycolicibacterium_llatzerense,12384,12390,6
21543,Mycolicibacterium_llatzerense,12391,12400,9
21544,Mycolicibacterium_llatzerense,12454,12455,1
21545,Mycolicibacterium_llatzerense,12739,12740,1
21546,Mycolicibacterium_llatzerense,12798,12925,127
21547,Mycolicibacterium_llatzerense,13451,13452,1
21548,Mycolicibacterium_llatzerense,13453,13454,1
21549,Mycolicibacterium_llatzerense,13508,13509,1
21550,Mycolicibacterium_flavescens,1,10,9
21551,Mycolicibacterium_flavescens,21,39,18
21552,Mycolicibacterium_flavescens,43,46,3
21553,Mycolicibacterium_flavescens,53,71,18
21554,Mycolicibacterium_flavescens,87,107,20
21555,Mycolicibacterium_flavescens,117,132,15
21556,Mycolicibacterium_flavescens,133,136,3
21557,Mycolicibacterium_flavescens,346,349,3
21558,Mycolicibacterium_flavescens,1542,1545,3
21559,Mycolicibacterium_flavescens,1559,1648,89
21560,Mycolicibacterium_flavescens,1664,1676,12
21561,Mycolicibacterium_flavescens,3333,3335,2
21562,Mycolicibacterium_flavescens,3364,3365,1
21563,Mycolicibacterium_flavescens,3373,3374,1
21564,Mycolicibacterium_flavescens,3409,3478,69
21565,Mycolicibacterium_flavescens,3485,3491,6
21566,Mycolicibacterium_flavescens,3642,3645,3
21567,Mycolicibacterium_flavescens,3650,3653,3
21568,Mycolicibacterium_flavescens,3655,3667,12
21569,Mycolicibacterium_flavescens,3782,3788,6
21570,Mycolicibacterium_flavescens,4407,4413,6
21571,Mycolicibacterium_flavescens,4417,4426,9
21572,Mycolicibacterium_flavescens,4432,4445,13
21573,Mycolicibacterium_flavescens,4452,4455,3
21574,Mycolicibacterium_flavescens,4456,4462,6
21575,Mycolicibacterium_flavescens,4463,4466,3
21576,Mycolicibacterium_flavescens,4468,4474,6
21577,Mycolicibacterium_flavescens,4475,4481,6
21578,Mycolicibacterium_flavescens,4483,4486,3
21579,Mycolicibacterium_flavescens,4540,4552,12
21580,Mycolicibacterium_flavescens,4555,4564,9
21581,Mycolicibacterium_flavescens,4567,4573,6
21582,Mycolicibacterium_flavescens,4582,4585,3
21583,Mycolicibacterium_flavescens,5163,5169,6
21584,Mycolicibacterium_flavescens,5170,5179,9
21585,Mycolicibacterium_flavescens,5181,5190,9
21586,Mycolicibacterium_flavescens,5197,5199,2
21587,Mycolicibacterium_flavescens,5201,5204,3
21588,Mycolicibacterium_flavescens,5206,5214,8
21589,Mycolicibacterium_flavescens,5218,5230,12
21590,Mycolicibacterium_flavescens,5231,5241,10
21591,Mycolicibacterium_flavescens,5247,5253,6
21592,Mycolicibacterium_flavescens,5401,5402,1
21593,Mycolicibacterium_flavescens,6015,6016,1
21594,Mycolicibacterium_flavescens,6431,6467,36
21595,Mycolicibacterium_flavescens,6470,6494,24
21596,Mycolicibacterium_flavescens,7178,7254,76
21597,Mycolicibacterium_flavescens,7260,7268,8
21598,Mycolicibacterium_flavescens,7760,7763,3
21599,Mycolicibacterium_flavescens,8452,8500,48
21600,Mycolicibacterium_flavescens,8577,8578,1
21601,Mycolicibacterium_flavescens,8584,8599,15
21602,Mycolicibacterium_flavescens,8600,8604,4
21603,Mycolicibacterium_flavescens,8609,8610,1
21604,Mycolicibacterium_flavescens,8661,8662,1
21605,Mycolicibacterium_flavescens,8733,8735,2
21606,Mycolicibacterium_flavescens,8739,8742,3
21607,Mycolicibacterium_flavescens,8930,8931,1
21608,Mycolicibacterium_flavescens,8980,8982,2
21609,Mycolicibacterium_flavescens,8984,8998,14
21610,Mycolicibacterium_flavescens,9120,9121,1
21611,Mycolicibacterium_flavescens,9370,9372,2
21612,Mycolicibacterium_flavescens,9546,9547,1
21613,Mycolicibacterium_flavescens,9812,9813,1
21614,Mycolicibacterium_flavescens,9985,9986,1
21615,Mycolicibacterium_flavescens,10076,10078,2
21616,Mycolicibacterium_flavescens,10157,10158,1
21617,Mycolicibacterium_flavescens,10261,10262,1
21618,Mycolicibacterium_flavescens,10310,10312,2
21619,Mycolicibacterium_flavescens,10313,10315,2
21620,Mycolicibacterium_flavescens,10325,10326,1
21621,Mycolicibacterium_flavescens,10370,10371,1
21622,Mycolicibacterium_flavescens,10416,10417,1
21623,Mycolicibacterium_flavescens,10434,10435,1
21624,Mycolicibacterium_flavescens,10448,10449,1
21625,Mycolicibacterium_flavescens,10461,10462,1
21626,Mycolicibacterium_flavescens,10476,10477,1
21627,Mycolicibacterium_flavescens,10491,10492,1
21628,Mycolicibacterium_flavescens,10526,10527,1
21629,Mycolicibacterium_flavescens,10548,10649,101
21630,Mycolicibacterium_flavescens,10828,10830,2
21631,Mycolicibacterium_flavescens,10835,10836,1
21632,Mycolicibacterium_flavescens,10837,10843,6
21633,Mycolicibacterium_flavescens,10864,10865,1
21634,Mycolicibacterium_flavescens,10914,10915,1
21635,Mycolicibacterium_flavescens,10965,10966,1
21636,Mycolicibacterium_flavescens,10971,10975,4
21637,Mycolicibacterium_flavescens,11085,11086,1
21638,Mycolicibacterium_flavescens,11143,11144,1
21639,Mycolicibacterium_flavescens,11243,11244,1
21640,Mycolicibacterium_flavescens,11260,11261,1
21641,Mycolicibacterium_flavescens,11265,11267,2
21642,Mycolicibacterium_flavescens,11286,11287,1
21643,Mycolicibacterium_flavescens,11312,11313,1
21644,Mycolicibacterium_flavescens,11473,11474,1
21645,Mycolicibacterium_flavescens,11505,11512,7
21646,Mycolicibacterium_flavescens,11513,11514,1
21647,Mycolicibacterium_flavescens,11520,11531,11
21648,Mycolicibacterium_flavescens,11566,11567,1
21649,Mycolicibacterium_flavescens,11782,11783,1
21650,Mycolicibacterium_flavescens,11823,11824,1
21651,Mycolicibacterium_flavescens,11826,11827,1
21652,Mycolicibacterium_flavescens,11831,11836,5
21653,Mycolicibacterium_flavescens,11846,11850,4
21654,Mycolicibacterium_flavescens,11851,11852,1
21655,Mycolicibacterium_flavescens,11859,11860,1
21656,Mycolicibacterium_flavescens,11864,11866,2
21657,Mycolicibacterium_flavescens,11877,11878,1
21658,Mycolicibacterium_flavescens,11993,11994,1
21659,Mycolicibacterium_flavescens,12029,12030,1
21660,Mycolicibacterium_flavescens,12068,12069,1
21661,Mycolicibacterium_flavescens,12207,12208,1
21662,Mycolicibacterium_flavescens,12211,12212,1
21663,Mycolicibacterium_flavescens,12213,12214,1
21664,Mycolicibacterium_flavescens,12218,12222,4
21665,Mycolicibacterium_flavescens,12226,12227,1
21666,Mycolicibacterium_flavescens,12237,12238,1
21667,Mycolicibacterium_flavescens,12360,12369,9
21668,Mycolicibacterium_flavescens,12371,12372,1
21669,Mycolicibacterium_flavescens,12374,12377,3
21670,Mycolicibacterium_flavescens,12378,12381,3
21671,Mycolicibacterium_flavescens,12384,12390,6
21672,Mycolicibacterium_flavescens,12391,12400,9
21673,Mycolicibacterium_flavescens,12454,12455,1
21674,Mycolicibacterium_flavescens,12739,12740,1
21675,Mycolicibacterium_flavescens,12798,12925,127
21676,Mycolicibacterium_flavescens,13451,13452,1
21677,Mycolicibacterium_flavescens,13453,13454,1
21678,Mycolicibacterium_flavescens,13508,13509,1
21679,Mycolicibacterium_komossense,1,10,9
21680,Mycolicibacterium_komossense,21,39,18
21681,Mycolicibacterium_komossense,43,46,3
21682,Mycolicibacterium_komossense,59,136,77
21683,Mycolicibacterium_komossense,346,349,3
21684,Mycolicibacterium_komossense,1542,1691,149
21685,Mycolicibacterium_komossense,3317,3381,64
21686,Mycolicibacterium_komossense,3413,3491,78
21687,Mycolicibacterium_komossense,3642,3645,3
21688,Mycolicibacterium_komossense,3650,3653,3
21689,Mycolicibacterium_komossense,3655,3667,12
21690,Mycolicibacterium_komossense,3782,3788,6
21691,Mycolicibacterium_komossense,4400,4406,6
21692,Mycolicibacterium_komossense,4407,4413,6
21693,Mycolicibacterium_komossense,4417,4426,9
21694,Mycolicibacterium_komossense,4432,4445,13
21695,Mycolicibacterium_komossense,4452,4455,3
21696,Mycolicibacterium_komossense,4456,4462,6
21697,Mycolicibacterium_komossense,4468,4474,6
21698,Mycolicibacterium_komossense,4475,4481,6
21699,Mycolicibacterium_komossense,4483,4486,3
21700,Mycolicibacterium_komossense,4546,4552,6
21701,Mycolicibacterium_komossense,4555,4564,9
21702,Mycolicibacterium_komossense,4567,4570,3
21703,Mycolicibacterium_komossense,5163,5169,6
21704,Mycolicibacterium_komossense,5170,5179,9
21705,Mycolicibacterium_komossense,5181,5190,9
21706,Mycolicibacterium_komossense,5197,5199,2
21707,Mycolicibacterium_komossense,5201,5204,3
21708,Mycolicibacterium_komossense,5206,5214,8
21709,Mycolicibacterium_komossense,5218,5230,12
21710,Mycolicibacterium_komossense,5231,5241,10
21711,Mycolicibacterium_komossense,5247,5253,6
21712,Mycolicibacterium_komossense,5401,5402,1
21713,Mycolicibacterium_komossense,6015,6016,1
21714,Mycolicibacterium_komossense,6431,6452,21
21715,Mycolicibacterium_komossense,6456,6462,6
21716,Mycolicibacterium_komossense,6470,6494,24
21717,Mycolicibacterium_komossense,7178,7254,76
21718,Mycolicibacterium_komossense,7260,7268,8
21719,Mycolicibacterium_komossense,7760,7763,3
21720,Mycolicibacterium_komossense,8452,8500,48
21721,Mycolicibacterium_komossense,8577,8578,1
21722,Mycolicibacterium_komossense,8584,8599,15
21723,Mycolicibacterium_komossense,8600,8604,4
21724,Mycolicibacterium_komossense,8609,8610,1
21725,Mycolicibacterium_komossense,8661,8662,1
21726,Mycolicibacterium_komossense,8703,8704,1
21727,Mycolicibacterium_komossense,8720,8721,1
21728,Mycolicibacterium_komossense,8733,8735,2
21729,Mycolicibacterium_komossense,8739,8742,3
21730,Mycolicibacterium_komossense,8930,8931,1
21731,Mycolicibacterium_komossense,8980,8982,2
21732,Mycolicibacterium_komossense,8984,8998,14
21733,Mycolicibacterium_komossense,9120,9121,1
21734,Mycolicibacterium_komossense,9370,9372,2
21735,Mycolicibacterium_komossense,9546,9547,1
21736,Mycolicibacterium_komossense,9812,9814,2
21737,Mycolicibacterium_komossense,9984,9986,2
21738,Mycolicibacterium_komossense,10076,10078,2
21739,Mycolicibacterium_komossense,10157,10158,1
21740,Mycolicibacterium_komossense,10261,10262,1
21741,Mycolicibacterium_komossense,10310,10312,2
21742,Mycolicibacterium_komossense,10313,10315,2
21743,Mycolicibacterium_komossense,10325,10326,1
21744,Mycolicibacterium_komossense,10370,10371,1
21745,Mycolicibacterium_komossense,10416,10417,1
21746,Mycolicibacterium_komossense,10434,10435,1
21747,Mycolicibacterium_komossense,10448,10449,1
21748,Mycolicibacterium_komossense,10461,10462,1
21749,Mycolicibacterium_komossense,10476,10477,1
21750,Mycolicibacterium_komossense,10491,10492,1
21751,Mycolicibacterium_komossense,10546,10649,103
21752,Mycolicibacterium_komossense,10828,10830,2
21753,Mycolicibacterium_komossense,10835,10843,8
21754,Mycolicibacterium_komossense,10864,10865,1
21755,Mycolicibacterium_komossense,10914,10915,1
21756,Mycolicibacterium_komossense,10961,10968,7
21757,Mycolicibacterium_komossense,10971,10975,4
21758,Mycolicibacterium_komossense,11085,11086,1
21759,Mycolicibacterium_komossense,11143,11144,1
21760,Mycolicibacterium_komossense,11243,11244,1
21761,Mycolicibacterium_komossense,11260,11261,1
21762,Mycolicibacterium_komossense,11265,11267,2
21763,Mycolicibacterium_komossense,11286,11287,1
21764,Mycolicibacterium_komossense,11312,11313,1
21765,Mycolicibacterium_komossense,11473,11474,1
21766,Mycolicibacterium_komossense,11505,11512,7
21767,Mycolicibacterium_komossense,11513,11514,1
21768,Mycolicibacterium_komossense,11520,11521,1
21769,Mycolicibacterium_komossense,11524,11536,12
21770,Mycolicibacterium_komossense,11566,11567,1
21771,Mycolicibacterium_komossense,11782,11783,1
21772,Mycolicibacterium_komossense,11823,11824,1
21773,Mycolicibacterium_komossense,11826,11827,1
21774,Mycolicibacterium_komossense,11831,11836,5
21775,Mycolicibacterium_komossense,11846,11850,4
21776,Mycolicibacterium_komossense,11851,11852,1
21777,Mycolicibacterium_komossense,11859,11860,1
21778,Mycolicibacterium_komossense,11877,11878,1
21779,Mycolicibacterium_komossense,11993,11994,1
21780,Mycolicibacterium_komossense,12029,12030,1
21781,Mycolicibacterium_komossense,12068,12069,1
21782,Mycolicibacterium_komossense,12207,12208,1
21783,Mycolicibacterium_komossense,12211,12212,1
21784,Mycolicibacterium_komossense,12213,12214,1
21785,Mycolicibacterium_komossense,12218,12222,4
21786,Mycolicibacterium_komossense,12226,12227,1
21787,Mycolicibacterium_komossense,12237,12238,1
21788,Mycolicibacterium_komossense,12360,12369,9
21789,Mycolicibacterium_komossense,12371,12372,1
21790,Mycolicibacterium_komossense,12374,12375,1
21791,Mycolicibacterium_komossense,12377,12382,5
21792,Mycolicibacterium_komossense,12384,12390,6
21793,Mycolicibacterium_komossense,12391,12400,9
21794,Mycolicibacterium_komossense,12454,12455,1
21795,Mycolicibacterium_komossense,12739,12740,1
21796,Mycolicibacterium_komossense,12798,12925,127
21797,Mycolicibacterium_komossense,13451,13452,1
21798,Mycolicibacterium_komossense,13453,13454,1
21799,Mycolicibacterium_komossense,13508,13509,1
21800,Mycobacterium_paraffinicum,1,10,9
21801,Mycobacterium_paraffinicum,21,39,18
21802,Mycobacterium_paraffinicum,43,46,3
21803,Mycobacterium_paraffinicum,62,71,9
21804,Mycobacterium_paraffinicum,87,107,20
21805,Mycobacterium_paraffinicum,117,132,15
21806,Mycobacterium_paraffinicum,133,136,3
21807,Mycobacterium_paraffinicum,346,349,3
21808,Mycobacterium_paraffinicum,1542,1583,41
21809,Mycobacterium_paraffinicum,1587,1676,89
21810,Mycobacterium_paraffinicum,1678,1691,13
21811,Mycobacterium_paraffinicum,3317,3381,64
21812,Mycobacterium_paraffinicum,3414,3420,6
21813,Mycobacterium_paraffinicum,3424,3460,36
21814,Mycobacterium_paraffinicum,3476,3479,3
21815,Mycobacterium_paraffinicum,3485,3491,6
21816,Mycobacterium_paraffinicum,3642,3645,3
21817,Mycobacterium_paraffinicum,3650,3653,3
21818,Mycobacterium_paraffinicum,3655,3667,12
21819,Mycobacterium_paraffinicum,3782,3788,6
21820,Mycobacterium_paraffinicum,4400,4406,6
21821,Mycobacterium_paraffinicum,4407,4413,6
21822,Mycobacterium_paraffinicum,4417,4426,9
21823,Mycobacterium_paraffinicum,4432,4445,13
21824,Mycobacterium_paraffinicum,4452,4455,3
21825,Mycobacterium_paraffinicum,4456,4462,6
21826,Mycobacterium_paraffinicum,4468,4480,12
21827,Mycobacterium_paraffinicum,4483,4486,3
21828,Mycobacterium_paraffinicum,4555,4564,9
21829,Mycobacterium_paraffinicum,4567,4573,6
21830,Mycobacterium_paraffinicum,5163,5169,6
21831,Mycobacterium_paraffinicum,5170,5179,9
21832,Mycobacterium_paraffinicum,5181,5190,9
21833,Mycobacterium_paraffinicum,5197,5199,2
21834,Mycobacterium_paraffinicum,5201,5204,3
21835,Mycobacterium_paraffinicum,5206,5214,8
21836,Mycobacterium_paraffinicum,5218,5230,12
21837,Mycobacterium_paraffinicum,5231,5241,10
21838,Mycobacterium_paraffinicum,5247,5253,6
21839,Mycobacterium_paraffinicum,5401,5402,1
21840,Mycobacterium_paraffinicum,6015,6016,1
21841,Mycobacterium_paraffinicum,6428,6464,36
21842,Mycobacterium_paraffinicum,6470,6494,24
21843,Mycobacterium_paraffinicum,7178,7254,76
21844,Mycobacterium_paraffinicum,7260,7268,8
21845,Mycobacterium_paraffinicum,7760,7763,3
21846,Mycobacterium_paraffinicum,8452,8500,48
21847,Mycobacterium_paraffinicum,8577,8578,1
21848,Mycobacterium_paraffinicum,8584,8599,15
21849,Mycobacterium_paraffinicum,8601,8603,2
21850,Mycobacterium_paraffinicum,8609,8610,1
21851,Mycobacterium_paraffinicum,8661,8662,1
21852,Mycobacterium_paraffinicum,8703,8704,1
21853,Mycobacterium_paraffinicum,8720,8721,1
21854,Mycobacterium_paraffinicum,8733,8735,2
21855,Mycobacterium_paraffinicum,8739,8742,3
21856,Mycobacterium_paraffinicum,8930,8931,1
21857,Mycobacterium_paraffinicum,8980,8982,2
21858,Mycobacterium_paraffinicum,8985,8988,3
21859,Mycobacterium_paraffinicum,8996,8998,2
21860,Mycobacterium_paraffinicum,9120,9121,1
21861,Mycobacterium_paraffinicum,9370,9372,2
21862,Mycobacterium_paraffinicum,9546,9547,1
21863,Mycobacterium_paraffinicum,9812,9813,1
21864,Mycobacterium_paraffinicum,9980,9981,1
21865,Mycobacterium_paraffinicum,9983,9986,3
21866,Mycobacterium_paraffinicum,10157,10158,1
21867,Mycobacterium_paraffinicum,10261,10262,1
21868,Mycobacterium_paraffinicum,10310,10312,2
21869,Mycobacterium_paraffinicum,10313,10315,2
21870,Mycobacterium_paraffinicum,10325,10326,1
21871,Mycobacterium_paraffinicum,10352,10353,1
21872,Mycobacterium_paraffinicum,10370,10371,1
21873,Mycobacterium_paraffinicum,10434,10435,1
21874,Mycobacterium_paraffinicum,10448,10449,1
21875,Mycobacterium_paraffinicum,10476,10477,1
21876,Mycobacterium_paraffinicum,10491,10492,1
21877,Mycobacterium_paraffinicum,10526,10527,1
21878,Mycobacterium_paraffinicum,10546,10649,103
21879,Mycobacterium_paraffinicum,10828,10830,2
21880,Mycobacterium_paraffinicum,10832,10846,14
21881,Mycobacterium_paraffinicum,10864,10865,1
21882,Mycobacterium_paraffinicum,10914,10915,1
21883,Mycobacterium_paraffinicum,10965,10977,12
21884,Mycobacterium_paraffinicum,11085,11086,1
21885,Mycobacterium_paraffinicum,11143,11144,1
21886,Mycobacterium_paraffinicum,11243,11244,1
21887,Mycobacterium_paraffinicum,11260,11261,1
21888,Mycobacterium_paraffinicum,11262,11263,1
21889,Mycobacterium_paraffinicum,11265,11267,2
21890,Mycobacterium_paraffinicum,11286,11287,1
21891,Mycobacterium_paraffinicum,11312,11313,1
21892,Mycobacterium_paraffinicum,11473,11474,1
21893,Mycobacterium_paraffinicum,11505,11534,29
21894,Mycobacterium_paraffinicum,11566,11567,1
21895,Mycobacterium_paraffinicum,11590,11591,1
21896,Mycobacterium_paraffinicum,11782,11783,1
21897,Mycobacterium_paraffinicum,11823,11824,1
21898,Mycobacterium_paraffinicum,11826,11827,1
21899,Mycobacterium_paraffinicum,11831,11836,5
21900,Mycobacterium_paraffinicum,11848,11850,2
21901,Mycobacterium_paraffinicum,11851,11852,1
21902,Mycobacterium_paraffinicum,11859,11860,1
21903,Mycobacterium_paraffinicum,11862,11866,4
21904,Mycobacterium_paraffinicum,11877,11878,1
21905,Mycobacterium_paraffinicum,11993,11994,1
21906,Mycobacterium_paraffinicum,12029,12030,1
21907,Mycobacterium_paraffinicum,12068,12069,1
21908,Mycobacterium_paraffinicum,12207,12208,1
21909,Mycobacterium_paraffinicum,12211,12212,1
21910,Mycobacterium_paraffinicum,12213,12214,1
21911,Mycobacterium_paraffinicum,12218,12222,4
21912,Mycobacterium_paraffinicum,12225,12227,2
21913,Mycobacterium_paraffinicum,12237,12238,1
21914,Mycobacterium_paraffinicum,12360,12369,9
21915,Mycobacterium_paraffinicum,12371,12380,9
21916,Mycobacterium_paraffinicum,12384,12390,6
21917,Mycobacterium_paraffinicum,12391,12400,9
21918,Mycobacterium_paraffinicum,12454,12455,1
21919,Mycobacterium_paraffinicum,12738,12740,2
21920,Mycobacterium_paraffinicum,12798,12925,127
21921,Mycobacterium_paraffinicum,13451,13452,1
21922,Mycobacterium_paraffinicum,13453,13454,1
21923,Mycobacterium_paraffinicum,13508,13509,1
21924,Mycobacterium_hackensackense,1,10,9
21925,Mycobacterium_hackensackense,21,39,18
21926,Mycobacterium_hackensackense,43,46,3
21927,Mycobacterium_hackensackense,48,110,62
21928,Mycobacterium_hackensackense,117,132,15
21929,Mycobacterium_hackensackense,133,136,3
21930,Mycobacterium_hackensackense,346,349,3
21931,Mycobacterium_hackensackense,1542,1691,149
21932,Mycobacterium_hackensackense,3317,3361,44
21933,Mycobacterium_hackensackense,3364,3365,1
21934,Mycobacterium_hackensackense,3373,3374,1
21935,Mycobacterium_hackensackense,3407,3482,75
21936,Mycobacterium_hackensackense,3485,3491,6
21937,Mycobacterium_hackensackense,3642,3645,3
21938,Mycobacterium_hackensackense,3655,3667,12
21939,Mycobacterium_hackensackense,3782,3788,6
21940,Mycobacterium_hackensackense,4400,4406,6
21941,Mycobacterium_hackensackense,4407,4413,6
21942,Mycobacterium_hackensackense,4417,4426,9
21943,Mycobacterium_hackensackense,4432,4445,13
21944,Mycobacterium_hackensackense,4452,4455,3
21945,Mycobacterium_hackensackense,4456,4462,6
21946,Mycobacterium_hackensackense,4468,4474,6
21947,Mycobacterium_hackensackense,4475,4481,6
21948,Mycobacterium_hackensackense,4483,4486,3
21949,Mycobacterium_hackensackense,4540,4552,12
21950,Mycobacterium_hackensackense,4555,4564,9
21951,Mycobacterium_hackensackense,4567,4573,6
21952,Mycobacterium_hackensackense,4582,4585,3
21953,Mycobacterium_hackensackense,5163,5169,6
21954,Mycobacterium_hackensackense,5170,5179,9
21955,Mycobacterium_hackensackense,5181,5190,9
21956,Mycobacterium_hackensackense,5197,5199,2
21957,Mycobacterium_hackensackense,5201,5204,3
21958,Mycobacterium_hackensackense,5206,5214,8
21959,Mycobacterium_hackensackense,5218,5230,12
21960,Mycobacterium_hackensackense,5231,5241,10
21961,Mycobacterium_hackensackense,5247,5253,6
21962,Mycobacterium_hackensackense,5401,5402,1
21963,Mycobacterium_hackensackense,6015,6016,1
21964,Mycobacterium_hackensackense,6431,6452,21
21965,Mycobacterium_hackensackense,6456,6462,6
21966,Mycobacterium_hackensackense,6470,6494,24
21967,Mycobacterium_hackensackense,7178,7254,76
21968,Mycobacterium_hackensackense,7260,7268,8
21969,Mycobacterium_hackensackense,7760,7763,3
21970,Mycobacterium_hackensackense,8452,8500,48
21971,Mycobacterium_hackensackense,8577,8578,1
21972,Mycobacterium_hackensackense,8584,8599,15
21973,Mycobacterium_hackensackense,8600,8604,4
21974,Mycobacterium_hackensackense,8609,8610,1
21975,Mycobacterium_hackensackense,8661,8662,1
21976,Mycobacterium_hackensackense,8703,8704,1
21977,Mycobacterium_hackensackense,8720,8721,1
21978,Mycobacterium_hackensackense,8733,8735,2
21979,Mycobacterium_hackensackense,8739,8742,3
21980,Mycobacterium_hackensackense,8930,8931,1
21981,Mycobacterium_hackensackense,8980,8982,2
21982,Mycobacterium_hackensackense,8984,8998,14
21983,Mycobacterium_hackensackense,9120,9121,1
21984,Mycobacterium_hackensackense,9370,9372,2
21985,Mycobacterium_hackensackense,9546,9547,1
21986,Mycobacterium_hackensackense,9812,9813,1
21987,Mycobacterium_hackensackense,9982,9984,2
21988,Mycobacterium_hackensackense,9985,9986,1
21989,Mycobacterium_hackensackense,10076,10078,2
21990,Mycobacterium_hackensackense,10157,10158,1
21991,Mycobacterium_hackensackense,10261,10262,1
21992,Mycobacterium_hackensackense,10310,10312,2
21993,Mycobacterium_hackensackense,10313,10315,2
21994,Mycobacterium_hackensackense,10325,10326,1
21995,Mycobacterium_hackensackense,10370,10371,1
21996,Mycobacterium_hackensackense,10416,10417,1
21997,Mycobacterium_hackensackense,10434,10435,1
21998,Mycobacterium_hackensackense,10448,10449,1
21999,Mycobacterium_hackensackense,10461,10462,1
22000,Mycobacterium_hackensackense,10491,10492,1
22001,Mycobacterium_hackensackense,10526,10527,1
22002,Mycobacterium_hackensackense,10546,10649,103
22003,Mycobacterium_hackensackense,10828,10830,2
22004,Mycobacterium_hackensackense,10835,10843,8
22005,Mycobacterium_hackensackense,10864,10865,1
22006,Mycobacterium_hackensackense,10914,10915,1
22007,Mycobacterium_hackensackense,10965,10966,1
22008,Mycobacterium_hackensackense,10971,10975,4
22009,Mycobacterium_hackensackense,11085,11086,1
22010,Mycobacterium_hackensackense,11143,11144,1
22011,Mycobacterium_hackensackense,11243,11244,1
22012,Mycobacterium_hackensackense,11260,11261,1
22013,Mycobacterium_hackensackense,11265,11267,2
22014,Mycobacterium_hackensackense,11286,11287,1
22015,Mycobacterium_hackensackense,11312,11313,1
22016,Mycobacterium_hackensackense,11473,11474,1
22017,Mycobacterium_hackensackense,11505,11512,7
22018,Mycobacterium_hackensackense,11513,11514,1
22019,Mycobacterium_hackensackense,11520,11521,1
22020,Mycobacterium_hackensackense,11524,11539,15
22021,Mycobacterium_hackensackense,11566,11567,1
22022,Mycobacterium_hackensackense,11782,11783,1
22023,Mycobacterium_hackensackense,11823,11824,1
22024,Mycobacterium_hackensackense,11826,11827,1
22025,Mycobacterium_hackensackense,11831,11836,5
22026,Mycobacterium_hackensackense,11846,11850,4
22027,Mycobacterium_hackensackense,11851,11852,1
22028,Mycobacterium_hackensackense,11859,11860,1
22029,Mycobacterium_hackensackense,11877,11878,1
22030,Mycobacterium_hackensackense,11993,11994,1
22031,Mycobacterium_hackensackense,12029,12030,1
22032,Mycobacterium_hackensackense,12068,12069,1
22033,Mycobacterium_hackensackense,12196,12197,1
22034,Mycobacterium_hackensackense,12207,12208,1
22035,Mycobacterium_hackensackense,12211,12212,1
22036,Mycobacterium_hackensackense,12213,12214,1
22037,Mycobacterium_hackensackense,12218,12222,4
22038,Mycobacterium_hackensackense,12226,12227,1
22039,Mycobacterium_hackensackense,12237,12238,1
22040,Mycobacterium_hackensackense,12360,12369,9
22041,Mycobacterium_hackensackense,12371,12372,1
22042,Mycobacterium_hackensackense,12374,12375,1
22043,Mycobacterium_hackensackense,12377,12382,5
22044,Mycobacterium_hackensackense,12384,12390,6
22045,Mycobacterium_hackensackense,12391,12400,9
22046,Mycobacterium_hackensackense,12454,12455,1
22047,Mycobacterium_hackensackense,12739,12740,1
22048,Mycobacterium_hackensackense,12798,12925,127
22049,Mycobacterium_hackensackense,13451,13452,1
22050,Mycobacterium_hackensackense,13453,13454,1
22051,Mycobacterium_hackensackense,13508,13509,1
22052,Mycolicibacterium_brisbanense,1,10,9
22053,Mycolicibacterium_brisbanense,21,39,18
22054,Mycolicibacterium_brisbanense,43,46,3
22055,Mycolicibacterium_brisbanense,50,109,59
22056,Mycolicibacterium_brisbanense,117,132,15
22057,Mycolicibacterium_brisbanense,133,136,3
22058,Mycolicibacterium_brisbanense,346,349,3
22059,Mycolicibacterium_brisbanense,1542,1691,149
22060,Mycolicibacterium_brisbanense,3317,3381,64
22061,Mycolicibacterium_brisbanense,3403,3406,3
22062,Mycolicibacterium_brisbanense,3409,3421,12
22063,Mycolicibacterium_brisbanense,3424,3478,54
22064,Mycolicibacterium_brisbanense,3485,3491,6
22065,Mycolicibacterium_brisbanense,3642,3645,3
22066,Mycolicibacterium_brisbanense,3650,3653,3
22067,Mycolicibacterium_brisbanense,3655,3667,12
22068,Mycolicibacterium_brisbanense,3782,3788,6
22069,Mycolicibacterium_brisbanense,4400,4406,6
22070,Mycolicibacterium_brisbanense,4407,4413,6
22071,Mycolicibacterium_brisbanense,4417,4426,9
22072,Mycolicibacterium_brisbanense,4432,4445,13
22073,Mycolicibacterium_brisbanense,4452,4455,3
22074,Mycolicibacterium_brisbanense,4456,4462,6
22075,Mycolicibacterium_brisbanense,4468,4474,6
22076,Mycolicibacterium_brisbanense,4475,4481,6
22077,Mycolicibacterium_brisbanense,4483,4486,3
22078,Mycolicibacterium_brisbanense,4540,4552,12
22079,Mycolicibacterium_brisbanense,4555,4564,9
22080,Mycolicibacterium_brisbanense,4567,4573,6
22081,Mycolicibacterium_brisbanense,4582,4585,3
22082,Mycolicibacterium_brisbanense,5163,5169,6
22083,Mycolicibacterium_brisbanense,5170,5179,9
22084,Mycolicibacterium_brisbanense,5181,5190,9
22085,Mycolicibacterium_brisbanense,5197,5199,2
22086,Mycolicibacterium_brisbanense,5201,5204,3
22087,Mycolicibacterium_brisbanense,5206,5214,8
22088,Mycolicibacterium_brisbanense,5218,5230,12
22089,Mycolicibacterium_brisbanense,5231,5241,10
22090,Mycolicibacterium_brisbanense,5247,5253,6
22091,Mycolicibacterium_brisbanense,5401,5402,1
22092,Mycolicibacterium_brisbanense,6015,6016,1
22093,Mycolicibacterium_brisbanense,6431,6452,21
22094,Mycolicibacterium_brisbanense,6456,6462,6
22095,Mycolicibacterium_brisbanense,6470,6494,24
22096,Mycolicibacterium_brisbanense,7178,7254,76
22097,Mycolicibacterium_brisbanense,7260,7268,8
22098,Mycolicibacterium_brisbanense,7760,7763,3
22099,Mycolicibacterium_brisbanense,8452,8500,48
22100,Mycolicibacterium_brisbanense,8577,8578,1
22101,Mycolicibacterium_brisbanense,8584,8599,15
22102,Mycolicibacterium_brisbanense,8600,8604,4
22103,Mycolicibacterium_brisbanense,8609,8610,1
22104,Mycolicibacterium_brisbanense,8661,8662,1
22105,Mycolicibacterium_brisbanense,8703,8704,1
22106,Mycolicibacterium_brisbanense,8720,8721,1
22107,Mycolicibacterium_brisbanense,8733,8735,2
22108,Mycolicibacterium_brisbanense,8739,8742,3
22109,Mycolicibacterium_brisbanense,8930,8931,1
22110,Mycolicibacterium_brisbanense,8980,8982,2
22111,Mycolicibacterium_brisbanense,8984,8998,14
22112,Mycolicibacterium_brisbanense,9120,9121,1
22113,Mycolicibacterium_brisbanense,9370,9372,2
22114,Mycolicibacterium_brisbanense,9546,9547,1
22115,Mycolicibacterium_brisbanense,9812,9813,1
22116,Mycolicibacterium_brisbanense,9985,9986,1
22117,Mycolicibacterium_brisbanense,10157,10158,1
22118,Mycolicibacterium_brisbanense,10261,10262,1
22119,Mycolicibacterium_brisbanense,10310,10312,2
22120,Mycolicibacterium_brisbanense,10313,10315,2
22121,Mycolicibacterium_brisbanense,10325,10326,1
22122,Mycolicibacterium_brisbanense,10370,10371,1
22123,Mycolicibacterium_brisbanense,10416,10417,1
22124,Mycolicibacterium_brisbanense,10434,10435,1
22125,Mycolicibacterium_brisbanense,10448,10449,1
22126,Mycolicibacterium_brisbanense,10476,10477,1
22127,Mycolicibacterium_brisbanense,10491,10492,1
22128,Mycolicibacterium_brisbanense,10526,10527,1
22129,Mycolicibacterium_brisbanense,10546,10649,103
22130,Mycolicibacterium_brisbanense,10828,10830,2
22131,Mycolicibacterium_brisbanense,10835,10843,8
22132,Mycolicibacterium_brisbanense,10864,10865,1
22133,Mycolicibacterium_brisbanense,10914,10915,1
22134,Mycolicibacterium_brisbanense,10965,10966,1
22135,Mycolicibacterium_brisbanense,10971,10975,4
22136,Mycolicibacterium_brisbanense,11085,11086,1
22137,Mycolicibacterium_brisbanense,11143,11144,1
22138,Mycolicibacterium_brisbanense,11243,11244,1
22139,Mycolicibacterium_brisbanense,11260,11261,1
22140,Mycolicibacterium_brisbanense,11286,11287,1
22141,Mycolicibacterium_brisbanense,11312,11313,1
22142,Mycolicibacterium_brisbanense,11473,11474,1
22143,Mycolicibacterium_brisbanense,11505,11512,7
22144,Mycolicibacterium_brisbanense,11513,11514,1
22145,Mycolicibacterium_brisbanense,11519,11521,2
22146,Mycolicibacterium_brisbanense,11524,11539,15
22147,Mycolicibacterium_brisbanense,11566,11567,1
22148,Mycolicibacterium_brisbanense,11782,11783,1
22149,Mycolicibacterium_brisbanense,11823,11824,1
22150,Mycolicibacterium_brisbanense,11826,11827,1
22151,Mycolicibacterium_brisbanense,11831,11836,5
22152,Mycolicibacterium_brisbanense,11846,11850,4
22153,Mycolicibacterium_brisbanense,11851,11852,1
22154,Mycolicibacterium_brisbanense,11859,11860,1
22155,Mycolicibacterium_brisbanense,11864,11866,2
22156,Mycolicibacterium_brisbanense,11877,11878,1
22157,Mycolicibacterium_brisbanense,11993,11994,1
22158,Mycolicibacterium_brisbanense,12029,12030,1
22159,Mycolicibacterium_brisbanense,12068,12069,1
22160,Mycolicibacterium_brisbanense,12207,12208,1
22161,Mycolicibacterium_brisbanense,12211,12212,1
22162,Mycolicibacterium_brisbanense,12213,12214,1
22163,Mycolicibacterium_brisbanense,12218,12222,4
22164,Mycolicibacterium_brisbanense,12226,12227,1
22165,Mycolicibacterium_brisbanense,12237,12238,1
22166,Mycolicibacterium_brisbanense,12360,12369,9
22167,Mycolicibacterium_brisbanense,12371,12372,1
22168,Mycolicibacterium_brisbanense,12374,12375,1
22169,Mycolicibacterium_brisbanense,12378,12381,3
22170,Mycolicibacterium_brisbanense,12384,12390,6
22171,Mycolicibacterium_brisbanense,12391,12400,9
22172,Mycolicibacterium_brisbanense,12454,12455,1
22173,Mycolicibacterium_brisbanense,12739,12740,1
22174,Mycolicibacterium_brisbanense,12798,12925,127
22175,Mycolicibacterium_brisbanense,13451,13452,1
22176,Mycolicibacterium_brisbanense,13453,13454,1
22177,Mycolicibacterium_brisbanense,13508,13509,1
22178,Mycolicibacterium_canariasense,1,10,9
22179,Mycolicibacterium_canariasense,21,39,18
22180,Mycolicibacterium_canariasense,43,46,3
22181,Mycolicibacterium_canariasense,48,110,62
22182,Mycolicibacterium_canariasense,118,130,12
22183,Mycolicibacterium_canariasense,133,136,3
22184,Mycolicibacterium_canariasense,346,349,3
22185,Mycolicibacterium_canariasense,1542,1691,149
22186,Mycolicibacterium_canariasense,3317,3361,44
22187,Mycolicibacterium_canariasense,3364,3365,1
22188,Mycolicibacterium_canariasense,3373,3374,1
22189,Mycolicibacterium_canariasense,3407,3482,75
22190,Mycolicibacterium_canariasense,3485,3491,6
22191,Mycolicibacterium_canariasense,3642,3645,3
22192,Mycolicibacterium_canariasense,3650,3653,3
22193,Mycolicibacterium_canariasense,3655,3667,12
22194,Mycolicibacterium_canariasense,3782,3788,6
22195,Mycolicibacterium_canariasense,4400,4406,6
22196,Mycolicibacterium_canariasense,4407,4413,6
22197,Mycolicibacterium_canariasense,4417,4426,9
22198,Mycolicibacterium_canariasense,4432,4445,13
22199,Mycolicibacterium_canariasense,4452,4455,3
22200,Mycolicibacterium_canariasense,4456,4462,6
22201,Mycolicibacterium_canariasense,4468,4474,6
22202,Mycolicibacterium_canariasense,4475,4481,6
22203,Mycolicibacterium_canariasense,4483,4486,3
22204,Mycolicibacterium_canariasense,4540,4552,12
22205,Mycolicibacterium_canariasense,4555,4564,9
22206,Mycolicibacterium_canariasense,4567,4573,6
22207,Mycolicibacterium_canariasense,4582,4585,3
22208,Mycolicibacterium_canariasense,5163,5169,6
22209,Mycolicibacterium_canariasense,5170,5179,9
22210,Mycolicibacterium_canariasense,5181,5190,9
22211,Mycolicibacterium_canariasense,5197,5199,2
22212,Mycolicibacterium_canariasense,5201,5204,3
22213,Mycolicibacterium_canariasense,5206,5214,8
22214,Mycolicibacterium_canariasense,5218,5230,12
22215,Mycolicibacterium_canariasense,5231,5241,10
22216,Mycolicibacterium_canariasense,5247,5253,6
22217,Mycolicibacterium_canariasense,5401,5402,1
22218,Mycolicibacterium_canariasense,6015,6016,1
22219,Mycolicibacterium_canariasense,6431,6467,36
22220,Mycolicibacterium_canariasense,6470,6494,24
22221,Mycolicibacterium_canariasense,7178,7254,76
22222,Mycolicibacterium_canariasense,7260,7268,8
22223,Mycolicibacterium_canariasense,7760,7763,3
22224,Mycolicibacterium_canariasense,8452,8500,48
22225,Mycolicibacterium_canariasense,8577,8578,1
22226,Mycolicibacterium_canariasense,8584,8599,15
22227,Mycolicibacterium_canariasense,8600,8604,4
22228,Mycolicibacterium_canariasense,8609,8610,1
22229,Mycolicibacterium_canariasense,8661,8662,1
22230,Mycolicibacterium_canariasense,8703,8704,1
22231,Mycolicibacterium_canariasense,8720,8721,1
22232,Mycolicibacterium_canariasense,8733,8735,2
22233,Mycolicibacterium_canariasense,8739,8742,3
22234,Mycolicibacterium_canariasense,8930,8931,1
22235,Mycolicibacterium_canariasense,8980,8982,2
22236,Mycolicibacterium_canariasense,8984,8998,14
22237,Mycolicibacterium_canariasense,9120,9121,1
22238,Mycolicibacterium_canariasense,9370,9372,2
22239,Mycolicibacterium_canariasense,9546,9547,1
22240,Mycolicibacterium_canariasense,9812,9813,1
22241,Mycolicibacterium_canariasense,9985,9986,1
22242,Mycolicibacterium_canariasense,10076,10078,2
22243,Mycolicibacterium_canariasense,10157,10158,1
22244,Mycolicibacterium_canariasense,10261,10262,1
22245,Mycolicibacterium_canariasense,10310,10312,2
22246,Mycolicibacterium_canariasense,10313,10315,2
22247,Mycolicibacterium_canariasense,10325,10326,1
22248,Mycolicibacterium_canariasense,10370,10371,1
22249,Mycolicibacterium_canariasense,10416,10417,1
22250,Mycolicibacterium_canariasense,10434,10435,1
22251,Mycolicibacterium_canariasense,10448,10449,1
22252,Mycolicibacterium_canariasense,10461,10462,1
22253,Mycolicibacterium_canariasense,10491,10492,1
22254,Mycolicibacterium_canariasense,10526,10527,1
22255,Mycolicibacterium_canariasense,10546,10649,103
22256,Mycolicibacterium_canariasense,10828,10832,4
22257,Mycolicibacterium_canariasense,10835,10842,7
22258,Mycolicibacterium_canariasense,10864,10865,1
22259,Mycolicibacterium_canariasense,10914,10915,1
22260,Mycolicibacterium_canariasense,10965,10966,1
22261,Mycolicibacterium_canariasense,10971,10975,4
22262,Mycolicibacterium_canariasense,11085,11086,1
22263,Mycolicibacterium_canariasense,11143,11144,1
22264,Mycolicibacterium_canariasense,11243,11244,1
22265,Mycolicibacterium_canariasense,11260,11261,1
22266,Mycolicibacterium_canariasense,11265,11267,2
22267,Mycolicibacterium_canariasense,11286,11287,1
22268,Mycolicibacterium_canariasense,11312,11313,1
22269,Mycolicibacterium_canariasense,11473,11474,1
22270,Mycolicibacterium_canariasense,11505,11512,7
22271,Mycolicibacterium_canariasense,11513,11514,1
22272,Mycolicibacterium_canariasense,11516,11535,19
22273,Mycolicibacterium_canariasense,11566,11567,1
22274,Mycolicibacterium_canariasense,11782,11783,1
22275,Mycolicibacterium_canariasense,11813,11817,4
22276,Mycolicibacterium_canariasense,11823,11824,1
22277,Mycolicibacterium_canariasense,11826,11827,1
22278,Mycolicibacterium_canariasense,11833,11835,2
22279,Mycolicibacterium_canariasense,11846,11850,4
22280,Mycolicibacterium_canariasense,11851,11852,1
22281,Mycolicibacterium_canariasense,11859,11860,1
22282,Mycolicibacterium_canariasense,11864,11865,1
22283,Mycolicibacterium_canariasense,11877,11878,1
22284,Mycolicibacterium_canariasense,11993,11994,1
22285,Mycolicibacterium_canariasense,12029,12030,1
22286,Mycolicibacterium_canariasense,12068,12069,1
22287,Mycolicibacterium_canariasense,12196,12197,1
22288,Mycolicibacterium_canariasense,12207,12208,1
22289,Mycolicibacterium_canariasense,12211,12212,1
22290,Mycolicibacterium_canariasense,12213,12214,1
22291,Mycolicibacterium_canariasense,12218,12222,4
22292,Mycolicibacterium_canariasense,12226,12227,1
22293,Mycolicibacterium_canariasense,12237,12238,1
22294,Mycolicibacterium_canariasense,12360,12369,9
22295,Mycolicibacterium_canariasense,12371,12372,1
22296,Mycolicibacterium_canariasense,12374,12375,1
22297,Mycolicibacterium_canariasense,12377,12382,5
22298,Mycolicibacterium_canariasense,12384,12390,6
22299,Mycolicibacterium_canariasense,12391,12400,9
22300,Mycolicibacterium_canariasense,12454,12455,1
22301,Mycolicibacterium_canariasense,12739,12740,1
22302,Mycolicibacterium_canariasense,12798,12925,127
22303,Mycolicibacterium_canariasense,13451,13452,1
22304,Mycolicibacterium_canariasense,13453,13454,1
22305,Mycolicibacterium_canariasense,13508,13509,1
22306,Mycobacterium_angelicum,1,10,9
22307,Mycobacterium_angelicum,21,39,18
22308,Mycobacterium_angelicum,43,46,3
22309,Mycobacterium_angelicum,53,71,18
22310,Mycobacterium_angelicum,84,107,23
22311,Mycobacterium_angelicum,117,132,15
22312,Mycobacterium_angelicum,133,136,3
22313,Mycobacterium_angelicum,346,349,3
22314,Mycobacterium_angelicum,1542,1691,149
22315,Mycobacterium_angelicum,3317,3381,64
22316,Mycobacterium_angelicum,3424,3460,36
22317,Mycobacterium_angelicum,3461,3479,18
22318,Mycobacterium_angelicum,3485,3491,6
22319,Mycobacterium_angelicum,3642,3645,3
22320,Mycobacterium_angelicum,3650,3653,3
22321,Mycobacterium_angelicum,3655,3667,12
22322,Mycobacterium_angelicum,3782,3788,6
22323,Mycobacterium_angelicum,4400,4406,6
22324,Mycobacterium_angelicum,4407,4413,6
22325,Mycobacterium_angelicum,4417,4426,9
22326,Mycobacterium_angelicum,4432,4445,13
22327,Mycobacterium_angelicum,4452,4455,3
22328,Mycobacterium_angelicum,4456,4462,6
22329,Mycobacterium_angelicum,4468,4480,12
22330,Mycobacterium_angelicum,4483,4486,3
22331,Mycobacterium_angelicum,4540,4552,12
22332,Mycobacterium_angelicum,4555,4564,9
22333,Mycobacterium_angelicum,4567,4573,6
22334,Mycobacterium_angelicum,4581,4584,3
22335,Mycobacterium_angelicum,5163,5169,6
22336,Mycobacterium_angelicum,5170,5179,9
22337,Mycobacterium_angelicum,5181,5190,9
22338,Mycobacterium_angelicum,5197,5199,2
22339,Mycobacterium_angelicum,5201,5204,3
22340,Mycobacterium_angelicum,5206,5214,8
22341,Mycobacterium_angelicum,5218,5230,12
22342,Mycobacterium_angelicum,5231,5241,10
22343,Mycobacterium_angelicum,5247,5253,6
22344,Mycobacterium_angelicum,5401,5402,1
22345,Mycobacterium_angelicum,6015,6016,1
22346,Mycobacterium_angelicum,6428,6464,36
22347,Mycobacterium_angelicum,6470,6494,24
22348,Mycobacterium_angelicum,7178,7254,76
22349,Mycobacterium_angelicum,7260,7268,8
22350,Mycobacterium_angelicum,7760,7763,3
22351,Mycobacterium_angelicum,8577,8578,1
22352,Mycobacterium_angelicum,8584,8599,15
22353,Mycobacterium_angelicum,8601,8603,2
22354,Mycobacterium_angelicum,8609,8610,1
22355,Mycobacterium_angelicum,8661,8662,1
22356,Mycobacterium_angelicum,8703,8704,1
22357,Mycobacterium_angelicum,8720,8721,1
22358,Mycobacterium_angelicum,8733,8735,2
22359,Mycobacterium_angelicum,8739,8742,3
22360,Mycobacterium_angelicum,8930,8931,1
22361,Mycobacterium_angelicum,8980,8982,2
22362,Mycobacterium_angelicum,8996,8998,2
22363,Mycobacterium_angelicum,9120,9121,1
22364,Mycobacterium_angelicum,9370,9372,2
22365,Mycobacterium_angelicum,9546,9547,1
22366,Mycobacterium_angelicum,9812,9813,1
22367,Mycobacterium_angelicum,9980,9981,1
22368,Mycobacterium_angelicum,9983,9986,3
22369,Mycobacterium_angelicum,10157,10158,1
22370,Mycobacterium_angelicum,10261,10262,1
22371,Mycobacterium_angelicum,10310,10312,2
22372,Mycobacterium_angelicum,10313,10315,2
22373,Mycobacterium_angelicum,10325,10326,1
22374,Mycobacterium_angelicum,10370,10371,1
22375,Mycobacterium_angelicum,10411,10412,1
22376,Mycobacterium_angelicum,10434,10435,1
22377,Mycobacterium_angelicum,10448,10449,1
22378,Mycobacterium_angelicum,10476,10477,1
22379,Mycobacterium_angelicum,10491,10492,1
22380,Mycobacterium_angelicum,10526,10527,1
22381,Mycobacterium_angelicum,10546,10649,103
22382,Mycobacterium_angelicum,10828,10830,2
22383,Mycobacterium_angelicum,10832,10846,14
22384,Mycobacterium_angelicum,10864,10865,1
22385,Mycobacterium_angelicum,10914,10915,1
22386,Mycobacterium_angelicum,10959,10966,7
22387,Mycobacterium_angelicum,10971,10975,4
22388,Mycobacterium_angelicum,11085,11086,1
22389,Mycobacterium_angelicum,11143,11144,1
22390,Mycobacterium_angelicum,11243,11244,1
22391,Mycobacterium_angelicum,11260,11261,1
22392,Mycobacterium_angelicum,11262,11263,1
22393,Mycobacterium_angelicum,11265,11267,2
22394,Mycobacterium_angelicum,11286,11287,1
22395,Mycobacterium_angelicum,11312,11313,1
22396,Mycobacterium_angelicum,11473,11474,1
22397,Mycobacterium_angelicum,11505,11534,29
22398,Mycobacterium_angelicum,11566,11567,1
22399,Mycobacterium_angelicum,11590,11591,1
22400,Mycobacterium_angelicum,11782,11783,1
22401,Mycobacterium_angelicum,11823,11824,1
22402,Mycobacterium_angelicum,11826,11827,1
22403,Mycobacterium_angelicum,11831,11836,5
22404,Mycobacterium_angelicum,11841,11843,2
22405,Mycobacterium_angelicum,11848,11850,2
22406,Mycobacterium_angelicum,11851,11852,1
22407,Mycobacterium_angelicum,11859,11860,1
22408,Mycobacterium_angelicum,11864,11866,2
22409,Mycobacterium_angelicum,11877,11878,1
22410,Mycobacterium_angelicum,11993,11994,1
22411,Mycobacterium_angelicum,12029,12030,1
22412,Mycobacterium_angelicum,12068,12069,1
22413,Mycobacterium_angelicum,12207,12208,1
22414,Mycobacterium_angelicum,12211,12212,1
22415,Mycobacterium_angelicum,12213,12214,1
22416,Mycobacterium_angelicum,12218,12222,4
22417,Mycobacterium_angelicum,12225,12227,2
22418,Mycobacterium_angelicum,12237,12238,1
22419,Mycobacterium_angelicum,12360,12369,9
22420,Mycobacterium_angelicum,12371,12372,1
22421,Mycobacterium_angelicum,12374,12380,6
22422,Mycobacterium_angelicum,12384,12390,6
22423,Mycobacterium_angelicum,12391,12400,9
22424,Mycobacterium_angelicum,12454,12455,1
22425,Mycobacterium_angelicum,12739,12740,1
22426,Mycobacterium_angelicum,12798,12925,127
22427,Mycobacterium_angelicum,13451,13452,1
22428,Mycobacterium_angelicum,13453,13454,1
22429,Mycobacterium_angelicum,13508,13509,1
22430,Mycolicibacterium_wolinskyi,1,10,9
22431,Mycolicibacterium_wolinskyi,21,39,18
22432,Mycolicibacterium_wolinskyi,43,46,3
22433,Mycolicibacterium_wolinskyi,48,110,62
22434,Mycolicibacterium_wolinskyi,117,132,15
22435,Mycolicibacterium_wolinskyi,133,136,3
22436,Mycolicibacterium_wolinskyi,346,349,3
22437,Mycolicibacterium_wolinskyi,1542,1691,149
22438,Mycolicibacterium_wolinskyi,3317,3381,64
22439,Mycolicibacterium_wolinskyi,3403,3406,3
22440,Mycolicibacterium_wolinskyi,3409,3421,12
22441,Mycolicibacterium_wolinskyi,3424,3478,54
22442,Mycolicibacterium_wolinskyi,3485,3491,6
22443,Mycolicibacterium_wolinskyi,3642,3645,3
22444,Mycolicibacterium_wolinskyi,3650,3653,3
22445,Mycolicibacterium_wolinskyi,3655,3667,12
22446,Mycolicibacterium_wolinskyi,3782,3788,6
22447,Mycolicibacterium_wolinskyi,4400,4406,6
22448,Mycolicibacterium_wolinskyi,4407,4413,6
22449,Mycolicibacterium_wolinskyi,4417,4426,9
22450,Mycolicibacterium_wolinskyi,4432,4445,13
22451,Mycolicibacterium_wolinskyi,4452,4455,3
22452,Mycolicibacterium_wolinskyi,4456,4462,6
22453,Mycolicibacterium_wolinskyi,4468,4474,6
22454,Mycolicibacterium_wolinskyi,4475,4481,6
22455,Mycolicibacterium_wolinskyi,4483,4486,3
22456,Mycolicibacterium_wolinskyi,4540,4552,12
22457,Mycolicibacterium_wolinskyi,4555,4564,9
22458,Mycolicibacterium_wolinskyi,4567,4573,6
22459,Mycolicibacterium_wolinskyi,4582,4585,3
22460,Mycolicibacterium_wolinskyi,5163,5169,6
22461,Mycolicibacterium_wolinskyi,5170,5179,9
22462,Mycolicibacterium_wolinskyi,5181,5190,9
22463,Mycolicibacterium_wolinskyi,5197,5199,2
22464,Mycolicibacterium_wolinskyi,5201,5204,3
22465,Mycolicibacterium_wolinskyi,5206,5214,8
22466,Mycolicibacterium_wolinskyi,5218,5230,12
22467,Mycolicibacterium_wolinskyi,5231,5241,10
22468,Mycolicibacterium_wolinskyi,5247,5253,6
22469,Mycolicibacterium_wolinskyi,5401,5402,1
22470,Mycolicibacterium_wolinskyi,6015,6016,1
22471,Mycolicibacterium_wolinskyi,6431,6452,21
22472,Mycolicibacterium_wolinskyi,6456,6462,6
22473,Mycolicibacterium_wolinskyi,6470,6494,24
22474,Mycolicibacterium_wolinskyi,7178,7254,76
22475,Mycolicibacterium_wolinskyi,7260,7268,8
22476,Mycolicibacterium_wolinskyi,7760,7763,3
22477,Mycolicibacterium_wolinskyi,8452,8500,48
22478,Mycolicibacterium_wolinskyi,8577,8578,1
22479,Mycolicibacterium_wolinskyi,8584,8599,15
22480,Mycolicibacterium_wolinskyi,8600,8604,4
22481,Mycolicibacterium_wolinskyi,8609,8610,1
22482,Mycolicibacterium_wolinskyi,8661,8662,1
22483,Mycolicibacterium_wolinskyi,8703,8704,1
22484,Mycolicibacterium_wolinskyi,8720,8721,1
22485,Mycolicibacterium_wolinskyi,8733,8735,2
22486,Mycolicibacterium_wolinskyi,8739,8742,3
22487,Mycolicibacterium_wolinskyi,8930,8931,1
22488,Mycolicibacterium_wolinskyi,8980,8982,2
22489,Mycolicibacterium_wolinskyi,8984,8998,14
22490,Mycolicibacterium_wolinskyi,9120,9121,1
22491,Mycolicibacterium_wolinskyi,9370,9372,2
22492,Mycolicibacterium_wolinskyi,9546,9547,1
22493,Mycolicibacterium_wolinskyi,9812,9813,1
22494,Mycolicibacterium_wolinskyi,9985,9986,1
22495,Mycolicibacterium_wolinskyi,10076,10078,2
22496,Mycolicibacterium_wolinskyi,10157,10158,1
22497,Mycolicibacterium_wolinskyi,10261,10262,1
22498,Mycolicibacterium_wolinskyi,10310,10312,2
22499,Mycolicibacterium_wolinskyi,10313,10315,2
22500,Mycolicibacterium_wolinskyi,10325,10326,1
22501,Mycolicibacterium_wolinskyi,10370,10371,1
22502,Mycolicibacterium_wolinskyi,10416,10417,1
22503,Mycolicibacterium_wolinskyi,10434,10435,1
22504,Mycolicibacterium_wolinskyi,10448,10449,1
22505,Mycolicibacterium_wolinskyi,10476,10477,1
22506,Mycolicibacterium_wolinskyi,10491,10492,1
22507,Mycolicibacterium_wolinskyi,10526,10527,1
22508,Mycolicibacterium_wolinskyi,10547,10649,102
22509,Mycolicibacterium_wolinskyi,10828,10830,2
22510,Mycolicibacterium_wolinskyi,10835,10843,8
22511,Mycolicibacterium_wolinskyi,10864,10865,1
22512,Mycolicibacterium_wolinskyi,10914,10915,1
22513,Mycolicibacterium_wolinskyi,10965,10966,1
22514,Mycolicibacterium_wolinskyi,10971,10975,4
22515,Mycolicibacterium_wolinskyi,11085,11086,1
22516,Mycolicibacterium_wolinskyi,11143,11144,1
22517,Mycolicibacterium_wolinskyi,11243,11244,1
22518,Mycolicibacterium_wolinskyi,11260,11261,1
22519,Mycolicibacterium_wolinskyi,11286,11287,1
22520,Mycolicibacterium_wolinskyi,11312,11313,1
22521,Mycolicibacterium_wolinskyi,11473,11474,1
22522,Mycolicibacterium_wolinskyi,11505,11512,7
22523,Mycolicibacterium_wolinskyi,11513,11514,1
22524,Mycolicibacterium_wolinskyi,11520,11521,1
22525,Mycolicibacterium_wolinskyi,11524,11539,15
22526,Mycolicibacterium_wolinskyi,11566,11567,1
22527,Mycolicibacterium_wolinskyi,11782,11783,1
22528,Mycolicibacterium_wolinskyi,11823,11824,1
22529,Mycolicibacterium_wolinskyi,11826,11827,1
22530,Mycolicibacterium_wolinskyi,11831,11836,5
22531,Mycolicibacterium_wolinskyi,11846,11850,4
22532,Mycolicibacterium_wolinskyi,11851,11852,1
22533,Mycolicibacterium_wolinskyi,11859,11860,1
22534,Mycolicibacterium_wolinskyi,11864,11865,1
22535,Mycolicibacterium_wolinskyi,11877,11878,1
22536,Mycolicibacterium_wolinskyi,11993,11994,1
22537,Mycolicibacterium_wolinskyi,12029,12030,1
22538,Mycolicibacterium_wolinskyi,12068,12069,1
22539,Mycolicibacterium_wolinskyi,12211,12212,1
22540,Mycolicibacterium_wolinskyi,12213,12214,1
22541,Mycolicibacterium_wolinskyi,12218,12222,4
22542,Mycolicibacterium_wolinskyi,12226,12227,1
22543,Mycolicibacterium_wolinskyi,12237,12238,1
22544,Mycolicibacterium_wolinskyi,12360,12372,12
22545,Mycolicibacterium_wolinskyi,12374,12375,1
22546,Mycolicibacterium_wolinskyi,12378,12381,3
22547,Mycolicibacterium_wolinskyi,12384,12390,6
22548,Mycolicibacterium_wolinskyi,12391,12400,9
22549,Mycolicibacterium_wolinskyi,12454,12455,1
22550,Mycolicibacterium_wolinskyi,12739,12740,1
22551,Mycolicibacterium_wolinskyi,12798,12925,127
22552,Mycolicibacterium_wolinskyi,13451,13452,1
22553,Mycolicibacterium_wolinskyi,13453,13454,1
22554,Mycolicibacterium_wolinskyi,13508,13509,1
22555,Mycobacterium_paraense,1,10,9
22556,Mycobacterium_paraense,21,39,18
22557,Mycobacterium_paraense,43,46,3
22558,Mycobacterium_paraense,53,71,18
22559,Mycobacterium_paraense,87,107,20
22560,Mycobacterium_paraense,117,132,15
22561,Mycobacterium_paraense,133,136,3
22562,Mycobacterium_paraense,346,349,3
22563,Mycobacterium_paraense,1542,1583,41
22564,Mycobacterium_paraense,1587,1676,89
22565,Mycobacterium_paraense,1678,1691,13
22566,Mycobacterium_paraense,3317,3381,64
22567,Mycobacterium_paraense,3403,3460,57
22568,Mycobacterium_paraense,3473,3479,6
22569,Mycobacterium_paraense,3485,3491,6
22570,Mycobacterium_paraense,3642,3645,3
22571,Mycobacterium_paraense,3650,3653,3
22572,Mycobacterium_paraense,3782,3788,6
22573,Mycobacterium_paraense,4400,4406,6
22574,Mycobacterium_paraense,4407,4413,6
22575,Mycobacterium_paraense,4417,4426,9
22576,Mycobacterium_paraense,4432,4445,13
22577,Mycobacterium_paraense,4452,4455,3
22578,Mycobacterium_paraense,4456,4462,6
22579,Mycobacterium_paraense,4468,4480,12
22580,Mycobacterium_paraense,4483,4486,3
22581,Mycobacterium_paraense,4540,4552,12
22582,Mycobacterium_paraense,4555,4564,9
22583,Mycobacterium_paraense,4567,4573,6
22584,Mycobacterium_paraense,4581,4584,3
22585,Mycobacterium_paraense,5163,5169,6
22586,Mycobacterium_paraense,5170,5179,9
22587,Mycobacterium_paraense,5181,5190,9
22588,Mycobacterium_paraense,5197,5199,2
22589,Mycobacterium_paraense,5201,5204,3
22590,Mycobacterium_paraense,5206,5214,8
22591,Mycobacterium_paraense,5218,5230,12
22592,Mycobacterium_paraense,5231,5241,10
22593,Mycobacterium_paraense,5247,5253,6
22594,Mycobacterium_paraense,5401,5402,1
22595,Mycobacterium_paraense,6015,6016,1
22596,Mycobacterium_paraense,6431,6452,21
22597,Mycobacterium_paraense,6456,6462,6
22598,Mycobacterium_paraense,6470,6494,24
22599,Mycobacterium_paraense,7178,7254,76
22600,Mycobacterium_paraense,7260,7268,8
22601,Mycobacterium_paraense,7760,7763,3
22602,Mycobacterium_paraense,8452,8500,48
22603,Mycobacterium_paraense,8577,8578,1
22604,Mycobacterium_paraense,8584,8599,15
22605,Mycobacterium_paraense,8601,8603,2
22606,Mycobacterium_paraense,8609,8610,1
22607,Mycobacterium_paraense,8661,8662,1
22608,Mycobacterium_paraense,8703,8704,1
22609,Mycobacterium_paraense,8720,8721,1
22610,Mycobacterium_paraense,8733,8735,2
22611,Mycobacterium_paraense,8739,8742,3
22612,Mycobacterium_paraense,8930,8931,1
22613,Mycobacterium_paraense,8980,8982,2
22614,Mycobacterium_paraense,8987,9001,14
22615,Mycobacterium_paraense,9120,9121,1
22616,Mycobacterium_paraense,9370,9372,2
22617,Mycobacterium_paraense,9546,9547,1
22618,Mycobacterium_paraense,9812,9813,1
22619,Mycobacterium_paraense,9983,9986,3
22620,Mycobacterium_paraense,10076,10078,2
22621,Mycobacterium_paraense,10157,10158,1
22622,Mycobacterium_paraense,10261,10262,1
22623,Mycobacterium_paraense,10310,10312,2
22624,Mycobacterium_paraense,10313,10315,2
22625,Mycobacterium_paraense,10325,10326,1
22626,Mycobacterium_paraense,10370,10371,1
22627,Mycobacterium_paraense,10434,10435,1
22628,Mycobacterium_paraense,10448,10449,1
22629,Mycobacterium_paraense,10476,10477,1
22630,Mycobacterium_paraense,10491,10492,1
22631,Mycobacterium_paraense,10526,10527,1
22632,Mycobacterium_paraense,10546,10649,103
22633,Mycobacterium_paraense,10828,10830,2
22634,Mycobacterium_paraense,10832,10846,14
22635,Mycobacterium_paraense,10864,10865,1
22636,Mycobacterium_paraense,10914,10915,1
22637,Mycobacterium_paraense,10965,10977,12
22638,Mycobacterium_paraense,11085,11086,1
22639,Mycobacterium_paraense,11143,11144,1
22640,Mycobacterium_paraense,11243,11244,1
22641,Mycobacterium_paraense,11260,11261,1
22642,Mycobacterium_paraense,11262,11263,1
22643,Mycobacterium_paraense,11265,11267,2
22644,Mycobacterium_paraense,11286,11287,1
22645,Mycobacterium_paraense,11312,11313,1
22646,Mycobacterium_paraense,11473,11474,1
22647,Mycobacterium_paraense,11505,11534,29
22648,Mycobacterium_paraense,11566,11567,1
22649,Mycobacterium_paraense,11590,11591,1
22650,Mycobacterium_paraense,11782,11783,1
22651,Mycobacterium_paraense,11823,11824,1
22652,Mycobacterium_paraense,11826,11827,1
22653,Mycobacterium_paraense,11831,11836,5
22654,Mycobacterium_paraense,11848,11850,2
22655,Mycobacterium_paraense,11851,11852,1
22656,Mycobacterium_paraense,11859,11860,1
22657,Mycobacterium_paraense,11864,11866,2
22658,Mycobacterium_paraense,11877,11878,1
22659,Mycobacterium_paraense,11990,11991,1
22660,Mycobacterium_paraense,11993,11994,1
22661,Mycobacterium_paraense,12029,12030,1
22662,Mycobacterium_paraense,12068,12069,1
22663,Mycobacterium_paraense,12207,12208,1
22664,Mycobacterium_paraense,12211,12212,1
22665,Mycobacterium_paraense,12213,12214,1
22666,Mycobacterium_paraense,12218,12222,4
22667,Mycobacterium_paraense,12225,12227,2
22668,Mycobacterium_paraense,12237,12238,1
22669,Mycobacterium_paraense,12360,12369,9
22670,Mycobacterium_paraense,12371,12380,9
22671,Mycobacterium_paraense,12384,12390,6
22672,Mycobacterium_paraense,12391,12400,9
22673,Mycobacterium_paraense,12454,12455,1
22674,Mycobacterium_paraense,12739,12740,1
22675,Mycobacterium_paraense,12798,12925,127
22676,Mycobacterium_paraense,13451,13452,1
22677,Mycobacterium_paraense,13453,13454,1
22678,Mycobacterium_paraense,13508,13509,1
22679,Mycolicibacterium_houstonense,1,10,9
22680,Mycolicibacterium_houstonense,21,39,18
22681,Mycolicibacterium_houstonense,43,46,3
22682,Mycolicibacterium_houstonense,48,110,62
22683,Mycolicibacterium_houstonense,117,132,15
22684,Mycolicibacterium_houstonense,133,136,3
22685,Mycolicibacterium_houstonense,346,349,3
22686,Mycolicibacterium_houstonense,1542,1691,149
22687,Mycolicibacterium_houstonense,3320,3343,23
22688,Mycolicibacterium_houstonense,3364,3365,1
22689,Mycolicibacterium_houstonense,3373,3374,1
22690,Mycolicibacterium_houstonense,3409,3421,12
22691,Mycolicibacterium_houstonense,3424,3478,54
22692,Mycolicibacterium_houstonense,3485,3491,6
22693,Mycolicibacterium_houstonense,3642,3645,3
22694,Mycolicibacterium_houstonense,3650,3653,3
22695,Mycolicibacterium_houstonense,3655,3667,12
22696,Mycolicibacterium_houstonense,3782,3788,6
22697,Mycolicibacterium_houstonense,4400,4406,6
22698,Mycolicibacterium_houstonense,4407,4413,6
22699,Mycolicibacterium_houstonense,4417,4426,9
22700,Mycolicibacterium_houstonense,4432,4445,13
22701,Mycolicibacterium_houstonense,4452,4455,3
22702,Mycolicibacterium_houstonense,4456,4462,6
22703,Mycolicibacterium_houstonense,4468,4474,6
22704,Mycolicibacterium_houstonense,4475,4481,6
22705,Mycolicibacterium_houstonense,4483,4486,3
22706,Mycolicibacterium_houstonense,4540,4552,12
22707,Mycolicibacterium_houstonense,4555,4564,9
22708,Mycolicibacterium_houstonense,4567,4573,6
22709,Mycolicibacterium_houstonense,4582,4585,3
22710,Mycolicibacterium_houstonense,5163,5169,6
22711,Mycolicibacterium_houstonense,5170,5179,9
22712,Mycolicibacterium_houstonense,5181,5190,9
22713,Mycolicibacterium_houstonense,5197,5199,2
22714,Mycolicibacterium_houstonense,5201,5204,3
22715,Mycolicibacterium_houstonense,5206,5214,8
22716,Mycolicibacterium_houstonense,5218,5230,12
22717,Mycolicibacterium_houstonense,5231,5241,10
22718,Mycolicibacterium_houstonense,5247,5253,6
22719,Mycolicibacterium_houstonense,5401,5402,1
22720,Mycolicibacterium_houstonense,6015,6016,1
22721,Mycolicibacterium_houstonense,6431,6452,21
22722,Mycolicibacterium_houstonense,6456,6462,6
22723,Mycolicibacterium_houstonense,6470,6494,24
22724,Mycolicibacterium_houstonense,7178,7254,76
22725,Mycolicibacterium_houstonense,7260,7268,8
22726,Mycolicibacterium_houstonense,7760,7763,3
22727,Mycolicibacterium_houstonense,8452,8500,48
22728,Mycolicibacterium_houstonense,8577,8578,1
22729,Mycolicibacterium_houstonense,8584,8599,15
22730,Mycolicibacterium_houstonense,8600,8604,4
22731,Mycolicibacterium_houstonense,8609,8610,1
22732,Mycolicibacterium_houstonense,8661,8662,1
22733,Mycolicibacterium_houstonense,8703,8704,1
22734,Mycolicibacterium_houstonense,8720,8721,1
22735,Mycolicibacterium_houstonense,8733,8735,2
22736,Mycolicibacterium_houstonense,8739,8742,3
22737,Mycolicibacterium_houstonense,8930,8931,1
22738,Mycolicibacterium_houstonense,8980,8982,2
22739,Mycolicibacterium_houstonense,8984,8998,14
22740,Mycolicibacterium_houstonense,9120,9121,1
22741,Mycolicibacterium_houstonense,9370,9372,2
22742,Mycolicibacterium_houstonense,9546,9547,1
22743,Mycolicibacterium_houstonense,9812,9813,1
22744,Mycolicibacterium_houstonense,9982,9984,2
22745,Mycolicibacterium_houstonense,9985,9986,1
22746,Mycolicibacterium_houstonense,10076,10078,2
22747,Mycolicibacterium_houstonense,10157,10158,1
22748,Mycolicibacterium_houstonense,10261,10262,1
22749,Mycolicibacterium_houstonense,10310,10312,2
22750,Mycolicibacterium_houstonense,10313,10314,1
22751,Mycolicibacterium_houstonense,10325,10326,1
22752,Mycolicibacterium_houstonense,10370,10371,1
22753,Mycolicibacterium_houstonense,10416,10417,1
22754,Mycolicibacterium_houstonense,10434,10435,1
22755,Mycolicibacterium_houstonense,10448,10449,1
22756,Mycolicibacterium_houstonense,10476,10477,1
22757,Mycolicibacterium_houstonense,10491,10492,1
22758,Mycolicibacterium_houstonense,10526,10527,1
22759,Mycolicibacterium_houstonense,10547,10649,102
22760,Mycolicibacterium_houstonense,10829,10830,1
22761,Mycolicibacterium_houstonense,10835,10843,8
22762,Mycolicibacterium_houstonense,10864,10865,1
22763,Mycolicibacterium_houstonense,10914,10915,1
22764,Mycolicibacterium_houstonense,10965,10966,1
22765,Mycolicibacterium_houstonense,10971,10975,4
22766,Mycolicibacterium_houstonense,11085,11086,1
22767,Mycolicibacterium_houstonense,11143,11144,1
22768,Mycolicibacterium_houstonense,11243,11244,1
22769,Mycolicibacterium_houstonense,11260,11261,1
22770,Mycolicibacterium_houstonense,11286,11287,1
22771,Mycolicibacterium_houstonense,11312,11313,1
22772,Mycolicibacterium_houstonense,11473,11474,1
22773,Mycolicibacterium_houstonense,11505,11512,7
22774,Mycolicibacterium_houstonense,11513,11514,1
22775,Mycolicibacterium_houstonense,11516,11517,1
22776,Mycolicibacterium_houstonense,11520,11521,1
22777,Mycolicibacterium_houstonense,11524,11541,17
22778,Mycolicibacterium_houstonense,11566,11567,1
22779,Mycolicibacterium_houstonense,11782,11783,1
22780,Mycolicibacterium_houstonense,11823,11824,1
22781,Mycolicibacterium_houstonense,11826,11827,1
22782,Mycolicibacterium_houstonense,11831,11836,5
22783,Mycolicibacterium_houstonense,11846,11850,4
22784,Mycolicibacterium_houstonense,11851,11852,1
22785,Mycolicibacterium_houstonense,11859,11860,1
22786,Mycolicibacterium_houstonense,11864,11865,1
22787,Mycolicibacterium_houstonense,11877,11878,1
22788,Mycolicibacterium_houstonense,11993,11994,1
22789,Mycolicibacterium_houstonense,12029,12030,1
22790,Mycolicibacterium_houstonense,12068,12069,1
22791,Mycolicibacterium_houstonense,12207,12208,1
22792,Mycolicibacterium_houstonense,12211,12212,1
22793,Mycolicibacterium_houstonense,12213,12214,1
22794,Mycolicibacterium_houstonense,12218,12222,4
22795,Mycolicibacterium_houstonense,12226,12227,1
22796,Mycolicibacterium_houstonense,12237,12238,1
22797,Mycolicibacterium_houstonense,12360,12372,12
22798,Mycolicibacterium_houstonense,12374,12375,1
22799,Mycolicibacterium_houstonense,12378,12381,3
22800,Mycolicibacterium_houstonense,12384,12390,6
22801,Mycolicibacterium_houstonense,12391,12400,9
22802,Mycolicibacterium_houstonense,12454,12455,1
22803,Mycolicibacterium_houstonense,12739,12740,1
22804,Mycolicibacterium_houstonense,12798,12925,127
22805,Mycolicibacterium_houstonense,13451,13452,1
22806,Mycolicibacterium_houstonense,13453,13454,1
22807,Mycolicibacterium_houstonense,13508,13509,1
22808,Mycolicibacterium_bacteremicum,1,10,9
22809,Mycolicibacterium_bacteremicum,21,39,18
22810,Mycolicibacterium_bacteremicum,43,46,3
22811,Mycolicibacterium_bacteremicum,48,110,62
22812,Mycolicibacterium_bacteremicum,118,130,12
22813,Mycolicibacterium_bacteremicum,133,136,3
22814,Mycolicibacterium_bacteremicum,346,349,3
22815,Mycolicibacterium_bacteremicum,1542,1691,149
22816,Mycolicibacterium_bacteremicum,3317,3365,48
22817,Mycolicibacterium_bacteremicum,3373,3374,1
22818,Mycolicibacterium_bacteremicum,3408,3480,72
22819,Mycolicibacterium_bacteremicum,3485,3491,6
22820,Mycolicibacterium_bacteremicum,3642,3645,3
22821,Mycolicibacterium_bacteremicum,3650,3653,3
22822,Mycolicibacterium_bacteremicum,3655,3667,12
22823,Mycolicibacterium_bacteremicum,3782,3788,6
22824,Mycolicibacterium_bacteremicum,4400,4406,6
22825,Mycolicibacterium_bacteremicum,4407,4413,6
22826,Mycolicibacterium_bacteremicum,4417,4426,9
22827,Mycolicibacterium_bacteremicum,4432,4445,13
22828,Mycolicibacterium_bacteremicum,4452,4455,3
22829,Mycolicibacterium_bacteremicum,4456,4462,6
22830,Mycolicibacterium_bacteremicum,4468,4474,6
22831,Mycolicibacterium_bacteremicum,4475,4481,6
22832,Mycolicibacterium_bacteremicum,4483,4486,3
22833,Mycolicibacterium_bacteremicum,4540,4552,12
22834,Mycolicibacterium_bacteremicum,4555,4564,9
22835,Mycolicibacterium_bacteremicum,4567,4573,6
22836,Mycolicibacterium_bacteremicum,4582,4585,3
22837,Mycolicibacterium_bacteremicum,5163,5169,6
22838,Mycolicibacterium_bacteremicum,5170,5179,9
22839,Mycolicibacterium_bacteremicum,5181,5190,9
22840,Mycolicibacterium_bacteremicum,5197,5199,2
22841,Mycolicibacterium_bacteremicum,5201,5204,3
22842,Mycolicibacterium_bacteremicum,5206,5214,8
22843,Mycolicibacterium_bacteremicum,5218,5230,12
22844,Mycolicibacterium_bacteremicum,5231,5241,10
22845,Mycolicibacterium_bacteremicum,5247,5253,6
22846,Mycolicibacterium_bacteremicum,5401,5402,1
22847,Mycolicibacterium_bacteremicum,6015,6016,1
22848,Mycolicibacterium_bacteremicum,6431,6467,36
22849,Mycolicibacterium_bacteremicum,6470,6494,24
22850,Mycolicibacterium_bacteremicum,7178,7254,76
22851,Mycolicibacterium_bacteremicum,7260,7268,8
22852,Mycolicibacterium_bacteremicum,7760,7763,3
22853,Mycolicibacterium_bacteremicum,8452,8500,48
22854,Mycolicibacterium_bacteremicum,8577,8578,1
22855,Mycolicibacterium_bacteremicum,8584,8599,15
22856,Mycolicibacterium_bacteremicum,8600,8604,4
22857,Mycolicibacterium_bacteremicum,8609,8610,1
22858,Mycolicibacterium_bacteremicum,8661,8662,1
22859,Mycolicibacterium_bacteremicum,8703,8704,1
22860,Mycolicibacterium_bacteremicum,8720,8721,1
22861,Mycolicibacterium_bacteremicum,8733,8735,2
22862,Mycolicibacterium_bacteremicum,8739,8742,3
22863,Mycolicibacterium_bacteremicum,8930,8931,1
22864,Mycolicibacterium_bacteremicum,8980,8982,2
22865,Mycolicibacterium_bacteremicum,8984,8998,14
22866,Mycolicibacterium_bacteremicum,9120,9121,1
22867,Mycolicibacterium_bacteremicum,9370,9372,2
22868,Mycolicibacterium_bacteremicum,9546,9547,1
22869,Mycolicibacterium_bacteremicum,9812,9813,1
22870,Mycolicibacterium_bacteremicum,9985,9986,1
22871,Mycolicibacterium_bacteremicum,10076,10078,2
22872,Mycolicibacterium_bacteremicum,10157,10158,1
22873,Mycolicibacterium_bacteremicum,10261,10262,1
22874,Mycolicibacterium_bacteremicum,10310,10312,2
22875,Mycolicibacterium_bacteremicum,10313,10315,2
22876,Mycolicibacterium_bacteremicum,10325,10326,1
22877,Mycolicibacterium_bacteremicum,10370,10371,1
22878,Mycolicibacterium_bacteremicum,10416,10417,1
22879,Mycolicibacterium_bacteremicum,10434,10435,1
22880,Mycolicibacterium_bacteremicum,10448,10449,1
22881,Mycolicibacterium_bacteremicum,10461,10462,1
22882,Mycolicibacterium_bacteremicum,10475,10477,2
22883,Mycolicibacterium_bacteremicum,10491,10492,1
22884,Mycolicibacterium_bacteremicum,10526,10527,1
22885,Mycolicibacterium_bacteremicum,10547,10649,102
22886,Mycolicibacterium_bacteremicum,10828,10830,2
22887,Mycolicibacterium_bacteremicum,10835,10843,8
22888,Mycolicibacterium_bacteremicum,10864,10865,1
22889,Mycolicibacterium_bacteremicum,10914,10915,1
22890,Mycolicibacterium_bacteremicum,10965,10966,1
22891,Mycolicibacterium_bacteremicum,10971,10975,4
22892,Mycolicibacterium_bacteremicum,11085,11086,1
22893,Mycolicibacterium_bacteremicum,11143,11144,1
22894,Mycolicibacterium_bacteremicum,11243,11244,1
22895,Mycolicibacterium_bacteremicum,11260,11261,1
22896,Mycolicibacterium_bacteremicum,11265,11267,2
22897,Mycolicibacterium_bacteremicum,11286,11287,1
22898,Mycolicibacterium_bacteremicum,11312,11313,1
22899,Mycolicibacterium_bacteremicum,11473,11474,1
22900,Mycolicibacterium_bacteremicum,11505,11512,7
22901,Mycolicibacterium_bacteremicum,11513,11514,1
22902,Mycolicibacterium_bacteremicum,11520,11531,11
22903,Mycolicibacterium_bacteremicum,11532,11533,1
22904,Mycolicibacterium_bacteremicum,11534,11535,1
22905,Mycolicibacterium_bacteremicum,11566,11567,1
22906,Mycolicibacterium_bacteremicum,11782,11783,1
22907,Mycolicibacterium_bacteremicum,11823,11824,1
22908,Mycolicibacterium_bacteremicum,11826,11827,1
22909,Mycolicibacterium_bacteremicum,11831,11836,5
22910,Mycolicibacterium_bacteremicum,11846,11850,4
22911,Mycolicibacterium_bacteremicum,11851,11852,1
22912,Mycolicibacterium_bacteremicum,11859,11860,1
22913,Mycolicibacterium_bacteremicum,11877,11878,1
22914,Mycolicibacterium_bacteremicum,11993,11995,2
22915,Mycolicibacterium_bacteremicum,12029,12030,1
22916,Mycolicibacterium_bacteremicum,12068,12069,1
22917,Mycolicibacterium_bacteremicum,12207,12208,1
22918,Mycolicibacterium_bacteremicum,12211,12212,1
22919,Mycolicibacterium_bacteremicum,12213,12214,1
22920,Mycolicibacterium_bacteremicum,12218,12222,4
22921,Mycolicibacterium_bacteremicum,12226,12227,1
22922,Mycolicibacterium_bacteremicum,12237,12238,1
22923,Mycolicibacterium_bacteremicum,12360,12369,9
22924,Mycolicibacterium_bacteremicum,12371,12372,1
22925,Mycolicibacterium_bacteremicum,12374,12375,1
22926,Mycolicibacterium_bacteremicum,12377,12382,5
22927,Mycolicibacterium_bacteremicum,12384,12390,6
22928,Mycolicibacterium_bacteremicum,12391,12400,9
22929,Mycolicibacterium_bacteremicum,12454,12455,1
22930,Mycolicibacterium_bacteremicum,12739,12740,1
22931,Mycolicibacterium_bacteremicum,12798,12925,127
22932,Mycolicibacterium_bacteremicum,13451,13452,1
22933,Mycolicibacterium_bacteremicum,13453,13454,1
22934,Mycolicibacterium_bacteremicum,13508,13509,1
22935,Mycolicibacterium_neworleansense,1,10,9
22936,Mycolicibacterium_neworleansense,21,39,18
22937,Mycolicibacterium_neworleansense,43,46,3
22938,Mycolicibacterium_neworleansense,48,110,62
22939,Mycolicibacterium_neworleansense,117,132,15
22940,Mycolicibacterium_neworleansense,133,136,3
22941,Mycolicibacterium_neworleansense,346,349,3
22942,Mycolicibacterium_neworleansense,1542,1691,149
22943,Mycolicibacterium_neworleansense,3265,3268,3
22944,Mycolicibacterium_neworleansense,3317,3381,64
22945,Mycolicibacterium_neworleansense,3409,3421,12
22946,Mycolicibacterium_neworleansense,3424,3478,54
22947,Mycolicibacterium_neworleansense,3485,3491,6
22948,Mycolicibacterium_neworleansense,3642,3645,3
22949,Mycolicibacterium_neworleansense,3650,3653,3
22950,Mycolicibacterium_neworleansense,3655,3667,12
22951,Mycolicibacterium_neworleansense,3782,3788,6
22952,Mycolicibacterium_neworleansense,4400,4406,6
22953,Mycolicibacterium_neworleansense,4407,4413,6
22954,Mycolicibacterium_neworleansense,4417,4426,9
22955,Mycolicibacterium_neworleansense,4432,4445,13
22956,Mycolicibacterium_neworleansense,4452,4455,3
22957,Mycolicibacterium_neworleansense,4456,4462,6
22958,Mycolicibacterium_neworleansense,4468,4474,6
22959,Mycolicibacterium_neworleansense,4475,4481,6
22960,Mycolicibacterium_neworleansense,4483,4486,3
22961,Mycolicibacterium_neworleansense,4540,4552,12
22962,Mycolicibacterium_neworleansense,4555,4564,9
22963,Mycolicibacterium_neworleansense,4567,4573,6
22964,Mycolicibacterium_neworleansense,4582,4585,3
22965,Mycolicibacterium_neworleansense,5163,5169,6
22966,Mycolicibacterium_neworleansense,5170,5179,9
22967,Mycolicibacterium_neworleansense,5181,5190,9
22968,Mycolicibacterium_neworleansense,5197,5199,2
22969,Mycolicibacterium_neworleansense,5201,5204,3
22970,Mycolicibacterium_neworleansense,5206,5214,8
22971,Mycolicibacterium_neworleansense,5218,5230,12
22972,Mycolicibacterium_neworleansense,5231,5241,10
22973,Mycolicibacterium_neworleansense,5247,5253,6
22974,Mycolicibacterium_neworleansense,5401,5402,1
22975,Mycolicibacterium_neworleansense,6015,6016,1
22976,Mycolicibacterium_neworleansense,6431,6452,21
22977,Mycolicibacterium_neworleansense,6456,6462,6
22978,Mycolicibacterium_neworleansense,6470,6494,24
22979,Mycolicibacterium_neworleansense,7178,7254,76
22980,Mycolicibacterium_neworleansense,7260,7268,8
22981,Mycolicibacterium_neworleansense,7760,7763,3
22982,Mycolicibacterium_neworleansense,8452,8500,48
22983,Mycolicibacterium_neworleansense,8577,8578,1
22984,Mycolicibacterium_neworleansense,8584,8599,15
22985,Mycolicibacterium_neworleansense,8600,8604,4
22986,Mycolicibacterium_neworleansense,8609,8610,1
22987,Mycolicibacterium_neworleansense,8661,8662,1
22988,Mycolicibacterium_neworleansense,8703,8704,1
22989,Mycolicibacterium_neworleansense,8720,8721,1
22990,Mycolicibacterium_neworleansense,8733,8735,2
22991,Mycolicibacterium_neworleansense,8739,8742,3
22992,Mycolicibacterium_neworleansense,8930,8931,1
22993,Mycolicibacterium_neworleansense,8980,8982,2
22994,Mycolicibacterium_neworleansense,8984,8998,14
22995,Mycolicibacterium_neworleansense,9120,9121,1
22996,Mycolicibacterium_neworleansense,9370,9372,2
22997,Mycolicibacterium_neworleansense,9546,9547,1
22998,Mycolicibacterium_neworleansense,9812,9813,1
22999,Mycolicibacterium_neworleansense,9982,9984,2
23000,Mycolicibacterium_neworleansense,9985,9986,1
23001,Mycolicibacterium_neworleansense,10157,10158,1
23002,Mycolicibacterium_neworleansense,10261,10262,1
23003,Mycolicibacterium_neworleansense,10310,10312,2
23004,Mycolicibacterium_neworleansense,10313,10314,1
23005,Mycolicibacterium_neworleansense,10325,10326,1
23006,Mycolicibacterium_neworleansense,10370,10371,1
23007,Mycolicibacterium_neworleansense,10416,10417,1
23008,Mycolicibacterium_neworleansense,10434,10435,1
23009,Mycolicibacterium_neworleansense,10448,10449,1
23010,Mycolicibacterium_neworleansense,10476,10477,1
23011,Mycolicibacterium_neworleansense,10491,10492,1
23012,Mycolicibacterium_neworleansense,10526,10527,1
23013,Mycolicibacterium_neworleansense,10547,10649,102
23014,Mycolicibacterium_neworleansense,10828,10830,2
23015,Mycolicibacterium_neworleansense,10835,10843,8
23016,Mycolicibacterium_neworleansense,10864,10865,1
23017,Mycolicibacterium_neworleansense,10914,10915,1
23018,Mycolicibacterium_neworleansense,10965,10966,1
23019,Mycolicibacterium_neworleansense,10971,10975,4
23020,Mycolicibacterium_neworleansense,11085,11086,1
23021,Mycolicibacterium_neworleansense,11143,11144,1
23022,Mycolicibacterium_neworleansense,11243,11244,1
23023,Mycolicibacterium_neworleansense,11260,11261,1
23024,Mycolicibacterium_neworleansense,11286,11287,1
23025,Mycolicibacterium_neworleansense,11312,11313,1
23026,Mycolicibacterium_neworleansense,11473,11474,1
23027,Mycolicibacterium_neworleansense,11505,11512,7
23028,Mycolicibacterium_neworleansense,11513,11514,1
23029,Mycolicibacterium_neworleansense,11520,11521,1
23030,Mycolicibacterium_neworleansense,11524,11540,16
23031,Mycolicibacterium_neworleansense,11566,11567,1
23032,Mycolicibacterium_neworleansense,11782,11783,1
23033,Mycolicibacterium_neworleansense,11823,11824,1
23034,Mycolicibacterium_neworleansense,11826,11827,1
23035,Mycolicibacterium_neworleansense,11831,11836,5
23036,Mycolicibacterium_neworleansense,11846,11850,4
23037,Mycolicibacterium_neworleansense,11851,11852,1
23038,Mycolicibacterium_neworleansense,11859,11860,1
23039,Mycolicibacterium_neworleansense,11864,11865,1
23040,Mycolicibacterium_neworleansense,11877,11878,1
23041,Mycolicibacterium_neworleansense,11993,11994,1
23042,Mycolicibacterium_neworleansense,12029,12030,1
23043,Mycolicibacterium_neworleansense,12068,12069,1
23044,Mycolicibacterium_neworleansense,12207,12208,1
23045,Mycolicibacterium_neworleansense,12211,12212,1
23046,Mycolicibacterium_neworleansense,12213,12214,1
23047,Mycolicibacterium_neworleansense,12218,12222,4
23048,Mycolicibacterium_neworleansense,12226,12227,1
23049,Mycolicibacterium_neworleansense,12237,12238,1
23050,Mycolicibacterium_neworleansense,12360,12372,12
23051,Mycolicibacterium_neworleansense,12374,12375,1
23052,Mycolicibacterium_neworleansense,12378,12381,3
23053,Mycolicibacterium_neworleansense,12384,12390,6
23054,Mycolicibacterium_neworleansense,12391,12400,9
23055,Mycolicibacterium_neworleansense,12454,12455,1
23056,Mycolicibacterium_neworleansense,12739,12740,1
23057,Mycolicibacterium_neworleansense,12798,12925,127
23058,Mycolicibacterium_neworleansense,13451,13452,1
23059,Mycolicibacterium_neworleansense,13453,13454,1
23060,Mycolicibacterium_neworleansense,13508,13509,1
23061,Mycolicibacterium_porcinum,1,10,9
23062,Mycolicibacterium_porcinum,21,39,18
23063,Mycolicibacterium_porcinum,43,46,3
23064,Mycolicibacterium_porcinum,48,110,62
23065,Mycolicibacterium_porcinum,117,132,15
23066,Mycolicibacterium_porcinum,133,136,3
23067,Mycolicibacterium_porcinum,346,349,3
23068,Mycolicibacterium_porcinum,1542,1691,149
23069,Mycolicibacterium_porcinum,3265,3268,3
23070,Mycolicibacterium_porcinum,3317,3381,64
23071,Mycolicibacterium_porcinum,3403,3406,3
23072,Mycolicibacterium_porcinum,3409,3421,12
23073,Mycolicibacterium_porcinum,3424,3478,54
23074,Mycolicibacterium_porcinum,3485,3491,6
23075,Mycolicibacterium_porcinum,3642,3645,3
23076,Mycolicibacterium_porcinum,3650,3653,3
23077,Mycolicibacterium_porcinum,3655,3667,12
23078,Mycolicibacterium_porcinum,3782,3788,6
23079,Mycolicibacterium_porcinum,4400,4406,6
23080,Mycolicibacterium_porcinum,4407,4413,6
23081,Mycolicibacterium_porcinum,4417,4426,9
23082,Mycolicibacterium_porcinum,4432,4445,13
23083,Mycolicibacterium_porcinum,4452,4455,3
23084,Mycolicibacterium_porcinum,4456,4462,6
23085,Mycolicibacterium_porcinum,4468,4474,6
23086,Mycolicibacterium_porcinum,4475,4481,6
23087,Mycolicibacterium_porcinum,4483,4486,3
23088,Mycolicibacterium_porcinum,4540,4552,12
23089,Mycolicibacterium_porcinum,4555,4564,9
23090,Mycolicibacterium_porcinum,4567,4573,6
23091,Mycolicibacterium_porcinum,4582,4585,3
23092,Mycolicibacterium_porcinum,5163,5169,6
23093,Mycolicibacterium_porcinum,5170,5179,9
23094,Mycolicibacterium_porcinum,5181,5190,9
23095,Mycolicibacterium_porcinum,5197,5199,2
23096,Mycolicibacterium_porcinum,5201,5204,3
23097,Mycolicibacterium_porcinum,5206,5214,8
23098,Mycolicibacterium_porcinum,5218,5230,12
23099,Mycolicibacterium_porcinum,5231,5241,10
23100,Mycolicibacterium_porcinum,5247,5253,6
23101,Mycolicibacterium_porcinum,5401,5402,1
23102,Mycolicibacterium_porcinum,6015,6016,1
23103,Mycolicibacterium_porcinum,6431,6452,21
23104,Mycolicibacterium_porcinum,6456,6462,6
23105,Mycolicibacterium_porcinum,6470,6494,24
23106,Mycolicibacterium_porcinum,7178,7254,76
23107,Mycolicibacterium_porcinum,7260,7268,8
23108,Mycolicibacterium_porcinum,7760,7763,3
23109,Mycolicibacterium_porcinum,8452,8500,48
23110,Mycolicibacterium_porcinum,8577,8578,1
23111,Mycolicibacterium_porcinum,8584,8599,15
23112,Mycolicibacterium_porcinum,8600,8604,4
23113,Mycolicibacterium_porcinum,8609,8610,1
23114,Mycolicibacterium_porcinum,8661,8662,1
23115,Mycolicibacterium_porcinum,8703,8704,1
23116,Mycolicibacterium_porcinum,8720,8721,1
23117,Mycolicibacterium_porcinum,8733,8735,2
23118,Mycolicibacterium_porcinum,8739,8742,3
23119,Mycolicibacterium_porcinum,8930,8931,1
23120,Mycolicibacterium_porcinum,8980,8982,2
23121,Mycolicibacterium_porcinum,8984,8998,14
23122,Mycolicibacterium_porcinum,9120,9121,1
23123,Mycolicibacterium_porcinum,9370,9372,2
23124,Mycolicibacterium_porcinum,9546,9547,1
23125,Mycolicibacterium_porcinum,9812,9813,1
23126,Mycolicibacterium_porcinum,9982,9984,2
23127,Mycolicibacterium_porcinum,9985,9986,1
23128,Mycolicibacterium_porcinum,10076,10078,2
23129,Mycolicibacterium_porcinum,10157,10158,1
23130,Mycolicibacterium_porcinum,10261,10262,1
23131,Mycolicibacterium_porcinum,10310,10312,2
23132,Mycolicibacterium_porcinum,10313,10314,1
23133,Mycolicibacterium_porcinum,10325,10326,1
23134,Mycolicibacterium_porcinum,10370,10371,1
23135,Mycolicibacterium_porcinum,10416,10417,1
23136,Mycolicibacterium_porcinum,10434,10435,1
23137,Mycolicibacterium_porcinum,10448,10449,1
23138,Mycolicibacterium_porcinum,10476,10477,1
23139,Mycolicibacterium_porcinum,10491,10492,1
23140,Mycolicibacterium_porcinum,10526,10527,1
23141,Mycolicibacterium_porcinum,10539,10540,1
23142,Mycolicibacterium_porcinum,10547,10649,102
23143,Mycolicibacterium_porcinum,10829,10830,1
23144,Mycolicibacterium_porcinum,10835,10843,8
23145,Mycolicibacterium_porcinum,10864,10865,1
23146,Mycolicibacterium_porcinum,10914,10915,1
23147,Mycolicibacterium_porcinum,10965,10966,1
23148,Mycolicibacterium_porcinum,10971,10975,4
23149,Mycolicibacterium_porcinum,11085,11086,1
23150,Mycolicibacterium_porcinum,11143,11144,1
23151,Mycolicibacterium_porcinum,11243,11244,1
23152,Mycolicibacterium_porcinum,11260,11261,1
23153,Mycolicibacterium_porcinum,11286,11287,1
23154,Mycolicibacterium_porcinum,11312,11313,1
23155,Mycolicibacterium_porcinum,11473,11474,1
23156,Mycolicibacterium_porcinum,11505,11512,7
23157,Mycolicibacterium_porcinum,11513,11514,1
23158,Mycolicibacterium_porcinum,11516,11517,1
23159,Mycolicibacterium_porcinum,11520,11521,1
23160,Mycolicibacterium_porcinum,11524,11541,17
23161,Mycolicibacterium_porcinum,11566,11567,1
23162,Mycolicibacterium_porcinum,11782,11783,1
23163,Mycolicibacterium_porcinum,11823,11824,1
23164,Mycolicibacterium_porcinum,11826,11827,1
23165,Mycolicibacterium_porcinum,11831,11836,5
23166,Mycolicibacterium_porcinum,11846,11850,4
23167,Mycolicibacterium_porcinum,11851,11852,1
23168,Mycolicibacterium_porcinum,11859,11860,1
23169,Mycolicibacterium_porcinum,11864,11865,1
23170,Mycolicibacterium_porcinum,11877,11878,1
23171,Mycolicibacterium_porcinum,11993,11994,1
23172,Mycolicibacterium_porcinum,12029,12030,1
23173,Mycolicibacterium_porcinum,12068,12069,1
23174,Mycolicibacterium_porcinum,12207,12208,1
23175,Mycolicibacterium_porcinum,12211,12212,1
23176,Mycolicibacterium_porcinum,12213,12214,1
23177,Mycolicibacterium_porcinum,12218,12222,4
23178,Mycolicibacterium_porcinum,12226,12227,1
23179,Mycolicibacterium_porcinum,12237,12238,1
23180,Mycolicibacterium_porcinum,12360,12372,12
23181,Mycolicibacterium_porcinum,12374,12375,1
23182,Mycolicibacterium_porcinum,12378,12381,3
23183,Mycolicibacterium_porcinum,12384,12390,6
23184,Mycolicibacterium_porcinum,12391,12400,9
23185,Mycolicibacterium_porcinum,12454,12455,1
23186,Mycolicibacterium_porcinum,12739,12740,1
23187,Mycolicibacterium_porcinum,12798,12925,127
23188,Mycolicibacterium_porcinum,13451,13452,1
23189,Mycolicibacterium_porcinum,13453,13454,1
23190,Mycolicibacterium_porcinum,13508,13509,1
23191,Mycolicibacter_longobardus,1,10,9
23192,Mycolicibacter_longobardus,21,39,18
23193,Mycolicibacter_longobardus,43,46,3
23194,Mycolicibacter_longobardus,59,136,77
23195,Mycolicibacter_longobardus,346,349,3
23196,Mycolicibacter_longobardus,1542,1691,149
23197,Mycolicibacter_longobardus,3317,3365,48
23198,Mycolicibacter_longobardus,3373,3374,1
23199,Mycolicibacter_longobardus,3414,3420,6
23200,Mycolicibacter_longobardus,3424,3460,36
23201,Mycolicibacter_longobardus,3473,3479,6
23202,Mycolicibacter_longobardus,3485,3491,6
23203,Mycolicibacter_longobardus,3650,3653,3
23204,Mycolicibacter_longobardus,3657,3672,15
23205,Mycolicibacter_longobardus,3782,3788,6
23206,Mycolicibacter_longobardus,4400,4406,6
23207,Mycolicibacter_longobardus,4407,4413,6
23208,Mycolicibacter_longobardus,4422,4426,4
23209,Mycolicibacter_longobardus,4432,4438,6
23210,Mycolicibacter_longobardus,4441,4444,3
23211,Mycolicibacter_longobardus,4452,4455,3
23212,Mycolicibacter_longobardus,4456,4486,30
23213,Mycolicibacter_longobardus,4555,4564,9
23214,Mycolicibacter_longobardus,4567,4573,6
23215,Mycolicibacter_longobardus,5163,5169,6
23216,Mycolicibacter_longobardus,5170,5179,9
23217,Mycolicibacter_longobardus,5181,5190,9
23218,Mycolicibacter_longobardus,5197,5199,2
23219,Mycolicibacter_longobardus,5201,5204,3
23220,Mycolicibacter_longobardus,5206,5214,8
23221,Mycolicibacter_longobardus,5218,5230,12
23222,Mycolicibacter_longobardus,5231,5241,10
23223,Mycolicibacter_longobardus,5247,5253,6
23224,Mycolicibacter_longobardus,5401,5402,1
23225,Mycolicibacter_longobardus,6015,6016,1
23226,Mycolicibacter_longobardus,6431,6452,21
23227,Mycolicibacter_longobardus,6456,6462,6
23228,Mycolicibacter_longobardus,6470,6494,24
23229,Mycolicibacter_longobardus,7178,7254,76
23230,Mycolicibacter_longobardus,7260,7268,8
23231,Mycolicibacter_longobardus,7760,7763,3
23232,Mycolicibacter_longobardus,8452,8500,48
23233,Mycolicibacter_longobardus,8577,8578,1
23234,Mycolicibacter_longobardus,8584,8599,15
23235,Mycolicibacter_longobardus,8601,8603,2
23236,Mycolicibacter_longobardus,8609,8610,1
23237,Mycolicibacter_longobardus,8661,8662,1
23238,Mycolicibacter_longobardus,8703,8704,1
23239,Mycolicibacter_longobardus,8720,8721,1
23240,Mycolicibacter_longobardus,8733,8735,2
23241,Mycolicibacter_longobardus,8739,8742,3
23242,Mycolicibacter_longobardus,8930,8931,1
23243,Mycolicibacter_longobardus,8980,8982,2
23244,Mycolicibacter_longobardus,9120,9121,1
23245,Mycolicibacter_longobardus,9546,9547,1
23246,Mycolicibacter_longobardus,9812,9814,2
23247,Mycolicibacter_longobardus,9985,9986,1
23248,Mycolicibacter_longobardus,10076,10078,2
23249,Mycolicibacter_longobardus,10157,10158,1
23250,Mycolicibacter_longobardus,10311,10312,1
23251,Mycolicibacter_longobardus,10313,10315,2
23252,Mycolicibacter_longobardus,10325,10326,1
23253,Mycolicibacter_longobardus,10370,10371,1
23254,Mycolicibacter_longobardus,10416,10417,1
23255,Mycolicibacter_longobardus,10434,10435,1
23256,Mycolicibacter_longobardus,10448,10449,1
23257,Mycolicibacter_longobardus,10476,10477,1
23258,Mycolicibacter_longobardus,10491,10492,1
23259,Mycolicibacter_longobardus,10526,10527,1
23260,Mycolicibacter_longobardus,10546,10649,103
23261,Mycolicibacter_longobardus,10828,10830,2
23262,Mycolicibacter_longobardus,10835,10843,8
23263,Mycolicibacter_longobardus,10864,10865,1
23264,Mycolicibacter_longobardus,10914,10915,1
23265,Mycolicibacter_longobardus,10965,10966,1
23266,Mycolicibacter_longobardus,10971,10975,4
23267,Mycolicibacter_longobardus,11085,11086,1
23268,Mycolicibacter_longobardus,11143,11144,1
23269,Mycolicibacter_longobardus,11243,11244,1
23270,Mycolicibacter_longobardus,11260,11261,1
23271,Mycolicibacter_longobardus,11265,11267,2
23272,Mycolicibacter_longobardus,11286,11287,1
23273,Mycolicibacter_longobardus,11312,11313,1
23274,Mycolicibacter_longobardus,11473,11474,1
23275,Mycolicibacter_longobardus,11505,11512,7
23276,Mycolicibacter_longobardus,11513,11514,1
23277,Mycolicibacter_longobardus,11515,11533,18
23278,Mycolicibacter_longobardus,11537,11538,1
23279,Mycolicibacter_longobardus,11566,11567,1
23280,Mycolicibacter_longobardus,11782,11783,1
23281,Mycolicibacter_longobardus,11823,11824,1
23282,Mycolicibacter_longobardus,11831,11836,5
23283,Mycolicibacter_longobardus,11847,11850,3
23284,Mycolicibacter_longobardus,11851,11852,1
23285,Mycolicibacter_longobardus,11859,11860,1
23286,Mycolicibacter_longobardus,11864,11866,2
23287,Mycolicibacter_longobardus,11877,11878,1
23288,Mycolicibacter_longobardus,11993,11994,1
23289,Mycolicibacter_longobardus,12029,12030,1
23290,Mycolicibacter_longobardus,12068,12069,1
23291,Mycolicibacter_longobardus,12207,12208,1
23292,Mycolicibacter_longobardus,12211,12212,1
23293,Mycolicibacter_longobardus,12213,12214,1
23294,Mycolicibacter_longobardus,12218,12222,4
23295,Mycolicibacter_longobardus,12226,12227,1
23296,Mycolicibacter_longobardus,12237,12238,1
23297,Mycolicibacter_longobardus,12360,12369,9
23298,Mycolicibacter_longobardus,12371,12372,1
23299,Mycolicibacter_longobardus,12374,12375,1
23300,Mycolicibacter_longobardus,12377,12382,5
23301,Mycolicibacter_longobardus,12384,12390,6
23302,Mycolicibacter_longobardus,12391,12400,9
23303,Mycolicibacter_longobardus,12454,12455,1
23304,Mycolicibacter_longobardus,12739,12740,1
23305,Mycolicibacter_longobardus,12798,12925,127
23306,Mycolicibacter_longobardus,13451,13452,1
23307,Mycolicibacter_longobardus,13453,13454,1
23308,Mycolicibacter_longobardus,13508,13509,1
23309,Mycobacterium_yunnanensis,1,10,9
23310,Mycobacterium_yunnanensis,21,39,18
23311,Mycobacterium_yunnanensis,43,46,3
23312,Mycobacterium_yunnanensis,51,107,56
23313,Mycobacterium_yunnanensis,117,132,15
23314,Mycobacterium_yunnanensis,133,136,3
23315,Mycobacterium_yunnanensis,346,349,3
23316,Mycobacterium_yunnanensis,1542,1691,149
23317,Mycobacterium_yunnanensis,3317,3365,48
23318,Mycobacterium_yunnanensis,3373,3374,1
23319,Mycobacterium_yunnanensis,3409,3478,69
23320,Mycobacterium_yunnanensis,3485,3491,6
23321,Mycobacterium_yunnanensis,3642,3645,3
23322,Mycobacterium_yunnanensis,3650,3653,3
23323,Mycobacterium_yunnanensis,3655,3667,12
23324,Mycobacterium_yunnanensis,3782,3788,6
23325,Mycobacterium_yunnanensis,4400,4406,6
23326,Mycobacterium_yunnanensis,4407,4413,6
23327,Mycobacterium_yunnanensis,4417,4426,9
23328,Mycobacterium_yunnanensis,4432,4445,13
23329,Mycobacterium_yunnanensis,4452,4455,3
23330,Mycobacterium_yunnanensis,4456,4462,6
23331,Mycobacterium_yunnanensis,4468,4474,6
23332,Mycobacterium_yunnanensis,4475,4481,6
23333,Mycobacterium_yunnanensis,4483,4486,3
23334,Mycobacterium_yunnanensis,4540,4552,12
23335,Mycobacterium_yunnanensis,4555,4564,9
23336,Mycobacterium_yunnanensis,4567,4573,6
23337,Mycobacterium_yunnanensis,4582,4585,3
23338,Mycobacterium_yunnanensis,5163,5169,6
23339,Mycobacterium_yunnanensis,5170,5179,9
23340,Mycobacterium_yunnanensis,5181,5190,9
23341,Mycobacterium_yunnanensis,5197,5199,2
23342,Mycobacterium_yunnanensis,5201,5204,3
23343,Mycobacterium_yunnanensis,5206,5214,8
23344,Mycobacterium_yunnanensis,5218,5230,12
23345,Mycobacterium_yunnanensis,5231,5241,10
23346,Mycobacterium_yunnanensis,5247,5253,6
23347,Mycobacterium_yunnanensis,5401,5402,1
23348,Mycobacterium_yunnanensis,6015,6016,1
23349,Mycobacterium_yunnanensis,6431,6452,21
23350,Mycobacterium_yunnanensis,6456,6462,6
23351,Mycobacterium_yunnanensis,6477,6489,12
23352,Mycobacterium_yunnanensis,7178,7254,76
23353,Mycobacterium_yunnanensis,7260,7268,8
23354,Mycobacterium_yunnanensis,7760,7763,3
23355,Mycobacterium_yunnanensis,8452,8500,48
23356,Mycobacterium_yunnanensis,8577,8578,1
23357,Mycobacterium_yunnanensis,8584,8599,15
23358,Mycobacterium_yunnanensis,8600,8604,4
23359,Mycobacterium_yunnanensis,8609,8610,1
23360,Mycobacterium_yunnanensis,8661,8662,1
23361,Mycobacterium_yunnanensis,8703,8704,1
23362,Mycobacterium_yunnanensis,8720,8721,1
23363,Mycobacterium_yunnanensis,8733,8735,2
23364,Mycobacterium_yunnanensis,8739,8742,3
23365,Mycobacterium_yunnanensis,8930,8931,1
23366,Mycobacterium_yunnanensis,8980,8982,2
23367,Mycobacterium_yunnanensis,8984,8998,14
23368,Mycobacterium_yunnanensis,9120,9121,1
23369,Mycobacterium_yunnanensis,9370,9372,2
23370,Mycobacterium_yunnanensis,9546,9547,1
23371,Mycobacterium_yunnanensis,9812,9814,2
23372,Mycobacterium_yunnanensis,9985,9986,1
23373,Mycobacterium_yunnanensis,10076,10078,2
23374,Mycobacterium_yunnanensis,10157,10158,1
23375,Mycobacterium_yunnanensis,10261,10262,1
23376,Mycobacterium_yunnanensis,10310,10312,2
23377,Mycobacterium_yunnanensis,10313,10315,2
23378,Mycobacterium_yunnanensis,10325,10326,1
23379,Mycobacterium_yunnanensis,10370,10371,1
23380,Mycobacterium_yunnanensis,10416,10417,1
23381,Mycobacterium_yunnanensis,10434,10435,1
23382,Mycobacterium_yunnanensis,10448,10449,1
23383,Mycobacterium_yunnanensis,10491,10492,1
23384,Mycobacterium_yunnanensis,10526,10527,1
23385,Mycobacterium_yunnanensis,10547,10649,102
23386,Mycobacterium_yunnanensis,10828,10831,3
23387,Mycobacterium_yunnanensis,10835,10843,8
23388,Mycobacterium_yunnanensis,10864,10865,1
23389,Mycobacterium_yunnanensis,10914,10915,1
23390,Mycobacterium_yunnanensis,10965,10966,1
23391,Mycobacterium_yunnanensis,10971,10975,4
23392,Mycobacterium_yunnanensis,11085,11086,1
23393,Mycobacterium_yunnanensis,11143,11144,1
23394,Mycobacterium_yunnanensis,11243,11244,1
23395,Mycobacterium_yunnanensis,11260,11261,1
23396,Mycobacterium_yunnanensis,11266,11267,1
23397,Mycobacterium_yunnanensis,11286,11287,1
23398,Mycobacterium_yunnanensis,11312,11313,1
23399,Mycobacterium_yunnanensis,11473,11474,1
23400,Mycobacterium_yunnanensis,11505,11512,7
23401,Mycobacterium_yunnanensis,11513,11514,1
23402,Mycobacterium_yunnanensis,11515,11536,21
23403,Mycobacterium_yunnanensis,11782,11783,1
23404,Mycobacterium_yunnanensis,11823,11824,1
23405,Mycobacterium_yunnanensis,11826,11827,1
23406,Mycobacterium_yunnanensis,11831,11836,5
23407,Mycobacterium_yunnanensis,11846,11850,4
23408,Mycobacterium_yunnanensis,11851,11852,1
23409,Mycobacterium_yunnanensis,11859,11860,1
23410,Mycobacterium_yunnanensis,11877,11878,1
23411,Mycobacterium_yunnanensis,11993,11994,1
23412,Mycobacterium_yunnanensis,12029,12030,1
23413,Mycobacterium_yunnanensis,12068,12069,1
23414,Mycobacterium_yunnanensis,12196,12197,1
23415,Mycobacterium_yunnanensis,12207,12208,1
23416,Mycobacterium_yunnanensis,12211,12212,1
23417,Mycobacterium_yunnanensis,12213,12214,1
23418,Mycobacterium_yunnanensis,12218,12222,4
23419,Mycobacterium_yunnanensis,12226,12227,1
23420,Mycobacterium_yunnanensis,12237,12238,1
23421,Mycobacterium_yunnanensis,12360,12369,9
23422,Mycobacterium_yunnanensis,12371,12372,1
23423,Mycobacterium_yunnanensis,12374,12375,1
23424,Mycobacterium_yunnanensis,12378,12381,3
23425,Mycobacterium_yunnanensis,12382,12390,8
23426,Mycobacterium_yunnanensis,12391,12400,9
23427,Mycobacterium_yunnanensis,12454,12455,1
23428,Mycobacterium_yunnanensis,12739,12740,1
23429,Mycobacterium_yunnanensis,12798,12925,127
23430,Mycobacterium_yunnanensis,13451,13452,1
23431,Mycobacterium_yunnanensis,13453,13454,1
23432,Mycobacterium_yunnanensis,13508,13509,1
23433,Mycobacterium_alsense,1,10,9
23434,Mycobacterium_alsense,21,39,18
23435,Mycobacterium_alsense,43,46,3
23436,Mycobacterium_alsense,65,71,6
23437,Mycobacterium_alsense,87,107,20
23438,Mycobacterium_alsense,117,132,15
23439,Mycobacterium_alsense,133,136,3
23440,Mycobacterium_alsense,346,349,3
23441,Mycobacterium_alsense,1542,1583,41
23442,Mycobacterium_alsense,1587,1676,89
23443,Mycobacterium_alsense,1678,1691,13
23444,Mycobacterium_alsense,3317,3381,64
23445,Mycobacterium_alsense,3414,3477,63
23446,Mycobacterium_alsense,3485,3491,6
23447,Mycobacterium_alsense,3642,3645,3
23448,Mycobacterium_alsense,3650,3653,3
23449,Mycobacterium_alsense,3782,3788,6
23450,Mycobacterium_alsense,4400,4406,6
23451,Mycobacterium_alsense,4407,4413,6
23452,Mycobacterium_alsense,4417,4426,9
23453,Mycobacterium_alsense,4432,4445,13
23454,Mycobacterium_alsense,4452,4455,3
23455,Mycobacterium_alsense,4456,4462,6
23456,Mycobacterium_alsense,4468,4474,6
23457,Mycobacterium_alsense,4483,4486,3
23458,Mycobacterium_alsense,4555,4564,9
23459,Mycobacterium_alsense,4567,4573,6
23460,Mycobacterium_alsense,5163,5169,6
23461,Mycobacterium_alsense,5170,5179,9
23462,Mycobacterium_alsense,5181,5190,9
23463,Mycobacterium_alsense,5197,5199,2
23464,Mycobacterium_alsense,5201,5204,3
23465,Mycobacterium_alsense,5206,5214,8
23466,Mycobacterium_alsense,5218,5230,12
23467,Mycobacterium_alsense,5231,5241,10
23468,Mycobacterium_alsense,5247,5253,6
23469,Mycobacterium_alsense,5401,5402,1
23470,Mycobacterium_alsense,6015,6016,1
23471,Mycobacterium_alsense,6431,6452,21
23472,Mycobacterium_alsense,6456,6462,6
23473,Mycobacterium_alsense,6470,6494,24
23474,Mycobacterium_alsense,7178,7254,76
23475,Mycobacterium_alsense,7260,7268,8
23476,Mycobacterium_alsense,7760,7763,3
23477,Mycobacterium_alsense,8452,8500,48
23478,Mycobacterium_alsense,8577,8578,1
23479,Mycobacterium_alsense,8584,8599,15
23480,Mycobacterium_alsense,8601,8603,2
23481,Mycobacterium_alsense,8609,8610,1
23482,Mycobacterium_alsense,8661,8662,1
23483,Mycobacterium_alsense,8703,8704,1
23484,Mycobacterium_alsense,8720,8721,1
23485,Mycobacterium_alsense,8733,8735,2
23486,Mycobacterium_alsense,8739,8742,3
23487,Mycobacterium_alsense,8930,8931,1
23488,Mycobacterium_alsense,8980,8982,2
23489,Mycobacterium_alsense,8996,8998,2
23490,Mycobacterium_alsense,9120,9121,1
23491,Mycobacterium_alsense,9370,9372,2
23492,Mycobacterium_alsense,9546,9547,1
23493,Mycobacterium_alsense,9812,9814,2
23494,Mycobacterium_alsense,9983,9986,3
23495,Mycobacterium_alsense,10076,10078,2
23496,Mycobacterium_alsense,10157,10158,1
23497,Mycobacterium_alsense,10261,10262,1
23498,Mycobacterium_alsense,10310,10312,2
23499,Mycobacterium_alsense,10313,10315,2
23500,Mycobacterium_alsense,10325,10326,1
23501,Mycobacterium_alsense,10370,10371,1
23502,Mycobacterium_alsense,10434,10435,1
23503,Mycobacterium_alsense,10448,10449,1
23504,Mycobacterium_alsense,10476,10477,1
23505,Mycobacterium_alsense,10491,10492,1
23506,Mycobacterium_alsense,10526,10527,1
23507,Mycobacterium_alsense,10546,10649,103
23508,Mycobacterium_alsense,10828,10830,2
23509,Mycobacterium_alsense,10832,10846,14
23510,Mycobacterium_alsense,10864,10865,1
23511,Mycobacterium_alsense,10914,10915,1
23512,Mycobacterium_alsense,10957,10982,25
23513,Mycobacterium_alsense,11085,11086,1
23514,Mycobacterium_alsense,11143,11144,1
23515,Mycobacterium_alsense,11243,11244,1
23516,Mycobacterium_alsense,11260,11261,1
23517,Mycobacterium_alsense,11265,11267,2
23518,Mycobacterium_alsense,11286,11287,1
23519,Mycobacterium_alsense,11312,11313,1
23520,Mycobacterium_alsense,11473,11474,1
23521,Mycobacterium_alsense,11505,11534,29
23522,Mycobacterium_alsense,11566,11567,1
23523,Mycobacterium_alsense,11590,11591,1
23524,Mycobacterium_alsense,11782,11783,1
23525,Mycobacterium_alsense,11823,11824,1
23526,Mycobacterium_alsense,11826,11827,1
23527,Mycobacterium_alsense,11831,11836,5
23528,Mycobacterium_alsense,11848,11850,2
23529,Mycobacterium_alsense,11851,11852,1
23530,Mycobacterium_alsense,11859,11860,1
23531,Mycobacterium_alsense,11864,11866,2
23532,Mycobacterium_alsense,11877,11878,1
23533,Mycobacterium_alsense,11993,11994,1
23534,Mycobacterium_alsense,12029,12030,1
23535,Mycobacterium_alsense,12068,12069,1
23536,Mycobacterium_alsense,12207,12208,1
23537,Mycobacterium_alsense,12211,12212,1
23538,Mycobacterium_alsense,12213,12214,1
23539,Mycobacterium_alsense,12218,12222,4
23540,Mycobacterium_alsense,12225,12227,2
23541,Mycobacterium_alsense,12237,12238,1
23542,Mycobacterium_alsense,12360,12369,9
23543,Mycobacterium_alsense,12371,12372,1
23544,Mycobacterium_alsense,12374,12380,6
23545,Mycobacterium_alsense,12384,12390,6
23546,Mycobacterium_alsense,12391,12400,9
23547,Mycobacterium_alsense,12454,12455,1
23548,Mycobacterium_alsense,12739,12740,1
23549,Mycobacterium_alsense,12798,12925,127
23550,Mycobacterium_alsense,13451,13452,1
23551,Mycobacterium_alsense,13453,13454,1
23552,Mycobacterium_alsense,13508,13509,1
23553,Mycolicibacterium_lacusdiani,1,10,9
23554,Mycolicibacterium_lacusdiani,21,39,18
23555,Mycolicibacterium_lacusdiani,43,46,3
23556,Mycolicibacterium_lacusdiani,51,107,56
23557,Mycolicibacterium_lacusdiani,117,132,15
23558,Mycolicibacterium_lacusdiani,133,136,3
23559,Mycolicibacterium_lacusdiani,346,349,3
23560,Mycolicibacterium_lacusdiani,1542,1691,149
23561,Mycolicibacterium_lacusdiani,3317,3381,64
23562,Mycolicibacterium_lacusdiani,3386,3389,3
23563,Mycolicibacterium_lacusdiani,3409,3420,11
23564,Mycolicibacterium_lacusdiani,3424,3491,67
23565,Mycolicibacterium_lacusdiani,3642,3645,3
23566,Mycolicibacterium_lacusdiani,3650,3653,3
23567,Mycolicibacterium_lacusdiani,3655,3667,12
23568,Mycolicibacterium_lacusdiani,3782,3788,6
23569,Mycolicibacterium_lacusdiani,4400,4406,6
23570,Mycolicibacterium_lacusdiani,4407,4413,6
23571,Mycolicibacterium_lacusdiani,4417,4426,9
23572,Mycolicibacterium_lacusdiani,4432,4445,13
23573,Mycolicibacterium_lacusdiani,4452,4455,3
23574,Mycolicibacterium_lacusdiani,4456,4462,6
23575,Mycolicibacterium_lacusdiani,4468,4474,6
23576,Mycolicibacterium_lacusdiani,4475,4481,6
23577,Mycolicibacterium_lacusdiani,4483,4486,3
23578,Mycolicibacterium_lacusdiani,4540,4552,12
23579,Mycolicibacterium_lacusdiani,4567,4573,6
23580,Mycolicibacterium_lacusdiani,5163,5169,6
23581,Mycolicibacterium_lacusdiani,5170,5179,9
23582,Mycolicibacterium_lacusdiani,5181,5190,9
23583,Mycolicibacterium_lacusdiani,5197,5199,2
23584,Mycolicibacterium_lacusdiani,5201,5204,3
23585,Mycolicibacterium_lacusdiani,5206,5214,8
23586,Mycolicibacterium_lacusdiani,5218,5230,12
23587,Mycolicibacterium_lacusdiani,5231,5241,10
23588,Mycolicibacterium_lacusdiani,5247,5253,6
23589,Mycolicibacterium_lacusdiani,5401,5402,1
23590,Mycolicibacterium_lacusdiani,6015,6016,1
23591,Mycolicibacterium_lacusdiani,6431,6452,21
23592,Mycolicibacterium_lacusdiani,6456,6462,6
23593,Mycolicibacterium_lacusdiani,6470,6494,24
23594,Mycolicibacterium_lacusdiani,7178,7254,76
23595,Mycolicibacterium_lacusdiani,7260,7268,8
23596,Mycolicibacterium_lacusdiani,7760,7763,3
23597,Mycolicibacterium_lacusdiani,8452,8500,48
23598,Mycolicibacterium_lacusdiani,8577,8578,1
23599,Mycolicibacterium_lacusdiani,8584,8599,15
23600,Mycolicibacterium_lacusdiani,8600,8604,4
23601,Mycolicibacterium_lacusdiani,8609,8610,1
23602,Mycolicibacterium_lacusdiani,8661,8662,1
23603,Mycolicibacterium_lacusdiani,8733,8735,2
23604,Mycolicibacterium_lacusdiani,8739,8742,3
23605,Mycolicibacterium_lacusdiani,8930,8931,1
23606,Mycolicibacterium_lacusdiani,8980,8982,2
23607,Mycolicibacterium_lacusdiani,8984,8998,14
23608,Mycolicibacterium_lacusdiani,9120,9121,1
23609,Mycolicibacterium_lacusdiani,9370,9372,2
23610,Mycolicibacterium_lacusdiani,9546,9547,1
23611,Mycolicibacterium_lacusdiani,9812,9813,1
23612,Mycolicibacterium_lacusdiani,9985,9986,1
23613,Mycolicibacterium_lacusdiani,10157,10158,1
23614,Mycolicibacterium_lacusdiani,10261,10262,1
23615,Mycolicibacterium_lacusdiani,10310,10312,2
23616,Mycolicibacterium_lacusdiani,10313,10315,2
23617,Mycolicibacterium_lacusdiani,10325,10326,1
23618,Mycolicibacterium_lacusdiani,10370,10371,1
23619,Mycolicibacterium_lacusdiani,10416,10417,1
23620,Mycolicibacterium_lacusdiani,10434,10435,1
23621,Mycolicibacterium_lacusdiani,10448,10449,1
23622,Mycolicibacterium_lacusdiani,10491,10492,1
23623,Mycolicibacterium_lacusdiani,10526,10527,1
23624,Mycolicibacterium_lacusdiani,10546,10649,103
23625,Mycolicibacterium_lacusdiani,10835,10843,8
23626,Mycolicibacterium_lacusdiani,10864,10865,1
23627,Mycolicibacterium_lacusdiani,10914,10915,1
23628,Mycolicibacterium_lacusdiani,10965,10966,1
23629,Mycolicibacterium_lacusdiani,10971,10975,4
23630,Mycolicibacterium_lacusdiani,11085,11086,1
23631,Mycolicibacterium_lacusdiani,11143,11144,1
23632,Mycolicibacterium_lacusdiani,11243,11244,1
23633,Mycolicibacterium_lacusdiani,11260,11261,1
23634,Mycolicibacterium_lacusdiani,11266,11267,1
23635,Mycolicibacterium_lacusdiani,11286,11287,1
23636,Mycolicibacterium_lacusdiani,11312,11313,1
23637,Mycolicibacterium_lacusdiani,11473,11474,1
23638,Mycolicibacterium_lacusdiani,11505,11512,7
23639,Mycolicibacterium_lacusdiani,11513,11514,1
23640,Mycolicibacterium_lacusdiani,11520,11540,20
23641,Mycolicibacterium_lacusdiani,11782,11783,1
23642,Mycolicibacterium_lacusdiani,11823,11824,1
23643,Mycolicibacterium_lacusdiani,11826,11827,1
23644,Mycolicibacterium_lacusdiani,11831,11836,5
23645,Mycolicibacterium_lacusdiani,11846,11850,4
23646,Mycolicibacterium_lacusdiani,11851,11852,1
23647,Mycolicibacterium_lacusdiani,11859,11860,1
23648,Mycolicibacterium_lacusdiani,11877,11878,1
23649,Mycolicibacterium_lacusdiani,11993,11994,1
23650,Mycolicibacterium_lacusdiani,12029,12030,1
23651,Mycolicibacterium_lacusdiani,12068,12069,1
23652,Mycolicibacterium_lacusdiani,12207,12208,1
23653,Mycolicibacterium_lacusdiani,12211,12212,1
23654,Mycolicibacterium_lacusdiani,12213,12214,1
23655,Mycolicibacterium_lacusdiani,12218,12222,4
23656,Mycolicibacterium_lacusdiani,12226,12227,1
23657,Mycolicibacterium_lacusdiani,12237,12238,1
23658,Mycolicibacterium_lacusdiani,12361,12368,7
23659,Mycolicibacterium_lacusdiani,12371,12372,1
23660,Mycolicibacterium_lacusdiani,12374,12375,1
23661,Mycolicibacterium_lacusdiani,12378,12381,3
23662,Mycolicibacterium_lacusdiani,12384,12390,6
23663,Mycolicibacterium_lacusdiani,12391,12400,9
23664,Mycolicibacterium_lacusdiani,12454,12455,1
23665,Mycolicibacterium_lacusdiani,12739,12740,1
23666,Mycolicibacterium_lacusdiani,12798,12925,127
23667,Mycolicibacterium_lacusdiani,13451,13452,1
23668,Mycolicibacterium_lacusdiani,13453,13454,1
23669,Mycolicibacterium_lacusdiani,13508,13509,1
23670,Mycobacterium_asiaticum,1,10,9
23671,Mycobacterium_asiaticum,21,39,18
23672,Mycobacterium_asiaticum,43,46,3
23673,Mycobacterium_asiaticum,56,71,15
23674,Mycobacterium_asiaticum,87,107,20
23675,Mycobacterium_asiaticum,117,132,15
23676,Mycobacterium_asiaticum,133,136,3
23677,Mycobacterium_asiaticum,346,349,3
23678,Mycobacterium_asiaticum,1542,1691,149
23679,Mycobacterium_asiaticum,3317,3361,44
23680,Mycobacterium_asiaticum,3364,3365,1
23681,Mycobacterium_asiaticum,3373,3374,1
23682,Mycobacterium_asiaticum,3402,3492,90
23683,Mycobacterium_asiaticum,3642,3645,3
23684,Mycobacterium_asiaticum,3650,3653,3
23685,Mycobacterium_asiaticum,3655,3667,12
23686,Mycobacterium_asiaticum,3782,3788,6
23687,Mycobacterium_asiaticum,4400,4406,6
23688,Mycobacterium_asiaticum,4407,4413,6
23689,Mycobacterium_asiaticum,4417,4426,9
23690,Mycobacterium_asiaticum,4432,4445,13
23691,Mycobacterium_asiaticum,4452,4455,3
23692,Mycobacterium_asiaticum,4456,4462,6
23693,Mycobacterium_asiaticum,4468,4480,12
23694,Mycobacterium_asiaticum,4483,4486,3
23695,Mycobacterium_asiaticum,4540,4552,12
23696,Mycobacterium_asiaticum,4555,4564,9
23697,Mycobacterium_asiaticum,4567,4573,6
23698,Mycobacterium_asiaticum,4581,4584,3
23699,Mycobacterium_asiaticum,5163,5169,6
23700,Mycobacterium_asiaticum,5170,5179,9
23701,Mycobacterium_asiaticum,5181,5190,9
23702,Mycobacterium_asiaticum,5197,5199,2
23703,Mycobacterium_asiaticum,5201,5204,3
23704,Mycobacterium_asiaticum,5206,5214,8
23705,Mycobacterium_asiaticum,5218,5230,12
23706,Mycobacterium_asiaticum,5231,5241,10
23707,Mycobacterium_asiaticum,5247,5253,6
23708,Mycobacterium_asiaticum,5401,5402,1
23709,Mycobacterium_asiaticum,6015,6016,1
23710,Mycobacterium_asiaticum,6428,6464,36
23711,Mycobacterium_asiaticum,6470,6494,24
23712,Mycobacterium_asiaticum,7178,7254,76
23713,Mycobacterium_asiaticum,7260,7268,8
23714,Mycobacterium_asiaticum,7760,7763,3
23715,Mycobacterium_asiaticum,8452,8500,48
23716,Mycobacterium_asiaticum,8577,8578,1
23717,Mycobacterium_asiaticum,8584,8599,15
23718,Mycobacterium_asiaticum,8601,8603,2
23719,Mycobacterium_asiaticum,8609,8610,1
23720,Mycobacterium_asiaticum,8661,8662,1
23721,Mycobacterium_asiaticum,8703,8704,1
23722,Mycobacterium_asiaticum,8720,8721,1
23723,Mycobacterium_asiaticum,8733,8735,2
23724,Mycobacterium_asiaticum,8739,8742,3
23725,Mycobacterium_asiaticum,8930,8931,1
23726,Mycobacterium_asiaticum,8980,8982,2
23727,Mycobacterium_asiaticum,8996,8998,2
23728,Mycobacterium_asiaticum,9120,9121,1
23729,Mycobacterium_asiaticum,9370,9372,2
23730,Mycobacterium_asiaticum,9546,9547,1
23731,Mycobacterium_asiaticum,9812,9813,1
23732,Mycobacterium_asiaticum,9983,9986,3
23733,Mycobacterium_asiaticum,10076,10078,2
23734,Mycobacterium_asiaticum,10157,10158,1
23735,Mycobacterium_asiaticum,10261,10262,1
23736,Mycobacterium_asiaticum,10310,10312,2
23737,Mycobacterium_asiaticum,10313,10315,2
23738,Mycobacterium_asiaticum,10325,10326,1
23739,Mycobacterium_asiaticum,10370,10371,1
23740,Mycobacterium_asiaticum,10415,10416,1
23741,Mycobacterium_asiaticum,10434,10435,1
23742,Mycobacterium_asiaticum,10448,10449,1
23743,Mycobacterium_asiaticum,10476,10477,1
23744,Mycobacterium_asiaticum,10491,10492,1
23745,Mycobacterium_asiaticum,10526,10527,1
23746,Mycobacterium_asiaticum,10540,10541,1
23747,Mycobacterium_asiaticum,10547,10649,102
23748,Mycobacterium_asiaticum,10828,10830,2
23749,Mycobacterium_asiaticum,10832,10846,14
23750,Mycobacterium_asiaticum,10864,10865,1
23751,Mycobacterium_asiaticum,10914,10915,1
23752,Mycobacterium_asiaticum,10959,10966,7
23753,Mycobacterium_asiaticum,10971,10975,4
23754,Mycobacterium_asiaticum,11085,11086,1
23755,Mycobacterium_asiaticum,11143,11144,1
23756,Mycobacterium_asiaticum,11243,11244,1
23757,Mycobacterium_asiaticum,11260,11261,1
23758,Mycobacterium_asiaticum,11262,11263,1
23759,Mycobacterium_asiaticum,11265,11267,2
23760,Mycobacterium_asiaticum,11286,11287,1
23761,Mycobacterium_asiaticum,11312,11313,1
23762,Mycobacterium_asiaticum,11473,11474,1
23763,Mycobacterium_asiaticum,11505,11511,6
23764,Mycobacterium_asiaticum,11513,11514,1
23765,Mycobacterium_asiaticum,11520,11534,14
23766,Mycobacterium_asiaticum,11566,11567,1
23767,Mycobacterium_asiaticum,11590,11591,1
23768,Mycobacterium_asiaticum,11782,11783,1
23769,Mycobacterium_asiaticum,11823,11824,1
23770,Mycobacterium_asiaticum,11826,11827,1
23771,Mycobacterium_asiaticum,11831,11836,5
23772,Mycobacterium_asiaticum,11841,11843,2
23773,Mycobacterium_asiaticum,11848,11850,2
23774,Mycobacterium_asiaticum,11851,11852,1
23775,Mycobacterium_asiaticum,11859,11860,1
23776,Mycobacterium_asiaticum,11864,11866,2
23777,Mycobacterium_asiaticum,11877,11878,1
23778,Mycobacterium_asiaticum,11993,11994,1
23779,Mycobacterium_asiaticum,12029,12030,1
23780,Mycobacterium_asiaticum,12068,12069,1
23781,Mycobacterium_asiaticum,12207,12208,1
23782,Mycobacterium_asiaticum,12211,12212,1
23783,Mycobacterium_asiaticum,12213,12214,1
23784,Mycobacterium_asiaticum,12218,12222,4
23785,Mycobacterium_asiaticum,12225,12227,2
23786,Mycobacterium_asiaticum,12237,12238,1
23787,Mycobacterium_asiaticum,12360,12369,9
23788,Mycobacterium_asiaticum,12371,12372,1
23789,Mycobacterium_asiaticum,12374,12380,6
23790,Mycobacterium_asiaticum,12384,12390,6
23791,Mycobacterium_asiaticum,12391,12400,9
23792,Mycobacterium_asiaticum,12454,12455,1
23793,Mycobacterium_asiaticum,12739,12740,1
23794,Mycobacterium_asiaticum,12798,12925,127
23795,Mycobacterium_asiaticum,13451,13452,1
23796,Mycobacterium_asiaticum,13453,13454,1
23797,Mycobacterium_asiaticum,13508,13509,1
23798,Mycolicibacterium_aromaticivorans,1,10,9
23799,Mycolicibacterium_aromaticivorans,21,39,18
23800,Mycolicibacterium_aromaticivorans,43,46,3
23801,Mycolicibacterium_aromaticivorans,50,109,59
23802,Mycolicibacterium_aromaticivorans,117,132,15
23803,Mycolicibacterium_aromaticivorans,133,136,3
23804,Mycolicibacterium_aromaticivorans,346,349,3
23805,Mycolicibacterium_aromaticivorans,1542,1691,149
23806,Mycolicibacterium_aromaticivorans,3317,3361,44
23807,Mycolicibacterium_aromaticivorans,3364,3365,1
23808,Mycolicibacterium_aromaticivorans,3373,3374,1
23809,Mycolicibacterium_aromaticivorans,3408,3480,72
23810,Mycolicibacterium_aromaticivorans,3485,3491,6
23811,Mycolicibacterium_aromaticivorans,3642,3645,3
23812,Mycolicibacterium_aromaticivorans,3650,3653,3
23813,Mycolicibacterium_aromaticivorans,3655,3667,12
23814,Mycolicibacterium_aromaticivorans,3782,3788,6
23815,Mycolicibacterium_aromaticivorans,4400,4406,6
23816,Mycolicibacterium_aromaticivorans,4407,4413,6
23817,Mycolicibacterium_aromaticivorans,4417,4426,9
23818,Mycolicibacterium_aromaticivorans,4432,4445,13
23819,Mycolicibacterium_aromaticivorans,4452,4455,3
23820,Mycolicibacterium_aromaticivorans,4456,4462,6
23821,Mycolicibacterium_aromaticivorans,4468,4474,6
23822,Mycolicibacterium_aromaticivorans,4475,4481,6
23823,Mycolicibacterium_aromaticivorans,4483,4486,3
23824,Mycolicibacterium_aromaticivorans,4540,4552,12
23825,Mycolicibacterium_aromaticivorans,4555,4564,9
23826,Mycolicibacterium_aromaticivorans,4567,4573,6
23827,Mycolicibacterium_aromaticivorans,4582,4585,3
23828,Mycolicibacterium_aromaticivorans,5163,5169,6
23829,Mycolicibacterium_aromaticivorans,5170,5179,9
23830,Mycolicibacterium_aromaticivorans,5181,5190,9
23831,Mycolicibacterium_aromaticivorans,5197,5199,2
23832,Mycolicibacterium_aromaticivorans,5201,5204,3
23833,Mycolicibacterium_aromaticivorans,5206,5214,8
23834,Mycolicibacterium_aromaticivorans,5218,5230,12
23835,Mycolicibacterium_aromaticivorans,5231,5241,10
23836,Mycolicibacterium_aromaticivorans,5247,5253,6
23837,Mycolicibacterium_aromaticivorans,5401,5402,1
23838,Mycolicibacterium_aromaticivorans,6015,6016,1
23839,Mycolicibacterium_aromaticivorans,6431,6452,21
23840,Mycolicibacterium_aromaticivorans,6456,6462,6
23841,Mycolicibacterium_aromaticivorans,6470,6494,24
23842,Mycolicibacterium_aromaticivorans,7178,7254,76
23843,Mycolicibacterium_aromaticivorans,7260,7268,8
23844,Mycolicibacterium_aromaticivorans,7760,7763,3
23845,Mycolicibacterium_aromaticivorans,8452,8500,48
23846,Mycolicibacterium_aromaticivorans,8577,8578,1
23847,Mycolicibacterium_aromaticivorans,8584,8599,15
23848,Mycolicibacterium_aromaticivorans,8600,8604,4
23849,Mycolicibacterium_aromaticivorans,8609,8610,1
23850,Mycolicibacterium_aromaticivorans,8661,8662,1
23851,Mycolicibacterium_aromaticivorans,8703,8704,1
23852,Mycolicibacterium_aromaticivorans,8720,8721,1
23853,Mycolicibacterium_aromaticivorans,8733,8735,2
23854,Mycolicibacterium_aromaticivorans,8739,8742,3
23855,Mycolicibacterium_aromaticivorans,8930,8931,1
23856,Mycolicibacterium_aromaticivorans,8980,8982,2
23857,Mycolicibacterium_aromaticivorans,8984,8998,14
23858,Mycolicibacterium_aromaticivorans,9120,9121,1
23859,Mycolicibacterium_aromaticivorans,9370,9372,2
23860,Mycolicibacterium_aromaticivorans,9546,9547,1
23861,Mycolicibacterium_aromaticivorans,9812,9813,1
23862,Mycolicibacterium_aromaticivorans,9985,9986,1
23863,Mycolicibacterium_aromaticivorans,10076,10078,2
23864,Mycolicibacterium_aromaticivorans,10157,10158,1
23865,Mycolicibacterium_aromaticivorans,10261,10262,1
23866,Mycolicibacterium_aromaticivorans,10310,10312,2
23867,Mycolicibacterium_aromaticivorans,10313,10315,2
23868,Mycolicibacterium_aromaticivorans,10325,10326,1
23869,Mycolicibacterium_aromaticivorans,10370,10371,1
23870,Mycolicibacterium_aromaticivorans,10416,10417,1
23871,Mycolicibacterium_aromaticivorans,10434,10435,1
23872,Mycolicibacterium_aromaticivorans,10448,10449,1
23873,Mycolicibacterium_aromaticivorans,10461,10462,1
23874,Mycolicibacterium_aromaticivorans,10476,10477,1
23875,Mycolicibacterium_aromaticivorans,10491,10492,1
23876,Mycolicibacterium_aromaticivorans,10526,10527,1
23877,Mycolicibacterium_aromaticivorans,10546,10649,103
23878,Mycolicibacterium_aromaticivorans,10828,10830,2
23879,Mycolicibacterium_aromaticivorans,10835,10843,8
23880,Mycolicibacterium_aromaticivorans,10864,10865,1
23881,Mycolicibacterium_aromaticivorans,10914,10915,1
23882,Mycolicibacterium_aromaticivorans,10965,10966,1
23883,Mycolicibacterium_aromaticivorans,10971,10975,4
23884,Mycolicibacterium_aromaticivorans,11085,11086,1
23885,Mycolicibacterium_aromaticivorans,11143,11144,1
23886,Mycolicibacterium_aromaticivorans,11243,11244,1
23887,Mycolicibacterium_aromaticivorans,11260,11261,1
23888,Mycolicibacterium_aromaticivorans,11265,11267,2
23889,Mycolicibacterium_aromaticivorans,11286,11287,1
23890,Mycolicibacterium_aromaticivorans,11312,11313,1
23891,Mycolicibacterium_aromaticivorans,11473,11474,1
23892,Mycolicibacterium_aromaticivorans,11505,11512,7
23893,Mycolicibacterium_aromaticivorans,11513,11514,1
23894,Mycolicibacterium_aromaticivorans,11520,11521,1
23895,Mycolicibacterium_aromaticivorans,11523,11537,14
23896,Mycolicibacterium_aromaticivorans,11538,11539,1
23897,Mycolicibacterium_aromaticivorans,11540,11541,1
23898,Mycolicibacterium_aromaticivorans,11782,11783,1
23899,Mycolicibacterium_aromaticivorans,11823,11824,1
23900,Mycolicibacterium_aromaticivorans,11826,11827,1
23901,Mycolicibacterium_aromaticivorans,11831,11836,5
23902,Mycolicibacterium_aromaticivorans,11846,11850,4
23903,Mycolicibacterium_aromaticivorans,11851,11852,1
23904,Mycolicibacterium_aromaticivorans,11859,11860,1
23905,Mycolicibacterium_aromaticivorans,11864,11866,2
23906,Mycolicibacterium_aromaticivorans,11877,11878,1
23907,Mycolicibacterium_aromaticivorans,11993,11994,1
23908,Mycolicibacterium_aromaticivorans,12029,12030,1
23909,Mycolicibacterium_aromaticivorans,12068,12069,1
23910,Mycolicibacterium_aromaticivorans,12196,12197,1
23911,Mycolicibacterium_aromaticivorans,12207,12208,1
23912,Mycolicibacterium_aromaticivorans,12211,12212,1
23913,Mycolicibacterium_aromaticivorans,12213,12214,1
23914,Mycolicibacterium_aromaticivorans,12218,12222,4
23915,Mycolicibacterium_aromaticivorans,12226,12227,1
23916,Mycolicibacterium_aromaticivorans,12237,12238,1
23917,Mycolicibacterium_aromaticivorans,12360,12369,9
23918,Mycolicibacterium_aromaticivorans,12371,12372,1
23919,Mycolicibacterium_aromaticivorans,12374,12375,1
23920,Mycolicibacterium_aromaticivorans,12378,12382,4
23921,Mycolicibacterium_aromaticivorans,12384,12390,6
23922,Mycolicibacterium_aromaticivorans,12391,12400,9
23923,Mycolicibacterium_aromaticivorans,12454,12455,1
23924,Mycolicibacterium_aromaticivorans,12739,12740,1
23925,Mycolicibacterium_aromaticivorans,12798,12925,127
23926,Mycolicibacterium_aromaticivorans,13451,13452,1
23927,Mycolicibacterium_aromaticivorans,13453,13454,1
23928,Mycolicibacterium_aromaticivorans,13508,13509,1
23929,Mycobacterium_genavense,1,10,9
23930,Mycobacterium_genavense,21,39,18
23931,Mycobacterium_genavense,43,46,3
23932,Mycobacterium_genavense,53,71,18
23933,Mycobacterium_genavense,87,107,20
23934,Mycobacterium_genavense,117,132,15
23935,Mycobacterium_genavense,133,136,3
23936,Mycobacterium_genavense,346,349,3
23937,Mycobacterium_genavense,1542,1691,149
23938,Mycobacterium_genavense,3317,3361,44
23939,Mycobacterium_genavense,3364,3365,1
23940,Mycobacterium_genavense,3373,3374,1
23941,Mycobacterium_genavense,3414,3420,6
23942,Mycobacterium_genavense,3422,3482,60
23943,Mycobacterium_genavense,3485,3491,6
23944,Mycobacterium_genavense,3642,3645,3
23945,Mycobacterium_genavense,3650,3653,3
23946,Mycobacterium_genavense,3655,3667,12
23947,Mycobacterium_genavense,3782,3788,6
23948,Mycobacterium_genavense,4400,4406,6
23949,Mycobacterium_genavense,4407,4413,6
23950,Mycobacterium_genavense,4417,4426,9
23951,Mycobacterium_genavense,4432,4445,13
23952,Mycobacterium_genavense,4452,4455,3
23953,Mycobacterium_genavense,4456,4462,6
23954,Mycobacterium_genavense,4468,4480,12
23955,Mycobacterium_genavense,4483,4486,3
23956,Mycobacterium_genavense,4540,4552,12
23957,Mycobacterium_genavense,4555,4564,9
23958,Mycobacterium_genavense,4567,4573,6
23959,Mycobacterium_genavense,4581,4584,3
23960,Mycobacterium_genavense,5163,5169,6
23961,Mycobacterium_genavense,5170,5179,9
23962,Mycobacterium_genavense,5181,5190,9
23963,Mycobacterium_genavense,5197,5199,2
23964,Mycobacterium_genavense,5201,5204,3
23965,Mycobacterium_genavense,5206,5214,8
23966,Mycobacterium_genavense,5218,5230,12
23967,Mycobacterium_genavense,5231,5241,10
23968,Mycobacterium_genavense,5247,5253,6
23969,Mycobacterium_genavense,5401,5402,1
23970,Mycobacterium_genavense,6015,6016,1
23971,Mycobacterium_genavense,6428,6464,36
23972,Mycobacterium_genavense,6470,6494,24
23973,Mycobacterium_genavense,7178,7254,76
23974,Mycobacterium_genavense,7260,7268,8
23975,Mycobacterium_genavense,7760,7763,3
23976,Mycobacterium_genavense,8452,8500,48
23977,Mycobacterium_genavense,8577,8578,1
23978,Mycobacterium_genavense,8584,8599,15
23979,Mycobacterium_genavense,8601,8603,2
23980,Mycobacterium_genavense,8609,8610,1
23981,Mycobacterium_genavense,8661,8662,1
23982,Mycobacterium_genavense,8703,8704,1
23983,Mycobacterium_genavense,8720,8721,1
23984,Mycobacterium_genavense,8733,8735,2
23985,Mycobacterium_genavense,8739,8742,3
23986,Mycobacterium_genavense,8930,8931,1
23987,Mycobacterium_genavense,8980,8982,2
23988,Mycobacterium_genavense,8987,9001,14
23989,Mycobacterium_genavense,9120,9121,1
23990,Mycobacterium_genavense,9370,9372,2
23991,Mycobacterium_genavense,9546,9547,1
23992,Mycobacterium_genavense,9812,9813,1
23993,Mycobacterium_genavense,9983,9987,4
23994,Mycobacterium_genavense,10076,10078,2
23995,Mycobacterium_genavense,10157,10158,1
23996,Mycobacterium_genavense,10261,10262,1
23997,Mycobacterium_genavense,10310,10312,2
23998,Mycobacterium_genavense,10313,10315,2
23999,Mycobacterium_genavense,10352,10353,1
24000,Mycobacterium_genavense,10370,10371,1
24001,Mycobacterium_genavense,10415,10416,1
24002,Mycobacterium_genavense,10434,10435,1
24003,Mycobacterium_genavense,10448,10449,1
24004,Mycobacterium_genavense,10476,10477,1
24005,Mycobacterium_genavense,10491,10492,1
24006,Mycobacterium_genavense,10526,10527,1
24007,Mycobacterium_genavense,10539,10540,1
24008,Mycobacterium_genavense,10546,10649,103
24009,Mycobacterium_genavense,10828,10830,2
24010,Mycobacterium_genavense,10832,10846,14
24011,Mycobacterium_genavense,10864,10865,1
24012,Mycobacterium_genavense,10914,10915,1
24013,Mycobacterium_genavense,10958,10983,25
24014,Mycobacterium_genavense,11085,11086,1
24015,Mycobacterium_genavense,11143,11144,1
24016,Mycobacterium_genavense,11243,11244,1
24017,Mycobacterium_genavense,11260,11261,1
24018,Mycobacterium_genavense,11262,11263,1
24019,Mycobacterium_genavense,11265,11267,2
24020,Mycobacterium_genavense,11286,11287,1
24021,Mycobacterium_genavense,11312,11313,1
24022,Mycobacterium_genavense,11473,11474,1
24023,Mycobacterium_genavense,11505,11534,29
24024,Mycobacterium_genavense,11566,11567,1
24025,Mycobacterium_genavense,11590,11591,1
24026,Mycobacterium_genavense,11782,11783,1
24027,Mycobacterium_genavense,11823,11824,1
24028,Mycobacterium_genavense,11826,11827,1
24029,Mycobacterium_genavense,11831,11836,5
24030,Mycobacterium_genavense,11847,11852,5
24031,Mycobacterium_genavense,11859,11860,1
24032,Mycobacterium_genavense,11864,11866,2
24033,Mycobacterium_genavense,11993,11995,2
24034,Mycobacterium_genavense,12029,12030,1
24035,Mycobacterium_genavense,12068,12069,1
24036,Mycobacterium_genavense,12207,12208,1
24037,Mycobacterium_genavense,12211,12212,1
24038,Mycobacterium_genavense,12213,12214,1
24039,Mycobacterium_genavense,12218,12222,4
24040,Mycobacterium_genavense,12225,12227,2
24041,Mycobacterium_genavense,12237,12238,1
24042,Mycobacterium_genavense,12360,12369,9
24043,Mycobacterium_genavense,12371,12372,1
24044,Mycobacterium_genavense,12374,12380,6
24045,Mycobacterium_genavense,12384,12390,6
24046,Mycobacterium_genavense,12391,12400,9
24047,Mycobacterium_genavense,12454,12455,1
24048,Mycobacterium_genavense,12738,12740,2
24049,Mycobacterium_genavense,12798,12925,127
24050,Mycobacterium_genavense,13451,13452,1
24051,Mycobacterium_genavense,13453,13454,1
24052,Mycobacterium_genavense,13508,13509,1
24053,Mycolicibacterium_tusciae,1,10,9
24054,Mycolicibacterium_tusciae,21,39,18
24055,Mycolicibacterium_tusciae,43,46,3
24056,Mycolicibacterium_tusciae,53,115,62
24057,Mycolicibacterium_tusciae,117,132,15
24058,Mycolicibacterium_tusciae,133,136,3
24059,Mycolicibacterium_tusciae,346,349,3
24060,Mycolicibacterium_tusciae,1542,1545,3
24061,Mycolicibacterium_tusciae,1572,1604,32
24062,Mycolicibacterium_tusciae,1629,1650,21
24063,Mycolicibacterium_tusciae,1666,1675,9
24064,Mycolicibacterium_tusciae,3317,3361,44
24065,Mycolicibacterium_tusciae,3364,3365,1
24066,Mycolicibacterium_tusciae,3373,3374,1
24067,Mycolicibacterium_tusciae,3409,3478,69
24068,Mycolicibacterium_tusciae,3485,3491,6
24069,Mycolicibacterium_tusciae,3642,3645,3
24070,Mycolicibacterium_tusciae,3655,3667,12
24071,Mycolicibacterium_tusciae,3782,3788,6
24072,Mycolicibacterium_tusciae,4400,4406,6
24073,Mycolicibacterium_tusciae,4407,4413,6
24074,Mycolicibacterium_tusciae,4417,4426,9
24075,Mycolicibacterium_tusciae,4432,4445,13
24076,Mycolicibacterium_tusciae,4452,4455,3
24077,Mycolicibacterium_tusciae,4456,4462,6
24078,Mycolicibacterium_tusciae,4468,4474,6
24079,Mycolicibacterium_tusciae,4475,4481,6
24080,Mycolicibacterium_tusciae,4483,4486,3
24081,Mycolicibacterium_tusciae,4540,4552,12
24082,Mycolicibacterium_tusciae,4555,4564,9
24083,Mycolicibacterium_tusciae,4567,4573,6
24084,Mycolicibacterium_tusciae,4582,4585,3
24085,Mycolicibacterium_tusciae,5163,5169,6
24086,Mycolicibacterium_tusciae,5170,5179,9
24087,Mycolicibacterium_tusciae,5181,5190,9
24088,Mycolicibacterium_tusciae,5197,5199,2
24089,Mycolicibacterium_tusciae,5201,5204,3
24090,Mycolicibacterium_tusciae,5206,5214,8
24091,Mycolicibacterium_tusciae,5218,5230,12
24092,Mycolicibacterium_tusciae,5231,5241,10
24093,Mycolicibacterium_tusciae,5247,5253,6
24094,Mycolicibacterium_tusciae,5401,5402,1
24095,Mycolicibacterium_tusciae,6015,6016,1
24096,Mycolicibacterium_tusciae,6431,6467,36
24097,Mycolicibacterium_tusciae,6470,6494,24
24098,Mycolicibacterium_tusciae,7178,7254,76
24099,Mycolicibacterium_tusciae,7260,7268,8
24100,Mycolicibacterium_tusciae,7760,7763,3
24101,Mycolicibacterium_tusciae,8452,8500,48
24102,Mycolicibacterium_tusciae,8577,8578,1
24103,Mycolicibacterium_tusciae,8584,8599,15
24104,Mycolicibacterium_tusciae,8600,8604,4
24105,Mycolicibacterium_tusciae,8609,8610,1
24106,Mycolicibacterium_tusciae,8661,8662,1
24107,Mycolicibacterium_tusciae,8720,8721,1
24108,Mycolicibacterium_tusciae,8733,8735,2
24109,Mycolicibacterium_tusciae,8739,8742,3
24110,Mycolicibacterium_tusciae,8930,8931,1
24111,Mycolicibacterium_tusciae,8980,8982,2
24112,Mycolicibacterium_tusciae,8984,8998,14
24113,Mycolicibacterium_tusciae,9120,9121,1
24114,Mycolicibacterium_tusciae,9370,9372,2
24115,Mycolicibacterium_tusciae,9546,9547,1
24116,Mycolicibacterium_tusciae,9812,9813,1
24117,Mycolicibacterium_tusciae,9985,9986,1
24118,Mycolicibacterium_tusciae,10076,10078,2
24119,Mycolicibacterium_tusciae,10157,10158,1
24120,Mycolicibacterium_tusciae,10261,10262,1
24121,Mycolicibacterium_tusciae,10310,10312,2
24122,Mycolicibacterium_tusciae,10313,10315,2
24123,Mycolicibacterium_tusciae,10325,10326,1
24124,Mycolicibacterium_tusciae,10370,10371,1
24125,Mycolicibacterium_tusciae,10416,10417,1
24126,Mycolicibacterium_tusciae,10434,10435,1
24127,Mycolicibacterium_tusciae,10448,10449,1
24128,Mycolicibacterium_tusciae,10461,10462,1
24129,Mycolicibacterium_tusciae,10476,10477,1
24130,Mycolicibacterium_tusciae,10526,10527,1
24131,Mycolicibacterium_tusciae,10546,10649,103
24132,Mycolicibacterium_tusciae,10828,10830,2
24133,Mycolicibacterium_tusciae,10835,10843,8
24134,Mycolicibacterium_tusciae,10864,10865,1
24135,Mycolicibacterium_tusciae,10914,10915,1
24136,Mycolicibacterium_tusciae,10965,10966,1
24137,Mycolicibacterium_tusciae,10971,10975,4
24138,Mycolicibacterium_tusciae,11085,11086,1
24139,Mycolicibacterium_tusciae,11143,11144,1
24140,Mycolicibacterium_tusciae,11243,11244,1
24141,Mycolicibacterium_tusciae,11260,11261,1
24142,Mycolicibacterium_tusciae,11286,11287,1
24143,Mycolicibacterium_tusciae,11312,11313,1
24144,Mycolicibacterium_tusciae,11473,11474,1
24145,Mycolicibacterium_tusciae,11505,11512,7
24146,Mycolicibacterium_tusciae,11513,11514,1
24147,Mycolicibacterium_tusciae,11520,11521,1
24148,Mycolicibacterium_tusciae,11530,11535,5
24149,Mycolicibacterium_tusciae,11566,11567,1
24150,Mycolicibacterium_tusciae,11782,11783,1
24151,Mycolicibacterium_tusciae,11823,11824,1
24152,Mycolicibacterium_tusciae,11831,11836,5
24153,Mycolicibacterium_tusciae,11846,11850,4
24154,Mycolicibacterium_tusciae,11851,11852,1
24155,Mycolicibacterium_tusciae,11864,11866,2
24156,Mycolicibacterium_tusciae,11877,11878,1
24157,Mycolicibacterium_tusciae,11993,11994,1
24158,Mycolicibacterium_tusciae,12029,12030,1
24159,Mycolicibacterium_tusciae,12068,12069,1
24160,Mycolicibacterium_tusciae,12196,12197,1
24161,Mycolicibacterium_tusciae,12207,12208,1
24162,Mycolicibacterium_tusciae,12211,12212,1
24163,Mycolicibacterium_tusciae,12213,12214,1
24164,Mycolicibacterium_tusciae,12218,12222,4
24165,Mycolicibacterium_tusciae,12226,12227,1
24166,Mycolicibacterium_tusciae,12237,12238,1
24167,Mycolicibacterium_tusciae,12360,12369,9
24168,Mycolicibacterium_tusciae,12371,12372,1
24169,Mycolicibacterium_tusciae,12374,12375,1
24170,Mycolicibacterium_tusciae,12377,12382,5
24171,Mycolicibacterium_tusciae,12384,12390,6
24172,Mycolicibacterium_tusciae,12391,12400,9
24173,Mycolicibacterium_tusciae,12454,12455,1
24174,Mycolicibacterium_tusciae,12739,12740,1
24175,Mycolicibacterium_tusciae,12798,12925,127
24176,Mycolicibacterium_tusciae,13451,13452,1
24177,Mycolicibacterium_tusciae,13453,13454,1
24178,Mycolicibacterium_tusciae,13508,13509,1
24179,Mycolicibacter_icosiumassiliensis,1,10,9
24180,Mycolicibacter_icosiumassiliensis,21,39,18
24181,Mycolicibacter_icosiumassiliensis,43,46,3
24182,Mycolicibacter_icosiumassiliensis,59,136,77
24183,Mycolicibacter_icosiumassiliensis,346,349,3
24184,Mycolicibacter_icosiumassiliensis,1542,1691,149
24185,Mycolicibacter_icosiumassiliensis,3317,3361,44
24186,Mycolicibacter_icosiumassiliensis,3364,3365,1
24187,Mycolicibacter_icosiumassiliensis,3373,3374,1
24188,Mycolicibacter_icosiumassiliensis,3414,3420,6
24189,Mycolicibacter_icosiumassiliensis,3424,3460,36
24190,Mycolicibacter_icosiumassiliensis,3473,3479,6
24191,Mycolicibacter_icosiumassiliensis,3485,3491,6
24192,Mycolicibacter_icosiumassiliensis,3650,3653,3
24193,Mycolicibacter_icosiumassiliensis,3657,3672,15
24194,Mycolicibacter_icosiumassiliensis,3782,3788,6
24195,Mycolicibacter_icosiumassiliensis,4400,4406,6
24196,Mycolicibacter_icosiumassiliensis,4407,4413,6
24197,Mycolicibacter_icosiumassiliensis,4422,4426,4
24198,Mycolicibacter_icosiumassiliensis,4432,4438,6
24199,Mycolicibacter_icosiumassiliensis,4452,4455,3
24200,Mycolicibacter_icosiumassiliensis,4456,4486,30
24201,Mycolicibacter_icosiumassiliensis,4555,4564,9
24202,Mycolicibacter_icosiumassiliensis,4567,4573,6
24203,Mycolicibacter_icosiumassiliensis,5163,5169,6
24204,Mycolicibacter_icosiumassiliensis,5170,5179,9
24205,Mycolicibacter_icosiumassiliensis,5181,5190,9
24206,Mycolicibacter_icosiumassiliensis,5197,5199,2
24207,Mycolicibacter_icosiumassiliensis,5201,5204,3
24208,Mycolicibacter_icosiumassiliensis,5206,5214,8
24209,Mycolicibacter_icosiumassiliensis,5218,5230,12
24210,Mycolicibacter_icosiumassiliensis,5231,5241,10
24211,Mycolicibacter_icosiumassiliensis,5247,5253,6
24212,Mycolicibacter_icosiumassiliensis,5401,5402,1
24213,Mycolicibacter_icosiumassiliensis,6015,6016,1
24214,Mycolicibacter_icosiumassiliensis,6431,6452,21
24215,Mycolicibacter_icosiumassiliensis,6456,6462,6
24216,Mycolicibacter_icosiumassiliensis,6470,6494,24
24217,Mycolicibacter_icosiumassiliensis,7178,7254,76
24218,Mycolicibacter_icosiumassiliensis,7260,7268,8
24219,Mycolicibacter_icosiumassiliensis,7760,7763,3
24220,Mycolicibacter_icosiumassiliensis,8452,8500,48
24221,Mycolicibacter_icosiumassiliensis,8577,8578,1
24222,Mycolicibacter_icosiumassiliensis,8584,8599,15
24223,Mycolicibacter_icosiumassiliensis,8601,8603,2
24224,Mycolicibacter_icosiumassiliensis,8609,8610,1
24225,Mycolicibacter_icosiumassiliensis,8661,8662,1
24226,Mycolicibacter_icosiumassiliensis,8703,8704,1
24227,Mycolicibacter_icosiumassiliensis,8720,8721,1
24228,Mycolicibacter_icosiumassiliensis,8733,8735,2
24229,Mycolicibacter_icosiumassiliensis,8739,8742,3
24230,Mycolicibacter_icosiumassiliensis,8930,8931,1
24231,Mycolicibacter_icosiumassiliensis,8980,8982,2
24232,Mycolicibacter_icosiumassiliensis,9120,9121,1
24233,Mycolicibacter_icosiumassiliensis,9546,9547,1
24234,Mycolicibacter_icosiumassiliensis,9812,9814,2
24235,Mycolicibacter_icosiumassiliensis,9982,9984,2
24236,Mycolicibacter_icosiumassiliensis,9985,9986,1
24237,Mycolicibacter_icosiumassiliensis,10076,10078,2
24238,Mycolicibacter_icosiumassiliensis,10157,10158,1
24239,Mycolicibacter_icosiumassiliensis,10311,10312,1
24240,Mycolicibacter_icosiumassiliensis,10313,10315,2
24241,Mycolicibacter_icosiumassiliensis,10325,10326,1
24242,Mycolicibacter_icosiumassiliensis,10370,10371,1
24243,Mycolicibacter_icosiumassiliensis,10416,10417,1
24244,Mycolicibacter_icosiumassiliensis,10434,10435,1
24245,Mycolicibacter_icosiumassiliensis,10448,10449,1
24246,Mycolicibacter_icosiumassiliensis,10476,10477,1
24247,Mycolicibacter_icosiumassiliensis,10491,10492,1
24248,Mycolicibacter_icosiumassiliensis,10526,10527,1
24249,Mycolicibacter_icosiumassiliensis,10547,10649,102
24250,Mycolicibacter_icosiumassiliensis,10828,10830,2
24251,Mycolicibacter_icosiumassiliensis,10834,10843,9
24252,Mycolicibacter_icosiumassiliensis,10864,10865,1
24253,Mycolicibacter_icosiumassiliensis,10914,10915,1
24254,Mycolicibacter_icosiumassiliensis,10965,10966,1
24255,Mycolicibacter_icosiumassiliensis,10971,10975,4
24256,Mycolicibacter_icosiumassiliensis,11085,11086,1
24257,Mycolicibacter_icosiumassiliensis,11143,11144,1
24258,Mycolicibacter_icosiumassiliensis,11243,11244,1
24259,Mycolicibacter_icosiumassiliensis,11260,11261,1
24260,Mycolicibacter_icosiumassiliensis,11265,11267,2
24261,Mycolicibacter_icosiumassiliensis,11286,11287,1
24262,Mycolicibacter_icosiumassiliensis,11312,11313,1
24263,Mycolicibacter_icosiumassiliensis,11473,11474,1
24264,Mycolicibacter_icosiumassiliensis,11505,11512,7
24265,Mycolicibacter_icosiumassiliensis,11513,11514,1
24266,Mycolicibacter_icosiumassiliensis,11515,11533,18
24267,Mycolicibacter_icosiumassiliensis,11537,11538,1
24268,Mycolicibacter_icosiumassiliensis,11566,11567,1
24269,Mycolicibacter_icosiumassiliensis,11782,11783,1
24270,Mycolicibacter_icosiumassiliensis,11823,11824,1
24271,Mycolicibacter_icosiumassiliensis,11826,11827,1
24272,Mycolicibacter_icosiumassiliensis,11831,11836,5
24273,Mycolicibacter_icosiumassiliensis,11847,11852,5
24274,Mycolicibacter_icosiumassiliensis,11859,11860,1
24275,Mycolicibacter_icosiumassiliensis,11864,11866,2
24276,Mycolicibacter_icosiumassiliensis,11877,11878,1
24277,Mycolicibacter_icosiumassiliensis,11993,11994,1
24278,Mycolicibacter_icosiumassiliensis,12029,12030,1
24279,Mycolicibacter_icosiumassiliensis,12068,12069,1
24280,Mycolicibacter_icosiumassiliensis,12207,12208,1
24281,Mycolicibacter_icosiumassiliensis,12211,12212,1
24282,Mycolicibacter_icosiumassiliensis,12213,12214,1
24283,Mycolicibacter_icosiumassiliensis,12218,12222,4
24284,Mycolicibacter_icosiumassiliensis,12226,12227,1
24285,Mycolicibacter_icosiumassiliensis,12237,12238,1
24286,Mycolicibacter_icosiumassiliensis,12360,12369,9
24287,Mycolicibacter_icosiumassiliensis,12371,12372,1
24288,Mycolicibacter_icosiumassiliensis,12374,12375,1
24289,Mycolicibacter_icosiumassiliensis,12377,12382,5
24290,Mycolicibacter_icosiumassiliensis,12384,12390,6
24291,Mycolicibacter_icosiumassiliensis,12391,12400,9
24292,Mycolicibacter_icosiumassiliensis,12454,12455,1
24293,Mycolicibacter_icosiumassiliensis,12739,12740,1
24294,Mycolicibacter_icosiumassiliensis,12798,12925,127
24295,Mycolicibacter_icosiumassiliensis,13451,13452,1
24296,Mycolicibacter_icosiumassiliensis,13453,13454,1
24297,Mycolicibacter_icosiumassiliensis,13508,13509,1
24298,Mycobacterium_europaeum,1,10,9
24299,Mycobacterium_europaeum,21,39,18
24300,Mycobacterium_europaeum,43,46,3
24301,Mycobacterium_europaeum,62,71,9
24302,Mycobacterium_europaeum,87,107,20
24303,Mycobacterium_europaeum,117,132,15
24304,Mycobacterium_europaeum,133,136,3
24305,Mycobacterium_europaeum,346,349,3
24306,Mycobacterium_europaeum,1542,1583,41
24307,Mycobacterium_europaeum,1587,1676,89
24308,Mycobacterium_europaeum,1678,1691,13
24309,Mycobacterium_europaeum,3317,3381,64
24310,Mycobacterium_europaeum,3414,3420,6
24311,Mycobacterium_europaeum,3424,3460,36
24312,Mycobacterium_europaeum,3476,3479,3
24313,Mycobacterium_europaeum,3485,3491,6
24314,Mycobacterium_europaeum,3642,3645,3
24315,Mycobacterium_europaeum,3650,3653,3
24316,Mycobacterium_europaeum,3655,3667,12
24317,Mycobacterium_europaeum,3782,3788,6
24318,Mycobacterium_europaeum,4400,4406,6
24319,Mycobacterium_europaeum,4407,4413,6
24320,Mycobacterium_europaeum,4417,4426,9
24321,Mycobacterium_europaeum,4432,4445,13
24322,Mycobacterium_europaeum,4452,4455,3
24323,Mycobacterium_europaeum,4456,4462,6
24324,Mycobacterium_europaeum,4468,4480,12
24325,Mycobacterium_europaeum,4483,4486,3
24326,Mycobacterium_europaeum,4555,4564,9
24327,Mycobacterium_europaeum,4567,4573,6
24328,Mycobacterium_europaeum,5163,5169,6
24329,Mycobacterium_europaeum,5170,5179,9
24330,Mycobacterium_europaeum,5181,5190,9
24331,Mycobacterium_europaeum,5197,5199,2
24332,Mycobacterium_europaeum,5201,5204,3
24333,Mycobacterium_europaeum,5206,5214,8
24334,Mycobacterium_europaeum,5218,5230,12
24335,Mycobacterium_europaeum,5231,5241,10
24336,Mycobacterium_europaeum,5247,5253,6
24337,Mycobacterium_europaeum,5401,5402,1
24338,Mycobacterium_europaeum,6015,6016,1
24339,Mycobacterium_europaeum,6428,6464,36
24340,Mycobacterium_europaeum,6470,6494,24
24341,Mycobacterium_europaeum,7178,7254,76
24342,Mycobacterium_europaeum,7260,7268,8
24343,Mycobacterium_europaeum,7760,7763,3
24344,Mycobacterium_europaeum,8452,8500,48
24345,Mycobacterium_europaeum,8577,8578,1
24346,Mycobacterium_europaeum,8584,8599,15
24347,Mycobacterium_europaeum,8601,8603,2
24348,Mycobacterium_europaeum,8609,8610,1
24349,Mycobacterium_europaeum,8661,8662,1
24350,Mycobacterium_europaeum,8703,8704,1
24351,Mycobacterium_europaeum,8720,8721,1
24352,Mycobacterium_europaeum,8733,8735,2
24353,Mycobacterium_europaeum,8739,8742,3
24354,Mycobacterium_europaeum,8930,8931,1
24355,Mycobacterium_europaeum,8980,8982,2
24356,Mycobacterium_europaeum,8987,9001,14
24357,Mycobacterium_europaeum,9120,9121,1
24358,Mycobacterium_europaeum,9370,9372,2
24359,Mycobacterium_europaeum,9546,9547,1
24360,Mycobacterium_europaeum,9812,9813,1
24361,Mycobacterium_europaeum,9982,9986,4
24362,Mycobacterium_europaeum,10076,10078,2
24363,Mycobacterium_europaeum,10157,10158,1
24364,Mycobacterium_europaeum,10261,10262,1
24365,Mycobacterium_europaeum,10310,10312,2
24366,Mycobacterium_europaeum,10313,10315,2
24367,Mycobacterium_europaeum,10325,10326,1
24368,Mycobacterium_europaeum,10352,10353,1
24369,Mycobacterium_europaeum,10370,10371,1
24370,Mycobacterium_europaeum,10434,10435,1
24371,Mycobacterium_europaeum,10448,10449,1
24372,Mycobacterium_europaeum,10476,10477,1
24373,Mycobacterium_europaeum,10491,10492,1
24374,Mycobacterium_europaeum,10526,10527,1
24375,Mycobacterium_europaeum,10546,10649,103
24376,Mycobacterium_europaeum,10828,10830,2
24377,Mycobacterium_europaeum,10832,10846,14
24378,Mycobacterium_europaeum,10864,10865,1
24379,Mycobacterium_europaeum,10914,10915,1
24380,Mycobacterium_europaeum,10965,10977,12
24381,Mycobacterium_europaeum,11085,11086,1
24382,Mycobacterium_europaeum,11143,11144,1
24383,Mycobacterium_europaeum,11243,11244,1
24384,Mycobacterium_europaeum,11260,11261,1
24385,Mycobacterium_europaeum,11262,11263,1
24386,Mycobacterium_europaeum,11265,11267,2
24387,Mycobacterium_europaeum,11286,11287,1
24388,Mycobacterium_europaeum,11312,11313,1
24389,Mycobacterium_europaeum,11473,11474,1
24390,Mycobacterium_europaeum,11505,11534,29
24391,Mycobacterium_europaeum,11566,11567,1
24392,Mycobacterium_europaeum,11782,11783,1
24393,Mycobacterium_europaeum,11823,11824,1
24394,Mycobacterium_europaeum,11826,11827,1
24395,Mycobacterium_europaeum,11831,11836,5
24396,Mycobacterium_europaeum,11848,11850,2
24397,Mycobacterium_europaeum,11851,11852,1
24398,Mycobacterium_europaeum,11859,11860,1
24399,Mycobacterium_europaeum,11862,11866,4
24400,Mycobacterium_europaeum,11877,11878,1
24401,Mycobacterium_europaeum,11993,11994,1
24402,Mycobacterium_europaeum,12029,12030,1
24403,Mycobacterium_europaeum,12068,12069,1
24404,Mycobacterium_europaeum,12207,12208,1
24405,Mycobacterium_europaeum,12211,12212,1
24406,Mycobacterium_europaeum,12213,12214,1
24407,Mycobacterium_europaeum,12218,12222,4
24408,Mycobacterium_europaeum,12225,12227,2
24409,Mycobacterium_europaeum,12237,12238,1
24410,Mycobacterium_europaeum,12360,12369,9
24411,Mycobacterium_europaeum,12371,12380,9
24412,Mycobacterium_europaeum,12384,12390,6
24413,Mycobacterium_europaeum,12391,12400,9
24414,Mycobacterium_europaeum,12454,12455,1
24415,Mycobacterium_europaeum,12738,12740,2
24416,Mycobacterium_europaeum,12798,12925,127
24417,Mycobacterium_europaeum,13451,13452,1
24418,Mycobacterium_europaeum,13453,13454,1
24419,Mycobacterium_europaeum,13508,13509,1
24420,Mycobacterium_triplex,1,10,9
24421,Mycobacterium_triplex,21,39,18
24422,Mycobacterium_triplex,43,46,3
24423,Mycobacterium_triplex,53,71,18
24424,Mycobacterium_triplex,87,107,20
24425,Mycobacterium_triplex,117,132,15
24426,Mycobacterium_triplex,133,136,3
24427,Mycobacterium_triplex,346,349,3
24428,Mycobacterium_triplex,1542,1691,149
24429,Mycobacterium_triplex,3317,3361,44
24430,Mycobacterium_triplex,3364,3365,1
24431,Mycobacterium_triplex,3373,3374,1
24432,Mycobacterium_triplex,3414,3420,6
24433,Mycobacterium_triplex,3422,3482,60
24434,Mycobacterium_triplex,3485,3491,6
24435,Mycobacterium_triplex,3642,3645,3
24436,Mycobacterium_triplex,3650,3653,3
24437,Mycobacterium_triplex,3655,3667,12
24438,Mycobacterium_triplex,3782,3788,6
24439,Mycobacterium_triplex,4400,4406,6
24440,Mycobacterium_triplex,4407,4413,6
24441,Mycobacterium_triplex,4417,4426,9
24442,Mycobacterium_triplex,4432,4445,13
24443,Mycobacterium_triplex,4452,4455,3
24444,Mycobacterium_triplex,4456,4462,6
24445,Mycobacterium_triplex,4468,4480,12
24446,Mycobacterium_triplex,4483,4486,3
24447,Mycobacterium_triplex,4540,4552,12
24448,Mycobacterium_triplex,4555,4564,9
24449,Mycobacterium_triplex,4567,4573,6
24450,Mycobacterium_triplex,4581,4584,3
24451,Mycobacterium_triplex,5163,5169,6
24452,Mycobacterium_triplex,5170,5179,9
24453,Mycobacterium_triplex,5181,5190,9
24454,Mycobacterium_triplex,5197,5199,2
24455,Mycobacterium_triplex,5201,5204,3
24456,Mycobacterium_triplex,5206,5214,8
24457,Mycobacterium_triplex,5218,5230,12
24458,Mycobacterium_triplex,5231,5241,10
24459,Mycobacterium_triplex,5247,5253,6
24460,Mycobacterium_triplex,5401,5402,1
24461,Mycobacterium_triplex,6015,6016,1
24462,Mycobacterium_triplex,6428,6464,36
24463,Mycobacterium_triplex,6470,6494,24
24464,Mycobacterium_triplex,7178,7254,76
24465,Mycobacterium_triplex,7260,7268,8
24466,Mycobacterium_triplex,7760,7763,3
24467,Mycobacterium_triplex,8452,8500,48
24468,Mycobacterium_triplex,8577,8578,1
24469,Mycobacterium_triplex,8584,8599,15
24470,Mycobacterium_triplex,8601,8603,2
24471,Mycobacterium_triplex,8609,8610,1
24472,Mycobacterium_triplex,8661,8662,1
24473,Mycobacterium_triplex,8703,8704,1
24474,Mycobacterium_triplex,8720,8721,1
24475,Mycobacterium_triplex,8733,8735,2
24476,Mycobacterium_triplex,8739,8742,3
24477,Mycobacterium_triplex,8930,8931,1
24478,Mycobacterium_triplex,8980,8982,2
24479,Mycobacterium_triplex,8987,9001,14
24480,Mycobacterium_triplex,9120,9121,1
24481,Mycobacterium_triplex,9370,9372,2
24482,Mycobacterium_triplex,9546,9547,1
24483,Mycobacterium_triplex,9812,9813,1
24484,Mycobacterium_triplex,9983,9987,4
24485,Mycobacterium_triplex,10076,10078,2
24486,Mycobacterium_triplex,10157,10158,1
24487,Mycobacterium_triplex,10261,10262,1
24488,Mycobacterium_triplex,10310,10312,2
24489,Mycobacterium_triplex,10313,10315,2
24490,Mycobacterium_triplex,10325,10326,1
24491,Mycobacterium_triplex,10352,10353,1
24492,Mycobacterium_triplex,10370,10371,1
24493,Mycobacterium_triplex,10434,10435,1
24494,Mycobacterium_triplex,10448,10449,1
24495,Mycobacterium_triplex,10476,10477,1
24496,Mycobacterium_triplex,10491,10492,1
24497,Mycobacterium_triplex,10526,10527,1
24498,Mycobacterium_triplex,10546,10649,103
24499,Mycobacterium_triplex,10828,10830,2
24500,Mycobacterium_triplex,10832,10846,14
24501,Mycobacterium_triplex,10864,10865,1
24502,Mycobacterium_triplex,10914,10915,1
24503,Mycobacterium_triplex,10958,10983,25
24504,Mycobacterium_triplex,11085,11086,1
24505,Mycobacterium_triplex,11143,11144,1
24506,Mycobacterium_triplex,11243,11244,1
24507,Mycobacterium_triplex,11260,11261,1
24508,Mycobacterium_triplex,11262,11263,1
24509,Mycobacterium_triplex,11265,11267,2
24510,Mycobacterium_triplex,11286,11287,1
24511,Mycobacterium_triplex,11312,11313,1
24512,Mycobacterium_triplex,11473,11474,1
24513,Mycobacterium_triplex,11505,11534,29
24514,Mycobacterium_triplex,11566,11567,1
24515,Mycobacterium_triplex,11590,11591,1
24516,Mycobacterium_triplex,11782,11783,1
24517,Mycobacterium_triplex,11823,11824,1
24518,Mycobacterium_triplex,11826,11827,1
24519,Mycobacterium_triplex,11831,11836,5
24520,Mycobacterium_triplex,11847,11852,5
24521,Mycobacterium_triplex,11859,11860,1
24522,Mycobacterium_triplex,11864,11866,2
24523,Mycobacterium_triplex,11877,11878,1
24524,Mycobacterium_triplex,11993,11995,2
24525,Mycobacterium_triplex,12029,12030,1
24526,Mycobacterium_triplex,12068,12069,1
24527,Mycobacterium_triplex,12207,12208,1
24528,Mycobacterium_triplex,12211,12212,1
24529,Mycobacterium_triplex,12213,12214,1
24530,Mycobacterium_triplex,12218,12222,4
24531,Mycobacterium_triplex,12225,12227,2
24532,Mycobacterium_triplex,12237,12238,1
24533,Mycobacterium_triplex,12360,12369,9
24534,Mycobacterium_triplex,12371,12372,1
24535,Mycobacterium_triplex,12374,12380,6
24536,Mycobacterium_triplex,12384,12390,6
24537,Mycobacterium_triplex,12391,12400,9
24538,Mycobacterium_triplex,12454,12455,1
24539,Mycobacterium_triplex,12738,12740,2
24540,Mycobacterium_triplex,12798,12925,127
24541,Mycobacterium_triplex,13451,13452,1
24542,Mycobacterium_triplex,13453,13454,1
24543,Mycobacterium_triplex,13508,13509,1
24544,Mycolicibacterium_malmesburyense,1,10,9
24545,Mycolicibacterium_malmesburyense,21,39,18
24546,Mycolicibacterium_malmesburyense,43,46,3
24547,Mycolicibacterium_malmesburyense,60,107,47
24548,Mycolicibacterium_malmesburyense,117,132,15
24549,Mycolicibacterium_malmesburyense,133,136,3
24550,Mycolicibacterium_malmesburyense,346,349,3
24551,Mycolicibacterium_malmesburyense,1542,1545,3
24552,Mycolicibacterium_malmesburyense,1572,1604,32
24553,Mycolicibacterium_malmesburyense,1626,1662,36
24554,Mycolicibacterium_malmesburyense,1664,1676,12
24555,Mycolicibacterium_malmesburyense,3317,3361,44
24556,Mycolicibacterium_malmesburyense,3364,3365,1
24557,Mycolicibacterium_malmesburyense,3373,3374,1
24558,Mycolicibacterium_malmesburyense,3409,3478,69
24559,Mycolicibacterium_malmesburyense,3485,3491,6
24560,Mycolicibacterium_malmesburyense,3642,3645,3
24561,Mycolicibacterium_malmesburyense,3650,3653,3
24562,Mycolicibacterium_malmesburyense,3655,3667,12
24563,Mycolicibacterium_malmesburyense,3782,3788,6
24564,Mycolicibacterium_malmesburyense,4407,4413,6
24565,Mycolicibacterium_malmesburyense,4417,4426,9
24566,Mycolicibacterium_malmesburyense,4432,4445,13
24567,Mycolicibacterium_malmesburyense,4452,4455,3
24568,Mycolicibacterium_malmesburyense,4456,4462,6
24569,Mycolicibacterium_malmesburyense,4463,4466,3
24570,Mycolicibacterium_malmesburyense,4468,4474,6
24571,Mycolicibacterium_malmesburyense,4475,4481,6
24572,Mycolicibacterium_malmesburyense,4483,4486,3
24573,Mycolicibacterium_malmesburyense,4540,4552,12
24574,Mycolicibacterium_malmesburyense,4555,4564,9
24575,Mycolicibacterium_malmesburyense,4567,4573,6
24576,Mycolicibacterium_malmesburyense,4582,4585,3
24577,Mycolicibacterium_malmesburyense,5163,5169,6
24578,Mycolicibacterium_malmesburyense,5170,5179,9
24579,Mycolicibacterium_malmesburyense,5181,5190,9
24580,Mycolicibacterium_malmesburyense,5197,5199,2
24581,Mycolicibacterium_malmesburyense,5201,5204,3
24582,Mycolicibacterium_malmesburyense,5206,5214,8
24583,Mycolicibacterium_malmesburyense,5218,5230,12
24584,Mycolicibacterium_malmesburyense,5231,5241,10
24585,Mycolicibacterium_malmesburyense,5247,5253,6
24586,Mycolicibacterium_malmesburyense,5401,5402,1
24587,Mycolicibacterium_malmesburyense,6015,6016,1
24588,Mycolicibacterium_malmesburyense,6431,6467,36
24589,Mycolicibacterium_malmesburyense,6470,6494,24
24590,Mycolicibacterium_malmesburyense,7178,7254,76
24591,Mycolicibacterium_malmesburyense,7260,7268,8
24592,Mycolicibacterium_malmesburyense,7760,7763,3
24593,Mycolicibacterium_malmesburyense,8452,8500,48
24594,Mycolicibacterium_malmesburyense,8577,8578,1
24595,Mycolicibacterium_malmesburyense,8584,8599,15
24596,Mycolicibacterium_malmesburyense,8601,8603,2
24597,Mycolicibacterium_malmesburyense,8609,8610,1
24598,Mycolicibacterium_malmesburyense,8661,8662,1
24599,Mycolicibacterium_malmesburyense,8733,8735,2
24600,Mycolicibacterium_malmesburyense,8739,8742,3
24601,Mycolicibacterium_malmesburyense,8930,8931,1
24602,Mycolicibacterium_malmesburyense,8980,8982,2
24603,Mycolicibacterium_malmesburyense,8984,8998,14
24604,Mycolicibacterium_malmesburyense,9120,9121,1
24605,Mycolicibacterium_malmesburyense,9370,9372,2
24606,Mycolicibacterium_malmesburyense,9546,9547,1
24607,Mycolicibacterium_malmesburyense,9812,9813,1
24608,Mycolicibacterium_malmesburyense,9985,9986,1
24609,Mycolicibacterium_malmesburyense,10076,10078,2
24610,Mycolicibacterium_malmesburyense,10157,10158,1
24611,Mycolicibacterium_malmesburyense,10261,10262,1
24612,Mycolicibacterium_malmesburyense,10310,10312,2
24613,Mycolicibacterium_malmesburyense,10313,10315,2
24614,Mycolicibacterium_malmesburyense,10325,10326,1
24615,Mycolicibacterium_malmesburyense,10370,10371,1
24616,Mycolicibacterium_malmesburyense,10416,10417,1
24617,Mycolicibacterium_malmesburyense,10434,10435,1
24618,Mycolicibacterium_malmesburyense,10448,10449,1
24619,Mycolicibacterium_malmesburyense,10461,10462,1
24620,Mycolicibacterium_malmesburyense,10476,10477,1
24621,Mycolicibacterium_malmesburyense,10491,10492,1
24622,Mycolicibacterium_malmesburyense,10526,10527,1
24623,Mycolicibacterium_malmesburyense,10548,10649,101
24624,Mycolicibacterium_malmesburyense,10828,10830,2
24625,Mycolicibacterium_malmesburyense,10837,10843,6
24626,Mycolicibacterium_malmesburyense,10864,10865,1
24627,Mycolicibacterium_malmesburyense,10914,10915,1
24628,Mycolicibacterium_malmesburyense,10965,10966,1
24629,Mycolicibacterium_malmesburyense,10971,10975,4
24630,Mycolicibacterium_malmesburyense,11085,11086,1
24631,Mycolicibacterium_malmesburyense,11143,11144,1
24632,Mycolicibacterium_malmesburyense,11243,11244,1
24633,Mycolicibacterium_malmesburyense,11260,11261,1
24634,Mycolicibacterium_malmesburyense,11265,11267,2
24635,Mycolicibacterium_malmesburyense,11286,11287,1
24636,Mycolicibacterium_malmesburyense,11312,11313,1
24637,Mycolicibacterium_malmesburyense,11473,11474,1
24638,Mycolicibacterium_malmesburyense,11505,11512,7
24639,Mycolicibacterium_malmesburyense,11513,11515,2
24640,Mycolicibacterium_malmesburyense,11520,11521,1
24641,Mycolicibacterium_malmesburyense,11523,11525,2
24642,Mycolicibacterium_malmesburyense,11530,11538,8
24643,Mycolicibacterium_malmesburyense,11566,11567,1
24644,Mycolicibacterium_malmesburyense,11782,11783,1
24645,Mycolicibacterium_malmesburyense,11823,11824,1
24646,Mycolicibacterium_malmesburyense,11826,11827,1
24647,Mycolicibacterium_malmesburyense,11831,11836,5
24648,Mycolicibacterium_malmesburyense,11846,11850,4
24649,Mycolicibacterium_malmesburyense,11851,11852,1
24650,Mycolicibacterium_malmesburyense,11859,11860,1
24651,Mycolicibacterium_malmesburyense,11864,11866,2
24652,Mycolicibacterium_malmesburyense,11877,11878,1
24653,Mycolicibacterium_malmesburyense,11993,11995,2
24654,Mycolicibacterium_malmesburyense,12029,12030,1
24655,Mycolicibacterium_malmesburyense,12068,12069,1
24656,Mycolicibacterium_malmesburyense,12207,12208,1
24657,Mycolicibacterium_malmesburyense,12211,12212,1
24658,Mycolicibacterium_malmesburyense,12213,12214,1
24659,Mycolicibacterium_malmesburyense,12218,12222,4
24660,Mycolicibacterium_malmesburyense,12226,12227,1
24661,Mycolicibacterium_malmesburyense,12237,12238,1
24662,Mycolicibacterium_malmesburyense,12360,12369,9
24663,Mycolicibacterium_malmesburyense,12371,12372,1
24664,Mycolicibacterium_malmesburyense,12374,12375,1
24665,Mycolicibacterium_malmesburyense,12377,12382,5
24666,Mycolicibacterium_malmesburyense,12384,12390,6
24667,Mycolicibacterium_malmesburyense,12391,12400,9
24668,Mycolicibacterium_malmesburyense,12454,12455,1
24669,Mycolicibacterium_malmesburyense,12739,12740,1
24670,Mycolicibacterium_malmesburyense,12798,12925,127
24671,Mycolicibacterium_malmesburyense,13453,13454,1
24672,Mycolicibacterium_malmesburyense,13508,13509,1
24673,Mycolicibacterium_komanii,1,10,9
24674,Mycolicibacterium_komanii,21,39,18
24675,Mycolicibacterium_komanii,43,46,3
24676,Mycolicibacterium_komanii,60,107,47
24677,Mycolicibacterium_komanii,117,132,15
24678,Mycolicibacterium_komanii,133,136,3
24679,Mycolicibacterium_komanii,346,349,3
24680,Mycolicibacterium_komanii,1542,1545,3
24681,Mycolicibacterium_komanii,1572,1604,32
24682,Mycolicibacterium_komanii,1626,1662,36
24683,Mycolicibacterium_komanii,1664,1676,12
24684,Mycolicibacterium_komanii,3317,3361,44
24685,Mycolicibacterium_komanii,3364,3365,1
24686,Mycolicibacterium_komanii,3373,3374,1
24687,Mycolicibacterium_komanii,3409,3478,69
24688,Mycolicibacterium_komanii,3485,3491,6
24689,Mycolicibacterium_komanii,3642,3645,3
24690,Mycolicibacterium_komanii,3650,3653,3
24691,Mycolicibacterium_komanii,3655,3667,12
24692,Mycolicibacterium_komanii,3782,3788,6
24693,Mycolicibacterium_komanii,4407,4413,6
24694,Mycolicibacterium_komanii,4417,4426,9
24695,Mycolicibacterium_komanii,4432,4445,13
24696,Mycolicibacterium_komanii,4452,4455,3
24697,Mycolicibacterium_komanii,4456,4462,6
24698,Mycolicibacterium_komanii,4463,4466,3
24699,Mycolicibacterium_komanii,4468,4474,6
24700,Mycolicibacterium_komanii,4475,4481,6
24701,Mycolicibacterium_komanii,4483,4486,3
24702,Mycolicibacterium_komanii,4540,4552,12
24703,Mycolicibacterium_komanii,4555,4564,9
24704,Mycolicibacterium_komanii,4567,4573,6
24705,Mycolicibacterium_komanii,4582,4585,3
24706,Mycolicibacterium_komanii,5163,5169,6
24707,Mycolicibacterium_komanii,5170,5179,9
24708,Mycolicibacterium_komanii,5181,5190,9
24709,Mycolicibacterium_komanii,5197,5199,2
24710,Mycolicibacterium_komanii,5201,5204,3
24711,Mycolicibacterium_komanii,5206,5214,8
24712,Mycolicibacterium_komanii,5218,5230,12
24713,Mycolicibacterium_komanii,5231,5241,10
24714,Mycolicibacterium_komanii,5247,5253,6
24715,Mycolicibacterium_komanii,5401,5402,1
24716,Mycolicibacterium_komanii,6015,6016,1
24717,Mycolicibacterium_komanii,6431,6467,36
24718,Mycolicibacterium_komanii,6470,6494,24
24719,Mycolicibacterium_komanii,7178,7254,76
24720,Mycolicibacterium_komanii,7260,7268,8
24721,Mycolicibacterium_komanii,7760,7763,3
24722,Mycolicibacterium_komanii,8452,8500,48
24723,Mycolicibacterium_komanii,8577,8578,1
24724,Mycolicibacterium_komanii,8584,8599,15
24725,Mycolicibacterium_komanii,8601,8603,2
24726,Mycolicibacterium_komanii,8609,8610,1
24727,Mycolicibacterium_komanii,8661,8662,1
24728,Mycolicibacterium_komanii,8733,8735,2
24729,Mycolicibacterium_komanii,8739,8742,3
24730,Mycolicibacterium_komanii,8930,8931,1
24731,Mycolicibacterium_komanii,8980,8982,2
24732,Mycolicibacterium_komanii,8984,8998,14
24733,Mycolicibacterium_komanii,9120,9121,1
24734,Mycolicibacterium_komanii,9370,9372,2
24735,Mycolicibacterium_komanii,9546,9547,1
24736,Mycolicibacterium_komanii,9812,9813,1
24737,Mycolicibacterium_komanii,9985,9986,1
24738,Mycolicibacterium_komanii,10076,10078,2
24739,Mycolicibacterium_komanii,10157,10158,1
24740,Mycolicibacterium_komanii,10261,10262,1
24741,Mycolicibacterium_komanii,10310,10312,2
24742,Mycolicibacterium_komanii,10313,10315,2
24743,Mycolicibacterium_komanii,10325,10326,1
24744,Mycolicibacterium_komanii,10370,10371,1
24745,Mycolicibacterium_komanii,10416,10417,1
24746,Mycolicibacterium_komanii,10434,10435,1
24747,Mycolicibacterium_komanii,10448,10449,1
24748,Mycolicibacterium_komanii,10461,10462,1
24749,Mycolicibacterium_komanii,10476,10477,1
24750,Mycolicibacterium_komanii,10491,10492,1
24751,Mycolicibacterium_komanii,10526,10527,1
24752,Mycolicibacterium_komanii,10548,10649,101
24753,Mycolicibacterium_komanii,10828,10830,2
24754,Mycolicibacterium_komanii,10835,10836,1
24755,Mycolicibacterium_komanii,10837,10843,6
24756,Mycolicibacterium_komanii,10864,10865,1
24757,Mycolicibacterium_komanii,10914,10915,1
24758,Mycolicibacterium_komanii,10965,10966,1
24759,Mycolicibacterium_komanii,10971,10975,4
24760,Mycolicibacterium_komanii,11085,11086,1
24761,Mycolicibacterium_komanii,11143,11144,1
24762,Mycolicibacterium_komanii,11243,11244,1
24763,Mycolicibacterium_komanii,11260,11261,1
24764,Mycolicibacterium_komanii,11265,11267,2
24765,Mycolicibacterium_komanii,11286,11287,1
24766,Mycolicibacterium_komanii,11312,11313,1
24767,Mycolicibacterium_komanii,11473,11474,1
24768,Mycolicibacterium_komanii,11505,11512,7
24769,Mycolicibacterium_komanii,11513,11514,1
24770,Mycolicibacterium_komanii,11520,11521,1
24771,Mycolicibacterium_komanii,11523,11537,14
24772,Mycolicibacterium_komanii,11566,11567,1
24773,Mycolicibacterium_komanii,11782,11783,1
24774,Mycolicibacterium_komanii,11823,11824,1
24775,Mycolicibacterium_komanii,11826,11827,1
24776,Mycolicibacterium_komanii,11831,11836,5
24777,Mycolicibacterium_komanii,11846,11850,4
24778,Mycolicibacterium_komanii,11851,11852,1
24779,Mycolicibacterium_komanii,11859,11860,1
24780,Mycolicibacterium_komanii,11864,11866,2
24781,Mycolicibacterium_komanii,11877,11878,1
24782,Mycolicibacterium_komanii,11993,11994,1
24783,Mycolicibacterium_komanii,12029,12030,1
24784,Mycolicibacterium_komanii,12068,12069,1
24785,Mycolicibacterium_komanii,12207,12208,1
24786,Mycolicibacterium_komanii,12211,12212,1
24787,Mycolicibacterium_komanii,12213,12214,1
24788,Mycolicibacterium_komanii,12218,12222,4
24789,Mycolicibacterium_komanii,12226,12227,1
24790,Mycolicibacterium_komanii,12237,12238,1
24791,Mycolicibacterium_komanii,12360,12369,9
24792,Mycolicibacterium_komanii,12371,12372,1
24793,Mycolicibacterium_komanii,12374,12375,1
24794,Mycolicibacterium_komanii,12378,12381,3
24795,Mycolicibacterium_komanii,12384,12390,6
24796,Mycolicibacterium_komanii,12391,12400,9
24797,Mycolicibacterium_komanii,12454,12455,1
24798,Mycolicibacterium_komanii,12739,12740,1
24799,Mycolicibacterium_komanii,12798,12925,127
24800,Mycolicibacterium_komanii,13453,13454,1
24801,Mycolicibacterium_komanii,13508,13509,1
24802,Mycolicibacterium_chlorophenolicum,1,10,9
24803,Mycolicibacterium_chlorophenolicum,21,39,18
24804,Mycolicibacterium_chlorophenolicum,43,46,3
24805,Mycolicibacterium_chlorophenolicum,51,107,56
24806,Mycolicibacterium_chlorophenolicum,117,132,15
24807,Mycolicibacterium_chlorophenolicum,133,136,3
24808,Mycolicibacterium_chlorophenolicum,346,349,3
24809,Mycolicibacterium_chlorophenolicum,1542,1691,149
24810,Mycolicibacterium_chlorophenolicum,3317,3361,44
24811,Mycolicibacterium_chlorophenolicum,3364,3365,1
24812,Mycolicibacterium_chlorophenolicum,3373,3374,1
24813,Mycolicibacterium_chlorophenolicum,3408,3480,72
24814,Mycolicibacterium_chlorophenolicum,3485,3491,6
24815,Mycolicibacterium_chlorophenolicum,3642,3645,3
24816,Mycolicibacterium_chlorophenolicum,3650,3653,3
24817,Mycolicibacterium_chlorophenolicum,3655,3667,12
24818,Mycolicibacterium_chlorophenolicum,3782,3788,6
24819,Mycolicibacterium_chlorophenolicum,4400,4406,6
24820,Mycolicibacterium_chlorophenolicum,4407,4413,6
24821,Mycolicibacterium_chlorophenolicum,4417,4426,9
24822,Mycolicibacterium_chlorophenolicum,4432,4445,13
24823,Mycolicibacterium_chlorophenolicum,4452,4455,3
24824,Mycolicibacterium_chlorophenolicum,4456,4462,6
24825,Mycolicibacterium_chlorophenolicum,4468,4474,6
24826,Mycolicibacterium_chlorophenolicum,4475,4481,6
24827,Mycolicibacterium_chlorophenolicum,4483,4486,3
24828,Mycolicibacterium_chlorophenolicum,4540,4552,12
24829,Mycolicibacterium_chlorophenolicum,4555,4564,9
24830,Mycolicibacterium_chlorophenolicum,4567,4573,6
24831,Mycolicibacterium_chlorophenolicum,4582,4585,3
24832,Mycolicibacterium_chlorophenolicum,5163,5169,6
24833,Mycolicibacterium_chlorophenolicum,5170,5179,9
24834,Mycolicibacterium_chlorophenolicum,5181,5190,9
24835,Mycolicibacterium_chlorophenolicum,5197,5199,2
24836,Mycolicibacterium_chlorophenolicum,5201,5204,3
24837,Mycolicibacterium_chlorophenolicum,5206,5214,8
24838,Mycolicibacterium_chlorophenolicum,5218,5230,12
24839,Mycolicibacterium_chlorophenolicum,5231,5241,10
24840,Mycolicibacterium_chlorophenolicum,5247,5253,6
24841,Mycolicibacterium_chlorophenolicum,5401,5402,1
24842,Mycolicibacterium_chlorophenolicum,6015,6016,1
24843,Mycolicibacterium_chlorophenolicum,6431,6467,36
24844,Mycolicibacterium_chlorophenolicum,6470,6494,24
24845,Mycolicibacterium_chlorophenolicum,7178,7254,76
24846,Mycolicibacterium_chlorophenolicum,7260,7268,8
24847,Mycolicibacterium_chlorophenolicum,7760,7763,3
24848,Mycolicibacterium_chlorophenolicum,8452,8500,48
24849,Mycolicibacterium_chlorophenolicum,8577,8578,1
24850,Mycolicibacterium_chlorophenolicum,8584,8599,15
24851,Mycolicibacterium_chlorophenolicum,8600,8604,4
24852,Mycolicibacterium_chlorophenolicum,8609,8610,1
24853,Mycolicibacterium_chlorophenolicum,8661,8662,1
24854,Mycolicibacterium_chlorophenolicum,8703,8704,1
24855,Mycolicibacterium_chlorophenolicum,8720,8721,1
24856,Mycolicibacterium_chlorophenolicum,8733,8735,2
24857,Mycolicibacterium_chlorophenolicum,8739,8742,3
24858,Mycolicibacterium_chlorophenolicum,8930,8931,1
24859,Mycolicibacterium_chlorophenolicum,8980,8982,2
24860,Mycolicibacterium_chlorophenolicum,8984,8998,14
24861,Mycolicibacterium_chlorophenolicum,9120,9121,1
24862,Mycolicibacterium_chlorophenolicum,9370,9372,2
24863,Mycolicibacterium_chlorophenolicum,9546,9547,1
24864,Mycolicibacterium_chlorophenolicum,9812,9813,1
24865,Mycolicibacterium_chlorophenolicum,9985,9986,1
24866,Mycolicibacterium_chlorophenolicum,10076,10078,2
24867,Mycolicibacterium_chlorophenolicum,10157,10158,1
24868,Mycolicibacterium_chlorophenolicum,10261,10262,1
24869,Mycolicibacterium_chlorophenolicum,10310,10312,2
24870,Mycolicibacterium_chlorophenolicum,10313,10315,2
24871,Mycolicibacterium_chlorophenolicum,10325,10326,1
24872,Mycolicibacterium_chlorophenolicum,10370,10371,1
24873,Mycolicibacterium_chlorophenolicum,10416,10417,1
24874,Mycolicibacterium_chlorophenolicum,10434,10435,1
24875,Mycolicibacterium_chlorophenolicum,10448,10449,1
24876,Mycolicibacterium_chlorophenolicum,10461,10462,1
24877,Mycolicibacterium_chlorophenolicum,10476,10477,1
24878,Mycolicibacterium_chlorophenolicum,10491,10492,1
24879,Mycolicibacterium_chlorophenolicum,10526,10527,1
24880,Mycolicibacterium_chlorophenolicum,10548,10649,101
24881,Mycolicibacterium_chlorophenolicum,10828,10830,2
24882,Mycolicibacterium_chlorophenolicum,10835,10836,1
24883,Mycolicibacterium_chlorophenolicum,10837,10843,6
24884,Mycolicibacterium_chlorophenolicum,10864,10865,1
24885,Mycolicibacterium_chlorophenolicum,10914,10915,1
24886,Mycolicibacterium_chlorophenolicum,10965,10966,1
24887,Mycolicibacterium_chlorophenolicum,10971,10975,4
24888,Mycolicibacterium_chlorophenolicum,11085,11086,1
24889,Mycolicibacterium_chlorophenolicum,11143,11144,1
24890,Mycolicibacterium_chlorophenolicum,11243,11244,1
24891,Mycolicibacterium_chlorophenolicum,11260,11261,1
24892,Mycolicibacterium_chlorophenolicum,11265,11267,2
24893,Mycolicibacterium_chlorophenolicum,11286,11287,1
24894,Mycolicibacterium_chlorophenolicum,11312,11313,1
24895,Mycolicibacterium_chlorophenolicum,11473,11474,1
24896,Mycolicibacterium_chlorophenolicum,11505,11512,7
24897,Mycolicibacterium_chlorophenolicum,11513,11514,1
24898,Mycolicibacterium_chlorophenolicum,11520,11521,1
24899,Mycolicibacterium_chlorophenolicum,11523,11537,14
24900,Mycolicibacterium_chlorophenolicum,11566,11567,1
24901,Mycolicibacterium_chlorophenolicum,11782,11783,1
24902,Mycolicibacterium_chlorophenolicum,11823,11824,1
24903,Mycolicibacterium_chlorophenolicum,11826,11827,1
24904,Mycolicibacterium_chlorophenolicum,11831,11836,5
24905,Mycolicibacterium_chlorophenolicum,11846,11850,4
24906,Mycolicibacterium_chlorophenolicum,11851,11852,1
24907,Mycolicibacterium_chlorophenolicum,11859,11860,1
24908,Mycolicibacterium_chlorophenolicum,11864,11866,2
24909,Mycolicibacterium_chlorophenolicum,11877,11878,1
24910,Mycolicibacterium_chlorophenolicum,11993,11994,1
24911,Mycolicibacterium_chlorophenolicum,12029,12030,1
24912,Mycolicibacterium_chlorophenolicum,12068,12069,1
24913,Mycolicibacterium_chlorophenolicum,12207,12208,1
24914,Mycolicibacterium_chlorophenolicum,12211,12212,1
24915,Mycolicibacterium_chlorophenolicum,12213,12214,1
24916,Mycolicibacterium_chlorophenolicum,12218,12222,4
24917,Mycolicibacterium_chlorophenolicum,12226,12227,1
24918,Mycolicibacterium_chlorophenolicum,12229,12230,1
24919,Mycolicibacterium_chlorophenolicum,12237,12238,1
24920,Mycolicibacterium_chlorophenolicum,12360,12369,9
24921,Mycolicibacterium_chlorophenolicum,12371,12372,1
24922,Mycolicibacterium_chlorophenolicum,12374,12375,1
24923,Mycolicibacterium_chlorophenolicum,12377,12382,5
24924,Mycolicibacterium_chlorophenolicum,12384,12390,6
24925,Mycolicibacterium_chlorophenolicum,12391,12400,9
24926,Mycolicibacterium_chlorophenolicum,12454,12455,1
24927,Mycolicibacterium_chlorophenolicum,12739,12740,1
24928,Mycolicibacterium_chlorophenolicum,12798,12925,127
24929,Mycolicibacterium_chlorophenolicum,13453,13454,1
24930,Mycolicibacterium_chlorophenolicum,13508,13509,1
24931,Mycobacterium_syngnathidarum,1,10,9
24932,Mycobacterium_syngnathidarum,21,39,18
24933,Mycobacterium_syngnathidarum,43,46,3
24934,Mycobacterium_syngnathidarum,48,110,62
24935,Mycobacterium_syngnathidarum,117,132,15
24936,Mycobacterium_syngnathidarum,133,136,3
24937,Mycobacterium_syngnathidarum,346,349,3
24938,Mycobacterium_syngnathidarum,1542,1691,149
24939,Mycobacterium_syngnathidarum,3269,3272,3
24940,Mycobacterium_syngnathidarum,3317,3361,44
24941,Mycobacterium_syngnathidarum,3364,3365,1
24942,Mycobacterium_syngnathidarum,3373,3374,1
24943,Mycobacterium_syngnathidarum,3409,3421,12
24944,Mycobacterium_syngnathidarum,3424,3478,54
24945,Mycobacterium_syngnathidarum,3485,3491,6
24946,Mycobacterium_syngnathidarum,3642,3645,3
24947,Mycobacterium_syngnathidarum,3650,3653,3
24948,Mycobacterium_syngnathidarum,3655,3667,12
24949,Mycobacterium_syngnathidarum,3782,3788,6
24950,Mycobacterium_syngnathidarum,4400,4406,6
24951,Mycobacterium_syngnathidarum,4407,4413,6
24952,Mycobacterium_syngnathidarum,4417,4426,9
24953,Mycobacterium_syngnathidarum,4432,4445,13
24954,Mycobacterium_syngnathidarum,4452,4455,3
24955,Mycobacterium_syngnathidarum,4456,4462,6
24956,Mycobacterium_syngnathidarum,4468,4474,6
24957,Mycobacterium_syngnathidarum,4475,4481,6
24958,Mycobacterium_syngnathidarum,4483,4486,3
24959,Mycobacterium_syngnathidarum,4540,4552,12
24960,Mycobacterium_syngnathidarum,4555,4564,9
24961,Mycobacterium_syngnathidarum,4567,4573,6
24962,Mycobacterium_syngnathidarum,4582,4585,3
24963,Mycobacterium_syngnathidarum,5163,5169,6
24964,Mycobacterium_syngnathidarum,5170,5179,9
24965,Mycobacterium_syngnathidarum,5181,5190,9
24966,Mycobacterium_syngnathidarum,5197,5199,2
24967,Mycobacterium_syngnathidarum,5201,5204,3
24968,Mycobacterium_syngnathidarum,5206,5214,8
24969,Mycobacterium_syngnathidarum,5218,5230,12
24970,Mycobacterium_syngnathidarum,5231,5241,10
24971,Mycobacterium_syngnathidarum,5247,5253,6
24972,Mycobacterium_syngnathidarum,5401,5402,1
24973,Mycobacterium_syngnathidarum,6015,6016,1
24974,Mycobacterium_syngnathidarum,6431,6452,21
24975,Mycobacterium_syngnathidarum,6456,6462,6
24976,Mycobacterium_syngnathidarum,6470,6494,24
24977,Mycobacterium_syngnathidarum,7178,7254,76
24978,Mycobacterium_syngnathidarum,7260,7268,8
24979,Mycobacterium_syngnathidarum,7760,7763,3
24980,Mycobacterium_syngnathidarum,8452,8500,48
24981,Mycobacterium_syngnathidarum,8577,8578,1
24982,Mycobacterium_syngnathidarum,8584,8599,15
24983,Mycobacterium_syngnathidarum,8600,8604,4
24984,Mycobacterium_syngnathidarum,8609,8610,1
24985,Mycobacterium_syngnathidarum,8661,8662,1
24986,Mycobacterium_syngnathidarum,8703,8704,1
24987,Mycobacterium_syngnathidarum,8720,8721,1
24988,Mycobacterium_syngnathidarum,8733,8735,2
24989,Mycobacterium_syngnathidarum,8739,8742,3
24990,Mycobacterium_syngnathidarum,8930,8931,1
24991,Mycobacterium_syngnathidarum,8980,8982,2
24992,Mycobacterium_syngnathidarum,8984,8998,14
24993,Mycobacterium_syngnathidarum,9120,9121,1
24994,Mycobacterium_syngnathidarum,9370,9372,2
24995,Mycobacterium_syngnathidarum,9546,9547,1
24996,Mycobacterium_syngnathidarum,9812,9813,1
24997,Mycobacterium_syngnathidarum,9982,9984,2
24998,Mycobacterium_syngnathidarum,9985,9986,1
24999,Mycobacterium_syngnathidarum,10076,10078,2
25000,Mycobacterium_syngnathidarum,10157,10158,1
25001,Mycobacterium_syngnathidarum,10261,10262,1
25002,Mycobacterium_syngnathidarum,10310,10312,2
25003,Mycobacterium_syngnathidarum,10313,10315,2
25004,Mycobacterium_syngnathidarum,10325,10326,1
25005,Mycobacterium_syngnathidarum,10370,10371,1
25006,Mycobacterium_syngnathidarum,10416,10417,1
25007,Mycobacterium_syngnathidarum,10434,10435,1
25008,Mycobacterium_syngnathidarum,10448,10449,1
25009,Mycobacterium_syngnathidarum,10476,10477,1
25010,Mycobacterium_syngnathidarum,10491,10492,1
25011,Mycobacterium_syngnathidarum,10526,10527,1
25012,Mycobacterium_syngnathidarum,10539,10540,1
25013,Mycobacterium_syngnathidarum,10547,10649,102
25014,Mycobacterium_syngnathidarum,10828,10831,3
25015,Mycobacterium_syngnathidarum,10835,10843,8
25016,Mycobacterium_syngnathidarum,10864,10865,1
25017,Mycobacterium_syngnathidarum,10914,10915,1
25018,Mycobacterium_syngnathidarum,10965,10966,1
25019,Mycobacterium_syngnathidarum,10971,10975,4
25020,Mycobacterium_syngnathidarum,11085,11086,1
25021,Mycobacterium_syngnathidarum,11143,11144,1
25022,Mycobacterium_syngnathidarum,11243,11244,1
25023,Mycobacterium_syngnathidarum,11260,11261,1
25024,Mycobacterium_syngnathidarum,11286,11287,1
25025,Mycobacterium_syngnathidarum,11312,11313,1
25026,Mycobacterium_syngnathidarum,11473,11474,1
25027,Mycobacterium_syngnathidarum,11505,11512,7
25028,Mycobacterium_syngnathidarum,11513,11514,1
25029,Mycobacterium_syngnathidarum,11516,11517,1
25030,Mycobacterium_syngnathidarum,11520,11521,1
25031,Mycobacterium_syngnathidarum,11524,11541,17
25032,Mycobacterium_syngnathidarum,11566,11567,1
25033,Mycobacterium_syngnathidarum,11782,11783,1
25034,Mycobacterium_syngnathidarum,11823,11824,1
25035,Mycobacterium_syngnathidarum,11826,11827,1
25036,Mycobacterium_syngnathidarum,11831,11836,5
25037,Mycobacterium_syngnathidarum,11846,11850,4
25038,Mycobacterium_syngnathidarum,11851,11852,1
25039,Mycobacterium_syngnathidarum,11859,11860,1
25040,Mycobacterium_syngnathidarum,11864,11865,1
25041,Mycobacterium_syngnathidarum,11877,11878,1
25042,Mycobacterium_syngnathidarum,11993,11995,2
25043,Mycobacterium_syngnathidarum,12029,12030,1
25044,Mycobacterium_syngnathidarum,12068,12069,1
25045,Mycobacterium_syngnathidarum,12207,12208,1
25046,Mycobacterium_syngnathidarum,12211,12212,1
25047,Mycobacterium_syngnathidarum,12213,12214,1
25048,Mycobacterium_syngnathidarum,12218,12222,4
25049,Mycobacterium_syngnathidarum,12226,12227,1
25050,Mycobacterium_syngnathidarum,12237,12238,1
25051,Mycobacterium_syngnathidarum,12360,12372,12
25052,Mycobacterium_syngnathidarum,12374,12375,1
25053,Mycobacterium_syngnathidarum,12378,12381,3
25054,Mycobacterium_syngnathidarum,12384,12390,6
25055,Mycobacterium_syngnathidarum,12391,12400,9
25056,Mycobacterium_syngnathidarum,12454,12455,1
25057,Mycobacterium_syngnathidarum,12739,12740,1
25058,Mycobacterium_syngnathidarum,12798,12925,127
25059,Mycobacterium_syngnathidarum,13451,13452,1
25060,Mycobacterium_syngnathidarum,13453,13454,1
25061,Mycobacterium_syngnathidarum,13508,13509,1
25062,Mycobacterium_talmoniae,1,10,9
25063,Mycobacterium_talmoniae,21,39,18
25064,Mycobacterium_talmoniae,43,46,3
25065,Mycobacterium_talmoniae,64,102,38
25066,Mycobacterium_talmoniae,117,132,15
25067,Mycobacterium_talmoniae,133,136,3
25068,Mycobacterium_talmoniae,346,349,3
25069,Mycobacterium_talmoniae,1542,1691,149
25070,Mycobacterium_talmoniae,3317,3381,64
25071,Mycobacterium_talmoniae,3409,3420,11
25072,Mycobacterium_talmoniae,3424,3479,55
25073,Mycobacterium_talmoniae,3488,3491,3
25074,Mycobacterium_talmoniae,3642,3645,3
25075,Mycobacterium_talmoniae,3650,3653,3
25076,Mycobacterium_talmoniae,3655,3666,11
25077,Mycobacterium_talmoniae,3671,3672,1
25078,Mycobacterium_talmoniae,3782,3788,6
25079,Mycobacterium_talmoniae,4400,4406,6
25080,Mycobacterium_talmoniae,4409,4446,37
25081,Mycobacterium_talmoniae,4452,4455,3
25082,Mycobacterium_talmoniae,4456,4462,6
25083,Mycobacterium_talmoniae,4468,4471,3
25084,Mycobacterium_talmoniae,4475,4478,3
25085,Mycobacterium_talmoniae,4483,4486,3
25086,Mycobacterium_talmoniae,4540,4552,12
25087,Mycobacterium_talmoniae,4555,4564,9
25088,Mycobacterium_talmoniae,4567,4573,6
25089,Mycobacterium_talmoniae,4581,4584,3
25090,Mycobacterium_talmoniae,5163,5169,6
25091,Mycobacterium_talmoniae,5170,5179,9
25092,Mycobacterium_talmoniae,5181,5190,9
25093,Mycobacterium_talmoniae,5197,5199,2
25094,Mycobacterium_talmoniae,5201,5204,3
25095,Mycobacterium_talmoniae,5206,5214,8
25096,Mycobacterium_talmoniae,5218,5230,12
25097,Mycobacterium_talmoniae,5231,5241,10
25098,Mycobacterium_talmoniae,5247,5253,6
25099,Mycobacterium_talmoniae,5401,5402,1
25100,Mycobacterium_talmoniae,6015,6016,1
25101,Mycobacterium_talmoniae,6431,6467,36
25102,Mycobacterium_talmoniae,6470,6494,24
25103,Mycobacterium_talmoniae,7178,7254,76
25104,Mycobacterium_talmoniae,7260,7268,8
25105,Mycobacterium_talmoniae,7760,7763,3
25106,Mycobacterium_talmoniae,8452,8500,48
25107,Mycobacterium_talmoniae,8577,8578,1
25108,Mycobacterium_talmoniae,8584,8599,15
25109,Mycobacterium_talmoniae,8601,8603,2
25110,Mycobacterium_talmoniae,8609,8610,1
25111,Mycobacterium_talmoniae,8661,8662,1
25112,Mycobacterium_talmoniae,8703,8704,1
25113,Mycobacterium_talmoniae,8720,8721,1
25114,Mycobacterium_talmoniae,8733,8734,1
25115,Mycobacterium_talmoniae,8930,8931,1
25116,Mycobacterium_talmoniae,8981,8997,16
25117,Mycobacterium_talmoniae,9120,9121,1
25118,Mycobacterium_talmoniae,9370,9371,1
25119,Mycobacterium_talmoniae,9546,9547,1
25120,Mycobacterium_talmoniae,9812,9814,2
25121,Mycobacterium_talmoniae,9983,9986,3
25122,Mycobacterium_talmoniae,10076,10078,2
25123,Mycobacterium_talmoniae,10157,10158,1
25124,Mycobacterium_talmoniae,10261,10262,1
25125,Mycobacterium_talmoniae,10310,10312,2
25126,Mycobacterium_talmoniae,10313,10315,2
25127,Mycobacterium_talmoniae,10325,10326,1
25128,Mycobacterium_talmoniae,10370,10371,1
25129,Mycobacterium_talmoniae,10416,10417,1
25130,Mycobacterium_talmoniae,10434,10435,1
25131,Mycobacterium_talmoniae,10448,10449,1
25132,Mycobacterium_talmoniae,10476,10477,1
25133,Mycobacterium_talmoniae,10491,10492,1
25134,Mycobacterium_talmoniae,10526,10527,1
25135,Mycobacterium_talmoniae,10548,10649,101
25136,Mycobacterium_talmoniae,10828,10830,2
25137,Mycobacterium_talmoniae,10832,10833,1
25138,Mycobacterium_talmoniae,10835,10843,8
25139,Mycobacterium_talmoniae,10864,10865,1
25140,Mycobacterium_talmoniae,10914,10915,1
25141,Mycobacterium_talmoniae,10959,10966,7
25142,Mycobacterium_talmoniae,10971,10975,4
25143,Mycobacterium_talmoniae,11085,11086,1
25144,Mycobacterium_talmoniae,11143,11144,1
25145,Mycobacterium_talmoniae,11243,11244,1
25146,Mycobacterium_talmoniae,11260,11261,1
25147,Mycobacterium_talmoniae,11264,11267,3
25148,Mycobacterium_talmoniae,11286,11287,1
25149,Mycobacterium_talmoniae,11312,11313,1
25150,Mycobacterium_talmoniae,11473,11474,1
25151,Mycobacterium_talmoniae,11505,11512,7
25152,Mycobacterium_talmoniae,11513,11514,1
25153,Mycobacterium_talmoniae,11516,11531,15
25154,Mycobacterium_talmoniae,11532,11533,1
25155,Mycobacterium_talmoniae,11566,11567,1
25156,Mycobacterium_talmoniae,11782,11783,1
25157,Mycobacterium_talmoniae,11823,11824,1
25158,Mycobacterium_talmoniae,11826,11827,1
25159,Mycobacterium_talmoniae,11831,11836,5
25160,Mycobacterium_talmoniae,11847,11852,5
25161,Mycobacterium_talmoniae,11859,11860,1
25162,Mycobacterium_talmoniae,11864,11866,2
25163,Mycobacterium_talmoniae,11877,11878,1
25164,Mycobacterium_talmoniae,12029,12030,1
25165,Mycobacterium_talmoniae,12068,12069,1
25166,Mycobacterium_talmoniae,12207,12208,1
25167,Mycobacterium_talmoniae,12211,12212,1
25168,Mycobacterium_talmoniae,12213,12214,1
25169,Mycobacterium_talmoniae,12218,12222,4
25170,Mycobacterium_talmoniae,12225,12227,2
25171,Mycobacterium_talmoniae,12237,12238,1
25172,Mycobacterium_talmoniae,12360,12369,9
25173,Mycobacterium_talmoniae,12370,12382,12
25174,Mycobacterium_talmoniae,12384,12390,6
25175,Mycobacterium_talmoniae,12454,12455,1
25176,Mycobacterium_talmoniae,12739,12740,1
25177,Mycobacterium_talmoniae,12798,12925,127
25178,Mycobacterium_talmoniae,13451,13452,1
25179,Mycobacterium_talmoniae,13453,13454,1
25180,Mycobacterium_talmoniae,13508,13509,1
25181,Mycobacterium_neumannii,1,10,9
25182,Mycobacterium_neumannii,21,39,18
25183,Mycobacterium_neumannii,43,46,3
25184,Mycobacterium_neumannii,60,107,47
25185,Mycobacterium_neumannii,117,132,15
25186,Mycobacterium_neumannii,133,136,3
25187,Mycobacterium_neumannii,346,349,3
25188,Mycobacterium_neumannii,1542,1545,3
25189,Mycobacterium_neumannii,1572,1604,32
25190,Mycobacterium_neumannii,1632,1650,18
25191,Mycobacterium_neumannii,1664,1676,12
25192,Mycobacterium_neumannii,3317,3361,44
25193,Mycobacterium_neumannii,3364,3365,1
25194,Mycobacterium_neumannii,3373,3374,1
25195,Mycobacterium_neumannii,3409,3478,69
25196,Mycobacterium_neumannii,3485,3491,6
25197,Mycobacterium_neumannii,3642,3645,3
25198,Mycobacterium_neumannii,3650,3653,3
25199,Mycobacterium_neumannii,3655,3667,12
25200,Mycobacterium_neumannii,3782,3788,6
25201,Mycobacterium_neumannii,4407,4413,6
25202,Mycobacterium_neumannii,4417,4426,9
25203,Mycobacterium_neumannii,4432,4445,13
25204,Mycobacterium_neumannii,4452,4455,3
25205,Mycobacterium_neumannii,4456,4462,6
25206,Mycobacterium_neumannii,4463,4466,3
25207,Mycobacterium_neumannii,4468,4474,6
25208,Mycobacterium_neumannii,4475,4481,6
25209,Mycobacterium_neumannii,4483,4486,3
25210,Mycobacterium_neumannii,4540,4552,12
25211,Mycobacterium_neumannii,4555,4564,9
25212,Mycobacterium_neumannii,4567,4573,6
25213,Mycobacterium_neumannii,4582,4585,3
25214,Mycobacterium_neumannii,5163,5169,6
25215,Mycobacterium_neumannii,5170,5179,9
25216,Mycobacterium_neumannii,5181,5190,9
25217,Mycobacterium_neumannii,5197,5199,2
25218,Mycobacterium_neumannii,5201,5204,3
25219,Mycobacterium_neumannii,5206,5214,8
25220,Mycobacterium_neumannii,5218,5230,12
25221,Mycobacterium_neumannii,5231,5241,10
25222,Mycobacterium_neumannii,5247,5253,6
25223,Mycobacterium_neumannii,5401,5402,1
25224,Mycobacterium_neumannii,6015,6016,1
25225,Mycobacterium_neumannii,6431,6467,36
25226,Mycobacterium_neumannii,6470,6494,24
25227,Mycobacterium_neumannii,7178,7254,76
25228,Mycobacterium_neumannii,7260,7268,8
25229,Mycobacterium_neumannii,7760,7763,3
25230,Mycobacterium_neumannii,8452,8500,48
25231,Mycobacterium_neumannii,8577,8578,1
25232,Mycobacterium_neumannii,8584,8599,15
25233,Mycobacterium_neumannii,8601,8603,2
25234,Mycobacterium_neumannii,8609,8610,1
25235,Mycobacterium_neumannii,8661,8662,1
25236,Mycobacterium_neumannii,8733,8735,2
25237,Mycobacterium_neumannii,8739,8742,3
25238,Mycobacterium_neumannii,8930,8931,1
25239,Mycobacterium_neumannii,8980,8982,2
25240,Mycobacterium_neumannii,8984,8998,14
25241,Mycobacterium_neumannii,9120,9121,1
25242,Mycobacterium_neumannii,9370,9372,2
25243,Mycobacterium_neumannii,9546,9547,1
25244,Mycobacterium_neumannii,9812,9813,1
25245,Mycobacterium_neumannii,9985,9986,1
25246,Mycobacterium_neumannii,10076,10078,2
25247,Mycobacterium_neumannii,10157,10158,1
25248,Mycobacterium_neumannii,10261,10262,1
25249,Mycobacterium_neumannii,10310,10312,2
25250,Mycobacterium_neumannii,10313,10315,2
25251,Mycobacterium_neumannii,10325,10326,1
25252,Mycobacterium_neumannii,10370,10371,1
25253,Mycobacterium_neumannii,10416,10417,1
25254,Mycobacterium_neumannii,10434,10435,1
25255,Mycobacterium_neumannii,10448,10449,1
25256,Mycobacterium_neumannii,10461,10462,1
25257,Mycobacterium_neumannii,10476,10477,1
25258,Mycobacterium_neumannii,10491,10492,1
25259,Mycobacterium_neumannii,10526,10527,1
25260,Mycobacterium_neumannii,10546,10649,103
25261,Mycobacterium_neumannii,10828,10830,2
25262,Mycobacterium_neumannii,10835,10836,1
25263,Mycobacterium_neumannii,10837,10843,6
25264,Mycobacterium_neumannii,10864,10865,1
25265,Mycobacterium_neumannii,10914,10915,1
25266,Mycobacterium_neumannii,10965,10966,1
25267,Mycobacterium_neumannii,10971,10975,4
25268,Mycobacterium_neumannii,11085,11086,1
25269,Mycobacterium_neumannii,11143,11144,1
25270,Mycobacterium_neumannii,11243,11244,1
25271,Mycobacterium_neumannii,11260,11261,1
25272,Mycobacterium_neumannii,11265,11267,2
25273,Mycobacterium_neumannii,11286,11287,1
25274,Mycobacterium_neumannii,11312,11313,1
25275,Mycobacterium_neumannii,11473,11474,1
25276,Mycobacterium_neumannii,11505,11512,7
25277,Mycobacterium_neumannii,11513,11515,2
25278,Mycobacterium_neumannii,11520,11521,1
25279,Mycobacterium_neumannii,11523,11525,2
25280,Mycobacterium_neumannii,11530,11538,8
25281,Mycobacterium_neumannii,11566,11567,1
25282,Mycobacterium_neumannii,11782,11783,1
25283,Mycobacterium_neumannii,11823,11824,1
25284,Mycobacterium_neumannii,11826,11827,1
25285,Mycobacterium_neumannii,11831,11836,5
25286,Mycobacterium_neumannii,11846,11850,4
25287,Mycobacterium_neumannii,11851,11852,1
25288,Mycobacterium_neumannii,11859,11860,1
25289,Mycobacterium_neumannii,11864,11866,2
25290,Mycobacterium_neumannii,11877,11878,1
25291,Mycobacterium_neumannii,11993,11994,1
25292,Mycobacterium_neumannii,12029,12030,1
25293,Mycobacterium_neumannii,12068,12069,1
25294,Mycobacterium_neumannii,12207,12208,1
25295,Mycobacterium_neumannii,12211,12212,1
25296,Mycobacterium_neumannii,12213,12214,1
25297,Mycobacterium_neumannii,12218,12222,4
25298,Mycobacterium_neumannii,12226,12227,1
25299,Mycobacterium_neumannii,12237,12238,1
25300,Mycobacterium_neumannii,12360,12369,9
25301,Mycobacterium_neumannii,12371,12372,1
25302,Mycobacterium_neumannii,12373,12376,3
25303,Mycobacterium_neumannii,12378,12381,3
25304,Mycobacterium_neumannii,12384,12390,6
25305,Mycobacterium_neumannii,12391,12400,9
25306,Mycobacterium_neumannii,12454,12455,1
25307,Mycobacterium_neumannii,12739,12740,1
25308,Mycobacterium_neumannii,12798,12925,127
25309,Mycobacterium_neumannii,13453,13454,1
25310,Mycobacterium_neumannii,13508,13509,1
25311,Mycobacterium_lehmannii,1,10,9
25312,Mycobacterium_lehmannii,21,39,18
25313,Mycobacterium_lehmannii,43,46,3
25314,Mycobacterium_lehmannii,60,107,47
25315,Mycobacterium_lehmannii,117,132,15
25316,Mycobacterium_lehmannii,133,136,3
25317,Mycobacterium_lehmannii,346,349,3
25318,Mycobacterium_lehmannii,1542,1545,3
25319,Mycobacterium_lehmannii,1572,1604,32
25320,Mycobacterium_lehmannii,1632,1650,18
25321,Mycobacterium_lehmannii,1664,1676,12
25322,Mycobacterium_lehmannii,3317,3361,44
25323,Mycobacterium_lehmannii,3364,3365,1
25324,Mycobacterium_lehmannii,3373,3374,1
25325,Mycobacterium_lehmannii,3409,3478,69
25326,Mycobacterium_lehmannii,3485,3491,6
25327,Mycobacterium_lehmannii,3642,3645,3
25328,Mycobacterium_lehmannii,3650,3653,3
25329,Mycobacterium_lehmannii,3655,3667,12
25330,Mycobacterium_lehmannii,3782,3788,6
25331,Mycobacterium_lehmannii,4407,4413,6
25332,Mycobacterium_lehmannii,4417,4426,9
25333,Mycobacterium_lehmannii,4432,4445,13
25334,Mycobacterium_lehmannii,4452,4455,3
25335,Mycobacterium_lehmannii,4456,4462,6
25336,Mycobacterium_lehmannii,4463,4466,3
25337,Mycobacterium_lehmannii,4468,4474,6
25338,Mycobacterium_lehmannii,4475,4481,6
25339,Mycobacterium_lehmannii,4483,4486,3
25340,Mycobacterium_lehmannii,4540,4552,12
25341,Mycobacterium_lehmannii,4555,4564,9
25342,Mycobacterium_lehmannii,4567,4573,6
25343,Mycobacterium_lehmannii,4582,4585,3
25344,Mycobacterium_lehmannii,5163,5169,6
25345,Mycobacterium_lehmannii,5170,5179,9
25346,Mycobacterium_lehmannii,5181,5190,9
25347,Mycobacterium_lehmannii,5197,5199,2
25348,Mycobacterium_lehmannii,5201,5204,3
25349,Mycobacterium_lehmannii,5206,5214,8
25350,Mycobacterium_lehmannii,5218,5230,12
25351,Mycobacterium_lehmannii,5231,5241,10
25352,Mycobacterium_lehmannii,5247,5253,6
25353,Mycobacterium_lehmannii,5401,5402,1
25354,Mycobacterium_lehmannii,6015,6016,1
25355,Mycobacterium_lehmannii,6431,6467,36
25356,Mycobacterium_lehmannii,6470,6494,24
25357,Mycobacterium_lehmannii,7178,7254,76
25358,Mycobacterium_lehmannii,7260,7268,8
25359,Mycobacterium_lehmannii,7760,7763,3
25360,Mycobacterium_lehmannii,8452,8500,48
25361,Mycobacterium_lehmannii,8577,8578,1
25362,Mycobacterium_lehmannii,8584,8599,15
25363,Mycobacterium_lehmannii,8601,8603,2
25364,Mycobacterium_lehmannii,8609,8610,1
25365,Mycobacterium_lehmannii,8661,8662,1
25366,Mycobacterium_lehmannii,8733,8735,2
25367,Mycobacterium_lehmannii,8739,8742,3
25368,Mycobacterium_lehmannii,8930,8931,1
25369,Mycobacterium_lehmannii,8980,8982,2
25370,Mycobacterium_lehmannii,8984,8998,14
25371,Mycobacterium_lehmannii,9120,9121,1
25372,Mycobacterium_lehmannii,9370,9372,2
25373,Mycobacterium_lehmannii,9546,9547,1
25374,Mycobacterium_lehmannii,9812,9813,1
25375,Mycobacterium_lehmannii,9985,9986,1
25376,Mycobacterium_lehmannii,10076,10078,2
25377,Mycobacterium_lehmannii,10157,10158,1
25378,Mycobacterium_lehmannii,10261,10262,1
25379,Mycobacterium_lehmannii,10310,10312,2
25380,Mycobacterium_lehmannii,10313,10315,2
25381,Mycobacterium_lehmannii,10325,10326,1
25382,Mycobacterium_lehmannii,10370,10371,1
25383,Mycobacterium_lehmannii,10416,10417,1
25384,Mycobacterium_lehmannii,10434,10435,1
25385,Mycobacterium_lehmannii,10448,10449,1
25386,Mycobacterium_lehmannii,10461,10462,1
25387,Mycobacterium_lehmannii,10476,10477,1
25388,Mycobacterium_lehmannii,10491,10492,1
25389,Mycobacterium_lehmannii,10526,10527,1
25390,Mycobacterium_lehmannii,10546,10649,103
25391,Mycobacterium_lehmannii,10828,10830,2
25392,Mycobacterium_lehmannii,10837,10843,6
25393,Mycobacterium_lehmannii,10864,10865,1
25394,Mycobacterium_lehmannii,10914,10915,1
25395,Mycobacterium_lehmannii,10965,10966,1
25396,Mycobacterium_lehmannii,10971,10975,4
25397,Mycobacterium_lehmannii,11085,11086,1
25398,Mycobacterium_lehmannii,11143,11144,1
25399,Mycobacterium_lehmannii,11243,11244,1
25400,Mycobacterium_lehmannii,11260,11261,1
25401,Mycobacterium_lehmannii,11265,11267,2
25402,Mycobacterium_lehmannii,11286,11287,1
25403,Mycobacterium_lehmannii,11312,11313,1
25404,Mycobacterium_lehmannii,11473,11474,1
25405,Mycobacterium_lehmannii,11505,11512,7
25406,Mycobacterium_lehmannii,11513,11515,2
25407,Mycobacterium_lehmannii,11520,11521,1
25408,Mycobacterium_lehmannii,11523,11525,2
25409,Mycobacterium_lehmannii,11530,11538,8
25410,Mycobacterium_lehmannii,11566,11567,1
25411,Mycobacterium_lehmannii,11782,11783,1
25412,Mycobacterium_lehmannii,11823,11824,1
25413,Mycobacterium_lehmannii,11826,11827,1
25414,Mycobacterium_lehmannii,11831,11836,5
25415,Mycobacterium_lehmannii,11846,11850,4
25416,Mycobacterium_lehmannii,11851,11852,1
25417,Mycobacterium_lehmannii,11859,11860,1
25418,Mycobacterium_lehmannii,11864,11866,2
25419,Mycobacterium_lehmannii,11877,11878,1
25420,Mycobacterium_lehmannii,11993,11994,1
25421,Mycobacterium_lehmannii,12029,12030,1
25422,Mycobacterium_lehmannii,12068,12069,1
25423,Mycobacterium_lehmannii,12207,12208,1
25424,Mycobacterium_lehmannii,12211,12212,1
25425,Mycobacterium_lehmannii,12213,12214,1
25426,Mycobacterium_lehmannii,12218,12222,4
25427,Mycobacterium_lehmannii,12226,12227,1
25428,Mycobacterium_lehmannii,12237,12238,1
25429,Mycobacterium_lehmannii,12360,12369,9
25430,Mycobacterium_lehmannii,12371,12372,1
25431,Mycobacterium_lehmannii,12374,12375,1
25432,Mycobacterium_lehmannii,12378,12381,3
25433,Mycobacterium_lehmannii,12384,12390,6
25434,Mycobacterium_lehmannii,12391,12400,9
25435,Mycobacterium_lehmannii,12454,12455,1
25436,Mycobacterium_lehmannii,12739,12740,1
25437,Mycobacterium_lehmannii,12798,12925,127
25438,Mycobacterium_lehmannii,13453,13454,1
25439,Mycobacterium_lehmannii,13508,13509,1
25440,Mycobacterium_neglectum,1,10,9
25441,Mycobacterium_neglectum,21,39,18
25442,Mycobacterium_neglectum,43,46,3
25443,Mycobacterium_neglectum,54,107,53
25444,Mycobacterium_neglectum,117,132,15
25445,Mycobacterium_neglectum,133,136,3
25446,Mycobacterium_neglectum,346,349,3
25447,Mycobacterium_neglectum,1542,1545,3
25448,Mycobacterium_neglectum,1572,1604,32
25449,Mycobacterium_neglectum,1626,1650,24
25450,Mycobacterium_neglectum,1666,1675,9
25451,Mycobacterium_neglectum,3317,3361,44
25452,Mycobacterium_neglectum,3364,3365,1
25453,Mycobacterium_neglectum,3373,3374,1
25454,Mycobacterium_neglectum,3409,3478,69
25455,Mycobacterium_neglectum,3485,3491,6
25456,Mycobacterium_neglectum,3642,3645,3
25457,Mycobacterium_neglectum,3655,3667,12
25458,Mycobacterium_neglectum,3782,3788,6
25459,Mycobacterium_neglectum,4400,4406,6
25460,Mycobacterium_neglectum,4407,4413,6
25461,Mycobacterium_neglectum,4417,4426,9
25462,Mycobacterium_neglectum,4432,4445,13
25463,Mycobacterium_neglectum,4452,4455,3
25464,Mycobacterium_neglectum,4456,4462,6
25465,Mycobacterium_neglectum,4468,4474,6
25466,Mycobacterium_neglectum,4475,4481,6
25467,Mycobacterium_neglectum,4483,4486,3
25468,Mycobacterium_neglectum,4540,4552,12
25469,Mycobacterium_neglectum,4555,4564,9
25470,Mycobacterium_neglectum,4567,4573,6
25471,Mycobacterium_neglectum,4582,4585,3
25472,Mycobacterium_neglectum,5163,5169,6
25473,Mycobacterium_neglectum,5170,5179,9
25474,Mycobacterium_neglectum,5181,5190,9
25475,Mycobacterium_neglectum,5197,5199,2
25476,Mycobacterium_neglectum,5201,5204,3
25477,Mycobacterium_neglectum,5206,5214,8
25478,Mycobacterium_neglectum,5218,5230,12
25479,Mycobacterium_neglectum,5231,5241,10
25480,Mycobacterium_neglectum,5247,5253,6
25481,Mycobacterium_neglectum,5401,5402,1
25482,Mycobacterium_neglectum,6015,6016,1
25483,Mycobacterium_neglectum,6431,6467,36
25484,Mycobacterium_neglectum,6470,6494,24
25485,Mycobacterium_neglectum,7178,7254,76
25486,Mycobacterium_neglectum,7260,7268,8
25487,Mycobacterium_neglectum,7760,7763,3
25488,Mycobacterium_neglectum,8452,8500,48
25489,Mycobacterium_neglectum,8577,8578,1
25490,Mycobacterium_neglectum,8584,8599,15
25491,Mycobacterium_neglectum,8600,8604,4
25492,Mycobacterium_neglectum,8609,8610,1
25493,Mycobacterium_neglectum,8661,8662,1
25494,Mycobacterium_neglectum,8720,8721,1
25495,Mycobacterium_neglectum,8733,8735,2
25496,Mycobacterium_neglectum,8739,8742,3
25497,Mycobacterium_neglectum,8930,8931,1
25498,Mycobacterium_neglectum,8980,8982,2
25499,Mycobacterium_neglectum,8984,8998,14
25500,Mycobacterium_neglectum,9120,9121,1
25501,Mycobacterium_neglectum,9370,9372,2
25502,Mycobacterium_neglectum,9546,9547,1
25503,Mycobacterium_neglectum,9812,9813,1
25504,Mycobacterium_neglectum,9985,9986,1
25505,Mycobacterium_neglectum,10076,10078,2
25506,Mycobacterium_neglectum,10157,10158,1
25507,Mycobacterium_neglectum,10261,10262,1
25508,Mycobacterium_neglectum,10310,10312,2
25509,Mycobacterium_neglectum,10313,10315,2
25510,Mycobacterium_neglectum,10325,10326,1
25511,Mycobacterium_neglectum,10370,10371,1
25512,Mycobacterium_neglectum,10416,10417,1
25513,Mycobacterium_neglectum,10434,10435,1
25514,Mycobacterium_neglectum,10448,10449,1
25515,Mycobacterium_neglectum,10461,10462,1
25516,Mycobacterium_neglectum,10476,10477,1
25517,Mycobacterium_neglectum,10491,10492,1
25518,Mycobacterium_neglectum,10526,10527,1
25519,Mycobacterium_neglectum,10546,10649,103
25520,Mycobacterium_neglectum,10828,10830,2
25521,Mycobacterium_neglectum,10835,10836,1
25522,Mycobacterium_neglectum,10837,10843,6
25523,Mycobacterium_neglectum,10864,10865,1
25524,Mycobacterium_neglectum,10914,10915,1
25525,Mycobacterium_neglectum,10965,10966,1
25526,Mycobacterium_neglectum,10971,10975,4
25527,Mycobacterium_neglectum,11085,11086,1
25528,Mycobacterium_neglectum,11143,11144,1
25529,Mycobacterium_neglectum,11243,11244,1
25530,Mycobacterium_neglectum,11260,11261,1
25531,Mycobacterium_neglectum,11286,11287,1
25532,Mycobacterium_neglectum,11312,11313,1
25533,Mycobacterium_neglectum,11473,11474,1
25534,Mycobacterium_neglectum,11505,11512,7
25535,Mycobacterium_neglectum,11513,11514,1
25536,Mycobacterium_neglectum,11520,11521,1
25537,Mycobacterium_neglectum,11529,11542,13
25538,Mycobacterium_neglectum,11566,11567,1
25539,Mycobacterium_neglectum,11782,11783,1
25540,Mycobacterium_neglectum,11823,11824,1
25541,Mycobacterium_neglectum,11831,11836,5
25542,Mycobacterium_neglectum,11846,11850,4
25543,Mycobacterium_neglectum,11851,11852,1
25544,Mycobacterium_neglectum,11864,11866,2
25545,Mycobacterium_neglectum,11877,11878,1
25546,Mycobacterium_neglectum,11993,11994,1
25547,Mycobacterium_neglectum,12029,12030,1
25548,Mycobacterium_neglectum,12068,12069,1
25549,Mycobacterium_neglectum,12196,12197,1
25550,Mycobacterium_neglectum,12207,12208,1
25551,Mycobacterium_neglectum,12211,12212,1
25552,Mycobacterium_neglectum,12213,12214,1
25553,Mycobacterium_neglectum,12218,12222,4
25554,Mycobacterium_neglectum,12226,12227,1
25555,Mycobacterium_neglectum,12237,12238,1
25556,Mycobacterium_neglectum,12360,12369,9
25557,Mycobacterium_neglectum,12371,12372,1
25558,Mycobacterium_neglectum,12374,12375,1
25559,Mycobacterium_neglectum,12377,12382,5
25560,Mycobacterium_neglectum,12384,12390,6
25561,Mycobacterium_neglectum,12391,12400,9
25562,Mycobacterium_neglectum,12454,12455,1
25563,Mycobacterium_neglectum,12739,12740,1
25564,Mycobacterium_neglectum,12798,12925,127
25565,Mycobacterium_neglectum,13451,13452,1
25566,Mycobacterium_neglectum,13453,13454,1
25567,Mycobacterium_neglectum,13508,13509,1
25568,Mycobacterium_palauense,1,10,9
25569,Mycobacterium_palauense,21,39,18
25570,Mycobacterium_palauense,43,46,3
25571,Mycobacterium_palauense,51,107,56
25572,Mycobacterium_palauense,133,136,3
25573,Mycobacterium_palauense,346,349,3
25574,Mycobacterium_palauense,1542,1691,149
25575,Mycobacterium_palauense,3317,3361,44
25576,Mycobacterium_palauense,3364,3365,1
25577,Mycobacterium_palauense,3373,3374,1
25578,Mycobacterium_palauense,3409,3484,75
25579,Mycobacterium_palauense,3485,3491,6
25580,Mycobacterium_palauense,3642,3645,3
25581,Mycobacterium_palauense,3650,3653,3
25582,Mycobacterium_palauense,3655,3667,12
25583,Mycobacterium_palauense,3782,3788,6
25584,Mycobacterium_palauense,4400,4406,6
25585,Mycobacterium_palauense,4407,4425,18
25586,Mycobacterium_palauense,4432,4445,13
25587,Mycobacterium_palauense,4452,4455,3
25588,Mycobacterium_palauense,4456,4462,6
25589,Mycobacterium_palauense,4468,4474,6
25590,Mycobacterium_palauense,4483,4486,3
25591,Mycobacterium_palauense,4540,4552,12
25592,Mycobacterium_palauense,4555,4564,9
25593,Mycobacterium_palauense,4567,4573,6
25594,Mycobacterium_palauense,4582,4585,3
25595,Mycobacterium_palauense,5163,5169,6
25596,Mycobacterium_palauense,5170,5179,9
25597,Mycobacterium_palauense,5181,5190,9
25598,Mycobacterium_palauense,5197,5199,2
25599,Mycobacterium_palauense,5201,5204,3
25600,Mycobacterium_palauense,5206,5213,7
25601,Mycobacterium_palauense,5218,5230,12
25602,Mycobacterium_palauense,5231,5232,1
25603,Mycobacterium_palauense,5234,5241,7
25604,Mycobacterium_palauense,5247,5253,6
25605,Mycobacterium_palauense,5401,5402,1
25606,Mycobacterium_palauense,6015,6016,1
25607,Mycobacterium_palauense,6431,6452,21
25608,Mycobacterium_palauense,6456,6462,6
25609,Mycobacterium_palauense,6470,6494,24
25610,Mycobacterium_palauense,7178,7254,76
25611,Mycobacterium_palauense,7260,7268,8
25612,Mycobacterium_palauense,7760,7763,3
25613,Mycobacterium_palauense,8452,8500,48
25614,Mycobacterium_palauense,8577,8578,1
25615,Mycobacterium_palauense,8584,8599,15
25616,Mycobacterium_palauense,8600,8604,4
25617,Mycobacterium_palauense,8609,8610,1
25618,Mycobacterium_palauense,8661,8662,1
25619,Mycobacterium_palauense,8703,8704,1
25620,Mycobacterium_palauense,8720,8721,1
25621,Mycobacterium_palauense,8733,8735,2
25622,Mycobacterium_palauense,8739,8742,3
25623,Mycobacterium_palauense,8930,8931,1
25624,Mycobacterium_palauense,8980,8982,2
25625,Mycobacterium_palauense,8984,8998,14
25626,Mycobacterium_palauense,9120,9121,1
25627,Mycobacterium_palauense,9370,9372,2
25628,Mycobacterium_palauense,9546,9547,1
25629,Mycobacterium_palauense,9812,9813,1
25630,Mycobacterium_palauense,9983,9986,3
25631,Mycobacterium_palauense,10076,10078,2
25632,Mycobacterium_palauense,10157,10158,1
25633,Mycobacterium_palauense,10261,10262,1
25634,Mycobacterium_palauense,10310,10312,2
25635,Mycobacterium_palauense,10313,10315,2
25636,Mycobacterium_palauense,10325,10326,1
25637,Mycobacterium_palauense,10352,10353,1
25638,Mycobacterium_palauense,10370,10371,1
25639,Mycobacterium_palauense,10416,10417,1
25640,Mycobacterium_palauense,10434,10435,1
25641,Mycobacterium_palauense,10448,10449,1
25642,Mycobacterium_palauense,10461,10462,1
25643,Mycobacterium_palauense,10476,10477,1
25644,Mycobacterium_palauense,10491,10492,1
25645,Mycobacterium_palauense,10526,10527,1
25646,Mycobacterium_palauense,10546,10649,103
25647,Mycobacterium_palauense,10828,10830,2
25648,Mycobacterium_palauense,10835,10843,8
25649,Mycobacterium_palauense,10864,10865,1
25650,Mycobacterium_palauense,10914,10915,1
25651,Mycobacterium_palauense,10965,10966,1
25652,Mycobacterium_palauense,10969,10979,10
25653,Mycobacterium_palauense,11085,11086,1
25654,Mycobacterium_palauense,11143,11144,1
25655,Mycobacterium_palauense,11243,11244,1
25656,Mycobacterium_palauense,11260,11261,1
25657,Mycobacterium_palauense,11265,11267,2
25658,Mycobacterium_palauense,11286,11287,1
25659,Mycobacterium_palauense,11312,11313,1
25660,Mycobacterium_palauense,11473,11474,1
25661,Mycobacterium_palauense,11505,11512,7
25662,Mycobacterium_palauense,11513,11514,1
25663,Mycobacterium_palauense,11516,11535,19
25664,Mycobacterium_palauense,11566,11567,1
25665,Mycobacterium_palauense,11782,11783,1
25666,Mycobacterium_palauense,11823,11824,1
25667,Mycobacterium_palauense,11831,11836,5
25668,Mycobacterium_palauense,11846,11850,4
25669,Mycobacterium_palauense,11851,11852,1
25670,Mycobacterium_palauense,11859,11860,1
25671,Mycobacterium_palauense,11864,11865,1
25672,Mycobacterium_palauense,11877,11878,1
25673,Mycobacterium_palauense,11993,11995,2
25674,Mycobacterium_palauense,12029,12030,1
25675,Mycobacterium_palauense,12068,12069,1
25676,Mycobacterium_palauense,12196,12197,1
25677,Mycobacterium_palauense,12207,12208,1
25678,Mycobacterium_palauense,12211,12212,1
25679,Mycobacterium_palauense,12213,12214,1
25680,Mycobacterium_palauense,12218,12222,4
25681,Mycobacterium_palauense,12226,12227,1
25682,Mycobacterium_palauense,12237,12238,1
25683,Mycobacterium_palauense,12360,12369,9
25684,Mycobacterium_palauense,12371,12372,1
25685,Mycobacterium_palauense,12374,12380,6
25686,Mycobacterium_palauense,12384,12390,6
25687,Mycobacterium_palauense,12391,12400,9
25688,Mycobacterium_palauense,12454,12455,1
25689,Mycobacterium_palauense,12739,12740,1
25690,Mycobacterium_palauense,12798,12925,127
25691,Mycobacterium_palauense,13451,13452,1
25692,Mycobacterium_palauense,13453,13454,1
25693,Mycobacterium_palauense,13508,13509,1
25694,Mycolicibacter_engbaekii,1,10,9
25695,Mycolicibacter_engbaekii,21,39,18
25696,Mycolicibacter_engbaekii,43,46,3
25697,Mycolicibacter_engbaekii,59,136,77
25698,Mycolicibacter_engbaekii,346,349,3
25699,Mycolicibacter_engbaekii,1542,1691,149
25700,Mycolicibacter_engbaekii,3317,3361,44
25701,Mycolicibacter_engbaekii,3364,3365,1
25702,Mycolicibacter_engbaekii,3373,3374,1
25703,Mycolicibacter_engbaekii,3414,3420,6
25704,Mycolicibacter_engbaekii,3424,3460,36
25705,Mycolicibacter_engbaekii,3473,3479,6
25706,Mycolicibacter_engbaekii,3485,3491,6
25707,Mycolicibacter_engbaekii,3650,3653,3
25708,Mycolicibacter_engbaekii,3657,3672,15
25709,Mycolicibacter_engbaekii,3782,3788,6
25710,Mycolicibacter_engbaekii,4400,4406,6
25711,Mycolicibacter_engbaekii,4407,4413,6
25712,Mycolicibacter_engbaekii,4422,4426,4
25713,Mycolicibacter_engbaekii,4432,4438,6
25714,Mycolicibacter_engbaekii,4452,4455,3
25715,Mycolicibacter_engbaekii,4456,4486,30
25716,Mycolicibacter_engbaekii,4555,4564,9
25717,Mycolicibacter_engbaekii,4567,4573,6
25718,Mycolicibacter_engbaekii,5163,5169,6
25719,Mycolicibacter_engbaekii,5170,5179,9
25720,Mycolicibacter_engbaekii,5181,5190,9
25721,Mycolicibacter_engbaekii,5197,5199,2
25722,Mycolicibacter_engbaekii,5201,5204,3
25723,Mycolicibacter_engbaekii,5206,5214,8
25724,Mycolicibacter_engbaekii,5218,5230,12
25725,Mycolicibacter_engbaekii,5231,5241,10
25726,Mycolicibacter_engbaekii,5247,5253,6
25727,Mycolicibacter_engbaekii,5401,5402,1
25728,Mycolicibacter_engbaekii,6015,6016,1
25729,Mycolicibacter_engbaekii,6431,6452,21
25730,Mycolicibacter_engbaekii,6456,6462,6
25731,Mycolicibacter_engbaekii,6470,6494,24
25732,Mycolicibacter_engbaekii,7178,7254,76
25733,Mycolicibacter_engbaekii,7260,7268,8
25734,Mycolicibacter_engbaekii,7760,7763,3
25735,Mycolicibacter_engbaekii,8452,8500,48
25736,Mycolicibacter_engbaekii,8577,8578,1
25737,Mycolicibacter_engbaekii,8584,8599,15
25738,Mycolicibacter_engbaekii,8601,8603,2
25739,Mycolicibacter_engbaekii,8609,8610,1
25740,Mycolicibacter_engbaekii,8661,8662,1
25741,Mycolicibacter_engbaekii,8703,8704,1
25742,Mycolicibacter_engbaekii,8720,8721,1
25743,Mycolicibacter_engbaekii,8733,8735,2
25744,Mycolicibacter_engbaekii,8739,8742,3
25745,Mycolicibacter_engbaekii,8930,8931,1
25746,Mycolicibacter_engbaekii,8980,8982,2
25747,Mycolicibacter_engbaekii,9120,9121,1
25748,Mycolicibacter_engbaekii,9546,9547,1
25749,Mycolicibacter_engbaekii,9812,9814,2
25750,Mycolicibacter_engbaekii,9982,9984,2
25751,Mycolicibacter_engbaekii,9985,9986,1
25752,Mycolicibacter_engbaekii,10076,10078,2
25753,Mycolicibacter_engbaekii,10157,10158,1
25754,Mycolicibacter_engbaekii,10311,10312,1
25755,Mycolicibacter_engbaekii,10313,10315,2
25756,Mycolicibacter_engbaekii,10325,10326,1
25757,Mycolicibacter_engbaekii,10352,10353,1
25758,Mycolicibacter_engbaekii,10370,10371,1
25759,Mycolicibacter_engbaekii,10416,10417,1
25760,Mycolicibacter_engbaekii,10434,10435,1
25761,Mycolicibacter_engbaekii,10448,10449,1
25762,Mycolicibacter_engbaekii,10476,10477,1
25763,Mycolicibacter_engbaekii,10491,10492,1
25764,Mycolicibacter_engbaekii,10526,10527,1
25765,Mycolicibacter_engbaekii,10546,10649,103
25766,Mycolicibacter_engbaekii,10828,10830,2
25767,Mycolicibacter_engbaekii,10834,10843,9
25768,Mycolicibacter_engbaekii,10864,10865,1
25769,Mycolicibacter_engbaekii,10914,10915,1
25770,Mycolicibacter_engbaekii,10965,10966,1
25771,Mycolicibacter_engbaekii,10971,10975,4
25772,Mycolicibacter_engbaekii,11085,11086,1
25773,Mycolicibacter_engbaekii,11143,11144,1
25774,Mycolicibacter_engbaekii,11243,11244,1
25775,Mycolicibacter_engbaekii,11260,11261,1
25776,Mycolicibacter_engbaekii,11265,11267,2
25777,Mycolicibacter_engbaekii,11286,11287,1
25778,Mycolicibacter_engbaekii,11312,11313,1
25779,Mycolicibacter_engbaekii,11473,11474,1
25780,Mycolicibacter_engbaekii,11505,11512,7
25781,Mycolicibacter_engbaekii,11513,11514,1
25782,Mycolicibacter_engbaekii,11515,11533,18
25783,Mycolicibacter_engbaekii,11537,11538,1
25784,Mycolicibacter_engbaekii,11566,11567,1
25785,Mycolicibacter_engbaekii,11782,11783,1
25786,Mycolicibacter_engbaekii,11823,11824,1
25787,Mycolicibacter_engbaekii,11826,11827,1
25788,Mycolicibacter_engbaekii,11831,11836,5
25789,Mycolicibacter_engbaekii,11847,11852,5
25790,Mycolicibacter_engbaekii,11859,11860,1
25791,Mycolicibacter_engbaekii,11864,11866,2
25792,Mycolicibacter_engbaekii,11877,11878,1
25793,Mycolicibacter_engbaekii,11993,11994,1
25794,Mycolicibacter_engbaekii,12029,12030,1
25795,Mycolicibacter_engbaekii,12068,12069,1
25796,Mycolicibacter_engbaekii,12207,12208,1
25797,Mycolicibacter_engbaekii,12211,12212,1
25798,Mycolicibacter_engbaekii,12213,12214,1
25799,Mycolicibacter_engbaekii,12218,12222,4
25800,Mycolicibacter_engbaekii,12226,12227,1
25801,Mycolicibacter_engbaekii,12237,12238,1
25802,Mycolicibacter_engbaekii,12360,12369,9
25803,Mycolicibacter_engbaekii,12371,12372,1
25804,Mycolicibacter_engbaekii,12374,12375,1
25805,Mycolicibacter_engbaekii,12377,12382,5
25806,Mycolicibacter_engbaekii,12384,12390,6
25807,Mycolicibacter_engbaekii,12391,12400,9
25808,Mycolicibacter_engbaekii,12454,12455,1
25809,Mycolicibacter_engbaekii,12739,12740,1
25810,Mycolicibacter_engbaekii,12798,12925,127
25811,Mycolicibacter_engbaekii,13451,13452,1
25812,Mycolicibacter_engbaekii,13453,13454,1
25813,Mycolicibacter_engbaekii,13508,13509,1
25814,Mycolicibacter_nonchromogenicus,1,10,9
25815,Mycolicibacter_nonchromogenicus,21,39,18
25816,Mycolicibacter_nonchromogenicus,43,46,3
25817,Mycolicibacter_nonchromogenicus,59,136,77
25818,Mycolicibacter_nonchromogenicus,346,349,3
25819,Mycolicibacter_nonchromogenicus,1542,1691,149
25820,Mycolicibacter_nonchromogenicus,3317,3361,44
25821,Mycolicibacter_nonchromogenicus,3364,3365,1
25822,Mycolicibacter_nonchromogenicus,3373,3374,1
25823,Mycolicibacter_nonchromogenicus,3414,3420,6
25824,Mycolicibacter_nonchromogenicus,3424,3460,36
25825,Mycolicibacter_nonchromogenicus,3473,3479,6
25826,Mycolicibacter_nonchromogenicus,3485,3491,6
25827,Mycolicibacter_nonchromogenicus,3650,3653,3
25828,Mycolicibacter_nonchromogenicus,3657,3672,15
25829,Mycolicibacter_nonchromogenicus,3782,3788,6
25830,Mycolicibacter_nonchromogenicus,4400,4406,6
25831,Mycolicibacter_nonchromogenicus,4407,4413,6
25832,Mycolicibacter_nonchromogenicus,4422,4426,4
25833,Mycolicibacter_nonchromogenicus,4432,4438,6
25834,Mycolicibacter_nonchromogenicus,4452,4455,3
25835,Mycolicibacter_nonchromogenicus,4456,4486,30
25836,Mycolicibacter_nonchromogenicus,4555,4564,9
25837,Mycolicibacter_nonchromogenicus,4567,4573,6
25838,Mycolicibacter_nonchromogenicus,5163,5169,6
25839,Mycolicibacter_nonchromogenicus,5170,5179,9
25840,Mycolicibacter_nonchromogenicus,5181,5190,9
25841,Mycolicibacter_nonchromogenicus,5197,5199,2
25842,Mycolicibacter_nonchromogenicus,5201,5204,3
25843,Mycolicibacter_nonchromogenicus,5206,5214,8
25844,Mycolicibacter_nonchromogenicus,5218,5230,12
25845,Mycolicibacter_nonchromogenicus,5231,5241,10
25846,Mycolicibacter_nonchromogenicus,5247,5253,6
25847,Mycolicibacter_nonchromogenicus,5401,5402,1
25848,Mycolicibacter_nonchromogenicus,6015,6016,1
25849,Mycolicibacter_nonchromogenicus,6431,6452,21
25850,Mycolicibacter_nonchromogenicus,6456,6462,6
25851,Mycolicibacter_nonchromogenicus,6470,6494,24
25852,Mycolicibacter_nonchromogenicus,7178,7254,76
25853,Mycolicibacter_nonchromogenicus,7260,7268,8
25854,Mycolicibacter_nonchromogenicus,7760,7763,3
25855,Mycolicibacter_nonchromogenicus,8452,8500,48
25856,Mycolicibacter_nonchromogenicus,8577,8578,1
25857,Mycolicibacter_nonchromogenicus,8584,8599,15
25858,Mycolicibacter_nonchromogenicus,8601,8603,2
25859,Mycolicibacter_nonchromogenicus,8609,8610,1
25860,Mycolicibacter_nonchromogenicus,8661,8662,1
25861,Mycolicibacter_nonchromogenicus,8703,8704,1
25862,Mycolicibacter_nonchromogenicus,8720,8721,1
25863,Mycolicibacter_nonchromogenicus,8733,8735,2
25864,Mycolicibacter_nonchromogenicus,8739,8742,3
25865,Mycolicibacter_nonchromogenicus,8930,8931,1
25866,Mycolicibacter_nonchromogenicus,8980,8982,2
25867,Mycolicibacter_nonchromogenicus,9120,9121,1
25868,Mycolicibacter_nonchromogenicus,9546,9547,1
25869,Mycolicibacter_nonchromogenicus,9812,9814,2
25870,Mycolicibacter_nonchromogenicus,9982,9984,2
25871,Mycolicibacter_nonchromogenicus,9985,9986,1
25872,Mycolicibacter_nonchromogenicus,10076,10078,2
25873,Mycolicibacter_nonchromogenicus,10157,10158,1
25874,Mycolicibacter_nonchromogenicus,10311,10312,1
25875,Mycolicibacter_nonchromogenicus,10313,10315,2
25876,Mycolicibacter_nonchromogenicus,10325,10326,1
25877,Mycolicibacter_nonchromogenicus,10370,10371,1
25878,Mycolicibacter_nonchromogenicus,10416,10417,1
25879,Mycolicibacter_nonchromogenicus,10434,10435,1
25880,Mycolicibacter_nonchromogenicus,10448,10449,1
25881,Mycolicibacter_nonchromogenicus,10476,10477,1
25882,Mycolicibacter_nonchromogenicus,10491,10492,1
25883,Mycolicibacter_nonchromogenicus,10526,10527,1
25884,Mycolicibacter_nonchromogenicus,10546,10649,103
25885,Mycolicibacter_nonchromogenicus,10828,10830,2
25886,Mycolicibacter_nonchromogenicus,10834,10843,9
25887,Mycolicibacter_nonchromogenicus,10864,10865,1
25888,Mycolicibacter_nonchromogenicus,10914,10915,1
25889,Mycolicibacter_nonchromogenicus,10965,10966,1
25890,Mycolicibacter_nonchromogenicus,10971,10975,4
25891,Mycolicibacter_nonchromogenicus,11085,11086,1
25892,Mycolicibacter_nonchromogenicus,11143,11144,1
25893,Mycolicibacter_nonchromogenicus,11243,11244,1
25894,Mycolicibacter_nonchromogenicus,11260,11261,1
25895,Mycolicibacter_nonchromogenicus,11265,11267,2
25896,Mycolicibacter_nonchromogenicus,11286,11287,1
25897,Mycolicibacter_nonchromogenicus,11312,11313,1
25898,Mycolicibacter_nonchromogenicus,11473,11474,1
25899,Mycolicibacter_nonchromogenicus,11505,11512,7
25900,Mycolicibacter_nonchromogenicus,11513,11514,1
25901,Mycolicibacter_nonchromogenicus,11515,11533,18
25902,Mycolicibacter_nonchromogenicus,11537,11538,1
25903,Mycolicibacter_nonchromogenicus,11566,11567,1
25904,Mycolicibacter_nonchromogenicus,11782,11783,1
25905,Mycolicibacter_nonchromogenicus,11823,11824,1
25906,Mycolicibacter_nonchromogenicus,11826,11827,1
25907,Mycolicibacter_nonchromogenicus,11831,11836,5
25908,Mycolicibacter_nonchromogenicus,11847,11852,5
25909,Mycolicibacter_nonchromogenicus,11859,11860,1
25910,Mycolicibacter_nonchromogenicus,11864,11866,2
25911,Mycolicibacter_nonchromogenicus,11877,11878,1
25912,Mycolicibacter_nonchromogenicus,12029,12030,1
25913,Mycolicibacter_nonchromogenicus,12068,12069,1
25914,Mycolicibacter_nonchromogenicus,12207,12208,1
25915,Mycolicibacter_nonchromogenicus,12211,12212,1
25916,Mycolicibacter_nonchromogenicus,12213,12214,1
25917,Mycolicibacter_nonchromogenicus,12218,12222,4
25918,Mycolicibacter_nonchromogenicus,12226,12227,1
25919,Mycolicibacter_nonchromogenicus,12237,12238,1
25920,Mycolicibacter_nonchromogenicus,12360,12369,9
25921,Mycolicibacter_nonchromogenicus,12371,12372,1
25922,Mycolicibacter_nonchromogenicus,12374,12375,1
25923,Mycolicibacter_nonchromogenicus,12377,12382,5
25924,Mycolicibacter_nonchromogenicus,12384,12390,6
25925,Mycolicibacter_nonchromogenicus,12391,12400,9
25926,Mycolicibacter_nonchromogenicus,12454,12455,1
25927,Mycolicibacter_nonchromogenicus,12739,12740,1
25928,Mycolicibacter_nonchromogenicus,12798,12925,127
25929,Mycolicibacter_nonchromogenicus,13451,13452,1
25930,Mycolicibacter_nonchromogenicus,13453,13454,1
25931,Mycolicibacter_nonchromogenicus,13508,13509,1
25932,Mycobacterium_arosiense,1,10,9
25933,Mycobacterium_arosiense,21,39,18
25934,Mycobacterium_arosiense,43,46,3
25935,Mycobacterium_arosiense,53,80,27
25936,Mycobacterium_arosiense,87,107,20
25937,Mycobacterium_arosiense,117,132,15
25938,Mycobacterium_arosiense,133,136,3
25939,Mycobacterium_arosiense,346,349,3
25940,Mycobacterium_arosiense,1542,1583,41
25941,Mycobacterium_arosiense,1587,1676,89
25942,Mycobacterium_arosiense,1678,1691,13
25943,Mycobacterium_arosiense,3317,3381,64
25944,Mycobacterium_arosiense,3414,3420,6
25945,Mycobacterium_arosiense,3424,3460,36
25946,Mycobacterium_arosiense,3476,3479,3
25947,Mycobacterium_arosiense,3485,3491,6
25948,Mycobacterium_arosiense,3642,3645,3
25949,Mycobacterium_arosiense,3650,3653,3
25950,Mycobacterium_arosiense,3660,3672,12
25951,Mycobacterium_arosiense,3782,3788,6
25952,Mycobacterium_arosiense,4400,4406,6
25953,Mycobacterium_arosiense,4407,4413,6
25954,Mycobacterium_arosiense,4417,4426,9
25955,Mycobacterium_arosiense,4432,4445,13
25956,Mycobacterium_arosiense,4452,4455,3
25957,Mycobacterium_arosiense,4456,4462,6
25958,Mycobacterium_arosiense,4468,4480,12
25959,Mycobacterium_arosiense,4483,4486,3
25960,Mycobacterium_arosiense,4540,4552,12
25961,Mycobacterium_arosiense,4555,4564,9
25962,Mycobacterium_arosiense,4567,4573,6
25963,Mycobacterium_arosiense,4581,4584,3
25964,Mycobacterium_arosiense,5163,5169,6
25965,Mycobacterium_arosiense,5170,5179,9
25966,Mycobacterium_arosiense,5181,5190,9
25967,Mycobacterium_arosiense,5197,5199,2
25968,Mycobacterium_arosiense,5201,5204,3
25969,Mycobacterium_arosiense,5206,5214,8
25970,Mycobacterium_arosiense,5218,5230,12
25971,Mycobacterium_arosiense,5231,5241,10
25972,Mycobacterium_arosiense,5247,5253,6
25973,Mycobacterium_arosiense,5401,5402,1
25974,Mycobacterium_arosiense,6015,6016,1
25975,Mycobacterium_arosiense,6428,6464,36
25976,Mycobacterium_arosiense,6470,6494,24
25977,Mycobacterium_arosiense,7178,7254,76
25978,Mycobacterium_arosiense,7260,7268,8
25979,Mycobacterium_arosiense,7760,7763,3
25980,Mycobacterium_arosiense,8452,8500,48
25981,Mycobacterium_arosiense,8577,8578,1
25982,Mycobacterium_arosiense,8584,8599,15
25983,Mycobacterium_arosiense,8601,8603,2
25984,Mycobacterium_arosiense,8609,8610,1
25985,Mycobacterium_arosiense,8661,8662,1
25986,Mycobacterium_arosiense,8703,8704,1
25987,Mycobacterium_arosiense,8720,8721,1
25988,Mycobacterium_arosiense,8733,8735,2
25989,Mycobacterium_arosiense,8739,8742,3
25990,Mycobacterium_arosiense,8930,8931,1
25991,Mycobacterium_arosiense,8980,8982,2
25992,Mycobacterium_arosiense,8996,8998,2
25993,Mycobacterium_arosiense,9120,9121,1
25994,Mycobacterium_arosiense,9370,9372,2
25995,Mycobacterium_arosiense,9546,9547,1
25996,Mycobacterium_arosiense,9812,9813,1
25997,Mycobacterium_arosiense,9982,9986,4
25998,Mycobacterium_arosiense,10076,10078,2
25999,Mycobacterium_arosiense,10157,10158,1
26000,Mycobacterium_arosiense,10261,10262,1
26001,Mycobacterium_arosiense,10310,10312,2
26002,Mycobacterium_arosiense,10313,10315,2
26003,Mycobacterium_arosiense,10325,10326,1
26004,Mycobacterium_arosiense,10352,10353,1
26005,Mycobacterium_arosiense,10370,10371,1
26006,Mycobacterium_arosiense,10434,10435,1
26007,Mycobacterium_arosiense,10448,10449,1
26008,Mycobacterium_arosiense,10476,10477,1
26009,Mycobacterium_arosiense,10491,10492,1
26010,Mycobacterium_arosiense,10526,10527,1
26011,Mycobacterium_arosiense,10546,10649,103
26012,Mycobacterium_arosiense,10828,10830,2
26013,Mycobacterium_arosiense,10832,10846,14
26014,Mycobacterium_arosiense,10864,10865,1
26015,Mycobacterium_arosiense,10914,10915,1
26016,Mycobacterium_arosiense,10965,10977,12
26017,Mycobacterium_arosiense,11085,11086,1
26018,Mycobacterium_arosiense,11143,11144,1
26019,Mycobacterium_arosiense,11243,11244,1
26020,Mycobacterium_arosiense,11260,11261,1
26021,Mycobacterium_arosiense,11262,11263,1
26022,Mycobacterium_arosiense,11265,11267,2
26023,Mycobacterium_arosiense,11286,11287,1
26024,Mycobacterium_arosiense,11312,11313,1
26025,Mycobacterium_arosiense,11473,11474,1
26026,Mycobacterium_arosiense,11505,11511,6
26027,Mycobacterium_arosiense,11513,11514,1
26028,Mycobacterium_arosiense,11520,11521,1
26029,Mycobacterium_arosiense,11523,11533,10
26030,Mycobacterium_arosiense,11566,11567,1
26031,Mycobacterium_arosiense,11590,11591,1
26032,Mycobacterium_arosiense,11782,11783,1
26033,Mycobacterium_arosiense,11823,11824,1
26034,Mycobacterium_arosiense,11826,11827,1
26035,Mycobacterium_arosiense,11831,11836,5
26036,Mycobacterium_arosiense,11848,11850,2
26037,Mycobacterium_arosiense,11851,11852,1
26038,Mycobacterium_arosiense,11859,11860,1
26039,Mycobacterium_arosiense,11864,11866,2
26040,Mycobacterium_arosiense,11877,11878,1
26041,Mycobacterium_arosiense,11993,11994,1
26042,Mycobacterium_arosiense,12029,12030,1
26043,Mycobacterium_arosiense,12068,12069,1
26044,Mycobacterium_arosiense,12207,12208,1
26045,Mycobacterium_arosiense,12211,12212,1
26046,Mycobacterium_arosiense,12213,12214,1
26047,Mycobacterium_arosiense,12218,12222,4
26048,Mycobacterium_arosiense,12225,12227,2
26049,Mycobacterium_arosiense,12237,12238,1
26050,Mycobacterium_arosiense,12360,12369,9
26051,Mycobacterium_arosiense,12371,12380,9
26052,Mycobacterium_arosiense,12384,12390,6
26053,Mycobacterium_arosiense,12391,12400,9
26054,Mycobacterium_arosiense,12454,12455,1
26055,Mycobacterium_arosiense,12738,12740,2
26056,Mycobacterium_arosiense,12798,12925,127
26057,Mycobacterium_arosiense,13451,13452,1
26058,Mycobacterium_arosiense,13453,13454,1
26059,Mycobacterium_arosiense,13508,13509,1
26060,Mycobacterium_scrofulaceum,1,10,9
26061,Mycobacterium_scrofulaceum,21,39,18
26062,Mycobacterium_scrofulaceum,43,46,3
26063,Mycobacterium_scrofulaceum,62,71,9
26064,Mycobacterium_scrofulaceum,87,107,20
26065,Mycobacterium_scrofulaceum,117,132,15
26066,Mycobacterium_scrofulaceum,133,136,3
26067,Mycobacterium_scrofulaceum,346,349,3
26068,Mycobacterium_scrofulaceum,1542,1583,41
26069,Mycobacterium_scrofulaceum,1587,1676,89
26070,Mycobacterium_scrofulaceum,1678,1691,13
26071,Mycobacterium_scrofulaceum,3317,3381,64
26072,Mycobacterium_scrofulaceum,3414,3420,6
26073,Mycobacterium_scrofulaceum,3424,3460,36
26074,Mycobacterium_scrofulaceum,3476,3479,3
26075,Mycobacterium_scrofulaceum,3485,3491,6
26076,Mycobacterium_scrofulaceum,3642,3645,3
26077,Mycobacterium_scrofulaceum,3650,3653,3
26078,Mycobacterium_scrofulaceum,3655,3667,12
26079,Mycobacterium_scrofulaceum,3782,3788,6
26080,Mycobacterium_scrofulaceum,4400,4406,6
26081,Mycobacterium_scrofulaceum,4407,4413,6
26082,Mycobacterium_scrofulaceum,4417,4426,9
26083,Mycobacterium_scrofulaceum,4432,4445,13
26084,Mycobacterium_scrofulaceum,4452,4455,3
26085,Mycobacterium_scrofulaceum,4456,4462,6
26086,Mycobacterium_scrofulaceum,4468,4480,12
26087,Mycobacterium_scrofulaceum,4483,4486,3
26088,Mycobacterium_scrofulaceum,4555,4564,9
26089,Mycobacterium_scrofulaceum,4567,4573,6
26090,Mycobacterium_scrofulaceum,5163,5169,6
26091,Mycobacterium_scrofulaceum,5170,5179,9
26092,Mycobacterium_scrofulaceum,5181,5190,9
26093,Mycobacterium_scrofulaceum,5197,5199,2
26094,Mycobacterium_scrofulaceum,5201,5204,3
26095,Mycobacterium_scrofulaceum,5206,5214,8
26096,Mycobacterium_scrofulaceum,5218,5230,12
26097,Mycobacterium_scrofulaceum,5231,5241,10
26098,Mycobacterium_scrofulaceum,5247,5253,6
26099,Mycobacterium_scrofulaceum,5401,5402,1
26100,Mycobacterium_scrofulaceum,6015,6016,1
26101,Mycobacterium_scrofulaceum,6431,6452,21
26102,Mycobacterium_scrofulaceum,6456,6462,6
26103,Mycobacterium_scrofulaceum,6470,6494,24
26104,Mycobacterium_scrofulaceum,7178,7254,76
26105,Mycobacterium_scrofulaceum,7260,7268,8
26106,Mycobacterium_scrofulaceum,7760,7763,3
26107,Mycobacterium_scrofulaceum,8452,8500,48
26108,Mycobacterium_scrofulaceum,8577,8578,1
26109,Mycobacterium_scrofulaceum,8584,8599,15
26110,Mycobacterium_scrofulaceum,8601,8603,2
26111,Mycobacterium_scrofulaceum,8609,8610,1
26112,Mycobacterium_scrofulaceum,8661,8662,1
26113,Mycobacterium_scrofulaceum,8703,8704,1
26114,Mycobacterium_scrofulaceum,8720,8721,1
26115,Mycobacterium_scrofulaceum,8733,8735,2
26116,Mycobacterium_scrofulaceum,8739,8742,3
26117,Mycobacterium_scrofulaceum,8930,8931,1
26118,Mycobacterium_scrofulaceum,8980,8982,2
26119,Mycobacterium_scrofulaceum,8985,8988,3
26120,Mycobacterium_scrofulaceum,8996,8998,2
26121,Mycobacterium_scrofulaceum,9120,9121,1
26122,Mycobacterium_scrofulaceum,9370,9372,2
26123,Mycobacterium_scrofulaceum,9546,9547,1
26124,Mycobacterium_scrofulaceum,9812,9813,1
26125,Mycobacterium_scrofulaceum,9980,9981,1
26126,Mycobacterium_scrofulaceum,9983,9986,3
26127,Mycobacterium_scrofulaceum,10076,10078,2
26128,Mycobacterium_scrofulaceum,10157,10158,1
26129,Mycobacterium_scrofulaceum,10261,10262,1
26130,Mycobacterium_scrofulaceum,10310,10312,2
26131,Mycobacterium_scrofulaceum,10313,10315,2
26132,Mycobacterium_scrofulaceum,10325,10326,1
26133,Mycobacterium_scrofulaceum,10352,10353,1
26134,Mycobacterium_scrofulaceum,10370,10371,1
26135,Mycobacterium_scrofulaceum,10434,10435,1
26136,Mycobacterium_scrofulaceum,10448,10449,1
26137,Mycobacterium_scrofulaceum,10476,10477,1
26138,Mycobacterium_scrofulaceum,10491,10492,1
26139,Mycobacterium_scrofulaceum,10526,10527,1
26140,Mycobacterium_scrofulaceum,10546,10649,103
26141,Mycobacterium_scrofulaceum,10828,10830,2
26142,Mycobacterium_scrofulaceum,10832,10846,14
26143,Mycobacterium_scrofulaceum,10864,10865,1
26144,Mycobacterium_scrofulaceum,10914,10915,1
26145,Mycobacterium_scrofulaceum,10965,10977,12
26146,Mycobacterium_scrofulaceum,11085,11086,1
26147,Mycobacterium_scrofulaceum,11143,11144,1
26148,Mycobacterium_scrofulaceum,11243,11244,1
26149,Mycobacterium_scrofulaceum,11260,11261,1
26150,Mycobacterium_scrofulaceum,11262,11263,1
26151,Mycobacterium_scrofulaceum,11265,11267,2
26152,Mycobacterium_scrofulaceum,11286,11287,1
26153,Mycobacterium_scrofulaceum,11312,11313,1
26154,Mycobacterium_scrofulaceum,11473,11474,1
26155,Mycobacterium_scrofulaceum,11505,11534,29
26156,Mycobacterium_scrofulaceum,11566,11567,1
26157,Mycobacterium_scrofulaceum,11590,11591,1
26158,Mycobacterium_scrofulaceum,11782,11783,1
26159,Mycobacterium_scrofulaceum,11823,11824,1
26160,Mycobacterium_scrofulaceum,11826,11827,1
26161,Mycobacterium_scrofulaceum,11831,11836,5
26162,Mycobacterium_scrofulaceum,11848,11850,2
26163,Mycobacterium_scrofulaceum,11851,11852,1
26164,Mycobacterium_scrofulaceum,11859,11860,1
26165,Mycobacterium_scrofulaceum,11864,11866,2
26166,Mycobacterium_scrofulaceum,11877,11878,1
26167,Mycobacterium_scrofulaceum,11993,11994,1
26168,Mycobacterium_scrofulaceum,12029,12030,1
26169,Mycobacterium_scrofulaceum,12068,12069,1
26170,Mycobacterium_scrofulaceum,12207,12208,1
26171,Mycobacterium_scrofulaceum,12211,12212,1
26172,Mycobacterium_scrofulaceum,12213,12214,1
26173,Mycobacterium_scrofulaceum,12218,12222,4
26174,Mycobacterium_scrofulaceum,12225,12227,2
26175,Mycobacterium_scrofulaceum,12237,12238,1
26176,Mycobacterium_scrofulaceum,12360,12369,9
26177,Mycobacterium_scrofulaceum,12371,12380,9
26178,Mycobacterium_scrofulaceum,12384,12390,6
26179,Mycobacterium_scrofulaceum,12391,12400,9
26180,Mycobacterium_scrofulaceum,12454,12455,1
26181,Mycobacterium_scrofulaceum,12738,12740,2
26182,Mycobacterium_scrofulaceum,12798,12925,127
26183,Mycobacterium_scrofulaceum,13451,13452,1
26184,Mycobacterium_scrofulaceum,13453,13454,1
26185,Mycobacterium_scrofulaceum,13508,13509,1
26186,Mycobacterium_gastri,1,10,9
26187,Mycobacterium_gastri,21,39,18
26188,Mycobacterium_gastri,43,46,3
26189,Mycobacterium_gastri,53,71,18
26190,Mycobacterium_gastri,87,107,20
26191,Mycobacterium_gastri,117,132,15
26192,Mycobacterium_gastri,133,136,3
26193,Mycobacterium_gastri,346,349,3
26194,Mycobacterium_gastri,1542,1691,149
26195,Mycobacterium_gastri,3284,3287,3
26196,Mycobacterium_gastri,3317,3381,64
26197,Mycobacterium_gastri,3418,3420,2
26198,Mycobacterium_gastri,3424,3458,34
26199,Mycobacterium_gastri,3473,3479,6
26200,Mycobacterium_gastri,3485,3491,6
26201,Mycobacterium_gastri,3642,3645,3
26202,Mycobacterium_gastri,3650,3653,3
26203,Mycobacterium_gastri,3655,3667,12
26204,Mycobacterium_gastri,3782,3788,6
26205,Mycobacterium_gastri,4400,4406,6
26206,Mycobacterium_gastri,4407,4413,6
26207,Mycobacterium_gastri,4417,4426,9
26208,Mycobacterium_gastri,4432,4445,13
26209,Mycobacterium_gastri,4452,4455,3
26210,Mycobacterium_gastri,4456,4462,6
26211,Mycobacterium_gastri,4468,4480,12
26212,Mycobacterium_gastri,4483,4486,3
26213,Mycobacterium_gastri,4555,4564,9
26214,Mycobacterium_gastri,4567,4573,6
26215,Mycobacterium_gastri,5163,5169,6
26216,Mycobacterium_gastri,5170,5179,9
26217,Mycobacterium_gastri,5181,5190,9
26218,Mycobacterium_gastri,5197,5199,2
26219,Mycobacterium_gastri,5201,5204,3
26220,Mycobacterium_gastri,5206,5214,8
26221,Mycobacterium_gastri,5218,5230,12
26222,Mycobacterium_gastri,5231,5241,10
26223,Mycobacterium_gastri,5247,5253,6
26224,Mycobacterium_gastri,5401,5402,1
26225,Mycobacterium_gastri,6015,6016,1
26226,Mycobacterium_gastri,6431,6467,36
26227,Mycobacterium_gastri,6470,6494,24
26228,Mycobacterium_gastri,7178,7254,76
26229,Mycobacterium_gastri,7260,7268,8
26230,Mycobacterium_gastri,7760,7763,3
26231,Mycobacterium_gastri,8452,8500,48
26232,Mycobacterium_gastri,8577,8578,1
26233,Mycobacterium_gastri,8584,8599,15
26234,Mycobacterium_gastri,8601,8603,2
26235,Mycobacterium_gastri,8609,8610,1
26236,Mycobacterium_gastri,8661,8662,1
26237,Mycobacterium_gastri,8703,8704,1
26238,Mycobacterium_gastri,8720,8721,1
26239,Mycobacterium_gastri,8733,8735,2
26240,Mycobacterium_gastri,8739,8742,3
26241,Mycobacterium_gastri,8930,8931,1
26242,Mycobacterium_gastri,8980,8982,2
26243,Mycobacterium_gastri,8996,8998,2
26244,Mycobacterium_gastri,9120,9121,1
26245,Mycobacterium_gastri,9370,9372,2
26246,Mycobacterium_gastri,9546,9547,1
26247,Mycobacterium_gastri,9812,9813,1
26248,Mycobacterium_gastri,9980,9981,1
26249,Mycobacterium_gastri,9983,9986,3
26250,Mycobacterium_gastri,10076,10078,2
26251,Mycobacterium_gastri,10157,10158,1
26252,Mycobacterium_gastri,10261,10262,1
26253,Mycobacterium_gastri,10310,10312,2
26254,Mycobacterium_gastri,10313,10315,2
26255,Mycobacterium_gastri,10325,10326,1
26256,Mycobacterium_gastri,10370,10371,1
26257,Mycobacterium_gastri,10434,10435,1
26258,Mycobacterium_gastri,10448,10449,1
26259,Mycobacterium_gastri,10476,10477,1
26260,Mycobacterium_gastri,10491,10492,1
26261,Mycobacterium_gastri,10526,10527,1
26262,Mycobacterium_gastri,10546,10649,103
26263,Mycobacterium_gastri,10828,10830,2
26264,Mycobacterium_gastri,10832,10846,14
26265,Mycobacterium_gastri,10864,10865,1
26266,Mycobacterium_gastri,10914,10915,1
26267,Mycobacterium_gastri,10958,10966,8
26268,Mycobacterium_gastri,10971,10972,1
26269,Mycobacterium_gastri,11085,11086,1
26270,Mycobacterium_gastri,11143,11144,1
26271,Mycobacterium_gastri,11243,11244,1
26272,Mycobacterium_gastri,11260,11261,1
26273,Mycobacterium_gastri,11262,11263,1
26274,Mycobacterium_gastri,11265,11267,2
26275,Mycobacterium_gastri,11286,11287,1
26276,Mycobacterium_gastri,11312,11313,1
26277,Mycobacterium_gastri,11473,11474,1
26278,Mycobacterium_gastri,11505,11534,29
26279,Mycobacterium_gastri,11566,11567,1
26280,Mycobacterium_gastri,11590,11591,1
26281,Mycobacterium_gastri,11782,11783,1
26282,Mycobacterium_gastri,11823,11824,1
26283,Mycobacterium_gastri,11826,11827,1
26284,Mycobacterium_gastri,11831,11836,5
26285,Mycobacterium_gastri,11848,11850,2
26286,Mycobacterium_gastri,11851,11852,1
26287,Mycobacterium_gastri,11859,11860,1
26288,Mycobacterium_gastri,11864,11866,2
26289,Mycobacterium_gastri,11877,11878,1
26290,Mycobacterium_gastri,11993,11994,1
26291,Mycobacterium_gastri,12029,12030,1
26292,Mycobacterium_gastri,12068,12069,1
26293,Mycobacterium_gastri,12207,12208,1
26294,Mycobacterium_gastri,12211,12212,1
26295,Mycobacterium_gastri,12213,12214,1
26296,Mycobacterium_gastri,12218,12222,4
26297,Mycobacterium_gastri,12225,12227,2
26298,Mycobacterium_gastri,12237,12238,1
26299,Mycobacterium_gastri,12360,12369,9
26300,Mycobacterium_gastri,12371,12380,9
26301,Mycobacterium_gastri,12384,12390,6
26302,Mycobacterium_gastri,12391,12400,9
26303,Mycobacterium_gastri,12454,12455,1
26304,Mycobacterium_gastri,12739,12740,1
26305,Mycobacterium_gastri,12798,12925,127
26306,Mycobacterium_gastri,13451,13452,1
26307,Mycobacterium_gastri,13453,13454,1
26308,Mycobacterium_gastri,13508,13509,1
26309,Mycobacterium_aquaticum,1,10,9
26310,Mycobacterium_aquaticum,21,39,18
26311,Mycobacterium_aquaticum,43,46,3
26312,Mycobacterium_aquaticum,50,109,59
26313,Mycobacterium_aquaticum,117,132,15
26314,Mycobacterium_aquaticum,133,136,3
26315,Mycobacterium_aquaticum,346,349,3
26316,Mycobacterium_aquaticum,1542,1691,149
26317,Mycobacterium_aquaticum,3317,3361,44
26318,Mycobacterium_aquaticum,3364,3365,1
26319,Mycobacterium_aquaticum,3373,3374,1
26320,Mycobacterium_aquaticum,3403,3406,3
26321,Mycobacterium_aquaticum,3409,3421,12
26322,Mycobacterium_aquaticum,3424,3478,54
26323,Mycobacterium_aquaticum,3485,3491,6
26324,Mycobacterium_aquaticum,3642,3645,3
26325,Mycobacterium_aquaticum,3650,3653,3
26326,Mycobacterium_aquaticum,3655,3667,12
26327,Mycobacterium_aquaticum,3782,3788,6
26328,Mycobacterium_aquaticum,4400,4406,6
26329,Mycobacterium_aquaticum,4407,4413,6
26330,Mycobacterium_aquaticum,4417,4426,9
26331,Mycobacterium_aquaticum,4432,4445,13
26332,Mycobacterium_aquaticum,4452,4455,3
26333,Mycobacterium_aquaticum,4456,4462,6
26334,Mycobacterium_aquaticum,4468,4474,6
26335,Mycobacterium_aquaticum,4475,4481,6
26336,Mycobacterium_aquaticum,4483,4486,3
26337,Mycobacterium_aquaticum,4540,4552,12
26338,Mycobacterium_aquaticum,4555,4564,9
26339,Mycobacterium_aquaticum,4567,4573,6
26340,Mycobacterium_aquaticum,4582,4585,3
26341,Mycobacterium_aquaticum,5163,5169,6
26342,Mycobacterium_aquaticum,5170,5179,9
26343,Mycobacterium_aquaticum,5181,5190,9
26344,Mycobacterium_aquaticum,5197,5199,2
26345,Mycobacterium_aquaticum,5201,5204,3
26346,Mycobacterium_aquaticum,5206,5214,8
26347,Mycobacterium_aquaticum,5218,5230,12
26348,Mycobacterium_aquaticum,5231,5241,10
26349,Mycobacterium_aquaticum,5247,5253,6
26350,Mycobacterium_aquaticum,5401,5402,1
26351,Mycobacterium_aquaticum,6015,6016,1
26352,Mycobacterium_aquaticum,6431,6452,21
26353,Mycobacterium_aquaticum,6456,6462,6
26354,Mycobacterium_aquaticum,6470,6494,24
26355,Mycobacterium_aquaticum,7178,7254,76
26356,Mycobacterium_aquaticum,7260,7268,8
26357,Mycobacterium_aquaticum,7760,7763,3
26358,Mycobacterium_aquaticum,8452,8500,48
26359,Mycobacterium_aquaticum,8577,8578,1
26360,Mycobacterium_aquaticum,8584,8599,15
26361,Mycobacterium_aquaticum,8600,8604,4
26362,Mycobacterium_aquaticum,8609,8610,1
26363,Mycobacterium_aquaticum,8661,8662,1
26364,Mycobacterium_aquaticum,8703,8704,1
26365,Mycobacterium_aquaticum,8720,8721,1
26366,Mycobacterium_aquaticum,8733,8735,2
26367,Mycobacterium_aquaticum,8739,8742,3
26368,Mycobacterium_aquaticum,8930,8931,1
26369,Mycobacterium_aquaticum,8980,8982,2
26370,Mycobacterium_aquaticum,8984,8998,14
26371,Mycobacterium_aquaticum,9120,9121,1
26372,Mycobacterium_aquaticum,9370,9372,2
26373,Mycobacterium_aquaticum,9546,9547,1
26374,Mycobacterium_aquaticum,9812,9813,1
26375,Mycobacterium_aquaticum,9985,9986,1
26376,Mycobacterium_aquaticum,10076,10078,2
26377,Mycobacterium_aquaticum,10157,10158,1
26378,Mycobacterium_aquaticum,10261,10262,1
26379,Mycobacterium_aquaticum,10310,10312,2
26380,Mycobacterium_aquaticum,10313,10315,2
26381,Mycobacterium_aquaticum,10325,10326,1
26382,Mycobacterium_aquaticum,10370,10371,1
26383,Mycobacterium_aquaticum,10416,10417,1
26384,Mycobacterium_aquaticum,10434,10435,1
26385,Mycobacterium_aquaticum,10448,10449,1
26386,Mycobacterium_aquaticum,10476,10477,1
26387,Mycobacterium_aquaticum,10491,10492,1
26388,Mycobacterium_aquaticum,10526,10527,1
26389,Mycobacterium_aquaticum,10546,10649,103
26390,Mycobacterium_aquaticum,10828,10830,2
26391,Mycobacterium_aquaticum,10835,10843,8
26392,Mycobacterium_aquaticum,10864,10865,1
26393,Mycobacterium_aquaticum,10914,10915,1
26394,Mycobacterium_aquaticum,10965,10966,1
26395,Mycobacterium_aquaticum,10971,10975,4
26396,Mycobacterium_aquaticum,11085,11086,1
26397,Mycobacterium_aquaticum,11143,11144,1
26398,Mycobacterium_aquaticum,11243,11244,1
26399,Mycobacterium_aquaticum,11260,11261,1
26400,Mycobacterium_aquaticum,11286,11287,1
26401,Mycobacterium_aquaticum,11312,11313,1
26402,Mycobacterium_aquaticum,11473,11474,1
26403,Mycobacterium_aquaticum,11505,11512,7
26404,Mycobacterium_aquaticum,11513,11514,1
26405,Mycobacterium_aquaticum,11520,11539,19
26406,Mycobacterium_aquaticum,11566,11567,1
26407,Mycobacterium_aquaticum,11782,11783,1
26408,Mycobacterium_aquaticum,11823,11824,1
26409,Mycobacterium_aquaticum,11826,11827,1
26410,Mycobacterium_aquaticum,11831,11836,5
26411,Mycobacterium_aquaticum,11846,11850,4
26412,Mycobacterium_aquaticum,11851,11852,1
26413,Mycobacterium_aquaticum,11859,11860,1
26414,Mycobacterium_aquaticum,11863,11865,2
26415,Mycobacterium_aquaticum,11877,11878,1
26416,Mycobacterium_aquaticum,11993,11994,1
26417,Mycobacterium_aquaticum,12029,12030,1
26418,Mycobacterium_aquaticum,12068,12069,1
26419,Mycobacterium_aquaticum,12207,12208,1
26420,Mycobacterium_aquaticum,12211,12212,1
26421,Mycobacterium_aquaticum,12218,12222,4
26422,Mycobacterium_aquaticum,12226,12227,1
26423,Mycobacterium_aquaticum,12237,12238,1
26424,Mycobacterium_aquaticum,12360,12369,9
26425,Mycobacterium_aquaticum,12371,12372,1
26426,Mycobacterium_aquaticum,12374,12375,1
26427,Mycobacterium_aquaticum,12378,12381,3
26428,Mycobacterium_aquaticum,12384,12390,6
26429,Mycobacterium_aquaticum,12391,12400,9
26430,Mycobacterium_aquaticum,12454,12455,1
26431,Mycobacterium_aquaticum,12739,12740,1
26432,Mycobacterium_aquaticum,12798,12925,127
26433,Mycobacterium_aquaticum,13451,13452,1
26434,Mycobacterium_aquaticum,13453,13454,1
26435,Mycobacterium_aquaticum,13508,13509,1
26436,Mycobacterium_decipiens,1,10,9
26437,Mycobacterium_decipiens,21,39,18
26438,Mycobacterium_decipiens,43,46,3
26439,Mycobacterium_decipiens,53,109,56
26440,Mycobacterium_decipiens,117,132,15
26441,Mycobacterium_decipiens,133,136,3
26442,Mycobacterium_decipiens,346,349,3
26443,Mycobacterium_decipiens,1542,1691,149
26444,Mycobacterium_decipiens,3317,3381,64
26445,Mycobacterium_decipiens,3418,3420,2
26446,Mycobacterium_decipiens,3424,3458,34
26447,Mycobacterium_decipiens,3473,3479,6
26448,Mycobacterium_decipiens,3485,3491,6
26449,Mycobacterium_decipiens,3642,3645,3
26450,Mycobacterium_decipiens,3650,3653,3
26451,Mycobacterium_decipiens,3655,3667,12
26452,Mycobacterium_decipiens,3782,3788,6
26453,Mycobacterium_decipiens,4400,4406,6
26454,Mycobacterium_decipiens,4407,4413,6
26455,Mycobacterium_decipiens,4417,4426,9
26456,Mycobacterium_decipiens,4432,4445,13
26457,Mycobacterium_decipiens,4452,4455,3
26458,Mycobacterium_decipiens,4456,4462,6
26459,Mycobacterium_decipiens,4468,4480,12
26460,Mycobacterium_decipiens,4483,4486,3
26461,Mycobacterium_decipiens,4540,4552,12
26462,Mycobacterium_decipiens,4555,4564,9
26463,Mycobacterium_decipiens,4567,4573,6
26464,Mycobacterium_decipiens,4581,4584,3
26465,Mycobacterium_decipiens,5163,5169,6
26466,Mycobacterium_decipiens,5170,5179,9
26467,Mycobacterium_decipiens,5181,5190,9
26468,Mycobacterium_decipiens,5197,5199,2
26469,Mycobacterium_decipiens,5201,5204,3
26470,Mycobacterium_decipiens,5206,5214,8
26471,Mycobacterium_decipiens,5218,5230,12
26472,Mycobacterium_decipiens,5231,5241,10
26473,Mycobacterium_decipiens,5247,5253,6
26474,Mycobacterium_decipiens,5401,5402,1
26475,Mycobacterium_decipiens,6015,6016,1
26476,Mycobacterium_decipiens,6431,6452,21
26477,Mycobacterium_decipiens,6470,6494,24
26478,Mycobacterium_decipiens,7178,7254,76
26479,Mycobacterium_decipiens,7260,7268,8
26480,Mycobacterium_decipiens,7760,7763,3
26481,Mycobacterium_decipiens,8452,8500,48
26482,Mycobacterium_decipiens,8577,8578,1
26483,Mycobacterium_decipiens,8584,8599,15
26484,Mycobacterium_decipiens,8601,8603,2
26485,Mycobacterium_decipiens,8609,8610,1
26486,Mycobacterium_decipiens,8661,8662,1
26487,Mycobacterium_decipiens,8703,8704,1
26488,Mycobacterium_decipiens,8720,8721,1
26489,Mycobacterium_decipiens,8739,8742,3
26490,Mycobacterium_decipiens,8930,8931,1
26491,Mycobacterium_decipiens,8980,8982,2
26492,Mycobacterium_decipiens,8996,8998,2
26493,Mycobacterium_decipiens,9120,9121,1
26494,Mycobacterium_decipiens,9370,9372,2
26495,Mycobacterium_decipiens,9546,9547,1
26496,Mycobacterium_decipiens,9812,9813,1
26497,Mycobacterium_decipiens,9983,9986,3
26498,Mycobacterium_decipiens,10076,10078,2
26499,Mycobacterium_decipiens,10157,10158,1
26500,Mycobacterium_decipiens,10261,10262,1
26501,Mycobacterium_decipiens,10310,10312,2
26502,Mycobacterium_decipiens,10313,10315,2
26503,Mycobacterium_decipiens,10325,10326,1
26504,Mycobacterium_decipiens,10370,10371,1
26505,Mycobacterium_decipiens,10434,10435,1
26506,Mycobacterium_decipiens,10448,10449,1
26507,Mycobacterium_decipiens,10476,10477,1
26508,Mycobacterium_decipiens,10491,10492,1
26509,Mycobacterium_decipiens,10526,10527,1
26510,Mycobacterium_decipiens,10546,10649,103
26511,Mycobacterium_decipiens,10828,10830,2
26512,Mycobacterium_decipiens,10832,10846,14
26513,Mycobacterium_decipiens,10864,10865,1
26514,Mycobacterium_decipiens,10914,10915,1
26515,Mycobacterium_decipiens,10958,10966,8
26516,Mycobacterium_decipiens,10971,10972,1
26517,Mycobacterium_decipiens,11085,11086,1
26518,Mycobacterium_decipiens,11143,11144,1
26519,Mycobacterium_decipiens,11243,11244,1
26520,Mycobacterium_decipiens,11260,11261,1
26521,Mycobacterium_decipiens,11262,11263,1
26522,Mycobacterium_decipiens,11265,11267,2
26523,Mycobacterium_decipiens,11286,11287,1
26524,Mycobacterium_decipiens,11312,11313,1
26525,Mycobacterium_decipiens,11473,11474,1
26526,Mycobacterium_decipiens,11505,11511,6
26527,Mycobacterium_decipiens,11513,11514,1
26528,Mycobacterium_decipiens,11520,11534,14
26529,Mycobacterium_decipiens,11566,11567,1
26530,Mycobacterium_decipiens,11590,11591,1
26531,Mycobacterium_decipiens,11782,11783,1
26532,Mycobacterium_decipiens,11823,11824,1
26533,Mycobacterium_decipiens,11826,11827,1
26534,Mycobacterium_decipiens,11831,11836,5
26535,Mycobacterium_decipiens,11848,11850,2
26536,Mycobacterium_decipiens,11851,11852,1
26537,Mycobacterium_decipiens,11859,11860,1
26538,Mycobacterium_decipiens,11864,11866,2
26539,Mycobacterium_decipiens,11877,11878,1
26540,Mycobacterium_decipiens,11993,11994,1
26541,Mycobacterium_decipiens,12029,12030,1
26542,Mycobacterium_decipiens,12068,12069,1
26543,Mycobacterium_decipiens,12207,12208,1
26544,Mycobacterium_decipiens,12211,12212,1
26545,Mycobacterium_decipiens,12213,12214,1
26546,Mycobacterium_decipiens,12218,12222,4
26547,Mycobacterium_decipiens,12225,12227,2
26548,Mycobacterium_decipiens,12237,12238,1
26549,Mycobacterium_decipiens,12360,12369,9
26550,Mycobacterium_decipiens,12371,12372,1
26551,Mycobacterium_decipiens,12374,12380,6
26552,Mycobacterium_decipiens,12384,12390,6
26553,Mycobacterium_decipiens,12391,12400,9
26554,Mycobacterium_decipiens,12454,12455,1
26555,Mycobacterium_decipiens,12739,12740,1
26556,Mycobacterium_decipiens,12798,12925,127
26557,Mycobacterium_decipiens,13451,13452,1
26558,Mycobacterium_decipiens,13453,13454,1
26559,Mycobacterium_decipiens,13508,13509,1
26560,Mycolicibacterium_vulneris,1,10,9
26561,Mycolicibacterium_vulneris,21,39,18
26562,Mycolicibacterium_vulneris,43,46,3
26563,Mycolicibacterium_vulneris,53,80,27
26564,Mycolicibacterium_vulneris,87,107,20
26565,Mycolicibacterium_vulneris,117,132,15
26566,Mycolicibacterium_vulneris,133,136,3
26567,Mycolicibacterium_vulneris,346,349,3
26568,Mycolicibacterium_vulneris,1542,1583,41
26569,Mycolicibacterium_vulneris,1587,1676,89
26570,Mycolicibacterium_vulneris,1678,1691,13
26571,Mycolicibacterium_vulneris,3317,3381,64
26572,Mycolicibacterium_vulneris,3414,3420,6
26573,Mycolicibacterium_vulneris,3424,3460,36
26574,Mycolicibacterium_vulneris,3476,3479,3
26575,Mycolicibacterium_vulneris,3485,3491,6
26576,Mycolicibacterium_vulneris,3642,3645,3
26577,Mycolicibacterium_vulneris,3650,3653,3
26578,Mycolicibacterium_vulneris,3782,3788,6
26579,Mycolicibacterium_vulneris,4400,4406,6
26580,Mycolicibacterium_vulneris,4407,4413,6
26581,Mycolicibacterium_vulneris,4417,4426,9
26582,Mycolicibacterium_vulneris,4432,4445,13
26583,Mycolicibacterium_vulneris,4452,4455,3
26584,Mycolicibacterium_vulneris,4456,4462,6
26585,Mycolicibacterium_vulneris,4468,4480,12
26586,Mycolicibacterium_vulneris,4483,4486,3
26587,Mycolicibacterium_vulneris,4555,4564,9
26588,Mycolicibacterium_vulneris,4567,4573,6
26589,Mycolicibacterium_vulneris,5163,5169,6
26590,Mycolicibacterium_vulneris,5170,5179,9
26591,Mycolicibacterium_vulneris,5181,5190,9
26592,Mycolicibacterium_vulneris,5197,5199,2
26593,Mycolicibacterium_vulneris,5201,5204,3
26594,Mycolicibacterium_vulneris,5206,5214,8
26595,Mycolicibacterium_vulneris,5218,5230,12
26596,Mycolicibacterium_vulneris,5231,5241,10
26597,Mycolicibacterium_vulneris,5247,5253,6
26598,Mycolicibacterium_vulneris,5401,5402,1
26599,Mycolicibacterium_vulneris,6015,6016,1
26600,Mycolicibacterium_vulneris,6428,6464,36
26601,Mycolicibacterium_vulneris,6470,6494,24
26602,Mycolicibacterium_vulneris,7178,7254,76
26603,Mycolicibacterium_vulneris,7260,7268,8
26604,Mycolicibacterium_vulneris,7760,7763,3
26605,Mycolicibacterium_vulneris,8452,8500,48
26606,Mycolicibacterium_vulneris,8577,8578,1
26607,Mycolicibacterium_vulneris,8584,8599,15
26608,Mycolicibacterium_vulneris,8601,8603,2
26609,Mycolicibacterium_vulneris,8609,8610,1
26610,Mycolicibacterium_vulneris,8661,8662,1
26611,Mycolicibacterium_vulneris,8703,8704,1
26612,Mycolicibacterium_vulneris,8720,8721,1
26613,Mycolicibacterium_vulneris,8733,8735,2
26614,Mycolicibacterium_vulneris,8739,8742,3
26615,Mycolicibacterium_vulneris,8930,8931,1
26616,Mycolicibacterium_vulneris,8980,8982,2
26617,Mycolicibacterium_vulneris,8996,8998,2
26618,Mycolicibacterium_vulneris,9120,9121,1
26619,Mycolicibacterium_vulneris,9370,9372,2
26620,Mycolicibacterium_vulneris,9546,9547,1
26621,Mycolicibacterium_vulneris,9812,9813,1
26622,Mycolicibacterium_vulneris,9982,9986,4
26623,Mycolicibacterium_vulneris,10076,10078,2
26624,Mycolicibacterium_vulneris,10157,10158,1
26625,Mycolicibacterium_vulneris,10261,10262,1
26626,Mycolicibacterium_vulneris,10310,10312,2
26627,Mycolicibacterium_vulneris,10313,10315,2
26628,Mycolicibacterium_vulneris,10325,10326,1
26629,Mycolicibacterium_vulneris,10352,10353,1
26630,Mycolicibacterium_vulneris,10370,10371,1
26631,Mycolicibacterium_vulneris,10434,10435,1
26632,Mycolicibacterium_vulneris,10448,10449,1
26633,Mycolicibacterium_vulneris,10476,10477,1
26634,Mycolicibacterium_vulneris,10491,10492,1
26635,Mycolicibacterium_vulneris,10526,10527,1
26636,Mycolicibacterium_vulneris,10546,10649,103
26637,Mycolicibacterium_vulneris,10828,10830,2
26638,Mycolicibacterium_vulneris,10832,10846,14
26639,Mycolicibacterium_vulneris,10864,10865,1
26640,Mycolicibacterium_vulneris,10914,10915,1
26641,Mycolicibacterium_vulneris,10965,10977,12
26642,Mycolicibacterium_vulneris,11085,11086,1
26643,Mycolicibacterium_vulneris,11143,11144,1
26644,Mycolicibacterium_vulneris,11243,11244,1
26645,Mycolicibacterium_vulneris,11260,11261,1
26646,Mycolicibacterium_vulneris,11262,11263,1
26647,Mycolicibacterium_vulneris,11265,11267,2
26648,Mycolicibacterium_vulneris,11286,11287,1
26649,Mycolicibacterium_vulneris,11312,11313,1
26650,Mycolicibacterium_vulneris,11473,11474,1
26651,Mycolicibacterium_vulneris,11505,11511,6
26652,Mycolicibacterium_vulneris,11513,11514,1
26653,Mycolicibacterium_vulneris,11519,11521,2
26654,Mycolicibacterium_vulneris,11523,11533,10
26655,Mycolicibacterium_vulneris,11566,11567,1
26656,Mycolicibacterium_vulneris,11590,11591,1
26657,Mycolicibacterium_vulneris,11782,11783,1
26658,Mycolicibacterium_vulneris,11823,11824,1
26659,Mycolicibacterium_vulneris,11826,11827,1
26660,Mycolicibacterium_vulneris,11831,11836,5
26661,Mycolicibacterium_vulneris,11848,11850,2
26662,Mycolicibacterium_vulneris,11851,11852,1
26663,Mycolicibacterium_vulneris,11859,11860,1
26664,Mycolicibacterium_vulneris,11864,11866,2
26665,Mycolicibacterium_vulneris,11877,11878,1
26666,Mycolicibacterium_vulneris,11993,11994,1
26667,Mycolicibacterium_vulneris,12029,12030,1
26668,Mycolicibacterium_vulneris,12068,12069,1
26669,Mycolicibacterium_vulneris,12207,12208,1
26670,Mycolicibacterium_vulneris,12211,12212,1
26671,Mycolicibacterium_vulneris,12213,12214,1
26672,Mycolicibacterium_vulneris,12218,12222,4
26673,Mycolicibacterium_vulneris,12225,12227,2
26674,Mycolicibacterium_vulneris,12237,12238,1
26675,Mycolicibacterium_vulneris,12360,12369,9
26676,Mycolicibacterium_vulneris,12371,12380,9
26677,Mycolicibacterium_vulneris,12384,12390,6
26678,Mycolicibacterium_vulneris,12391,12400,9
26679,Mycolicibacterium_vulneris,12454,12455,1
26680,Mycolicibacterium_vulneris,12738,12740,2
26681,Mycolicibacterium_vulneris,12798,12925,127
26682,Mycolicibacterium_vulneris,13451,13452,1
26683,Mycolicibacterium_vulneris,13453,13454,1
26684,Mycolicibacterium_vulneris,13508,13509,1
26685,Mycolicibacterium_acetamidolyticum,1,10,9
26686,Mycolicibacterium_acetamidolyticum,21,39,18
26687,Mycolicibacterium_acetamidolyticum,43,46,3
26688,Mycolicibacterium_acetamidolyticum,48,110,62
26689,Mycolicibacterium_acetamidolyticum,117,132,15
26690,Mycolicibacterium_acetamidolyticum,133,136,3
26691,Mycolicibacterium_acetamidolyticum,346,349,3
26692,Mycolicibacterium_acetamidolyticum,1542,1691,149
26693,Mycolicibacterium_acetamidolyticum,3269,3272,3
26694,Mycolicibacterium_acetamidolyticum,3317,3361,44
26695,Mycolicibacterium_acetamidolyticum,3364,3365,1
26696,Mycolicibacterium_acetamidolyticum,3373,3374,1
26697,Mycolicibacterium_acetamidolyticum,3409,3421,12
26698,Mycolicibacterium_acetamidolyticum,3424,3478,54
26699,Mycolicibacterium_acetamidolyticum,3485,3491,6
26700,Mycolicibacterium_acetamidolyticum,3642,3645,3
26701,Mycolicibacterium_acetamidolyticum,3650,3653,3
26702,Mycolicibacterium_acetamidolyticum,3655,3667,12
26703,Mycolicibacterium_acetamidolyticum,3782,3788,6
26704,Mycolicibacterium_acetamidolyticum,4400,4406,6
26705,Mycolicibacterium_acetamidolyticum,4407,4413,6
26706,Mycolicibacterium_acetamidolyticum,4417,4426,9
26707,Mycolicibacterium_acetamidolyticum,4432,4445,13
26708,Mycolicibacterium_acetamidolyticum,4452,4455,3
26709,Mycolicibacterium_acetamidolyticum,4456,4462,6
26710,Mycolicibacterium_acetamidolyticum,4468,4474,6
26711,Mycolicibacterium_acetamidolyticum,4475,4481,6
26712,Mycolicibacterium_acetamidolyticum,4483,4486,3
26713,Mycolicibacterium_acetamidolyticum,4540,4552,12
26714,Mycolicibacterium_acetamidolyticum,4555,4564,9
26715,Mycolicibacterium_acetamidolyticum,4567,4573,6
26716,Mycolicibacterium_acetamidolyticum,4582,4585,3
26717,Mycolicibacterium_acetamidolyticum,5163,5169,6
26718,Mycolicibacterium_acetamidolyticum,5170,5179,9
26719,Mycolicibacterium_acetamidolyticum,5181,5190,9
26720,Mycolicibacterium_acetamidolyticum,5197,5199,2
26721,Mycolicibacterium_acetamidolyticum,5201,5204,3
26722,Mycolicibacterium_acetamidolyticum,5206,5214,8
26723,Mycolicibacterium_acetamidolyticum,5218,5230,12
26724,Mycolicibacterium_acetamidolyticum,5231,5241,10
26725,Mycolicibacterium_acetamidolyticum,5247,5253,6
26726,Mycolicibacterium_acetamidolyticum,5401,5402,1
26727,Mycolicibacterium_acetamidolyticum,6015,6016,1
26728,Mycolicibacterium_acetamidolyticum,6431,6452,21
26729,Mycolicibacterium_acetamidolyticum,6456,6462,6
26730,Mycolicibacterium_acetamidolyticum,6470,6494,24
26731,Mycolicibacterium_acetamidolyticum,7178,7254,76
26732,Mycolicibacterium_acetamidolyticum,7260,7268,8
26733,Mycolicibacterium_acetamidolyticum,7760,7763,3
26734,Mycolicibacterium_acetamidolyticum,8452,8500,48
26735,Mycolicibacterium_acetamidolyticum,8577,8578,1
26736,Mycolicibacterium_acetamidolyticum,8584,8599,15
26737,Mycolicibacterium_acetamidolyticum,8600,8604,4
26738,Mycolicibacterium_acetamidolyticum,8609,8610,1
26739,Mycolicibacterium_acetamidolyticum,8661,8662,1
26740,Mycolicibacterium_acetamidolyticum,8703,8704,1
26741,Mycolicibacterium_acetamidolyticum,8720,8721,1
26742,Mycolicibacterium_acetamidolyticum,8733,8735,2
26743,Mycolicibacterium_acetamidolyticum,8739,8742,3
26744,Mycolicibacterium_acetamidolyticum,8930,8931,1
26745,Mycolicibacterium_acetamidolyticum,8980,8982,2
26746,Mycolicibacterium_acetamidolyticum,8984,8998,14
26747,Mycolicibacterium_acetamidolyticum,9120,9121,1
26748,Mycolicibacterium_acetamidolyticum,9370,9372,2
26749,Mycolicibacterium_acetamidolyticum,9546,9547,1
26750,Mycolicibacterium_acetamidolyticum,9812,9813,1
26751,Mycolicibacterium_acetamidolyticum,9982,9984,2
26752,Mycolicibacterium_acetamidolyticum,9985,9986,1
26753,Mycolicibacterium_acetamidolyticum,10076,10078,2
26754,Mycolicibacterium_acetamidolyticum,10157,10158,1
26755,Mycolicibacterium_acetamidolyticum,10261,10262,1
26756,Mycolicibacterium_acetamidolyticum,10310,10312,2
26757,Mycolicibacterium_acetamidolyticum,10313,10314,1
26758,Mycolicibacterium_acetamidolyticum,10325,10326,1
26759,Mycolicibacterium_acetamidolyticum,10370,10371,1
26760,Mycolicibacterium_acetamidolyticum,10416,10417,1
26761,Mycolicibacterium_acetamidolyticum,10434,10435,1
26762,Mycolicibacterium_acetamidolyticum,10448,10449,1
26763,Mycolicibacterium_acetamidolyticum,10476,10477,1
26764,Mycolicibacterium_acetamidolyticum,10491,10492,1
26765,Mycolicibacterium_acetamidolyticum,10526,10527,1
26766,Mycolicibacterium_acetamidolyticum,10547,10649,102
26767,Mycolicibacterium_acetamidolyticum,10829,10830,1
26768,Mycolicibacterium_acetamidolyticum,10835,10843,8
26769,Mycolicibacterium_acetamidolyticum,10864,10865,1
26770,Mycolicibacterium_acetamidolyticum,10914,10915,1
26771,Mycolicibacterium_acetamidolyticum,10965,10966,1
26772,Mycolicibacterium_acetamidolyticum,10971,10975,4
26773,Mycolicibacterium_acetamidolyticum,11085,11086,1
26774,Mycolicibacterium_acetamidolyticum,11143,11144,1
26775,Mycolicibacterium_acetamidolyticum,11243,11244,1
26776,Mycolicibacterium_acetamidolyticum,11260,11261,1
26777,Mycolicibacterium_acetamidolyticum,11286,11287,1
26778,Mycolicibacterium_acetamidolyticum,11312,11313,1
26779,Mycolicibacterium_acetamidolyticum,11473,11474,1
26780,Mycolicibacterium_acetamidolyticum,11505,11512,7
26781,Mycolicibacterium_acetamidolyticum,11513,11514,1
26782,Mycolicibacterium_acetamidolyticum,11516,11517,1
26783,Mycolicibacterium_acetamidolyticum,11520,11521,1
26784,Mycolicibacterium_acetamidolyticum,11524,11541,17
26785,Mycolicibacterium_acetamidolyticum,11566,11567,1
26786,Mycolicibacterium_acetamidolyticum,11782,11783,1
26787,Mycolicibacterium_acetamidolyticum,11823,11824,1
26788,Mycolicibacterium_acetamidolyticum,11826,11827,1
26789,Mycolicibacterium_acetamidolyticum,11831,11836,5
26790,Mycolicibacterium_acetamidolyticum,11846,11850,4
26791,Mycolicibacterium_acetamidolyticum,11851,11852,1
26792,Mycolicibacterium_acetamidolyticum,11859,11860,1
26793,Mycolicibacterium_acetamidolyticum,11864,11865,1
26794,Mycolicibacterium_acetamidolyticum,11877,11878,1
26795,Mycolicibacterium_acetamidolyticum,11993,11994,1
26796,Mycolicibacterium_acetamidolyticum,12029,12030,1
26797,Mycolicibacterium_acetamidolyticum,12068,12069,1
26798,Mycolicibacterium_acetamidolyticum,12207,12208,1
26799,Mycolicibacterium_acetamidolyticum,12211,12212,1
26800,Mycolicibacterium_acetamidolyticum,12213,12214,1
26801,Mycolicibacterium_acetamidolyticum,12218,12222,4
26802,Mycolicibacterium_acetamidolyticum,12226,12227,1
26803,Mycolicibacterium_acetamidolyticum,12237,12238,1
26804,Mycolicibacterium_acetamidolyticum,12360,12372,12
26805,Mycolicibacterium_acetamidolyticum,12374,12375,1
26806,Mycolicibacterium_acetamidolyticum,12378,12381,3
26807,Mycolicibacterium_acetamidolyticum,12384,12390,6
26808,Mycolicibacterium_acetamidolyticum,12391,12400,9
26809,Mycolicibacterium_acetamidolyticum,12454,12455,1
26810,Mycolicibacterium_acetamidolyticum,12739,12740,1
26811,Mycolicibacterium_acetamidolyticum,12798,12925,127
26812,Mycolicibacterium_acetamidolyticum,13451,13452,1
26813,Mycolicibacterium_acetamidolyticum,13453,13454,1
26814,Mycolicibacterium_acetamidolyticum,13508,13509,1
