sp,start,end,len
Mycobacterium_hominissuis,45,47,2
Mycobacterium_hominissuis,164,167,3
Mycobacterium_hominissuis,168,169,1
Mycobacterium_hominissuis,176,177,1
Mycobacterium_hominissuis,183,184,1
Mycobacterium_hominissuis,187,188,1
Mycobacterium_hominissuis,192,198,6
Mycobacterium_hominissuis,212,213,1
Mycobacterium_hominissuis,232,233,1
Mycobacterium_hominissuis,245,250,5
Mycobacterium_hominissuis,256,258,2
Mycobacterium_hominissuis,299,316,17
Mycobacterium_hominissuis,321,329,8
Mycobacterium_hominissuis,338,339,1
Mycobacterium_hominissuis,419,429,10
Mycobacterium_hominissuis,432,433,1
Mycobacterium_hominissuis,438,440,2
Mycobacterium_hominissuis,446,447,1
Mycobacterium_hominissuis,462,463,1
Mycobacterium_hominissuis,478,479,1
Mycobacterium_colombiense,45,49,4
Mycobacterium_colombiense,164,167,3
Mycobacterium_colombiense,168,169,1
Mycobacterium_colombiense,176,177,1
Mycobacterium_colombiense,183,184,1
Mycobacterium_colombiense,187,188,1
Mycobacterium_colombiense,192,198,6
Mycobacterium_colombiense,212,213,1
Mycobacterium_colombiense,232,233,1
Mycobacterium_colombiense,245,250,5
Mycobacterium_colombiense,256,258,2
Mycobacterium_colombiense,299,316,17
Mycobacterium_colombiense,321,329,8
Mycobacterium_colombiense,338,339,1
Mycobacterium_colombiense,418,429,11
Mycobacterium_colombiense,446,447,1
Mycobacterium_colombiense,462,463,1
Mycobacterium_colombiense,478,479,1
Mycobacteroides_massiliense,45,49,4
Mycobacterium_yongonense,45,49,4
Mycobacterium_yongonense,164,167,3
Mycobacterium_yongonense,168,169,1
Mycobacterium_yongonense,176,177,1
Mycobacterium_yongonense,183,184,1
Mycobacterium_yongonense,187,188,1
Mycobacterium_yongonense,192,198,6
Mycobacterium_yongonense,212,213,1
Mycobacterium_yongonense,232,233,1
Mycobacterium_yongonense,245,250,5
Mycobacterium_yongonense,256,258,2
Mycobacterium_yongonense,299,316,17
Mycobacterium_yongonense,321,329,8
Mycobacterium_yongonense,338,339,1
Mycobacterium_yongonense,419,429,10
Mycobacterium_yongonense,432,433,1
Mycobacterium_yongonense,446,447,1
Mycobacterium_yongonense,462,463,1
Mycobacterium_yongonense,478,479,1
Mycobacterium_chimaera,45,49,4
Mycobacterium_chimaera,164,167,3
Mycobacterium_chimaera,168,169,1
Mycobacterium_chimaera,176,177,1
Mycobacterium_chimaera,183,184,1
Mycobacterium_chimaera,187,188,1
Mycobacterium_chimaera,192,198,6
Mycobacterium_chimaera,212,213,1
Mycobacterium_chimaera,232,233,1
Mycobacterium_chimaera,245,250,5
Mycobacterium_chimaera,256,258,2
Mycobacterium_chimaera,299,316,17
Mycobacterium_chimaera,321,329,8
Mycobacterium_chimaera,338,339,1
Mycobacterium_chimaera,419,429,10
Mycobacterium_chimaera,432,433,1
Mycobacterium_chimaera,446,447,1
Mycobacterium_chimaera,462,463,1
Mycobacterium_chimaera,478,479,1
Mycobacterium_dioxanotrophicus,46,47,1
Mycobacterium_dioxanotrophicus,166,167,1
Mycobacterium_dioxanotrophicus,168,169,1
Mycobacterium_dioxanotrophicus,176,177,1
Mycobacterium_dioxanotrophicus,183,184,1
Mycobacterium_dioxanotrophicus,187,188,1
Mycobacterium_dioxanotrophicus,192,198,6
Mycobacterium_intracellulare,45,49,4
Mycobacterium_intracellulare,164,167,3
Mycobacterium_intracellulare,168,169,1
Mycobacterium_intracellulare,176,177,1
Mycobacterium_intracellulare,183,184,1
Mycobacterium_intracellulare,187,188,1
Mycobacterium_intracellulare,192,198,6
Mycobacterium_intracellulare,212,213,1
Mycobacterium_intracellulare,232,233,1
Mycobacterium_intracellulare,245,250,5
Mycobacterium_intracellulare,256,258,2
Mycobacterium_intracellulare,299,316,17
Mycobacterium_intracellulare,321,329,8
Mycobacterium_intracellulare,338,339,1
Mycobacterium_intracellulare,419,429,10
Mycobacterium_intracellulare,432,433,1
Mycobacterium_intracellulare,446,447,1
Mycobacterium_intracellulare,462,463,1
Mycobacterium_intracellulare,478,479,1
Mycobacterium_marseillense,45,49,4
Mycobacterium_marseillense,164,167,3
Mycobacterium_marseillense,168,169,1
Mycobacterium_marseillense,176,177,1
Mycobacterium_marseillense,183,184,1
Mycobacterium_marseillense,187,188,1
Mycobacterium_marseillense,192,198,6
Mycobacterium_marseillense,212,213,1
Mycobacterium_marseillense,232,233,1
Mycobacterium_marseillense,245,250,5
Mycobacterium_marseillense,256,258,2
Mycobacterium_marseillense,299,316,17
Mycobacterium_marseillense,321,329,8
Mycobacterium_marseillense,338,339,1
Mycobacterium_marseillense,420,429,9
Mycobacterium_marseillense,432,433,1
Mycobacterium_marseillense,446,447,1
Mycobacterium_marseillense,462,463,1
Mycobacterium_marseillense,478,479,1
Mycobacterium_shinshuense,45,48,3
Mycobacterium_shinshuense,164,167,3
Mycobacterium_shinshuense,168,169,1
Mycobacterium_shinshuense,176,177,1
Mycobacterium_shinshuense,183,184,1
Mycobacterium_shinshuense,187,188,1
Mycobacterium_shinshuense,192,198,6
Mycobacterium_shinshuense,212,213,1
Mycobacterium_shinshuense,232,233,1
Mycobacterium_shinshuense,245,250,5
Mycobacterium_shinshuense,257,261,4
Mycobacterium_shinshuense,299,315,16
Mycobacterium_shinshuense,323,329,6
Mycobacterium_shinshuense,338,339,1
Mycobacterium_shinshuense,397,398,1
Mycobacterium_shinshuense,417,429,12
Mycobacterium_shinshuense,432,433,1
Mycobacterium_shinshuense,446,451,5
Mycobacterium_shinshuense,476,479,3
Mycobacterium_shigaense,45,49,4
Mycobacterium_shigaense,164,167,3
Mycobacterium_shigaense,168,169,1
Mycobacterium_shigaense,176,177,1
Mycobacterium_shigaense,183,184,1
Mycobacterium_shigaense,187,188,1
Mycobacterium_shigaense,192,198,6
Mycobacterium_shigaense,212,213,1
Mycobacterium_shigaense,232,233,1
Mycobacterium_shigaense,245,250,5
Mycobacterium_shigaense,257,258,1
Mycobacterium_shigaense,299,316,17
Mycobacterium_shigaense,321,329,8
Mycobacterium_shigaense,338,339,1
Mycobacterium_shigaense,398,399,1
Mycobacterium_shigaense,418,429,11
Mycobacterium_shigaense,432,433,1
Mycobacterium_shigaense,446,451,5
Mycobacterium_shigaense,462,466,4
Mycobacterium_shigaense,476,479,3
Mycobacteroides_abscessus,45,49,4
Mycobacterium_leprae,45,49,4
Mycobacterium_leprae,164,167,3
Mycobacterium_leprae,183,184,1
Mycobacterium_leprae,187,188,1
Mycobacterium_leprae,192,198,6
Mycobacterium_leprae,212,213,1
Mycobacterium_leprae,232,233,1
Mycobacterium_leprae,245,250,5
Mycobacterium_leprae,256,261,5
Mycobacterium_leprae,299,316,17
Mycobacterium_leprae,321,329,8
Mycobacterium_leprae,338,339,1
Mycobacterium_leprae,420,425,5
Mycobacterium_leprae,432,433,1
Mycobacterium_leprae,477,479,2
Mycobacterium_pseudoshottsii,45,48,3
Mycobacterium_pseudoshottsii,164,167,3
Mycobacterium_pseudoshottsii,168,169,1
Mycobacterium_pseudoshottsii,176,177,1
Mycobacterium_pseudoshottsii,183,184,1
Mycobacterium_pseudoshottsii,187,188,1
Mycobacterium_pseudoshottsii,192,198,6
Mycobacterium_pseudoshottsii,212,213,1
Mycobacterium_pseudoshottsii,232,233,1
Mycobacterium_pseudoshottsii,245,250,5
Mycobacterium_pseudoshottsii,257,261,4
Mycobacterium_pseudoshottsii,299,315,16
Mycobacterium_pseudoshottsii,323,329,6
Mycobacterium_pseudoshottsii,338,339,1
Mycobacterium_pseudoshottsii,397,398,1
Mycobacterium_pseudoshottsii,417,429,12
Mycobacterium_pseudoshottsii,432,433,1
Mycobacterium_pseudoshottsii,446,451,5
Mycobacterium_pseudoshottsii,476,479,3
Mycobacteroides_bolletii,45,49,4
Mycolicibacterium_neoaurum,46,47,1
Mycobacterium_marinum,45,48,3
Mycobacterium_marinum,164,167,3
Mycobacterium_marinum,168,169,1
Mycobacterium_marinum,176,177,1
Mycobacterium_marinum,183,184,1
Mycobacterium_marinum,187,188,1
Mycobacterium_marinum,192,198,6
Mycobacterium_marinum,212,213,1
Mycobacterium_marinum,232,233,1
Mycobacterium_marinum,245,250,5
Mycobacterium_marinum,257,261,4
Mycobacterium_marinum,299,315,16
Mycobacterium_marinum,323,329,6
Mycobacterium_marinum,338,339,1
Mycobacterium_marinum,397,398,1
Mycobacterium_marinum,417,429,12
Mycobacterium_marinum,432,433,1
Mycobacterium_marinum,446,451,5
Mycobacterium_marinum,476,479,3
Mycobacterium_paragordonae,45,48,3
Mycobacterium_paragordonae,164,167,3
Mycobacterium_paragordonae,168,169,1
Mycobacterium_paragordonae,176,177,1
Mycobacterium_paragordonae,183,184,1
Mycobacterium_paragordonae,187,188,1
Mycobacterium_paragordonae,192,198,6
Mycobacterium_paragordonae,212,213,1
Mycobacterium_paragordonae,232,233,1
Mycobacterium_paragordonae,245,250,5
Mycobacterium_paragordonae,257,260,3
Mycobacterium_paragordonae,295,319,24
Mycobacterium_paragordonae,321,329,8
Mycobacterium_paragordonae,338,339,1
Mycobacterium_paragordonae,419,429,10
Mycobacterium_paragordonae,432,433,1
Mycobacterium_paragordonae,446,450,4
Mycobacterium_avium,45,47,2
Mycobacterium_avium,164,167,3
Mycobacterium_avium,168,169,1
Mycobacterium_avium,176,177,1
Mycobacterium_avium,183,184,1
Mycobacterium_avium,187,188,1
Mycobacterium_avium,192,198,6
Mycobacterium_avium,212,213,1
Mycobacterium_avium,232,233,1
Mycobacterium_avium,245,250,5
Mycobacterium_avium,256,258,2
Mycobacterium_avium,299,316,17
Mycobacterium_avium,321,329,8
Mycobacterium_avium,338,339,1
Mycobacterium_avium,419,429,10
Mycobacterium_avium,432,433,1
Mycobacterium_avium,438,440,2
Mycobacterium_avium,446,447,1
Mycobacterium_avium,462,463,1
Mycobacterium_avium,478,479,1
Mycolicibacterium_smegmatis,45,48,3
Mycolicibacterium_smegmatis,165,166,1
Mycolicibacterium_smegmatis,168,169,1
Mycolicibacterium_smegmatis,176,177,1
Mycolicibacterium_smegmatis,183,184,1
Mycolicibacterium_smegmatis,187,188,1
Mycolicibacterium_smegmatis,192,198,6
Mycobacteroides_chelonae,45,49,4
Mycolicibacterium_vaccae,46,47,1
Mycobacteroides_immunogenum,45,48,3
Mycolicibacterium_phlei,46,47,1
Mycobacteroides_saopaulense,45,49,4
Mycobacterium_lepromatosis,45,49,4
Mycobacterium_lepromatosis,164,167,3
Mycobacterium_lepromatosis,168,169,1
Mycobacterium_lepromatosis,183,184,1
Mycobacterium_lepromatosis,187,188,1
Mycobacterium_lepromatosis,192,198,6
Mycobacterium_lepromatosis,212,213,1
Mycobacterium_lepromatosis,232,233,1
Mycobacterium_lepromatosis,245,250,5
Mycobacterium_lepromatosis,257,258,1
Mycobacterium_lepromatosis,299,315,16
Mycobacterium_lepromatosis,321,329,8
Mycobacterium_lepromatosis,338,340,2
Mycobacterium_lepromatosis,419,425,6
Mycobacterium_lepromatosis,432,433,1
Mycobacterium_lepromatosis,477,479,2
Mycolicibacterium_fortuitum,45,48,3
Mycolicibacterium_fortuitum,165,167,2
Mycolicibacterium_fortuitum,168,169,1
Mycolicibacterium_fortuitum,176,177,1
Mycolicibacterium_fortuitum,183,184,1
Mycolicibacterium_fortuitum,187,188,1
Mycolicibacterium_fortuitum,192,198,6
Mycolicibacterium_fortuitum,222,223,1
Mycolicibacterium_fortuitum,232,233,1
Mycolicibacterium_fortuitum,246,249,3
Mycolicibacterium_fortuitum,257,258,1
Mycolicibacterium_diernhoferi,46,47,1
Mycolicibacterium_pallens,46,47,1
Mycobacterium_shottsii,45,48,3
Mycobacterium_shottsii,164,167,3
Mycobacterium_shottsii,168,169,1
Mycobacterium_shottsii,176,177,1
Mycobacterium_shottsii,183,184,1
Mycobacterium_shottsii,187,188,1
Mycobacterium_shottsii,192,198,6
Mycobacterium_shottsii,212,213,1
Mycobacterium_shottsii,232,233,1
Mycobacterium_shottsii,245,250,5
Mycobacterium_shottsii,257,261,4
Mycobacterium_shottsii,299,315,16
Mycobacterium_shottsii,323,329,6
Mycobacterium_shottsii,338,339,1
Mycobacterium_shottsii,397,398,1
Mycobacterium_shottsii,417,429,12
Mycobacterium_shottsii,432,433,1
Mycobacterium_shottsii,446,451,5
Mycobacterium_shottsii,476,479,3
Mycolicibacter_heraklionensis,45,48,3
Mycolicibacterium_holsaticum,46,47,1
Mycobacterium_malmoense,45,49,4
Mycobacterium_malmoense,164,167,3
Mycobacterium_malmoense,168,169,1
Mycobacterium_malmoense,176,177,1
Mycobacterium_malmoense,183,184,1
Mycobacterium_malmoense,187,188,1
Mycobacterium_malmoense,192,198,6
Mycobacterium_malmoense,212,213,1
Mycobacterium_malmoense,232,233,1
Mycobacterium_malmoense,245,250,5
Mycobacterium_malmoense,256,258,2
Mycobacterium_malmoense,299,316,17
Mycobacterium_malmoense,321,329,8
Mycobacterium_malmoense,338,339,1
Mycobacterium_malmoense,419,430,11
Mycobacterium_malmoense,432,433,1
Mycobacterium_malmoense,446,450,4
Mycobacterium_malmoense,462,463,1
Mycobacterium_malmoense,476,479,3
Mycolicibacterium_senegalense,45,48,3
Mycolicibacterium_senegalense,168,169,1
Mycolicibacterium_senegalense,176,177,1
Mycolicibacterium_senegalense,183,184,1
Mycolicibacterium_senegalense,187,188,1
Mycolicibacterium_senegalense,192,198,6
Mycolicibacterium_senegalense,222,223,1
Mycolicibacterium_senegalense,232,233,1
Mycolicibacterium_senegalense,246,249,3
Mycolicibacterium_senegalense,257,258,1
Mycolicibacterium_farcinogenes,45,48,3
Mycolicibacterium_farcinogenes,168,169,1
Mycolicibacterium_farcinogenes,176,177,1
Mycolicibacterium_farcinogenes,183,184,1
Mycolicibacterium_farcinogenes,187,188,1
Mycolicibacterium_farcinogenes,192,198,6
Mycolicibacterium_farcinogenes,222,223,1
Mycolicibacterium_farcinogenes,232,233,1
Mycolicibacterium_farcinogenes,246,249,3
Mycolicibacterium_farcinogenes,257,258,1
Mycobacterium_ulcerans,45,48,3
Mycobacterium_ulcerans,164,167,3
Mycobacterium_ulcerans,168,169,1
Mycobacterium_ulcerans,176,177,1
Mycobacterium_ulcerans,183,184,1
Mycobacterium_ulcerans,187,188,1
Mycobacterium_ulcerans,192,198,6
Mycobacterium_ulcerans,212,213,1
Mycobacterium_ulcerans,232,233,1
Mycobacterium_ulcerans,245,250,5
Mycobacterium_ulcerans,257,261,4
Mycobacterium_ulcerans,299,315,16
Mycobacterium_ulcerans,323,329,6
Mycobacterium_ulcerans,338,339,1
Mycobacterium_ulcerans,397,398,1
Mycobacterium_ulcerans,417,429,12
Mycobacterium_ulcerans,432,433,1
Mycobacterium_ulcerans,446,451,5
Mycobacterium_ulcerans,476,479,3
Mycobacterium_spongiae,45,49,4
Mycobacterium_spongiae,155,156,1
Mycobacterium_spongiae,164,167,3
Mycobacterium_spongiae,168,169,1
Mycobacterium_spongiae,176,177,1
Mycobacterium_spongiae,183,184,1
Mycobacterium_spongiae,187,188,1
Mycobacterium_spongiae,192,198,6
Mycobacterium_spongiae,212,213,1
Mycobacterium_spongiae,232,233,1
Mycobacterium_spongiae,245,250,5
Mycobacterium_spongiae,257,258,1
Mycobacterium_spongiae,295,319,24
Mycobacterium_spongiae,321,329,8
Mycobacterium_spongiae,338,339,1
Mycolicibacterium_phocaicum,45,48,3
Mycolicibacterium_crocinum,46,47,1
Mycolicibacterium_goodii,46,47,1
Mycolicibacterium_goodii,166,167,1
Mycolicibacterium_goodii,168,169,1
Mycolicibacterium_goodii,176,177,1
Mycolicibacterium_goodii,183,184,1
Mycolicibacterium_goodii,187,188,1
Mycolicibacterium_goodii,192,198,6
Mycolicibacillus_parakoreensis,46,47,1
Mycobacterium_kansasii,45,49,4
Mycobacterium_kansasii,164,167,3
Mycobacterium_kansasii,168,169,1
Mycobacterium_kansasii,176,177,1
Mycobacterium_kansasii,183,184,1
Mycobacterium_kansasii,187,188,1
Mycobacterium_kansasii,192,198,6
Mycobacterium_kansasii,212,213,1
Mycobacterium_kansasii,232,233,1
Mycobacterium_kansasii,245,250,5
Mycobacterium_kansasii,257,260,3
Mycobacterium_kansasii,300,315,15
Mycobacterium_kansasii,321,329,8
Mycobacterium_kansasii,338,339,1
Mycobacterium_kansasii,397,398,1
Mycobacterium_kansasii,419,430,11
Mycobacterium_kansasii,432,433,1
Mycobacterium_kansasii,446,451,5
Mycobacterium_kansasii,476,479,3
Mycobacterium_ostraviense,45,49,4
Mycobacterium_ostraviense,164,167,3
Mycobacterium_ostraviense,168,169,1
Mycobacterium_ostraviense,176,177,1
Mycobacterium_ostraviense,183,184,1
Mycobacterium_ostraviense,187,188,1
Mycobacterium_ostraviense,192,198,6
Mycobacterium_ostraviense,212,213,1
Mycobacterium_ostraviense,232,233,1
Mycobacterium_ostraviense,245,250,5
Mycobacterium_ostraviense,257,261,4
Mycobacterium_ostraviense,308,313,5
Mycobacterium_ostraviense,323,329,6
Mycobacterium_ostraviense,338,339,1
Mycobacterium_ostraviense,397,398,1
Mycobacterium_ostraviense,419,429,10
Mycobacterium_ostraviense,432,433,1
Mycobacterium_ostraviense,446,451,5
Mycobacterium_ostraviense,476,479,3
Mycolicibacterium_rufum,46,47,1
Mycobacterium_kubicae,45,48,3
Mycobacterium_kubicae,164,167,3
Mycobacterium_kubicae,168,169,1
Mycobacterium_kubicae,176,177,1
Mycobacterium_kubicae,183,184,1
Mycobacterium_kubicae,187,188,1
Mycobacterium_kubicae,192,198,6
Mycobacterium_kubicae,212,213,1
Mycobacterium_kubicae,232,233,1
Mycobacterium_kubicae,245,250,5
Mycobacterium_kubicae,257,261,4
Mycobacterium_kubicae,299,314,15
Mycobacterium_kubicae,323,329,6
Mycobacterium_kubicae,338,339,1
Mycolicibacterium_mengxianglii,46,47,1
Mycolicibacterium_baixiangningiae,46,47,1
Mycobacterium_heckeshornense,45,47,2
Mycobacterium_heckeshornense,164,167,3
Mycobacterium_heckeshornense,176,177,1
Mycobacterium_heckeshornense,183,198,15
Mycobacterium_heckeshornense,212,213,1
Mycobacterium_heckeshornense,232,233,1
Mycobacterium_heckeshornense,245,250,5
Mycobacterium_heckeshornense,299,316,17
Mycobacterium_heckeshornense,338,339,1
Mycobacterium_heckeshornense,346,347,1
Mycolicibacterium_boenickei,45,48,3
Mycobacterium_gordonae,45,48,3
Mycobacterium_gordonae,164,167,3
Mycobacterium_gordonae,168,169,1
Mycobacterium_gordonae,176,177,1
Mycobacterium_gordonae,183,184,1
Mycobacterium_gordonae,187,188,1
Mycobacterium_gordonae,192,198,6
Mycobacterium_gordonae,212,213,1
Mycobacterium_gordonae,232,233,1
Mycobacterium_gordonae,245,250,5
Mycobacterium_gordonae,257,260,3
Mycobacterium_gordonae,295,319,24
Mycobacterium_gordonae,321,329,8
Mycobacterium_gordonae,338,339,1
Mycobacterium_gordonae,419,429,10
Mycobacterium_gordonae,432,433,1
Mycobacterium_gordonae,446,450,4
Mycobacterium_paraintracellulare,45,49,4
Mycobacterium_paraintracellulare,164,167,3
Mycobacterium_paraintracellulare,168,169,1
Mycobacterium_paraintracellulare,176,177,1
Mycobacterium_paraintracellulare,183,184,1
Mycobacterium_paraintracellulare,187,188,1
Mycobacterium_paraintracellulare,192,198,6
Mycobacterium_paraintracellulare,212,213,1
Mycobacterium_paraintracellulare,232,233,1
Mycobacterium_paraintracellulare,245,250,5
Mycobacterium_paraintracellulare,256,258,2
Mycobacterium_paraintracellulare,299,316,17
Mycobacterium_paraintracellulare,321,329,8
Mycobacterium_paraintracellulare,338,339,1
Mycobacterium_paraintracellulare,419,429,10
Mycobacterium_paraintracellulare,432,433,1
Mycobacterium_paraintracellulare,446,447,1
Mycobacterium_paraintracellulare,462,463,1
Mycobacterium_paraintracellulare,478,479,1
Mycobacterium_lentiflavum,45,49,4
Mycobacterium_lentiflavum,164,167,3
Mycobacterium_lentiflavum,168,169,1
Mycobacterium_lentiflavum,176,177,1
Mycobacterium_lentiflavum,183,184,1
Mycobacterium_lentiflavum,187,188,1
Mycobacterium_lentiflavum,192,198,6
Mycobacterium_lentiflavum,212,213,1
Mycobacterium_lentiflavum,232,233,1
Mycobacterium_lentiflavum,245,250,5
Mycobacterium_lentiflavum,256,258,2
Mycobacterium_lentiflavum,303,314,11
Mycobacterium_lentiflavum,321,329,8
Mycobacterium_lentiflavum,338,339,1
Mycobacterium_lentiflavum,418,430,12
Mycobacterium_lentiflavum,432,433,1
Mycobacterium_lentiflavum,462,463,1
Mycobacterium_lentiflavum,475,477,2
Mycobacterium_lentiflavum,478,479,1
Mycolicibacter_virginiensis,45,48,3
Mycolicibacterium_thermoresistibile,164,167,3
Mycolicibacterium_thermoresistibile,183,184,1
Mycolicibacterium_thermoresistibile,187,188,1
Mycolicibacterium_thermoresistibile,192,198,6
Mycolicibacterium_thermoresistibile,212,213,1
Mycolicibacter_terrae,45,49,4
Mycobacterium_basiliense,45,48,3
Mycobacterium_basiliense,164,167,3
Mycobacterium_basiliense,168,169,1
Mycobacterium_basiliense,176,177,1
Mycobacterium_basiliense,183,184,1
Mycobacterium_basiliense,187,188,1
Mycobacterium_basiliense,192,198,6
Mycobacterium_basiliense,212,213,1
Mycobacterium_basiliense,232,233,1
Mycobacterium_basiliense,245,250,5
Mycobacterium_basiliense,257,258,1
Mycobacterium_basiliense,299,314,15
Mycobacterium_basiliense,321,322,1
Mycobacterium_basiliense,323,329,6
Mycobacterium_basiliense,338,339,1
Mycobacterium_basiliense,397,398,1
Mycobacterium_basiliense,419,429,10
Mycobacterium_basiliense,432,433,1
Mycobacterium_basiliense,446,451,5
Mycolicibacterium_hassiacum,45,47,2
Mycolicibacterium_aurum,46,47,1
Mycolicibacterium_chitae,45,47,2
Mycolicibacterium_vanbaalenii,46,47,1
Mycolicibacterium_aubagnense,45,48,3
Mycolicibacterium_chubuense,46,47,1
Mycobacterium_liflandii,45,48,3
Mycobacterium_liflandii,164,167,3
Mycobacterium_liflandii,168,169,1
Mycobacterium_liflandii,176,177,1
Mycobacterium_liflandii,183,184,1
Mycobacterium_liflandii,187,188,1
Mycobacterium_liflandii,192,198,6
Mycobacterium_liflandii,212,213,1
Mycobacterium_liflandii,232,233,1
Mycobacterium_liflandii,245,250,5
Mycobacterium_liflandii,257,261,4
Mycobacterium_liflandii,299,315,16
Mycobacterium_liflandii,323,329,6
Mycobacterium_liflandii,338,339,1
Mycobacterium_liflandii,397,398,1
Mycobacterium_liflandii,417,429,12
Mycobacterium_liflandii,432,433,1
Mycobacterium_liflandii,446,451,5
Mycobacterium_liflandii,476,479,3
Mycolicibacterium_rhodesiae,46,47,1
Mycolicibacter_sinensis,1,329,328
Mycolicibacter_sinensis,338,339,1
Mycolicibacter_sinensis,400,401,1
Mycolicibacter_sinensis,415,433,18
Mycolicibacter_sinensis,446,450,4
Mycolicibacter_sinensis,476,479,3
Mycolicibacterium_gilvum,46,47,1
Mycobacterium_haemophilum,45,49,4
Mycobacterium_haemophilum,164,167,3
Mycobacterium_haemophilum,168,169,1
Mycobacterium_haemophilum,176,177,1
Mycobacterium_haemophilum,183,184,1
Mycobacterium_haemophilum,187,188,1
Mycobacterium_haemophilum,192,198,6
Mycobacterium_haemophilum,212,213,1
Mycobacterium_haemophilum,232,233,1
Mycobacterium_haemophilum,245,250,5
Mycobacterium_haemophilum,257,258,1
Mycobacterium_haemophilum,321,329,8
Mycobacterium_haemophilum,338,339,1
Mycobacterium_haemophilum,419,429,10
Mycobacterium_haemophilum,432,433,1
Mycobacterium_haemophilum,477,479,2
Mycobacterium_paraterrae,45,48,3
Mycobacterium_paraterrae,168,169,1
Mycobacterium_paraterrae,176,177,1
Mycobacterium_paraterrae,183,184,1
Mycobacterium_paraterrae,187,188,1
Mycobacterium_paraterrae,192,198,6
Mycolicibacterium_brumae,46,47,1
Mycolicibacterium_monacense,46,47,1
Mycobacterium_xenopi,164,167,3
Mycobacterium_xenopi,168,169,1
Mycobacterium_xenopi,176,177,1
Mycobacterium_xenopi,183,184,1
Mycobacterium_xenopi,187,188,1
Mycobacterium_xenopi,192,214,22
Mycobacterium_xenopi,245,250,5
Mycobacterium_xenopi,299,329,30
Mycobacterium_xenopi,338,341,3
Mycolicibacterium_parafortuitum,45,48,3
Mycolicibacterium_pulveris,46,47,1
Mycolicibacterium_pulveris,164,167,3
Mycolicibacterium_pulveris,168,169,1
Mycolicibacterium_pulveris,176,177,1
Mycolicibacterium_pulveris,183,184,1
Mycolicibacterium_pulveris,187,188,1
Mycolicibacterium_pulveris,192,198,6
Mycolicibacterium_tokaiense,46,47,1
Mycolicibacterium_moriokaense,46,47,1
Mycolicibacterium_moriokaense,166,167,1
Mycolicibacterium_moriokaense,168,169,1
Mycolicibacterium_moriokaense,176,177,1
Mycolicibacterium_moriokaense,183,184,1
Mycolicibacterium_moriokaense,187,188,1
Mycolicibacterium_moriokaense,192,198,6
Mycolicibacterium_aichiense,45,48,3
Mycobacterium_novum,1,329,328
Mycobacterium_novum,338,339,1
Mycobacterium_novum,400,401,1
Mycobacterium_novum,415,433,18
Mycobacterium_novum,443,444,1
Mycobacterium_novum,446,450,4
Mycobacterium_novum,476,479,3
Mycolicibacterium_duvalii,46,47,1
Mycolicibacterium_fallax,46,47,1
Mycolicibacterium_alvei,46,47,1
Mycobacterium_simiae,45,49,4
Mycobacterium_simiae,164,167,3
Mycobacterium_simiae,168,169,1
Mycobacterium_simiae,176,177,1
Mycobacterium_simiae,183,184,1
Mycobacterium_simiae,187,188,1
Mycobacterium_simiae,192,198,6
Mycobacterium_simiae,212,213,1
Mycobacterium_simiae,232,233,1
Mycobacterium_simiae,245,250,5
Mycobacterium_simiae,256,258,2
Mycobacterium_simiae,303,314,11
Mycobacterium_simiae,321,329,8
Mycobacterium_simiae,338,339,1
Mycobacterium_simiae,419,429,10
Mycobacterium_simiae,432,433,1
Mycobacterium_simiae,446,450,4
Mycobacterium_simiae,476,479,3
Mycobacterium_noviomagense,45,47,2
Mycobacterium_noviomagense,164,167,3
Mycobacterium_noviomagense,168,169,1
Mycobacterium_noviomagense,176,177,1
Mycobacterium_noviomagense,183,184,1
Mycobacterium_noviomagense,187,188,1
Mycobacterium_noviomagense,212,213,1
Mycobacterium_noviomagense,232,233,1
Mycobacterium_noviomagense,245,249,4
Mycobacterium_noviomagense,252,258,6
Mycobacterium_noviomagense,296,329,33
Mycobacterium_noviomagense,338,339,1
Mycobacterium_noviomagense,346,347,1
Mycobacterium_paraseoulense,45,49,4
Mycobacterium_paraseoulense,155,156,1
Mycobacterium_paraseoulense,164,167,3
Mycobacterium_paraseoulense,168,169,1
Mycobacterium_paraseoulense,176,177,1
Mycobacterium_paraseoulense,183,184,1
Mycobacterium_paraseoulense,187,188,1
Mycobacterium_paraseoulense,192,198,6
Mycobacterium_paraseoulense,212,213,1
Mycobacterium_paraseoulense,232,233,1
Mycobacterium_paraseoulense,245,250,5
Mycobacterium_paraseoulense,256,258,2
Mycobacterium_paraseoulense,299,316,17
Mycobacterium_paraseoulense,321,329,8
Mycobacterium_paraseoulense,338,339,1
Mycobacterium_paraseoulense,419,429,10
Mycobacterium_paraseoulense,432,433,1
Mycobacterium_paraseoulense,446,447,1
Mycobacterium_paraseoulense,462,463,1
Mycobacterium_paraseoulense,478,479,1
Mycolicibacterium_litorale,46,47,1
Mycobacterium_stomatepiae,45,49,4
Mycobacterium_stomatepiae,164,167,3
Mycobacterium_stomatepiae,168,169,1
Mycobacterium_stomatepiae,176,177,1
Mycobacterium_stomatepiae,183,184,1
Mycobacterium_stomatepiae,187,188,1
Mycobacterium_stomatepiae,192,198,6
Mycobacterium_stomatepiae,212,213,1
Mycobacterium_stomatepiae,232,233,1
Mycobacterium_stomatepiae,245,250,5
Mycobacterium_stomatepiae,256,258,2
Mycobacterium_stomatepiae,303,314,11
Mycobacterium_stomatepiae,321,329,8
Mycobacterium_stomatepiae,338,339,1
Mycobacterium_stomatepiae,418,430,12
Mycobacterium_stomatepiae,432,433,1
Mycobacterium_stomatepiae,462,463,1
Mycobacterium_stomatepiae,475,477,2
Mycobacterium_stomatepiae,478,479,1
Mycolicibacterium_sediminis,46,47,1
Mycolicibacter_minnesotensis,45,48,3
Mycobacterium_mantenii,45,48,3
Mycobacterium_mantenii,164,167,3
Mycobacterium_mantenii,168,169,1
Mycobacterium_mantenii,176,177,1
Mycobacterium_mantenii,183,184,1
Mycobacterium_mantenii,187,188,1
Mycobacterium_mantenii,192,198,6
Mycobacterium_mantenii,212,213,1
Mycobacterium_mantenii,232,233,1
Mycobacterium_mantenii,245,250,5
Mycobacterium_mantenii,256,258,2
Mycobacterium_mantenii,299,316,17
Mycobacterium_mantenii,321,329,8
Mycobacterium_mantenii,338,339,1
Mycobacterium_mantenii,419,429,10
Mycobacterium_mantenii,446,447,1
Mycobacterium_mantenii,462,463,1
Mycobacterium_mantenii,478,479,1
Mycolicibacterium_celeriflavum,46,47,1
Mycolicibacterium_arabiense,46,47,1
Mycolicibacillus_koreensis,45,48,3
Mycolicibacterium_anyangense,45,47,2
Mycolicibacterium_sarraceniae,46,47,1
Mycolicibacterium_helvum,46,47,1
Mycolicibacterium_insubricum,46,47,1
Mycolicibacterium_mageritense,46,47,1
Mycolicibacterium_mageritense,166,167,1
Mycolicibacterium_mageritense,168,169,1
Mycolicibacterium_mageritense,176,177,1
Mycolicibacterium_mageritense,183,184,1
Mycolicibacterium_mageritense,187,188,1
Mycolicibacterium_mageritense,192,198,6
Mycobacterium_seoulense,45,49,4
Mycobacterium_seoulense,164,167,3
Mycobacterium_seoulense,168,169,1
Mycobacterium_seoulense,176,177,1
Mycobacterium_seoulense,183,184,1
Mycobacterium_seoulense,187,188,1
Mycobacterium_seoulense,192,198,6
Mycobacterium_seoulense,212,213,1
Mycobacterium_seoulense,232,233,1
Mycobacterium_seoulense,245,250,5
Mycobacterium_seoulense,256,258,2
Mycobacterium_seoulense,299,316,17
Mycobacterium_seoulense,321,329,8
Mycobacterium_seoulense,338,339,1
Mycobacterium_seoulense,419,429,10
Mycobacterium_seoulense,432,433,1
Mycobacterium_seoulense,446,447,1
Mycobacterium_seoulense,462,463,1
Mycobacterium_seoulense,478,479,1
Mycobacterium_lacus,45,48,3
Mycobacterium_lacus,164,167,3
Mycobacterium_lacus,168,169,1
Mycobacterium_lacus,176,177,1
Mycobacterium_lacus,183,184,1
Mycobacterium_lacus,187,188,1
Mycobacterium_lacus,192,198,6
Mycobacterium_lacus,212,213,1
Mycobacterium_lacus,232,233,1
Mycobacterium_lacus,245,250,5
Mycobacterium_lacus,257,258,1
Mycobacterium_lacus,299,315,16
Mycobacterium_lacus,323,328,5
Mycobacterium_lacus,338,339,1
Mycobacterium_cookii,45,48,3
Mycobacterium_cookii,165,167,2
Mycobacterium_cookii,168,169,1
Mycobacterium_cookii,176,177,1
Mycobacterium_cookii,187,188,1
Mycobacterium_cookii,192,198,6
Mycolicibacterium_doricum,46,47,1
Mycolicibacterium_poriferae,45,48,3
Mycobacterium_branderi,45,47,2
Mycobacterium_branderi,166,167,1
Mycobacterium_branderi,168,169,1
Mycobacterium_branderi,176,177,1
Mycobacterium_branderi,183,184,1
Mycobacterium_branderi,187,188,1
Mycobacterium_branderi,192,198,6
Mycobacterium_branderi,212,213,1
Mycobacterium_branderi,232,233,1
Mycobacterium_branderi,257,258,1
Mycobacterium_branderi,295,329,34
Mycobacterium_branderi,338,339,1
Mycobacterium_branderi,346,347,1
Mycolicibacterium_gadium,46,47,1
Mycobacterium_saskatchewanense,45,48,3
Mycobacterium_saskatchewanense,164,167,3
Mycobacterium_saskatchewanense,168,169,1
Mycobacterium_saskatchewanense,176,177,1
Mycobacterium_saskatchewanense,183,184,1
Mycobacterium_saskatchewanense,187,188,1
Mycobacterium_saskatchewanense,192,198,6
Mycobacterium_saskatchewanense,212,213,1
Mycobacterium_saskatchewanense,232,233,1
Mycobacterium_saskatchewanense,245,250,5
Mycobacterium_saskatchewanense,257,258,1
Mycobacterium_saskatchewanense,299,315,16
Mycobacterium_saskatchewanense,321,329,8
Mycobacterium_saskatchewanense,338,339,1
Mycobacterium_saskatchewanense,419,429,10
Mycobacterium_saskatchewanense,432,434,2
Mycobacterium_saskatchewanense,446,450,4
Mycobacterium_saskatchewanense,462,465,3
Mycobacterium_saskatchewanense,476,479,3
Mycolicibacterium_psychrotolerans,46,47,1
Mycolicibacter_hiberniae,1,329,328
Mycolicibacter_hiberniae,338,339,1
Mycolicibacter_hiberniae,400,401,1
Mycolicibacter_hiberniae,415,433,18
Mycolicibacter_hiberniae,446,450,4
Mycolicibacter_hiberniae,476,479,3
Mycolicibacterium_madagascariense,46,47,1
Mycolicibacterium_confluentis,46,47,1
Mycobacterium_shinjukuense,45,47,2
Mycobacterium_shinjukuense,164,167,3
Mycobacterium_shinjukuense,168,169,1
Mycobacterium_shinjukuense,176,177,1
Mycobacterium_shinjukuense,187,188,1
Mycobacterium_shinjukuense,192,198,6
Mycobacterium_shinjukuense,212,213,1
Mycobacterium_shinjukuense,232,233,1
Mycobacterium_shinjukuense,245,250,5
Mycobacterium_shinjukuense,257,258,1
Mycobacterium_shinjukuense,295,319,24
Mycobacterium_shinjukuense,321,329,8
Mycobacterium_shinjukuense,338,339,1
Mycobacterium_conspicuum,45,48,3
Mycobacterium_conspicuum,164,167,3
Mycobacterium_conspicuum,168,169,1
Mycobacterium_conspicuum,176,177,1
Mycobacterium_conspicuum,183,184,1
Mycobacterium_conspicuum,187,188,1
Mycobacterium_conspicuum,192,198,6
Mycobacterium_conspicuum,212,213,1
Mycobacterium_conspicuum,232,233,1
Mycobacterium_conspicuum,245,250,5
Mycobacterium_conspicuum,257,258,1
Mycobacterium_conspicuum,308,313,5
Mycobacterium_conspicuum,323,329,6
Mycobacterium_conspicuum,338,339,1
Mycobacterium_conspicuum,397,398,1
Mycobacterium_conspicuum,415,429,14
Mycobacterium_conspicuum,432,433,1
Mycobacterium_conspicuum,446,451,5
Mycobacterium_florentinum,45,49,4
Mycobacterium_florentinum,164,167,3
Mycobacterium_florentinum,168,169,1
Mycobacterium_florentinum,176,177,1
Mycobacterium_florentinum,183,184,1
Mycobacterium_florentinum,187,188,1
Mycobacterium_florentinum,192,198,6
Mycobacterium_florentinum,212,213,1
Mycobacterium_florentinum,232,233,1
Mycobacterium_florentinum,245,250,5
Mycobacterium_florentinum,256,258,2
Mycobacterium_florentinum,303,314,11
Mycobacterium_florentinum,321,329,8
Mycobacterium_florentinum,338,339,1
Mycobacterium_florentinum,418,430,12
Mycobacterium_florentinum,432,433,1
Mycobacterium_florentinum,462,463,1
Mycobacterium_florentinum,475,477,2
Mycobacterium_florentinum,478,479,1
Mycobacterium_parmense,45,49,4
Mycobacterium_parmense,164,167,3
Mycobacterium_parmense,168,169,1
Mycobacterium_parmense,176,177,1
Mycobacterium_parmense,183,184,1
Mycobacterium_parmense,187,188,1
Mycobacterium_parmense,192,198,6
Mycobacterium_parmense,212,213,1
Mycobacterium_parmense,232,233,1
Mycobacterium_parmense,245,250,5
Mycobacterium_parmense,257,258,1
Mycobacterium_parmense,299,315,16
Mycobacterium_parmense,321,329,8
Mycobacterium_parmense,338,339,1
Mycobacterium_parmense,419,429,10
Mycobacterium_parmense,432,433,1
Mycobacterium_parmense,446,447,1
Mycobacterium_parmense,462,463,1
Mycobacterium_parmense,478,479,1
Mycobacterium_heidelbergense,45,48,3
Mycobacterium_heidelbergense,164,167,3
Mycobacterium_heidelbergense,168,169,1
Mycobacterium_heidelbergense,176,177,1
Mycobacterium_heidelbergense,183,184,1
Mycobacterium_heidelbergense,187,188,1
Mycobacterium_heidelbergense,192,198,6
Mycobacterium_heidelbergense,212,213,1
Mycobacterium_heidelbergense,232,233,1
Mycobacterium_heidelbergense,245,250,5
Mycobacterium_heidelbergense,256,258,2
Mycobacterium_heidelbergense,299,316,17
Mycobacterium_heidelbergense,321,322,1
Mycobacterium_heidelbergense,323,329,6
Mycobacterium_heidelbergense,338,339,1
Mycobacterium_heidelbergense,432,433,1
Mycobacterium_heidelbergense,446,447,1
Mycobacterium_heidelbergense,462,464,2
Mycobacterium_heidelbergense,476,479,3
Mycobacterium_grossiae,45,48,3
Mycobacterium_grossiae,164,167,3
Mycobacterium_grossiae,168,169,1
Mycobacterium_grossiae,176,177,1
Mycobacterium_grossiae,183,184,1
Mycobacterium_grossiae,187,188,1
Mycobacterium_grossiae,192,198,6
Mycobacteroides_salmoniphilum,45,49,4
Mycolicibacterium_mucogenicum,45,48,3
Mycobacterium_vicinigordonae,45,48,3
Mycobacterium_vicinigordonae,164,167,3
Mycobacterium_vicinigordonae,168,169,1
Mycobacterium_vicinigordonae,176,177,1
Mycobacterium_vicinigordonae,183,184,1
Mycobacterium_vicinigordonae,187,188,1
Mycobacterium_vicinigordonae,192,198,6
Mycobacterium_vicinigordonae,212,213,1
Mycobacterium_vicinigordonae,232,233,1
Mycobacterium_vicinigordonae,245,250,5
Mycobacterium_vicinigordonae,257,261,4
Mycobacterium_vicinigordonae,299,315,16
Mycobacterium_vicinigordonae,321,329,8
Mycobacterium_vicinigordonae,338,339,1
Mycobacterium_vicinigordonae,419,429,10
Mycobacterium_vicinigordonae,432,433,1
Mycobacterium_vicinigordonae,446,449,3
Mycolicibacterium_nivoides,45,48,3
Mycolicibacterium_rutilum,46,47,1
Mycolicibacterium_rutilum,168,169,1
Mycolicibacterium_rutilum,176,177,1
Mycolicibacterium_rutilum,183,184,1
Mycolicibacterium_rutilum,192,198,6
Mycolicibacterium_rutilum,212,213,1
Mycolicibacterium_rutilum,232,233,1
Mycolicibacterium_fluoranthenivorans,45,48,3
Mycobacterium_senriense,45,49,4
Mycobacterium_senriense,164,167,3
Mycobacterium_senriense,168,169,1
Mycobacterium_senriense,176,177,1
Mycobacterium_senriense,183,184,1
Mycobacterium_senriense,187,188,1
Mycobacterium_senriense,192,198,6
Mycobacterium_senriense,212,213,1
Mycobacterium_senriense,232,233,1
Mycobacterium_senriense,245,250,5
Mycobacterium_senriense,256,258,2
Mycobacterium_senriense,299,316,17
Mycobacterium_senriense,321,329,8
Mycobacterium_senriense,338,339,1
Mycobacterium_senriense,419,429,10
Mycobacterium_senriense,446,447,1
Mycobacterium_senriense,462,463,1
Mycobacterium_senriense,478,479,1
Mycolicibacterium_septicum,45,48,3
Mycobacterium_riyadhense,45,49,4
Mycobacterium_riyadhense,164,167,3
Mycobacterium_riyadhense,168,169,1
Mycobacterium_riyadhense,176,177,1
Mycobacterium_riyadhense,183,184,1
Mycobacterium_riyadhense,187,188,1
Mycobacterium_riyadhense,192,198,6
Mycobacterium_riyadhense,212,213,1
Mycobacterium_riyadhense,232,233,1
Mycobacterium_riyadhense,245,250,5
Mycobacterium_riyadhense,257,261,4
Mycobacterium_riyadhense,299,315,16
Mycobacterium_riyadhense,323,329,6
Mycobacterium_riyadhense,397,398,1
Mycobacterium_riyadhense,419,430,11
Mycobacterium_riyadhense,432,433,1
Mycobacterium_riyadhense,446,451,5
Mycobacterium_frederiksbergense,46,47,1
