,sp,start,end,len
0,Mycobacterium_hominissuis,45,47,2
1,Mycobacterium_hominissuis,164,167,3
2,Mycobacterium_hominissuis,168,169,1
3,Mycobacterium_hominissuis,176,177,1
4,Mycobacterium_hominissuis,183,184,1
5,Mycobacterium_hominissuis,187,188,1
6,Mycobacterium_hominissuis,192,198,6
7,Mycobacterium_hominissuis,212,213,1
8,Mycobacterium_hominissuis,232,233,1
9,Mycobacterium_hominissuis,245,250,5
10,Mycobacterium_hominissuis,256,258,2
11,Mycobacterium_hominissuis,299,316,17
12,Mycobacterium_hominissuis,321,329,8
13,Mycobacterium_hominissuis,338,339,1
14,Mycobacterium_hominissuis,419,429,10
15,Mycobacterium_hominissuis,432,433,1
16,Mycobacterium_hominissuis,438,440,2
17,Mycobacterium_hominissuis,446,447,1
18,Mycobacterium_hominissuis,462,463,1
19,Mycobacterium_hominissuis,478,479,1
20,Mycobacterium_colombiense,45,49,4
21,Mycobacterium_colombiense,164,167,3
22,Mycobacterium_colombiense,168,169,1
23,Mycobacterium_colombiense,176,177,1
24,Mycobacterium_colombiense,183,184,1
25,Mycobacterium_colombiense,187,188,1
26,Mycobacterium_colombiense,192,198,6
27,Mycobacterium_colombiense,212,213,1
28,Mycobacterium_colombiense,232,233,1
29,Mycobacterium_colombiense,245,250,5
30,Mycobacterium_colombiense,256,258,2
31,Mycobacterium_colombiense,299,316,17
32,Mycobacterium_colombiense,321,329,8
33,Mycobacterium_colombiense,338,339,1
34,Mycobacterium_colombiense,418,429,11
35,Mycobacterium_colombiense,446,447,1
36,Mycobacterium_colombiense,462,463,1
37,Mycobacterium_colombiense,478,479,1
38,Mycobacteroides_massiliense,45,49,4
39,Mycobacterium_yongonense,45,49,4
40,Mycobacterium_yongonense,164,167,3
41,Mycobacterium_yongonense,168,169,1
42,Mycobacterium_yongonense,176,177,1
43,Mycobacterium_yongonense,183,184,1
44,Mycobacterium_yongonense,187,188,1
45,Mycobacterium_yongonense,192,198,6
46,Mycobacterium_yongonense,212,213,1
47,Mycobacterium_yongonense,232,233,1
48,Mycobacterium_yongonense,245,250,5
49,Mycobacterium_yongonense,256,258,2
50,Mycobacterium_yongonense,299,316,17
51,Mycobacterium_yongonense,321,329,8
52,Mycobacterium_yongonense,338,339,1
53,Mycobacterium_yongonense,419,429,10
54,Mycobacterium_yongonense,432,433,1
55,Mycobacterium_yongonense,446,447,1
56,Mycobacterium_yongonense,462,463,1
57,Mycobacterium_yongonense,478,479,1
58,Mycobacterium_chimaera,45,49,4
59,Mycobacterium_chimaera,164,167,3
60,Mycobacterium_chimaera,168,169,1
61,Mycobacterium_chimaera,176,177,1
62,Mycobacterium_chimaera,183,184,1
63,Mycobacterium_chimaera,187,188,1
64,Mycobacterium_chimaera,192,198,6
65,Mycobacterium_chimaera,212,213,1
66,Mycobacterium_chimaera,232,233,1
67,Mycobacterium_chimaera,245,250,5
68,Mycobacterium_chimaera,256,258,2
69,Mycobacterium_chimaera,299,316,17
70,Mycobacterium_chimaera,321,329,8
71,Mycobacterium_chimaera,338,339,1
72,Mycobacterium_chimaera,419,429,10
73,Mycobacterium_chimaera,432,433,1
74,Mycobacterium_chimaera,446,447,1
75,Mycobacterium_chimaera,462,463,1
76,Mycobacterium_chimaera,478,479,1
77,Mycobacterium_dioxanotrophicus,46,47,1
78,Mycobacterium_dioxanotrophicus,166,167,1
79,Mycobacterium_dioxanotrophicus,168,169,1
80,Mycobacterium_dioxanotrophicus,176,177,1
81,Mycobacterium_dioxanotrophicus,183,184,1
82,Mycobacterium_dioxanotrophicus,187,188,1
83,Mycobacterium_dioxanotrophicus,192,198,6
84,Mycobacterium_intracellulare,45,49,4
85,Mycobacterium_intracellulare,164,167,3
86,Mycobacterium_intracellulare,168,169,1
87,Mycobacterium_intracellulare,176,177,1
88,Mycobacterium_intracellulare,183,184,1
89,Mycobacterium_intracellulare,187,188,1
90,Mycobacterium_intracellulare,192,198,6
91,Mycobacterium_intracellulare,212,213,1
92,Mycobacterium_intracellulare,232,233,1
93,Mycobacterium_intracellulare,245,250,5
94,Mycobacterium_intracellulare,256,258,2
95,Mycobacterium_intracellulare,299,316,17
96,Mycobacterium_intracellulare,321,329,8
97,Mycobacterium_intracellulare,338,339,1
98,Mycobacterium_intracellulare,419,429,10
99,Mycobacterium_intracellulare,432,433,1
100,Mycobacterium_intracellulare,446,447,1
101,Mycobacterium_intracellulare,462,463,1
102,Mycobacterium_intracellulare,478,479,1
103,Mycobacterium_marseillense,45,49,4
104,Mycobacterium_marseillense,164,167,3
105,Mycobacterium_marseillense,168,169,1
106,Mycobacterium_marseillense,176,177,1
107,Mycobacterium_marseillense,183,184,1
108,Mycobacterium_marseillense,187,188,1
109,Mycobacterium_marseillense,192,198,6
110,Mycobacterium_marseillense,212,213,1
111,Mycobacterium_marseillense,232,233,1
112,Mycobacterium_marseillense,245,250,5
113,Mycobacterium_marseillense,256,258,2
114,Mycobacterium_marseillense,299,316,17
115,Mycobacterium_marseillense,321,329,8
116,Mycobacterium_marseillense,338,339,1
117,Mycobacterium_marseillense,420,429,9
118,Mycobacterium_marseillense,432,433,1
119,Mycobacterium_marseillense,446,447,1
120,Mycobacterium_marseillense,462,463,1
121,Mycobacterium_marseillense,478,479,1
122,Mycobacterium_shinshuense,45,48,3
123,Mycobacterium_shinshuense,164,167,3
124,Mycobacterium_shinshuense,168,169,1
125,Mycobacterium_shinshuense,176,177,1
126,Mycobacterium_shinshuense,183,184,1
127,Mycobacterium_shinshuense,187,188,1
128,Mycobacterium_shinshuense,192,198,6
129,Mycobacterium_shinshuense,212,213,1
130,Mycobacterium_shinshuense,232,233,1
131,Mycobacterium_shinshuense,245,250,5
132,Mycobacterium_shinshuense,257,261,4
133,Mycobacterium_shinshuense,299,315,16
134,Mycobacterium_shinshuense,323,329,6
135,Mycobacterium_shinshuense,338,339,1
136,Mycobacterium_shinshuense,397,398,1
137,Mycobacterium_shinshuense,417,429,12
138,Mycobacterium_shinshuense,432,433,1
139,Mycobacterium_shinshuense,446,451,5
140,Mycobacterium_shinshuense,476,479,3
141,Mycobacterium_shigaense,45,49,4
142,Mycobacterium_shigaense,164,167,3
143,Mycobacterium_shigaense,168,169,1
144,Mycobacterium_shigaense,176,177,1
145,Mycobacterium_shigaense,183,184,1
146,Mycobacterium_shigaense,187,188,1
147,Mycobacterium_shigaense,192,198,6
148,Mycobacterium_shigaense,212,213,1
149,Mycobacterium_shigaense,232,233,1
150,Mycobacterium_shigaense,245,250,5
151,Mycobacterium_shigaense,257,258,1
152,Mycobacterium_shigaense,299,316,17
153,Mycobacterium_shigaense,321,329,8
154,Mycobacterium_shigaense,338,339,1
155,Mycobacterium_shigaense,398,399,1
156,Mycobacterium_shigaense,418,429,11
157,Mycobacterium_shigaense,432,433,1
158,Mycobacterium_shigaense,446,451,5
159,Mycobacterium_shigaense,462,466,4
160,Mycobacterium_shigaense,476,479,3
161,Mycobacteroides_abscessus,45,49,4
162,Mycobacterium_leprae,45,49,4
163,Mycobacterium_leprae,164,167,3
164,Mycobacterium_leprae,183,184,1
165,Mycobacterium_leprae,187,188,1
166,Mycobacterium_leprae,192,198,6
167,Mycobacterium_leprae,212,213,1
168,Mycobacterium_leprae,232,233,1
169,Mycobacterium_leprae,245,250,5
170,Mycobacterium_leprae,256,261,5
171,Mycobacterium_leprae,299,316,17
172,Mycobacterium_leprae,321,329,8
173,Mycobacterium_leprae,338,339,1
174,Mycobacterium_leprae,420,425,5
175,Mycobacterium_leprae,432,433,1
176,Mycobacterium_leprae,477,479,2
177,Mycobacterium_pseudoshottsii,45,48,3
178,Mycobacterium_pseudoshottsii,164,167,3
179,Mycobacterium_pseudoshottsii,168,169,1
180,Mycobacterium_pseudoshottsii,176,177,1
181,Mycobacterium_pseudoshottsii,183,184,1
182,Mycobacterium_pseudoshottsii,187,188,1
183,Mycobacterium_pseudoshottsii,192,198,6
184,Mycobacterium_pseudoshottsii,212,213,1
185,Mycobacterium_pseudoshottsii,232,233,1
186,Mycobacterium_pseudoshottsii,245,250,5
187,Mycobacterium_pseudoshottsii,257,261,4
188,Mycobacterium_pseudoshottsii,299,315,16
189,Mycobacterium_pseudoshottsii,323,329,6
190,Mycobacterium_pseudoshottsii,338,339,1
191,Mycobacterium_pseudoshottsii,397,398,1
192,Mycobacterium_pseudoshottsii,417,429,12
193,Mycobacterium_pseudoshottsii,432,433,1
194,Mycobacterium_pseudoshottsii,446,451,5
195,Mycobacterium_pseudoshottsii,476,479,3
196,Mycobacteroides_bolletii,45,49,4
197,Mycolicibacterium_neoaurum,46,47,1
198,Mycobacterium_marinum,45,48,3
199,Mycobacterium_marinum,164,167,3
200,Mycobacterium_marinum,168,169,1
201,Mycobacterium_marinum,176,177,1
202,Mycobacterium_marinum,183,184,1
203,Mycobacterium_marinum,187,188,1
204,Mycobacterium_marinum,192,198,6
205,Mycobacterium_marinum,212,213,1
206,Mycobacterium_marinum,232,233,1
207,Mycobacterium_marinum,245,250,5
208,Mycobacterium_marinum,257,261,4
209,Mycobacterium_marinum,299,315,16
210,Mycobacterium_marinum,323,329,6
211,Mycobacterium_marinum,338,339,1
212,Mycobacterium_marinum,397,398,1
213,Mycobacterium_marinum,417,429,12
214,Mycobacterium_marinum,432,433,1
215,Mycobacterium_marinum,446,451,5
216,Mycobacterium_marinum,476,479,3
217,Mycobacterium_paragordonae,45,48,3
218,Mycobacterium_paragordonae,164,167,3
219,Mycobacterium_paragordonae,168,169,1
220,Mycobacterium_paragordonae,176,177,1
221,Mycobacterium_paragordonae,183,184,1
222,Mycobacterium_paragordonae,187,188,1
223,Mycobacterium_paragordonae,192,198,6
224,Mycobacterium_paragordonae,212,213,1
225,Mycobacterium_paragordonae,232,233,1
226,Mycobacterium_paragordonae,245,250,5
227,Mycobacterium_paragordonae,257,260,3
228,Mycobacterium_paragordonae,295,319,24
229,Mycobacterium_paragordonae,321,329,8
230,Mycobacterium_paragordonae,338,339,1
231,Mycobacterium_paragordonae,419,429,10
232,Mycobacterium_paragordonae,432,433,1
233,Mycobacterium_paragordonae,446,450,4
234,Mycobacterium_avium,45,47,2
235,Mycobacterium_avium,164,167,3
236,Mycobacterium_avium,168,169,1
237,Mycobacterium_avium,176,177,1
238,Mycobacterium_avium,183,184,1
239,Mycobacterium_avium,187,188,1
240,Mycobacterium_avium,192,198,6
241,Mycobacterium_avium,212,213,1
242,Mycobacterium_avium,232,233,1
243,Mycobacterium_avium,245,250,5
244,Mycobacterium_avium,256,258,2
245,Mycobacterium_avium,299,316,17
246,Mycobacterium_avium,321,329,8
247,Mycobacterium_avium,338,339,1
248,Mycobacterium_avium,419,429,10
249,Mycobacterium_avium,432,433,1
250,Mycobacterium_avium,438,440,2
251,Mycobacterium_avium,446,447,1
252,Mycobacterium_avium,462,463,1
253,Mycobacterium_avium,478,479,1
254,Mycolicibacterium_smegmatis,45,48,3
255,Mycolicibacterium_smegmatis,165,166,1
256,Mycolicibacterium_smegmatis,168,169,1
257,Mycolicibacterium_smegmatis,176,177,1
258,Mycolicibacterium_smegmatis,183,184,1
259,Mycolicibacterium_smegmatis,187,188,1
260,Mycolicibacterium_smegmatis,192,198,6
261,Mycobacteroides_chelonae,45,49,4
262,Mycolicibacterium_vaccae,46,47,1
263,Mycobacteroides_immunogenum,45,48,3
264,Mycolicibacterium_phlei,46,47,1
265,Mycobacteroides_saopaulense,45,49,4
266,Mycobacterium_lepromatosis,45,49,4
267,Mycobacterium_lepromatosis,164,167,3
268,Mycobacterium_lepromatosis,168,169,1
269,Mycobacterium_lepromatosis,183,184,1
270,Mycobacterium_lepromatosis,187,188,1
271,Mycobacterium_lepromatosis,192,198,6
272,Mycobacterium_lepromatosis,212,213,1
273,Mycobacterium_lepromatosis,232,233,1
274,Mycobacterium_lepromatosis,245,250,5
275,Mycobacterium_lepromatosis,257,258,1
276,Mycobacterium_lepromatosis,299,315,16
277,Mycobacterium_lepromatosis,321,329,8
278,Mycobacterium_lepromatosis,338,340,2
279,Mycobacterium_lepromatosis,419,425,6
280,Mycobacterium_lepromatosis,432,433,1
281,Mycobacterium_lepromatosis,477,479,2
282,Mycolicibacterium_fortuitum,45,48,3
283,Mycolicibacterium_fortuitum,165,167,2
284,Mycolicibacterium_fortuitum,168,169,1
285,Mycolicibacterium_fortuitum,176,177,1
286,Mycolicibacterium_fortuitum,183,184,1
287,Mycolicibacterium_fortuitum,187,188,1
288,Mycolicibacterium_fortuitum,192,198,6
289,Mycolicibacterium_fortuitum,222,223,1
290,Mycolicibacterium_fortuitum,232,233,1
291,Mycolicibacterium_fortuitum,246,249,3
292,Mycolicibacterium_fortuitum,257,258,1
293,Mycolicibacterium_diernhoferi,46,47,1
294,Mycolicibacterium_pallens,46,47,1
295,Mycobacterium_shottsii,45,48,3
296,Mycobacterium_shottsii,164,167,3
297,Mycobacterium_shottsii,168,169,1
298,Mycobacterium_shottsii,176,177,1
299,Mycobacterium_shottsii,183,184,1
300,Mycobacterium_shottsii,187,188,1
301,Mycobacterium_shottsii,192,198,6
302,Mycobacterium_shottsii,212,213,1
303,Mycobacterium_shottsii,232,233,1
304,Mycobacterium_shottsii,245,250,5
305,Mycobacterium_shottsii,257,261,4
306,Mycobacterium_shottsii,299,315,16
307,Mycobacterium_shottsii,323,329,6
308,Mycobacterium_shottsii,338,339,1
309,Mycobacterium_shottsii,397,398,1
310,Mycobacterium_shottsii,417,429,12
311,Mycobacterium_shottsii,432,433,1
312,Mycobacterium_shottsii,446,451,5
313,Mycobacterium_shottsii,476,479,3
314,Mycolicibacter_heraklionensis,45,48,3
315,Mycolicibacterium_holsaticum,46,47,1
316,Mycobacterium_malmoense,45,49,4
317,Mycobacterium_malmoense,164,167,3
318,Mycobacterium_malmoense,168,169,1
319,Mycobacterium_malmoense,176,177,1
320,Mycobacterium_malmoense,183,184,1
321,Mycobacterium_malmoense,187,188,1
322,Mycobacterium_malmoense,192,198,6
323,Mycobacterium_malmoense,212,213,1
324,Mycobacterium_malmoense,232,233,1
325,Mycobacterium_malmoense,245,250,5
326,Mycobacterium_malmoense,256,258,2
327,Mycobacterium_malmoense,299,316,17
328,Mycobacterium_malmoense,321,329,8
329,Mycobacterium_malmoense,338,339,1
330,Mycobacterium_malmoense,419,430,11
331,Mycobacterium_malmoense,432,433,1
332,Mycobacterium_malmoense,446,450,4
333,Mycobacterium_malmoense,462,463,1
334,Mycobacterium_malmoense,476,479,3
335,Mycolicibacterium_senegalense,45,48,3
336,Mycolicibacterium_senegalense,168,169,1
337,Mycolicibacterium_senegalense,176,177,1
338,Mycolicibacterium_senegalense,183,184,1
339,Mycolicibacterium_senegalense,187,188,1
340,Mycolicibacterium_senegalense,192,198,6
341,Mycolicibacterium_senegalense,222,223,1
342,Mycolicibacterium_senegalense,232,233,1
343,Mycolicibacterium_senegalense,246,249,3
344,Mycolicibacterium_senegalense,257,258,1
345,Mycolicibacterium_farcinogenes,45,48,3
346,Mycolicibacterium_farcinogenes,168,169,1
347,Mycolicibacterium_farcinogenes,176,177,1
348,Mycolicibacterium_farcinogenes,183,184,1
349,Mycolicibacterium_farcinogenes,187,188,1
350,Mycolicibacterium_farcinogenes,192,198,6
351,Mycolicibacterium_farcinogenes,222,223,1
352,Mycolicibacterium_farcinogenes,232,233,1
353,Mycolicibacterium_farcinogenes,246,249,3
354,Mycolicibacterium_farcinogenes,257,258,1
355,Mycobacterium_ulcerans,45,48,3
356,Mycobacterium_ulcerans,164,167,3
357,Mycobacterium_ulcerans,168,169,1
358,Mycobacterium_ulcerans,176,177,1
359,Mycobacterium_ulcerans,183,184,1
360,Mycobacterium_ulcerans,187,188,1
361,Mycobacterium_ulcerans,192,198,6
362,Mycobacterium_ulcerans,212,213,1
363,Mycobacterium_ulcerans,232,233,1
364,Mycobacterium_ulcerans,245,250,5
365,Mycobacterium_ulcerans,257,261,4
366,Mycobacterium_ulcerans,299,315,16
367,Mycobacterium_ulcerans,323,329,6
368,Mycobacterium_ulcerans,338,339,1
369,Mycobacterium_ulcerans,397,398,1
370,Mycobacterium_ulcerans,417,429,12
371,Mycobacterium_ulcerans,432,433,1
372,Mycobacterium_ulcerans,446,451,5
373,Mycobacterium_ulcerans,476,479,3
374,Mycobacterium_spongiae,45,49,4
375,Mycobacterium_spongiae,155,156,1
376,Mycobacterium_spongiae,164,167,3
377,Mycobacterium_spongiae,168,169,1
378,Mycobacterium_spongiae,176,177,1
379,Mycobacterium_spongiae,183,184,1
380,Mycobacterium_spongiae,187,188,1
381,Mycobacterium_spongiae,192,198,6
382,Mycobacterium_spongiae,212,213,1
383,Mycobacterium_spongiae,232,233,1
384,Mycobacterium_spongiae,245,250,5
385,Mycobacterium_spongiae,257,258,1
386,Mycobacterium_spongiae,295,319,24
387,Mycobacterium_spongiae,321,329,8
388,Mycobacterium_spongiae,338,339,1
389,Mycolicibacterium_phocaicum,45,48,3
390,Mycolicibacterium_crocinum,46,47,1
391,Mycolicibacterium_goodii,46,47,1
392,Mycolicibacterium_goodii,166,167,1
393,Mycolicibacterium_goodii,168,169,1
394,Mycolicibacterium_goodii,176,177,1
395,Mycolicibacterium_goodii,183,184,1
396,Mycolicibacterium_goodii,187,188,1
397,Mycolicibacterium_goodii,192,198,6
398,Mycolicibacillus_parakoreensis,46,47,1
399,Mycobacterium_kansasii,45,49,4
400,Mycobacterium_kansasii,164,167,3
401,Mycobacterium_kansasii,168,169,1
402,Mycobacterium_kansasii,176,177,1
403,Mycobacterium_kansasii,183,184,1
404,Mycobacterium_kansasii,187,188,1
405,Mycobacterium_kansasii,192,198,6
406,Mycobacterium_kansasii,212,213,1
407,Mycobacterium_kansasii,232,233,1
408,Mycobacterium_kansasii,245,250,5
409,Mycobacterium_kansasii,257,260,3
410,Mycobacterium_kansasii,300,315,15
411,Mycobacterium_kansasii,321,329,8
412,Mycobacterium_kansasii,338,339,1
413,Mycobacterium_kansasii,397,398,1
414,Mycobacterium_kansasii,419,430,11
415,Mycobacterium_kansasii,432,433,1
416,Mycobacterium_kansasii,446,451,5
417,Mycobacterium_kansasii,476,479,3
418,Mycobacterium_ostraviense,45,49,4
419,Mycobacterium_ostraviense,164,167,3
420,Mycobacterium_ostraviense,168,169,1
421,Mycobacterium_ostraviense,176,177,1
422,Mycobacterium_ostraviense,183,184,1
423,Mycobacterium_ostraviense,187,188,1
424,Mycobacterium_ostraviense,192,198,6
425,Mycobacterium_ostraviense,212,213,1
426,Mycobacterium_ostraviense,232,233,1
427,Mycobacterium_ostraviense,245,250,5
428,Mycobacterium_ostraviense,257,261,4
429,Mycobacterium_ostraviense,308,313,5
430,Mycobacterium_ostraviense,323,329,6
431,Mycobacterium_ostraviense,338,339,1
432,Mycobacterium_ostraviense,397,398,1
433,Mycobacterium_ostraviense,419,429,10
434,Mycobacterium_ostraviense,432,433,1
435,Mycobacterium_ostraviense,446,451,5
436,Mycobacterium_ostraviense,476,479,3
437,Mycolicibacterium_rufum,46,47,1
438,Mycobacterium_kubicae,45,48,3
439,Mycobacterium_kubicae,164,167,3
440,Mycobacterium_kubicae,168,169,1
441,Mycobacterium_kubicae,176,177,1
442,Mycobacterium_kubicae,183,184,1
443,Mycobacterium_kubicae,187,188,1
444,Mycobacterium_kubicae,192,198,6
445,Mycobacterium_kubicae,212,213,1
446,Mycobacterium_kubicae,232,233,1
447,Mycobacterium_kubicae,245,250,5
448,Mycobacterium_kubicae,257,261,4
449,Mycobacterium_kubicae,299,314,15
450,Mycobacterium_kubicae,323,329,6
451,Mycobacterium_kubicae,338,339,1
452,Mycolicibacterium_mengxianglii,46,47,1
453,Mycolicibacterium_baixiangningiae,46,47,1
454,Mycobacterium_heckeshornense,45,47,2
455,Mycobacterium_heckeshornense,164,167,3
456,Mycobacterium_heckeshornense,176,177,1
457,Mycobacterium_heckeshornense,183,198,15
458,Mycobacterium_heckeshornense,212,213,1
459,Mycobacterium_heckeshornense,232,233,1
460,Mycobacterium_heckeshornense,245,250,5
461,Mycobacterium_heckeshornense,299,316,17
462,Mycobacterium_heckeshornense,338,339,1
463,Mycobacterium_heckeshornense,346,347,1
464,Mycolicibacterium_boenickei,45,48,3
465,Mycobacterium_gordonae,45,48,3
466,Mycobacterium_gordonae,164,167,3
467,Mycobacterium_gordonae,168,169,1
468,Mycobacterium_gordonae,176,177,1
469,Mycobacterium_gordonae,183,184,1
470,Mycobacterium_gordonae,187,188,1
471,Mycobacterium_gordonae,192,198,6
472,Mycobacterium_gordonae,212,213,1
473,Mycobacterium_gordonae,232,233,1
474,Mycobacterium_gordonae,245,250,5
475,Mycobacterium_gordonae,257,260,3
476,Mycobacterium_gordonae,295,319,24
477,Mycobacterium_gordonae,321,329,8
478,Mycobacterium_gordonae,338,339,1
479,Mycobacterium_gordonae,419,429,10
480,Mycobacterium_gordonae,432,433,1
481,Mycobacterium_gordonae,446,450,4
482,Mycobacterium_paraintracellulare,45,49,4
483,Mycobacterium_paraintracellulare,164,167,3
484,Mycobacterium_paraintracellulare,168,169,1
485,Mycobacterium_paraintracellulare,176,177,1
486,Mycobacterium_paraintracellulare,183,184,1
487,Mycobacterium_paraintracellulare,187,188,1
488,Mycobacterium_paraintracellulare,192,198,6
489,Mycobacterium_paraintracellulare,212,213,1
490,Mycobacterium_paraintracellulare,232,233,1
491,Mycobacterium_paraintracellulare,245,250,5
492,Mycobacterium_paraintracellulare,256,258,2
493,Mycobacterium_paraintracellulare,299,316,17
494,Mycobacterium_paraintracellulare,321,329,8
495,Mycobacterium_paraintracellulare,338,339,1
496,Mycobacterium_paraintracellulare,419,429,10
497,Mycobacterium_paraintracellulare,432,433,1
498,Mycobacterium_paraintracellulare,446,447,1
499,Mycobacterium_paraintracellulare,462,463,1
500,Mycobacterium_paraintracellulare,478,479,1
501,Mycobacterium_lentiflavum,45,49,4
502,Mycobacterium_lentiflavum,164,167,3
503,Mycobacterium_lentiflavum,168,169,1
504,Mycobacterium_lentiflavum,176,177,1
505,Mycobacterium_lentiflavum,183,184,1
506,Mycobacterium_lentiflavum,187,188,1
507,Mycobacterium_lentiflavum,192,198,6
508,Mycobacterium_lentiflavum,212,213,1
509,Mycobacterium_lentiflavum,232,233,1
510,Mycobacterium_lentiflavum,245,250,5
511,Mycobacterium_lentiflavum,256,258,2
512,Mycobacterium_lentiflavum,303,314,11
513,Mycobacterium_lentiflavum,321,329,8
514,Mycobacterium_lentiflavum,338,339,1
515,Mycobacterium_lentiflavum,418,430,12
516,Mycobacterium_lentiflavum,432,433,1
517,Mycobacterium_lentiflavum,462,463,1
518,Mycobacterium_lentiflavum,475,477,2
519,Mycobacterium_lentiflavum,478,479,1
520,Mycolicibacter_virginiensis,45,48,3
521,Mycolicibacterium_thermoresistibile,164,167,3
522,Mycolicibacterium_thermoresistibile,183,184,1
523,Mycolicibacterium_thermoresistibile,187,188,1
524,Mycolicibacterium_thermoresistibile,192,198,6
525,Mycolicibacterium_thermoresistibile,212,213,1
526,Mycolicibacter_terrae,45,49,4
527,Mycobacterium_basiliense,45,48,3
528,Mycobacterium_basiliense,164,167,3
529,Mycobacterium_basiliense,168,169,1
530,Mycobacterium_basiliense,176,177,1
531,Mycobacterium_basiliense,183,184,1
532,Mycobacterium_basiliense,187,188,1
533,Mycobacterium_basiliense,192,198,6
534,Mycobacterium_basiliense,212,213,1
535,Mycobacterium_basiliense,232,233,1
536,Mycobacterium_basiliense,245,250,5
537,Mycobacterium_basiliense,257,258,1
538,Mycobacterium_basiliense,299,314,15
539,Mycobacterium_basiliense,321,322,1
540,Mycobacterium_basiliense,323,329,6
541,Mycobacterium_basiliense,338,339,1
542,Mycobacterium_basiliense,397,398,1
543,Mycobacterium_basiliense,419,429,10
544,Mycobacterium_basiliense,432,433,1
545,Mycobacterium_basiliense,446,451,5
546,Mycolicibacterium_hassiacum,45,47,2
547,Mycolicibacterium_aurum,46,47,1
548,Mycolicibacterium_chitae,45,47,2
549,Mycolicibacterium_vanbaalenii,46,47,1
550,Mycolicibacterium_aubagnense,45,48,3
551,Mycolicibacterium_chubuense,46,47,1
552,Mycobacterium_liflandii,45,48,3
553,Mycobacterium_liflandii,164,167,3
554,Mycobacterium_liflandii,168,169,1
555,Mycobacterium_liflandii,176,177,1
556,Mycobacterium_liflandii,183,184,1
557,Mycobacterium_liflandii,187,188,1
558,Mycobacterium_liflandii,192,198,6
559,Mycobacterium_liflandii,212,213,1
560,Mycobacterium_liflandii,232,233,1
561,Mycobacterium_liflandii,245,250,5
562,Mycobacterium_liflandii,257,261,4
563,Mycobacterium_liflandii,299,315,16
564,Mycobacterium_liflandii,323,329,6
565,Mycobacterium_liflandii,338,339,1
566,Mycobacterium_liflandii,397,398,1
567,Mycobacterium_liflandii,417,429,12
568,Mycobacterium_liflandii,432,433,1
569,Mycobacterium_liflandii,446,451,5
570,Mycobacterium_liflandii,476,479,3
571,Mycolicibacterium_rhodesiae,46,47,1
572,Mycolicibacter_sinensis,1,329,328
573,Mycolicibacter_sinensis,338,339,1
574,Mycolicibacter_sinensis,400,401,1
575,Mycolicibacter_sinensis,415,433,18
576,Mycolicibacter_sinensis,446,450,4
577,Mycolicibacter_sinensis,476,479,3
578,Mycolicibacterium_gilvum,46,47,1
579,Mycobacterium_haemophilum,45,49,4
580,Mycobacterium_haemophilum,164,167,3
581,Mycobacterium_haemophilum,168,169,1
582,Mycobacterium_haemophilum,176,177,1
583,Mycobacterium_haemophilum,183,184,1
584,Mycobacterium_haemophilum,187,188,1
585,Mycobacterium_haemophilum,192,198,6
586,Mycobacterium_haemophilum,212,213,1
587,Mycobacterium_haemophilum,232,233,1
588,Mycobacterium_haemophilum,245,250,5
589,Mycobacterium_haemophilum,257,258,1
590,Mycobacterium_haemophilum,321,329,8
591,Mycobacterium_haemophilum,338,339,1
592,Mycobacterium_haemophilum,419,429,10
593,Mycobacterium_haemophilum,432,433,1
594,Mycobacterium_haemophilum,477,479,2
595,Mycobacterium_paraterrae,45,48,3
596,Mycobacterium_paraterrae,168,169,1
597,Mycobacterium_paraterrae,176,177,1
598,Mycobacterium_paraterrae,183,184,1
599,Mycobacterium_paraterrae,187,188,1
600,Mycobacterium_paraterrae,192,198,6
601,Mycolicibacterium_brumae,46,47,1
602,Mycolicibacterium_monacense,46,47,1
603,Mycobacterium_xenopi,164,167,3
604,Mycobacterium_xenopi,168,169,1
605,Mycobacterium_xenopi,176,177,1
606,Mycobacterium_xenopi,183,184,1
607,Mycobacterium_xenopi,187,188,1
608,Mycobacterium_xenopi,192,214,22
609,Mycobacterium_xenopi,245,250,5
610,Mycobacterium_xenopi,299,329,30
611,Mycobacterium_xenopi,338,341,3
612,Mycolicibacterium_parafortuitum,45,48,3
613,Mycolicibacterium_pulveris,46,47,1
614,Mycolicibacterium_pulveris,164,167,3
615,Mycolicibacterium_pulveris,168,169,1
616,Mycolicibacterium_pulveris,176,177,1
617,Mycolicibacterium_pulveris,183,184,1
618,Mycolicibacterium_pulveris,187,188,1
619,Mycolicibacterium_pulveris,192,198,6
620,Mycolicibacterium_tokaiense,46,47,1
621,Mycolicibacterium_moriokaense,46,47,1
622,Mycolicibacterium_moriokaense,166,167,1
623,Mycolicibacterium_moriokaense,168,169,1
624,Mycolicibacterium_moriokaense,176,177,1
625,Mycolicibacterium_moriokaense,183,184,1
626,Mycolicibacterium_moriokaense,187,188,1
627,Mycolicibacterium_moriokaense,192,198,6
628,Mycolicibacterium_aichiense,45,48,3
629,Mycobacterium_novum,1,329,328
630,Mycobacterium_novum,338,339,1
631,Mycobacterium_novum,400,401,1
632,Mycobacterium_novum,415,433,18
633,Mycobacterium_novum,443,444,1
634,Mycobacterium_novum,446,450,4
635,Mycobacterium_novum,476,479,3
636,Mycolicibacterium_duvalii,46,47,1
637,Mycolicibacterium_fallax,46,47,1
638,Mycolicibacterium_alvei,46,47,1
639,Mycobacterium_simiae,45,49,4
640,Mycobacterium_simiae,164,167,3
641,Mycobacterium_simiae,168,169,1
642,Mycobacterium_simiae,176,177,1
643,Mycobacterium_simiae,183,184,1
644,Mycobacterium_simiae,187,188,1
645,Mycobacterium_simiae,192,198,6
646,Mycobacterium_simiae,212,213,1
647,Mycobacterium_simiae,232,233,1
648,Mycobacterium_simiae,245,250,5
649,Mycobacterium_simiae,256,258,2
650,Mycobacterium_simiae,303,314,11
651,Mycobacterium_simiae,321,329,8
652,Mycobacterium_simiae,338,339,1
653,Mycobacterium_simiae,419,429,10
654,Mycobacterium_simiae,432,433,1
655,Mycobacterium_simiae,446,450,4
656,Mycobacterium_simiae,476,479,3
657,Mycobacterium_noviomagense,45,47,2
658,Mycobacterium_noviomagense,164,167,3
659,Mycobacterium_noviomagense,168,169,1
660,Mycobacterium_noviomagense,176,177,1
661,Mycobacterium_noviomagense,183,184,1
662,Mycobacterium_noviomagense,187,188,1
663,Mycobacterium_noviomagense,212,213,1
664,Mycobacterium_noviomagense,232,233,1
665,Mycobacterium_noviomagense,245,249,4
666,Mycobacterium_noviomagense,252,258,6
667,Mycobacterium_noviomagense,296,329,33
668,Mycobacterium_noviomagense,338,339,1
669,Mycobacterium_noviomagense,346,347,1
670,Mycobacterium_paraseoulense,45,49,4
671,Mycobacterium_paraseoulense,155,156,1
672,Mycobacterium_paraseoulense,164,167,3
673,Mycobacterium_paraseoulense,168,169,1
674,Mycobacterium_paraseoulense,176,177,1
675,Mycobacterium_paraseoulense,183,184,1
676,Mycobacterium_paraseoulense,187,188,1
677,Mycobacterium_paraseoulense,192,198,6
678,Mycobacterium_paraseoulense,212,213,1
679,Mycobacterium_paraseoulense,232,233,1
680,Mycobacterium_paraseoulense,245,250,5
681,Mycobacterium_paraseoulense,256,258,2
682,Mycobacterium_paraseoulense,299,316,17
683,Mycobacterium_paraseoulense,321,329,8
684,Mycobacterium_paraseoulense,338,339,1
685,Mycobacterium_paraseoulense,419,429,10
686,Mycobacterium_paraseoulense,432,433,1
687,Mycobacterium_paraseoulense,446,447,1
688,Mycobacterium_paraseoulense,462,463,1
689,Mycobacterium_paraseoulense,478,479,1
690,Mycolicibacterium_litorale,46,47,1
691,Mycobacterium_stomatepiae,45,49,4
692,Mycobacterium_stomatepiae,164,167,3
693,Mycobacterium_stomatepiae,168,169,1
694,Mycobacterium_stomatepiae,176,177,1
695,Mycobacterium_stomatepiae,183,184,1
696,Mycobacterium_stomatepiae,187,188,1
697,Mycobacterium_stomatepiae,192,198,6
698,Mycobacterium_stomatepiae,212,213,1
699,Mycobacterium_stomatepiae,232,233,1
700,Mycobacterium_stomatepiae,245,250,5
701,Mycobacterium_stomatepiae,256,258,2
702,Mycobacterium_stomatepiae,303,314,11
703,Mycobacterium_stomatepiae,321,329,8
704,Mycobacterium_stomatepiae,338,339,1
705,Mycobacterium_stomatepiae,418,430,12
706,Mycobacterium_stomatepiae,432,433,1
707,Mycobacterium_stomatepiae,462,463,1
708,Mycobacterium_stomatepiae,475,477,2
709,Mycobacterium_stomatepiae,478,479,1
710,Mycolicibacterium_sediminis,46,47,1
711,Mycolicibacter_minnesotensis,45,48,3
712,Mycobacterium_mantenii,45,48,3
713,Mycobacterium_mantenii,164,167,3
714,Mycobacterium_mantenii,168,169,1
715,Mycobacterium_mantenii,176,177,1
716,Mycobacterium_mantenii,183,184,1
717,Mycobacterium_mantenii,187,188,1
718,Mycobacterium_mantenii,192,198,6
719,Mycobacterium_mantenii,212,213,1
720,Mycobacterium_mantenii,232,233,1
721,Mycobacterium_mantenii,245,250,5
722,Mycobacterium_mantenii,256,258,2
723,Mycobacterium_mantenii,299,316,17
724,Mycobacterium_mantenii,321,329,8
725,Mycobacterium_mantenii,338,339,1
726,Mycobacterium_mantenii,419,429,10
727,Mycobacterium_mantenii,446,447,1
728,Mycobacterium_mantenii,462,463,1
729,Mycobacterium_mantenii,478,479,1
730,Mycolicibacterium_celeriflavum,46,47,1
731,Mycolicibacterium_arabiense,46,47,1
732,Mycolicibacillus_koreensis,45,48,3
733,Mycolicibacterium_anyangense,45,47,2
734,Mycolicibacterium_sarraceniae,46,47,1
735,Mycolicibacterium_helvum,46,47,1
736,Mycolicibacterium_insubricum,46,47,1
737,Mycolicibacterium_mageritense,46,47,1
738,Mycolicibacterium_mageritense,166,167,1
739,Mycolicibacterium_mageritense,168,169,1
740,Mycolicibacterium_mageritense,176,177,1
741,Mycolicibacterium_mageritense,183,184,1
742,Mycolicibacterium_mageritense,187,188,1
743,Mycolicibacterium_mageritense,192,198,6
744,Mycobacterium_seoulense,45,49,4
745,Mycobacterium_seoulense,164,167,3
746,Mycobacterium_seoulense,168,169,1
747,Mycobacterium_seoulense,176,177,1
748,Mycobacterium_seoulense,183,184,1
749,Mycobacterium_seoulense,187,188,1
750,Mycobacterium_seoulense,192,198,6
751,Mycobacterium_seoulense,212,213,1
752,Mycobacterium_seoulense,232,233,1
753,Mycobacterium_seoulense,245,250,5
754,Mycobacterium_seoulense,256,258,2
755,Mycobacterium_seoulense,299,316,17
756,Mycobacterium_seoulense,321,329,8
757,Mycobacterium_seoulense,338,339,1
758,Mycobacterium_seoulense,419,429,10
759,Mycobacterium_seoulense,432,433,1
760,Mycobacterium_seoulense,446,447,1
761,Mycobacterium_seoulense,462,463,1
762,Mycobacterium_seoulense,478,479,1
763,Mycobacterium_lacus,45,48,3
764,Mycobacterium_lacus,164,167,3
765,Mycobacterium_lacus,168,169,1
766,Mycobacterium_lacus,176,177,1
767,Mycobacterium_lacus,183,184,1
768,Mycobacterium_lacus,187,188,1
769,Mycobacterium_lacus,192,198,6
770,Mycobacterium_lacus,212,213,1
771,Mycobacterium_lacus,232,233,1
772,Mycobacterium_lacus,245,250,5
773,Mycobacterium_lacus,257,258,1
774,Mycobacterium_lacus,299,315,16
775,Mycobacterium_lacus,323,328,5
776,Mycobacterium_lacus,338,339,1
777,Mycobacterium_cookii,45,48,3
778,Mycobacterium_cookii,165,167,2
779,Mycobacterium_cookii,168,169,1
780,Mycobacterium_cookii,176,177,1
781,Mycobacterium_cookii,187,188,1
782,Mycobacterium_cookii,192,198,6
783,Mycolicibacterium_doricum,46,47,1
784,Mycolicibacterium_poriferae,45,48,3
785,Mycobacterium_branderi,45,47,2
786,Mycobacterium_branderi,166,167,1
787,Mycobacterium_branderi,168,169,1
788,Mycobacterium_branderi,176,177,1
789,Mycobacterium_branderi,183,184,1
790,Mycobacterium_branderi,187,188,1
791,Mycobacterium_branderi,192,198,6
792,Mycobacterium_branderi,212,213,1
793,Mycobacterium_branderi,232,233,1
794,Mycobacterium_branderi,257,258,1
795,Mycobacterium_branderi,295,329,34
796,Mycobacterium_branderi,338,339,1
797,Mycobacterium_branderi,346,347,1
798,Mycolicibacterium_gadium,46,47,1
799,Mycobacterium_saskatchewanense,45,48,3
800,Mycobacterium_saskatchewanense,164,167,3
801,Mycobacterium_saskatchewanense,168,169,1
802,Mycobacterium_saskatchewanense,176,177,1
803,Mycobacterium_saskatchewanense,183,184,1
804,Mycobacterium_saskatchewanense,187,188,1
805,Mycobacterium_saskatchewanense,192,198,6
806,Mycobacterium_saskatchewanense,212,213,1
807,Mycobacterium_saskatchewanense,232,233,1
808,Mycobacterium_saskatchewanense,245,250,5
809,Mycobacterium_saskatchewanense,257,258,1
810,Mycobacterium_saskatchewanense,299,315,16
811,Mycobacterium_saskatchewanense,321,329,8
812,Mycobacterium_saskatchewanense,338,339,1
813,Mycobacterium_saskatchewanense,419,429,10
814,Mycobacterium_saskatchewanense,432,434,2
815,Mycobacterium_saskatchewanense,446,450,4
816,Mycobacterium_saskatchewanense,462,465,3
817,Mycobacterium_saskatchewanense,476,479,3
818,Mycolicibacterium_psychrotolerans,46,47,1
819,Mycolicibacter_hiberniae,1,329,328
820,Mycolicibacter_hiberniae,338,339,1
821,Mycolicibacter_hiberniae,400,401,1
822,Mycolicibacter_hiberniae,415,433,18
823,Mycolicibacter_hiberniae,446,450,4
824,Mycolicibacter_hiberniae,476,479,3
825,Mycolicibacterium_madagascariense,46,47,1
826,Mycolicibacterium_confluentis,46,47,1
827,Mycobacterium_shinjukuense,45,47,2
828,Mycobacterium_shinjukuense,164,167,3
829,Mycobacterium_shinjukuense,168,169,1
830,Mycobacterium_shinjukuense,176,177,1
831,Mycobacterium_shinjukuense,187,188,1
832,Mycobacterium_shinjukuense,192,198,6
833,Mycobacterium_shinjukuense,212,213,1
834,Mycobacterium_shinjukuense,232,233,1
835,Mycobacterium_shinjukuense,245,250,5
836,Mycobacterium_shinjukuense,257,258,1
837,Mycobacterium_shinjukuense,295,319,24
838,Mycobacterium_shinjukuense,321,329,8
839,Mycobacterium_shinjukuense,338,339,1
840,Mycobacterium_conspicuum,45,48,3
841,Mycobacterium_conspicuum,164,167,3
842,Mycobacterium_conspicuum,168,169,1
843,Mycobacterium_conspicuum,176,177,1
844,Mycobacterium_conspicuum,183,184,1
845,Mycobacterium_conspicuum,187,188,1
846,Mycobacterium_conspicuum,192,198,6
847,Mycobacterium_conspicuum,212,213,1
848,Mycobacterium_conspicuum,232,233,1
849,Mycobacterium_conspicuum,245,250,5
850,Mycobacterium_conspicuum,257,258,1
851,Mycobacterium_conspicuum,308,313,5
852,Mycobacterium_conspicuum,323,329,6
853,Mycobacterium_conspicuum,338,339,1
854,Mycobacterium_conspicuum,397,398,1
855,Mycobacterium_conspicuum,415,429,14
856,Mycobacterium_conspicuum,432,433,1
857,Mycobacterium_conspicuum,446,451,5
858,Mycobacterium_florentinum,45,49,4
859,Mycobacterium_florentinum,164,167,3
860,Mycobacterium_florentinum,168,169,1
861,Mycobacterium_florentinum,176,177,1
862,Mycobacterium_florentinum,183,184,1
863,Mycobacterium_florentinum,187,188,1
864,Mycobacterium_florentinum,192,198,6
865,Mycobacterium_florentinum,212,213,1
866,Mycobacterium_florentinum,232,233,1
867,Mycobacterium_florentinum,245,250,5
868,Mycobacterium_florentinum,256,258,2
869,Mycobacterium_florentinum,303,314,11
870,Mycobacterium_florentinum,321,329,8
871,Mycobacterium_florentinum,338,339,1
872,Mycobacterium_florentinum,418,430,12
873,Mycobacterium_florentinum,432,433,1
874,Mycobacterium_florentinum,462,463,1
875,Mycobacterium_florentinum,475,477,2
876,Mycobacterium_florentinum,478,479,1
877,Mycobacterium_parmense,45,49,4
878,Mycobacterium_parmense,164,167,3
879,Mycobacterium_parmense,168,169,1
880,Mycobacterium_parmense,176,177,1
881,Mycobacterium_parmense,183,184,1
882,Mycobacterium_parmense,187,188,1
883,Mycobacterium_parmense,192,198,6
884,Mycobacterium_parmense,212,213,1
885,Mycobacterium_parmense,232,233,1
886,Mycobacterium_parmense,245,250,5
887,Mycobacterium_parmense,257,258,1
888,Mycobacterium_parmense,299,315,16
889,Mycobacterium_parmense,321,329,8
890,Mycobacterium_parmense,338,339,1
891,Mycobacterium_parmense,419,429,10
892,Mycobacterium_parmense,432,433,1
893,Mycobacterium_parmense,446,447,1
894,Mycobacterium_parmense,462,463,1
895,Mycobacterium_parmense,478,479,1
896,Mycobacterium_heidelbergense,45,48,3
897,Mycobacterium_heidelbergense,164,167,3
898,Mycobacterium_heidelbergense,168,169,1
899,Mycobacterium_heidelbergense,176,177,1
900,Mycobacterium_heidelbergense,183,184,1
901,Mycobacterium_heidelbergense,187,188,1
902,Mycobacterium_heidelbergense,192,198,6
903,Mycobacterium_heidelbergense,212,213,1
904,Mycobacterium_heidelbergense,232,233,1
905,Mycobacterium_heidelbergense,245,250,5
906,Mycobacterium_heidelbergense,256,258,2
907,Mycobacterium_heidelbergense,299,316,17
908,Mycobacterium_heidelbergense,321,322,1
909,Mycobacterium_heidelbergense,323,329,6
910,Mycobacterium_heidelbergense,338,339,1
911,Mycobacterium_heidelbergense,432,433,1
912,Mycobacterium_heidelbergense,446,447,1
913,Mycobacterium_heidelbergense,462,464,2
914,Mycobacterium_heidelbergense,476,479,3
915,Mycobacterium_grossiae,45,48,3
916,Mycobacterium_grossiae,164,167,3
917,Mycobacterium_grossiae,168,169,1
918,Mycobacterium_grossiae,176,177,1
919,Mycobacterium_grossiae,183,184,1
920,Mycobacterium_grossiae,187,188,1
921,Mycobacterium_grossiae,192,198,6
922,Mycobacteroides_salmoniphilum,45,49,4
923,Mycolicibacterium_mucogenicum,45,48,3
924,Mycobacterium_vicinigordonae,45,48,3
925,Mycobacterium_vicinigordonae,164,167,3
926,Mycobacterium_vicinigordonae,168,169,1
927,Mycobacterium_vicinigordonae,176,177,1
928,Mycobacterium_vicinigordonae,183,184,1
929,Mycobacterium_vicinigordonae,187,188,1
930,Mycobacterium_vicinigordonae,192,198,6
931,Mycobacterium_vicinigordonae,212,213,1
932,Mycobacterium_vicinigordonae,232,233,1
933,Mycobacterium_vicinigordonae,245,250,5
934,Mycobacterium_vicinigordonae,257,261,4
935,Mycobacterium_vicinigordonae,299,315,16
936,Mycobacterium_vicinigordonae,321,329,8
937,Mycobacterium_vicinigordonae,338,339,1
938,Mycobacterium_vicinigordonae,419,429,10
939,Mycobacterium_vicinigordonae,432,433,1
940,Mycobacterium_vicinigordonae,446,449,3
941,Mycolicibacterium_nivoides,45,48,3
942,Mycolicibacterium_rutilum,46,47,1
943,Mycolicibacterium_rutilum,168,169,1
944,Mycolicibacterium_rutilum,176,177,1
945,Mycolicibacterium_rutilum,183,184,1
946,Mycolicibacterium_rutilum,192,198,6
947,Mycolicibacterium_rutilum,212,213,1
948,Mycolicibacterium_rutilum,232,233,1
949,Mycolicibacterium_fluoranthenivorans,45,48,3
950,Mycobacterium_senriense,45,49,4
951,Mycobacterium_senriense,164,167,3
952,Mycobacterium_senriense,168,169,1
953,Mycobacterium_senriense,176,177,1
954,Mycobacterium_senriense,183,184,1
955,Mycobacterium_senriense,187,188,1
956,Mycobacterium_senriense,192,198,6
957,Mycobacterium_senriense,212,213,1
958,Mycobacterium_senriense,232,233,1
959,Mycobacterium_senriense,245,250,5
960,Mycobacterium_senriense,256,258,2
961,Mycobacterium_senriense,299,316,17
962,Mycobacterium_senriense,321,329,8
963,Mycobacterium_senriense,338,339,1
964,Mycobacterium_senriense,419,429,10
965,Mycobacterium_senriense,446,447,1
966,Mycobacterium_senriense,462,463,1
967,Mycobacterium_senriense,478,479,1
968,Mycolicibacterium_septicum,45,48,3
969,Mycobacterium_riyadhense,45,49,4
970,Mycobacterium_riyadhense,164,167,3
971,Mycobacterium_riyadhense,168,169,1
972,Mycobacterium_riyadhense,176,177,1
973,Mycobacterium_riyadhense,183,184,1
974,Mycobacterium_riyadhense,187,188,1
975,Mycobacterium_riyadhense,192,198,6
976,Mycobacterium_riyadhense,212,213,1
977,Mycobacterium_riyadhense,232,233,1
978,Mycobacterium_riyadhense,245,250,5
979,Mycobacterium_riyadhense,257,261,4
980,Mycobacterium_riyadhense,299,315,16
981,Mycobacterium_riyadhense,323,329,6
982,Mycobacterium_riyadhense,397,398,1
983,Mycobacterium_riyadhense,419,430,11
984,Mycobacterium_riyadhense,432,433,1
985,Mycobacterium_riyadhense,446,451,5
986,Mycobacterium_frederiksbergense,46,47,1
