,sp,start,end,len
0,Mycobacterium_decipiens,1,65,64
1,Mycobacterium_decipiens,102,104,2
2,Mycobacterium_decipiens,108,142,34
3,Mycobacterium_decipiens,157,163,6
4,Mycobacterium_decipiens,169,175,6
5,Mycobacterium_decipiens,326,329,3
6,Mycobacterium_decipiens,334,337,3
7,Mycobacterium_decipiens,339,351,12
8,Mycobacterium_decipiens,466,472,6
9,Mycobacterium_decipiens,1084,1090,6
10,Mycobacterium_decipiens,1091,1097,6
11,Mycobacterium_decipiens,1101,1110,9
12,Mycobacterium_decipiens,1116,1129,13
13,Mycobacterium_decipiens,1136,1139,3
14,Mycobacterium_decipiens,1140,1146,6
15,Mycobacterium_decipiens,1152,1164,12
16,Mycobacterium_decipiens,1167,1170,3
17,Mycobacterium_decipiens,1224,1236,12
18,Mycobacterium_decipiens,1239,1248,9
19,Mycobacterium_decipiens,1251,1257,6
20,Mycobacterium_decipiens,1265,1268,3
21,Mycobacterium_decipiens,1847,1853,6
22,Mycobacterium_decipiens,1854,1863,9
23,Mycobacterium_decipiens,1865,1874,9
24,Mycobacterium_decipiens,1881,1883,2
25,Mycobacterium_decipiens,1885,1888,3
26,Mycobacterium_decipiens,1890,1898,8
27,Mycobacterium_decipiens,1902,1914,12
28,Mycobacterium_decipiens,1915,1925,10
29,Mycobacterium_decipiens,1931,1937,6
30,Mycobacterium_decipiens,2085,2086,1
31,Mycobacterium_decipiens,2699,2700,1
32,Mycobacterium_decipiens,3115,3136,21
33,Mycobacterium_decipiens,3154,3178,24
34,Mycobacterium_heidelbergense,1,65,64
35,Mycobacterium_heidelbergense,108,144,36
36,Mycobacterium_heidelbergense,157,163,6
37,Mycobacterium_heidelbergense,169,175,6
38,Mycobacterium_heidelbergense,326,329,3
39,Mycobacterium_heidelbergense,334,337,3
40,Mycobacterium_heidelbergense,466,472,6
41,Mycobacterium_heidelbergense,1084,1090,6
42,Mycobacterium_heidelbergense,1091,1097,6
43,Mycobacterium_heidelbergense,1101,1110,9
44,Mycobacterium_heidelbergense,1116,1129,13
45,Mycobacterium_heidelbergense,1136,1139,3
46,Mycobacterium_heidelbergense,1140,1146,6
47,Mycobacterium_heidelbergense,1152,1164,12
48,Mycobacterium_heidelbergense,1167,1170,3
49,Mycobacterium_heidelbergense,1224,1236,12
50,Mycobacterium_heidelbergense,1239,1248,9
51,Mycobacterium_heidelbergense,1251,1257,6
52,Mycobacterium_heidelbergense,1265,1268,3
53,Mycobacterium_heidelbergense,1847,1853,6
54,Mycobacterium_heidelbergense,1854,1863,9
55,Mycobacterium_heidelbergense,1865,1872,7
56,Mycobacterium_heidelbergense,1881,1883,2
57,Mycobacterium_heidelbergense,1885,1888,3
58,Mycobacterium_heidelbergense,1890,1898,8
59,Mycobacterium_heidelbergense,1903,1908,5
60,Mycobacterium_heidelbergense,1915,1925,10
61,Mycobacterium_heidelbergense,1931,1937,6
62,Mycobacterium_heidelbergense,2085,2086,1
63,Mycobacterium_heidelbergense,2699,2700,1
64,Mycobacterium_heidelbergense,3115,3136,21
65,Mycobacterium_heidelbergense,3140,3146,6
66,Mycobacterium_heidelbergense,3154,3178,24
67,Mycobacterium_lacus,1,65,64
68,Mycobacterium_lacus,108,144,36
69,Mycobacterium_lacus,157,163,6
70,Mycobacterium_lacus,169,175,6
71,Mycobacterium_lacus,326,329,3
72,Mycobacterium_lacus,334,337,3
73,Mycobacterium_lacus,339,351,12
74,Mycobacterium_lacus,466,472,6
75,Mycobacterium_lacus,1084,1090,6
76,Mycobacterium_lacus,1091,1097,6
77,Mycobacterium_lacus,1101,1110,9
78,Mycobacterium_lacus,1116,1129,13
79,Mycobacterium_lacus,1136,1139,3
80,Mycobacterium_lacus,1140,1146,6
81,Mycobacterium_lacus,1152,1164,12
82,Mycobacterium_lacus,1167,1170,3
83,Mycobacterium_lacus,1224,1236,12
84,Mycobacterium_lacus,1239,1248,9
85,Mycobacterium_lacus,1251,1257,6
86,Mycobacterium_lacus,1265,1268,3
87,Mycobacterium_lacus,1847,1853,6
88,Mycobacterium_lacus,1854,1863,9
89,Mycobacterium_lacus,1865,1874,9
90,Mycobacterium_lacus,1881,1883,2
91,Mycobacterium_lacus,1885,1888,3
92,Mycobacterium_lacus,1890,1898,8
93,Mycobacterium_lacus,1902,1914,12
94,Mycobacterium_lacus,1915,1925,10
95,Mycobacterium_lacus,1931,1937,6
96,Mycobacterium_lacus,2085,2086,1
97,Mycobacterium_lacus,2699,2700,1
98,Mycobacterium_lacus,3115,3136,21
99,Mycobacterium_lacus,3140,3146,6
100,Mycobacterium_lacus,3154,3178,24
101,Mycobacterium_palustre,1,65,64
102,Mycobacterium_palustre,98,104,6
103,Mycobacterium_palustre,108,144,36
104,Mycobacterium_palustre,148,175,27
105,Mycobacterium_palustre,326,329,3
106,Mycobacterium_palustre,334,337,3
107,Mycobacterium_palustre,339,351,12
108,Mycobacterium_palustre,466,472,6
109,Mycobacterium_palustre,1084,1090,6
110,Mycobacterium_palustre,1091,1097,6
111,Mycobacterium_palustre,1101,1110,9
112,Mycobacterium_palustre,1116,1129,13
113,Mycobacterium_palustre,1136,1139,3
114,Mycobacterium_palustre,1140,1146,6
115,Mycobacterium_palustre,1152,1164,12
116,Mycobacterium_palustre,1167,1170,3
117,Mycobacterium_palustre,1224,1236,12
118,Mycobacterium_palustre,1239,1248,9
119,Mycobacterium_palustre,1251,1257,6
120,Mycobacterium_palustre,1265,1268,3
121,Mycobacterium_palustre,1847,1853,6
122,Mycobacterium_palustre,1854,1863,9
123,Mycobacterium_palustre,1865,1874,9
124,Mycobacterium_palustre,1881,1883,2
125,Mycobacterium_palustre,1885,1888,3
126,Mycobacterium_palustre,1890,1898,8
127,Mycobacterium_palustre,1902,1914,12
128,Mycobacterium_palustre,1915,1925,10
129,Mycobacterium_palustre,1931,1937,6
130,Mycobacterium_palustre,2085,2086,1
131,Mycobacterium_palustre,2699,2700,1
132,Mycobacterium_palustre,3115,3136,21
133,Mycobacterium_palustre,3140,3146,6
134,Mycobacterium_palustre,3154,3178,24
135,Mycobacterium_interjectum,1,65,64
136,Mycobacterium_interjectum,87,144,57
137,Mycobacterium_interjectum,157,163,6
138,Mycobacterium_interjectum,169,175,6
139,Mycobacterium_interjectum,326,329,3
140,Mycobacterium_interjectum,334,337,3
141,Mycobacterium_interjectum,339,351,12
142,Mycobacterium_interjectum,466,472,6
143,Mycobacterium_interjectum,1084,1090,6
144,Mycobacterium_interjectum,1091,1097,6
145,Mycobacterium_interjectum,1101,1110,9
146,Mycobacterium_interjectum,1116,1129,13
147,Mycobacterium_interjectum,1136,1139,3
148,Mycobacterium_interjectum,1140,1146,6
149,Mycobacterium_interjectum,1152,1164,12
150,Mycobacterium_interjectum,1167,1170,3
151,Mycobacterium_interjectum,1224,1236,12
152,Mycobacterium_interjectum,1239,1248,9
153,Mycobacterium_interjectum,1251,1257,6
154,Mycobacterium_interjectum,1265,1268,3
155,Mycobacterium_interjectum,1847,1853,6
156,Mycobacterium_interjectum,1854,1863,9
157,Mycobacterium_interjectum,1865,1874,9
158,Mycobacterium_interjectum,1881,1883,2
159,Mycobacterium_interjectum,1885,1888,3
160,Mycobacterium_interjectum,1890,1898,8
161,Mycobacterium_interjectum,1902,1914,12
162,Mycobacterium_interjectum,1915,1925,10
163,Mycobacterium_interjectum,1931,1937,6
164,Mycobacterium_interjectum,2085,2086,1
165,Mycobacterium_interjectum,2699,2700,1
166,Mycobacterium_interjectum,3115,3136,21
167,Mycobacterium_interjectum,3140,3146,6
168,Mycobacterium_interjectum,3154,3178,24
169,Mycobacterium_terramassiliense,1,65,64
170,Mycobacterium_terramassiliense,87,144,57
171,Mycobacterium_terramassiliense,157,163,6
172,Mycobacterium_terramassiliense,169,175,6
173,Mycobacterium_terramassiliense,326,329,3
174,Mycobacterium_terramassiliense,334,337,3
175,Mycobacterium_terramassiliense,339,351,12
176,Mycobacterium_terramassiliense,466,472,6
177,Mycobacterium_terramassiliense,1084,1090,6
178,Mycobacterium_terramassiliense,1091,1097,6
179,Mycobacterium_terramassiliense,1101,1110,9
180,Mycobacterium_terramassiliense,1116,1129,13
181,Mycobacterium_terramassiliense,1136,1139,3
182,Mycobacterium_terramassiliense,1140,1146,6
183,Mycobacterium_terramassiliense,1152,1164,12
184,Mycobacterium_terramassiliense,1167,1170,3
185,Mycobacterium_terramassiliense,1224,1236,12
186,Mycobacterium_terramassiliense,1239,1248,9
187,Mycobacterium_terramassiliense,1251,1257,6
188,Mycobacterium_terramassiliense,1265,1268,3
189,Mycobacterium_terramassiliense,1847,1853,6
190,Mycobacterium_terramassiliense,1854,1863,9
191,Mycobacterium_terramassiliense,1865,1874,9
192,Mycobacterium_terramassiliense,1881,1883,2
193,Mycobacterium_terramassiliense,1885,1888,3
194,Mycobacterium_terramassiliense,1890,1898,8
195,Mycobacterium_terramassiliense,1902,1914,12
196,Mycobacterium_terramassiliense,1915,1925,10
197,Mycobacterium_terramassiliense,1931,1937,6
198,Mycobacterium_terramassiliense,2085,2086,1
199,Mycobacterium_terramassiliense,2699,2700,1
200,Mycobacterium_terramassiliense,3115,3136,21
201,Mycobacterium_terramassiliense,3140,3146,6
202,Mycobacterium_terramassiliense,3154,3178,24
203,Mycobacterium_malmoense,1,65,64
204,Mycobacterium_malmoense,108,144,36
205,Mycobacterium_malmoense,157,163,6
206,Mycobacterium_malmoense,169,175,6
207,Mycobacterium_malmoense,326,329,3
208,Mycobacterium_malmoense,334,337,3
209,Mycobacterium_malmoense,466,472,6
210,Mycobacterium_malmoense,1084,1090,6
211,Mycobacterium_malmoense,1091,1097,6
212,Mycobacterium_malmoense,1101,1110,9
213,Mycobacterium_malmoense,1116,1129,13
214,Mycobacterium_malmoense,1136,1139,3
215,Mycobacterium_malmoense,1140,1146,6
216,Mycobacterium_malmoense,1152,1158,6
217,Mycobacterium_malmoense,1167,1170,3
218,Mycobacterium_malmoense,1224,1236,12
219,Mycobacterium_malmoense,1239,1248,9
220,Mycobacterium_malmoense,1251,1257,6
221,Mycobacterium_malmoense,1265,1268,3
222,Mycobacterium_malmoense,1847,1853,6
223,Mycobacterium_malmoense,1854,1863,9
224,Mycobacterium_malmoense,1881,1883,2
225,Mycobacterium_malmoense,1885,1888,3
226,Mycobacterium_malmoense,1890,1898,8
227,Mycobacterium_malmoense,1902,1911,9
228,Mycobacterium_malmoense,1915,1925,10
229,Mycobacterium_malmoense,1931,1937,6
230,Mycobacterium_malmoense,2085,2086,1
231,Mycobacterium_malmoense,2699,2700,1
232,Mycobacterium_malmoense,3115,3136,21
233,Mycobacterium_malmoense,3140,3146,6
234,Mycobacterium_malmoense,3154,3178,24
235,Mycobacterium_haemophilum,1,65,64
236,Mycobacterium_haemophilum,102,104,2
237,Mycobacterium_haemophilum,108,142,34
238,Mycobacterium_haemophilum,157,163,6
239,Mycobacterium_haemophilum,169,175,6
240,Mycobacterium_haemophilum,326,329,3
241,Mycobacterium_haemophilum,334,337,3
242,Mycobacterium_haemophilum,339,351,12
243,Mycobacterium_haemophilum,466,472,6
244,Mycobacterium_haemophilum,1084,1090,6
245,Mycobacterium_haemophilum,1091,1097,6
246,Mycobacterium_haemophilum,1101,1110,9
247,Mycobacterium_haemophilum,1116,1129,13
248,Mycobacterium_haemophilum,1136,1139,3
249,Mycobacterium_haemophilum,1140,1146,6
250,Mycobacterium_haemophilum,1152,1164,12
251,Mycobacterium_haemophilum,1167,1170,3
252,Mycobacterium_haemophilum,1224,1236,12
253,Mycobacterium_haemophilum,1239,1248,9
254,Mycobacterium_haemophilum,1251,1257,6
255,Mycobacterium_haemophilum,1265,1268,3
256,Mycobacterium_haemophilum,1847,1853,6
257,Mycobacterium_haemophilum,1854,1863,9
258,Mycobacterium_haemophilum,1865,1874,9
259,Mycobacterium_haemophilum,1881,1883,2
260,Mycobacterium_haemophilum,1885,1888,3
261,Mycobacterium_haemophilum,1890,1898,8
262,Mycobacterium_haemophilum,1915,1925,10
263,Mycobacterium_haemophilum,1931,1937,6
264,Mycobacterium_haemophilum,2085,2086,1
265,Mycobacterium_haemophilum,2699,2700,1
266,Mycobacterium_haemophilum,3115,3136,21
267,Mycobacterium_haemophilum,3140,3146,6
268,Mycobacterium_haemophilum,3154,3178,24
269,Mycobacterium_paraense,1,65,64
270,Mycobacterium_paraense,87,144,57
271,Mycobacterium_paraense,157,163,6
272,Mycobacterium_paraense,169,175,6
273,Mycobacterium_paraense,326,329,3
274,Mycobacterium_paraense,334,337,3
275,Mycobacterium_paraense,466,472,6
276,Mycobacterium_paraense,1084,1090,6
277,Mycobacterium_paraense,1091,1097,6
278,Mycobacterium_paraense,1101,1110,9
279,Mycobacterium_paraense,1116,1129,13
280,Mycobacterium_paraense,1136,1139,3
281,Mycobacterium_paraense,1140,1146,6
282,Mycobacterium_paraense,1152,1164,12
283,Mycobacterium_paraense,1167,1170,3
284,Mycobacterium_paraense,1224,1236,12
285,Mycobacterium_paraense,1239,1248,9
286,Mycobacterium_paraense,1251,1257,6
287,Mycobacterium_paraense,1265,1268,3
288,Mycobacterium_paraense,1847,1853,6
289,Mycobacterium_paraense,1854,1863,9
290,Mycobacterium_paraense,1865,1874,9
291,Mycobacterium_paraense,1881,1883,2
292,Mycobacterium_paraense,1885,1888,3
293,Mycobacterium_paraense,1890,1898,8
294,Mycobacterium_paraense,1902,1914,12
295,Mycobacterium_paraense,1915,1925,10
296,Mycobacterium_paraense,1931,1937,6
297,Mycobacterium_paraense,2085,2086,1
298,Mycobacterium_paraense,2699,2700,1
299,Mycobacterium_paraense,3115,3136,21
300,Mycobacterium_paraense,3140,3146,6
301,Mycobacterium_paraense,3154,3178,24
302,Mycobacterium_bohemicum,1,49,48
303,Mycobacterium_bohemicum,57,58,1
304,Mycobacterium_bohemicum,98,104,6
305,Mycobacterium_bohemicum,160,163,3
306,Mycobacterium_bohemicum,169,175,6
307,Mycobacterium_bohemicum,326,329,3
308,Mycobacterium_bohemicum,334,337,3
309,Mycobacterium_bohemicum,339,351,12
310,Mycobacterium_bohemicum,466,472,6
311,Mycobacterium_bohemicum,1084,1090,6
312,Mycobacterium_bohemicum,1091,1097,6
313,Mycobacterium_bohemicum,1116,1129,13
314,Mycobacterium_bohemicum,1136,1139,3
315,Mycobacterium_bohemicum,1140,1146,6
316,Mycobacterium_bohemicum,1152,1164,12
317,Mycobacterium_bohemicum,1167,1170,3
318,Mycobacterium_bohemicum,1224,1236,12
319,Mycobacterium_bohemicum,1239,1248,9
320,Mycobacterium_bohemicum,1251,1257,6
321,Mycobacterium_bohemicum,1265,1268,3
322,Mycobacterium_bohemicum,1847,1853,6
323,Mycobacterium_bohemicum,1854,1863,9
324,Mycobacterium_bohemicum,1865,1874,9
325,Mycobacterium_bohemicum,1881,1883,2
326,Mycobacterium_bohemicum,1885,1888,3
327,Mycobacterium_bohemicum,1890,1898,8
328,Mycobacterium_bohemicum,1902,1914,12
329,Mycobacterium_bohemicum,1915,1925,10
330,Mycobacterium_bohemicum,1931,1937,6
331,Mycobacterium_bohemicum,2085,2086,1
332,Mycobacterium_bohemicum,2699,2700,1
333,Mycobacterium_bohemicum,3115,3136,21
334,Mycobacterium_bohemicum,3140,3146,6
335,Mycobacterium_bohemicum,3154,3178,24
336,Mycobacterium_simulans,1,65,64
337,Mycobacterium_simulans,108,144,36
338,Mycobacterium_simulans,155,164,9
339,Mycobacterium_simulans,169,175,6
340,Mycobacterium_simulans,326,329,3
341,Mycobacterium_simulans,334,337,3
342,Mycobacterium_simulans,339,351,12
343,Mycobacterium_simulans,466,472,6
344,Mycobacterium_simulans,1084,1090,6
345,Mycobacterium_simulans,1091,1097,6
346,Mycobacterium_simulans,1101,1110,9
347,Mycobacterium_simulans,1116,1129,13
348,Mycobacterium_simulans,1136,1139,3
349,Mycobacterium_simulans,1140,1146,6
350,Mycobacterium_simulans,1152,1164,12
351,Mycobacterium_simulans,1167,1170,3
352,Mycobacterium_simulans,1224,1236,12
353,Mycobacterium_simulans,1239,1248,9
354,Mycobacterium_simulans,1251,1257,6
355,Mycobacterium_simulans,1265,1268,3
356,Mycobacterium_simulans,1854,1863,9
357,Mycobacterium_simulans,1865,1874,9
358,Mycobacterium_simulans,1881,1883,2
359,Mycobacterium_simulans,1885,1888,3
360,Mycobacterium_simulans,1890,1898,8
361,Mycobacterium_simulans,1902,1914,12
362,Mycobacterium_simulans,1915,1925,10
363,Mycobacterium_simulans,2085,2086,1
364,Mycobacterium_simulans,2699,2700,1
365,Mycobacterium_simulans,3115,3136,21
366,Mycobacterium_simulans,3140,3146,6
367,Mycobacterium_simulans,3154,3178,24
368,Mycobacterium_shinjukuense,1,65,64
369,Mycobacterium_shinjukuense,102,104,2
370,Mycobacterium_shinjukuense,108,142,34
371,Mycobacterium_shinjukuense,157,163,6
372,Mycobacterium_shinjukuense,169,175,6
373,Mycobacterium_shinjukuense,326,329,3
374,Mycobacterium_shinjukuense,334,337,3
375,Mycobacterium_shinjukuense,339,351,12
376,Mycobacterium_shinjukuense,466,472,6
377,Mycobacterium_shinjukuense,1084,1090,6
378,Mycobacterium_shinjukuense,1091,1097,6
379,Mycobacterium_shinjukuense,1101,1110,9
380,Mycobacterium_shinjukuense,1116,1129,13
381,Mycobacterium_shinjukuense,1136,1139,3
382,Mycobacterium_shinjukuense,1140,1146,6
383,Mycobacterium_shinjukuense,1152,1164,12
384,Mycobacterium_shinjukuense,1167,1170,3
385,Mycobacterium_shinjukuense,1224,1236,12
386,Mycobacterium_shinjukuense,1239,1248,9
387,Mycobacterium_shinjukuense,1251,1257,6
388,Mycobacterium_shinjukuense,1265,1268,3
389,Mycobacterium_shinjukuense,1847,1853,6
390,Mycobacterium_shinjukuense,1854,1863,9
391,Mycobacterium_shinjukuense,1865,1874,9
392,Mycobacterium_shinjukuense,1881,1883,2
393,Mycobacterium_shinjukuense,1885,1888,3
394,Mycobacterium_shinjukuense,1890,1898,8
395,Mycobacterium_shinjukuense,1902,1914,12
396,Mycobacterium_shinjukuense,1915,1925,10
397,Mycobacterium_shinjukuense,1931,1937,6
398,Mycobacterium_shinjukuense,2085,2086,1
399,Mycobacterium_shinjukuense,2699,2700,1
400,Mycobacterium_shinjukuense,3115,3136,21
401,Mycobacterium_shinjukuense,3140,3146,6
402,Mycobacterium_shinjukuense,3154,3178,24
403,Mycobacterium_parascrofulaceum,1,65,64
404,Mycobacterium_parascrofulaceum,98,104,6
405,Mycobacterium_parascrofulaceum,108,144,36
406,Mycobacterium_parascrofulaceum,160,163,3
407,Mycobacterium_parascrofulaceum,169,175,6
408,Mycobacterium_parascrofulaceum,326,329,3
409,Mycobacterium_parascrofulaceum,334,337,3
410,Mycobacterium_parascrofulaceum,339,351,12
411,Mycobacterium_parascrofulaceum,466,472,6
412,Mycobacterium_parascrofulaceum,1084,1090,6
413,Mycobacterium_parascrofulaceum,1091,1097,6
414,Mycobacterium_parascrofulaceum,1101,1110,9
415,Mycobacterium_parascrofulaceum,1116,1129,13
416,Mycobacterium_parascrofulaceum,1136,1139,3
417,Mycobacterium_parascrofulaceum,1140,1146,6
418,Mycobacterium_parascrofulaceum,1152,1164,12
419,Mycobacterium_parascrofulaceum,1167,1170,3
420,Mycobacterium_parascrofulaceum,1239,1248,9
421,Mycobacterium_parascrofulaceum,1251,1257,6
422,Mycobacterium_parascrofulaceum,1847,1853,6
423,Mycobacterium_parascrofulaceum,1854,1863,9
424,Mycobacterium_parascrofulaceum,1865,1874,9
425,Mycobacterium_parascrofulaceum,1881,1883,2
426,Mycobacterium_parascrofulaceum,1885,1888,3
427,Mycobacterium_parascrofulaceum,1890,1898,8
428,Mycobacterium_parascrofulaceum,1902,1914,12
429,Mycobacterium_parascrofulaceum,1915,1925,10
430,Mycobacterium_parascrofulaceum,1931,1937,6
431,Mycobacterium_parascrofulaceum,2085,2086,1
432,Mycobacterium_parascrofulaceum,2699,2700,1
433,Mycobacterium_parascrofulaceum,3112,3148,36
434,Mycobacterium_parascrofulaceum,3154,3178,24
435,Mycobacterium_riyadhense,1,65,64
436,Mycobacterium_riyadhense,108,144,36
437,Mycobacterium_riyadhense,155,164,9
438,Mycobacterium_riyadhense,169,175,6
439,Mycobacterium_riyadhense,326,329,3
440,Mycobacterium_riyadhense,334,337,3
441,Mycobacterium_riyadhense,339,351,12
442,Mycobacterium_riyadhense,466,472,6
443,Mycobacterium_riyadhense,1084,1090,6
444,Mycobacterium_riyadhense,1091,1097,6
445,Mycobacterium_riyadhense,1101,1110,9
446,Mycobacterium_riyadhense,1116,1129,13
447,Mycobacterium_riyadhense,1136,1139,3
448,Mycobacterium_riyadhense,1140,1146,6
449,Mycobacterium_riyadhense,1152,1164,12
450,Mycobacterium_riyadhense,1167,1170,3
451,Mycobacterium_riyadhense,1224,1236,12
452,Mycobacterium_riyadhense,1239,1248,9
453,Mycobacterium_riyadhense,1251,1257,6
454,Mycobacterium_riyadhense,1265,1268,3
455,Mycobacterium_riyadhense,1847,1853,6
456,Mycobacterium_riyadhense,1854,1863,9
457,Mycobacterium_riyadhense,1865,1874,9
458,Mycobacterium_riyadhense,1881,1883,2
459,Mycobacterium_riyadhense,1885,1888,3
460,Mycobacterium_riyadhense,1890,1898,8
461,Mycobacterium_riyadhense,1902,1914,12
462,Mycobacterium_riyadhense,1915,1925,10
463,Mycobacterium_riyadhense,1931,1937,6
464,Mycobacterium_riyadhense,2085,2086,1
465,Mycobacterium_riyadhense,2699,2700,1
466,Mycobacterium_riyadhense,3115,3136,21
467,Mycobacterium_riyadhense,3140,3146,6
468,Mycobacterium_riyadhense,3154,3178,24
469,Mycobacterium_yongonense,1,65,64
470,Mycobacterium_yongonense,98,104,6
471,Mycobacterium_yongonense,108,144,36
472,Mycobacterium_yongonense,160,163,3
473,Mycobacterium_yongonense,169,175,6
474,Mycobacterium_yongonense,326,329,3
475,Mycobacterium_yongonense,334,337,3
476,Mycobacterium_yongonense,339,351,12
477,Mycobacterium_yongonense,466,472,6
478,Mycobacterium_yongonense,1084,1090,6
479,Mycobacterium_yongonense,1091,1097,6
480,Mycobacterium_yongonense,1101,1110,9
481,Mycobacterium_yongonense,1116,1129,13
482,Mycobacterium_yongonense,1136,1139,3
483,Mycobacterium_yongonense,1140,1146,6
484,Mycobacterium_yongonense,1152,1164,12
485,Mycobacterium_yongonense,1167,1170,3
486,Mycobacterium_yongonense,1239,1248,9
487,Mycobacterium_yongonense,1251,1257,6
488,Mycobacterium_yongonense,1847,1853,6
489,Mycobacterium_yongonense,1854,1863,9
490,Mycobacterium_yongonense,1865,1874,9
491,Mycobacterium_yongonense,1881,1883,2
492,Mycobacterium_yongonense,1885,1888,3
493,Mycobacterium_yongonense,1890,1898,8
494,Mycobacterium_yongonense,1902,1914,12
495,Mycobacterium_yongonense,1915,1925,10
496,Mycobacterium_yongonense,1931,1937,6
497,Mycobacterium_yongonense,2085,2086,1
498,Mycobacterium_yongonense,2699,2700,1
499,Mycobacterium_yongonense,3112,3148,36
500,Mycobacterium_yongonense,3154,3178,24
501,Mycobacterium_europaeum,1,65,64
502,Mycobacterium_europaeum,98,104,6
503,Mycobacterium_europaeum,108,144,36
504,Mycobacterium_europaeum,160,163,3
505,Mycobacterium_europaeum,169,175,6
506,Mycobacterium_europaeum,326,329,3
507,Mycobacterium_europaeum,334,337,3
508,Mycobacterium_europaeum,339,351,12
509,Mycobacterium_europaeum,466,472,6
510,Mycobacterium_europaeum,1084,1090,6
511,Mycobacterium_europaeum,1091,1097,6
512,Mycobacterium_europaeum,1101,1110,9
513,Mycobacterium_europaeum,1116,1129,13
514,Mycobacterium_europaeum,1136,1139,3
515,Mycobacterium_europaeum,1140,1146,6
516,Mycobacterium_europaeum,1152,1164,12
517,Mycobacterium_europaeum,1167,1170,3
518,Mycobacterium_europaeum,1239,1248,9
519,Mycobacterium_europaeum,1251,1257,6
520,Mycobacterium_europaeum,1847,1853,6
521,Mycobacterium_europaeum,1854,1863,9
522,Mycobacterium_europaeum,1865,1874,9
523,Mycobacterium_europaeum,1881,1883,2
524,Mycobacterium_europaeum,1885,1888,3
525,Mycobacterium_europaeum,1890,1898,8
526,Mycobacterium_europaeum,1902,1914,12
527,Mycobacterium_europaeum,1915,1925,10
528,Mycobacterium_europaeum,1931,1937,6
529,Mycobacterium_europaeum,2085,2086,1
530,Mycobacterium_europaeum,2699,2700,1
531,Mycobacterium_europaeum,3112,3148,36
532,Mycobacterium_europaeum,3154,3178,24
533,Mycobacterium_basiliense,1,65,64
534,Mycobacterium_basiliense,102,104,2
535,Mycobacterium_basiliense,108,142,34
536,Mycobacterium_basiliense,157,163,6
537,Mycobacterium_basiliense,169,175,6
538,Mycobacterium_basiliense,326,329,3
539,Mycobacterium_basiliense,334,337,3
540,Mycobacterium_basiliense,339,351,12
541,Mycobacterium_basiliense,466,472,6
542,Mycobacterium_basiliense,1084,1090,6
543,Mycobacterium_basiliense,1091,1097,6
544,Mycobacterium_basiliense,1116,1129,13
545,Mycobacterium_basiliense,1136,1139,3
546,Mycobacterium_basiliense,1140,1146,6
547,Mycobacterium_basiliense,1152,1164,12
548,Mycobacterium_basiliense,1167,1170,3
549,Mycobacterium_basiliense,1224,1236,12
550,Mycobacterium_basiliense,1239,1248,9
551,Mycobacterium_basiliense,1251,1257,6
552,Mycobacterium_basiliense,1265,1268,3
553,Mycobacterium_basiliense,1847,1853,6
554,Mycobacterium_basiliense,1854,1863,9
555,Mycobacterium_basiliense,1865,1874,9
556,Mycobacterium_basiliense,1881,1883,2
557,Mycobacterium_basiliense,1885,1888,3
558,Mycobacterium_basiliense,1890,1898,8
559,Mycobacterium_basiliense,1902,1924,22
560,Mycobacterium_basiliense,1931,1937,6
561,Mycobacterium_basiliense,2085,2086,1
562,Mycobacterium_basiliense,2699,2700,1
563,Mycobacterium_basiliense,3115,3136,21
564,Mycobacterium_basiliense,3140,3146,6
565,Mycobacterium_basiliense,3154,3178,24
566,Mycobacterium_scrofulaceum,1,65,64
567,Mycobacterium_scrofulaceum,98,104,6
568,Mycobacterium_scrofulaceum,108,144,36
569,Mycobacterium_scrofulaceum,160,163,3
570,Mycobacterium_scrofulaceum,169,175,6
571,Mycobacterium_scrofulaceum,326,329,3
572,Mycobacterium_scrofulaceum,334,337,3
573,Mycobacterium_scrofulaceum,339,351,12
574,Mycobacterium_scrofulaceum,466,472,6
575,Mycobacterium_scrofulaceum,1084,1090,6
576,Mycobacterium_scrofulaceum,1091,1097,6
577,Mycobacterium_scrofulaceum,1101,1110,9
578,Mycobacterium_scrofulaceum,1116,1129,13
579,Mycobacterium_scrofulaceum,1136,1139,3
580,Mycobacterium_scrofulaceum,1140,1146,6
581,Mycobacterium_scrofulaceum,1152,1164,12
582,Mycobacterium_scrofulaceum,1167,1170,3
583,Mycobacterium_scrofulaceum,1239,1248,9
584,Mycobacterium_scrofulaceum,1251,1257,6
585,Mycobacterium_scrofulaceum,1847,1853,6
586,Mycobacterium_scrofulaceum,1854,1863,9
587,Mycobacterium_scrofulaceum,1865,1874,9
588,Mycobacterium_scrofulaceum,1881,1883,2
589,Mycobacterium_scrofulaceum,1885,1888,3
590,Mycobacterium_scrofulaceum,1890,1898,8
591,Mycobacterium_scrofulaceum,1902,1914,12
592,Mycobacterium_scrofulaceum,1915,1925,10
593,Mycobacterium_scrofulaceum,1931,1937,6
594,Mycobacterium_scrofulaceum,2085,2086,1
595,Mycobacterium_scrofulaceum,2699,2700,1
596,Mycobacterium_scrofulaceum,3115,3136,21
597,Mycobacterium_scrofulaceum,3140,3146,6
598,Mycobacterium_scrofulaceum,3154,3178,24
599,Mycobacterium_conspicuum,1,65,64
600,Mycobacterium_conspicuum,74,77,3
601,Mycobacterium_conspicuum,98,104,6
602,Mycobacterium_conspicuum,108,144,36
603,Mycobacterium_conspicuum,160,163,3
604,Mycobacterium_conspicuum,169,175,6
605,Mycobacterium_conspicuum,326,329,3
606,Mycobacterium_conspicuum,334,337,3
607,Mycobacterium_conspicuum,339,351,12
608,Mycobacterium_conspicuum,466,472,6
609,Mycobacterium_conspicuum,1084,1090,6
610,Mycobacterium_conspicuum,1091,1097,6
611,Mycobacterium_conspicuum,1101,1110,9
612,Mycobacterium_conspicuum,1116,1129,13
613,Mycobacterium_conspicuum,1136,1139,3
614,Mycobacterium_conspicuum,1140,1146,6
615,Mycobacterium_conspicuum,1152,1164,12
616,Mycobacterium_conspicuum,1167,1170,3
617,Mycobacterium_conspicuum,1224,1236,12
618,Mycobacterium_conspicuum,1239,1248,9
619,Mycobacterium_conspicuum,1251,1257,6
620,Mycobacterium_conspicuum,1265,1268,3
621,Mycobacterium_conspicuum,1847,1853,6
622,Mycobacterium_conspicuum,1854,1863,9
623,Mycobacterium_conspicuum,1865,1874,9
624,Mycobacterium_conspicuum,1881,1883,2
625,Mycobacterium_conspicuum,1885,1888,3
626,Mycobacterium_conspicuum,1890,1898,8
627,Mycobacterium_conspicuum,1902,1914,12
628,Mycobacterium_conspicuum,1915,1925,10
629,Mycobacterium_conspicuum,1931,1937,6
630,Mycobacterium_conspicuum,2085,2086,1
631,Mycobacterium_conspicuum,2699,2700,1
632,Mycobacterium_conspicuum,3112,3148,36
633,Mycobacterium_conspicuum,3154,3178,24
634,Mycobacterium_nebraskense,1,65,64
635,Mycobacterium_nebraskense,98,104,6
636,Mycobacterium_nebraskense,108,144,36
637,Mycobacterium_nebraskense,160,163,3
638,Mycobacterium_nebraskense,169,175,6
639,Mycobacterium_nebraskense,326,329,3
640,Mycobacterium_nebraskense,334,337,3
641,Mycobacterium_nebraskense,339,351,12
642,Mycobacterium_nebraskense,1084,1090,6
643,Mycobacterium_nebraskense,1091,1097,6
644,Mycobacterium_nebraskense,1101,1110,9
645,Mycobacterium_nebraskense,1116,1129,13
646,Mycobacterium_nebraskense,1136,1139,3
647,Mycobacterium_nebraskense,1140,1146,6
648,Mycobacterium_nebraskense,1152,1164,12
649,Mycobacterium_nebraskense,1167,1170,3
650,Mycobacterium_nebraskense,1224,1236,12
651,Mycobacterium_nebraskense,1239,1248,9
652,Mycobacterium_nebraskense,1251,1257,6
653,Mycobacterium_nebraskense,1265,1268,3
654,Mycobacterium_nebraskense,1847,1853,6
655,Mycobacterium_nebraskense,1854,1863,9
656,Mycobacterium_nebraskense,1865,1874,9
657,Mycobacterium_nebraskense,1881,1883,2
658,Mycobacterium_nebraskense,1885,1888,3
659,Mycobacterium_nebraskense,1890,1898,8
660,Mycobacterium_nebraskense,1902,1914,12
661,Mycobacterium_nebraskense,1915,1925,10
662,Mycobacterium_nebraskense,1931,1937,6
663,Mycobacterium_nebraskense,2085,2086,1
664,Mycobacterium_nebraskense,2699,2700,1
665,Mycobacterium_nebraskense,3112,3148,36
666,Mycobacterium_nebraskense,3154,3178,24
667,Mycobacterium_alsense,1,65,64
668,Mycobacterium_alsense,98,161,63
669,Mycobacterium_alsense,169,175,6
670,Mycobacterium_alsense,326,329,3
671,Mycobacterium_alsense,334,337,3
672,Mycobacterium_alsense,466,472,6
673,Mycobacterium_alsense,1084,1090,6
674,Mycobacterium_alsense,1091,1097,6
675,Mycobacterium_alsense,1101,1110,9
676,Mycobacterium_alsense,1116,1129,13
677,Mycobacterium_alsense,1136,1139,3
678,Mycobacterium_alsense,1140,1146,6
679,Mycobacterium_alsense,1152,1158,6
680,Mycobacterium_alsense,1167,1170,3
681,Mycobacterium_alsense,1239,1248,9
682,Mycobacterium_alsense,1251,1257,6
683,Mycobacterium_alsense,1847,1853,6
684,Mycobacterium_alsense,1854,1863,9
685,Mycobacterium_alsense,1865,1874,9
686,Mycobacterium_alsense,1881,1883,2
687,Mycobacterium_alsense,1885,1888,3
688,Mycobacterium_alsense,1890,1898,8
689,Mycobacterium_alsense,1902,1914,12
690,Mycobacterium_alsense,1915,1925,10
691,Mycobacterium_alsense,1931,1937,6
692,Mycobacterium_alsense,2085,2086,1
693,Mycobacterium_alsense,2699,2700,1
694,Mycobacterium_alsense,3115,3136,21
695,Mycobacterium_alsense,3140,3146,6
696,Mycobacterium_alsense,3154,3178,24
697,Mycobacterium_paraffinicum,1,65,64
698,Mycobacterium_paraffinicum,98,104,6
699,Mycobacterium_paraffinicum,108,144,36
700,Mycobacterium_paraffinicum,160,163,3
701,Mycobacterium_paraffinicum,169,175,6
702,Mycobacterium_paraffinicum,326,329,3
703,Mycobacterium_paraffinicum,334,337,3
704,Mycobacterium_paraffinicum,339,351,12
705,Mycobacterium_paraffinicum,466,472,6
706,Mycobacterium_paraffinicum,1084,1090,6
707,Mycobacterium_paraffinicum,1091,1097,6
708,Mycobacterium_paraffinicum,1101,1110,9
709,Mycobacterium_paraffinicum,1116,1129,13
710,Mycobacterium_paraffinicum,1136,1139,3
711,Mycobacterium_paraffinicum,1140,1146,6
712,Mycobacterium_paraffinicum,1152,1164,12
713,Mycobacterium_paraffinicum,1167,1170,3
714,Mycobacterium_paraffinicum,1239,1248,9
715,Mycobacterium_paraffinicum,1251,1257,6
716,Mycobacterium_paraffinicum,1847,1853,6
717,Mycobacterium_paraffinicum,1854,1863,9
718,Mycobacterium_paraffinicum,1865,1874,9
719,Mycobacterium_paraffinicum,1881,1883,2
720,Mycobacterium_paraffinicum,1885,1888,3
721,Mycobacterium_paraffinicum,1890,1898,8
722,Mycobacterium_paraffinicum,1902,1914,12
723,Mycobacterium_paraffinicum,1915,1925,10
724,Mycobacterium_paraffinicum,1931,1937,6
725,Mycobacterium_paraffinicum,2085,2086,1
726,Mycobacterium_paraffinicum,2699,2700,1
727,Mycobacterium_paraffinicum,3112,3148,36
728,Mycobacterium_paraffinicum,3154,3178,24
729,Mycobacterium_parmense,1,65,64
730,Mycobacterium_parmense,98,104,6
731,Mycobacterium_parmense,108,144,36
732,Mycobacterium_parmense,160,163,3
733,Mycobacterium_parmense,169,175,6
734,Mycobacterium_parmense,326,329,3
735,Mycobacterium_parmense,334,337,3
736,Mycobacterium_parmense,339,351,12
737,Mycobacterium_parmense,466,472,6
738,Mycobacterium_parmense,1084,1090,6
739,Mycobacterium_parmense,1091,1097,6
740,Mycobacterium_parmense,1101,1110,9
741,Mycobacterium_parmense,1116,1129,13
742,Mycobacterium_parmense,1136,1139,3
743,Mycobacterium_parmense,1140,1146,6
744,Mycobacterium_parmense,1152,1164,12
745,Mycobacterium_parmense,1167,1170,3
746,Mycobacterium_parmense,1224,1236,12
747,Mycobacterium_parmense,1239,1248,9
748,Mycobacterium_parmense,1251,1257,6
749,Mycobacterium_parmense,1265,1268,3
750,Mycobacterium_parmense,1847,1853,6
751,Mycobacterium_parmense,1854,1863,9
752,Mycobacterium_parmense,1865,1874,9
753,Mycobacterium_parmense,1881,1883,2
754,Mycobacterium_parmense,1885,1888,3
755,Mycobacterium_parmense,1890,1898,8
756,Mycobacterium_parmense,1902,1914,12
757,Mycobacterium_parmense,1915,1925,10
758,Mycobacterium_parmense,1931,1937,6
759,Mycobacterium_parmense,2085,2086,1
760,Mycobacterium_parmense,2699,2700,1
761,Mycobacterium_parmense,3115,3136,21
762,Mycobacterium_parmense,3140,3146,6
763,Mycobacterium_parmense,3154,3178,24
764,Mycobacterium_hominissuis,1,65,64
765,Mycobacterium_hominissuis,98,104,6
766,Mycobacterium_hominissuis,108,144,36
767,Mycobacterium_hominissuis,169,175,6
768,Mycobacterium_hominissuis,326,329,3
769,Mycobacterium_hominissuis,334,337,3
770,Mycobacterium_hominissuis,339,351,12
771,Mycobacterium_hominissuis,466,472,6
772,Mycobacterium_hominissuis,1084,1090,6
773,Mycobacterium_hominissuis,1091,1097,6
774,Mycobacterium_hominissuis,1101,1110,9
775,Mycobacterium_hominissuis,1116,1129,13
776,Mycobacterium_hominissuis,1136,1139,3
777,Mycobacterium_hominissuis,1140,1146,6
778,Mycobacterium_hominissuis,1152,1164,12
779,Mycobacterium_hominissuis,1167,1170,3
780,Mycobacterium_hominissuis,1224,1236,12
781,Mycobacterium_hominissuis,1239,1248,9
782,Mycobacterium_hominissuis,1251,1257,6
783,Mycobacterium_hominissuis,1265,1268,3
784,Mycobacterium_hominissuis,1847,1853,6
785,Mycobacterium_hominissuis,1854,1863,9
786,Mycobacterium_hominissuis,1865,1874,9
787,Mycobacterium_hominissuis,1881,1883,2
788,Mycobacterium_hominissuis,1885,1888,3
789,Mycobacterium_hominissuis,1890,1898,8
790,Mycobacterium_hominissuis,1902,1914,12
791,Mycobacterium_hominissuis,1915,1925,10
792,Mycobacterium_hominissuis,1931,1937,6
793,Mycobacterium_hominissuis,2085,2086,1
794,Mycobacterium_hominissuis,2699,2700,1
795,Mycobacterium_hominissuis,3112,3148,36
796,Mycobacterium_hominissuis,3154,3178,24
797,Mycobacterium_bouchedurhonense,1,65,64
798,Mycobacterium_bouchedurhonense,98,104,6
799,Mycobacterium_bouchedurhonense,108,144,36
800,Mycobacterium_bouchedurhonense,169,175,6
801,Mycobacterium_bouchedurhonense,326,329,3
802,Mycobacterium_bouchedurhonense,334,337,3
803,Mycobacterium_bouchedurhonense,339,351,12
804,Mycobacterium_bouchedurhonense,466,472,6
805,Mycobacterium_bouchedurhonense,1084,1090,6
806,Mycobacterium_bouchedurhonense,1091,1097,6
807,Mycobacterium_bouchedurhonense,1101,1110,9
808,Mycobacterium_bouchedurhonense,1116,1129,13
809,Mycobacterium_bouchedurhonense,1136,1139,3
810,Mycobacterium_bouchedurhonense,1140,1146,6
811,Mycobacterium_bouchedurhonense,1152,1164,12
812,Mycobacterium_bouchedurhonense,1167,1170,3
813,Mycobacterium_bouchedurhonense,1224,1236,12
814,Mycobacterium_bouchedurhonense,1239,1248,9
815,Mycobacterium_bouchedurhonense,1251,1257,6
816,Mycobacterium_bouchedurhonense,1265,1268,3
817,Mycobacterium_bouchedurhonense,1847,1853,6
818,Mycobacterium_bouchedurhonense,1854,1863,9
819,Mycobacterium_bouchedurhonense,1865,1874,9
820,Mycobacterium_bouchedurhonense,1881,1883,2
821,Mycobacterium_bouchedurhonense,1885,1888,3
822,Mycobacterium_bouchedurhonense,1890,1898,8
823,Mycobacterium_bouchedurhonense,1902,1914,12
824,Mycobacterium_bouchedurhonense,1915,1925,10
825,Mycobacterium_bouchedurhonense,1931,1937,6
826,Mycobacterium_bouchedurhonense,2085,2086,1
827,Mycobacterium_bouchedurhonense,2699,2700,1
828,Mycobacterium_bouchedurhonense,3112,3148,36
829,Mycobacterium_bouchedurhonense,3154,3178,24
830,Mycobacterium_avium,1,65,64
831,Mycobacterium_avium,98,104,6
832,Mycobacterium_avium,108,144,36
833,Mycobacterium_avium,169,175,6
834,Mycobacterium_avium,326,329,3
835,Mycobacterium_avium,334,337,3
836,Mycobacterium_avium,339,351,12
837,Mycobacterium_avium,466,472,6
838,Mycobacterium_avium,1084,1090,6
839,Mycobacterium_avium,1091,1097,6
840,Mycobacterium_avium,1101,1110,9
841,Mycobacterium_avium,1116,1129,13
842,Mycobacterium_avium,1136,1139,3
843,Mycobacterium_avium,1140,1146,6
844,Mycobacterium_avium,1152,1164,12
845,Mycobacterium_avium,1167,1170,3
846,Mycobacterium_avium,1224,1236,12
847,Mycobacterium_avium,1239,1248,9
848,Mycobacterium_avium,1251,1257,6
849,Mycobacterium_avium,1265,1268,3
850,Mycobacterium_avium,1847,1853,6
851,Mycobacterium_avium,1854,1863,9
852,Mycobacterium_avium,1865,1874,9
853,Mycobacterium_avium,1881,1883,2
854,Mycobacterium_avium,1885,1888,3
855,Mycobacterium_avium,1890,1898,8
856,Mycobacterium_avium,1902,1914,12
857,Mycobacterium_avium,1915,1925,10
858,Mycobacterium_avium,1931,1937,6
859,Mycobacterium_avium,2085,2086,1
860,Mycobacterium_avium,2699,2700,1
861,Mycobacterium_avium,3112,3148,36
862,Mycobacterium_avium,3154,3178,24
863,Mycobacterium_colombiense,1,65,64
864,Mycobacterium_colombiense,98,104,6
865,Mycobacterium_colombiense,108,144,36
866,Mycobacterium_colombiense,160,163,3
867,Mycobacterium_colombiense,169,175,6
868,Mycobacterium_colombiense,326,329,3
869,Mycobacterium_colombiense,334,337,3
870,Mycobacterium_colombiense,466,472,6
871,Mycobacterium_colombiense,1084,1090,6
872,Mycobacterium_colombiense,1091,1097,6
873,Mycobacterium_colombiense,1101,1110,9
874,Mycobacterium_colombiense,1116,1129,13
875,Mycobacterium_colombiense,1136,1139,3
876,Mycobacterium_colombiense,1140,1146,6
877,Mycobacterium_colombiense,1152,1164,12
878,Mycobacterium_colombiense,1167,1170,3
879,Mycobacterium_colombiense,1224,1236,12
880,Mycobacterium_colombiense,1239,1248,9
881,Mycobacterium_colombiense,1251,1257,6
882,Mycobacterium_colombiense,1265,1268,3
883,Mycobacterium_colombiense,1847,1853,6
884,Mycobacterium_colombiense,1854,1863,9
885,Mycobacterium_colombiense,1865,1874,9
886,Mycobacterium_colombiense,1881,1883,2
887,Mycobacterium_colombiense,1885,1888,3
888,Mycobacterium_colombiense,1890,1898,8
889,Mycobacterium_colombiense,1902,1914,12
890,Mycobacterium_colombiense,1915,1925,10
891,Mycobacterium_colombiense,1931,1937,6
892,Mycobacterium_colombiense,2085,2086,1
893,Mycobacterium_colombiense,2699,2700,1
894,Mycobacterium_colombiense,3112,3148,36
895,Mycobacterium_colombiense,3154,3178,24
896,Mycobacterium_seoulense,1,65,64
897,Mycobacterium_seoulense,98,104,6
898,Mycobacterium_seoulense,108,144,36
899,Mycobacterium_seoulense,160,163,3
900,Mycobacterium_seoulense,169,175,6
901,Mycobacterium_seoulense,326,329,3
902,Mycobacterium_seoulense,334,337,3
903,Mycobacterium_seoulense,339,351,12
904,Mycobacterium_seoulense,466,472,6
905,Mycobacterium_seoulense,1084,1090,6
906,Mycobacterium_seoulense,1091,1097,6
907,Mycobacterium_seoulense,1101,1110,9
908,Mycobacterium_seoulense,1116,1129,13
909,Mycobacterium_seoulense,1136,1139,3
910,Mycobacterium_seoulense,1140,1146,6
911,Mycobacterium_seoulense,1152,1164,12
912,Mycobacterium_seoulense,1167,1170,3
913,Mycobacterium_seoulense,1239,1248,9
914,Mycobacterium_seoulense,1251,1257,6
915,Mycobacterium_seoulense,1847,1853,6
916,Mycobacterium_seoulense,1854,1863,9
917,Mycobacterium_seoulense,1865,1874,9
918,Mycobacterium_seoulense,1881,1883,2
919,Mycobacterium_seoulense,1885,1888,3
920,Mycobacterium_seoulense,1890,1898,8
921,Mycobacterium_seoulense,1902,1914,12
922,Mycobacterium_seoulense,1915,1925,10
923,Mycobacterium_seoulense,1931,1937,6
924,Mycobacterium_seoulense,2085,2086,1
925,Mycobacterium_seoulense,2699,2700,1
926,Mycobacterium_seoulense,3112,3148,36
927,Mycobacterium_seoulense,3154,3178,24
928,Mycobacterium_ulcerans,1,45,44
929,Mycobacterium_ulcerans,48,49,1
930,Mycobacterium_ulcerans,57,58,1
931,Mycobacterium_ulcerans,98,104,6
932,Mycobacterium_ulcerans,108,144,36
933,Mycobacterium_ulcerans,157,163,6
934,Mycobacterium_ulcerans,169,175,6
935,Mycobacterium_ulcerans,326,329,3
936,Mycobacterium_ulcerans,334,337,3
937,Mycobacterium_ulcerans,339,351,12
938,Mycobacterium_ulcerans,466,472,6
939,Mycobacterium_ulcerans,1084,1090,6
940,Mycobacterium_ulcerans,1091,1097,6
941,Mycobacterium_ulcerans,1101,1110,9
942,Mycobacterium_ulcerans,1116,1129,13
943,Mycobacterium_ulcerans,1136,1139,3
944,Mycobacterium_ulcerans,1140,1146,6
945,Mycobacterium_ulcerans,1152,1164,12
946,Mycobacterium_ulcerans,1167,1170,3
947,Mycobacterium_ulcerans,1224,1236,12
948,Mycobacterium_ulcerans,1239,1248,9
949,Mycobacterium_ulcerans,1251,1257,6
950,Mycobacterium_ulcerans,1265,1268,3
951,Mycobacterium_ulcerans,1847,1853,6
952,Mycobacterium_ulcerans,1854,1863,9
953,Mycobacterium_ulcerans,1865,1874,9
954,Mycobacterium_ulcerans,1881,1883,2
955,Mycobacterium_ulcerans,1885,1888,3
956,Mycobacterium_ulcerans,1890,1898,8
957,Mycobacterium_ulcerans,1902,1914,12
958,Mycobacterium_ulcerans,1915,1925,10
959,Mycobacterium_ulcerans,1931,1937,6
960,Mycobacterium_ulcerans,2085,2086,1
961,Mycobacterium_ulcerans,2699,2700,1
962,Mycobacterium_ulcerans,3115,3136,21
963,Mycobacterium_ulcerans,3140,3146,6
964,Mycobacterium_ulcerans,3154,3178,24
965,Mycobacterium_kansasii,1,65,64
966,Mycobacterium_kansasii,102,104,2
967,Mycobacterium_kansasii,108,142,34
968,Mycobacterium_kansasii,157,163,6
969,Mycobacterium_kansasii,169,175,6
970,Mycobacterium_kansasii,326,329,3
971,Mycobacterium_kansasii,334,337,3
972,Mycobacterium_kansasii,466,472,6
973,Mycobacterium_kansasii,1084,1090,6
974,Mycobacterium_kansasii,1091,1097,6
975,Mycobacterium_kansasii,1101,1110,9
976,Mycobacterium_kansasii,1116,1129,13
977,Mycobacterium_kansasii,1136,1139,3
978,Mycobacterium_kansasii,1140,1146,6
979,Mycobacterium_kansasii,1152,1164,12
980,Mycobacterium_kansasii,1167,1170,3
981,Mycobacterium_kansasii,1224,1236,12
982,Mycobacterium_kansasii,1239,1248,9
983,Mycobacterium_kansasii,1251,1257,6
984,Mycobacterium_kansasii,1265,1268,3
985,Mycobacterium_kansasii,1847,1853,6
986,Mycobacterium_kansasii,1854,1863,9
987,Mycobacterium_kansasii,1865,1874,9
988,Mycobacterium_kansasii,1881,1883,2
989,Mycobacterium_kansasii,1885,1888,3
990,Mycobacterium_kansasii,1890,1898,8
991,Mycobacterium_kansasii,1902,1914,12
992,Mycobacterium_kansasii,1915,1925,10
993,Mycobacterium_kansasii,1931,1937,6
994,Mycobacterium_kansasii,2085,2086,1
995,Mycobacterium_kansasii,2699,2700,1
996,Mycobacterium_kansasii,3115,3151,36
997,Mycobacterium_kansasii,3154,3178,24
998,Mycobacterium_innocens,1,65,64
999,Mycobacterium_innocens,102,104,2
1000,Mycobacterium_innocens,108,142,34
1001,Mycobacterium_innocens,157,163,6
1002,Mycobacterium_innocens,169,175,6
1003,Mycobacterium_innocens,326,329,3
1004,Mycobacterium_innocens,334,337,3
1005,Mycobacterium_innocens,466,472,6
1006,Mycobacterium_innocens,1084,1090,6
1007,Mycobacterium_innocens,1091,1097,6
1008,Mycobacterium_innocens,1101,1110,9
1009,Mycobacterium_innocens,1116,1129,13
1010,Mycobacterium_innocens,1136,1139,3
1011,Mycobacterium_innocens,1140,1146,6
1012,Mycobacterium_innocens,1152,1164,12
1013,Mycobacterium_innocens,1167,1170,3
1014,Mycobacterium_innocens,1224,1236,12
1015,Mycobacterium_innocens,1239,1248,9
1016,Mycobacterium_innocens,1251,1257,6
1017,Mycobacterium_innocens,1265,1268,3
1018,Mycobacterium_innocens,1847,1853,6
1019,Mycobacterium_innocens,1854,1863,9
1020,Mycobacterium_innocens,1865,1874,9
1021,Mycobacterium_innocens,1881,1883,2
1022,Mycobacterium_innocens,1885,1888,3
1023,Mycobacterium_innocens,1890,1898,8
1024,Mycobacterium_innocens,1902,1914,12
1025,Mycobacterium_innocens,1915,1925,10
1026,Mycobacterium_innocens,1931,1937,6
1027,Mycobacterium_innocens,2085,2086,1
1028,Mycobacterium_innocens,2699,2700,1
1029,Mycobacterium_innocens,3115,3151,36
1030,Mycobacterium_innocens,3154,3178,24
1031,Mycobacterium_shinshuense,1,45,44
1032,Mycobacterium_shinshuense,48,49,1
1033,Mycobacterium_shinshuense,57,58,1
1034,Mycobacterium_shinshuense,98,104,6
1035,Mycobacterium_shinshuense,108,144,36
1036,Mycobacterium_shinshuense,157,163,6
1037,Mycobacterium_shinshuense,169,175,6
1038,Mycobacterium_shinshuense,326,329,3
1039,Mycobacterium_shinshuense,334,337,3
1040,Mycobacterium_shinshuense,339,351,12
1041,Mycobacterium_shinshuense,466,472,6
1042,Mycobacterium_shinshuense,1084,1090,6
1043,Mycobacterium_shinshuense,1091,1097,6
1044,Mycobacterium_shinshuense,1101,1110,9
1045,Mycobacterium_shinshuense,1116,1129,13
1046,Mycobacterium_shinshuense,1136,1139,3
1047,Mycobacterium_shinshuense,1140,1146,6
1048,Mycobacterium_shinshuense,1152,1164,12
1049,Mycobacterium_shinshuense,1167,1170,3
1050,Mycobacterium_shinshuense,1224,1236,12
1051,Mycobacterium_shinshuense,1239,1248,9
1052,Mycobacterium_shinshuense,1251,1257,6
1053,Mycobacterium_shinshuense,1265,1268,3
1054,Mycobacterium_shinshuense,1847,1853,6
1055,Mycobacterium_shinshuense,1854,1863,9
1056,Mycobacterium_shinshuense,1865,1874,9
1057,Mycobacterium_shinshuense,1881,1883,2
1058,Mycobacterium_shinshuense,1885,1888,3
1059,Mycobacterium_shinshuense,1890,1898,8
1060,Mycobacterium_shinshuense,1902,1914,12
1061,Mycobacterium_shinshuense,1915,1925,10
1062,Mycobacterium_shinshuense,1931,1937,6
1063,Mycobacterium_shinshuense,2085,2086,1
1064,Mycobacterium_shinshuense,2699,2700,1
1065,Mycobacterium_shinshuense,3115,3136,21
1066,Mycobacterium_shinshuense,3140,3146,6
1067,Mycobacterium_shinshuense,3154,3178,24
1068,Mycobacterium_shimoidei,1,65,64
1069,Mycobacterium_shimoidei,98,146,48
1070,Mycobacterium_shimoidei,326,329,3
1071,Mycobacterium_shimoidei,334,337,3
1072,Mycobacterium_shimoidei,339,351,12
1073,Mycobacterium_shimoidei,466,472,6
1074,Mycobacterium_shimoidei,1084,1090,6
1075,Mycobacterium_shimoidei,1101,1110,9
1076,Mycobacterium_shimoidei,1116,1129,13
1077,Mycobacterium_shimoidei,1136,1139,3
1078,Mycobacterium_shimoidei,1140,1146,6
1079,Mycobacterium_shimoidei,1152,1164,12
1080,Mycobacterium_shimoidei,1167,1170,3
1081,Mycobacterium_shimoidei,1224,1236,12
1082,Mycobacterium_shimoidei,1239,1248,9
1083,Mycobacterium_shimoidei,1251,1257,6
1084,Mycobacterium_shimoidei,1265,1268,3
1085,Mycobacterium_shimoidei,1847,1853,6
1086,Mycobacterium_shimoidei,1854,1863,9
1087,Mycobacterium_shimoidei,1865,1874,9
1088,Mycobacterium_shimoidei,1881,1883,2
1089,Mycobacterium_shimoidei,1885,1888,3
1090,Mycobacterium_shimoidei,1890,1898,8
1091,Mycobacterium_shimoidei,1902,1914,12
1092,Mycobacterium_shimoidei,1915,1925,10
1093,Mycobacterium_shimoidei,1931,1937,6
1094,Mycobacterium_shimoidei,2085,2086,1
1095,Mycobacterium_shimoidei,2699,2700,1
1096,Mycobacterium_shimoidei,3115,3136,21
1097,Mycobacterium_shimoidei,3140,3146,6
1098,Mycobacterium_shimoidei,3154,3178,24
1099,Mycobacterium_liflandii,1,45,44
1100,Mycobacterium_liflandii,48,49,1
1101,Mycobacterium_liflandii,57,58,1
1102,Mycobacterium_liflandii,98,104,6
1103,Mycobacterium_liflandii,108,144,36
1104,Mycobacterium_liflandii,157,163,6
1105,Mycobacterium_liflandii,169,175,6
1106,Mycobacterium_liflandii,326,329,3
1107,Mycobacterium_liflandii,334,337,3
1108,Mycobacterium_liflandii,339,351,12
1109,Mycobacterium_liflandii,466,472,6
1110,Mycobacterium_liflandii,1084,1090,6
1111,Mycobacterium_liflandii,1091,1097,6
1112,Mycobacterium_liflandii,1101,1110,9
1113,Mycobacterium_liflandii,1116,1129,13
1114,Mycobacterium_liflandii,1136,1139,3
1115,Mycobacterium_liflandii,1140,1146,6
1116,Mycobacterium_liflandii,1152,1164,12
1117,Mycobacterium_liflandii,1167,1170,3
1118,Mycobacterium_liflandii,1224,1236,12
1119,Mycobacterium_liflandii,1239,1248,9
1120,Mycobacterium_liflandii,1251,1257,6
1121,Mycobacterium_liflandii,1265,1268,3
1122,Mycobacterium_liflandii,1847,1853,6
1123,Mycobacterium_liflandii,1854,1863,9
1124,Mycobacterium_liflandii,1865,1874,9
1125,Mycobacterium_liflandii,1881,1883,2
1126,Mycobacterium_liflandii,1885,1888,3
1127,Mycobacterium_liflandii,1890,1898,8
1128,Mycobacterium_liflandii,1902,1914,12
1129,Mycobacterium_liflandii,1915,1925,10
1130,Mycobacterium_liflandii,1931,1937,6
1131,Mycobacterium_liflandii,2085,2086,1
1132,Mycobacterium_liflandii,2699,2700,1
1133,Mycobacterium_liflandii,3115,3136,21
1134,Mycobacterium_liflandii,3140,3146,6
1135,Mycobacterium_liflandii,3154,3178,24
1136,Mycobacterium_paraseoulense,1,65,64
1137,Mycobacterium_paraseoulense,98,104,6
1138,Mycobacterium_paraseoulense,108,144,36
1139,Mycobacterium_paraseoulense,160,163,3
1140,Mycobacterium_paraseoulense,169,175,6
1141,Mycobacterium_paraseoulense,326,329,3
1142,Mycobacterium_paraseoulense,334,337,3
1143,Mycobacterium_paraseoulense,339,351,12
1144,Mycobacterium_paraseoulense,466,472,6
1145,Mycobacterium_paraseoulense,1084,1090,6
1146,Mycobacterium_paraseoulense,1091,1097,6
1147,Mycobacterium_paraseoulense,1101,1110,9
1148,Mycobacterium_paraseoulense,1116,1129,13
1149,Mycobacterium_paraseoulense,1136,1139,3
1150,Mycobacterium_paraseoulense,1140,1146,6
1151,Mycobacterium_paraseoulense,1152,1164,12
1152,Mycobacterium_paraseoulense,1167,1170,3
1153,Mycobacterium_paraseoulense,1239,1248,9
1154,Mycobacterium_paraseoulense,1251,1257,6
1155,Mycobacterium_paraseoulense,1847,1853,6
1156,Mycobacterium_paraseoulense,1854,1863,9
1157,Mycobacterium_paraseoulense,1865,1874,9
1158,Mycobacterium_paraseoulense,1881,1883,2
1159,Mycobacterium_paraseoulense,1885,1888,3
1160,Mycobacterium_paraseoulense,1890,1898,8
1161,Mycobacterium_paraseoulense,1902,1914,12
1162,Mycobacterium_paraseoulense,1915,1925,10
1163,Mycobacterium_paraseoulense,1931,1937,6
1164,Mycobacterium_paraseoulense,2085,2086,1
1165,Mycobacterium_paraseoulense,2699,2700,1
1166,Mycobacterium_paraseoulense,3112,3148,36
1167,Mycobacterium_paraseoulense,3154,3178,24
1168,Mycobacterium_angelicum,1,65,64
1169,Mycobacterium_angelicum,108,144,36
1170,Mycobacterium_angelicum,145,163,18
1171,Mycobacterium_angelicum,169,175,6
1172,Mycobacterium_angelicum,326,329,3
1173,Mycobacterium_angelicum,334,337,3
1174,Mycobacterium_angelicum,339,351,12
1175,Mycobacterium_angelicum,466,472,6
1176,Mycobacterium_angelicum,1084,1090,6
1177,Mycobacterium_angelicum,1091,1097,6
1178,Mycobacterium_angelicum,1101,1110,9
1179,Mycobacterium_angelicum,1116,1129,13
1180,Mycobacterium_angelicum,1136,1139,3
1181,Mycobacterium_angelicum,1140,1146,6
1182,Mycobacterium_angelicum,1152,1164,12
1183,Mycobacterium_angelicum,1167,1170,3
1184,Mycobacterium_angelicum,1224,1236,12
1185,Mycobacterium_angelicum,1239,1248,9
1186,Mycobacterium_angelicum,1251,1257,6
1187,Mycobacterium_angelicum,1265,1268,3
1188,Mycobacterium_angelicum,1847,1853,6
1189,Mycobacterium_angelicum,1854,1863,9
1190,Mycobacterium_angelicum,1865,1874,9
1191,Mycobacterium_angelicum,1881,1883,2
1192,Mycobacterium_angelicum,1885,1888,3
1193,Mycobacterium_angelicum,1890,1898,8
1194,Mycobacterium_angelicum,1902,1914,12
1195,Mycobacterium_angelicum,1915,1925,10
1196,Mycobacterium_angelicum,1931,1937,6
1197,Mycobacterium_angelicum,2085,2086,1
1198,Mycobacterium_angelicum,2699,2700,1
1199,Mycobacterium_angelicum,3112,3148,36
1200,Mycobacterium_angelicum,3154,3178,24
1201,Mycobacterium_pseudoshottsii,1,45,44
1202,Mycobacterium_pseudoshottsii,48,49,1
1203,Mycobacterium_pseudoshottsii,57,58,1
1204,Mycobacterium_pseudoshottsii,98,104,6
1205,Mycobacterium_pseudoshottsii,108,144,36
1206,Mycobacterium_pseudoshottsii,157,163,6
1207,Mycobacterium_pseudoshottsii,169,175,6
1208,Mycobacterium_pseudoshottsii,326,329,3
1209,Mycobacterium_pseudoshottsii,334,337,3
1210,Mycobacterium_pseudoshottsii,339,351,12
1211,Mycobacterium_pseudoshottsii,466,472,6
1212,Mycobacterium_pseudoshottsii,1084,1090,6
1213,Mycobacterium_pseudoshottsii,1091,1097,6
1214,Mycobacterium_pseudoshottsii,1101,1110,9
1215,Mycobacterium_pseudoshottsii,1116,1129,13
1216,Mycobacterium_pseudoshottsii,1136,1139,3
1217,Mycobacterium_pseudoshottsii,1140,1146,6
1218,Mycobacterium_pseudoshottsii,1152,1164,12
1219,Mycobacterium_pseudoshottsii,1167,1170,3
1220,Mycobacterium_pseudoshottsii,1224,1236,12
1221,Mycobacterium_pseudoshottsii,1239,1248,9
1222,Mycobacterium_pseudoshottsii,1251,1257,6
1223,Mycobacterium_pseudoshottsii,1265,1268,3
1224,Mycobacterium_pseudoshottsii,1847,1853,6
1225,Mycobacterium_pseudoshottsii,1854,1863,9
1226,Mycobacterium_pseudoshottsii,1865,1874,9
1227,Mycobacterium_pseudoshottsii,1881,1883,2
1228,Mycobacterium_pseudoshottsii,1885,1888,3
1229,Mycobacterium_pseudoshottsii,1890,1898,8
1230,Mycobacterium_pseudoshottsii,1902,1914,12
1231,Mycobacterium_pseudoshottsii,1915,1925,10
1232,Mycobacterium_pseudoshottsii,1931,1937,6
1233,Mycobacterium_pseudoshottsii,2085,2086,1
1234,Mycobacterium_pseudoshottsii,2699,2700,1
1235,Mycobacterium_pseudoshottsii,3115,3136,21
1236,Mycobacterium_pseudoshottsii,3140,3146,6
1237,Mycobacterium_pseudoshottsii,3154,3178,24
1238,Mycobacterium_paraintracellulare,1,65,64
1239,Mycobacterium_paraintracellulare,98,104,6
1240,Mycobacterium_paraintracellulare,108,144,36
1241,Mycobacterium_paraintracellulare,160,163,3
1242,Mycobacterium_paraintracellulare,169,175,6
1243,Mycobacterium_paraintracellulare,326,329,3
1244,Mycobacterium_paraintracellulare,334,337,3
1245,Mycobacterium_paraintracellulare,466,472,6
1246,Mycobacterium_paraintracellulare,1084,1090,6
1247,Mycobacterium_paraintracellulare,1091,1097,6
1248,Mycobacterium_paraintracellulare,1101,1110,9
1249,Mycobacterium_paraintracellulare,1116,1129,13
1250,Mycobacterium_paraintracellulare,1136,1139,3
1251,Mycobacterium_paraintracellulare,1140,1146,6
1252,Mycobacterium_paraintracellulare,1152,1164,12
1253,Mycobacterium_paraintracellulare,1167,1170,3
1254,Mycobacterium_paraintracellulare,1224,1236,12
1255,Mycobacterium_paraintracellulare,1239,1248,9
1256,Mycobacterium_paraintracellulare,1251,1257,6
1257,Mycobacterium_paraintracellulare,1265,1268,3
1258,Mycobacterium_paraintracellulare,1847,1853,6
1259,Mycobacterium_paraintracellulare,1854,1863,9
1260,Mycobacterium_paraintracellulare,1865,1874,9
1261,Mycobacterium_paraintracellulare,1881,1883,2
1262,Mycobacterium_paraintracellulare,1885,1888,3
1263,Mycobacterium_paraintracellulare,1890,1898,8
1264,Mycobacterium_paraintracellulare,1902,1914,12
1265,Mycobacterium_paraintracellulare,1915,1925,10
1266,Mycobacterium_paraintracellulare,1931,1937,6
1267,Mycobacterium_paraintracellulare,2085,2086,1
1268,Mycobacterium_paraintracellulare,2699,2700,1
1269,Mycobacterium_paraintracellulare,3112,3148,36
1270,Mycobacterium_paraintracellulare,3154,3178,24
1271,Mycobacterium_intracellulare,1,65,64
1272,Mycobacterium_intracellulare,98,104,6
1273,Mycobacterium_intracellulare,108,144,36
1274,Mycobacterium_intracellulare,160,163,3
1275,Mycobacterium_intracellulare,169,175,6
1276,Mycobacterium_intracellulare,326,329,3
1277,Mycobacterium_intracellulare,334,337,3
1278,Mycobacterium_intracellulare,466,472,6
1279,Mycobacterium_intracellulare,1084,1090,6
1280,Mycobacterium_intracellulare,1091,1097,6
1281,Mycobacterium_intracellulare,1101,1110,9
1282,Mycobacterium_intracellulare,1116,1129,13
1283,Mycobacterium_intracellulare,1136,1139,3
1284,Mycobacterium_intracellulare,1140,1146,6
1285,Mycobacterium_intracellulare,1152,1164,12
1286,Mycobacterium_intracellulare,1167,1170,3
1287,Mycobacterium_intracellulare,1224,1236,12
1288,Mycobacterium_intracellulare,1239,1248,9
1289,Mycobacterium_intracellulare,1251,1257,6
1290,Mycobacterium_intracellulare,1265,1268,3
1291,Mycobacterium_intracellulare,1847,1853,6
1292,Mycobacterium_intracellulare,1854,1863,9
1293,Mycobacterium_intracellulare,1865,1874,9
1294,Mycobacterium_intracellulare,1881,1883,2
1295,Mycobacterium_intracellulare,1885,1888,3
1296,Mycobacterium_intracellulare,1890,1898,8
1297,Mycobacterium_intracellulare,1902,1914,12
1298,Mycobacterium_intracellulare,1915,1925,10
1299,Mycobacterium_intracellulare,1931,1937,6
1300,Mycobacterium_intracellulare,2085,2086,1
1301,Mycobacterium_intracellulare,2699,2700,1
1302,Mycobacterium_intracellulare,3112,3148,36
1303,Mycobacterium_intracellulare,3154,3178,24
1304,Mycobacterium_timonense,1,65,64
1305,Mycobacterium_timonense,98,104,6
1306,Mycobacterium_timonense,108,144,36
1307,Mycobacterium_timonense,160,163,3
1308,Mycobacterium_timonense,169,175,6
1309,Mycobacterium_timonense,326,329,3
1310,Mycobacterium_timonense,334,337,3
1311,Mycobacterium_timonense,466,472,6
1312,Mycobacterium_timonense,1084,1090,6
1313,Mycobacterium_timonense,1091,1097,6
1314,Mycobacterium_timonense,1101,1110,9
1315,Mycobacterium_timonense,1116,1129,13
1316,Mycobacterium_timonense,1136,1139,3
1317,Mycobacterium_timonense,1140,1146,6
1318,Mycobacterium_timonense,1152,1164,12
1319,Mycobacterium_timonense,1167,1170,3
1320,Mycobacterium_timonense,1224,1236,12
1321,Mycobacterium_timonense,1239,1248,9
1322,Mycobacterium_timonense,1251,1257,6
1323,Mycobacterium_timonense,1265,1268,3
1324,Mycobacterium_timonense,1847,1853,6
1325,Mycobacterium_timonense,1854,1863,9
1326,Mycobacterium_timonense,1865,1874,9
1327,Mycobacterium_timonense,1881,1883,2
1328,Mycobacterium_timonense,1885,1888,3
1329,Mycobacterium_timonense,1890,1898,8
1330,Mycobacterium_timonense,1902,1914,12
1331,Mycobacterium_timonense,1915,1925,10
1332,Mycobacterium_timonense,1931,1937,6
1333,Mycobacterium_timonense,2085,2086,1
1334,Mycobacterium_timonense,2699,2700,1
1335,Mycobacterium_timonense,3112,3148,36
1336,Mycobacterium_timonense,3154,3178,24
1337,Mycobacterium_chimaera,1,65,64
1338,Mycobacterium_chimaera,98,104,6
1339,Mycobacterium_chimaera,108,144,36
1340,Mycobacterium_chimaera,160,163,3
1341,Mycobacterium_chimaera,169,175,6
1342,Mycobacterium_chimaera,326,329,3
1343,Mycobacterium_chimaera,334,337,3
1344,Mycobacterium_chimaera,466,472,6
1345,Mycobacterium_chimaera,1084,1090,6
1346,Mycobacterium_chimaera,1091,1097,6
1347,Mycobacterium_chimaera,1101,1110,9
1348,Mycobacterium_chimaera,1116,1129,13
1349,Mycobacterium_chimaera,1136,1139,3
1350,Mycobacterium_chimaera,1140,1146,6
1351,Mycobacterium_chimaera,1152,1164,12
1352,Mycobacterium_chimaera,1167,1170,3
1353,Mycobacterium_chimaera,1239,1248,9
1354,Mycobacterium_chimaera,1251,1257,6
1355,Mycobacterium_chimaera,1847,1853,6
1356,Mycobacterium_chimaera,1854,1863,9
1357,Mycobacterium_chimaera,1865,1874,9
1358,Mycobacterium_chimaera,1881,1883,2
1359,Mycobacterium_chimaera,1885,1888,3
1360,Mycobacterium_chimaera,1890,1898,8
1361,Mycobacterium_chimaera,1902,1914,12
1362,Mycobacterium_chimaera,1915,1925,10
1363,Mycobacterium_chimaera,1931,1937,6
1364,Mycobacterium_chimaera,2085,2086,1
1365,Mycobacterium_chimaera,2699,2700,1
1366,Mycobacterium_chimaera,3112,3148,36
1367,Mycobacterium_chimaera,3154,3178,24
1368,Mycobacterium_helveticum,1,65,64
1369,Mycobacterium_helveticum,98,104,6
1370,Mycobacterium_helveticum,108,144,36
1371,Mycobacterium_helveticum,160,163,3
1372,Mycobacterium_helveticum,169,175,6
1373,Mycobacterium_helveticum,326,329,3
1374,Mycobacterium_helveticum,334,337,3
1375,Mycobacterium_helveticum,339,351,12
1376,Mycobacterium_helveticum,466,472,6
1377,Mycobacterium_helveticum,1084,1090,6
1378,Mycobacterium_helveticum,1091,1097,6
1379,Mycobacterium_helveticum,1103,1115,12
1380,Mycobacterium_helveticum,1116,1129,13
1381,Mycobacterium_helveticum,1136,1139,3
1382,Mycobacterium_helveticum,1140,1146,6
1383,Mycobacterium_helveticum,1159,1165,6
1384,Mycobacterium_helveticum,1167,1170,3
1385,Mycobacterium_helveticum,1239,1248,9
1386,Mycobacterium_helveticum,1251,1257,6
1387,Mycobacterium_helveticum,1847,1853,6
1388,Mycobacterium_helveticum,1854,1863,9
1389,Mycobacterium_helveticum,1865,1874,9
1390,Mycobacterium_helveticum,1881,1883,2
1391,Mycobacterium_helveticum,1885,1888,3
1392,Mycobacterium_helveticum,1890,1898,8
1393,Mycobacterium_helveticum,1902,1914,12
1394,Mycobacterium_helveticum,1915,1925,10
1395,Mycobacterium_helveticum,1931,1937,6
1396,Mycobacterium_helveticum,2085,2086,1
1397,Mycobacterium_helveticum,2699,2700,1
1398,Mycobacterium_helveticum,3112,3148,36
1399,Mycobacterium_helveticum,3154,3178,24
1400,Mycobacterium_marinum,1,45,44
1401,Mycobacterium_marinum,48,49,1
1402,Mycobacterium_marinum,57,58,1
1403,Mycobacterium_marinum,98,104,6
1404,Mycobacterium_marinum,108,144,36
1405,Mycobacterium_marinum,157,163,6
1406,Mycobacterium_marinum,169,175,6
1407,Mycobacterium_marinum,326,329,3
1408,Mycobacterium_marinum,334,337,3
1409,Mycobacterium_marinum,339,351,12
1410,Mycobacterium_marinum,466,472,6
1411,Mycobacterium_marinum,1084,1090,6
1412,Mycobacterium_marinum,1091,1097,6
1413,Mycobacterium_marinum,1101,1110,9
1414,Mycobacterium_marinum,1116,1129,13
1415,Mycobacterium_marinum,1136,1139,3
1416,Mycobacterium_marinum,1140,1146,6
1417,Mycobacterium_marinum,1152,1164,12
1418,Mycobacterium_marinum,1167,1170,3
1419,Mycobacterium_marinum,1224,1236,12
1420,Mycobacterium_marinum,1239,1248,9
1421,Mycobacterium_marinum,1251,1257,6
1422,Mycobacterium_marinum,1265,1268,3
1423,Mycobacterium_marinum,1847,1853,6
1424,Mycobacterium_marinum,1854,1863,9
1425,Mycobacterium_marinum,1865,1874,9
1426,Mycobacterium_marinum,1881,1883,2
1427,Mycobacterium_marinum,1885,1888,3
1428,Mycobacterium_marinum,1890,1898,8
1429,Mycobacterium_marinum,1902,1914,12
1430,Mycobacterium_marinum,1915,1925,10
1431,Mycobacterium_marinum,1931,1937,6
1432,Mycobacterium_marinum,2085,2086,1
1433,Mycobacterium_marinum,2699,2700,1
1434,Mycobacterium_marinum,3115,3136,21
1435,Mycobacterium_marinum,3140,3146,6
1436,Mycobacterium_marinum,3154,3178,24
1437,Mycobacterium_marseillense,1,65,64
1438,Mycobacterium_marseillense,98,104,6
1439,Mycobacterium_marseillense,108,144,36
1440,Mycobacterium_marseillense,160,163,3
1441,Mycobacterium_marseillense,169,175,6
1442,Mycobacterium_marseillense,326,329,3
1443,Mycobacterium_marseillense,334,337,3
1444,Mycobacterium_marseillense,466,472,6
1445,Mycobacterium_marseillense,1084,1090,6
1446,Mycobacterium_marseillense,1091,1097,6
1447,Mycobacterium_marseillense,1101,1110,9
1448,Mycobacterium_marseillense,1116,1129,13
1449,Mycobacterium_marseillense,1136,1139,3
1450,Mycobacterium_marseillense,1140,1146,6
1451,Mycobacterium_marseillense,1152,1164,12
1452,Mycobacterium_marseillense,1167,1170,3
1453,Mycobacterium_marseillense,1224,1236,12
1454,Mycobacterium_marseillense,1239,1248,9
1455,Mycobacterium_marseillense,1251,1257,6
1456,Mycobacterium_marseillense,1265,1268,3
1457,Mycobacterium_marseillense,1847,1853,6
1458,Mycobacterium_marseillense,1854,1863,9
1459,Mycobacterium_marseillense,1865,1874,9
1460,Mycobacterium_marseillense,1881,1883,2
1461,Mycobacterium_marseillense,1885,1888,3
1462,Mycobacterium_marseillense,1890,1898,8
1463,Mycobacterium_marseillense,1902,1914,12
1464,Mycobacterium_marseillense,1915,1925,10
1465,Mycobacterium_marseillense,1931,1937,6
1466,Mycobacterium_marseillense,2085,2086,1
1467,Mycobacterium_marseillense,2699,2700,1
1468,Mycobacterium_marseillense,3112,3148,36
1469,Mycobacterium_marseillense,3154,3178,24
1470,Mycobacterium_pseudokansasii,1,65,64
1471,Mycobacterium_pseudokansasii,102,104,2
1472,Mycobacterium_pseudokansasii,108,142,34
1473,Mycobacterium_pseudokansasii,157,163,6
1474,Mycobacterium_pseudokansasii,169,175,6
1475,Mycobacterium_pseudokansasii,326,329,3
1476,Mycobacterium_pseudokansasii,334,337,3
1477,Mycobacterium_pseudokansasii,466,472,6
1478,Mycobacterium_pseudokansasii,1084,1090,6
1479,Mycobacterium_pseudokansasii,1091,1097,6
1480,Mycobacterium_pseudokansasii,1101,1110,9
1481,Mycobacterium_pseudokansasii,1116,1129,13
1482,Mycobacterium_pseudokansasii,1136,1139,3
1483,Mycobacterium_pseudokansasii,1140,1146,6
1484,Mycobacterium_pseudokansasii,1152,1164,12
1485,Mycobacterium_pseudokansasii,1167,1170,3
1486,Mycobacterium_pseudokansasii,1239,1248,9
1487,Mycobacterium_pseudokansasii,1251,1257,6
1488,Mycobacterium_pseudokansasii,1847,1853,6
1489,Mycobacterium_pseudokansasii,1854,1863,9
1490,Mycobacterium_pseudokansasii,1865,1874,9
1491,Mycobacterium_pseudokansasii,1881,1883,2
1492,Mycobacterium_pseudokansasii,1885,1888,3
1493,Mycobacterium_pseudokansasii,1890,1898,8
1494,Mycobacterium_pseudokansasii,1902,1914,12
1495,Mycobacterium_pseudokansasii,1915,1925,10
1496,Mycobacterium_pseudokansasii,1931,1937,6
1497,Mycobacterium_pseudokansasii,2085,2086,1
1498,Mycobacterium_pseudokansasii,2699,2700,1
1499,Mycobacterium_pseudokansasii,3115,3151,36
1500,Mycobacterium_pseudokansasii,3154,3178,24
1501,Mycobacterium_fragae,1,65,64
1502,Mycobacterium_fragae,94,148,54
1503,Mycobacterium_fragae,153,156,3
1504,Mycobacterium_fragae,169,175,6
1505,Mycobacterium_fragae,326,329,3
1506,Mycobacterium_fragae,334,337,3
1507,Mycobacterium_fragae,339,351,12
1508,Mycobacterium_fragae,466,472,6
1509,Mycobacterium_fragae,1084,1090,6
1510,Mycobacterium_fragae,1101,1110,9
1511,Mycobacterium_fragae,1116,1129,13
1512,Mycobacterium_fragae,1132,1135,3
1513,Mycobacterium_fragae,1136,1139,3
1514,Mycobacterium_fragae,1140,1146,6
1515,Mycobacterium_fragae,1152,1164,12
1516,Mycobacterium_fragae,1167,1170,3
1517,Mycobacterium_fragae,1224,1236,12
1518,Mycobacterium_fragae,1239,1248,9
1519,Mycobacterium_fragae,1251,1257,6
1520,Mycobacterium_fragae,1265,1268,3
1521,Mycobacterium_fragae,1847,1853,6
1522,Mycobacterium_fragae,1854,1863,9
1523,Mycobacterium_fragae,1865,1874,9
1524,Mycobacterium_fragae,1881,1883,2
1525,Mycobacterium_fragae,1885,1888,3
1526,Mycobacterium_fragae,1890,1898,8
1527,Mycobacterium_fragae,1902,1914,12
1528,Mycobacterium_fragae,1915,1925,10
1529,Mycobacterium_fragae,1931,1937,6
1530,Mycobacterium_fragae,2085,2086,1
1531,Mycobacterium_fragae,2699,2700,1
1532,Mycobacterium_fragae,3115,3136,21
1533,Mycobacterium_fragae,3140,3146,6
1534,Mycobacterium_fragae,3154,3178,24
1535,Mycobacterium_numidiamassiliense,1,65,64
1536,Mycobacterium_numidiamassiliense,98,104,6
1537,Mycobacterium_numidiamassiliense,106,163,57
1538,Mycobacterium_numidiamassiliense,169,175,6
1539,Mycobacterium_numidiamassiliense,326,329,3
1540,Mycobacterium_numidiamassiliense,334,337,3
1541,Mycobacterium_numidiamassiliense,339,351,12
1542,Mycobacterium_numidiamassiliense,466,472,6
1543,Mycobacterium_numidiamassiliense,1084,1090,6
1544,Mycobacterium_numidiamassiliense,1091,1097,6
1545,Mycobacterium_numidiamassiliense,1101,1110,9
1546,Mycobacterium_numidiamassiliense,1116,1129,13
1547,Mycobacterium_numidiamassiliense,1136,1139,3
1548,Mycobacterium_numidiamassiliense,1140,1146,6
1549,Mycobacterium_numidiamassiliense,1152,1164,12
1550,Mycobacterium_numidiamassiliense,1167,1170,3
1551,Mycobacterium_numidiamassiliense,1224,1236,12
1552,Mycobacterium_numidiamassiliense,1239,1248,9
1553,Mycobacterium_numidiamassiliense,1251,1257,6
1554,Mycobacterium_numidiamassiliense,1265,1268,3
1555,Mycobacterium_numidiamassiliense,1847,1853,6
1556,Mycobacterium_numidiamassiliense,1854,1863,9
1557,Mycobacterium_numidiamassiliense,1865,1874,9
1558,Mycobacterium_numidiamassiliense,1881,1883,2
1559,Mycobacterium_numidiamassiliense,1885,1888,3
1560,Mycobacterium_numidiamassiliense,1890,1898,8
1561,Mycobacterium_numidiamassiliense,1902,1914,12
1562,Mycobacterium_numidiamassiliense,1915,1925,10
1563,Mycobacterium_numidiamassiliense,1931,1937,6
1564,Mycobacterium_numidiamassiliense,2085,2086,1
1565,Mycobacterium_numidiamassiliense,2699,2700,1
1566,Mycobacterium_numidiamassiliense,3115,3136,21
1567,Mycobacterium_numidiamassiliense,3140,3146,6
1568,Mycobacterium_numidiamassiliense,3154,3178,24
1569,Mycobacterium_kubicae,1,65,64
1570,Mycobacterium_kubicae,109,163,54
1571,Mycobacterium_kubicae,169,175,6
1572,Mycobacterium_kubicae,326,329,3
1573,Mycobacterium_kubicae,334,337,3
1574,Mycobacterium_kubicae,339,351,12
1575,Mycobacterium_kubicae,466,472,6
1576,Mycobacterium_kubicae,1084,1090,6
1577,Mycobacterium_kubicae,1091,1097,6
1578,Mycobacterium_kubicae,1101,1110,9
1579,Mycobacterium_kubicae,1116,1129,13
1580,Mycobacterium_kubicae,1136,1139,3
1581,Mycobacterium_kubicae,1140,1146,6
1582,Mycobacterium_kubicae,1152,1164,12
1583,Mycobacterium_kubicae,1167,1170,3
1584,Mycobacterium_kubicae,1224,1236,12
1585,Mycobacterium_kubicae,1239,1248,9
1586,Mycobacterium_kubicae,1251,1257,6
1587,Mycobacterium_kubicae,1265,1268,3
1588,Mycobacterium_kubicae,1847,1853,6
1589,Mycobacterium_kubicae,1854,1863,9
1590,Mycobacterium_kubicae,1865,1874,9
1591,Mycobacterium_kubicae,1881,1883,2
1592,Mycobacterium_kubicae,1885,1888,3
1593,Mycobacterium_kubicae,1890,1898,8
1594,Mycobacterium_kubicae,1902,1914,12
1595,Mycobacterium_kubicae,1915,1925,10
1596,Mycobacterium_kubicae,1931,1937,6
1597,Mycobacterium_kubicae,2085,2086,1
1598,Mycobacterium_kubicae,2699,2700,1
1599,Mycobacterium_kubicae,3115,3136,21
1600,Mycobacterium_kubicae,3137,3146,9
1601,Mycobacterium_kubicae,3154,3178,24
1602,Mycobacterium_shottsii,1,45,44
1603,Mycobacterium_shottsii,48,49,1
1604,Mycobacterium_shottsii,57,58,1
1605,Mycobacterium_shottsii,98,104,6
1606,Mycobacterium_shottsii,108,144,36
1607,Mycobacterium_shottsii,157,163,6
1608,Mycobacterium_shottsii,169,175,6
1609,Mycobacterium_shottsii,326,329,3
1610,Mycobacterium_shottsii,334,337,3
1611,Mycobacterium_shottsii,339,351,12
1612,Mycobacterium_shottsii,466,472,6
1613,Mycobacterium_shottsii,1084,1090,6
1614,Mycobacterium_shottsii,1091,1097,6
1615,Mycobacterium_shottsii,1101,1110,9
1616,Mycobacterium_shottsii,1116,1129,13
1617,Mycobacterium_shottsii,1136,1139,3
1618,Mycobacterium_shottsii,1140,1146,6
1619,Mycobacterium_shottsii,1152,1164,12
1620,Mycobacterium_shottsii,1167,1170,3
1621,Mycobacterium_shottsii,1224,1236,12
1622,Mycobacterium_shottsii,1239,1248,9
1623,Mycobacterium_shottsii,1251,1257,6
1624,Mycobacterium_shottsii,1265,1268,3
1625,Mycobacterium_shottsii,1847,1853,6
1626,Mycobacterium_shottsii,1854,1863,9
1627,Mycobacterium_shottsii,1865,1874,9
1628,Mycobacterium_shottsii,1881,1883,2
1629,Mycobacterium_shottsii,1885,1888,3
1630,Mycobacterium_shottsii,1890,1898,8
1631,Mycobacterium_shottsii,1902,1914,12
1632,Mycobacterium_shottsii,1915,1925,10
1633,Mycobacterium_shottsii,1931,1937,6
1634,Mycobacterium_shottsii,2085,2086,1
1635,Mycobacterium_shottsii,2699,2700,1
1636,Mycobacterium_shottsii,3115,3136,21
1637,Mycobacterium_shottsii,3140,3146,6
1638,Mycobacterium_shottsii,3154,3178,24
1639,Mycobacterium_noviomagense,1,65,64
1640,Mycobacterium_noviomagense,94,148,54
1641,Mycobacterium_noviomagense,169,175,6
1642,Mycobacterium_noviomagense,326,329,3
1643,Mycobacterium_noviomagense,334,337,3
1644,Mycobacterium_noviomagense,339,351,12
1645,Mycobacterium_noviomagense,466,472,6
1646,Mycobacterium_noviomagense,1084,1090,6
1647,Mycobacterium_noviomagense,1091,1097,6
1648,Mycobacterium_noviomagense,1101,1110,9
1649,Mycobacterium_noviomagense,1116,1129,13
1650,Mycobacterium_noviomagense,1136,1139,3
1651,Mycobacterium_noviomagense,1140,1146,6
1652,Mycobacterium_noviomagense,1152,1164,12
1653,Mycobacterium_noviomagense,1167,1170,3
1654,Mycobacterium_noviomagense,1224,1236,12
1655,Mycobacterium_noviomagense,1239,1248,9
1656,Mycobacterium_noviomagense,1251,1257,6
1657,Mycobacterium_noviomagense,1265,1268,3
1658,Mycobacterium_noviomagense,1847,1853,6
1659,Mycobacterium_noviomagense,1854,1863,9
1660,Mycobacterium_noviomagense,1865,1874,9
1661,Mycobacterium_noviomagense,1881,1883,2
1662,Mycobacterium_noviomagense,1885,1888,3
1663,Mycobacterium_noviomagense,1890,1898,8
1664,Mycobacterium_noviomagense,1902,1914,12
1665,Mycobacterium_noviomagense,1915,1925,10
1666,Mycobacterium_noviomagense,1931,1937,6
1667,Mycobacterium_noviomagense,2085,2086,1
1668,Mycobacterium_noviomagense,2699,2700,1
1669,Mycobacterium_noviomagense,3115,3136,21
1670,Mycobacterium_noviomagense,3140,3146,6
1671,Mycobacterium_noviomagense,3154,3178,24
1672,Mycolicibacterium_vulneris,1,65,64
1673,Mycolicibacterium_vulneris,98,104,6
1674,Mycolicibacterium_vulneris,108,144,36
1675,Mycolicibacterium_vulneris,160,163,3
1676,Mycolicibacterium_vulneris,169,175,6
1677,Mycolicibacterium_vulneris,326,329,3
1678,Mycolicibacterium_vulneris,334,337,3
1679,Mycolicibacterium_vulneris,466,472,6
1680,Mycolicibacterium_vulneris,1084,1090,6
1681,Mycolicibacterium_vulneris,1091,1097,6
1682,Mycolicibacterium_vulneris,1101,1110,9
1683,Mycolicibacterium_vulneris,1116,1129,13
1684,Mycolicibacterium_vulneris,1136,1139,3
1685,Mycolicibacterium_vulneris,1140,1146,6
1686,Mycolicibacterium_vulneris,1152,1164,12
1687,Mycolicibacterium_vulneris,1167,1170,3
1688,Mycolicibacterium_vulneris,1239,1248,9
1689,Mycolicibacterium_vulneris,1251,1257,6
1690,Mycolicibacterium_vulneris,1847,1853,6
1691,Mycolicibacterium_vulneris,1854,1863,9
1692,Mycolicibacterium_vulneris,1865,1874,9
1693,Mycolicibacterium_vulneris,1881,1883,2
1694,Mycolicibacterium_vulneris,1885,1888,3
1695,Mycolicibacterium_vulneris,1890,1898,8
1696,Mycolicibacterium_vulneris,1902,1914,12
1697,Mycolicibacterium_vulneris,1915,1925,10
1698,Mycolicibacterium_vulneris,1931,1937,6
1699,Mycolicibacterium_vulneris,2085,2086,1
1700,Mycolicibacterium_vulneris,2699,2700,1
1701,Mycolicibacterium_vulneris,3112,3148,36
1702,Mycolicibacterium_vulneris,3154,3178,24
1703,Mycobacterium_mantenii,1,65,64
1704,Mycobacterium_mantenii,98,104,6
1705,Mycobacterium_mantenii,108,144,36
1706,Mycobacterium_mantenii,160,163,3
1707,Mycobacterium_mantenii,169,175,6
1708,Mycobacterium_mantenii,326,329,3
1709,Mycobacterium_mantenii,334,337,3
1710,Mycobacterium_mantenii,339,351,12
1711,Mycobacterium_mantenii,466,472,6
1712,Mycobacterium_mantenii,1084,1090,6
1713,Mycobacterium_mantenii,1091,1097,6
1714,Mycobacterium_mantenii,1101,1110,9
1715,Mycobacterium_mantenii,1116,1129,13
1716,Mycobacterium_mantenii,1136,1139,3
1717,Mycobacterium_mantenii,1140,1146,6
1718,Mycobacterium_mantenii,1152,1164,12
1719,Mycobacterium_mantenii,1167,1170,3
1720,Mycobacterium_mantenii,1239,1248,9
1721,Mycobacterium_mantenii,1251,1257,6
1722,Mycobacterium_mantenii,1847,1853,6
1723,Mycobacterium_mantenii,1854,1863,9
1724,Mycobacterium_mantenii,1865,1874,9
1725,Mycobacterium_mantenii,1881,1883,2
1726,Mycobacterium_mantenii,1885,1888,3
1727,Mycobacterium_mantenii,1890,1898,8
1728,Mycobacterium_mantenii,1902,1914,12
1729,Mycobacterium_mantenii,1915,1925,10
1730,Mycobacterium_mantenii,1931,1937,6
1731,Mycobacterium_mantenii,2085,2086,1
1732,Mycobacterium_mantenii,2699,2700,1
1733,Mycobacterium_mantenii,3112,3148,36
1734,Mycobacterium_mantenii,3154,3178,24
1735,Mycobacterium_attenuatum,1,65,64
1736,Mycobacterium_attenuatum,102,104,2
1737,Mycobacterium_attenuatum,108,142,34
1738,Mycobacterium_attenuatum,157,163,6
1739,Mycobacterium_attenuatum,169,175,6
1740,Mycobacterium_attenuatum,326,329,3
1741,Mycobacterium_attenuatum,334,337,3
1742,Mycobacterium_attenuatum,339,351,12
1743,Mycobacterium_attenuatum,466,472,6
1744,Mycobacterium_attenuatum,1084,1090,6
1745,Mycobacterium_attenuatum,1091,1097,6
1746,Mycobacterium_attenuatum,1101,1110,9
1747,Mycobacterium_attenuatum,1116,1129,13
1748,Mycobacterium_attenuatum,1136,1139,3
1749,Mycobacterium_attenuatum,1140,1146,6
1750,Mycobacterium_attenuatum,1152,1164,12
1751,Mycobacterium_attenuatum,1167,1170,3
1752,Mycobacterium_attenuatum,1239,1248,9
1753,Mycobacterium_attenuatum,1251,1257,6
1754,Mycobacterium_attenuatum,1847,1853,6
1755,Mycobacterium_attenuatum,1854,1863,9
1756,Mycobacterium_attenuatum,1865,1874,9
1757,Mycobacterium_attenuatum,1881,1883,2
1758,Mycobacterium_attenuatum,1885,1888,3
1759,Mycobacterium_attenuatum,1890,1898,8
1760,Mycobacterium_attenuatum,1902,1914,12
1761,Mycobacterium_attenuatum,1915,1925,10
1762,Mycobacterium_attenuatum,1931,1937,6
1763,Mycobacterium_attenuatum,2085,2086,1
1764,Mycobacterium_attenuatum,2699,2700,1
1765,Mycobacterium_attenuatum,3115,3151,36
1766,Mycobacterium_attenuatum,3154,3178,24
1767,Mycobacterium_szulgai,1,65,64
1768,Mycobacterium_szulgai,108,144,36
1769,Mycobacterium_szulgai,145,163,18
1770,Mycobacterium_szulgai,169,175,6
1771,Mycobacterium_szulgai,326,329,3
1772,Mycobacterium_szulgai,334,337,3
1773,Mycobacterium_szulgai,339,351,12
1774,Mycobacterium_szulgai,466,472,6
1775,Mycobacterium_szulgai,1084,1090,6
1776,Mycobacterium_szulgai,1091,1097,6
1777,Mycobacterium_szulgai,1101,1110,9
1778,Mycobacterium_szulgai,1116,1129,13
1779,Mycobacterium_szulgai,1136,1139,3
1780,Mycobacterium_szulgai,1140,1146,6
1781,Mycobacterium_szulgai,1152,1164,12
1782,Mycobacterium_szulgai,1167,1170,3
1783,Mycobacterium_szulgai,1224,1236,12
1784,Mycobacterium_szulgai,1239,1248,9
1785,Mycobacterium_szulgai,1251,1257,6
1786,Mycobacterium_szulgai,1265,1268,3
1787,Mycobacterium_szulgai,1847,1853,6
1788,Mycobacterium_szulgai,1854,1863,9
1789,Mycobacterium_szulgai,1865,1874,9
1790,Mycobacterium_szulgai,1881,1883,2
1791,Mycobacterium_szulgai,1885,1888,3
1792,Mycobacterium_szulgai,1890,1898,8
1793,Mycobacterium_szulgai,1902,1914,12
1794,Mycobacterium_szulgai,1915,1925,10
1795,Mycobacterium_szulgai,1931,1937,6
1796,Mycobacterium_szulgai,2085,2086,1
1797,Mycobacterium_szulgai,2699,2700,1
1798,Mycobacterium_szulgai,3001,3002,1
1799,Mycobacterium_szulgai,3112,3148,36
1800,Mycobacterium_szulgai,3154,3178,24
1801,Mycobacterium_senriense,1,65,64
1802,Mycobacterium_senriense,98,104,6
1803,Mycobacterium_senriense,108,144,36
1804,Mycobacterium_senriense,160,163,3
1805,Mycobacterium_senriense,169,175,6
1806,Mycobacterium_senriense,326,329,3
1807,Mycobacterium_senriense,334,337,3
1808,Mycobacterium_senriense,339,351,12
1809,Mycobacterium_senriense,466,472,6
1810,Mycobacterium_senriense,1084,1090,6
1811,Mycobacterium_senriense,1091,1097,6
1812,Mycobacterium_senriense,1101,1110,9
1813,Mycobacterium_senriense,1116,1129,13
1814,Mycobacterium_senriense,1136,1139,3
1815,Mycobacterium_senriense,1140,1146,6
1816,Mycobacterium_senriense,1152,1164,12
1817,Mycobacterium_senriense,1167,1170,3
1818,Mycobacterium_senriense,1224,1236,12
1819,Mycobacterium_senriense,1239,1248,9
1820,Mycobacterium_senriense,1251,1257,6
1821,Mycobacterium_senriense,1265,1268,3
1822,Mycobacterium_senriense,1847,1853,6
1823,Mycobacterium_senriense,1854,1863,9
1824,Mycobacterium_senriense,1865,1874,9
1825,Mycobacterium_senriense,1881,1883,2
1826,Mycobacterium_senriense,1885,1888,3
1827,Mycobacterium_senriense,1890,1898,8
1828,Mycobacterium_senriense,1902,1914,12
1829,Mycobacterium_senriense,1915,1925,10
1830,Mycobacterium_senriense,1931,1937,6
1831,Mycobacterium_senriense,2085,2086,1
1832,Mycobacterium_senriense,2699,2700,1
1833,Mycobacterium_senriense,3112,3148,36
1834,Mycobacterium_senriense,3154,3178,24
1835,Mycobacterium_xenopi,1,65,64
1836,Mycobacterium_xenopi,94,148,54
1837,Mycobacterium_xenopi,169,175,6
1838,Mycobacterium_xenopi,326,329,3
1839,Mycobacterium_xenopi,334,337,3
1840,Mycobacterium_xenopi,339,351,12
1841,Mycobacterium_xenopi,466,472,6
1842,Mycobacterium_xenopi,1084,1090,6
1843,Mycobacterium_xenopi,1091,1097,6
1844,Mycobacterium_xenopi,1101,1110,9
1845,Mycobacterium_xenopi,1116,1129,13
1846,Mycobacterium_xenopi,1136,1139,3
1847,Mycobacterium_xenopi,1140,1146,6
1848,Mycobacterium_xenopi,1152,1164,12
1849,Mycobacterium_xenopi,1167,1170,3
1850,Mycobacterium_xenopi,1224,1236,12
1851,Mycobacterium_xenopi,1239,1248,9
1852,Mycobacterium_xenopi,1251,1257,6
1853,Mycobacterium_xenopi,1265,1268,3
1854,Mycobacterium_xenopi,1847,1853,6
1855,Mycobacterium_xenopi,1854,1863,9
1856,Mycobacterium_xenopi,1865,1874,9
1857,Mycobacterium_xenopi,1881,1883,2
1858,Mycobacterium_xenopi,1885,1888,3
1859,Mycobacterium_xenopi,1890,1898,8
1860,Mycobacterium_xenopi,1902,1914,12
1861,Mycobacterium_xenopi,1915,1925,10
1862,Mycobacterium_xenopi,1931,1937,6
1863,Mycobacterium_xenopi,2085,2086,1
1864,Mycobacterium_xenopi,2699,2700,1
1865,Mycobacterium_xenopi,3115,3136,21
1866,Mycobacterium_xenopi,3140,3146,6
1867,Mycobacterium_xenopi,3154,3178,24
1868,Mycobacterium_ostraviense,1,65,64
1869,Mycobacterium_ostraviense,102,104,2
1870,Mycobacterium_ostraviense,108,142,34
1871,Mycobacterium_ostraviense,157,163,6
1872,Mycobacterium_ostraviense,169,175,6
1873,Mycobacterium_ostraviense,326,329,3
1874,Mycobacterium_ostraviense,334,337,3
1875,Mycobacterium_ostraviense,339,351,12
1876,Mycobacterium_ostraviense,466,472,6
1877,Mycobacterium_ostraviense,1084,1090,6
1878,Mycobacterium_ostraviense,1091,1097,6
1879,Mycobacterium_ostraviense,1101,1110,9
1880,Mycobacterium_ostraviense,1116,1129,13
1881,Mycobacterium_ostraviense,1136,1139,3
1882,Mycobacterium_ostraviense,1140,1146,6
1883,Mycobacterium_ostraviense,1152,1164,12
1884,Mycobacterium_ostraviense,1167,1170,3
1885,Mycobacterium_ostraviense,1239,1248,9
1886,Mycobacterium_ostraviense,1251,1257,6
1887,Mycobacterium_ostraviense,1847,1853,6
1888,Mycobacterium_ostraviense,1854,1863,9
1889,Mycobacterium_ostraviense,1865,1874,9
1890,Mycobacterium_ostraviense,1885,1888,3
1891,Mycobacterium_ostraviense,1890,1898,8
1892,Mycobacterium_ostraviense,1902,1914,12
1893,Mycobacterium_ostraviense,1931,1937,6
1894,Mycobacterium_ostraviense,2085,2086,1
1895,Mycobacterium_ostraviense,2699,2700,1
1896,Mycobacterium_ostraviense,3115,3151,36
1897,Mycobacterium_ostraviense,3154,3178,24
1898,Mycobacterium_arosiense,1,65,64
1899,Mycobacterium_arosiense,98,104,6
1900,Mycobacterium_arosiense,108,144,36
1901,Mycobacterium_arosiense,160,163,3
1902,Mycobacterium_arosiense,169,175,6
1903,Mycobacterium_arosiense,326,329,3
1904,Mycobacterium_arosiense,334,337,3
1905,Mycobacterium_arosiense,344,356,12
1906,Mycobacterium_arosiense,466,472,6
1907,Mycobacterium_arosiense,1084,1090,6
1908,Mycobacterium_arosiense,1091,1097,6
1909,Mycobacterium_arosiense,1101,1110,9
1910,Mycobacterium_arosiense,1116,1129,13
1911,Mycobacterium_arosiense,1136,1139,3
1912,Mycobacterium_arosiense,1140,1146,6
1913,Mycobacterium_arosiense,1152,1164,12
1914,Mycobacterium_arosiense,1167,1170,3
1915,Mycobacterium_arosiense,1224,1236,12
1916,Mycobacterium_arosiense,1239,1248,9
1917,Mycobacterium_arosiense,1251,1257,6
1918,Mycobacterium_arosiense,1265,1268,3
1919,Mycobacterium_arosiense,1847,1853,6
1920,Mycobacterium_arosiense,1854,1863,9
1921,Mycobacterium_arosiense,1865,1874,9
1922,Mycobacterium_arosiense,1881,1883,2
1923,Mycobacterium_arosiense,1885,1888,3
1924,Mycobacterium_arosiense,1890,1898,8
1925,Mycobacterium_arosiense,1902,1914,12
1926,Mycobacterium_arosiense,1915,1925,10
1927,Mycobacterium_arosiense,1931,1937,6
1928,Mycobacterium_arosiense,2085,2086,1
1929,Mycobacterium_arosiense,2699,2700,1
1930,Mycobacterium_arosiense,3112,3148,36
1931,Mycobacterium_arosiense,3154,3178,24
1932,Mycobacterium_genavense,1,45,44
1933,Mycobacterium_genavense,48,49,1
1934,Mycobacterium_genavense,57,58,1
1935,Mycobacterium_genavense,98,104,6
1936,Mycobacterium_genavense,106,166,60
1937,Mycobacterium_genavense,169,175,6
1938,Mycobacterium_genavense,326,329,3
1939,Mycobacterium_genavense,334,337,3
1940,Mycobacterium_genavense,339,351,12
1941,Mycobacterium_genavense,466,472,6
1942,Mycobacterium_genavense,1084,1090,6
1943,Mycobacterium_genavense,1091,1097,6
1944,Mycobacterium_genavense,1101,1110,9
1945,Mycobacterium_genavense,1116,1129,13
1946,Mycobacterium_genavense,1136,1139,3
1947,Mycobacterium_genavense,1140,1146,6
1948,Mycobacterium_genavense,1152,1164,12
1949,Mycobacterium_genavense,1167,1170,3
1950,Mycobacterium_genavense,1224,1236,12
1951,Mycobacterium_genavense,1239,1248,9
1952,Mycobacterium_genavense,1251,1257,6
1953,Mycobacterium_genavense,1265,1268,3
1954,Mycobacterium_genavense,1847,1853,6
1955,Mycobacterium_genavense,1854,1863,9
1956,Mycobacterium_genavense,1865,1874,9
1957,Mycobacterium_genavense,1881,1883,2
1958,Mycobacterium_genavense,1885,1888,3
1959,Mycobacterium_genavense,1890,1898,8
1960,Mycobacterium_genavense,1902,1914,12
1961,Mycobacterium_genavense,1915,1925,10
1962,Mycobacterium_genavense,1931,1937,6
1963,Mycobacterium_genavense,2085,2086,1
1964,Mycobacterium_genavense,2699,2700,1
1965,Mycobacterium_genavense,3112,3148,36
1966,Mycobacterium_genavense,3154,3178,24
1967,Mycobacterium_gastri,1,65,64
1968,Mycobacterium_gastri,102,104,2
1969,Mycobacterium_gastri,108,142,34
1970,Mycobacterium_gastri,157,163,6
1971,Mycobacterium_gastri,169,175,6
1972,Mycobacterium_gastri,326,329,3
1973,Mycobacterium_gastri,334,337,3
1974,Mycobacterium_gastri,339,351,12
1975,Mycobacterium_gastri,466,472,6
1976,Mycobacterium_gastri,1084,1090,6
1977,Mycobacterium_gastri,1091,1097,6
1978,Mycobacterium_gastri,1101,1110,9
1979,Mycobacterium_gastri,1116,1129,13
1980,Mycobacterium_gastri,1136,1139,3
1981,Mycobacterium_gastri,1140,1146,6
1982,Mycobacterium_gastri,1152,1164,12
1983,Mycobacterium_gastri,1167,1170,3
1984,Mycobacterium_gastri,1239,1248,9
1985,Mycobacterium_gastri,1251,1257,6
1986,Mycobacterium_gastri,1847,1853,6
1987,Mycobacterium_gastri,1854,1863,9
1988,Mycobacterium_gastri,1865,1874,9
1989,Mycobacterium_gastri,1881,1883,2
1990,Mycobacterium_gastri,1885,1888,3
1991,Mycobacterium_gastri,1890,1898,8
1992,Mycobacterium_gastri,1902,1914,12
1993,Mycobacterium_gastri,1915,1925,10
1994,Mycobacterium_gastri,1931,1937,6
1995,Mycobacterium_gastri,2085,2086,1
1996,Mycobacterium_gastri,2699,2700,1
1997,Mycobacterium_gastri,3115,3151,36
1998,Mycobacterium_gastri,3154,3178,24
1999,Mycobacterium_intermedium,1,65,64
2000,Mycobacterium_intermedium,98,104,6
2001,Mycobacterium_intermedium,109,163,54
2002,Mycobacterium_intermedium,169,175,6
2003,Mycobacterium_intermedium,326,329,3
2004,Mycobacterium_intermedium,334,337,3
2005,Mycobacterium_intermedium,339,351,12
2006,Mycobacterium_intermedium,466,472,6
2007,Mycobacterium_intermedium,1084,1090,6
2008,Mycobacterium_intermedium,1091,1097,6
2009,Mycobacterium_intermedium,1101,1104,3
2010,Mycobacterium_intermedium,1109,1110,1
2011,Mycobacterium_intermedium,1116,1129,13
2012,Mycobacterium_intermedium,1131,1133,2
2013,Mycobacterium_intermedium,1136,1139,3
2014,Mycobacterium_intermedium,1140,1146,6
2015,Mycobacterium_intermedium,1152,1164,12
2016,Mycobacterium_intermedium,1167,1170,3
2017,Mycobacterium_intermedium,1224,1236,12
2018,Mycobacterium_intermedium,1239,1248,9
2019,Mycobacterium_intermedium,1251,1257,6
2020,Mycobacterium_intermedium,1265,1268,3
2021,Mycobacterium_intermedium,1847,1853,6
2022,Mycobacterium_intermedium,1854,1863,9
2023,Mycobacterium_intermedium,1865,1874,9
2024,Mycobacterium_intermedium,1881,1883,2
2025,Mycobacterium_intermedium,1885,1888,3
2026,Mycobacterium_intermedium,1890,1898,8
2027,Mycobacterium_intermedium,1902,1914,12
2028,Mycobacterium_intermedium,1915,1925,10
2029,Mycobacterium_intermedium,1931,1937,6
2030,Mycobacterium_intermedium,2085,2086,1
2031,Mycobacterium_intermedium,2699,2700,1
2032,Mycobacterium_intermedium,3115,3136,21
2033,Mycobacterium_intermedium,3140,3146,6
2034,Mycobacterium_intermedium,3154,3178,24
2035,Mycobacterium_spongiae,1,65,64
2036,Mycobacterium_spongiae,102,104,2
2037,Mycobacterium_spongiae,108,142,34
2038,Mycobacterium_spongiae,157,163,6
2039,Mycobacterium_spongiae,169,175,6
2040,Mycobacterium_spongiae,326,329,3
2041,Mycobacterium_spongiae,334,337,3
2042,Mycobacterium_spongiae,339,351,12
2043,Mycobacterium_spongiae,466,472,6
2044,Mycobacterium_spongiae,1084,1090,6
2045,Mycobacterium_spongiae,1091,1097,6
2046,Mycobacterium_spongiae,1101,1110,9
2047,Mycobacterium_spongiae,1116,1129,13
2048,Mycobacterium_spongiae,1136,1139,3
2049,Mycobacterium_spongiae,1140,1146,6
2050,Mycobacterium_spongiae,1152,1158,6
2051,Mycobacterium_spongiae,1159,1165,6
2052,Mycobacterium_spongiae,1167,1170,3
2053,Mycobacterium_spongiae,1239,1248,9
2054,Mycobacterium_spongiae,1251,1257,6
2055,Mycobacterium_spongiae,1847,1853,6
2056,Mycobacterium_spongiae,1854,1863,9
2057,Mycobacterium_spongiae,1865,1874,9
2058,Mycobacterium_spongiae,1881,1883,2
2059,Mycobacterium_spongiae,1885,1888,3
2060,Mycobacterium_spongiae,1890,1898,8
2061,Mycobacterium_spongiae,1902,1914,12
2062,Mycobacterium_spongiae,1915,1925,10
2063,Mycobacterium_spongiae,1931,1937,6
2064,Mycobacterium_spongiae,2085,2086,1
2065,Mycobacterium_spongiae,2699,2700,1
2066,Mycobacterium_spongiae,3115,3136,21
2067,Mycobacterium_spongiae,3140,3146,6
2068,Mycobacterium_spongiae,3154,3178,24
2069,Mycobacterium_simiae,1,45,44
2070,Mycobacterium_simiae,48,49,1
2071,Mycobacterium_simiae,57,58,1
2072,Mycobacterium_simiae,98,104,6
2073,Mycobacterium_simiae,106,166,60
2074,Mycobacterium_simiae,169,175,6
2075,Mycobacterium_simiae,326,329,3
2076,Mycobacterium_simiae,334,337,3
2077,Mycobacterium_simiae,339,351,12
2078,Mycobacterium_simiae,466,472,6
2079,Mycobacterium_simiae,1084,1090,6
2080,Mycobacterium_simiae,1091,1097,6
2081,Mycobacterium_simiae,1101,1110,9
2082,Mycobacterium_simiae,1116,1129,13
2083,Mycobacterium_simiae,1136,1139,3
2084,Mycobacterium_simiae,1140,1146,6
2085,Mycobacterium_simiae,1152,1164,12
2086,Mycobacterium_simiae,1167,1170,3
2087,Mycobacterium_simiae,1224,1236,12
2088,Mycobacterium_simiae,1239,1248,9
2089,Mycobacterium_simiae,1251,1257,6
2090,Mycobacterium_simiae,1265,1268,3
2091,Mycobacterium_simiae,1847,1853,6
2092,Mycobacterium_simiae,1854,1863,9
2093,Mycobacterium_simiae,1865,1874,9
2094,Mycobacterium_simiae,1881,1883,2
2095,Mycobacterium_simiae,1885,1888,3
2096,Mycobacterium_simiae,1890,1898,8
2097,Mycobacterium_simiae,1902,1914,12
2098,Mycobacterium_simiae,1915,1925,10
2099,Mycobacterium_simiae,1931,1937,6
2100,Mycobacterium_simiae,2085,2086,1
2101,Mycobacterium_simiae,2699,2700,1
2102,Mycobacterium_simiae,3112,3148,36
2103,Mycobacterium_simiae,3154,3178,24
2104,Mycobacterium_shigaense,1,45,44
2105,Mycobacterium_shigaense,48,49,1
2106,Mycobacterium_shigaense,57,58,1
2107,Mycobacterium_shigaense,98,104,6
2108,Mycobacterium_shigaense,108,144,36
2109,Mycobacterium_shigaense,145,163,18
2110,Mycobacterium_shigaense,169,175,6
2111,Mycobacterium_shigaense,326,329,3
2112,Mycobacterium_shigaense,334,337,3
2113,Mycobacterium_shigaense,339,351,12
2114,Mycobacterium_shigaense,466,472,6
2115,Mycobacterium_shigaense,1084,1090,6
2116,Mycobacterium_shigaense,1091,1097,6
2117,Mycobacterium_shigaense,1101,1110,9
2118,Mycobacterium_shigaense,1116,1129,13
2119,Mycobacterium_shigaense,1136,1139,3
2120,Mycobacterium_shigaense,1140,1146,6
2121,Mycobacterium_shigaense,1152,1164,12
2122,Mycobacterium_shigaense,1167,1170,3
2123,Mycobacterium_shigaense,1224,1236,12
2124,Mycobacterium_shigaense,1239,1248,9
2125,Mycobacterium_shigaense,1251,1257,6
2126,Mycobacterium_shigaense,1265,1268,3
2127,Mycobacterium_shigaense,1847,1853,6
2128,Mycobacterium_shigaense,1854,1863,9
2129,Mycobacterium_shigaense,1865,1874,9
2130,Mycobacterium_shigaense,1881,1883,2
2131,Mycobacterium_shigaense,1885,1888,3
2132,Mycobacterium_shigaense,1890,1898,8
2133,Mycobacterium_shigaense,1902,1914,12
2134,Mycobacterium_shigaense,1915,1925,10
2135,Mycobacterium_shigaense,1931,1937,6
2136,Mycobacterium_shigaense,2085,2086,1
2137,Mycobacterium_shigaense,2699,2700,1
2138,Mycobacterium_shigaense,3112,3148,36
2139,Mycobacterium_shigaense,3154,3178,24
2140,Mycobacterium_rhizamassiliense,1,45,44
2141,Mycobacterium_rhizamassiliense,48,49,1
2142,Mycobacterium_rhizamassiliense,57,58,1
2143,Mycobacterium_rhizamassiliense,98,104,6
2144,Mycobacterium_rhizamassiliense,108,144,36
2145,Mycobacterium_rhizamassiliense,145,163,18
2146,Mycobacterium_rhizamassiliense,169,175,6
2147,Mycobacterium_rhizamassiliense,326,329,3
2148,Mycobacterium_rhizamassiliense,334,337,3
2149,Mycobacterium_rhizamassiliense,339,351,12
2150,Mycobacterium_rhizamassiliense,466,472,6
2151,Mycobacterium_rhizamassiliense,1084,1090,6
2152,Mycobacterium_rhizamassiliense,1091,1097,6
2153,Mycobacterium_rhizamassiliense,1101,1110,9
2154,Mycobacterium_rhizamassiliense,1116,1129,13
2155,Mycobacterium_rhizamassiliense,1136,1139,3
2156,Mycobacterium_rhizamassiliense,1140,1146,6
2157,Mycobacterium_rhizamassiliense,1152,1164,12
2158,Mycobacterium_rhizamassiliense,1167,1170,3
2159,Mycobacterium_rhizamassiliense,1224,1236,12
2160,Mycobacterium_rhizamassiliense,1239,1248,9
2161,Mycobacterium_rhizamassiliense,1251,1257,6
2162,Mycobacterium_rhizamassiliense,1265,1268,3
2163,Mycobacterium_rhizamassiliense,1847,1853,6
2164,Mycobacterium_rhizamassiliense,1854,1863,9
2165,Mycobacterium_rhizamassiliense,1865,1874,9
2166,Mycobacterium_rhizamassiliense,1881,1883,2
2167,Mycobacterium_rhizamassiliense,1885,1888,3
2168,Mycobacterium_rhizamassiliense,1890,1898,8
2169,Mycobacterium_rhizamassiliense,1902,1914,12
2170,Mycobacterium_rhizamassiliense,1915,1925,10
2171,Mycobacterium_rhizamassiliense,1931,1937,6
2172,Mycobacterium_rhizamassiliense,2085,2086,1
2173,Mycobacterium_rhizamassiliense,2699,2700,1
2174,Mycobacterium_rhizamassiliense,3112,3148,36
2175,Mycobacterium_rhizamassiliense,3154,3178,24
2176,Mycobacterium_bourgelatii,1,45,44
2177,Mycobacterium_bourgelatii,48,49,1
2178,Mycobacterium_bourgelatii,57,58,1
2179,Mycobacterium_bourgelatii,98,104,6
2180,Mycobacterium_bourgelatii,109,163,54
2181,Mycobacterium_bourgelatii,169,175,6
2182,Mycobacterium_bourgelatii,326,329,3
2183,Mycobacterium_bourgelatii,334,337,3
2184,Mycobacterium_bourgelatii,339,351,12
2185,Mycobacterium_bourgelatii,466,472,6
2186,Mycobacterium_bourgelatii,1084,1090,6
2187,Mycobacterium_bourgelatii,1091,1097,6
2188,Mycobacterium_bourgelatii,1101,1104,3
2189,Mycobacterium_bourgelatii,1109,1110,1
2190,Mycobacterium_bourgelatii,1116,1129,13
2191,Mycobacterium_bourgelatii,1131,1133,2
2192,Mycobacterium_bourgelatii,1136,1139,3
2193,Mycobacterium_bourgelatii,1140,1146,6
2194,Mycobacterium_bourgelatii,1152,1164,12
2195,Mycobacterium_bourgelatii,1167,1170,3
2196,Mycobacterium_bourgelatii,1224,1236,12
2197,Mycobacterium_bourgelatii,1239,1248,9
2198,Mycobacterium_bourgelatii,1251,1257,6
2199,Mycobacterium_bourgelatii,1265,1268,3
2200,Mycobacterium_bourgelatii,1847,1853,6
2201,Mycobacterium_bourgelatii,1854,1863,9
2202,Mycobacterium_bourgelatii,1865,1874,9
2203,Mycobacterium_bourgelatii,1881,1883,2
2204,Mycobacterium_bourgelatii,1885,1888,3
2205,Mycobacterium_bourgelatii,1890,1898,8
2206,Mycobacterium_bourgelatii,1902,1914,12
2207,Mycobacterium_bourgelatii,1915,1925,10
2208,Mycobacterium_bourgelatii,1931,1937,6
2209,Mycobacterium_bourgelatii,2085,2086,1
2210,Mycobacterium_bourgelatii,2699,2700,1
2211,Mycobacterium_bourgelatii,3115,3136,21
2212,Mycobacterium_bourgelatii,3140,3146,6
2213,Mycobacterium_bourgelatii,3154,3178,24
2214,Mycobacterium_ahvazicum,1,45,44
2215,Mycobacterium_ahvazicum,48,49,1
2216,Mycobacterium_ahvazicum,57,58,1
2217,Mycobacterium_ahvazicum,98,104,6
2218,Mycobacterium_ahvazicum,106,166,60
2219,Mycobacterium_ahvazicum,169,175,6
2220,Mycobacterium_ahvazicum,326,329,3
2221,Mycobacterium_ahvazicum,334,337,3
2222,Mycobacterium_ahvazicum,339,351,12
2223,Mycobacterium_ahvazicum,466,472,6
2224,Mycobacterium_ahvazicum,1084,1090,6
2225,Mycobacterium_ahvazicum,1091,1097,6
2226,Mycobacterium_ahvazicum,1101,1110,9
2227,Mycobacterium_ahvazicum,1116,1129,13
2228,Mycobacterium_ahvazicum,1136,1139,3
2229,Mycobacterium_ahvazicum,1140,1146,6
2230,Mycobacterium_ahvazicum,1152,1164,12
2231,Mycobacterium_ahvazicum,1167,1170,3
2232,Mycobacterium_ahvazicum,1224,1236,12
2233,Mycobacterium_ahvazicum,1239,1248,9
2234,Mycobacterium_ahvazicum,1251,1257,6
2235,Mycobacterium_ahvazicum,1265,1268,3
2236,Mycobacterium_ahvazicum,1847,1853,6
2237,Mycobacterium_ahvazicum,1854,1863,9
2238,Mycobacterium_ahvazicum,1865,1874,9
2239,Mycobacterium_ahvazicum,1881,1883,2
2240,Mycobacterium_ahvazicum,1885,1888,3
2241,Mycobacterium_ahvazicum,1890,1898,8
2242,Mycobacterium_ahvazicum,1902,1914,12
2243,Mycobacterium_ahvazicum,1915,1925,10
2244,Mycobacterium_ahvazicum,1931,1937,6
2245,Mycobacterium_ahvazicum,2085,2086,1
2246,Mycobacterium_ahvazicum,2699,2700,1
2247,Mycobacterium_ahvazicum,3112,3148,36
2248,Mycobacterium_ahvazicum,3154,3178,24
2249,Mycobacterium_paragordonae,1,65,64
2250,Mycobacterium_paragordonae,86,176,90
2251,Mycobacterium_paragordonae,326,329,3
2252,Mycobacterium_paragordonae,334,337,3
2253,Mycobacterium_paragordonae,339,351,12
2254,Mycobacterium_paragordonae,466,472,6
2255,Mycobacterium_paragordonae,1084,1090,6
2256,Mycobacterium_paragordonae,1091,1097,6
2257,Mycobacterium_paragordonae,1101,1110,9
2258,Mycobacterium_paragordonae,1116,1129,13
2259,Mycobacterium_paragordonae,1136,1139,3
2260,Mycobacterium_paragordonae,1140,1146,6
2261,Mycobacterium_paragordonae,1152,1164,12
2262,Mycobacterium_paragordonae,1167,1170,3
2263,Mycobacterium_paragordonae,1224,1236,12
2264,Mycobacterium_paragordonae,1239,1248,9
2265,Mycobacterium_paragordonae,1251,1257,6
2266,Mycobacterium_paragordonae,1265,1268,3
2267,Mycobacterium_paragordonae,1847,1853,6
2268,Mycobacterium_paragordonae,1854,1863,9
2269,Mycobacterium_paragordonae,1865,1874,9
2270,Mycobacterium_paragordonae,1881,1883,2
2271,Mycobacterium_paragordonae,1885,1888,3
2272,Mycobacterium_paragordonae,1890,1898,8
2273,Mycobacterium_paragordonae,1902,1914,12
2274,Mycobacterium_paragordonae,1915,1925,10
2275,Mycobacterium_paragordonae,1931,1937,6
2276,Mycobacterium_paragordonae,2085,2086,1
2277,Mycobacterium_paragordonae,2699,2700,1
2278,Mycobacterium_paragordonae,3112,3148,36
2279,Mycobacterium_paragordonae,3154,3178,24
2280,Mycobacterium_florentinum,1,45,44
2281,Mycobacterium_florentinum,48,49,1
2282,Mycobacterium_florentinum,57,58,1
2283,Mycobacterium_florentinum,98,104,6
2284,Mycobacterium_florentinum,106,166,60
2285,Mycobacterium_florentinum,169,175,6
2286,Mycobacterium_florentinum,326,329,3
2287,Mycobacterium_florentinum,334,337,3
2288,Mycobacterium_florentinum,339,351,12
2289,Mycobacterium_florentinum,466,472,6
2290,Mycobacterium_florentinum,1084,1090,6
2291,Mycobacterium_florentinum,1091,1097,6
2292,Mycobacterium_florentinum,1101,1110,9
2293,Mycobacterium_florentinum,1116,1129,13
2294,Mycobacterium_florentinum,1136,1139,3
2295,Mycobacterium_florentinum,1140,1146,6
2296,Mycobacterium_florentinum,1152,1164,12
2297,Mycobacterium_florentinum,1167,1170,3
2298,Mycobacterium_florentinum,1224,1236,12
2299,Mycobacterium_florentinum,1239,1248,9
2300,Mycobacterium_florentinum,1251,1257,6
2301,Mycobacterium_florentinum,1265,1268,3
2302,Mycobacterium_florentinum,1847,1853,6
2303,Mycobacterium_florentinum,1854,1863,9
2304,Mycobacterium_florentinum,1865,1874,9
2305,Mycobacterium_florentinum,1881,1883,2
2306,Mycobacterium_florentinum,1885,1888,3
2307,Mycobacterium_florentinum,1890,1898,8
2308,Mycobacterium_florentinum,1902,1914,12
2309,Mycobacterium_florentinum,1915,1925,10
2310,Mycobacterium_florentinum,1931,1937,6
2311,Mycobacterium_florentinum,2085,2086,1
2312,Mycobacterium_florentinum,2699,2700,1
2313,Mycobacterium_florentinum,3112,3148,36
2314,Mycobacterium_florentinum,3154,3178,24
2315,Mycobacterium_stomatepiae,1,45,44
2316,Mycobacterium_stomatepiae,48,49,1
2317,Mycobacterium_stomatepiae,57,58,1
2318,Mycobacterium_stomatepiae,98,104,6
2319,Mycobacterium_stomatepiae,106,175,69
2320,Mycobacterium_stomatepiae,326,329,3
2321,Mycobacterium_stomatepiae,334,337,3
2322,Mycobacterium_stomatepiae,339,351,12
2323,Mycobacterium_stomatepiae,466,472,6
2324,Mycobacterium_stomatepiae,1084,1090,6
2325,Mycobacterium_stomatepiae,1091,1097,6
2326,Mycobacterium_stomatepiae,1101,1110,9
2327,Mycobacterium_stomatepiae,1116,1129,13
2328,Mycobacterium_stomatepiae,1136,1139,3
2329,Mycobacterium_stomatepiae,1140,1146,6
2330,Mycobacterium_stomatepiae,1152,1164,12
2331,Mycobacterium_stomatepiae,1167,1170,3
2332,Mycobacterium_stomatepiae,1224,1236,12
2333,Mycobacterium_stomatepiae,1239,1248,9
2334,Mycobacterium_stomatepiae,1251,1257,6
2335,Mycobacterium_stomatepiae,1265,1268,3
2336,Mycobacterium_stomatepiae,1847,1853,6
2337,Mycobacterium_stomatepiae,1854,1863,9
2338,Mycobacterium_stomatepiae,1865,1874,9
2339,Mycobacterium_stomatepiae,1881,1883,2
2340,Mycobacterium_stomatepiae,1885,1888,3
2341,Mycobacterium_stomatepiae,1890,1898,8
2342,Mycobacterium_stomatepiae,1902,1914,12
2343,Mycobacterium_stomatepiae,1915,1925,10
2344,Mycobacterium_stomatepiae,1931,1937,6
2345,Mycobacterium_stomatepiae,2085,2086,1
2346,Mycobacterium_stomatepiae,2699,2700,1
2347,Mycobacterium_stomatepiae,3112,3148,36
2348,Mycobacterium_stomatepiae,3154,3178,24
2349,Mycobacterium_sherrisii,1,65,64
2350,Mycobacterium_sherrisii,98,104,6
2351,Mycobacterium_sherrisii,106,166,60
2352,Mycobacterium_sherrisii,169,175,6
2353,Mycobacterium_sherrisii,326,329,3
2354,Mycobacterium_sherrisii,334,337,3
2355,Mycobacterium_sherrisii,339,351,12
2356,Mycobacterium_sherrisii,466,472,6
2357,Mycobacterium_sherrisii,1084,1090,6
2358,Mycobacterium_sherrisii,1091,1097,6
2359,Mycobacterium_sherrisii,1101,1110,9
2360,Mycobacterium_sherrisii,1116,1129,13
2361,Mycobacterium_sherrisii,1136,1139,3
2362,Mycobacterium_sherrisii,1140,1146,6
2363,Mycobacterium_sherrisii,1152,1164,12
2364,Mycobacterium_sherrisii,1167,1170,3
2365,Mycobacterium_sherrisii,1224,1236,12
2366,Mycobacterium_sherrisii,1239,1248,9
2367,Mycobacterium_sherrisii,1251,1257,6
2368,Mycobacterium_sherrisii,1265,1268,3
2369,Mycobacterium_sherrisii,1847,1853,6
2370,Mycobacterium_sherrisii,1854,1863,9
2371,Mycobacterium_sherrisii,1865,1874,9
2372,Mycobacterium_sherrisii,1881,1883,2
2373,Mycobacterium_sherrisii,1885,1888,3
2374,Mycobacterium_sherrisii,1890,1898,8
2375,Mycobacterium_sherrisii,1902,1914,12
2376,Mycobacterium_sherrisii,1915,1925,10
2377,Mycobacterium_sherrisii,1931,1937,6
2378,Mycobacterium_sherrisii,2085,2086,1
2379,Mycobacterium_sherrisii,2699,2700,1
2380,Mycobacterium_sherrisii,3112,3148,36
2381,Mycobacterium_sherrisii,3154,3178,24
2382,Mycobacterium_asiaticum,1,45,44
2383,Mycobacterium_asiaticum,48,49,1
2384,Mycobacterium_asiaticum,57,58,1
2385,Mycobacterium_asiaticum,86,176,90
2386,Mycobacterium_asiaticum,326,329,3
2387,Mycobacterium_asiaticum,334,337,3
2388,Mycobacterium_asiaticum,339,351,12
2389,Mycobacterium_asiaticum,466,472,6
2390,Mycobacterium_asiaticum,1084,1090,6
2391,Mycobacterium_asiaticum,1091,1097,6
2392,Mycobacterium_asiaticum,1101,1110,9
2393,Mycobacterium_asiaticum,1116,1129,13
2394,Mycobacterium_asiaticum,1136,1139,3
2395,Mycobacterium_asiaticum,1140,1146,6
2396,Mycobacterium_asiaticum,1152,1164,12
2397,Mycobacterium_asiaticum,1167,1170,3
2398,Mycobacterium_asiaticum,1224,1236,12
2399,Mycobacterium_asiaticum,1239,1248,9
2400,Mycobacterium_asiaticum,1251,1257,6
2401,Mycobacterium_asiaticum,1265,1268,3
2402,Mycobacterium_asiaticum,1847,1853,6
2403,Mycobacterium_asiaticum,1854,1863,9
2404,Mycobacterium_asiaticum,1865,1874,9
2405,Mycobacterium_asiaticum,1881,1883,2
2406,Mycobacterium_asiaticum,1885,1888,3
2407,Mycobacterium_asiaticum,1890,1898,8
2408,Mycobacterium_asiaticum,1902,1914,12
2409,Mycobacterium_asiaticum,1915,1925,10
2410,Mycobacterium_asiaticum,1931,1937,6
2411,Mycobacterium_asiaticum,2085,2086,1
2412,Mycobacterium_asiaticum,2699,2700,1
2413,Mycobacterium_asiaticum,3112,3148,36
2414,Mycobacterium_asiaticum,3154,3178,24
2415,Mycobacterium_persicum,1,65,64
2416,Mycobacterium_persicum,102,104,2
2417,Mycobacterium_persicum,108,142,34
2418,Mycobacterium_persicum,157,163,6
2419,Mycobacterium_persicum,169,175,6
2420,Mycobacterium_persicum,326,329,3
2421,Mycobacterium_persicum,334,337,3
2422,Mycobacterium_persicum,466,472,6
2423,Mycobacterium_persicum,1084,1090,6
2424,Mycobacterium_persicum,1091,1097,6
2425,Mycobacterium_persicum,1101,1110,9
2426,Mycobacterium_persicum,1116,1129,13
2427,Mycobacterium_persicum,1136,1139,3
2428,Mycobacterium_persicum,1140,1146,6
2429,Mycobacterium_persicum,1152,1164,12
2430,Mycobacterium_persicum,1167,1170,3
2431,Mycobacterium_persicum,1239,1248,9
2432,Mycobacterium_persicum,1251,1257,6
2433,Mycobacterium_persicum,1847,1853,6
2434,Mycobacterium_persicum,1854,1863,9
2435,Mycobacterium_persicum,1865,1874,9
2436,Mycobacterium_persicum,1881,1883,2
2437,Mycobacterium_persicum,1885,1888,3
2438,Mycobacterium_persicum,1890,1898,8
2439,Mycobacterium_persicum,1902,1914,12
2440,Mycobacterium_persicum,1915,1925,10
2441,Mycobacterium_persicum,1931,1937,6
2442,Mycobacterium_persicum,2085,2086,1
2443,Mycobacterium_persicum,2699,2700,1
2444,Mycobacterium_persicum,3115,3151,36
2445,Mycobacterium_persicum,3154,3178,24
2446,Mycobacterium_heckeshornense,1,65,64
2447,Mycobacterium_heckeshornense,94,148,54
2448,Mycobacterium_heckeshornense,169,175,6
2449,Mycobacterium_heckeshornense,326,329,3
2450,Mycobacterium_heckeshornense,334,337,3
2451,Mycobacterium_heckeshornense,339,351,12
2452,Mycobacterium_heckeshornense,466,472,6
2453,Mycobacterium_heckeshornense,1084,1090,6
2454,Mycobacterium_heckeshornense,1091,1097,6
2455,Mycobacterium_heckeshornense,1101,1110,9
2456,Mycobacterium_heckeshornense,1116,1129,13
2457,Mycobacterium_heckeshornense,1136,1139,3
2458,Mycobacterium_heckeshornense,1140,1146,6
2459,Mycobacterium_heckeshornense,1152,1164,12
2460,Mycobacterium_heckeshornense,1167,1170,3
2461,Mycobacterium_heckeshornense,1224,1236,12
2462,Mycobacterium_heckeshornense,1239,1248,9
2463,Mycobacterium_heckeshornense,1251,1257,6
2464,Mycobacterium_heckeshornense,1265,1268,3
2465,Mycobacterium_heckeshornense,1847,1853,6
2466,Mycobacterium_heckeshornense,1854,1863,9
2467,Mycobacterium_heckeshornense,1865,1874,9
2468,Mycobacterium_heckeshornense,1881,1883,2
2469,Mycobacterium_heckeshornense,1885,1888,3
2470,Mycobacterium_heckeshornense,1890,1898,8
2471,Mycobacterium_heckeshornense,1902,1914,12
2472,Mycobacterium_heckeshornense,1915,1925,10
2473,Mycobacterium_heckeshornense,1931,1937,6
2474,Mycobacterium_heckeshornense,3115,3136,21
2475,Mycobacterium_heckeshornense,3140,3146,6
2476,Mycobacterium_heckeshornense,3154,3178,24
2477,Mycobacterium_talmoniae,1,65,64
2478,Mycobacterium_talmoniae,93,104,11
2479,Mycobacterium_talmoniae,108,163,55
2480,Mycobacterium_talmoniae,172,175,3
2481,Mycobacterium_talmoniae,326,329,3
2482,Mycobacterium_talmoniae,334,337,3
2483,Mycobacterium_talmoniae,339,350,11
2484,Mycobacterium_talmoniae,355,356,1
2485,Mycobacterium_talmoniae,466,472,6
2486,Mycobacterium_talmoniae,1084,1090,6
2487,Mycobacterium_talmoniae,1093,1130,37
2488,Mycobacterium_talmoniae,1136,1139,3
2489,Mycobacterium_talmoniae,1140,1146,6
2490,Mycobacterium_talmoniae,1152,1155,3
2491,Mycobacterium_talmoniae,1159,1162,3
2492,Mycobacterium_talmoniae,1167,1170,3
2493,Mycobacterium_talmoniae,1224,1236,12
2494,Mycobacterium_talmoniae,1239,1248,9
2495,Mycobacterium_talmoniae,1251,1257,6
2496,Mycobacterium_talmoniae,1265,1268,3
2497,Mycobacterium_talmoniae,1847,1853,6
2498,Mycobacterium_talmoniae,1854,1863,9
2499,Mycobacterium_talmoniae,1865,1874,9
2500,Mycobacterium_talmoniae,1881,1883,2
2501,Mycobacterium_talmoniae,1885,1888,3
2502,Mycobacterium_talmoniae,1890,1898,8
2503,Mycobacterium_talmoniae,1902,1914,12
2504,Mycobacterium_talmoniae,1915,1925,10
2505,Mycobacterium_talmoniae,1931,1937,6
2506,Mycobacterium_talmoniae,2085,2086,1
2507,Mycobacterium_talmoniae,2699,2700,1
2508,Mycobacterium_talmoniae,3115,3151,36
2509,Mycobacterium_talmoniae,3154,3178,24
2510,Mycobacterium_triplex,1,45,44
2511,Mycobacterium_triplex,48,49,1
2512,Mycobacterium_triplex,57,58,1
2513,Mycobacterium_triplex,98,104,6
2514,Mycobacterium_triplex,106,166,60
2515,Mycobacterium_triplex,169,175,6
2516,Mycobacterium_triplex,326,329,3
2517,Mycobacterium_triplex,334,337,3
2518,Mycobacterium_triplex,339,351,12
2519,Mycobacterium_triplex,466,472,6
2520,Mycobacterium_triplex,1084,1090,6
2521,Mycobacterium_triplex,1091,1097,6
2522,Mycobacterium_triplex,1101,1110,9
2523,Mycobacterium_triplex,1116,1129,13
2524,Mycobacterium_triplex,1136,1139,3
2525,Mycobacterium_triplex,1140,1146,6
2526,Mycobacterium_triplex,1152,1164,12
2527,Mycobacterium_triplex,1167,1170,3
2528,Mycobacterium_triplex,1224,1236,12
2529,Mycobacterium_triplex,1239,1248,9
2530,Mycobacterium_triplex,1251,1257,6
2531,Mycobacterium_triplex,1265,1268,3
2532,Mycobacterium_triplex,1847,1853,6
2533,Mycobacterium_triplex,1854,1863,9
2534,Mycobacterium_triplex,1865,1874,9
2535,Mycobacterium_triplex,1881,1883,2
2536,Mycobacterium_triplex,1885,1888,3
2537,Mycobacterium_triplex,1890,1898,8
2538,Mycobacterium_triplex,1902,1914,12
2539,Mycobacterium_triplex,1915,1925,10
2540,Mycobacterium_triplex,1931,1937,6
2541,Mycobacterium_triplex,2085,2086,1
2542,Mycobacterium_triplex,2699,2700,1
2543,Mycobacterium_triplex,3112,3148,36
2544,Mycobacterium_triplex,3154,3178,24
2545,Mycobacterium_vicinigordonae,1,45,44
2546,Mycobacterium_vicinigordonae,48,49,1
2547,Mycobacterium_vicinigordonae,57,58,1
2548,Mycobacterium_vicinigordonae,98,104,6
2549,Mycobacterium_vicinigordonae,108,144,36
2550,Mycobacterium_vicinigordonae,145,163,18
2551,Mycobacterium_vicinigordonae,169,175,6
2552,Mycobacterium_vicinigordonae,326,329,3
2553,Mycobacterium_vicinigordonae,334,337,3
2554,Mycobacterium_vicinigordonae,339,351,12
2555,Mycobacterium_vicinigordonae,466,472,6
2556,Mycobacterium_vicinigordonae,1084,1090,6
2557,Mycobacterium_vicinigordonae,1091,1097,6
2558,Mycobacterium_vicinigordonae,1101,1110,9
2559,Mycobacterium_vicinigordonae,1116,1129,13
2560,Mycobacterium_vicinigordonae,1136,1139,3
2561,Mycobacterium_vicinigordonae,1140,1146,6
2562,Mycobacterium_vicinigordonae,1152,1164,12
2563,Mycobacterium_vicinigordonae,1167,1170,3
2564,Mycobacterium_vicinigordonae,1224,1236,12
2565,Mycobacterium_vicinigordonae,1239,1248,9
2566,Mycobacterium_vicinigordonae,1251,1257,6
2567,Mycobacterium_vicinigordonae,1265,1268,3
2568,Mycobacterium_vicinigordonae,1847,1853,6
2569,Mycobacterium_vicinigordonae,1854,1863,9
2570,Mycobacterium_vicinigordonae,1865,1874,9
2571,Mycobacterium_vicinigordonae,1881,1883,2
2572,Mycobacterium_vicinigordonae,1885,1888,3
2573,Mycobacterium_vicinigordonae,1890,1898,8
2574,Mycobacterium_vicinigordonae,1902,1914,12
2575,Mycobacterium_vicinigordonae,1915,1925,10
2576,Mycobacterium_vicinigordonae,1931,1937,6
2577,Mycobacterium_vicinigordonae,2085,2086,1
2578,Mycobacterium_vicinigordonae,2699,2700,1
2579,Mycobacterium_vicinigordonae,3112,3148,36
2580,Mycobacterium_vicinigordonae,3154,3178,24
2581,Mycobacterium_branderi,1,45,44
2582,Mycobacterium_branderi,48,49,1
2583,Mycobacterium_branderi,57,58,1
2584,Mycobacterium_branderi,98,161,63
2585,Mycobacterium_branderi,169,175,6
2586,Mycobacterium_branderi,326,329,3
2587,Mycobacterium_branderi,334,337,3
2588,Mycobacterium_branderi,339,351,12
2589,Mycobacterium_branderi,466,472,6
2590,Mycobacterium_branderi,1084,1090,6
2591,Mycobacterium_branderi,1091,1097,6
2592,Mycobacterium_branderi,1101,1110,9
2593,Mycobacterium_branderi,1116,1129,13
2594,Mycobacterium_branderi,1136,1139,3
2595,Mycobacterium_branderi,1140,1146,6
2596,Mycobacterium_branderi,1152,1164,12
2597,Mycobacterium_branderi,1167,1170,3
2598,Mycobacterium_branderi,1224,1236,12
2599,Mycobacterium_branderi,1239,1248,9
2600,Mycobacterium_branderi,1251,1257,6
2601,Mycobacterium_branderi,1265,1268,3
2602,Mycobacterium_branderi,1847,1853,6
2603,Mycobacterium_branderi,1854,1863,9
2604,Mycobacterium_branderi,1865,1874,9
2605,Mycobacterium_branderi,1881,1883,2
2606,Mycobacterium_branderi,1885,1888,3
2607,Mycobacterium_branderi,1890,1898,8
2608,Mycobacterium_branderi,1902,1914,12
2609,Mycobacterium_branderi,1915,1925,10
2610,Mycobacterium_branderi,1931,1937,6
2611,Mycobacterium_branderi,2085,2086,1
2612,Mycobacterium_branderi,2699,2700,1
2613,Mycobacterium_branderi,3115,3151,36
2614,Mycobacterium_branderi,3154,3178,24
2615,Mycobacterium_celatum,1,45,44
2616,Mycobacterium_celatum,48,49,1
2617,Mycobacterium_celatum,57,58,1
2618,Mycobacterium_celatum,98,161,63
2619,Mycobacterium_celatum,169,175,6
2620,Mycobacterium_celatum,326,329,3
2621,Mycobacterium_celatum,334,337,3
2622,Mycobacterium_celatum,339,351,12
2623,Mycobacterium_celatum,466,472,6
2624,Mycobacterium_celatum,1084,1090,6
2625,Mycobacterium_celatum,1091,1097,6
2626,Mycobacterium_celatum,1101,1110,9
2627,Mycobacterium_celatum,1116,1129,13
2628,Mycobacterium_celatum,1136,1139,3
2629,Mycobacterium_celatum,1140,1146,6
2630,Mycobacterium_celatum,1152,1164,12
2631,Mycobacterium_celatum,1167,1170,3
2632,Mycobacterium_celatum,1224,1236,12
2633,Mycobacterium_celatum,1239,1248,9
2634,Mycobacterium_celatum,1251,1257,6
2635,Mycobacterium_celatum,1265,1268,3
2636,Mycobacterium_celatum,1847,1853,6
2637,Mycobacterium_celatum,1854,1863,9
2638,Mycobacterium_celatum,1865,1874,9
2639,Mycobacterium_celatum,1881,1883,2
2640,Mycobacterium_celatum,1885,1888,3
2641,Mycobacterium_celatum,1890,1898,8
2642,Mycobacterium_celatum,1902,1914,12
2643,Mycobacterium_celatum,1915,1925,10
2644,Mycobacterium_celatum,1931,1937,6
2645,Mycobacterium_celatum,2085,2086,1
2646,Mycobacterium_celatum,2699,2700,1
2647,Mycobacterium_celatum,3115,3151,36
2648,Mycobacterium_celatum,3154,3178,24
2649,Mycobacterium_kyorinense,1,45,44
2650,Mycobacterium_kyorinense,48,49,1
2651,Mycobacterium_kyorinense,57,58,1
2652,Mycobacterium_kyorinense,98,161,63
2653,Mycobacterium_kyorinense,169,175,6
2654,Mycobacterium_kyorinense,326,329,3
2655,Mycobacterium_kyorinense,334,337,3
2656,Mycobacterium_kyorinense,339,351,12
2657,Mycobacterium_kyorinense,466,472,6
2658,Mycobacterium_kyorinense,1084,1090,6
2659,Mycobacterium_kyorinense,1091,1097,6
2660,Mycobacterium_kyorinense,1101,1110,9
2661,Mycobacterium_kyorinense,1116,1129,13
2662,Mycobacterium_kyorinense,1136,1139,3
2663,Mycobacterium_kyorinense,1140,1146,6
2664,Mycobacterium_kyorinense,1152,1164,12
2665,Mycobacterium_kyorinense,1167,1170,3
2666,Mycobacterium_kyorinense,1224,1236,12
2667,Mycobacterium_kyorinense,1239,1248,9
2668,Mycobacterium_kyorinense,1251,1257,6
2669,Mycobacterium_kyorinense,1265,1268,3
2670,Mycobacterium_kyorinense,1847,1853,6
2671,Mycobacterium_kyorinense,1854,1863,9
2672,Mycobacterium_kyorinense,1865,1874,9
2673,Mycobacterium_kyorinense,1881,1883,2
2674,Mycobacterium_kyorinense,1885,1888,3
2675,Mycobacterium_kyorinense,1890,1898,8
2676,Mycobacterium_kyorinense,1902,1914,12
2677,Mycobacterium_kyorinense,1915,1925,10
2678,Mycobacterium_kyorinense,1931,1937,6
2679,Mycobacterium_kyorinense,2085,2086,1
2680,Mycobacterium_kyorinense,2699,2700,1
2681,Mycobacterium_kyorinense,3115,3151,36
2682,Mycobacterium_kyorinense,3154,3178,24
2683,Mycobacterium_lentiflavum,1,45,44
2684,Mycobacterium_lentiflavum,48,49,1
2685,Mycobacterium_lentiflavum,57,58,1
2686,Mycobacterium_lentiflavum,98,104,6
2687,Mycobacterium_lentiflavum,106,166,60
2688,Mycobacterium_lentiflavum,169,175,6
2689,Mycobacterium_lentiflavum,326,329,3
2690,Mycobacterium_lentiflavum,334,337,3
2691,Mycobacterium_lentiflavum,339,351,12
2692,Mycobacterium_lentiflavum,466,472,6
2693,Mycobacterium_lentiflavum,1084,1090,6
2694,Mycobacterium_lentiflavum,1091,1097,6
2695,Mycobacterium_lentiflavum,1101,1110,9
2696,Mycobacterium_lentiflavum,1116,1129,13
2697,Mycobacterium_lentiflavum,1136,1139,3
2698,Mycobacterium_lentiflavum,1140,1146,6
2699,Mycobacterium_lentiflavum,1152,1164,12
2700,Mycobacterium_lentiflavum,1167,1170,3
2701,Mycobacterium_lentiflavum,1224,1236,12
2702,Mycobacterium_lentiflavum,1239,1248,9
2703,Mycobacterium_lentiflavum,1251,1257,6
2704,Mycobacterium_lentiflavum,1265,1268,3
2705,Mycobacterium_lentiflavum,1847,1853,6
2706,Mycobacterium_lentiflavum,1854,1863,9
2707,Mycobacterium_lentiflavum,1865,1874,9
2708,Mycobacterium_lentiflavum,1881,1883,2
2709,Mycobacterium_lentiflavum,1885,1888,3
2710,Mycobacterium_lentiflavum,1890,1898,8
2711,Mycobacterium_lentiflavum,1902,1914,12
2712,Mycobacterium_lentiflavum,1915,1925,10
2713,Mycobacterium_lentiflavum,1931,1937,6
2714,Mycobacterium_lentiflavum,2085,2086,1
2715,Mycobacterium_lentiflavum,2699,2700,1
2716,Mycobacterium_lentiflavum,3112,3148,36
2717,Mycobacterium_lentiflavum,3154,3178,24
2718,Mycobacterium_gordonae,1,65,64
2719,Mycobacterium_gordonae,86,176,90
2720,Mycobacterium_gordonae,326,329,3
2721,Mycobacterium_gordonae,334,337,3
2722,Mycobacterium_gordonae,339,351,12
2723,Mycobacterium_gordonae,466,472,6
2724,Mycobacterium_gordonae,1084,1090,6
2725,Mycobacterium_gordonae,1091,1097,6
2726,Mycobacterium_gordonae,1101,1110,9
2727,Mycobacterium_gordonae,1116,1129,13
2728,Mycobacterium_gordonae,1136,1139,3
2729,Mycobacterium_gordonae,1140,1146,6
2730,Mycobacterium_gordonae,1152,1164,12
2731,Mycobacterium_gordonae,1167,1170,3
2732,Mycobacterium_gordonae,1224,1236,12
2733,Mycobacterium_gordonae,1239,1248,9
2734,Mycobacterium_gordonae,1251,1257,6
2735,Mycobacterium_gordonae,1265,1268,3
2736,Mycobacterium_gordonae,1847,1853,6
2737,Mycobacterium_gordonae,1854,1863,9
2738,Mycobacterium_gordonae,1865,1874,9
2739,Mycobacterium_gordonae,1881,1883,2
2740,Mycobacterium_gordonae,1885,1888,3
2741,Mycobacterium_gordonae,1890,1898,8
2742,Mycobacterium_gordonae,1902,1914,12
2743,Mycobacterium_gordonae,1915,1925,10
2744,Mycobacterium_gordonae,1931,1937,6
2745,Mycobacterium_gordonae,2085,2086,1
2746,Mycobacterium_gordonae,2699,2700,1
2747,Mycobacterium_gordonae,3112,3148,36
2748,Mycobacterium_gordonae,3154,3178,24
2749,Mycolicibacterium_xanthum,4,6,2
2750,Mycolicibacterium_xanthum,48,49,1
2751,Mycolicibacterium_xanthum,57,58,1
2752,Mycolicibacterium_xanthum,93,162,69
2753,Mycolicibacterium_xanthum,169,175,6
2754,Mycolicibacterium_xanthum,326,329,3
2755,Mycolicibacterium_xanthum,334,337,3
2756,Mycolicibacterium_xanthum,339,351,12
2757,Mycolicibacterium_xanthum,466,472,6
2758,Mycolicibacterium_xanthum,1084,1090,6
2759,Mycolicibacterium_xanthum,1091,1097,6
2760,Mycolicibacterium_xanthum,1101,1110,9
2761,Mycolicibacterium_xanthum,1116,1129,13
2762,Mycolicibacterium_xanthum,1136,1139,3
2763,Mycolicibacterium_xanthum,1140,1146,6
2764,Mycolicibacterium_xanthum,1152,1158,6
2765,Mycolicibacterium_xanthum,1159,1165,6
2766,Mycolicibacterium_xanthum,1167,1170,3
2767,Mycolicibacterium_xanthum,1224,1236,12
2768,Mycolicibacterium_xanthum,1239,1248,9
2769,Mycolicibacterium_xanthum,1251,1257,6
2770,Mycolicibacterium_xanthum,1266,1269,3
2771,Mycolicibacterium_xanthum,1847,1853,6
2772,Mycolicibacterium_xanthum,1854,1863,9
2773,Mycolicibacterium_xanthum,1865,1874,9
2774,Mycolicibacterium_xanthum,1881,1883,2
2775,Mycolicibacterium_xanthum,1885,1888,3
2776,Mycolicibacterium_xanthum,1890,1898,8
2777,Mycolicibacterium_xanthum,1902,1914,12
2778,Mycolicibacterium_xanthum,1915,1925,10
2779,Mycolicibacterium_xanthum,1931,1937,6
2780,Mycolicibacterium_xanthum,2085,2086,1
2781,Mycolicibacterium_xanthum,2699,2700,1
2782,Mycolicibacterium_xanthum,3115,3136,21
2783,Mycolicibacterium_xanthum,3140,3146,6
2784,Mycolicibacterium_xanthum,3154,3178,24
2785,Mycobacterium_cookii,1,65,64
2786,Mycobacterium_cookii,98,104,6
2787,Mycobacterium_cookii,109,133,24
2788,Mycobacterium_cookii,139,163,24
2789,Mycobacterium_cookii,326,329,3
2790,Mycobacterium_cookii,334,337,3
2791,Mycobacterium_cookii,339,351,12
2792,Mycobacterium_cookii,466,472,6
2793,Mycobacterium_cookii,1084,1090,6
2794,Mycobacterium_cookii,1091,1097,6
2795,Mycobacterium_cookii,1104,1129,25
2796,Mycobacterium_cookii,1136,1139,3
2797,Mycobacterium_cookii,1140,1146,6
2798,Mycobacterium_cookii,1152,1158,6
2799,Mycobacterium_cookii,1167,1170,3
2800,Mycobacterium_cookii,1224,1236,12
2801,Mycobacterium_cookii,1239,1248,9
2802,Mycobacterium_cookii,1251,1257,6
2803,Mycobacterium_cookii,1265,1268,3
2804,Mycobacterium_cookii,1847,1853,6
2805,Mycobacterium_cookii,1854,1863,9
2806,Mycobacterium_cookii,1865,1874,9
2807,Mycobacterium_cookii,1881,1883,2
2808,Mycobacterium_cookii,1885,1888,3
2809,Mycobacterium_cookii,1890,1898,8
2810,Mycobacterium_cookii,1902,1914,12
2811,Mycobacterium_cookii,1915,1925,10
2812,Mycobacterium_cookii,1931,1937,6
2813,Mycobacterium_cookii,2085,2086,1
2814,Mycobacterium_cookii,2699,2700,1
2815,Mycobacterium_cookii,3115,3136,21
2816,Mycobacterium_cookii,3140,3146,6
2817,Mycobacterium_cookii,3154,3178,24
2818,Mycobacterium_saskatchewanense,1,188,187
2819,Mycobacterium_saskatchewanense,326,329,3
2820,Mycobacterium_saskatchewanense,334,337,3
2821,Mycobacterium_saskatchewanense,339,351,12
2822,Mycobacterium_saskatchewanense,466,472,6
2823,Mycobacterium_saskatchewanense,1084,1090,6
2824,Mycobacterium_saskatchewanense,1091,1097,6
2825,Mycobacterium_saskatchewanense,1101,1110,9
2826,Mycobacterium_saskatchewanense,1116,1129,13
2827,Mycobacterium_saskatchewanense,1136,1139,3
2828,Mycobacterium_saskatchewanense,1140,1146,6
2829,Mycobacterium_saskatchewanense,1152,1164,12
2830,Mycobacterium_saskatchewanense,1167,1170,3
2831,Mycobacterium_saskatchewanense,1224,1236,12
2832,Mycobacterium_saskatchewanense,1239,1248,9
2833,Mycobacterium_saskatchewanense,1251,1257,6
2834,Mycobacterium_saskatchewanense,1265,1268,3
2835,Mycobacterium_saskatchewanense,1847,1853,6
2836,Mycobacterium_saskatchewanense,1854,1863,9
2837,Mycobacterium_saskatchewanense,1865,1874,9
2838,Mycobacterium_saskatchewanense,1881,1883,2
2839,Mycobacterium_saskatchewanense,1885,1888,3
2840,Mycobacterium_saskatchewanense,1890,1898,8
2841,Mycobacterium_saskatchewanense,1902,1914,12
2842,Mycobacterium_saskatchewanense,1915,1925,10
2843,Mycobacterium_saskatchewanense,1931,1937,6
2844,Mycobacterium_saskatchewanense,2085,2086,1
2845,Mycobacterium_saskatchewanense,2699,2700,1
2846,Mycobacterium_saskatchewanense,3112,3148,36
2847,Mycobacterium_saskatchewanense,3154,3178,24
2848,Mycobacterium_tilburgii,1,45,44
2849,Mycobacterium_tilburgii,48,49,1
2850,Mycobacterium_tilburgii,57,58,1
2851,Mycobacterium_tilburgii,98,104,6
2852,Mycobacterium_tilburgii,106,166,60
2853,Mycobacterium_tilburgii,169,175,6
2854,Mycobacterium_tilburgii,326,329,3
2855,Mycobacterium_tilburgii,334,337,3
2856,Mycobacterium_tilburgii,339,351,12
2857,Mycobacterium_tilburgii,466,472,6
2858,Mycobacterium_tilburgii,1084,1090,6
2859,Mycobacterium_tilburgii,1091,1097,6
2860,Mycobacterium_tilburgii,1101,1110,9
2861,Mycobacterium_tilburgii,1116,1129,13
2862,Mycobacterium_tilburgii,1136,1139,3
2863,Mycobacterium_tilburgii,1140,1146,6
2864,Mycobacterium_tilburgii,1152,1164,12
2865,Mycobacterium_tilburgii,1167,1170,3
2866,Mycobacterium_tilburgii,1224,1236,12
2867,Mycobacterium_tilburgii,1239,1248,9
2868,Mycobacterium_tilburgii,1251,1257,6
2869,Mycobacterium_tilburgii,1265,1268,3
2870,Mycobacterium_tilburgii,1847,1853,6
2871,Mycobacterium_tilburgii,1854,1863,9
2872,Mycobacterium_tilburgii,1865,1874,9
2873,Mycobacterium_tilburgii,1881,1883,2
2874,Mycobacterium_tilburgii,1885,1888,3
2875,Mycobacterium_tilburgii,1890,1898,8
2876,Mycobacterium_tilburgii,1902,1914,12
2877,Mycobacterium_tilburgii,1915,1925,10
2878,Mycobacterium_tilburgii,1931,1937,6
2879,Mycobacterium_tilburgii,2085,2086,1
2880,Mycobacterium_tilburgii,2699,2700,1
2881,Mycobacterium_tilburgii,3112,3148,36
2882,Mycobacterium_tilburgii,3154,3178,24
2883,Mycolicibacter_kumamotonensis,1,49,48
2884,Mycolicibacter_kumamotonensis,57,58,1
2885,Mycolicibacter_kumamotonensis,98,104,6
2886,Mycolicibacter_kumamotonensis,108,144,36
2887,Mycolicibacter_kumamotonensis,157,163,6
2888,Mycolicibacter_kumamotonensis,169,175,6
2889,Mycolicibacter_kumamotonensis,334,337,3
2890,Mycolicibacter_kumamotonensis,341,356,15
2891,Mycolicibacter_kumamotonensis,466,472,6
2892,Mycolicibacter_kumamotonensis,1084,1090,6
2893,Mycolicibacter_kumamotonensis,1091,1097,6
2894,Mycolicibacter_kumamotonensis,1106,1110,4
2895,Mycolicibacter_kumamotonensis,1136,1139,3
2896,Mycolicibacter_kumamotonensis,1140,1170,30
2897,Mycolicibacter_kumamotonensis,1239,1248,9
2898,Mycolicibacter_kumamotonensis,1251,1257,6
2899,Mycolicibacter_kumamotonensis,1847,1853,6
2900,Mycolicibacter_kumamotonensis,1854,1863,9
2901,Mycolicibacter_kumamotonensis,1865,1874,9
2902,Mycolicibacter_kumamotonensis,1881,1883,2
2903,Mycolicibacter_kumamotonensis,1885,1888,3
2904,Mycolicibacter_kumamotonensis,1890,1898,8
2905,Mycolicibacter_kumamotonensis,1902,1914,12
2906,Mycolicibacter_kumamotonensis,1915,1925,10
2907,Mycolicibacter_kumamotonensis,1931,1937,6
2908,Mycolicibacter_kumamotonensis,2085,2086,1
2909,Mycolicibacter_kumamotonensis,2699,2700,1
2910,Mycolicibacter_kumamotonensis,3115,3136,21
2911,Mycolicibacter_kumamotonensis,3154,3178,24
2912,Mycolicibacterium_doricum,1,45,44
2913,Mycolicibacterium_doricum,48,49,1
2914,Mycolicibacterium_doricum,57,58,1
2915,Mycolicibacterium_doricum,93,105,12
2916,Mycolicibacterium_doricum,108,162,54
2917,Mycolicibacterium_doricum,169,175,6
2918,Mycolicibacterium_doricum,326,329,3
2919,Mycolicibacterium_doricum,334,337,3
2920,Mycolicibacterium_doricum,339,351,12
2921,Mycolicibacterium_doricum,466,472,6
2922,Mycolicibacterium_doricum,1084,1090,6
2923,Mycolicibacterium_doricum,1091,1097,6
2924,Mycolicibacterium_doricum,1101,1110,9
2925,Mycolicibacterium_doricum,1116,1129,13
2926,Mycolicibacterium_doricum,1136,1139,3
2927,Mycolicibacterium_doricum,1140,1146,6
2928,Mycolicibacterium_doricum,1152,1158,6
2929,Mycolicibacterium_doricum,1159,1165,6
2930,Mycolicibacterium_doricum,1167,1170,3
2931,Mycolicibacterium_doricum,1224,1236,12
2932,Mycolicibacterium_doricum,1239,1248,9
2933,Mycolicibacterium_doricum,1251,1257,6
2934,Mycolicibacterium_doricum,1266,1269,3
2935,Mycolicibacterium_doricum,1847,1853,6
2936,Mycolicibacterium_doricum,1854,1863,9
2937,Mycolicibacterium_doricum,1865,1874,9
2938,Mycolicibacterium_doricum,1881,1883,2
2939,Mycolicibacterium_doricum,1885,1888,3
2940,Mycolicibacterium_doricum,1890,1898,8
2941,Mycolicibacterium_doricum,1902,1914,12
2942,Mycolicibacterium_doricum,1915,1925,10
2943,Mycolicibacterium_doricum,1931,1937,6
2944,Mycolicibacterium_doricum,2085,2086,1
2945,Mycolicibacterium_doricum,2699,2700,1
2946,Mycolicibacterium_doricum,3115,3136,21
2947,Mycolicibacterium_doricum,3140,3146,6
2948,Mycolicibacterium_doricum,3154,3157,3
2949,Mycolicibacter_algericus,1,45,44
2950,Mycolicibacter_algericus,48,49,1
2951,Mycolicibacter_algericus,57,58,1
2952,Mycolicibacter_algericus,98,104,6
2953,Mycolicibacter_algericus,108,144,36
2954,Mycolicibacter_algericus,157,163,6
2955,Mycolicibacter_algericus,169,175,6
2956,Mycolicibacter_algericus,334,337,3
2957,Mycolicibacter_algericus,341,356,15
2958,Mycolicibacter_algericus,466,472,6
2959,Mycolicibacter_algericus,1084,1090,6
2960,Mycolicibacter_algericus,1091,1097,6
2961,Mycolicibacter_algericus,1106,1110,4
2962,Mycolicibacter_algericus,1136,1139,3
2963,Mycolicibacter_algericus,1140,1170,30
2964,Mycolicibacter_algericus,1239,1248,9
2965,Mycolicibacter_algericus,1251,1257,6
2966,Mycolicibacter_algericus,1847,1853,6
2967,Mycolicibacter_algericus,1854,1863,9
2968,Mycolicibacter_algericus,1865,1874,9
2969,Mycolicibacter_algericus,1881,1883,2
2970,Mycolicibacter_algericus,1885,1888,3
2971,Mycolicibacter_algericus,1890,1898,8
2972,Mycolicibacter_algericus,1902,1914,12
2973,Mycolicibacter_algericus,1915,1925,10
2974,Mycolicibacter_algericus,1931,1937,6
2975,Mycolicibacter_algericus,2085,2086,1
2976,Mycolicibacter_algericus,2699,2700,1
2977,Mycolicibacter_algericus,3115,3136,21
2978,Mycolicibacter_algericus,3140,3146,6
2979,Mycolicibacter_algericus,3154,3178,24
2980,Mycobacterium_palauense,1,45,44
2981,Mycobacterium_palauense,48,49,1
2982,Mycobacterium_palauense,57,58,1
2983,Mycobacterium_palauense,93,168,75
2984,Mycobacterium_palauense,169,175,6
2985,Mycobacterium_palauense,326,329,3
2986,Mycobacterium_palauense,334,337,3
2987,Mycobacterium_palauense,339,351,12
2988,Mycobacterium_palauense,466,472,6
2989,Mycobacterium_palauense,1084,1090,6
2990,Mycobacterium_palauense,1091,1109,18
2991,Mycobacterium_palauense,1116,1129,13
2992,Mycobacterium_palauense,1136,1139,3
2993,Mycobacterium_palauense,1140,1146,6
2994,Mycobacterium_palauense,1152,1158,6
2995,Mycobacterium_palauense,1167,1170,3
2996,Mycobacterium_palauense,1224,1236,12
2997,Mycobacterium_palauense,1239,1248,9
2998,Mycobacterium_palauense,1251,1257,6
2999,Mycobacterium_palauense,1266,1269,3
3000,Mycobacterium_palauense,1847,1853,6
3001,Mycobacterium_palauense,1854,1863,9
3002,Mycobacterium_palauense,1865,1874,9
3003,Mycobacterium_palauense,1881,1883,2
3004,Mycobacterium_palauense,1885,1888,3
3005,Mycobacterium_palauense,1890,1897,7
3006,Mycobacterium_palauense,1902,1914,12
3007,Mycobacterium_palauense,1915,1916,1
3008,Mycobacterium_palauense,1918,1925,7
3009,Mycobacterium_palauense,1931,1937,6
3010,Mycobacterium_palauense,2085,2086,1
3011,Mycobacterium_palauense,2699,2700,1
3012,Mycobacterium_palauense,3115,3136,21
3013,Mycobacterium_palauense,3140,3146,6
3014,Mycobacterium_palauense,3154,3178,24
3015,Mycolicibacter_heraklionensis,1,45,44
3016,Mycolicibacter_heraklionensis,48,49,1
3017,Mycolicibacter_heraklionensis,57,58,1
3018,Mycolicibacter_heraklionensis,98,104,6
3019,Mycolicibacter_heraklionensis,108,144,36
3020,Mycolicibacter_heraklionensis,157,163,6
3021,Mycolicibacter_heraklionensis,169,175,6
3022,Mycolicibacter_heraklionensis,334,337,3
3023,Mycolicibacter_heraklionensis,341,356,15
3024,Mycolicibacter_heraklionensis,466,472,6
3025,Mycolicibacter_heraklionensis,1084,1090,6
3026,Mycolicibacter_heraklionensis,1091,1097,6
3027,Mycolicibacter_heraklionensis,1106,1110,4
3028,Mycolicibacter_heraklionensis,1116,1122,6
3029,Mycolicibacter_heraklionensis,1136,1139,3
3030,Mycolicibacter_heraklionensis,1140,1170,30
3031,Mycolicibacter_heraklionensis,1239,1248,9
3032,Mycolicibacter_heraklionensis,1251,1257,6
3033,Mycolicibacter_heraklionensis,1847,1853,6
3034,Mycolicibacter_heraklionensis,1854,1863,9
3035,Mycolicibacter_heraklionensis,1865,1874,9
3036,Mycolicibacter_heraklionensis,1881,1883,2
3037,Mycolicibacter_heraklionensis,1885,1888,3
3038,Mycolicibacter_heraklionensis,1890,1898,8
3039,Mycolicibacter_heraklionensis,1902,1914,12
3040,Mycolicibacter_heraklionensis,1915,1925,10
3041,Mycolicibacter_heraklionensis,1931,1937,6
3042,Mycolicibacter_heraklionensis,2085,2086,1
3043,Mycolicibacter_heraklionensis,2699,2700,1
3044,Mycolicibacter_heraklionensis,3115,3136,21
3045,Mycolicibacter_heraklionensis,3140,3146,6
3046,Mycolicibacter_heraklionensis,3154,3178,24
3047,Mycobacterium_montefiorense,1,45,44
3048,Mycobacterium_montefiorense,48,49,1
3049,Mycobacterium_montefiorense,57,58,1
3050,Mycobacterium_montefiorense,98,104,6
3051,Mycobacterium_montefiorense,106,175,69
3052,Mycobacterium_montefiorense,326,329,3
3053,Mycobacterium_montefiorense,334,337,3
3054,Mycobacterium_montefiorense,339,351,12
3055,Mycobacterium_montefiorense,466,472,6
3056,Mycobacterium_montefiorense,1084,1090,6
3057,Mycobacterium_montefiorense,1091,1097,6
3058,Mycobacterium_montefiorense,1101,1110,9
3059,Mycobacterium_montefiorense,1116,1129,13
3060,Mycobacterium_montefiorense,1136,1139,3
3061,Mycobacterium_montefiorense,1140,1146,6
3062,Mycobacterium_montefiorense,1152,1164,12
3063,Mycobacterium_montefiorense,1167,1170,3
3064,Mycobacterium_montefiorense,1224,1236,12
3065,Mycobacterium_montefiorense,1239,1248,9
3066,Mycobacterium_montefiorense,1251,1257,6
3067,Mycobacterium_montefiorense,1265,1268,3
3068,Mycobacterium_montefiorense,1847,1853,6
3069,Mycobacterium_montefiorense,1854,1863,9
3070,Mycobacterium_montefiorense,1865,1874,9
3071,Mycobacterium_montefiorense,1881,1883,2
3072,Mycobacterium_montefiorense,1885,1888,3
3073,Mycobacterium_montefiorense,1890,1898,8
3074,Mycobacterium_montefiorense,1902,1914,12
3075,Mycobacterium_montefiorense,1915,1925,10
3076,Mycobacterium_montefiorense,1931,1937,6
3077,Mycobacterium_montefiorense,2085,2086,1
3078,Mycobacterium_montefiorense,2699,2700,1
3079,Mycobacterium_montefiorense,3112,3148,36
3080,Mycobacterium_montefiorense,3154,3178,24
3081,Mycobacterium_aquaticum,1,45,44
3082,Mycobacterium_aquaticum,48,49,1
3083,Mycobacterium_aquaticum,57,58,1
3084,Mycobacterium_aquaticum,87,90,3
3085,Mycobacterium_aquaticum,93,105,12
3086,Mycobacterium_aquaticum,108,162,54
3087,Mycobacterium_aquaticum,169,175,6
3088,Mycobacterium_aquaticum,326,329,3
3089,Mycobacterium_aquaticum,334,337,3
3090,Mycobacterium_aquaticum,339,351,12
3091,Mycobacterium_aquaticum,466,472,6
3092,Mycobacterium_aquaticum,1084,1090,6
3093,Mycobacterium_aquaticum,1091,1097,6
3094,Mycobacterium_aquaticum,1101,1110,9
3095,Mycobacterium_aquaticum,1116,1129,13
3096,Mycobacterium_aquaticum,1136,1139,3
3097,Mycobacterium_aquaticum,1140,1146,6
3098,Mycobacterium_aquaticum,1152,1158,6
3099,Mycobacterium_aquaticum,1159,1165,6
3100,Mycobacterium_aquaticum,1167,1170,3
3101,Mycobacterium_aquaticum,1224,1236,12
3102,Mycobacterium_aquaticum,1239,1248,9
3103,Mycobacterium_aquaticum,1251,1257,6
3104,Mycobacterium_aquaticum,1266,1269,3
3105,Mycobacterium_aquaticum,1847,1853,6
3106,Mycobacterium_aquaticum,1854,1863,9
3107,Mycobacterium_aquaticum,1865,1874,9
3108,Mycobacterium_aquaticum,1881,1883,2
3109,Mycobacterium_aquaticum,1885,1888,3
3110,Mycobacterium_aquaticum,1890,1898,8
3111,Mycobacterium_aquaticum,1902,1914,12
3112,Mycobacterium_aquaticum,1915,1925,10
3113,Mycobacterium_aquaticum,1931,1937,6
3114,Mycobacterium_aquaticum,2085,2086,1
3115,Mycobacterium_aquaticum,2699,2700,1
3116,Mycobacterium_aquaticum,3115,3136,21
3117,Mycobacterium_aquaticum,3140,3146,6
3118,Mycobacterium_aquaticum,3154,3178,24
3119,Mycolicibacter_longobardus,1,49,48
3120,Mycolicibacter_longobardus,57,58,1
3121,Mycolicibacter_longobardus,98,104,6
3122,Mycolicibacter_longobardus,108,144,36
3123,Mycolicibacter_longobardus,157,163,6
3124,Mycolicibacter_longobardus,169,175,6
3125,Mycolicibacter_longobardus,334,337,3
3126,Mycolicibacter_longobardus,341,356,15
3127,Mycolicibacter_longobardus,466,472,6
3128,Mycolicibacter_longobardus,1084,1090,6
3129,Mycolicibacter_longobardus,1091,1097,6
3130,Mycolicibacter_longobardus,1106,1110,4
3131,Mycolicibacter_longobardus,1116,1122,6
3132,Mycolicibacter_longobardus,1125,1128,3
3133,Mycolicibacter_longobardus,1136,1139,3
3134,Mycolicibacter_longobardus,1140,1170,30
3135,Mycolicibacter_longobardus,1239,1248,9
3136,Mycolicibacter_longobardus,1251,1257,6
3137,Mycolicibacter_longobardus,1847,1853,6
3138,Mycolicibacter_longobardus,1854,1863,9
3139,Mycolicibacter_longobardus,1865,1874,9
3140,Mycolicibacter_longobardus,1881,1883,2
3141,Mycolicibacter_longobardus,1885,1888,3
3142,Mycolicibacter_longobardus,1890,1898,8
3143,Mycolicibacter_longobardus,1902,1914,12
3144,Mycolicibacter_longobardus,1915,1925,10
3145,Mycolicibacter_longobardus,1931,1937,6
3146,Mycolicibacter_longobardus,2085,2086,1
3147,Mycolicibacter_longobardus,2699,2700,1
3148,Mycolicibacter_longobardus,3115,3136,21
3149,Mycolicibacter_longobardus,3140,3146,6
3150,Mycolicibacter_longobardus,3154,3178,24
3151,Mycobacterium_novum,1,65,64
3152,Mycobacterium_novum,98,104,6
3153,Mycobacterium_novum,108,144,36
3154,Mycobacterium_novum,157,163,6
3155,Mycobacterium_novum,169,175,6
3156,Mycobacterium_novum,334,337,3
3157,Mycobacterium_novum,341,356,15
3158,Mycobacterium_novum,466,472,6
3159,Mycobacterium_novum,1084,1090,6
3160,Mycobacterium_novum,1091,1097,6
3161,Mycobacterium_novum,1106,1110,4
3162,Mycobacterium_novum,1136,1139,3
3163,Mycobacterium_novum,1140,1170,30
3164,Mycobacterium_novum,1239,1248,9
3165,Mycobacterium_novum,1251,1257,6
3166,Mycobacterium_novum,1847,1853,6
3167,Mycobacterium_novum,1854,1863,9
3168,Mycobacterium_novum,1865,1874,9
3169,Mycobacterium_novum,1881,1883,2
3170,Mycobacterium_novum,1885,1888,3
3171,Mycobacterium_novum,1890,1898,8
3172,Mycobacterium_novum,1902,1914,12
3173,Mycobacterium_novum,1915,1925,10
3174,Mycobacterium_novum,1931,1937,6
3175,Mycobacterium_novum,2085,2086,1
3176,Mycobacterium_novum,2699,2700,1
3177,Mycobacterium_novum,3115,3136,21
3178,Mycobacterium_novum,3140,3146,6
3179,Mycobacterium_novum,3154,3178,24
3180,Mycolicibacter_terrae,1,45,44
3181,Mycolicibacter_terrae,48,49,1
3182,Mycolicibacter_terrae,57,58,1
3183,Mycolicibacter_terrae,98,104,6
3184,Mycolicibacter_terrae,108,144,36
3185,Mycolicibacter_terrae,157,163,6
3186,Mycolicibacter_terrae,169,175,6
3187,Mycolicibacter_terrae,334,337,3
3188,Mycolicibacter_terrae,341,356,15
3189,Mycolicibacter_terrae,466,472,6
3190,Mycolicibacter_terrae,1084,1090,6
3191,Mycolicibacter_terrae,1091,1097,6
3192,Mycolicibacter_terrae,1106,1110,4
3193,Mycolicibacter_terrae,1136,1139,3
3194,Mycolicibacter_terrae,1140,1170,30
3195,Mycolicibacter_terrae,1239,1248,9
3196,Mycolicibacter_terrae,1251,1257,6
3197,Mycolicibacter_terrae,1847,1853,6
3198,Mycolicibacter_terrae,1854,1863,9
3199,Mycolicibacter_terrae,1865,1874,9
3200,Mycolicibacter_terrae,1881,1883,2
3201,Mycolicibacter_terrae,1885,1888,3
3202,Mycolicibacter_terrae,1890,1898,8
3203,Mycolicibacter_terrae,1902,1914,12
3204,Mycolicibacter_terrae,1915,1925,10
3205,Mycolicibacter_terrae,1931,1937,6
3206,Mycolicibacter_terrae,2085,2086,1
3207,Mycolicibacter_terrae,2699,2700,1
3208,Mycolicibacter_terrae,3115,3136,21
3209,Mycolicibacter_terrae,3154,3178,24
3210,Mycobacterium_manitobense,1,40,39
3211,Mycobacterium_manitobense,48,49,1
3212,Mycobacterium_manitobense,93,105,12
3213,Mycobacterium_manitobense,108,162,54
3214,Mycobacterium_manitobense,169,175,6
3215,Mycobacterium_manitobense,326,329,3
3216,Mycobacterium_manitobense,334,337,3
3217,Mycobacterium_manitobense,339,351,12
3218,Mycobacterium_manitobense,466,472,6
3219,Mycobacterium_manitobense,1091,1097,6
3220,Mycobacterium_manitobense,1101,1110,9
3221,Mycobacterium_manitobense,1116,1129,13
3222,Mycobacterium_manitobense,1136,1139,3
3223,Mycobacterium_manitobense,1140,1146,6
3224,Mycobacterium_manitobense,1150,1165,15
3225,Mycobacterium_manitobense,1167,1170,3
3226,Mycobacterium_manitobense,1224,1236,12
3227,Mycobacterium_manitobense,1239,1248,9
3228,Mycobacterium_manitobense,1251,1257,6
3229,Mycobacterium_manitobense,1266,1269,3
3230,Mycobacterium_manitobense,1847,1853,6
3231,Mycobacterium_manitobense,1854,1863,9
3232,Mycobacterium_manitobense,1865,1874,9
3233,Mycobacterium_manitobense,1881,1883,2
3234,Mycobacterium_manitobense,1885,1888,3
3235,Mycobacterium_manitobense,1890,1898,8
3236,Mycobacterium_manitobense,1902,1914,12
3237,Mycobacterium_manitobense,1915,1925,10
3238,Mycobacterium_manitobense,1931,1937,6
3239,Mycobacterium_manitobense,2085,2086,1
3240,Mycobacterium_manitobense,2699,2700,1
3241,Mycobacterium_manitobense,3115,3136,21
3242,Mycobacterium_manitobense,3140,3146,6
3243,Mycobacterium_manitobense,3161,3173,12
3244,Mycolicibacter_sinensis,1,45,44
3245,Mycolicibacter_sinensis,48,49,1
3246,Mycolicibacter_sinensis,57,58,1
3247,Mycolicibacter_sinensis,98,104,6
3248,Mycolicibacter_sinensis,108,144,36
3249,Mycolicibacter_sinensis,157,163,6
3250,Mycolicibacter_sinensis,169,175,6
3251,Mycolicibacter_sinensis,334,337,3
3252,Mycolicibacter_sinensis,341,356,15
3253,Mycolicibacter_sinensis,466,472,6
3254,Mycolicibacter_sinensis,1084,1090,6
3255,Mycolicibacter_sinensis,1091,1097,6
3256,Mycolicibacter_sinensis,1106,1110,4
3257,Mycolicibacter_sinensis,1136,1139,3
3258,Mycolicibacter_sinensis,1140,1170,30
3259,Mycolicibacter_sinensis,1239,1248,9
3260,Mycolicibacter_sinensis,1251,1257,6
3261,Mycolicibacter_sinensis,1847,1853,6
3262,Mycolicibacter_sinensis,1854,1863,9
3263,Mycolicibacter_sinensis,1865,1874,9
3264,Mycolicibacter_sinensis,1881,1883,2
3265,Mycolicibacter_sinensis,1885,1888,3
3266,Mycolicibacter_sinensis,1890,1898,8
3267,Mycolicibacter_sinensis,1902,1914,12
3268,Mycolicibacter_sinensis,1915,1925,10
3269,Mycolicibacter_sinensis,1931,1937,6
3270,Mycolicibacter_sinensis,2085,2086,1
3271,Mycolicibacter_sinensis,2699,2700,1
3272,Mycolicibacter_sinensis,3115,3136,21
3273,Mycolicibacter_sinensis,3140,3146,6
3274,Mycolicibacter_sinensis,3154,3178,24
3275,Mycolicibacterium_poriferae,1,45,44
3276,Mycolicibacterium_poriferae,48,49,1
3277,Mycolicibacterium_poriferae,57,58,1
3278,Mycolicibacterium_poriferae,93,162,69
3279,Mycolicibacterium_poriferae,169,175,6
3280,Mycolicibacterium_poriferae,326,329,3
3281,Mycolicibacterium_poriferae,334,337,3
3282,Mycolicibacterium_poriferae,339,351,12
3283,Mycolicibacterium_poriferae,466,472,6
3284,Mycolicibacterium_poriferae,1084,1090,6
3285,Mycolicibacterium_poriferae,1091,1097,6
3286,Mycolicibacterium_poriferae,1101,1110,9
3287,Mycolicibacterium_poriferae,1116,1129,13
3288,Mycolicibacterium_poriferae,1136,1139,3
3289,Mycolicibacterium_poriferae,1140,1146,6
3290,Mycolicibacterium_poriferae,1152,1158,6
3291,Mycolicibacterium_poriferae,1159,1165,6
3292,Mycolicibacterium_poriferae,1167,1170,3
3293,Mycolicibacterium_poriferae,1224,1236,12
3294,Mycolicibacterium_poriferae,1239,1248,9
3295,Mycolicibacterium_poriferae,1251,1257,6
3296,Mycolicibacterium_poriferae,1266,1269,3
3297,Mycolicibacterium_poriferae,1847,1853,6
3298,Mycolicibacterium_poriferae,1854,1863,9
3299,Mycolicibacterium_poriferae,1865,1874,9
3300,Mycolicibacterium_poriferae,1881,1883,2
3301,Mycolicibacterium_poriferae,1890,1898,8
3302,Mycolicibacterium_poriferae,1902,1914,12
3303,Mycolicibacterium_poriferae,1915,1925,10
3304,Mycolicibacterium_poriferae,1931,1937,6
3305,Mycolicibacterium_poriferae,2085,2086,1
3306,Mycolicibacterium_poriferae,2699,2700,1
3307,Mycolicibacterium_poriferae,3115,3136,21
3308,Mycolicibacterium_poriferae,3140,3146,6
3309,Mycolicibacterium_poriferae,3154,3157,3
3310,Mycolicibacterium_poriferae,3162,3171,9
3311,Mycolicibacter_acidiphilus,1,49,48
3312,Mycolicibacter_acidiphilus,57,58,1
3313,Mycolicibacter_acidiphilus,98,104,6
3314,Mycolicibacter_acidiphilus,105,150,45
3315,Mycolicibacter_acidiphilus,157,163,6
3316,Mycolicibacter_acidiphilus,169,175,6
3317,Mycolicibacter_acidiphilus,334,337,3
3318,Mycolicibacter_acidiphilus,341,356,15
3319,Mycolicibacter_acidiphilus,466,472,6
3320,Mycolicibacter_acidiphilus,1084,1090,6
3321,Mycolicibacter_acidiphilus,1091,1097,6
3322,Mycolicibacter_acidiphilus,1106,1110,4
3323,Mycolicibacter_acidiphilus,1116,1122,6
3324,Mycolicibacter_acidiphilus,1136,1139,3
3325,Mycolicibacter_acidiphilus,1140,1170,30
3326,Mycolicibacter_acidiphilus,1239,1248,9
3327,Mycolicibacter_acidiphilus,1251,1257,6
3328,Mycolicibacter_acidiphilus,1847,1853,6
3329,Mycolicibacter_acidiphilus,1854,1863,9
3330,Mycolicibacter_acidiphilus,1865,1874,9
3331,Mycolicibacter_acidiphilus,1881,1883,2
3332,Mycolicibacter_acidiphilus,1885,1888,3
3333,Mycolicibacter_acidiphilus,1890,1898,8
3334,Mycolicibacter_acidiphilus,1902,1914,12
3335,Mycolicibacter_acidiphilus,1915,1925,10
3336,Mycolicibacter_acidiphilus,1931,1937,6
3337,Mycolicibacter_acidiphilus,2085,2086,1
3338,Mycolicibacter_acidiphilus,2699,2700,1
3339,Mycolicibacter_acidiphilus,3115,3136,21
3340,Mycolicibacter_acidiphilus,3140,3146,6
3341,Mycolicibacter_acidiphilus,3154,3178,24
3342,Mycolicibacillus_parakoreensis,1,45,44
3343,Mycolicibacillus_parakoreensis,48,49,1
3344,Mycolicibacillus_parakoreensis,57,58,1
3345,Mycolicibacillus_parakoreensis,98,161,63
3346,Mycolicibacillus_parakoreensis,169,175,6
3347,Mycolicibacillus_parakoreensis,326,329,3
3348,Mycolicibacillus_parakoreensis,334,337,3
3349,Mycolicibacillus_parakoreensis,339,351,12
3350,Mycolicibacillus_parakoreensis,466,472,6
3351,Mycolicibacillus_parakoreensis,1084,1090,6
3352,Mycolicibacillus_parakoreensis,1091,1097,6
3353,Mycolicibacillus_parakoreensis,1101,1110,9
3354,Mycolicibacillus_parakoreensis,1118,1128,10
3355,Mycolicibacillus_parakoreensis,1136,1139,3
3356,Mycolicibacillus_parakoreensis,1140,1146,6
3357,Mycolicibacillus_parakoreensis,1152,1164,12
3358,Mycolicibacillus_parakoreensis,1167,1170,3
3359,Mycolicibacillus_parakoreensis,1224,1236,12
3360,Mycolicibacillus_parakoreensis,1239,1248,9
3361,Mycolicibacillus_parakoreensis,1251,1257,6
3362,Mycolicibacillus_parakoreensis,1265,1268,3
3363,Mycolicibacillus_parakoreensis,1847,1853,6
3364,Mycolicibacillus_parakoreensis,1854,1863,9
3365,Mycolicibacillus_parakoreensis,1865,1874,9
3366,Mycolicibacillus_parakoreensis,1881,1883,2
3367,Mycolicibacillus_parakoreensis,1885,1888,3
3368,Mycolicibacillus_parakoreensis,1890,1898,8
3369,Mycolicibacillus_parakoreensis,1902,1914,12
3370,Mycolicibacillus_parakoreensis,1915,1925,10
3371,Mycolicibacillus_parakoreensis,1931,1937,6
3372,Mycolicibacillus_parakoreensis,2085,2086,1
3373,Mycolicibacillus_parakoreensis,2699,2700,1
3374,Mycolicibacillus_parakoreensis,3115,3136,21
3375,Mycolicibacillus_parakoreensis,3140,3146,6
3376,Mycolicibacillus_parakoreensis,3154,3178,24
3377,Mycolicibacterium_agri,1,45,44
3378,Mycolicibacterium_agri,48,49,1
3379,Mycolicibacterium_agri,57,58,1
3380,Mycolicibacterium_agri,93,162,69
3381,Mycolicibacterium_agri,169,175,6
3382,Mycolicibacterium_agri,326,329,3
3383,Mycolicibacterium_agri,334,337,3
3384,Mycolicibacterium_agri,339,351,12
3385,Mycolicibacterium_agri,466,472,6
3386,Mycolicibacterium_agri,1084,1090,6
3387,Mycolicibacterium_agri,1091,1097,6
3388,Mycolicibacterium_agri,1101,1110,9
3389,Mycolicibacterium_agri,1116,1129,13
3390,Mycolicibacterium_agri,1136,1139,3
3391,Mycolicibacterium_agri,1140,1146,6
3392,Mycolicibacterium_agri,1152,1158,6
3393,Mycolicibacterium_agri,1159,1165,6
3394,Mycolicibacterium_agri,1167,1170,3
3395,Mycolicibacterium_agri,1224,1236,12
3396,Mycolicibacterium_agri,1239,1248,9
3397,Mycolicibacterium_agri,1251,1257,6
3398,Mycolicibacterium_agri,1266,1269,3
3399,Mycolicibacterium_agri,1847,1853,6
3400,Mycolicibacterium_agri,1854,1863,9
3401,Mycolicibacterium_agri,1865,1874,9
3402,Mycolicibacterium_agri,1881,1883,2
3403,Mycolicibacterium_agri,1885,1888,3
3404,Mycolicibacterium_agri,1890,1898,8
3405,Mycolicibacterium_agri,1902,1914,12
3406,Mycolicibacterium_agri,1915,1925,10
3407,Mycolicibacterium_agri,1931,1937,6
3408,Mycolicibacterium_agri,2085,2086,1
3409,Mycolicibacterium_agri,2699,2700,1
3410,Mycolicibacterium_agri,3115,3151,36
3411,Mycolicibacterium_agri,3154,3178,24
3412,Mycolicibacterium_elephantis,1,45,44
3413,Mycolicibacterium_elephantis,48,49,1
3414,Mycolicibacterium_elephantis,57,58,1
3415,Mycolicibacterium_elephantis,93,105,12
3416,Mycolicibacterium_elephantis,108,162,54
3417,Mycolicibacterium_elephantis,169,175,6
3418,Mycolicibacterium_elephantis,326,329,3
3419,Mycolicibacterium_elephantis,334,337,3
3420,Mycolicibacterium_elephantis,339,351,12
3421,Mycolicibacterium_elephantis,466,472,6
3422,Mycolicibacterium_elephantis,1084,1090,6
3423,Mycolicibacterium_elephantis,1091,1097,6
3424,Mycolicibacterium_elephantis,1101,1110,9
3425,Mycolicibacterium_elephantis,1116,1129,13
3426,Mycolicibacterium_elephantis,1136,1139,3
3427,Mycolicibacterium_elephantis,1140,1146,6
3428,Mycolicibacterium_elephantis,1152,1158,6
3429,Mycolicibacterium_elephantis,1159,1165,6
3430,Mycolicibacterium_elephantis,1167,1170,3
3431,Mycolicibacterium_elephantis,1224,1236,12
3432,Mycolicibacterium_elephantis,1239,1248,9
3433,Mycolicibacterium_elephantis,1251,1257,6
3434,Mycolicibacterium_elephantis,1266,1269,3
3435,Mycolicibacterium_elephantis,1847,1853,6
3436,Mycolicibacterium_elephantis,1854,1863,9
3437,Mycolicibacterium_elephantis,1865,1874,9
3438,Mycolicibacterium_elephantis,1881,1883,2
3439,Mycolicibacterium_elephantis,1885,1888,3
3440,Mycolicibacterium_elephantis,1890,1898,8
3441,Mycolicibacterium_elephantis,1902,1914,12
3442,Mycolicibacterium_elephantis,1915,1925,10
3443,Mycolicibacterium_elephantis,1931,1937,6
3444,Mycolicibacterium_elephantis,2085,2086,1
3445,Mycolicibacterium_elephantis,2699,2700,1
3446,Mycolicibacterium_elephantis,3115,3151,36
3447,Mycolicibacterium_elephantis,3154,3178,24
3448,Mycolicibacterium_hippocampi,1,45,44
3449,Mycolicibacterium_hippocampi,48,49,1
3450,Mycolicibacterium_hippocampi,57,58,1
3451,Mycolicibacterium_hippocampi,93,105,12
3452,Mycolicibacterium_hippocampi,108,162,54
3453,Mycolicibacterium_hippocampi,169,175,6
3454,Mycolicibacterium_hippocampi,326,329,3
3455,Mycolicibacterium_hippocampi,334,337,3
3456,Mycolicibacterium_hippocampi,339,351,12
3457,Mycolicibacterium_hippocampi,466,472,6
3458,Mycolicibacterium_hippocampi,1084,1090,6
3459,Mycolicibacterium_hippocampi,1091,1097,6
3460,Mycolicibacterium_hippocampi,1101,1110,9
3461,Mycolicibacterium_hippocampi,1116,1129,13
3462,Mycolicibacterium_hippocampi,1136,1139,3
3463,Mycolicibacterium_hippocampi,1140,1146,6
3464,Mycolicibacterium_hippocampi,1152,1158,6
3465,Mycolicibacterium_hippocampi,1159,1165,6
3466,Mycolicibacterium_hippocampi,1167,1170,3
3467,Mycolicibacterium_hippocampi,1224,1236,12
3468,Mycolicibacterium_hippocampi,1239,1248,9
3469,Mycolicibacterium_hippocampi,1251,1257,6
3470,Mycolicibacterium_hippocampi,1266,1269,3
3471,Mycolicibacterium_hippocampi,1847,1853,6
3472,Mycolicibacterium_hippocampi,1854,1863,9
3473,Mycolicibacterium_hippocampi,1865,1874,9
3474,Mycolicibacterium_hippocampi,1881,1883,2
3475,Mycolicibacterium_hippocampi,1885,1888,3
3476,Mycolicibacterium_hippocampi,1890,1898,8
3477,Mycolicibacterium_hippocampi,1902,1914,12
3478,Mycolicibacterium_hippocampi,1915,1925,10
3479,Mycolicibacterium_hippocampi,1931,1937,6
3480,Mycolicibacterium_hippocampi,2085,2086,1
3481,Mycolicibacterium_hippocampi,2699,2700,1
3482,Mycolicibacterium_hippocampi,3115,3136,21
3483,Mycolicibacterium_hippocampi,3140,3146,6
3484,Mycolicibacterium_hippocampi,3154,3160,6
3485,Mycolicibacterium_hippocampi,3162,3171,9
3486,Mycolicibacillus_koreensis,1,45,44
3487,Mycolicibacillus_koreensis,48,49,1
3488,Mycolicibacillus_koreensis,57,58,1
3489,Mycolicibacillus_koreensis,98,161,63
3490,Mycolicibacillus_koreensis,169,175,6
3491,Mycolicibacillus_koreensis,326,329,3
3492,Mycolicibacillus_koreensis,334,337,3
3493,Mycolicibacillus_koreensis,339,351,12
3494,Mycolicibacillus_koreensis,466,472,6
3495,Mycolicibacillus_koreensis,1084,1090,6
3496,Mycolicibacillus_koreensis,1091,1097,6
3497,Mycolicibacillus_koreensis,1101,1110,9
3498,Mycolicibacillus_koreensis,1118,1128,10
3499,Mycolicibacillus_koreensis,1136,1139,3
3500,Mycolicibacillus_koreensis,1140,1146,6
3501,Mycolicibacillus_koreensis,1152,1164,12
3502,Mycolicibacillus_koreensis,1167,1170,3
3503,Mycolicibacillus_koreensis,1224,1236,12
3504,Mycolicibacillus_koreensis,1239,1248,9
3505,Mycolicibacillus_koreensis,1251,1257,6
3506,Mycolicibacillus_koreensis,1265,1268,3
3507,Mycolicibacillus_koreensis,1847,1853,6
3508,Mycolicibacillus_koreensis,1854,1863,9
3509,Mycolicibacillus_koreensis,1865,1874,9
3510,Mycolicibacillus_koreensis,1881,1883,2
3511,Mycolicibacillus_koreensis,1885,1888,3
3512,Mycolicibacillus_koreensis,1890,1898,8
3513,Mycolicibacillus_koreensis,1902,1914,12
3514,Mycolicibacillus_koreensis,1915,1925,10
3515,Mycolicibacillus_koreensis,1931,1937,6
3516,Mycolicibacillus_koreensis,2085,2086,1
3517,Mycolicibacillus_koreensis,2699,2700,1
3518,Mycolicibacillus_koreensis,3115,3136,21
3519,Mycolicibacillus_koreensis,3140,3146,6
3520,Mycolicibacillus_koreensis,3154,3178,24
3521,Mycolicibacterium_fallax,1,45,44
3522,Mycolicibacterium_fallax,48,49,1
3523,Mycolicibacterium_fallax,57,58,1
3524,Mycolicibacterium_fallax,92,164,72
3525,Mycolicibacterium_fallax,169,175,6
3526,Mycolicibacterium_fallax,178,181,3
3527,Mycolicibacterium_fallax,326,329,3
3528,Mycolicibacterium_fallax,339,351,12
3529,Mycolicibacterium_fallax,466,472,6
3530,Mycolicibacterium_fallax,1084,1090,6
3531,Mycolicibacterium_fallax,1091,1097,6
3532,Mycolicibacterium_fallax,1101,1110,9
3533,Mycolicibacterium_fallax,1116,1129,13
3534,Mycolicibacterium_fallax,1136,1139,3
3535,Mycolicibacterium_fallax,1140,1146,6
3536,Mycolicibacterium_fallax,1152,1158,6
3537,Mycolicibacterium_fallax,1159,1165,6
3538,Mycolicibacterium_fallax,1167,1170,3
3539,Mycolicibacterium_fallax,1224,1236,12
3540,Mycolicibacterium_fallax,1239,1248,9
3541,Mycolicibacterium_fallax,1251,1257,6
3542,Mycolicibacterium_fallax,1266,1269,3
3543,Mycolicibacterium_fallax,1847,1853,6
3544,Mycolicibacterium_fallax,1854,1863,9
3545,Mycolicibacterium_fallax,1865,1874,9
3546,Mycolicibacterium_fallax,1881,1883,2
3547,Mycolicibacterium_fallax,1885,1888,3
3548,Mycolicibacterium_fallax,1896,1898,2
3549,Mycolicibacterium_fallax,1902,1914,12
3550,Mycolicibacterium_fallax,1918,1925,7
3551,Mycolicibacterium_fallax,1931,1937,6
3552,Mycolicibacterium_fallax,2085,2086,1
3553,Mycolicibacterium_fallax,2699,2700,1
3554,Mycolicibacterium_fallax,3115,3136,21
3555,Mycolicibacterium_fallax,3140,3146,6
3556,Mycolicibacterium_fallax,3159,3174,15
3557,Mycolicibacter_engbaekii,1,45,44
3558,Mycolicibacter_engbaekii,48,49,1
3559,Mycolicibacter_engbaekii,57,58,1
3560,Mycolicibacter_engbaekii,98,104,6
3561,Mycolicibacter_engbaekii,108,144,36
3562,Mycolicibacter_engbaekii,157,163,6
3563,Mycolicibacter_engbaekii,169,175,6
3564,Mycolicibacter_engbaekii,334,337,3
3565,Mycolicibacter_engbaekii,341,356,15
3566,Mycolicibacter_engbaekii,466,472,6
3567,Mycolicibacter_engbaekii,1084,1090,6
3568,Mycolicibacter_engbaekii,1091,1097,6
3569,Mycolicibacter_engbaekii,1106,1110,4
3570,Mycolicibacter_engbaekii,1116,1122,6
3571,Mycolicibacter_engbaekii,1136,1139,3
3572,Mycolicibacter_engbaekii,1140,1170,30
3573,Mycolicibacter_engbaekii,1239,1248,9
3574,Mycolicibacter_engbaekii,1251,1257,6
3575,Mycolicibacter_engbaekii,1847,1853,6
3576,Mycolicibacter_engbaekii,1854,1863,9
3577,Mycolicibacter_engbaekii,1865,1874,9
3578,Mycolicibacter_engbaekii,1881,1883,2
3579,Mycolicibacter_engbaekii,1885,1888,3
3580,Mycolicibacter_engbaekii,1890,1898,8
3581,Mycolicibacter_engbaekii,1902,1914,12
3582,Mycolicibacter_engbaekii,1915,1925,10
3583,Mycolicibacter_engbaekii,1931,1937,6
3584,Mycolicibacter_engbaekii,2085,2086,1
3585,Mycolicibacter_engbaekii,2699,2700,1
3586,Mycolicibacter_engbaekii,3115,3136,21
3587,Mycolicibacter_engbaekii,3140,3146,6
3588,Mycolicibacter_engbaekii,3154,3178,24
3589,Mycolicibacterium_rufum,1,45,44
3590,Mycolicibacterium_rufum,48,49,1
3591,Mycolicibacterium_rufum,57,58,1
3592,Mycolicibacterium_rufum,92,164,72
3593,Mycolicibacterium_rufum,167,176,9
3594,Mycolicibacterium_rufum,326,329,3
3595,Mycolicibacterium_rufum,334,337,3
3596,Mycolicibacterium_rufum,339,351,12
3597,Mycolicibacterium_rufum,466,472,6
3598,Mycolicibacterium_rufum,1084,1090,6
3599,Mycolicibacterium_rufum,1091,1097,6
3600,Mycolicibacterium_rufum,1101,1110,9
3601,Mycolicibacterium_rufum,1116,1129,13
3602,Mycolicibacterium_rufum,1136,1139,3
3603,Mycolicibacterium_rufum,1140,1146,6
3604,Mycolicibacterium_rufum,1152,1158,6
3605,Mycolicibacterium_rufum,1159,1165,6
3606,Mycolicibacterium_rufum,1167,1170,3
3607,Mycolicibacterium_rufum,1224,1236,12
3608,Mycolicibacterium_rufum,1239,1248,9
3609,Mycolicibacterium_rufum,1251,1257,6
3610,Mycolicibacterium_rufum,1266,1269,3
3611,Mycolicibacterium_rufum,1847,1853,6
3612,Mycolicibacterium_rufum,1854,1863,9
3613,Mycolicibacterium_rufum,1865,1874,9
3614,Mycolicibacterium_rufum,1881,1883,2
3615,Mycolicibacterium_rufum,1885,1888,3
3616,Mycolicibacterium_rufum,1890,1898,8
3617,Mycolicibacterium_rufum,1902,1914,12
3618,Mycolicibacterium_rufum,1915,1925,10
3619,Mycolicibacterium_rufum,1931,1937,6
3620,Mycolicibacterium_rufum,2085,2086,1
3621,Mycolicibacterium_rufum,2699,2700,1
3622,Mycolicibacterium_rufum,3115,3151,36
3623,Mycolicibacterium_rufum,3154,3178,24
3624,Mycobacterium_neumannii,1,45,44
3625,Mycobacterium_neumannii,48,49,1
3626,Mycobacterium_neumannii,57,58,1
3627,Mycobacterium_neumannii,93,162,69
3628,Mycobacterium_neumannii,169,175,6
3629,Mycobacterium_neumannii,326,329,3
3630,Mycobacterium_neumannii,334,337,3
3631,Mycobacterium_neumannii,339,351,12
3632,Mycobacterium_neumannii,466,472,6
3633,Mycobacterium_neumannii,1091,1097,6
3634,Mycobacterium_neumannii,1101,1110,9
3635,Mycobacterium_neumannii,1116,1129,13
3636,Mycobacterium_neumannii,1136,1139,3
3637,Mycobacterium_neumannii,1140,1146,6
3638,Mycobacterium_neumannii,1147,1150,3
3639,Mycobacterium_neumannii,1152,1158,6
3640,Mycobacterium_neumannii,1159,1165,6
3641,Mycobacterium_neumannii,1167,1170,3
3642,Mycobacterium_neumannii,1224,1236,12
3643,Mycobacterium_neumannii,1239,1248,9
3644,Mycobacterium_neumannii,1251,1257,6
3645,Mycobacterium_neumannii,1266,1269,3
3646,Mycobacterium_neumannii,1847,1853,6
3647,Mycobacterium_neumannii,1854,1863,9
3648,Mycobacterium_neumannii,1865,1874,9
3649,Mycobacterium_neumannii,1881,1883,2
3650,Mycobacterium_neumannii,1885,1888,3
3651,Mycobacterium_neumannii,1890,1898,8
3652,Mycobacterium_neumannii,1902,1914,12
3653,Mycobacterium_neumannii,1915,1925,10
3654,Mycobacterium_neumannii,1931,1937,6
3655,Mycobacterium_neumannii,2085,2086,1
3656,Mycobacterium_neumannii,2699,2700,1
3657,Mycobacterium_neumannii,3115,3151,36
3658,Mycobacterium_neumannii,3154,3178,24
3659,Mycobacterium_lehmannii,1,45,44
3660,Mycobacterium_lehmannii,48,49,1
3661,Mycobacterium_lehmannii,57,58,1
3662,Mycobacterium_lehmannii,93,162,69
3663,Mycobacterium_lehmannii,169,175,6
3664,Mycobacterium_lehmannii,326,329,3
3665,Mycobacterium_lehmannii,334,337,3
3666,Mycobacterium_lehmannii,339,351,12
3667,Mycobacterium_lehmannii,466,472,6
3668,Mycobacterium_lehmannii,1091,1097,6
3669,Mycobacterium_lehmannii,1101,1110,9
3670,Mycobacterium_lehmannii,1116,1129,13
3671,Mycobacterium_lehmannii,1136,1139,3
3672,Mycobacterium_lehmannii,1140,1146,6
3673,Mycobacterium_lehmannii,1147,1150,3
3674,Mycobacterium_lehmannii,1152,1158,6
3675,Mycobacterium_lehmannii,1159,1165,6
3676,Mycobacterium_lehmannii,1167,1170,3
3677,Mycobacterium_lehmannii,1224,1236,12
3678,Mycobacterium_lehmannii,1239,1248,9
3679,Mycobacterium_lehmannii,1251,1257,6
3680,Mycobacterium_lehmannii,1266,1269,3
3681,Mycobacterium_lehmannii,1847,1853,6
3682,Mycobacterium_lehmannii,1854,1863,9
3683,Mycobacterium_lehmannii,1865,1874,9
3684,Mycobacterium_lehmannii,1881,1883,2
3685,Mycobacterium_lehmannii,1885,1888,3
3686,Mycobacterium_lehmannii,1890,1898,8
3687,Mycobacterium_lehmannii,1902,1914,12
3688,Mycobacterium_lehmannii,1915,1925,10
3689,Mycobacterium_lehmannii,1931,1937,6
3690,Mycobacterium_lehmannii,2085,2086,1
3691,Mycobacterium_lehmannii,2699,2700,1
3692,Mycobacterium_lehmannii,3115,3151,36
3693,Mycobacterium_lehmannii,3154,3178,24
3694,Mycolicibacterium_austroafricanum,1,45,44
3695,Mycolicibacterium_austroafricanum,48,49,1
3696,Mycolicibacterium_austroafricanum,57,58,1
3697,Mycolicibacterium_austroafricanum,91,166,75
3698,Mycolicibacterium_austroafricanum,169,175,6
3699,Mycolicibacterium_austroafricanum,326,329,3
3700,Mycolicibacterium_austroafricanum,334,337,3
3701,Mycolicibacterium_austroafricanum,339,351,12
3702,Mycolicibacterium_austroafricanum,466,472,6
3703,Mycolicibacterium_austroafricanum,1084,1090,6
3704,Mycolicibacterium_austroafricanum,1091,1097,6
3705,Mycolicibacterium_austroafricanum,1101,1110,9
3706,Mycolicibacterium_austroafricanum,1116,1129,13
3707,Mycolicibacterium_austroafricanum,1136,1139,3
3708,Mycolicibacterium_austroafricanum,1140,1146,6
3709,Mycolicibacterium_austroafricanum,1152,1158,6
3710,Mycolicibacterium_austroafricanum,1159,1165,6
3711,Mycolicibacterium_austroafricanum,1167,1170,3
3712,Mycolicibacterium_austroafricanum,1224,1236,12
3713,Mycolicibacterium_austroafricanum,1239,1248,9
3714,Mycolicibacterium_austroafricanum,1251,1257,6
3715,Mycolicibacterium_austroafricanum,1266,1269,3
3716,Mycolicibacterium_austroafricanum,1847,1853,6
3717,Mycolicibacterium_austroafricanum,1854,1863,9
3718,Mycolicibacterium_austroafricanum,1865,1874,9
3719,Mycolicibacterium_austroafricanum,1881,1883,2
3720,Mycolicibacterium_austroafricanum,1885,1888,3
3721,Mycolicibacterium_austroafricanum,1890,1898,8
3722,Mycolicibacterium_austroafricanum,1902,1914,12
3723,Mycolicibacterium_austroafricanum,1915,1925,10
3724,Mycolicibacterium_austroafricanum,1931,1937,6
3725,Mycolicibacterium_austroafricanum,2085,2086,1
3726,Mycolicibacterium_austroafricanum,2699,2700,1
3727,Mycolicibacterium_austroafricanum,3115,3136,21
3728,Mycolicibacterium_austroafricanum,3140,3146,6
3729,Mycolicibacterium_austroafricanum,3154,3178,24
3730,Mycolicibacterium_porcinum,1,65,64
3731,Mycolicibacterium_porcinum,87,90,3
3732,Mycolicibacterium_porcinum,93,105,12
3733,Mycolicibacterium_porcinum,108,162,54
3734,Mycolicibacterium_porcinum,169,175,6
3735,Mycolicibacterium_porcinum,326,329,3
3736,Mycolicibacterium_porcinum,334,337,3
3737,Mycolicibacterium_porcinum,339,351,12
3738,Mycolicibacterium_porcinum,466,472,6
3739,Mycolicibacterium_porcinum,1084,1090,6
3740,Mycolicibacterium_porcinum,1091,1097,6
3741,Mycolicibacterium_porcinum,1101,1110,9
3742,Mycolicibacterium_porcinum,1116,1129,13
3743,Mycolicibacterium_porcinum,1136,1139,3
3744,Mycolicibacterium_porcinum,1140,1146,6
3745,Mycolicibacterium_porcinum,1152,1158,6
3746,Mycolicibacterium_porcinum,1159,1165,6
3747,Mycolicibacterium_porcinum,1167,1170,3
3748,Mycolicibacterium_porcinum,1224,1236,12
3749,Mycolicibacterium_porcinum,1239,1248,9
3750,Mycolicibacterium_porcinum,1251,1257,6
3751,Mycolicibacterium_porcinum,1266,1269,3
3752,Mycolicibacterium_porcinum,1847,1853,6
3753,Mycolicibacterium_porcinum,1854,1863,9
3754,Mycolicibacterium_porcinum,1865,1874,9
3755,Mycolicibacterium_porcinum,1881,1883,2
3756,Mycolicibacterium_porcinum,1885,1888,3
3757,Mycolicibacterium_porcinum,1890,1898,8
3758,Mycolicibacterium_porcinum,1902,1914,12
3759,Mycolicibacterium_porcinum,1915,1925,10
3760,Mycolicibacterium_porcinum,1931,1937,6
3761,Mycolicibacterium_porcinum,2085,2086,1
3762,Mycolicibacterium_porcinum,2699,2700,1
3763,Mycolicibacterium_porcinum,3115,3136,21
3764,Mycolicibacterium_porcinum,3140,3146,6
3765,Mycolicibacterium_porcinum,3154,3178,24
3766,Mycolicibacterium_rutilum,1,45,44
3767,Mycolicibacterium_rutilum,48,49,1
3768,Mycolicibacterium_rutilum,57,58,1
3769,Mycolicibacterium_rutilum,93,162,69
3770,Mycolicibacterium_rutilum,169,175,6
3771,Mycolicibacterium_rutilum,326,329,3
3772,Mycolicibacterium_rutilum,334,337,3
3773,Mycolicibacterium_rutilum,339,351,12
3774,Mycolicibacterium_rutilum,466,472,6
3775,Mycolicibacterium_rutilum,1091,1097,6
3776,Mycolicibacterium_rutilum,1101,1110,9
3777,Mycolicibacterium_rutilum,1116,1129,13
3778,Mycolicibacterium_rutilum,1136,1139,3
3779,Mycolicibacterium_rutilum,1140,1146,6
3780,Mycolicibacterium_rutilum,1147,1150,3
3781,Mycolicibacterium_rutilum,1152,1158,6
3782,Mycolicibacterium_rutilum,1159,1165,6
3783,Mycolicibacterium_rutilum,1167,1170,3
3784,Mycolicibacterium_rutilum,1224,1236,12
3785,Mycolicibacterium_rutilum,1239,1248,9
3786,Mycolicibacterium_rutilum,1251,1257,6
3787,Mycolicibacterium_rutilum,1266,1269,3
3788,Mycolicibacterium_rutilum,1847,1853,6
3789,Mycolicibacterium_rutilum,1854,1863,9
3790,Mycolicibacterium_rutilum,1865,1874,9
3791,Mycolicibacterium_rutilum,1881,1883,2
3792,Mycolicibacterium_rutilum,1885,1888,3
3793,Mycolicibacterium_rutilum,1890,1898,8
3794,Mycolicibacterium_rutilum,1902,1914,12
3795,Mycolicibacterium_rutilum,1915,1925,10
3796,Mycolicibacterium_rutilum,1931,1937,6
3797,Mycolicibacterium_rutilum,2085,2086,1
3798,Mycolicibacterium_rutilum,2699,2700,1
3799,Mycolicibacterium_rutilum,3115,3151,36
3800,Mycolicibacterium_rutilum,3154,3178,24
3801,Mycobacterium_dioxanotrophicus,1,45,44
3802,Mycobacterium_dioxanotrophicus,48,49,1
3803,Mycobacterium_dioxanotrophicus,57,58,1
3804,Mycobacterium_dioxanotrophicus,87,90,3
3805,Mycobacterium_dioxanotrophicus,93,105,12
3806,Mycobacterium_dioxanotrophicus,108,162,54
3807,Mycobacterium_dioxanotrophicus,169,175,6
3808,Mycobacterium_dioxanotrophicus,326,329,3
3809,Mycobacterium_dioxanotrophicus,334,337,3
3810,Mycobacterium_dioxanotrophicus,339,351,12
3811,Mycobacterium_dioxanotrophicus,466,472,6
3812,Mycobacterium_dioxanotrophicus,1084,1090,6
3813,Mycobacterium_dioxanotrophicus,1091,1097,6
3814,Mycobacterium_dioxanotrophicus,1101,1110,9
3815,Mycobacterium_dioxanotrophicus,1116,1129,13
3816,Mycobacterium_dioxanotrophicus,1136,1139,3
3817,Mycobacterium_dioxanotrophicus,1140,1146,6
3818,Mycobacterium_dioxanotrophicus,1152,1158,6
3819,Mycobacterium_dioxanotrophicus,1159,1165,6
3820,Mycobacterium_dioxanotrophicus,1167,1170,3
3821,Mycobacterium_dioxanotrophicus,1224,1236,12
3822,Mycobacterium_dioxanotrophicus,1239,1248,9
3823,Mycobacterium_dioxanotrophicus,1251,1257,6
3824,Mycobacterium_dioxanotrophicus,1266,1269,3
3825,Mycobacterium_dioxanotrophicus,1847,1853,6
3826,Mycobacterium_dioxanotrophicus,1865,1874,9
3827,Mycobacterium_dioxanotrophicus,1881,1883,2
3828,Mycobacterium_dioxanotrophicus,1885,1888,3
3829,Mycobacterium_dioxanotrophicus,1890,1898,8
3830,Mycobacterium_dioxanotrophicus,1902,1914,12
3831,Mycobacterium_dioxanotrophicus,1915,1925,10
3832,Mycobacterium_dioxanotrophicus,1931,1937,6
3833,Mycobacterium_dioxanotrophicus,2085,2086,1
3834,Mycobacterium_dioxanotrophicus,2699,2700,1
3835,Mycobacterium_dioxanotrophicus,3115,3136,21
3836,Mycobacterium_dioxanotrophicus,3140,3146,6
3837,Mycobacterium_dioxanotrophicus,3154,3178,24
3838,Mycolicibacterium_brisbanense,1,65,64
3839,Mycolicibacterium_brisbanense,87,90,3
3840,Mycolicibacterium_brisbanense,93,105,12
3841,Mycolicibacterium_brisbanense,108,162,54
3842,Mycolicibacterium_brisbanense,169,175,6
3843,Mycolicibacterium_brisbanense,326,329,3
3844,Mycolicibacterium_brisbanense,334,337,3
3845,Mycolicibacterium_brisbanense,339,351,12
3846,Mycolicibacterium_brisbanense,466,472,6
3847,Mycolicibacterium_brisbanense,1084,1090,6
3848,Mycolicibacterium_brisbanense,1091,1097,6
3849,Mycolicibacterium_brisbanense,1101,1110,9
3850,Mycolicibacterium_brisbanense,1116,1129,13
3851,Mycolicibacterium_brisbanense,1136,1139,3
3852,Mycolicibacterium_brisbanense,1140,1146,6
3853,Mycolicibacterium_brisbanense,1152,1158,6
3854,Mycolicibacterium_brisbanense,1159,1165,6
3855,Mycolicibacterium_brisbanense,1167,1170,3
3856,Mycolicibacterium_brisbanense,1224,1236,12
3857,Mycolicibacterium_brisbanense,1239,1248,9
3858,Mycolicibacterium_brisbanense,1251,1257,6
3859,Mycolicibacterium_brisbanense,1266,1269,3
3860,Mycolicibacterium_brisbanense,1847,1853,6
3861,Mycolicibacterium_brisbanense,1854,1863,9
3862,Mycolicibacterium_brisbanense,1865,1874,9
3863,Mycolicibacterium_brisbanense,1881,1883,2
3864,Mycolicibacterium_brisbanense,1885,1888,3
3865,Mycolicibacterium_brisbanense,1890,1898,8
3866,Mycolicibacterium_brisbanense,1902,1914,12
3867,Mycolicibacterium_brisbanense,1915,1925,10
3868,Mycolicibacterium_brisbanense,1931,1937,6
3869,Mycolicibacterium_brisbanense,2085,2086,1
3870,Mycolicibacterium_brisbanense,2699,2700,1
3871,Mycolicibacterium_brisbanense,3115,3136,21
3872,Mycolicibacterium_brisbanense,3140,3146,6
3873,Mycolicibacterium_brisbanense,3154,3178,24
3874,Mycolicibacterium_pyrenivorans,1,49,48
3875,Mycolicibacterium_pyrenivorans,57,58,1
3876,Mycolicibacterium_pyrenivorans,93,105,12
3877,Mycolicibacterium_pyrenivorans,108,162,54
3878,Mycolicibacterium_pyrenivorans,169,175,6
3879,Mycolicibacterium_pyrenivorans,326,329,3
3880,Mycolicibacterium_pyrenivorans,334,337,3
3881,Mycolicibacterium_pyrenivorans,339,351,12
3882,Mycolicibacterium_pyrenivorans,466,472,6
3883,Mycolicibacterium_pyrenivorans,1084,1090,6
3884,Mycolicibacterium_pyrenivorans,1091,1097,6
3885,Mycolicibacterium_pyrenivorans,1101,1110,9
3886,Mycolicibacterium_pyrenivorans,1116,1129,13
3887,Mycolicibacterium_pyrenivorans,1136,1139,3
3888,Mycolicibacterium_pyrenivorans,1140,1146,6
3889,Mycolicibacterium_pyrenivorans,1152,1158,6
3890,Mycolicibacterium_pyrenivorans,1159,1165,6
3891,Mycolicibacterium_pyrenivorans,1167,1170,3
3892,Mycolicibacterium_pyrenivorans,1224,1236,12
3893,Mycolicibacterium_pyrenivorans,1239,1248,9
3894,Mycolicibacterium_pyrenivorans,1251,1257,6
3895,Mycolicibacterium_pyrenivorans,1266,1269,3
3896,Mycolicibacterium_pyrenivorans,1847,1853,6
3897,Mycolicibacterium_pyrenivorans,1854,1863,9
3898,Mycolicibacterium_pyrenivorans,1865,1874,9
3899,Mycolicibacterium_pyrenivorans,1881,1883,2
3900,Mycolicibacterium_pyrenivorans,1885,1888,3
3901,Mycolicibacterium_pyrenivorans,1902,1914,12
3902,Mycolicibacterium_pyrenivorans,1917,1923,6
3903,Mycolicibacterium_pyrenivorans,1931,1937,6
3904,Mycolicibacterium_pyrenivorans,2085,2086,1
3905,Mycolicibacterium_pyrenivorans,2699,2700,1
3906,Mycolicibacterium_pyrenivorans,3115,3136,21
3907,Mycolicibacterium_pyrenivorans,3140,3146,6
3908,Mycolicibacterium_pyrenivorans,3154,3178,24
3909,Mycolicibacterium_crocinum,1,45,44
3910,Mycolicibacterium_crocinum,48,49,1
3911,Mycolicibacterium_crocinum,57,58,1
3912,Mycolicibacterium_crocinum,92,164,72
3913,Mycolicibacterium_crocinum,169,175,6
3914,Mycolicibacterium_crocinum,326,329,3
3915,Mycolicibacterium_crocinum,334,337,3
3916,Mycolicibacterium_crocinum,339,351,12
3917,Mycolicibacterium_crocinum,466,472,6
3918,Mycolicibacterium_crocinum,1084,1090,6
3919,Mycolicibacterium_crocinum,1091,1097,6
3920,Mycolicibacterium_crocinum,1101,1110,9
3921,Mycolicibacterium_crocinum,1116,1129,13
3922,Mycolicibacterium_crocinum,1136,1139,3
3923,Mycolicibacterium_crocinum,1140,1146,6
3924,Mycolicibacterium_crocinum,1152,1158,6
3925,Mycolicibacterium_crocinum,1159,1165,6
3926,Mycolicibacterium_crocinum,1167,1170,3
3927,Mycolicibacterium_crocinum,1224,1236,12
3928,Mycolicibacterium_crocinum,1239,1248,9
3929,Mycolicibacterium_crocinum,1251,1257,6
3930,Mycolicibacterium_crocinum,1266,1269,3
3931,Mycolicibacterium_crocinum,1847,1853,6
3932,Mycolicibacterium_crocinum,1854,1863,9
3933,Mycolicibacterium_crocinum,1865,1874,9
3934,Mycolicibacterium_crocinum,1881,1883,2
3935,Mycolicibacterium_crocinum,1885,1888,3
3936,Mycolicibacterium_crocinum,1890,1898,8
3937,Mycolicibacterium_crocinum,1902,1914,12
3938,Mycolicibacterium_crocinum,1915,1925,10
3939,Mycolicibacterium_crocinum,1931,1937,6
3940,Mycolicibacterium_crocinum,2085,2086,1
3941,Mycolicibacterium_crocinum,2699,2700,1
3942,Mycolicibacterium_crocinum,3115,3151,36
3943,Mycolicibacterium_crocinum,3154,3178,24
3944,Mycolicibacterium_vanbaalenii,1,45,44
3945,Mycolicibacterium_vanbaalenii,48,49,1
3946,Mycolicibacterium_vanbaalenii,57,58,1
3947,Mycolicibacterium_vanbaalenii,91,166,75
3948,Mycolicibacterium_vanbaalenii,169,175,6
3949,Mycolicibacterium_vanbaalenii,326,329,3
3950,Mycolicibacterium_vanbaalenii,334,337,3
3951,Mycolicibacterium_vanbaalenii,339,351,12
3952,Mycolicibacterium_vanbaalenii,466,472,6
3953,Mycolicibacterium_vanbaalenii,1084,1090,6
3954,Mycolicibacterium_vanbaalenii,1091,1097,6
3955,Mycolicibacterium_vanbaalenii,1101,1110,9
3956,Mycolicibacterium_vanbaalenii,1116,1129,13
3957,Mycolicibacterium_vanbaalenii,1136,1139,3
3958,Mycolicibacterium_vanbaalenii,1140,1146,6
3959,Mycolicibacterium_vanbaalenii,1152,1158,6
3960,Mycolicibacterium_vanbaalenii,1159,1165,6
3961,Mycolicibacterium_vanbaalenii,1167,1170,3
3962,Mycolicibacterium_vanbaalenii,1224,1236,12
3963,Mycolicibacterium_vanbaalenii,1239,1248,9
3964,Mycolicibacterium_vanbaalenii,1251,1257,6
3965,Mycolicibacterium_vanbaalenii,1266,1269,3
3966,Mycolicibacterium_vanbaalenii,1847,1853,6
3967,Mycolicibacterium_vanbaalenii,1854,1863,9
3968,Mycolicibacterium_vanbaalenii,1865,1874,9
3969,Mycolicibacterium_vanbaalenii,1881,1883,2
3970,Mycolicibacterium_vanbaalenii,1885,1888,3
3971,Mycolicibacterium_vanbaalenii,1890,1898,8
3972,Mycolicibacterium_vanbaalenii,1902,1914,12
3973,Mycolicibacterium_vanbaalenii,1915,1925,10
3974,Mycolicibacterium_vanbaalenii,1931,1937,6
3975,Mycolicibacterium_vanbaalenii,2085,2086,1
3976,Mycolicibacterium_vanbaalenii,2699,2700,1
3977,Mycolicibacterium_vanbaalenii,3115,3136,21
3978,Mycolicibacterium_vanbaalenii,3140,3146,6
3979,Mycolicibacterium_vanbaalenii,3154,3178,24
3980,Mycolicibacterium_litorale,1,45,44
3981,Mycolicibacterium_litorale,48,49,1
3982,Mycolicibacterium_litorale,57,58,1
3983,Mycolicibacterium_litorale,93,105,12
3984,Mycolicibacterium_litorale,108,162,54
3985,Mycolicibacterium_litorale,169,175,6
3986,Mycolicibacterium_litorale,326,329,3
3987,Mycolicibacterium_litorale,334,337,3
3988,Mycolicibacterium_litorale,339,351,12
3989,Mycolicibacterium_litorale,466,472,6
3990,Mycolicibacterium_litorale,1084,1090,6
3991,Mycolicibacterium_litorale,1091,1097,6
3992,Mycolicibacterium_litorale,1101,1110,9
3993,Mycolicibacterium_litorale,1116,1129,13
3994,Mycolicibacterium_litorale,1136,1139,3
3995,Mycolicibacterium_litorale,1140,1146,6
3996,Mycolicibacterium_litorale,1152,1158,6
3997,Mycolicibacterium_litorale,1159,1165,6
3998,Mycolicibacterium_litorale,1167,1170,3
3999,Mycolicibacterium_litorale,1224,1236,12
4000,Mycolicibacterium_litorale,1239,1248,9
4001,Mycolicibacterium_litorale,1251,1257,6
4002,Mycolicibacterium_litorale,1266,1269,3
4003,Mycolicibacterium_litorale,1847,1853,6
4004,Mycolicibacterium_litorale,1854,1863,9
4005,Mycolicibacterium_litorale,1865,1874,9
4006,Mycolicibacterium_litorale,1881,1883,2
4007,Mycolicibacterium_litorale,1885,1888,3
4008,Mycolicibacterium_litorale,1890,1898,8
4009,Mycolicibacterium_litorale,1902,1914,12
4010,Mycolicibacterium_litorale,1915,1925,10
4011,Mycolicibacterium_litorale,1931,1937,6
4012,Mycolicibacterium_litorale,2085,2086,1
4013,Mycolicibacterium_litorale,2699,2700,1
4014,Mycolicibacterium_litorale,3115,3136,21
4015,Mycolicibacterium_litorale,3154,3178,24
4016,Mycolicibacterium_pallens,1,45,44
4017,Mycolicibacterium_pallens,48,49,1
4018,Mycolicibacterium_pallens,57,58,1
4019,Mycolicibacterium_pallens,92,164,72
4020,Mycolicibacterium_pallens,169,175,6
4021,Mycolicibacterium_pallens,326,329,3
4022,Mycolicibacterium_pallens,334,337,3
4023,Mycolicibacterium_pallens,339,351,12
4024,Mycolicibacterium_pallens,466,472,6
4025,Mycolicibacterium_pallens,1084,1090,6
4026,Mycolicibacterium_pallens,1091,1097,6
4027,Mycolicibacterium_pallens,1101,1110,9
4028,Mycolicibacterium_pallens,1116,1129,13
4029,Mycolicibacterium_pallens,1136,1139,3
4030,Mycolicibacterium_pallens,1140,1146,6
4031,Mycolicibacterium_pallens,1152,1158,6
4032,Mycolicibacterium_pallens,1159,1165,6
4033,Mycolicibacterium_pallens,1167,1170,3
4034,Mycolicibacterium_pallens,1224,1236,12
4035,Mycolicibacterium_pallens,1239,1248,9
4036,Mycolicibacterium_pallens,1251,1257,6
4037,Mycolicibacterium_pallens,1266,1269,3
4038,Mycolicibacterium_pallens,1847,1853,6
4039,Mycolicibacterium_pallens,1854,1863,9
4040,Mycolicibacterium_pallens,1865,1874,9
4041,Mycolicibacterium_pallens,1881,1883,2
4042,Mycolicibacterium_pallens,1885,1888,3
4043,Mycolicibacterium_pallens,1890,1898,8
4044,Mycolicibacterium_pallens,1902,1914,12
4045,Mycolicibacterium_pallens,1915,1925,10
4046,Mycolicibacterium_pallens,1931,1937,6
4047,Mycolicibacterium_pallens,2085,2086,1
4048,Mycolicibacterium_pallens,2699,2700,1
4049,Mycolicibacterium_pallens,3115,3151,36
4050,Mycolicibacterium_pallens,3154,3178,24
4051,Mycolicibacter_arupensis,1,45,44
4052,Mycolicibacter_arupensis,48,49,1
4053,Mycolicibacter_arupensis,57,58,1
4054,Mycolicibacter_arupensis,98,104,6
4055,Mycolicibacter_arupensis,108,144,36
4056,Mycolicibacter_arupensis,157,163,6
4057,Mycolicibacter_arupensis,169,175,6
4058,Mycolicibacter_arupensis,334,337,3
4059,Mycolicibacter_arupensis,341,356,15
4060,Mycolicibacter_arupensis,466,472,6
4061,Mycolicibacter_arupensis,1084,1090,6
4062,Mycolicibacter_arupensis,1091,1097,6
4063,Mycolicibacter_arupensis,1106,1110,4
4064,Mycolicibacter_arupensis,1116,1122,6
4065,Mycolicibacter_arupensis,1136,1139,3
4066,Mycolicibacter_arupensis,1140,1170,30
4067,Mycolicibacter_arupensis,1239,1248,9
4068,Mycolicibacter_arupensis,1847,1853,6
4069,Mycolicibacter_arupensis,1854,1863,9
4070,Mycolicibacter_arupensis,1865,1874,9
4071,Mycolicibacter_arupensis,1881,1883,2
4072,Mycolicibacter_arupensis,1885,1888,3
4073,Mycolicibacter_arupensis,1890,1898,8
4074,Mycolicibacter_arupensis,1902,1914,12
4075,Mycolicibacter_arupensis,1915,1925,10
4076,Mycolicibacter_arupensis,1931,1937,6
4077,Mycolicibacter_arupensis,2085,2086,1
4078,Mycolicibacter_arupensis,2699,2700,1
4079,Mycolicibacter_arupensis,3115,3136,21
4080,Mycolicibacter_arupensis,3140,3146,6
4081,Mycolicibacter_arupensis,3154,3178,24
4082,Mycobacterium_paraterrae,1,65,64
4083,Mycobacterium_paraterrae,98,104,6
4084,Mycobacterium_paraterrae,106,166,60
4085,Mycobacterium_paraterrae,326,329,3
4086,Mycobacterium_paraterrae,334,337,3
4087,Mycobacterium_paraterrae,339,351,12
4088,Mycobacterium_paraterrae,466,472,6
4089,Mycobacterium_paraterrae,1084,1090,6
4090,Mycobacterium_paraterrae,1091,1097,6
4091,Mycobacterium_paraterrae,1104,1129,25
4092,Mycobacterium_paraterrae,1136,1139,3
4093,Mycobacterium_paraterrae,1140,1146,6
4094,Mycobacterium_paraterrae,1152,1158,6
4095,Mycobacterium_paraterrae,1167,1170,3
4096,Mycobacterium_paraterrae,1224,1236,12
4097,Mycobacterium_paraterrae,1239,1248,9
4098,Mycobacterium_paraterrae,1251,1257,6
4099,Mycobacterium_paraterrae,1265,1268,3
4100,Mycobacterium_paraterrae,1847,1853,6
4101,Mycobacterium_paraterrae,1854,1863,9
4102,Mycobacterium_paraterrae,1865,1874,9
4103,Mycobacterium_paraterrae,1881,1883,2
4104,Mycobacterium_paraterrae,1885,1888,3
4105,Mycobacterium_paraterrae,1890,1898,8
4106,Mycobacterium_paraterrae,1902,1914,12
4107,Mycobacterium_paraterrae,1915,1925,10
4108,Mycobacterium_paraterrae,1931,1937,6
4109,Mycobacterium_paraterrae,2085,2086,1
4110,Mycobacterium_paraterrae,2699,2700,1
4111,Mycobacterium_paraterrae,3115,3151,36
4112,Mycobacterium_paraterrae,3154,3178,24
4113,Mycolicibacterium_celeriflavum,1,45,44
4114,Mycolicibacterium_celeriflavum,48,49,1
4115,Mycolicibacterium_celeriflavum,57,58,1
4116,Mycolicibacterium_celeriflavum,93,162,69
4117,Mycolicibacterium_celeriflavum,169,175,6
4118,Mycolicibacterium_celeriflavum,326,329,3
4119,Mycolicibacterium_celeriflavum,334,337,3
4120,Mycolicibacterium_celeriflavum,339,351,12
4121,Mycolicibacterium_celeriflavum,466,472,6
4122,Mycolicibacterium_celeriflavum,1091,1097,6
4123,Mycolicibacterium_celeriflavum,1101,1110,9
4124,Mycolicibacterium_celeriflavum,1116,1129,13
4125,Mycolicibacterium_celeriflavum,1136,1139,3
4126,Mycolicibacterium_celeriflavum,1140,1146,6
4127,Mycolicibacterium_celeriflavum,1147,1150,3
4128,Mycolicibacterium_celeriflavum,1152,1158,6
4129,Mycolicibacterium_celeriflavum,1159,1165,6
4130,Mycolicibacterium_celeriflavum,1167,1170,3
4131,Mycolicibacterium_celeriflavum,1224,1236,12
4132,Mycolicibacterium_celeriflavum,1239,1248,9
4133,Mycolicibacterium_celeriflavum,1251,1257,6
4134,Mycolicibacterium_celeriflavum,1266,1269,3
4135,Mycolicibacterium_celeriflavum,1847,1853,6
4136,Mycolicibacterium_celeriflavum,1854,1863,9
4137,Mycolicibacterium_celeriflavum,1865,1874,9
4138,Mycolicibacterium_celeriflavum,1881,1883,2
4139,Mycolicibacterium_celeriflavum,1885,1888,3
4140,Mycolicibacterium_celeriflavum,1890,1898,8
4141,Mycolicibacterium_celeriflavum,1902,1914,12
4142,Mycolicibacterium_celeriflavum,1915,1925,10
4143,Mycolicibacterium_celeriflavum,1931,1937,6
4144,Mycolicibacterium_celeriflavum,2085,2086,1
4145,Mycolicibacterium_celeriflavum,2699,2700,1
4146,Mycolicibacterium_celeriflavum,3115,3151,36
4147,Mycolicibacterium_celeriflavum,3154,3178,24
4148,Mycolicibacter_nonchromogenicus,1,45,44
4149,Mycolicibacter_nonchromogenicus,48,49,1
4150,Mycolicibacter_nonchromogenicus,57,58,1
4151,Mycolicibacter_nonchromogenicus,98,104,6
4152,Mycolicibacter_nonchromogenicus,108,144,36
4153,Mycolicibacter_nonchromogenicus,157,163,6
4154,Mycolicibacter_nonchromogenicus,169,175,6
4155,Mycolicibacter_nonchromogenicus,334,337,3
4156,Mycolicibacter_nonchromogenicus,341,356,15
4157,Mycolicibacter_nonchromogenicus,466,472,6
4158,Mycolicibacter_nonchromogenicus,1084,1090,6
4159,Mycolicibacter_nonchromogenicus,1091,1097,6
4160,Mycolicibacter_nonchromogenicus,1106,1110,4
4161,Mycolicibacter_nonchromogenicus,1116,1122,6
4162,Mycolicibacter_nonchromogenicus,1136,1139,3
4163,Mycolicibacter_nonchromogenicus,1140,1170,30
4164,Mycolicibacter_nonchromogenicus,1239,1248,9
4165,Mycolicibacter_nonchromogenicus,1251,1257,6
4166,Mycolicibacter_nonchromogenicus,1847,1853,6
4167,Mycolicibacter_nonchromogenicus,1854,1863,9
4168,Mycolicibacter_nonchromogenicus,1865,1874,9
4169,Mycolicibacter_nonchromogenicus,1881,1883,2
4170,Mycolicibacter_nonchromogenicus,1885,1888,3
4171,Mycolicibacter_nonchromogenicus,1890,1898,8
4172,Mycolicibacter_nonchromogenicus,1902,1914,12
4173,Mycolicibacter_nonchromogenicus,1915,1925,10
4174,Mycolicibacter_nonchromogenicus,1931,1937,6
4175,Mycolicibacter_nonchromogenicus,2085,2086,1
4176,Mycolicibacter_nonchromogenicus,2699,2700,1
4177,Mycolicibacter_nonchromogenicus,3115,3136,21
4178,Mycolicibacter_nonchromogenicus,3140,3146,6
4179,Mycolicibacter_nonchromogenicus,3154,3178,24
4180,Mycolicibacter_senuensis,1,45,44
4181,Mycolicibacter_senuensis,48,49,1
4182,Mycolicibacter_senuensis,57,58,1
4183,Mycolicibacter_senuensis,98,104,6
4184,Mycolicibacter_senuensis,108,144,36
4185,Mycolicibacter_senuensis,157,163,6
4186,Mycolicibacter_senuensis,169,175,6
4187,Mycolicibacter_senuensis,334,337,3
4188,Mycolicibacter_senuensis,341,356,15
4189,Mycolicibacter_senuensis,466,472,6
4190,Mycolicibacter_senuensis,1084,1090,6
4191,Mycolicibacter_senuensis,1091,1097,6
4192,Mycolicibacter_senuensis,1106,1110,4
4193,Mycolicibacter_senuensis,1116,1122,6
4194,Mycolicibacter_senuensis,1136,1139,3
4195,Mycolicibacter_senuensis,1140,1170,30
4196,Mycolicibacter_senuensis,1239,1248,9
4197,Mycolicibacter_senuensis,1251,1257,6
4198,Mycolicibacter_senuensis,1847,1853,6
4199,Mycolicibacter_senuensis,1854,1863,9
4200,Mycolicibacter_senuensis,1865,1874,9
4201,Mycolicibacter_senuensis,1881,1883,2
4202,Mycolicibacter_senuensis,1885,1888,3
4203,Mycolicibacter_senuensis,1890,1898,8
4204,Mycolicibacter_senuensis,1902,1914,12
4205,Mycolicibacter_senuensis,1915,1925,10
4206,Mycolicibacter_senuensis,1931,1937,6
4207,Mycolicibacter_senuensis,2085,2086,1
4208,Mycolicibacter_senuensis,2699,2700,1
4209,Mycolicibacter_senuensis,3115,3136,21
4210,Mycolicibacter_senuensis,3140,3146,6
4211,Mycolicibacter_senuensis,3154,3178,24
4212,Mycobacterium_botniense,1,45,44
4213,Mycobacterium_botniense,48,49,1
4214,Mycobacterium_botniense,57,58,1
4215,Mycobacterium_botniense,98,161,63
4216,Mycobacterium_botniense,169,175,6
4217,Mycobacterium_botniense,326,329,3
4218,Mycobacterium_botniense,334,337,3
4219,Mycobacterium_botniense,339,351,12
4220,Mycobacterium_botniense,466,472,6
4221,Mycobacterium_botniense,1084,1090,6
4222,Mycobacterium_botniense,1091,1097,6
4223,Mycobacterium_botniense,1101,1129,28
4224,Mycobacterium_botniense,1136,1139,3
4225,Mycobacterium_botniense,1140,1146,6
4226,Mycobacterium_botniense,1152,1164,12
4227,Mycobacterium_botniense,1167,1170,3
4228,Mycobacterium_botniense,1224,1236,12
4229,Mycobacterium_botniense,1239,1248,9
4230,Mycobacterium_botniense,1251,1257,6
4231,Mycobacterium_botniense,1265,1268,3
4232,Mycobacterium_botniense,1847,1853,6
4233,Mycobacterium_botniense,1854,1863,9
4234,Mycobacterium_botniense,1865,1874,9
4235,Mycobacterium_botniense,1881,1883,2
4236,Mycobacterium_botniense,1885,1888,3
4237,Mycobacterium_botniense,1890,1898,8
4238,Mycobacterium_botniense,1902,1914,12
4239,Mycobacterium_botniense,1915,1925,10
4240,Mycobacterium_botniense,1931,1937,6
4241,Mycobacterium_botniense,2085,2086,1
4242,Mycobacterium_botniense,2699,2700,1
4243,Mycobacterium_botniense,3115,3136,21
4244,Mycobacterium_botniense,3140,3146,6
4245,Mycobacterium_botniense,3154,3178,24
4246,Mycolicibacterium_senegalense,1,45,44
4247,Mycolicibacterium_senegalense,48,49,1
4248,Mycolicibacterium_senegalense,57,58,1
4249,Mycolicibacterium_senegalense,93,105,12
4250,Mycolicibacterium_senegalense,108,162,54
4251,Mycolicibacterium_senegalense,169,175,6
4252,Mycolicibacterium_senegalense,326,329,3
4253,Mycolicibacterium_senegalense,334,337,3
4254,Mycolicibacterium_senegalense,339,351,12
4255,Mycolicibacterium_senegalense,466,472,6
4256,Mycolicibacterium_senegalense,1084,1090,6
4257,Mycolicibacterium_senegalense,1091,1097,6
4258,Mycolicibacterium_senegalense,1101,1110,9
4259,Mycolicibacterium_senegalense,1116,1129,13
4260,Mycolicibacterium_senegalense,1136,1139,3
4261,Mycolicibacterium_senegalense,1140,1146,6
4262,Mycolicibacterium_senegalense,1152,1158,6
4263,Mycolicibacterium_senegalense,1159,1165,6
4264,Mycolicibacterium_senegalense,1167,1170,3
4265,Mycolicibacterium_senegalense,1224,1236,12
4266,Mycolicibacterium_senegalense,1239,1248,9
4267,Mycolicibacterium_senegalense,1251,1257,6
4268,Mycolicibacterium_senegalense,1266,1269,3
4269,Mycolicibacterium_senegalense,1847,1853,6
4270,Mycolicibacterium_senegalense,1854,1863,9
4271,Mycolicibacterium_senegalense,1865,1874,9
4272,Mycolicibacterium_senegalense,1881,1883,2
4273,Mycolicibacterium_senegalense,1885,1888,3
4274,Mycolicibacterium_senegalense,1890,1898,8
4275,Mycolicibacterium_senegalense,1902,1914,12
4276,Mycolicibacterium_senegalense,1915,1925,10
4277,Mycolicibacterium_senegalense,1931,1937,6
4278,Mycolicibacterium_senegalense,2085,2086,1
4279,Mycolicibacterium_senegalense,2699,2700,1
4280,Mycolicibacterium_senegalense,3115,3136,21
4281,Mycolicibacterium_senegalense,3140,3146,6
4282,Mycolicibacterium_senegalense,3154,3178,24
4283,Mycolicibacterium_duvalii,1,45,44
4284,Mycolicibacterium_duvalii,48,49,1
4285,Mycolicibacterium_duvalii,57,58,1
4286,Mycolicibacterium_duvalii,93,105,12
4287,Mycolicibacterium_duvalii,108,162,54
4288,Mycolicibacterium_duvalii,169,175,6
4289,Mycolicibacterium_duvalii,326,329,3
4290,Mycolicibacterium_duvalii,334,337,3
4291,Mycolicibacterium_duvalii,339,351,12
4292,Mycolicibacterium_duvalii,466,472,6
4293,Mycolicibacterium_duvalii,1084,1090,6
4294,Mycolicibacterium_duvalii,1091,1097,6
4295,Mycolicibacterium_duvalii,1101,1110,9
4296,Mycolicibacterium_duvalii,1116,1129,13
4297,Mycolicibacterium_duvalii,1136,1139,3
4298,Mycolicibacterium_duvalii,1140,1146,6
4299,Mycolicibacterium_duvalii,1152,1158,6
4300,Mycolicibacterium_duvalii,1159,1165,6
4301,Mycolicibacterium_duvalii,1167,1170,3
4302,Mycolicibacterium_duvalii,1224,1236,12
4303,Mycolicibacterium_duvalii,1239,1248,9
4304,Mycolicibacterium_duvalii,1251,1257,6
4305,Mycolicibacterium_duvalii,1266,1269,3
4306,Mycolicibacterium_duvalii,1847,1853,6
4307,Mycolicibacterium_duvalii,1854,1863,9
4308,Mycolicibacterium_duvalii,1865,1874,9
4309,Mycolicibacterium_duvalii,1881,1883,2
4310,Mycolicibacterium_duvalii,1885,1888,3
4311,Mycolicibacterium_duvalii,1890,1898,8
4312,Mycolicibacterium_duvalii,1902,1914,12
4313,Mycolicibacterium_duvalii,1915,1925,10
4314,Mycolicibacterium_duvalii,1931,1937,6
4315,Mycolicibacterium_duvalii,2085,2086,1
4316,Mycolicibacterium_duvalii,2699,2700,1
4317,Mycolicibacterium_duvalii,3115,3136,21
4318,Mycolicibacterium_duvalii,3154,3178,24
4319,Mycobacterium_syngnathidarum,1,45,44
4320,Mycobacterium_syngnathidarum,48,49,1
4321,Mycobacterium_syngnathidarum,57,58,1
4322,Mycobacterium_syngnathidarum,93,105,12
4323,Mycobacterium_syngnathidarum,108,162,54
4324,Mycobacterium_syngnathidarum,169,175,6
4325,Mycobacterium_syngnathidarum,326,329,3
4326,Mycobacterium_syngnathidarum,334,337,3
4327,Mycobacterium_syngnathidarum,339,351,12
4328,Mycobacterium_syngnathidarum,466,472,6
4329,Mycobacterium_syngnathidarum,1084,1090,6
4330,Mycobacterium_syngnathidarum,1091,1097,6
4331,Mycobacterium_syngnathidarum,1101,1110,9
4332,Mycobacterium_syngnathidarum,1116,1129,13
4333,Mycobacterium_syngnathidarum,1136,1139,3
4334,Mycobacterium_syngnathidarum,1140,1146,6
4335,Mycobacterium_syngnathidarum,1152,1158,6
4336,Mycobacterium_syngnathidarum,1159,1165,6
4337,Mycobacterium_syngnathidarum,1167,1170,3
4338,Mycobacterium_syngnathidarum,1224,1236,12
4339,Mycobacterium_syngnathidarum,1239,1248,9
4340,Mycobacterium_syngnathidarum,1251,1257,6
4341,Mycobacterium_syngnathidarum,1266,1269,3
4342,Mycobacterium_syngnathidarum,1847,1853,6
4343,Mycobacterium_syngnathidarum,1854,1863,9
4344,Mycobacterium_syngnathidarum,1865,1874,9
4345,Mycobacterium_syngnathidarum,1881,1883,2
4346,Mycobacterium_syngnathidarum,1885,1888,3
4347,Mycobacterium_syngnathidarum,1890,1898,8
4348,Mycobacterium_syngnathidarum,1902,1914,12
4349,Mycobacterium_syngnathidarum,1915,1925,10
4350,Mycobacterium_syngnathidarum,1931,1937,6
4351,Mycobacterium_syngnathidarum,2085,2086,1
4352,Mycobacterium_syngnathidarum,2699,2700,1
4353,Mycobacterium_syngnathidarum,3115,3136,21
4354,Mycobacterium_syngnathidarum,3140,3146,6
4355,Mycobacterium_syngnathidarum,3154,3178,24
4356,Mycolicibacterium_mageritense,1,45,44
4357,Mycolicibacterium_mageritense,48,49,1
4358,Mycolicibacterium_mageritense,57,58,1
4359,Mycolicibacterium_mageritense,93,105,12
4360,Mycolicibacterium_mageritense,108,162,54
4361,Mycolicibacterium_mageritense,169,175,6
4362,Mycolicibacterium_mageritense,326,329,3
4363,Mycolicibacterium_mageritense,334,337,3
4364,Mycolicibacterium_mageritense,339,351,12
4365,Mycolicibacterium_mageritense,466,472,6
4366,Mycolicibacterium_mageritense,1084,1090,6
4367,Mycolicibacterium_mageritense,1091,1097,6
4368,Mycolicibacterium_mageritense,1101,1110,9
4369,Mycolicibacterium_mageritense,1116,1129,13
4370,Mycolicibacterium_mageritense,1136,1139,3
4371,Mycolicibacterium_mageritense,1140,1146,6
4372,Mycolicibacterium_mageritense,1152,1158,6
4373,Mycolicibacterium_mageritense,1159,1165,6
4374,Mycolicibacterium_mageritense,1167,1170,3
4375,Mycolicibacterium_mageritense,1224,1236,12
4376,Mycolicibacterium_mageritense,1239,1248,9
4377,Mycolicibacterium_mageritense,1251,1257,6
4378,Mycolicibacterium_mageritense,1266,1269,3
4379,Mycolicibacterium_mageritense,1847,1853,6
4380,Mycolicibacterium_mageritense,1854,1863,9
4381,Mycolicibacterium_mageritense,1865,1874,9
4382,Mycolicibacterium_mageritense,1881,1883,2
4383,Mycolicibacterium_mageritense,1885,1888,3
4384,Mycolicibacterium_mageritense,1890,1898,8
4385,Mycolicibacterium_mageritense,1902,1914,12
4386,Mycolicibacterium_mageritense,1915,1925,10
4387,Mycolicibacterium_mageritense,1931,1937,6
4388,Mycolicibacterium_mageritense,2085,2086,1
4389,Mycolicibacterium_mageritense,2699,2700,1
4390,Mycolicibacterium_mageritense,3115,3136,21
4391,Mycolicibacterium_mageritense,3140,3146,6
4392,Mycolicibacterium_mageritense,3154,3178,24
4393,Mycolicibacterium_baixiangningiae,1,45,44
4394,Mycolicibacterium_baixiangningiae,48,49,1
4395,Mycolicibacterium_baixiangningiae,57,58,1
4396,Mycolicibacterium_baixiangningiae,93,105,12
4397,Mycolicibacterium_baixiangningiae,108,162,54
4398,Mycolicibacterium_baixiangningiae,169,175,6
4399,Mycolicibacterium_baixiangningiae,326,329,3
4400,Mycolicibacterium_baixiangningiae,334,337,3
4401,Mycolicibacterium_baixiangningiae,339,351,12
4402,Mycolicibacterium_baixiangningiae,466,472,6
4403,Mycolicibacterium_baixiangningiae,1084,1090,6
4404,Mycolicibacterium_baixiangningiae,1091,1097,6
4405,Mycolicibacterium_baixiangningiae,1101,1110,9
4406,Mycolicibacterium_baixiangningiae,1116,1129,13
4407,Mycolicibacterium_baixiangningiae,1136,1139,3
4408,Mycolicibacterium_baixiangningiae,1140,1146,6
4409,Mycolicibacterium_baixiangningiae,1152,1158,6
4410,Mycolicibacterium_baixiangningiae,1159,1165,6
4411,Mycolicibacterium_baixiangningiae,1167,1170,3
4412,Mycolicibacterium_baixiangningiae,1224,1236,12
4413,Mycolicibacterium_baixiangningiae,1239,1248,9
4414,Mycolicibacterium_baixiangningiae,1251,1257,6
4415,Mycolicibacterium_baixiangningiae,1266,1269,3
4416,Mycolicibacterium_baixiangningiae,1847,1853,6
4417,Mycolicibacterium_baixiangningiae,1854,1863,9
4418,Mycolicibacterium_baixiangningiae,1865,1874,9
4419,Mycolicibacterium_baixiangningiae,1881,1883,2
4420,Mycolicibacterium_baixiangningiae,1885,1888,3
4421,Mycolicibacterium_baixiangningiae,1890,1898,8
4422,Mycolicibacterium_baixiangningiae,1902,1914,12
4423,Mycolicibacterium_baixiangningiae,1915,1925,10
4424,Mycolicibacterium_baixiangningiae,1931,1937,6
4425,Mycolicibacterium_baixiangningiae,2085,2086,1
4426,Mycolicibacterium_baixiangningiae,2699,2700,1
4427,Mycolicibacterium_baixiangningiae,3115,3136,21
4428,Mycolicibacterium_baixiangningiae,3140,3146,6
4429,Mycolicibacterium_baixiangningiae,3154,3178,24
4430,Mycolicibacterium_novocastrense,1,65,64
4431,Mycolicibacterium_novocastrense,93,162,69
4432,Mycolicibacterium_novocastrense,169,175,6
4433,Mycolicibacterium_novocastrense,326,329,3
4434,Mycolicibacterium_novocastrense,334,337,3
4435,Mycolicibacterium_novocastrense,339,351,12
4436,Mycolicibacterium_novocastrense,466,472,6
4437,Mycolicibacterium_novocastrense,1091,1097,6
4438,Mycolicibacterium_novocastrense,1101,1110,9
4439,Mycolicibacterium_novocastrense,1116,1129,13
4440,Mycolicibacterium_novocastrense,1136,1139,3
4441,Mycolicibacterium_novocastrense,1140,1146,6
4442,Mycolicibacterium_novocastrense,1147,1150,3
4443,Mycolicibacterium_novocastrense,1152,1158,6
4444,Mycolicibacterium_novocastrense,1159,1165,6
4445,Mycolicibacterium_novocastrense,1167,1170,3
4446,Mycolicibacterium_novocastrense,1224,1236,12
4447,Mycolicibacterium_novocastrense,1239,1248,9
4448,Mycolicibacterium_novocastrense,1251,1257,6
4449,Mycolicibacterium_novocastrense,1266,1269,3
4450,Mycolicibacterium_novocastrense,1847,1853,6
4451,Mycolicibacterium_novocastrense,1854,1863,9
4452,Mycolicibacterium_novocastrense,1865,1874,9
4453,Mycolicibacterium_novocastrense,1881,1883,2
4454,Mycolicibacterium_novocastrense,1885,1888,3
4455,Mycolicibacterium_novocastrense,1890,1898,8
4456,Mycolicibacterium_novocastrense,1902,1914,12
4457,Mycolicibacterium_novocastrense,1915,1925,10
4458,Mycolicibacterium_novocastrense,1931,1937,6
4459,Mycolicibacterium_novocastrense,2085,2086,1
4460,Mycolicibacterium_novocastrense,2699,2700,1
4461,Mycolicibacterium_novocastrense,3115,3151,36
4462,Mycolicibacterium_novocastrense,3154,3178,24
4463,Mycolicibacterium_iranicum,1,49,48
4464,Mycolicibacterium_iranicum,57,58,1
4465,Mycolicibacterium_iranicum,92,164,72
4466,Mycolicibacterium_iranicum,169,175,6
4467,Mycolicibacterium_iranicum,326,329,3
4468,Mycolicibacterium_iranicum,334,337,3
4469,Mycolicibacterium_iranicum,339,351,12
4470,Mycolicibacterium_iranicum,466,472,6
4471,Mycolicibacterium_iranicum,1084,1090,6
4472,Mycolicibacterium_iranicum,1091,1097,6
4473,Mycolicibacterium_iranicum,1101,1110,9
4474,Mycolicibacterium_iranicum,1116,1129,13
4475,Mycolicibacterium_iranicum,1136,1139,3
4476,Mycolicibacterium_iranicum,1140,1146,6
4477,Mycolicibacterium_iranicum,1152,1158,6
4478,Mycolicibacterium_iranicum,1159,1165,6
4479,Mycolicibacterium_iranicum,1167,1170,3
4480,Mycolicibacterium_iranicum,1224,1236,12
4481,Mycolicibacterium_iranicum,1239,1248,9
4482,Mycolicibacterium_iranicum,1251,1257,6
4483,Mycolicibacterium_iranicum,1266,1269,3
4484,Mycolicibacterium_iranicum,1847,1853,6
4485,Mycolicibacterium_iranicum,1854,1863,9
4486,Mycolicibacterium_iranicum,1865,1874,9
4487,Mycolicibacterium_iranicum,1881,1883,2
4488,Mycolicibacterium_iranicum,1885,1888,3
4489,Mycolicibacterium_iranicum,1890,1898,8
4490,Mycolicibacterium_iranicum,1902,1914,12
4491,Mycolicibacterium_iranicum,1915,1925,10
4492,Mycolicibacterium_iranicum,1931,1937,6
4493,Mycolicibacterium_iranicum,2085,2086,1
4494,Mycolicibacterium_iranicum,2699,2700,1
4495,Mycolicibacterium_iranicum,3115,3136,21
4496,Mycolicibacterium_iranicum,3140,3146,6
4497,Mycolicibacterium_iranicum,3154,3178,24
4498,Mycolicibacterium_houstonense,4,27,23
4499,Mycolicibacterium_houstonense,48,49,1
4500,Mycolicibacterium_houstonense,57,58,1
4501,Mycolicibacterium_houstonense,93,105,12
4502,Mycolicibacterium_houstonense,108,162,54
4503,Mycolicibacterium_houstonense,169,175,6
4504,Mycolicibacterium_houstonense,326,329,3
4505,Mycolicibacterium_houstonense,334,337,3
4506,Mycolicibacterium_houstonense,339,351,12
4507,Mycolicibacterium_houstonense,466,472,6
4508,Mycolicibacterium_houstonense,1084,1090,6
4509,Mycolicibacterium_houstonense,1091,1097,6
4510,Mycolicibacterium_houstonense,1101,1110,9
4511,Mycolicibacterium_houstonense,1116,1129,13
4512,Mycolicibacterium_houstonense,1136,1139,3
4513,Mycolicibacterium_houstonense,1140,1146,6
4514,Mycolicibacterium_houstonense,1152,1158,6
4515,Mycolicibacterium_houstonense,1159,1165,6
4516,Mycolicibacterium_houstonense,1167,1170,3
4517,Mycolicibacterium_houstonense,1224,1236,12
4518,Mycolicibacterium_houstonense,1239,1248,9
4519,Mycolicibacterium_houstonense,1251,1257,6
4520,Mycolicibacterium_houstonense,1266,1269,3
4521,Mycolicibacterium_houstonense,1847,1853,6
4522,Mycolicibacterium_houstonense,1854,1863,9
4523,Mycolicibacterium_houstonense,1865,1874,9
4524,Mycolicibacterium_houstonense,1881,1883,2
4525,Mycolicibacterium_houstonense,1885,1888,3
4526,Mycolicibacterium_houstonense,1890,1898,8
4527,Mycolicibacterium_houstonense,1902,1914,12
4528,Mycolicibacterium_houstonense,1915,1925,10
4529,Mycolicibacterium_houstonense,1931,1937,6
4530,Mycolicibacterium_houstonense,2085,2086,1
4531,Mycolicibacterium_houstonense,2699,2700,1
4532,Mycolicibacterium_houstonense,3115,3136,21
4533,Mycolicibacterium_houstonense,3140,3146,6
4534,Mycolicibacterium_houstonense,3154,3178,24
4535,Mycolicibacterium_goodii,1,45,44
4536,Mycolicibacterium_goodii,48,49,1
4537,Mycolicibacterium_goodii,57,58,1
4538,Mycolicibacterium_goodii,93,162,69
4539,Mycolicibacterium_goodii,169,175,6
4540,Mycolicibacterium_goodii,326,329,3
4541,Mycolicibacterium_goodii,334,337,3
4542,Mycolicibacterium_goodii,339,351,12
4543,Mycolicibacterium_goodii,466,472,6
4544,Mycolicibacterium_goodii,1084,1090,6
4545,Mycolicibacterium_goodii,1091,1097,6
4546,Mycolicibacterium_goodii,1101,1110,9
4547,Mycolicibacterium_goodii,1116,1129,13
4548,Mycolicibacterium_goodii,1136,1139,3
4549,Mycolicibacterium_goodii,1140,1146,6
4550,Mycolicibacterium_goodii,1152,1158,6
4551,Mycolicibacterium_goodii,1159,1165,6
4552,Mycolicibacterium_goodii,1167,1170,3
4553,Mycolicibacterium_goodii,1224,1236,12
4554,Mycolicibacterium_goodii,1239,1248,9
4555,Mycolicibacterium_goodii,1251,1257,6
4556,Mycolicibacterium_goodii,1266,1269,3
4557,Mycolicibacterium_goodii,1847,1853,6
4558,Mycolicibacterium_goodii,1854,1863,9
4559,Mycolicibacterium_goodii,1865,1874,9
4560,Mycolicibacterium_goodii,1881,1883,2
4561,Mycolicibacterium_goodii,1885,1888,3
4562,Mycolicibacterium_goodii,1890,1898,8
4563,Mycolicibacterium_goodii,1902,1914,12
4564,Mycolicibacterium_goodii,1915,1925,10
4565,Mycolicibacterium_goodii,1931,1937,6
4566,Mycolicibacterium_goodii,2085,2086,1
4567,Mycolicibacterium_goodii,2699,2700,1
4568,Mycolicibacterium_goodii,3115,3136,21
4569,Mycolicibacterium_goodii,3140,3146,6
4570,Mycolicibacterium_goodii,3154,3178,24
4571,Mycolicibacterium_farcinogenes,1,45,44
4572,Mycolicibacterium_farcinogenes,48,49,1
4573,Mycolicibacterium_farcinogenes,57,58,1
4574,Mycolicibacterium_farcinogenes,93,105,12
4575,Mycolicibacterium_farcinogenes,108,162,54
4576,Mycolicibacterium_farcinogenes,169,175,6
4577,Mycolicibacterium_farcinogenes,326,329,3
4578,Mycolicibacterium_farcinogenes,334,337,3
4579,Mycolicibacterium_farcinogenes,339,351,12
4580,Mycolicibacterium_farcinogenes,466,472,6
4581,Mycolicibacterium_farcinogenes,1084,1090,6
4582,Mycolicibacterium_farcinogenes,1091,1097,6
4583,Mycolicibacterium_farcinogenes,1101,1110,9
4584,Mycolicibacterium_farcinogenes,1116,1129,13
4585,Mycolicibacterium_farcinogenes,1136,1139,3
4586,Mycolicibacterium_farcinogenes,1140,1146,6
4587,Mycolicibacterium_farcinogenes,1152,1158,6
4588,Mycolicibacterium_farcinogenes,1159,1165,6
4589,Mycolicibacterium_farcinogenes,1167,1170,3
4590,Mycolicibacterium_farcinogenes,1224,1236,12
4591,Mycolicibacterium_farcinogenes,1239,1248,9
4592,Mycolicibacterium_farcinogenes,1251,1257,6
4593,Mycolicibacterium_farcinogenes,1266,1269,3
4594,Mycolicibacterium_farcinogenes,1847,1853,6
4595,Mycolicibacterium_farcinogenes,1854,1863,9
4596,Mycolicibacterium_farcinogenes,1865,1874,9
4597,Mycolicibacterium_farcinogenes,1881,1883,2
4598,Mycolicibacterium_farcinogenes,1885,1888,3
4599,Mycolicibacterium_farcinogenes,1890,1898,8
4600,Mycolicibacterium_farcinogenes,1902,1914,12
4601,Mycolicibacterium_farcinogenes,1915,1925,10
4602,Mycolicibacterium_farcinogenes,1931,1937,6
4603,Mycolicibacterium_farcinogenes,2085,2086,1
4604,Mycolicibacterium_farcinogenes,2699,2700,1
4605,Mycolicibacterium_farcinogenes,3115,3136,21
4606,Mycolicibacterium_farcinogenes,3140,3146,6
4607,Mycolicibacterium_farcinogenes,3154,3178,24
4608,Mycolicibacterium_malmesburyense,1,45,44
4609,Mycolicibacterium_malmesburyense,48,49,1
4610,Mycolicibacterium_malmesburyense,57,58,1
4611,Mycolicibacterium_malmesburyense,93,162,69
4612,Mycolicibacterium_malmesburyense,169,175,6
4613,Mycolicibacterium_malmesburyense,326,329,3
4614,Mycolicibacterium_malmesburyense,334,337,3
4615,Mycolicibacterium_malmesburyense,339,351,12
4616,Mycolicibacterium_malmesburyense,466,472,6
4617,Mycolicibacterium_malmesburyense,1091,1097,6
4618,Mycolicibacterium_malmesburyense,1101,1110,9
4619,Mycolicibacterium_malmesburyense,1116,1129,13
4620,Mycolicibacterium_malmesburyense,1136,1139,3
4621,Mycolicibacterium_malmesburyense,1140,1146,6
4622,Mycolicibacterium_malmesburyense,1147,1150,3
4623,Mycolicibacterium_malmesburyense,1152,1158,6
4624,Mycolicibacterium_malmesburyense,1159,1165,6
4625,Mycolicibacterium_malmesburyense,1167,1170,3
4626,Mycolicibacterium_malmesburyense,1224,1236,12
4627,Mycolicibacterium_malmesburyense,1239,1248,9
4628,Mycolicibacterium_malmesburyense,1251,1257,6
4629,Mycolicibacterium_malmesburyense,1266,1269,3
4630,Mycolicibacterium_malmesburyense,1847,1853,6
4631,Mycolicibacterium_malmesburyense,1854,1863,9
4632,Mycolicibacterium_malmesburyense,1865,1874,9
4633,Mycolicibacterium_malmesburyense,1881,1883,2
4634,Mycolicibacterium_malmesburyense,1885,1888,3
4635,Mycolicibacterium_malmesburyense,1890,1898,8
4636,Mycolicibacterium_malmesburyense,1902,1914,12
4637,Mycolicibacterium_malmesburyense,1915,1925,10
4638,Mycolicibacterium_malmesburyense,1931,1937,6
4639,Mycolicibacterium_malmesburyense,2085,2086,1
4640,Mycolicibacterium_malmesburyense,2699,2700,1
4641,Mycolicibacterium_malmesburyense,3115,3151,36
4642,Mycolicibacterium_malmesburyense,3154,3178,24
4643,Mycolicibacillus_trivialis,1,49,48
4644,Mycolicibacillus_trivialis,57,58,1
4645,Mycolicibacillus_trivialis,98,161,63
4646,Mycolicibacillus_trivialis,169,175,6
4647,Mycolicibacillus_trivialis,326,329,3
4648,Mycolicibacillus_trivialis,334,337,3
4649,Mycolicibacillus_trivialis,339,351,12
4650,Mycolicibacillus_trivialis,466,472,6
4651,Mycolicibacillus_trivialis,1084,1090,6
4652,Mycolicibacillus_trivialis,1091,1097,6
4653,Mycolicibacillus_trivialis,1101,1110,9
4654,Mycolicibacillus_trivialis,1116,1129,13
4655,Mycolicibacillus_trivialis,1136,1139,3
4656,Mycolicibacillus_trivialis,1140,1164,24
4657,Mycolicibacillus_trivialis,1167,1170,3
4658,Mycolicibacillus_trivialis,1224,1236,12
4659,Mycolicibacillus_trivialis,1239,1248,9
4660,Mycolicibacillus_trivialis,1251,1257,6
4661,Mycolicibacillus_trivialis,1265,1268,3
4662,Mycolicibacillus_trivialis,1847,1853,6
4663,Mycolicibacillus_trivialis,1854,1863,9
4664,Mycolicibacillus_trivialis,1865,1874,9
4665,Mycolicibacillus_trivialis,1881,1883,2
4666,Mycolicibacillus_trivialis,1885,1888,3
4667,Mycolicibacillus_trivialis,1890,1898,8
4668,Mycolicibacillus_trivialis,1902,1914,12
4669,Mycolicibacillus_trivialis,1915,1925,10
4670,Mycolicibacillus_trivialis,1931,1937,6
4671,Mycolicibacillus_trivialis,2085,2086,1
4672,Mycolicibacillus_trivialis,2699,2700,1
4673,Mycolicibacillus_trivialis,3115,3136,21
4674,Mycolicibacillus_trivialis,3140,3146,6
4675,Mycolicibacillus_trivialis,3154,3178,24
4676,Mycolicibacterium_phlei,1,45,44
4677,Mycolicibacterium_phlei,48,49,1
4678,Mycolicibacterium_phlei,57,58,1
4679,Mycolicibacterium_phlei,93,162,69
4680,Mycolicibacterium_phlei,169,175,6
4681,Mycolicibacterium_phlei,326,329,3
4682,Mycolicibacterium_phlei,334,337,3
4683,Mycolicibacterium_phlei,339,351,12
4684,Mycolicibacterium_phlei,466,472,6
4685,Mycolicibacterium_phlei,1084,1090,6
4686,Mycolicibacterium_phlei,1091,1097,6
4687,Mycolicibacterium_phlei,1101,1110,9
4688,Mycolicibacterium_phlei,1116,1129,13
4689,Mycolicibacterium_phlei,1136,1139,3
4690,Mycolicibacterium_phlei,1140,1146,6
4691,Mycolicibacterium_phlei,1152,1158,6
4692,Mycolicibacterium_phlei,1159,1165,6
4693,Mycolicibacterium_phlei,1167,1170,3
4694,Mycolicibacterium_phlei,1224,1236,12
4695,Mycolicibacterium_phlei,1239,1248,9
4696,Mycolicibacterium_phlei,1251,1257,6
4697,Mycolicibacterium_phlei,1266,1269,3
4698,Mycolicibacterium_phlei,1847,1853,6
4699,Mycolicibacterium_phlei,1854,1863,9
4700,Mycolicibacterium_phlei,1865,1874,9
4701,Mycolicibacterium_phlei,1881,1883,2
4702,Mycolicibacterium_phlei,1885,1888,3
4703,Mycolicibacterium_phlei,1890,1898,8
4704,Mycolicibacterium_phlei,1902,1914,12
4705,Mycolicibacterium_phlei,1915,1925,10
4706,Mycolicibacterium_phlei,1931,1937,6
4707,Mycolicibacterium_phlei,2085,2086,1
4708,Mycolicibacterium_phlei,2699,2700,1
4709,Mycolicibacterium_phlei,3115,3151,36
4710,Mycolicibacterium_phlei,3154,3178,24
4711,Mycolicibacterium_conceptionense,1,45,44
4712,Mycolicibacterium_conceptionense,48,49,1
4713,Mycolicibacterium_conceptionense,57,58,1
4714,Mycolicibacterium_conceptionense,93,105,12
4715,Mycolicibacterium_conceptionense,108,162,54
4716,Mycolicibacterium_conceptionense,169,175,6
4717,Mycolicibacterium_conceptionense,326,329,3
4718,Mycolicibacterium_conceptionense,334,337,3
4719,Mycolicibacterium_conceptionense,339,351,12
4720,Mycolicibacterium_conceptionense,466,472,6
4721,Mycolicibacterium_conceptionense,1084,1090,6
4722,Mycolicibacterium_conceptionense,1091,1097,6
4723,Mycolicibacterium_conceptionense,1101,1110,9
4724,Mycolicibacterium_conceptionense,1116,1129,13
4725,Mycolicibacterium_conceptionense,1136,1139,3
4726,Mycolicibacterium_conceptionense,1140,1146,6
4727,Mycolicibacterium_conceptionense,1152,1158,6
4728,Mycolicibacterium_conceptionense,1159,1165,6
4729,Mycolicibacterium_conceptionense,1167,1170,3
4730,Mycolicibacterium_conceptionense,1224,1236,12
4731,Mycolicibacterium_conceptionense,1239,1248,9
4732,Mycolicibacterium_conceptionense,1251,1257,6
4733,Mycolicibacterium_conceptionense,1266,1269,3
4734,Mycolicibacterium_conceptionense,1847,1853,6
4735,Mycolicibacterium_conceptionense,1854,1863,9
4736,Mycolicibacterium_conceptionense,1865,1874,9
4737,Mycolicibacterium_conceptionense,1881,1883,2
4738,Mycolicibacterium_conceptionense,1885,1888,3
4739,Mycolicibacterium_conceptionense,1890,1898,8
4740,Mycolicibacterium_conceptionense,1902,1914,12
4741,Mycolicibacterium_conceptionense,1915,1925,10
4742,Mycolicibacterium_conceptionense,1931,1937,6
4743,Mycolicibacterium_conceptionense,2085,2086,1
4744,Mycolicibacterium_conceptionense,2699,2700,1
4745,Mycolicibacterium_conceptionense,3115,3136,21
4746,Mycolicibacterium_conceptionense,3140,3146,6
4747,Mycolicibacterium_conceptionense,3154,3178,24
4748,Mycolicibacterium_brumae,1,45,44
4749,Mycolicibacterium_brumae,48,49,1
4750,Mycolicibacterium_brumae,57,58,1
4751,Mycolicibacterium_brumae,92,164,72
4752,Mycolicibacterium_brumae,169,175,6
4753,Mycolicibacterium_brumae,178,181,3
4754,Mycolicibacterium_brumae,326,329,3
4755,Mycolicibacterium_brumae,339,351,12
4756,Mycolicibacterium_brumae,466,472,6
4757,Mycolicibacterium_brumae,1084,1090,6
4758,Mycolicibacterium_brumae,1091,1097,6
4759,Mycolicibacterium_brumae,1101,1110,9
4760,Mycolicibacterium_brumae,1116,1129,13
4761,Mycolicibacterium_brumae,1140,1146,6
4762,Mycolicibacterium_brumae,1152,1158,6
4763,Mycolicibacterium_brumae,1159,1165,6
4764,Mycolicibacterium_brumae,1224,1236,12
4765,Mycolicibacterium_brumae,1239,1248,9
4766,Mycolicibacterium_brumae,1251,1257,6
4767,Mycolicibacterium_brumae,1266,1269,3
4768,Mycolicibacterium_brumae,1847,1853,6
4769,Mycolicibacterium_brumae,1854,1863,9
4770,Mycolicibacterium_brumae,1865,1874,9
4771,Mycolicibacterium_brumae,1881,1883,2
4772,Mycolicibacterium_brumae,1885,1888,3
4773,Mycolicibacterium_brumae,1896,1898,2
4774,Mycolicibacterium_brumae,1902,1914,12
4775,Mycolicibacterium_brumae,1918,1925,7
4776,Mycolicibacterium_brumae,1931,1937,6
4777,Mycolicibacterium_brumae,2085,2086,1
4778,Mycolicibacterium_brumae,2699,2700,1
4779,Mycolicibacterium_brumae,3115,3136,21
4780,Mycolicibacterium_brumae,3140,3146,6
4781,Mycolicibacterium_brumae,3154,3175,21
4782,Mycolicibacter_virginiensis,1,45,44
4783,Mycolicibacter_virginiensis,48,49,1
4784,Mycolicibacter_virginiensis,57,58,1
4785,Mycolicibacter_virginiensis,98,104,6
4786,Mycolicibacter_virginiensis,108,144,36
4787,Mycolicibacter_virginiensis,157,163,6
4788,Mycolicibacter_virginiensis,169,175,6
4789,Mycolicibacter_virginiensis,334,337,3
4790,Mycolicibacter_virginiensis,341,356,15
4791,Mycolicibacter_virginiensis,466,472,6
4792,Mycolicibacter_virginiensis,1084,1090,6
4793,Mycolicibacter_virginiensis,1091,1097,6
4794,Mycolicibacter_virginiensis,1106,1110,4
4795,Mycolicibacter_virginiensis,1116,1122,6
4796,Mycolicibacter_virginiensis,1136,1139,3
4797,Mycolicibacter_virginiensis,1140,1170,30
4798,Mycolicibacter_virginiensis,1239,1248,9
4799,Mycolicibacter_virginiensis,1251,1257,6
4800,Mycolicibacter_virginiensis,1847,1853,6
4801,Mycolicibacter_virginiensis,1854,1863,9
4802,Mycolicibacter_virginiensis,1865,1874,9
4803,Mycolicibacter_virginiensis,1881,1883,2
4804,Mycolicibacter_virginiensis,1885,1888,3
4805,Mycolicibacter_virginiensis,1890,1898,8
4806,Mycolicibacter_virginiensis,1902,1914,12
4807,Mycolicibacter_virginiensis,1915,1925,10
4808,Mycolicibacter_virginiensis,1931,1937,6
4809,Mycolicibacter_virginiensis,2085,2086,1
4810,Mycolicibacter_virginiensis,2699,2700,1
4811,Mycolicibacter_virginiensis,3115,3136,21
4812,Mycolicibacter_virginiensis,3140,3146,6
4813,Mycolicibacter_virginiensis,3154,3178,24
4814,Mycolicibacterium_flavescens,17,19,2
4815,Mycolicibacterium_flavescens,48,49,1
4816,Mycolicibacterium_flavescens,57,58,1
4817,Mycolicibacterium_flavescens,93,162,69
4818,Mycolicibacterium_flavescens,169,175,6
4819,Mycolicibacterium_flavescens,326,329,3
4820,Mycolicibacterium_flavescens,334,337,3
4821,Mycolicibacterium_flavescens,339,351,12
4822,Mycolicibacterium_flavescens,466,472,6
4823,Mycolicibacterium_flavescens,1091,1097,6
4824,Mycolicibacterium_flavescens,1101,1110,9
4825,Mycolicibacterium_flavescens,1116,1129,13
4826,Mycolicibacterium_flavescens,1136,1139,3
4827,Mycolicibacterium_flavescens,1140,1146,6
4828,Mycolicibacterium_flavescens,1147,1150,3
4829,Mycolicibacterium_flavescens,1152,1158,6
4830,Mycolicibacterium_flavescens,1159,1165,6
4831,Mycolicibacterium_flavescens,1167,1170,3
4832,Mycolicibacterium_flavescens,1224,1236,12
4833,Mycolicibacterium_flavescens,1239,1248,9
4834,Mycolicibacterium_flavescens,1251,1257,6
4835,Mycolicibacterium_flavescens,1266,1269,3
4836,Mycolicibacterium_flavescens,1847,1853,6
4837,Mycolicibacterium_flavescens,1854,1863,9
4838,Mycolicibacterium_flavescens,1865,1874,9
4839,Mycolicibacterium_flavescens,1881,1883,2
4840,Mycolicibacterium_flavescens,1885,1888,3
4841,Mycolicibacterium_flavescens,1890,1898,8
4842,Mycolicibacterium_flavescens,1902,1914,12
4843,Mycolicibacterium_flavescens,1915,1925,10
4844,Mycolicibacterium_flavescens,1931,1937,6
4845,Mycolicibacterium_flavescens,2085,2086,1
4846,Mycolicibacterium_flavescens,2699,2700,1
4847,Mycolicibacterium_flavescens,3115,3151,36
4848,Mycolicibacterium_flavescens,3154,3178,24
4849,Mycolicibacterium_insubricum,1,40,39
4850,Mycolicibacterium_insubricum,48,49,1
4851,Mycolicibacterium_insubricum,92,164,72
4852,Mycolicibacterium_insubricum,169,175,6
4853,Mycolicibacterium_insubricum,326,329,3
4854,Mycolicibacterium_insubricum,339,351,12
4855,Mycolicibacterium_insubricum,466,472,6
4856,Mycolicibacterium_insubricum,1084,1090,6
4857,Mycolicibacterium_insubricum,1091,1097,6
4858,Mycolicibacterium_insubricum,1101,1110,9
4859,Mycolicibacterium_insubricum,1116,1129,13
4860,Mycolicibacterium_insubricum,1136,1139,3
4861,Mycolicibacterium_insubricum,1140,1146,6
4862,Mycolicibacterium_insubricum,1152,1158,6
4863,Mycolicibacterium_insubricum,1159,1165,6
4864,Mycolicibacterium_insubricum,1167,1170,3
4865,Mycolicibacterium_insubricum,1224,1236,12
4866,Mycolicibacterium_insubricum,1239,1248,9
4867,Mycolicibacterium_insubricum,1251,1257,6
4868,Mycolicibacterium_insubricum,1266,1269,3
4869,Mycolicibacterium_insubricum,1847,1853,6
4870,Mycolicibacterium_insubricum,1854,1863,9
4871,Mycolicibacterium_insubricum,1865,1874,9
4872,Mycolicibacterium_insubricum,1881,1883,2
4873,Mycolicibacterium_insubricum,1885,1888,3
4874,Mycolicibacterium_insubricum,1890,1898,8
4875,Mycolicibacterium_insubricum,1902,1914,12
4876,Mycolicibacterium_insubricum,1915,1925,10
4877,Mycolicibacterium_insubricum,1931,1937,6
4878,Mycolicibacterium_insubricum,2085,2086,1
4879,Mycolicibacterium_insubricum,2699,2700,1
4880,Mycolicibacterium_insubricum,3115,3151,36
4881,Mycolicibacterium_insubricum,3154,3178,24
4882,Mycolicibacterium_confluentis,1,45,44
4883,Mycolicibacterium_confluentis,48,49,1
4884,Mycolicibacterium_confluentis,57,58,1
4885,Mycolicibacterium_confluentis,93,162,69
4886,Mycolicibacterium_confluentis,169,175,6
4887,Mycolicibacterium_confluentis,326,329,3
4888,Mycolicibacterium_confluentis,334,337,3
4889,Mycolicibacterium_confluentis,339,351,12
4890,Mycolicibacterium_confluentis,466,472,6
4891,Mycolicibacterium_confluentis,1084,1090,6
4892,Mycolicibacterium_confluentis,1091,1097,6
4893,Mycolicibacterium_confluentis,1101,1110,9
4894,Mycolicibacterium_confluentis,1116,1129,13
4895,Mycolicibacterium_confluentis,1136,1139,3
4896,Mycolicibacterium_confluentis,1140,1146,6
4897,Mycolicibacterium_confluentis,1152,1158,6
4898,Mycolicibacterium_confluentis,1159,1165,6
4899,Mycolicibacterium_confluentis,1167,1170,3
4900,Mycolicibacterium_confluentis,1239,1248,9
4901,Mycolicibacterium_confluentis,1251,1257,6
4902,Mycolicibacterium_confluentis,1847,1853,6
4903,Mycolicibacterium_confluentis,1854,1863,9
4904,Mycolicibacterium_confluentis,1865,1874,9
4905,Mycolicibacterium_confluentis,1881,1883,2
4906,Mycolicibacterium_confluentis,1885,1888,3
4907,Mycolicibacterium_confluentis,1890,1898,8
4908,Mycolicibacterium_confluentis,1902,1914,12
4909,Mycolicibacterium_confluentis,1915,1925,10
4910,Mycolicibacterium_confluentis,1931,1937,6
4911,Mycolicibacterium_confluentis,2085,2086,1
4912,Mycolicibacterium_confluentis,2699,2700,1
4913,Mycolicibacterium_confluentis,3115,3136,21
4914,Mycolicibacterium_confluentis,3140,3146,6
4915,Mycolicibacterium_confluentis,3154,3178,24
4916,Mycolicibacterium_anyangense,1,45,44
4917,Mycolicibacterium_anyangense,48,49,1
4918,Mycolicibacterium_anyangense,57,58,1
4919,Mycolicibacterium_anyangense,92,164,72
4920,Mycolicibacterium_anyangense,169,175,6
4921,Mycolicibacterium_anyangense,326,329,3
4922,Mycolicibacterium_anyangense,334,337,3
4923,Mycolicibacterium_anyangense,339,351,12
4924,Mycolicibacterium_anyangense,466,472,6
4925,Mycolicibacterium_anyangense,1084,1090,6
4926,Mycolicibacterium_anyangense,1091,1097,6
4927,Mycolicibacterium_anyangense,1101,1110,9
4928,Mycolicibacterium_anyangense,1116,1129,13
4929,Mycolicibacterium_anyangense,1136,1139,3
4930,Mycolicibacterium_anyangense,1140,1146,6
4931,Mycolicibacterium_anyangense,1152,1158,6
4932,Mycolicibacterium_anyangense,1159,1165,6
4933,Mycolicibacterium_anyangense,1167,1170,3
4934,Mycolicibacterium_anyangense,1224,1236,12
4935,Mycolicibacterium_anyangense,1239,1248,9
4936,Mycolicibacterium_anyangense,1251,1257,6
4937,Mycolicibacterium_anyangense,1266,1269,3
4938,Mycolicibacterium_anyangense,1847,1853,6
4939,Mycolicibacterium_anyangense,1854,1863,9
4940,Mycolicibacterium_anyangense,1865,1874,9
4941,Mycolicibacterium_anyangense,1881,1883,2
4942,Mycolicibacterium_anyangense,1885,1888,3
4943,Mycolicibacterium_anyangense,1890,1898,8
4944,Mycolicibacterium_anyangense,1902,1914,12
4945,Mycolicibacterium_anyangense,1915,1925,10
4946,Mycolicibacterium_anyangense,1931,1937,6
4947,Mycolicibacterium_anyangense,2085,2086,1
4948,Mycolicibacterium_anyangense,2699,2700,1
4949,Mycolicibacterium_anyangense,3115,3151,36
4950,Mycolicibacterium_anyangense,3154,3178,24
4951,Mycolicibacterium_acetamidolyticum,1,45,44
4952,Mycolicibacterium_acetamidolyticum,48,49,1
4953,Mycolicibacterium_acetamidolyticum,57,58,1
4954,Mycolicibacterium_acetamidolyticum,93,105,12
4955,Mycolicibacterium_acetamidolyticum,108,162,54
4956,Mycolicibacterium_acetamidolyticum,169,175,6
4957,Mycolicibacterium_acetamidolyticum,326,329,3
4958,Mycolicibacterium_acetamidolyticum,334,337,3
4959,Mycolicibacterium_acetamidolyticum,339,351,12
4960,Mycolicibacterium_acetamidolyticum,466,472,6
4961,Mycolicibacterium_acetamidolyticum,1084,1090,6
4962,Mycolicibacterium_acetamidolyticum,1091,1097,6
4963,Mycolicibacterium_acetamidolyticum,1101,1110,9
4964,Mycolicibacterium_acetamidolyticum,1116,1129,13
4965,Mycolicibacterium_acetamidolyticum,1136,1139,3
4966,Mycolicibacterium_acetamidolyticum,1140,1146,6
4967,Mycolicibacterium_acetamidolyticum,1152,1158,6
4968,Mycolicibacterium_acetamidolyticum,1159,1165,6
4969,Mycolicibacterium_acetamidolyticum,1167,1170,3
4970,Mycolicibacterium_acetamidolyticum,1224,1236,12
4971,Mycolicibacterium_acetamidolyticum,1239,1248,9
4972,Mycolicibacterium_acetamidolyticum,1251,1257,6
4973,Mycolicibacterium_acetamidolyticum,1266,1269,3
4974,Mycolicibacterium_acetamidolyticum,1847,1853,6
4975,Mycolicibacterium_acetamidolyticum,1854,1863,9
4976,Mycolicibacterium_acetamidolyticum,1865,1874,9
4977,Mycolicibacterium_acetamidolyticum,1881,1883,2
4978,Mycolicibacterium_acetamidolyticum,1885,1888,3
4979,Mycolicibacterium_acetamidolyticum,1890,1898,8
4980,Mycolicibacterium_acetamidolyticum,1902,1914,12
4981,Mycolicibacterium_acetamidolyticum,1915,1925,10
4982,Mycolicibacterium_acetamidolyticum,1931,1937,6
4983,Mycolicibacterium_acetamidolyticum,2085,2086,1
4984,Mycolicibacterium_acetamidolyticum,2699,2700,1
4985,Mycolicibacterium_acetamidolyticum,3115,3136,21
4986,Mycolicibacterium_acetamidolyticum,3140,3146,6
4987,Mycolicibacterium_acetamidolyticum,3154,3178,24
4988,Mycolicibacterium_hassiacum,1,45,44
4989,Mycolicibacterium_hassiacum,48,49,1
4990,Mycolicibacterium_hassiacum,57,58,1
4991,Mycolicibacterium_hassiacum,93,105,12
4992,Mycolicibacterium_hassiacum,108,162,54
4993,Mycolicibacterium_hassiacum,169,175,6
4994,Mycolicibacterium_hassiacum,326,329,3
4995,Mycolicibacterium_hassiacum,334,337,3
4996,Mycolicibacterium_hassiacum,339,351,12
4997,Mycolicibacterium_hassiacum,466,472,6
4998,Mycolicibacterium_hassiacum,1084,1090,6
4999,Mycolicibacterium_hassiacum,1091,1097,6
5000,Mycolicibacterium_hassiacum,1101,1110,9
5001,Mycolicibacterium_hassiacum,1116,1129,13
5002,Mycolicibacterium_hassiacum,1136,1139,3
5003,Mycolicibacterium_hassiacum,1140,1146,6
5004,Mycolicibacterium_hassiacum,1152,1158,6
5005,Mycolicibacterium_hassiacum,1159,1165,6
5006,Mycolicibacterium_hassiacum,1167,1170,3
5007,Mycolicibacterium_hassiacum,1224,1236,12
5008,Mycolicibacterium_hassiacum,1239,1248,9
5009,Mycolicibacterium_hassiacum,1251,1257,6
5010,Mycolicibacterium_hassiacum,1266,1269,3
5011,Mycolicibacterium_hassiacum,1847,1853,6
5012,Mycolicibacterium_hassiacum,1854,1863,9
5013,Mycolicibacterium_hassiacum,1865,1874,9
5014,Mycolicibacterium_hassiacum,1881,1883,2
5015,Mycolicibacterium_hassiacum,1885,1888,3
5016,Mycolicibacterium_hassiacum,1890,1898,8
5017,Mycolicibacterium_hassiacum,1902,1914,12
5018,Mycolicibacterium_hassiacum,1915,1925,10
5019,Mycolicibacterium_hassiacum,1931,1937,6
5020,Mycolicibacterium_hassiacum,2085,2086,1
5021,Mycolicibacterium_hassiacum,2699,2700,1
5022,Mycolicibacterium_hassiacum,3115,3151,36
5023,Mycolicibacterium_hassiacum,3154,3178,24
5024,Mycolicibacterium_chitae,1,45,44
5025,Mycolicibacterium_chitae,48,49,1
5026,Mycolicibacterium_chitae,57,58,1
5027,Mycolicibacterium_chitae,93,162,69
5028,Mycolicibacterium_chitae,169,175,6
5029,Mycolicibacterium_chitae,326,329,3
5030,Mycolicibacterium_chitae,334,337,3
5031,Mycolicibacterium_chitae,339,351,12
5032,Mycolicibacterium_chitae,466,472,6
5033,Mycolicibacterium_chitae,1084,1090,6
5034,Mycolicibacterium_chitae,1091,1097,6
5035,Mycolicibacterium_chitae,1101,1110,9
5036,Mycolicibacterium_chitae,1116,1129,13
5037,Mycolicibacterium_chitae,1136,1139,3
5038,Mycolicibacterium_chitae,1140,1146,6
5039,Mycolicibacterium_chitae,1152,1158,6
5040,Mycolicibacterium_chitae,1159,1165,6
5041,Mycolicibacterium_chitae,1167,1170,3
5042,Mycolicibacterium_chitae,1224,1236,12
5043,Mycolicibacterium_chitae,1239,1248,9
5044,Mycolicibacterium_chitae,1251,1257,6
5045,Mycolicibacterium_chitae,1266,1269,3
5046,Mycolicibacterium_chitae,1847,1853,6
5047,Mycolicibacterium_chitae,1854,1863,9
5048,Mycolicibacterium_chitae,1865,1874,9
5049,Mycolicibacterium_chitae,1881,1883,2
5050,Mycolicibacterium_chitae,1885,1888,3
5051,Mycolicibacterium_chitae,1890,1898,8
5052,Mycolicibacterium_chitae,1902,1914,12
5053,Mycolicibacterium_chitae,1915,1925,10
5054,Mycolicibacterium_chitae,1931,1937,6
5055,Mycolicibacterium_chitae,2085,2086,1
5056,Mycolicibacterium_chitae,2699,2700,1
5057,Mycolicibacterium_chitae,3115,3136,21
5058,Mycolicibacterium_chitae,3140,3146,6
5059,Mycolicibacterium_chitae,3154,3178,24
5060,Mycolicibacterium_aichiense,1,45,44
5061,Mycolicibacterium_aichiense,48,49,1
5062,Mycolicibacterium_aichiense,57,58,1
5063,Mycolicibacterium_aichiense,92,164,72
5064,Mycolicibacterium_aichiense,169,175,6
5065,Mycolicibacterium_aichiense,326,329,3
5066,Mycolicibacterium_aichiense,334,337,3
5067,Mycolicibacterium_aichiense,339,351,12
5068,Mycolicibacterium_aichiense,466,472,6
5069,Mycolicibacterium_aichiense,1084,1090,6
5070,Mycolicibacterium_aichiense,1091,1097,6
5071,Mycolicibacterium_aichiense,1101,1110,9
5072,Mycolicibacterium_aichiense,1116,1129,13
5073,Mycolicibacterium_aichiense,1136,1139,3
5074,Mycolicibacterium_aichiense,1140,1146,6
5075,Mycolicibacterium_aichiense,1152,1158,6
5076,Mycolicibacterium_aichiense,1159,1165,6
5077,Mycolicibacterium_aichiense,1167,1170,3
5078,Mycolicibacterium_aichiense,1224,1236,12
5079,Mycolicibacterium_aichiense,1239,1248,9
5080,Mycolicibacterium_aichiense,1251,1257,6
5081,Mycolicibacterium_aichiense,1266,1269,3
5082,Mycolicibacterium_aichiense,1847,1853,6
5083,Mycolicibacterium_aichiense,1854,1863,9
5084,Mycolicibacterium_aichiense,1865,1874,9
5085,Mycolicibacterium_aichiense,1881,1883,2
5086,Mycolicibacterium_aichiense,1885,1888,3
5087,Mycolicibacterium_aichiense,1890,1898,8
5088,Mycolicibacterium_aichiense,1902,1914,12
5089,Mycolicibacterium_aichiense,1915,1925,10
5090,Mycolicibacterium_aichiense,1931,1937,6
5091,Mycolicibacterium_aichiense,2085,2086,1
5092,Mycolicibacterium_aichiense,2699,2700,1
5093,Mycolicibacterium_aichiense,3115,3136,21
5094,Mycolicibacterium_aichiense,3140,3146,6
5095,Mycolicibacterium_aichiense,3154,3178,24
5096,Mycobacterium_barrassiae,1,49,48
5097,Mycobacterium_barrassiae,57,58,1
5098,Mycobacterium_barrassiae,93,162,69
5099,Mycobacterium_barrassiae,169,175,6
5100,Mycobacterium_barrassiae,326,329,3
5101,Mycobacterium_barrassiae,339,351,12
5102,Mycobacterium_barrassiae,466,472,6
5103,Mycobacterium_barrassiae,1084,1090,6
5104,Mycobacterium_barrassiae,1091,1097,6
5105,Mycobacterium_barrassiae,1101,1110,9
5106,Mycobacterium_barrassiae,1116,1129,13
5107,Mycobacterium_barrassiae,1136,1139,3
5108,Mycobacterium_barrassiae,1140,1146,6
5109,Mycobacterium_barrassiae,1152,1158,6
5110,Mycobacterium_barrassiae,1159,1165,6
5111,Mycobacterium_barrassiae,1167,1170,3
5112,Mycobacterium_barrassiae,1224,1236,12
5113,Mycobacterium_barrassiae,1239,1248,9
5114,Mycobacterium_barrassiae,1251,1257,6
5115,Mycobacterium_barrassiae,1266,1269,3
5116,Mycobacterium_barrassiae,1847,1853,6
5117,Mycobacterium_barrassiae,1854,1863,9
5118,Mycobacterium_barrassiae,1865,1874,9
5119,Mycobacterium_barrassiae,1881,1883,2
5120,Mycobacterium_barrassiae,1885,1888,3
5121,Mycobacterium_barrassiae,1890,1898,8
5122,Mycobacterium_barrassiae,1902,1914,12
5123,Mycobacterium_barrassiae,1915,1925,10
5124,Mycobacterium_barrassiae,1931,1937,6
5125,Mycobacterium_barrassiae,2085,2086,1
5126,Mycobacterium_barrassiae,2699,2700,1
5127,Mycobacterium_barrassiae,3115,3151,36
5128,Mycobacterium_barrassiae,3154,3178,24
5129,Mycolicibacterium_chlorophenolicum,1,45,44
5130,Mycolicibacterium_chlorophenolicum,48,49,1
5131,Mycolicibacterium_chlorophenolicum,57,58,1
5132,Mycolicibacterium_chlorophenolicum,92,164,72
5133,Mycolicibacterium_chlorophenolicum,169,175,6
5134,Mycolicibacterium_chlorophenolicum,326,329,3
5135,Mycolicibacterium_chlorophenolicum,334,337,3
5136,Mycolicibacterium_chlorophenolicum,339,351,12
5137,Mycolicibacterium_chlorophenolicum,466,472,6
5138,Mycolicibacterium_chlorophenolicum,1084,1090,6
5139,Mycolicibacterium_chlorophenolicum,1091,1097,6
5140,Mycolicibacterium_chlorophenolicum,1101,1110,9
5141,Mycolicibacterium_chlorophenolicum,1116,1129,13
5142,Mycolicibacterium_chlorophenolicum,1136,1139,3
5143,Mycolicibacterium_chlorophenolicum,1140,1146,6
5144,Mycolicibacterium_chlorophenolicum,1152,1158,6
5145,Mycolicibacterium_chlorophenolicum,1159,1165,6
5146,Mycolicibacterium_chlorophenolicum,1167,1170,3
5147,Mycolicibacterium_chlorophenolicum,1224,1236,12
5148,Mycolicibacterium_chlorophenolicum,1239,1248,9
5149,Mycolicibacterium_chlorophenolicum,1251,1257,6
5150,Mycolicibacterium_chlorophenolicum,1266,1269,3
5151,Mycolicibacterium_chlorophenolicum,1847,1853,6
5152,Mycolicibacterium_chlorophenolicum,1854,1863,9
5153,Mycolicibacterium_chlorophenolicum,1865,1874,9
5154,Mycolicibacterium_chlorophenolicum,1881,1883,2
5155,Mycolicibacterium_chlorophenolicum,1885,1888,3
5156,Mycolicibacterium_chlorophenolicum,1890,1898,8
5157,Mycolicibacterium_chlorophenolicum,1902,1914,12
5158,Mycolicibacterium_chlorophenolicum,1915,1925,10
5159,Mycolicibacterium_chlorophenolicum,1931,1937,6
5160,Mycolicibacterium_chlorophenolicum,2085,2086,1
5161,Mycolicibacterium_chlorophenolicum,2699,2700,1
5162,Mycolicibacterium_chlorophenolicum,3115,3151,36
5163,Mycolicibacterium_chlorophenolicum,3154,3178,24
5164,Mycolicibacterium_neworleansense,1,65,64
5165,Mycolicibacterium_neworleansense,93,105,12
5166,Mycolicibacterium_neworleansense,108,162,54
5167,Mycolicibacterium_neworleansense,169,175,6
5168,Mycolicibacterium_neworleansense,326,329,3
5169,Mycolicibacterium_neworleansense,334,337,3
5170,Mycolicibacterium_neworleansense,339,351,12
5171,Mycolicibacterium_neworleansense,466,472,6
5172,Mycolicibacterium_neworleansense,1084,1090,6
5173,Mycolicibacterium_neworleansense,1091,1097,6
5174,Mycolicibacterium_neworleansense,1101,1110,9
5175,Mycolicibacterium_neworleansense,1116,1129,13
5176,Mycolicibacterium_neworleansense,1136,1139,3
5177,Mycolicibacterium_neworleansense,1140,1146,6
5178,Mycolicibacterium_neworleansense,1152,1158,6
5179,Mycolicibacterium_neworleansense,1159,1165,6
5180,Mycolicibacterium_neworleansense,1167,1170,3
5181,Mycolicibacterium_neworleansense,1224,1236,12
5182,Mycolicibacterium_neworleansense,1239,1248,9
5183,Mycolicibacterium_neworleansense,1251,1257,6
5184,Mycolicibacterium_neworleansense,1266,1269,3
5185,Mycolicibacterium_neworleansense,1847,1853,6
5186,Mycolicibacterium_neworleansense,1854,1863,9
5187,Mycolicibacterium_neworleansense,1865,1874,9
5188,Mycolicibacterium_neworleansense,1881,1883,2
5189,Mycolicibacterium_neworleansense,1885,1888,3
5190,Mycolicibacterium_neworleansense,1890,1898,8
5191,Mycolicibacterium_neworleansense,1902,1914,12
5192,Mycolicibacterium_neworleansense,1915,1925,10
5193,Mycolicibacterium_neworleansense,1931,1937,6
5194,Mycolicibacterium_neworleansense,2085,2086,1
5195,Mycolicibacterium_neworleansense,2699,2700,1
5196,Mycolicibacterium_neworleansense,3115,3136,21
5197,Mycolicibacterium_neworleansense,3140,3146,6
5198,Mycolicibacterium_neworleansense,3154,3178,24
5199,Mycolicibacterium_pulveris,1,45,44
5200,Mycolicibacterium_pulveris,48,49,1
5201,Mycolicibacterium_pulveris,57,58,1
5202,Mycolicibacterium_pulveris,93,105,12
5203,Mycolicibacterium_pulveris,108,162,54
5204,Mycolicibacterium_pulveris,169,175,6
5205,Mycolicibacterium_pulveris,326,329,3
5206,Mycolicibacterium_pulveris,334,337,3
5207,Mycolicibacterium_pulveris,339,351,12
5208,Mycolicibacterium_pulveris,466,472,6
5209,Mycolicibacterium_pulveris,1084,1090,6
5210,Mycolicibacterium_pulveris,1091,1097,6
5211,Mycolicibacterium_pulveris,1101,1110,9
5212,Mycolicibacterium_pulveris,1116,1129,13
5213,Mycolicibacterium_pulveris,1136,1139,3
5214,Mycolicibacterium_pulveris,1140,1146,6
5215,Mycolicibacterium_pulveris,1152,1158,6
5216,Mycolicibacterium_pulveris,1159,1165,6
5217,Mycolicibacterium_pulveris,1167,1170,3
5218,Mycolicibacterium_pulveris,1224,1236,12
5219,Mycolicibacterium_pulveris,1239,1248,9
5220,Mycolicibacterium_pulveris,1251,1257,6
5221,Mycolicibacterium_pulveris,1266,1269,3
5222,Mycolicibacterium_pulveris,1847,1853,6
5223,Mycolicibacterium_pulveris,1854,1863,9
5224,Mycolicibacterium_pulveris,1865,1874,9
5225,Mycolicibacterium_pulveris,1881,1883,2
5226,Mycolicibacterium_pulveris,1885,1888,3
5227,Mycolicibacterium_pulveris,1890,1898,8
5228,Mycolicibacterium_pulveris,1902,1914,12
5229,Mycolicibacterium_pulveris,1915,1925,10
5230,Mycolicibacterium_pulveris,1931,1937,6
5231,Mycolicibacterium_pulveris,2085,2086,1
5232,Mycolicibacterium_pulveris,2699,2700,1
5233,Mycolicibacterium_pulveris,3115,3151,36
5234,Mycolicibacterium_pulveris,3154,3178,24
5235,Mycolicibacterium_fortuitum,1,45,44
5236,Mycolicibacterium_fortuitum,48,49,1
5237,Mycolicibacterium_fortuitum,57,58,1
5238,Mycolicibacterium_fortuitum,93,105,12
5239,Mycolicibacterium_fortuitum,108,162,54
5240,Mycolicibacterium_fortuitum,169,175,6
5241,Mycolicibacterium_fortuitum,326,329,3
5242,Mycolicibacterium_fortuitum,334,337,3
5243,Mycolicibacterium_fortuitum,339,351,12
5244,Mycolicibacterium_fortuitum,466,472,6
5245,Mycolicibacterium_fortuitum,1084,1090,6
5246,Mycolicibacterium_fortuitum,1091,1097,6
5247,Mycolicibacterium_fortuitum,1101,1110,9
5248,Mycolicibacterium_fortuitum,1116,1129,13
5249,Mycolicibacterium_fortuitum,1136,1139,3
5250,Mycolicibacterium_fortuitum,1140,1146,6
5251,Mycolicibacterium_fortuitum,1152,1158,6
5252,Mycolicibacterium_fortuitum,1159,1165,6
5253,Mycolicibacterium_fortuitum,1167,1170,3
5254,Mycolicibacterium_fortuitum,1224,1236,12
5255,Mycolicibacterium_fortuitum,1239,1248,9
5256,Mycolicibacterium_fortuitum,1251,1257,6
5257,Mycolicibacterium_fortuitum,1266,1269,3
5258,Mycolicibacterium_fortuitum,1847,1853,6
5259,Mycolicibacterium_fortuitum,1854,1863,9
5260,Mycolicibacterium_fortuitum,1865,1874,9
5261,Mycolicibacterium_fortuitum,1881,1883,2
5262,Mycolicibacterium_fortuitum,1885,1888,3
5263,Mycolicibacterium_fortuitum,1890,1898,8
5264,Mycolicibacterium_fortuitum,1902,1914,12
5265,Mycolicibacterium_fortuitum,1915,1925,10
5266,Mycolicibacterium_fortuitum,1931,1937,6
5267,Mycolicibacterium_fortuitum,2085,2086,1
5268,Mycolicibacterium_fortuitum,2699,2700,1
5269,Mycolicibacterium_fortuitum,3115,3136,21
5270,Mycolicibacterium_fortuitum,3140,3146,6
5271,Mycolicibacterium_fortuitum,3154,3178,24
5272,Mycolicibacter_hiberniae,1,65,64
5273,Mycolicibacter_hiberniae,98,104,6
5274,Mycolicibacter_hiberniae,108,144,36
5275,Mycolicibacter_hiberniae,152,155,3
5276,Mycolicibacter_hiberniae,157,163,6
5277,Mycolicibacter_hiberniae,169,175,6
5278,Mycolicibacter_hiberniae,334,337,3
5279,Mycolicibacter_hiberniae,341,356,15
5280,Mycolicibacter_hiberniae,466,472,6
5281,Mycolicibacter_hiberniae,1084,1090,6
5282,Mycolicibacter_hiberniae,1091,1097,6
5283,Mycolicibacter_hiberniae,1106,1110,4
5284,Mycolicibacter_hiberniae,1116,1122,6
5285,Mycolicibacter_hiberniae,1136,1139,3
5286,Mycolicibacter_hiberniae,1140,1170,30
5287,Mycolicibacter_hiberniae,1239,1248,9
5288,Mycolicibacter_hiberniae,1251,1257,6
5289,Mycolicibacter_hiberniae,1847,1853,6
5290,Mycolicibacter_hiberniae,1854,1863,9
5291,Mycolicibacter_hiberniae,1865,1874,9
5292,Mycolicibacter_hiberniae,1881,1883,2
5293,Mycolicibacter_hiberniae,1885,1888,3
5294,Mycolicibacter_hiberniae,1890,1898,8
5295,Mycolicibacter_hiberniae,1902,1914,12
5296,Mycolicibacter_hiberniae,1915,1925,10
5297,Mycolicibacter_hiberniae,1931,1937,6
5298,Mycolicibacter_hiberniae,2085,2086,1
5299,Mycolicibacter_hiberniae,2699,2700,1
5300,Mycolicibacter_hiberniae,3115,3136,21
5301,Mycolicibacter_hiberniae,3140,3146,6
5302,Mycolicibacter_hiberniae,3154,3178,24
5303,Mycolicibacterium_psychrotolerans,1,45,44
5304,Mycolicibacterium_psychrotolerans,48,49,1
5305,Mycolicibacterium_psychrotolerans,57,58,1
5306,Mycolicibacterium_psychrotolerans,92,164,72
5307,Mycolicibacterium_psychrotolerans,169,175,6
5308,Mycolicibacterium_psychrotolerans,326,329,3
5309,Mycolicibacterium_psychrotolerans,334,337,3
5310,Mycolicibacterium_psychrotolerans,339,351,12
5311,Mycolicibacterium_psychrotolerans,466,472,6
5312,Mycolicibacterium_psychrotolerans,1084,1090,6
5313,Mycolicibacterium_psychrotolerans,1091,1097,6
5314,Mycolicibacterium_psychrotolerans,1101,1110,9
5315,Mycolicibacterium_psychrotolerans,1116,1129,13
5316,Mycolicibacterium_psychrotolerans,1136,1139,3
5317,Mycolicibacterium_psychrotolerans,1140,1146,6
5318,Mycolicibacterium_psychrotolerans,1152,1158,6
5319,Mycolicibacterium_psychrotolerans,1159,1165,6
5320,Mycolicibacterium_psychrotolerans,1167,1170,3
5321,Mycolicibacterium_psychrotolerans,1224,1236,12
5322,Mycolicibacterium_psychrotolerans,1239,1248,9
5323,Mycolicibacterium_psychrotolerans,1251,1257,6
5324,Mycolicibacterium_psychrotolerans,1266,1269,3
5325,Mycolicibacterium_psychrotolerans,1847,1853,6
5326,Mycolicibacterium_psychrotolerans,1854,1863,9
5327,Mycolicibacterium_psychrotolerans,1865,1874,9
5328,Mycolicibacterium_psychrotolerans,1881,1883,2
5329,Mycolicibacterium_psychrotolerans,1885,1888,3
5330,Mycolicibacterium_psychrotolerans,1890,1898,8
5331,Mycolicibacterium_psychrotolerans,1902,1914,12
5332,Mycolicibacterium_psychrotolerans,1915,1925,10
5333,Mycolicibacterium_psychrotolerans,1931,1937,6
5334,Mycolicibacterium_psychrotolerans,2085,2086,1
5335,Mycolicibacterium_psychrotolerans,2699,2700,1
5336,Mycolicibacterium_psychrotolerans,3115,3151,36
5337,Mycolicibacterium_psychrotolerans,3154,3178,24
5338,Mycolicibacterium_moriokaense,1,45,44
5339,Mycolicibacterium_moriokaense,48,49,1
5340,Mycolicibacterium_moriokaense,57,58,1
5341,Mycolicibacterium_moriokaense,93,162,69
5342,Mycolicibacterium_moriokaense,169,175,6
5343,Mycolicibacterium_moriokaense,326,329,3
5344,Mycolicibacterium_moriokaense,339,351,12
5345,Mycolicibacterium_moriokaense,466,472,6
5346,Mycolicibacterium_moriokaense,1084,1090,6
5347,Mycolicibacterium_moriokaense,1091,1097,6
5348,Mycolicibacterium_moriokaense,1101,1110,9
5349,Mycolicibacterium_moriokaense,1116,1129,13
5350,Mycolicibacterium_moriokaense,1136,1139,3
5351,Mycolicibacterium_moriokaense,1140,1146,6
5352,Mycolicibacterium_moriokaense,1152,1158,6
5353,Mycolicibacterium_moriokaense,1159,1165,6
5354,Mycolicibacterium_moriokaense,1167,1170,3
5355,Mycolicibacterium_moriokaense,1224,1236,12
5356,Mycolicibacterium_moriokaense,1239,1248,9
5357,Mycolicibacterium_moriokaense,1251,1257,6
5358,Mycolicibacterium_moriokaense,1266,1269,3
5359,Mycolicibacterium_moriokaense,1847,1853,6
5360,Mycolicibacterium_moriokaense,1854,1863,9
5361,Mycolicibacterium_moriokaense,1865,1874,9
5362,Mycolicibacterium_moriokaense,1881,1883,2
5363,Mycolicibacterium_moriokaense,1885,1888,3
5364,Mycolicibacterium_moriokaense,1890,1898,8
5365,Mycolicibacterium_moriokaense,1902,1914,12
5366,Mycolicibacterium_moriokaense,1915,1925,10
5367,Mycolicibacterium_moriokaense,1931,1937,6
5368,Mycolicibacterium_moriokaense,2085,2086,1
5369,Mycolicibacterium_moriokaense,2699,2700,1
5370,Mycolicibacterium_moriokaense,3115,3151,36
5371,Mycolicibacterium_moriokaense,3154,3178,24
5372,Mycolicibacterium_wolinskyi,1,65,64
5373,Mycolicibacterium_wolinskyi,87,90,3
5374,Mycolicibacterium_wolinskyi,93,105,12
5375,Mycolicibacterium_wolinskyi,108,162,54
5376,Mycolicibacterium_wolinskyi,169,175,6
5377,Mycolicibacterium_wolinskyi,326,329,3
5378,Mycolicibacterium_wolinskyi,334,337,3
5379,Mycolicibacterium_wolinskyi,339,351,12
5380,Mycolicibacterium_wolinskyi,466,472,6
5381,Mycolicibacterium_wolinskyi,1084,1090,6
5382,Mycolicibacterium_wolinskyi,1091,1097,6
5383,Mycolicibacterium_wolinskyi,1101,1110,9
5384,Mycolicibacterium_wolinskyi,1116,1129,13
5385,Mycolicibacterium_wolinskyi,1136,1139,3
5386,Mycolicibacterium_wolinskyi,1140,1146,6
5387,Mycolicibacterium_wolinskyi,1152,1158,6
5388,Mycolicibacterium_wolinskyi,1159,1165,6
5389,Mycolicibacterium_wolinskyi,1167,1170,3
5390,Mycolicibacterium_wolinskyi,1224,1236,12
5391,Mycolicibacterium_wolinskyi,1239,1248,9
5392,Mycolicibacterium_wolinskyi,1251,1257,6
5393,Mycolicibacterium_wolinskyi,1266,1269,3
5394,Mycolicibacterium_wolinskyi,1847,1853,6
5395,Mycolicibacterium_wolinskyi,1854,1863,9
5396,Mycolicibacterium_wolinskyi,1865,1874,9
5397,Mycolicibacterium_wolinskyi,1881,1883,2
5398,Mycolicibacterium_wolinskyi,1885,1888,3
5399,Mycolicibacterium_wolinskyi,1890,1898,8
5400,Mycolicibacterium_wolinskyi,1902,1914,12
5401,Mycolicibacterium_wolinskyi,1915,1925,10
5402,Mycolicibacterium_wolinskyi,1931,1937,6
5403,Mycolicibacterium_wolinskyi,2085,2086,1
5404,Mycolicibacterium_wolinskyi,2699,2700,1
5405,Mycolicibacterium_wolinskyi,3115,3136,21
5406,Mycolicibacterium_wolinskyi,3140,3146,6
5407,Mycolicibacterium_wolinskyi,3154,3178,24
5408,Mycolicibacterium_vaccae,1,45,44
5409,Mycolicibacterium_vaccae,48,49,1
5410,Mycolicibacterium_vaccae,57,58,1
5411,Mycolicibacterium_vaccae,91,166,75
5412,Mycolicibacterium_vaccae,169,175,6
5413,Mycolicibacterium_vaccae,326,329,3
5414,Mycolicibacterium_vaccae,334,337,3
5415,Mycolicibacterium_vaccae,339,351,12
5416,Mycolicibacterium_vaccae,466,472,6
5417,Mycolicibacterium_vaccae,1084,1090,6
5418,Mycolicibacterium_vaccae,1091,1097,6
5419,Mycolicibacterium_vaccae,1101,1110,9
5420,Mycolicibacterium_vaccae,1116,1129,13
5421,Mycolicibacterium_vaccae,1136,1139,3
5422,Mycolicibacterium_vaccae,1140,1146,6
5423,Mycolicibacterium_vaccae,1152,1158,6
5424,Mycolicibacterium_vaccae,1159,1165,6
5425,Mycolicibacterium_vaccae,1167,1170,3
5426,Mycolicibacterium_vaccae,1224,1236,12
5427,Mycolicibacterium_vaccae,1239,1248,9
5428,Mycolicibacterium_vaccae,1251,1257,6
5429,Mycolicibacterium_vaccae,1266,1269,3
5430,Mycolicibacterium_vaccae,1847,1853,6
5431,Mycolicibacterium_vaccae,1854,1863,9
5432,Mycolicibacterium_vaccae,1865,1874,9
5433,Mycolicibacterium_vaccae,1881,1883,2
5434,Mycolicibacterium_vaccae,1885,1888,3
5435,Mycolicibacterium_vaccae,1890,1898,8
5436,Mycolicibacterium_vaccae,1902,1914,12
5437,Mycolicibacterium_vaccae,1915,1925,10
5438,Mycolicibacterium_vaccae,1931,1937,6
5439,Mycolicibacterium_vaccae,2085,2086,1
5440,Mycolicibacterium_vaccae,2699,2700,1
5441,Mycolicibacterium_vaccae,3115,3127,12
5442,Mycolicibacterium_vaccae,3140,3146,6
5443,Mycolicibacterium_vaccae,3154,3178,24
5444,Mycolicibacterium_parafortuitum,1,45,44
5445,Mycolicibacterium_parafortuitum,48,49,1
5446,Mycolicibacterium_parafortuitum,57,58,1
5447,Mycolicibacterium_parafortuitum,91,166,75
5448,Mycolicibacterium_parafortuitum,169,175,6
5449,Mycolicibacterium_parafortuitum,326,329,3
5450,Mycolicibacterium_parafortuitum,334,337,3
5451,Mycolicibacterium_parafortuitum,339,351,12
5452,Mycolicibacterium_parafortuitum,466,472,6
5453,Mycolicibacterium_parafortuitum,1084,1090,6
5454,Mycolicibacterium_parafortuitum,1091,1097,6
5455,Mycolicibacterium_parafortuitum,1101,1110,9
5456,Mycolicibacterium_parafortuitum,1116,1129,13
5457,Mycolicibacterium_parafortuitum,1136,1139,3
5458,Mycolicibacterium_parafortuitum,1140,1146,6
5459,Mycolicibacterium_parafortuitum,1152,1158,6
5460,Mycolicibacterium_parafortuitum,1159,1165,6
5461,Mycolicibacterium_parafortuitum,1167,1170,3
5462,Mycolicibacterium_parafortuitum,1224,1236,12
5463,Mycolicibacterium_parafortuitum,1239,1248,9
5464,Mycolicibacterium_parafortuitum,1251,1257,6
5465,Mycolicibacterium_parafortuitum,1266,1269,3
5466,Mycolicibacterium_parafortuitum,1847,1853,6
5467,Mycolicibacterium_parafortuitum,1854,1863,9
5468,Mycolicibacterium_parafortuitum,1865,1874,9
5469,Mycolicibacterium_parafortuitum,1881,1883,2
5470,Mycolicibacterium_parafortuitum,1885,1888,3
5471,Mycolicibacterium_parafortuitum,1890,1898,8
5472,Mycolicibacterium_parafortuitum,1902,1914,12
5473,Mycolicibacterium_parafortuitum,1915,1925,10
5474,Mycolicibacterium_parafortuitum,1931,1937,6
5475,Mycolicibacterium_parafortuitum,2085,2086,1
5476,Mycolicibacterium_parafortuitum,2699,2700,1
5477,Mycolicibacterium_parafortuitum,3115,3136,21
5478,Mycolicibacterium_parafortuitum,3140,3146,6
5479,Mycolicibacterium_parafortuitum,3154,3178,24
5480,Mycolicibacterium_komanii,1,45,44
5481,Mycolicibacterium_komanii,48,49,1
5482,Mycolicibacterium_komanii,57,58,1
5483,Mycolicibacterium_komanii,93,162,69
5484,Mycolicibacterium_komanii,169,175,6
5485,Mycolicibacterium_komanii,326,329,3
5486,Mycolicibacterium_komanii,334,337,3
5487,Mycolicibacterium_komanii,339,351,12
5488,Mycolicibacterium_komanii,466,472,6
5489,Mycolicibacterium_komanii,1091,1097,6
5490,Mycolicibacterium_komanii,1101,1110,9
5491,Mycolicibacterium_komanii,1116,1129,13
5492,Mycolicibacterium_komanii,1136,1139,3
5493,Mycolicibacterium_komanii,1140,1146,6
5494,Mycolicibacterium_komanii,1147,1150,3
5495,Mycolicibacterium_komanii,1152,1158,6
5496,Mycolicibacterium_komanii,1159,1165,6
5497,Mycolicibacterium_komanii,1167,1170,3
5498,Mycolicibacterium_komanii,1224,1236,12
5499,Mycolicibacterium_komanii,1239,1248,9
5500,Mycolicibacterium_komanii,1251,1257,6
5501,Mycolicibacterium_komanii,1266,1269,3
5502,Mycolicibacterium_komanii,1847,1853,6
5503,Mycolicibacterium_komanii,1854,1863,9
5504,Mycolicibacterium_komanii,1865,1874,9
5505,Mycolicibacterium_komanii,1881,1883,2
5506,Mycolicibacterium_komanii,1885,1888,3
5507,Mycolicibacterium_komanii,1890,1898,8
5508,Mycolicibacterium_komanii,1902,1914,12
5509,Mycolicibacterium_komanii,1915,1925,10
5510,Mycolicibacterium_komanii,1931,1937,6
5511,Mycolicibacterium_komanii,2085,2086,1
5512,Mycolicibacterium_komanii,2699,2700,1
5513,Mycolicibacterium_komanii,3115,3151,36
5514,Mycolicibacterium_komanii,3154,3178,24
5515,Mycolicibacterium_rhodesiae,1,45,44
5516,Mycolicibacterium_rhodesiae,48,49,1
5517,Mycolicibacterium_rhodesiae,57,58,1
5518,Mycolicibacterium_rhodesiae,98,104,6
5519,Mycolicibacterium_rhodesiae,108,162,54
5520,Mycolicibacterium_rhodesiae,169,175,6
5521,Mycolicibacterium_rhodesiae,326,329,3
5522,Mycolicibacterium_rhodesiae,339,351,12
5523,Mycolicibacterium_rhodesiae,466,472,6
5524,Mycolicibacterium_rhodesiae,1084,1090,6
5525,Mycolicibacterium_rhodesiae,1091,1097,6
5526,Mycolicibacterium_rhodesiae,1101,1110,9
5527,Mycolicibacterium_rhodesiae,1116,1129,13
5528,Mycolicibacterium_rhodesiae,1136,1139,3
5529,Mycolicibacterium_rhodesiae,1140,1146,6
5530,Mycolicibacterium_rhodesiae,1152,1158,6
5531,Mycolicibacterium_rhodesiae,1159,1165,6
5532,Mycolicibacterium_rhodesiae,1167,1170,3
5533,Mycolicibacterium_rhodesiae,1224,1236,12
5534,Mycolicibacterium_rhodesiae,1239,1248,9
5535,Mycolicibacterium_rhodesiae,1251,1257,6
5536,Mycolicibacterium_rhodesiae,1266,1269,3
5537,Mycolicibacterium_rhodesiae,1847,1853,6
5538,Mycolicibacterium_rhodesiae,1854,1863,9
5539,Mycolicibacterium_rhodesiae,1865,1874,9
5540,Mycolicibacterium_rhodesiae,1881,1883,2
5541,Mycolicibacterium_rhodesiae,1885,1888,3
5542,Mycolicibacterium_rhodesiae,1890,1898,8
5543,Mycolicibacterium_rhodesiae,1902,1914,12
5544,Mycolicibacterium_rhodesiae,1915,1925,10
5545,Mycolicibacterium_rhodesiae,1931,1937,6
5546,Mycolicibacterium_rhodesiae,2085,2086,1
5547,Mycolicibacterium_rhodesiae,2699,2700,1
5548,Mycolicibacterium_rhodesiae,3115,3151,36
5549,Mycolicibacterium_rhodesiae,3154,3178,24
5550,Mycolicibacterium_peregrinum,1,45,44
5551,Mycolicibacterium_peregrinum,48,49,1
5552,Mycolicibacterium_peregrinum,57,58,1
5553,Mycolicibacterium_peregrinum,87,90,3
5554,Mycolicibacterium_peregrinum,93,105,12
5555,Mycolicibacterium_peregrinum,108,162,54
5556,Mycolicibacterium_peregrinum,169,175,6
5557,Mycolicibacterium_peregrinum,326,329,3
5558,Mycolicibacterium_peregrinum,334,337,3
5559,Mycolicibacterium_peregrinum,339,351,12
5560,Mycolicibacterium_peregrinum,466,472,6
5561,Mycolicibacterium_peregrinum,1084,1090,6
5562,Mycolicibacterium_peregrinum,1091,1097,6
5563,Mycolicibacterium_peregrinum,1101,1110,9
5564,Mycolicibacterium_peregrinum,1116,1129,13
5565,Mycolicibacterium_peregrinum,1136,1139,3
5566,Mycolicibacterium_peregrinum,1140,1146,6
5567,Mycolicibacterium_peregrinum,1152,1158,6
5568,Mycolicibacterium_peregrinum,1159,1165,6
5569,Mycolicibacterium_peregrinum,1167,1170,3
5570,Mycolicibacterium_peregrinum,1224,1236,12
5571,Mycolicibacterium_peregrinum,1239,1248,9
5572,Mycolicibacterium_peregrinum,1251,1257,6
5573,Mycolicibacterium_peregrinum,1266,1269,3
5574,Mycolicibacterium_peregrinum,1847,1853,6
5575,Mycolicibacterium_peregrinum,1854,1863,9
5576,Mycolicibacterium_peregrinum,1865,1874,9
5577,Mycolicibacterium_peregrinum,1881,1883,2
5578,Mycolicibacterium_peregrinum,1885,1888,3
5579,Mycolicibacterium_peregrinum,1890,1898,8
5580,Mycolicibacterium_peregrinum,1902,1914,12
5581,Mycolicibacterium_peregrinum,1915,1925,10
5582,Mycolicibacterium_peregrinum,1931,1937,6
5583,Mycolicibacterium_peregrinum,2085,2086,1
5584,Mycolicibacterium_peregrinum,2699,2700,1
5585,Mycolicibacterium_peregrinum,3115,3136,21
5586,Mycolicibacterium_peregrinum,3140,3146,6
5587,Mycolicibacterium_peregrinum,3154,3178,24
5588,Mycobacterium_leprae,1,65,64
5589,Mycobacterium_leprae,102,104,2
5590,Mycobacterium_leprae,108,142,34
5591,Mycobacterium_leprae,157,163,6
5592,Mycobacterium_leprae,169,175,6
5593,Mycobacterium_leprae,326,329,3
5594,Mycobacterium_leprae,334,337,3
5595,Mycobacterium_leprae,339,351,12
5596,Mycobacterium_leprae,466,472,6
5597,Mycobacterium_leprae,1084,1090,6
5598,Mycobacterium_leprae,1091,1097,6
5599,Mycobacterium_leprae,1101,1110,9
5600,Mycobacterium_leprae,1116,1129,13
5601,Mycobacterium_leprae,1136,1139,3
5602,Mycobacterium_leprae,1140,1146,6
5603,Mycobacterium_leprae,1152,1164,12
5604,Mycobacterium_leprae,1167,1170,3
5605,Mycobacterium_leprae,1224,1236,12
5606,Mycobacterium_leprae,1239,1248,9
5607,Mycobacterium_leprae,1251,1257,6
5608,Mycobacterium_leprae,1265,1268,3
5609,Mycobacterium_leprae,1847,1853,6
5610,Mycobacterium_leprae,1854,1863,9
5611,Mycobacterium_leprae,1865,1874,9
5612,Mycobacterium_leprae,1881,1883,2
5613,Mycobacterium_leprae,1885,1888,3
5614,Mycobacterium_leprae,1890,1898,8
5615,Mycobacterium_leprae,1903,1925,22
5616,Mycobacterium_leprae,1931,1937,6
5617,Mycobacterium_leprae,2085,2086,1
5618,Mycobacterium_leprae,2699,2700,1
5619,Mycobacterium_leprae,3115,3136,21
5620,Mycobacterium_leprae,3140,3146,6
5621,Mycobacterium_leprae,3154,3178,24
5622,Mycolicibacter_icosiumassiliensis,1,45,44
5623,Mycolicibacter_icosiumassiliensis,48,49,1
5624,Mycolicibacter_icosiumassiliensis,57,58,1
5625,Mycolicibacter_icosiumassiliensis,98,104,6
5626,Mycolicibacter_icosiumassiliensis,108,144,36
5627,Mycolicibacter_icosiumassiliensis,157,163,6
5628,Mycolicibacter_icosiumassiliensis,169,175,6
5629,Mycolicibacter_icosiumassiliensis,334,337,3
5630,Mycolicibacter_icosiumassiliensis,341,356,15
5631,Mycolicibacter_icosiumassiliensis,466,472,6
5632,Mycolicibacter_icosiumassiliensis,1084,1090,6
5633,Mycolicibacter_icosiumassiliensis,1091,1097,6
5634,Mycolicibacter_icosiumassiliensis,1106,1110,4
5635,Mycolicibacter_icosiumassiliensis,1116,1122,6
5636,Mycolicibacter_icosiumassiliensis,1136,1139,3
5637,Mycolicibacter_icosiumassiliensis,1140,1170,30
5638,Mycolicibacter_icosiumassiliensis,1239,1248,9
5639,Mycolicibacter_icosiumassiliensis,1251,1257,6
5640,Mycolicibacter_icosiumassiliensis,1847,1853,6
5641,Mycolicibacter_icosiumassiliensis,1854,1863,9
5642,Mycolicibacter_icosiumassiliensis,1865,1874,9
5643,Mycolicibacter_icosiumassiliensis,1881,1883,2
5644,Mycolicibacter_icosiumassiliensis,1885,1888,3
5645,Mycolicibacter_icosiumassiliensis,1890,1898,8
5646,Mycolicibacter_icosiumassiliensis,1902,1914,12
5647,Mycolicibacter_icosiumassiliensis,1915,1925,10
5648,Mycolicibacter_icosiumassiliensis,1931,1937,6
5649,Mycolicibacter_icosiumassiliensis,2085,2086,1
5650,Mycolicibacter_icosiumassiliensis,2699,2700,1
5651,Mycolicibacter_icosiumassiliensis,3115,3136,21
5652,Mycolicibacter_icosiumassiliensis,3140,3146,6
5653,Mycolicibacter_icosiumassiliensis,3154,3178,24
5654,Mycolicibacterium_smegmatis,1,45,44
5655,Mycolicibacterium_smegmatis,48,49,1
5656,Mycolicibacterium_smegmatis,57,58,1
5657,Mycolicibacterium_smegmatis,93,162,69
5658,Mycolicibacterium_smegmatis,169,175,6
5659,Mycolicibacterium_smegmatis,326,329,3
5660,Mycolicibacterium_smegmatis,334,337,3
5661,Mycolicibacterium_smegmatis,339,351,12
5662,Mycolicibacterium_smegmatis,466,472,6
5663,Mycolicibacterium_smegmatis,1084,1090,6
5664,Mycolicibacterium_smegmatis,1091,1097,6
5665,Mycolicibacterium_smegmatis,1101,1110,9
5666,Mycolicibacterium_smegmatis,1116,1129,13
5667,Mycolicibacterium_smegmatis,1136,1139,3
5668,Mycolicibacterium_smegmatis,1140,1146,6
5669,Mycolicibacterium_smegmatis,1152,1158,6
5670,Mycolicibacterium_smegmatis,1159,1165,6
5671,Mycolicibacterium_smegmatis,1167,1170,3
5672,Mycolicibacterium_smegmatis,1224,1236,12
5673,Mycolicibacterium_smegmatis,1239,1248,9
5674,Mycolicibacterium_smegmatis,1251,1257,6
5675,Mycolicibacterium_smegmatis,1266,1269,3
5676,Mycolicibacterium_smegmatis,1847,1853,6
5677,Mycolicibacterium_smegmatis,1854,1863,9
5678,Mycolicibacterium_smegmatis,1865,1874,9
5679,Mycolicibacterium_smegmatis,1881,1883,2
5680,Mycolicibacterium_smegmatis,1885,1888,3
5681,Mycolicibacterium_smegmatis,1890,1898,8
5682,Mycolicibacterium_smegmatis,1902,1914,12
5683,Mycolicibacterium_smegmatis,1915,1925,10
5684,Mycolicibacterium_smegmatis,1931,1937,6
5685,Mycolicibacterium_smegmatis,2085,2086,1
5686,Mycolicibacterium_smegmatis,2699,2700,1
5687,Mycolicibacterium_smegmatis,3115,3136,21
5688,Mycolicibacterium_smegmatis,3140,3146,6
5689,Mycolicibacterium_smegmatis,3154,3178,24
5690,Mycolicibacterium_monacense,1,45,44
5691,Mycolicibacterium_monacense,48,49,1
5692,Mycolicibacterium_monacense,57,58,1
5693,Mycolicibacterium_monacense,93,105,12
5694,Mycolicibacterium_monacense,108,162,54
5695,Mycolicibacterium_monacense,169,175,6
5696,Mycolicibacterium_monacense,326,329,3
5697,Mycolicibacterium_monacense,334,337,3
5698,Mycolicibacterium_monacense,339,351,12
5699,Mycolicibacterium_monacense,466,472,6
5700,Mycolicibacterium_monacense,1084,1090,6
5701,Mycolicibacterium_monacense,1091,1097,6
5702,Mycolicibacterium_monacense,1101,1110,9
5703,Mycolicibacterium_monacense,1116,1129,13
5704,Mycolicibacterium_monacense,1136,1139,3
5705,Mycolicibacterium_monacense,1140,1146,6
5706,Mycolicibacterium_monacense,1152,1158,6
5707,Mycolicibacterium_monacense,1159,1165,6
5708,Mycolicibacterium_monacense,1167,1170,3
5709,Mycolicibacterium_monacense,1224,1236,12
5710,Mycolicibacterium_monacense,1239,1248,9
5711,Mycolicibacterium_monacense,1251,1257,6
5712,Mycolicibacterium_monacense,1266,1269,3
5713,Mycolicibacterium_monacense,1847,1853,6
5714,Mycolicibacterium_monacense,1854,1863,9
5715,Mycolicibacterium_monacense,1865,1874,9
5716,Mycolicibacterium_monacense,1881,1883,2
5717,Mycolicibacterium_monacense,1885,1888,3
5718,Mycolicibacterium_monacense,1890,1898,8
5719,Mycolicibacterium_monacense,1902,1914,12
5720,Mycolicibacterium_monacense,1915,1925,10
5721,Mycolicibacterium_monacense,1931,1937,6
5722,Mycolicibacterium_monacense,2085,2086,1
5723,Mycolicibacterium_monacense,2699,2700,1
5724,Mycolicibacterium_monacense,3115,3136,21
5725,Mycolicibacterium_monacense,3154,3178,24
5726,Mycolicibacterium_holsaticum,1,45,44
5727,Mycolicibacterium_holsaticum,48,49,1
5728,Mycolicibacterium_holsaticum,57,58,1
5729,Mycolicibacterium_holsaticum,93,105,12
5730,Mycolicibacterium_holsaticum,108,162,54
5731,Mycolicibacterium_holsaticum,169,175,6
5732,Mycolicibacterium_holsaticum,326,329,3
5733,Mycolicibacterium_holsaticum,334,337,3
5734,Mycolicibacterium_holsaticum,339,351,12
5735,Mycolicibacterium_holsaticum,466,472,6
5736,Mycolicibacterium_holsaticum,1084,1090,6
5737,Mycolicibacterium_holsaticum,1091,1097,6
5738,Mycolicibacterium_holsaticum,1101,1110,9
5739,Mycolicibacterium_holsaticum,1116,1129,13
5740,Mycolicibacterium_holsaticum,1136,1139,3
5741,Mycolicibacterium_holsaticum,1140,1146,6
5742,Mycolicibacterium_holsaticum,1152,1158,6
5743,Mycolicibacterium_holsaticum,1159,1165,6
5744,Mycolicibacterium_holsaticum,1167,1170,3
5745,Mycolicibacterium_holsaticum,1224,1236,12
5746,Mycolicibacterium_holsaticum,1239,1248,9
5747,Mycolicibacterium_holsaticum,1251,1257,6
5748,Mycolicibacterium_holsaticum,1266,1269,3
5749,Mycolicibacterium_holsaticum,1847,1853,6
5750,Mycolicibacterium_holsaticum,1854,1863,9
5751,Mycolicibacterium_holsaticum,1865,1874,9
5752,Mycolicibacterium_holsaticum,1881,1883,2
5753,Mycolicibacterium_holsaticum,1885,1888,3
5754,Mycolicibacterium_holsaticum,1890,1898,8
5755,Mycolicibacterium_holsaticum,1902,1914,12
5756,Mycolicibacterium_holsaticum,1915,1925,10
5757,Mycolicibacterium_holsaticum,1931,1937,6
5758,Mycolicibacterium_holsaticum,2085,2086,1
5759,Mycolicibacterium_holsaticum,2699,2700,1
5760,Mycolicibacterium_holsaticum,3115,3151,36
5761,Mycolicibacterium_holsaticum,3154,3178,24
5762,Mycolicibacterium_gadium,1,45,44
5763,Mycolicibacterium_gadium,48,49,1
5764,Mycolicibacterium_gadium,57,58,1
5765,Mycolicibacterium_gadium,93,162,69
5766,Mycolicibacterium_gadium,166,175,9
5767,Mycolicibacterium_gadium,326,329,3
5768,Mycolicibacterium_gadium,339,351,12
5769,Mycolicibacterium_gadium,466,472,6
5770,Mycolicibacterium_gadium,1084,1090,6
5771,Mycolicibacterium_gadium,1091,1097,6
5772,Mycolicibacterium_gadium,1101,1110,9
5773,Mycolicibacterium_gadium,1116,1129,13
5774,Mycolicibacterium_gadium,1136,1139,3
5775,Mycolicibacterium_gadium,1140,1146,6
5776,Mycolicibacterium_gadium,1152,1158,6
5777,Mycolicibacterium_gadium,1159,1165,6
5778,Mycolicibacterium_gadium,1167,1170,3
5779,Mycolicibacterium_gadium,1224,1236,12
5780,Mycolicibacterium_gadium,1239,1248,9
5781,Mycolicibacterium_gadium,1251,1257,6
5782,Mycolicibacterium_gadium,1266,1269,3
5783,Mycolicibacterium_gadium,1847,1853,6
5784,Mycolicibacterium_gadium,1854,1863,9
5785,Mycolicibacterium_gadium,1865,1874,9
5786,Mycolicibacterium_gadium,1881,1883,2
5787,Mycolicibacterium_gadium,1885,1888,3
5788,Mycolicibacterium_gadium,1890,1898,8
5789,Mycolicibacterium_gadium,1902,1914,12
5790,Mycolicibacterium_gadium,1915,1925,10
5791,Mycolicibacterium_gadium,1931,1937,6
5792,Mycolicibacterium_gadium,2085,2086,1
5793,Mycolicibacterium_gadium,2699,2700,1
5794,Mycolicibacterium_gadium,3115,3151,36
5795,Mycolicibacterium_gadium,3154,3178,24
5796,Mycolicibacterium_helvum,1,45,44
5797,Mycolicibacterium_helvum,48,49,1
5798,Mycolicibacterium_helvum,57,58,1
5799,Mycolicibacterium_helvum,92,164,72
5800,Mycolicibacterium_helvum,169,175,6
5801,Mycolicibacterium_helvum,326,329,3
5802,Mycolicibacterium_helvum,334,337,3
5803,Mycolicibacterium_helvum,339,351,12
5804,Mycolicibacterium_helvum,466,472,6
5805,Mycolicibacterium_helvum,1084,1090,6
5806,Mycolicibacterium_helvum,1091,1097,6
5807,Mycolicibacterium_helvum,1101,1110,9
5808,Mycolicibacterium_helvum,1116,1129,13
5809,Mycolicibacterium_helvum,1136,1139,3
5810,Mycolicibacterium_helvum,1140,1146,6
5811,Mycolicibacterium_helvum,1152,1158,6
5812,Mycolicibacterium_helvum,1159,1165,6
5813,Mycolicibacterium_helvum,1167,1170,3
5814,Mycolicibacterium_helvum,1224,1236,12
5815,Mycolicibacterium_helvum,1239,1248,9
5816,Mycolicibacterium_helvum,1251,1257,6
5817,Mycolicibacterium_helvum,1266,1269,3
5818,Mycolicibacterium_helvum,1847,1853,6
5819,Mycolicibacterium_helvum,1854,1863,9
5820,Mycolicibacterium_helvum,1865,1874,9
5821,Mycolicibacterium_helvum,1881,1883,2
5822,Mycolicibacterium_helvum,1885,1888,3
5823,Mycolicibacterium_helvum,1890,1898,8
5824,Mycolicibacterium_helvum,1902,1914,12
5825,Mycolicibacterium_helvum,1915,1925,10
5826,Mycolicibacterium_helvum,1931,1937,6
5827,Mycolicibacterium_helvum,2085,2086,1
5828,Mycolicibacterium_helvum,2699,2700,1
5829,Mycolicibacterium_helvum,3115,3136,21
5830,Mycolicibacterium_helvum,3140,3146,6
5831,Mycolicibacterium_helvum,3154,3178,24
5832,Mycolicibacterium_septicum,1,45,44
5833,Mycolicibacterium_septicum,48,49,1
5834,Mycolicibacterium_septicum,57,58,1
5835,Mycolicibacterium_septicum,87,90,3
5836,Mycolicibacterium_septicum,93,105,12
5837,Mycolicibacterium_septicum,108,162,54
5838,Mycolicibacterium_septicum,169,175,6
5839,Mycolicibacterium_septicum,326,329,3
5840,Mycolicibacterium_septicum,334,337,3
5841,Mycolicibacterium_septicum,339,351,12
5842,Mycolicibacterium_septicum,466,472,6
5843,Mycolicibacterium_septicum,1084,1090,6
5844,Mycolicibacterium_septicum,1091,1097,6
5845,Mycolicibacterium_septicum,1101,1110,9
5846,Mycolicibacterium_septicum,1116,1129,13
5847,Mycolicibacterium_septicum,1136,1139,3
5848,Mycolicibacterium_septicum,1140,1146,6
5849,Mycolicibacterium_septicum,1152,1158,6
5850,Mycolicibacterium_septicum,1159,1165,6
5851,Mycolicibacterium_septicum,1167,1170,3
5852,Mycolicibacterium_septicum,1224,1236,12
5853,Mycolicibacterium_septicum,1239,1248,9
5854,Mycolicibacterium_septicum,1251,1257,6
5855,Mycolicibacterium_septicum,1266,1269,3
5856,Mycolicibacterium_septicum,1847,1853,6
5857,Mycolicibacterium_septicum,1854,1863,9
5858,Mycolicibacterium_septicum,1865,1874,9
5859,Mycolicibacterium_septicum,1881,1883,2
5860,Mycolicibacterium_septicum,1885,1888,3
5861,Mycolicibacterium_septicum,1890,1898,8
5862,Mycolicibacterium_septicum,1902,1914,12
5863,Mycolicibacterium_septicum,1915,1925,10
5864,Mycolicibacterium_septicum,1931,1937,6
5865,Mycolicibacterium_septicum,2085,2086,1
5866,Mycolicibacterium_septicum,2699,2700,1
5867,Mycolicibacterium_septicum,3115,3136,21
5868,Mycolicibacterium_septicum,3140,3146,6
5869,Mycolicibacterium_septicum,3154,3178,24
5870,Mycolicibacterium_aromaticivorans,1,45,44
5871,Mycolicibacterium_aromaticivorans,48,49,1
5872,Mycolicibacterium_aromaticivorans,57,58,1
5873,Mycolicibacterium_aromaticivorans,92,164,72
5874,Mycolicibacterium_aromaticivorans,169,175,6
5875,Mycolicibacterium_aromaticivorans,326,329,3
5876,Mycolicibacterium_aromaticivorans,334,337,3
5877,Mycolicibacterium_aromaticivorans,339,351,12
5878,Mycolicibacterium_aromaticivorans,466,472,6
5879,Mycolicibacterium_aromaticivorans,1084,1090,6
5880,Mycolicibacterium_aromaticivorans,1091,1097,6
5881,Mycolicibacterium_aromaticivorans,1101,1110,9
5882,Mycolicibacterium_aromaticivorans,1116,1129,13
5883,Mycolicibacterium_aromaticivorans,1136,1139,3
5884,Mycolicibacterium_aromaticivorans,1140,1146,6
5885,Mycolicibacterium_aromaticivorans,1152,1158,6
5886,Mycolicibacterium_aromaticivorans,1159,1165,6
5887,Mycolicibacterium_aromaticivorans,1167,1170,3
5888,Mycolicibacterium_aromaticivorans,1224,1236,12
5889,Mycolicibacterium_aromaticivorans,1239,1248,9
5890,Mycolicibacterium_aromaticivorans,1251,1257,6
5891,Mycolicibacterium_aromaticivorans,1266,1269,3
5892,Mycolicibacterium_aromaticivorans,1847,1853,6
5893,Mycolicibacterium_aromaticivorans,1854,1863,9
5894,Mycolicibacterium_aromaticivorans,1865,1874,9
5895,Mycolicibacterium_aromaticivorans,1881,1883,2
5896,Mycolicibacterium_aromaticivorans,1885,1888,3
5897,Mycolicibacterium_aromaticivorans,1890,1898,8
5898,Mycolicibacterium_aromaticivorans,1902,1914,12
5899,Mycolicibacterium_aromaticivorans,1915,1925,10
5900,Mycolicibacterium_aromaticivorans,1931,1937,6
5901,Mycolicibacterium_aromaticivorans,2085,2086,1
5902,Mycolicibacterium_aromaticivorans,2699,2700,1
5903,Mycolicibacterium_aromaticivorans,3115,3136,21
5904,Mycolicibacterium_aromaticivorans,3140,3146,6
5905,Mycolicibacterium_aromaticivorans,3154,3178,24
5906,Mycolicibacter_minnesotensis,1,45,44
5907,Mycolicibacter_minnesotensis,48,49,1
5908,Mycolicibacter_minnesotensis,57,58,1
5909,Mycolicibacter_minnesotensis,98,104,6
5910,Mycolicibacter_minnesotensis,108,144,36
5911,Mycolicibacter_minnesotensis,157,163,6
5912,Mycolicibacter_minnesotensis,169,175,6
5913,Mycolicibacter_minnesotensis,334,337,3
5914,Mycolicibacter_minnesotensis,341,356,15
5915,Mycolicibacter_minnesotensis,466,472,6
5916,Mycolicibacter_minnesotensis,1084,1090,6
5917,Mycolicibacter_minnesotensis,1091,1097,6
5918,Mycolicibacter_minnesotensis,1106,1110,4
5919,Mycolicibacter_minnesotensis,1116,1122,6
5920,Mycolicibacter_minnesotensis,1136,1139,3
5921,Mycolicibacter_minnesotensis,1140,1170,30
5922,Mycolicibacter_minnesotensis,1239,1248,9
5923,Mycolicibacter_minnesotensis,1847,1853,6
5924,Mycolicibacter_minnesotensis,1854,1863,9
5925,Mycolicibacter_minnesotensis,1865,1874,9
5926,Mycolicibacter_minnesotensis,1881,1883,2
5927,Mycolicibacter_minnesotensis,1885,1888,3
5928,Mycolicibacter_minnesotensis,1890,1898,8
5929,Mycolicibacter_minnesotensis,1902,1914,12
5930,Mycolicibacter_minnesotensis,1915,1925,10
5931,Mycolicibacter_minnesotensis,1931,1937,6
5932,Mycolicibacter_minnesotensis,2085,2086,1
5933,Mycolicibacter_minnesotensis,2699,2700,1
5934,Mycolicibacter_minnesotensis,3115,3136,21
5935,Mycolicibacter_minnesotensis,3140,3146,6
5936,Mycolicibacter_minnesotensis,3154,3178,24
5937,Mycolicibacterium_obuense,1,45,44
5938,Mycolicibacterium_obuense,48,49,1
5939,Mycolicibacterium_obuense,57,58,1
5940,Mycolicibacterium_obuense,92,164,72
5941,Mycolicibacterium_obuense,167,176,9
5942,Mycolicibacterium_obuense,326,329,3
5943,Mycolicibacterium_obuense,334,337,3
5944,Mycolicibacterium_obuense,339,351,12
5945,Mycolicibacterium_obuense,466,472,6
5946,Mycolicibacterium_obuense,1084,1090,6
5947,Mycolicibacterium_obuense,1091,1097,6
5948,Mycolicibacterium_obuense,1101,1110,9
5949,Mycolicibacterium_obuense,1116,1129,13
5950,Mycolicibacterium_obuense,1136,1139,3
5951,Mycolicibacterium_obuense,1140,1146,6
5952,Mycolicibacterium_obuense,1152,1158,6
5953,Mycolicibacterium_obuense,1159,1165,6
5954,Mycolicibacterium_obuense,1167,1170,3
5955,Mycolicibacterium_obuense,1224,1236,12
5956,Mycolicibacterium_obuense,1239,1248,9
5957,Mycolicibacterium_obuense,1251,1257,6
5958,Mycolicibacterium_obuense,1266,1269,3
5959,Mycolicibacterium_obuense,1847,1853,6
5960,Mycolicibacterium_obuense,1854,1863,9
5961,Mycolicibacterium_obuense,1865,1874,9
5962,Mycolicibacterium_obuense,1881,1883,2
5963,Mycolicibacterium_obuense,1885,1888,3
5964,Mycolicibacterium_obuense,1890,1898,8
5965,Mycolicibacterium_obuense,1902,1914,12
5966,Mycolicibacterium_obuense,1915,1925,10
5967,Mycolicibacterium_obuense,1931,1937,6
5968,Mycolicibacterium_obuense,2085,2086,1
5969,Mycolicibacterium_obuense,2699,2700,1
5970,Mycolicibacterium_obuense,3115,3151,36
5971,Mycolicibacterium_obuense,3154,3178,24
5972,Mycolicibacterium_vinylchloridicum,1,65,64
5973,Mycolicibacterium_vinylchloridicum,92,164,72
5974,Mycolicibacterium_vinylchloridicum,169,175,6
5975,Mycolicibacterium_vinylchloridicum,326,329,3
5976,Mycolicibacterium_vinylchloridicum,334,337,3
5977,Mycolicibacterium_vinylchloridicum,339,351,12
5978,Mycolicibacterium_vinylchloridicum,466,472,6
5979,Mycolicibacterium_vinylchloridicum,1084,1090,6
5980,Mycolicibacterium_vinylchloridicum,1091,1097,6
5981,Mycolicibacterium_vinylchloridicum,1101,1110,9
5982,Mycolicibacterium_vinylchloridicum,1116,1129,13
5983,Mycolicibacterium_vinylchloridicum,1136,1139,3
5984,Mycolicibacterium_vinylchloridicum,1140,1146,6
5985,Mycolicibacterium_vinylchloridicum,1152,1158,6
5986,Mycolicibacterium_vinylchloridicum,1159,1165,6
5987,Mycolicibacterium_vinylchloridicum,1167,1170,3
5988,Mycolicibacterium_vinylchloridicum,1224,1236,12
5989,Mycolicibacterium_vinylchloridicum,1239,1248,9
5990,Mycolicibacterium_vinylchloridicum,1251,1257,6
5991,Mycolicibacterium_vinylchloridicum,1266,1269,3
5992,Mycolicibacterium_vinylchloridicum,1847,1853,6
5993,Mycolicibacterium_vinylchloridicum,1854,1863,9
5994,Mycolicibacterium_vinylchloridicum,1865,1874,9
5995,Mycolicibacterium_vinylchloridicum,1881,1883,2
5996,Mycolicibacterium_vinylchloridicum,1885,1888,3
5997,Mycolicibacterium_vinylchloridicum,1890,1898,8
5998,Mycolicibacterium_vinylchloridicum,1902,1914,12
5999,Mycolicibacterium_vinylchloridicum,1915,1925,10
6000,Mycolicibacterium_vinylchloridicum,1931,1937,6
6001,Mycolicibacterium_vinylchloridicum,2085,2086,1
6002,Mycolicibacterium_vinylchloridicum,2699,2700,1
6003,Mycolicibacterium_vinylchloridicum,3115,3151,36
6004,Mycolicibacterium_vinylchloridicum,3154,3178,24
6005,Mycolicibacterium_chubuense,1,45,44
6006,Mycolicibacterium_chubuense,48,49,1
6007,Mycolicibacterium_chubuense,57,58,1
6008,Mycolicibacterium_chubuense,92,164,72
6009,Mycolicibacterium_chubuense,169,175,6
6010,Mycolicibacterium_chubuense,326,329,3
6011,Mycolicibacterium_chubuense,334,337,3
6012,Mycolicibacterium_chubuense,339,351,12
6013,Mycolicibacterium_chubuense,466,472,6
6014,Mycolicibacterium_chubuense,1084,1090,6
6015,Mycolicibacterium_chubuense,1091,1097,6
6016,Mycolicibacterium_chubuense,1101,1110,9
6017,Mycolicibacterium_chubuense,1116,1129,13
6018,Mycolicibacterium_chubuense,1136,1139,3
6019,Mycolicibacterium_chubuense,1140,1146,6
6020,Mycolicibacterium_chubuense,1152,1158,6
6021,Mycolicibacterium_chubuense,1159,1165,6
6022,Mycolicibacterium_chubuense,1167,1170,3
6023,Mycolicibacterium_chubuense,1224,1236,12
6024,Mycolicibacterium_chubuense,1239,1248,9
6025,Mycolicibacterium_chubuense,1251,1257,6
6026,Mycolicibacterium_chubuense,1266,1269,3
6027,Mycolicibacterium_chubuense,1847,1853,6
6028,Mycolicibacterium_chubuense,1854,1863,9
6029,Mycolicibacterium_chubuense,1865,1874,9
6030,Mycolicibacterium_chubuense,1881,1883,2
6031,Mycolicibacterium_chubuense,1885,1888,3
6032,Mycolicibacterium_chubuense,1890,1898,8
6033,Mycolicibacterium_chubuense,1902,1914,12
6034,Mycolicibacterium_chubuense,1915,1925,10
6035,Mycolicibacterium_chubuense,1931,1937,6
6036,Mycolicibacterium_chubuense,2085,2086,1
6037,Mycolicibacterium_chubuense,2699,2700,1
6038,Mycolicibacterium_chubuense,3115,3151,36
6039,Mycolicibacterium_chubuense,3154,3178,24
6040,Mycobacterium_kyogaense,1,45,44
6041,Mycobacterium_kyogaense,48,49,1
6042,Mycobacterium_kyogaense,57,58,1
6043,Mycobacterium_kyogaense,92,164,72
6044,Mycobacterium_kyogaense,167,176,9
6045,Mycobacterium_kyogaense,326,329,3
6046,Mycobacterium_kyogaense,334,337,3
6047,Mycobacterium_kyogaense,339,351,12
6048,Mycobacterium_kyogaense,466,472,6
6049,Mycobacterium_kyogaense,1084,1090,6
6050,Mycobacterium_kyogaense,1091,1097,6
6051,Mycobacterium_kyogaense,1101,1110,9
6052,Mycobacterium_kyogaense,1116,1129,13
6053,Mycobacterium_kyogaense,1136,1139,3
6054,Mycobacterium_kyogaense,1140,1146,6
6055,Mycobacterium_kyogaense,1152,1158,6
6056,Mycobacterium_kyogaense,1159,1165,6
6057,Mycobacterium_kyogaense,1167,1170,3
6058,Mycobacterium_kyogaense,1224,1236,12
6059,Mycobacterium_kyogaense,1239,1248,9
6060,Mycobacterium_kyogaense,1251,1257,6
6061,Mycobacterium_kyogaense,1266,1269,3
6062,Mycobacterium_kyogaense,1847,1853,6
6063,Mycobacterium_kyogaense,1854,1863,9
6064,Mycobacterium_kyogaense,1865,1874,9
6065,Mycobacterium_kyogaense,1881,1883,2
6066,Mycobacterium_kyogaense,1885,1888,3
6067,Mycobacterium_kyogaense,1890,1898,8
6068,Mycobacterium_kyogaense,1902,1914,12
6069,Mycobacterium_kyogaense,1915,1925,10
6070,Mycobacterium_kyogaense,1931,1937,6
6071,Mycobacterium_kyogaense,2085,2086,1
6072,Mycobacterium_kyogaense,2699,2700,1
6073,Mycobacterium_kyogaense,3115,3151,36
6074,Mycobacterium_kyogaense,3154,3178,24
6075,Mycolicibacterium_stellerae,1,45,44
6076,Mycolicibacterium_stellerae,48,49,1
6077,Mycolicibacterium_stellerae,57,58,1
6078,Mycolicibacterium_stellerae,93,162,69
6079,Mycolicibacterium_stellerae,169,175,6
6080,Mycolicibacterium_stellerae,326,329,3
6081,Mycolicibacterium_stellerae,334,337,3
6082,Mycolicibacterium_stellerae,339,351,12
6083,Mycolicibacterium_stellerae,466,472,6
6084,Mycolicibacterium_stellerae,1084,1090,6
6085,Mycolicibacterium_stellerae,1091,1097,6
6086,Mycolicibacterium_stellerae,1101,1110,9
6087,Mycolicibacterium_stellerae,1116,1129,13
6088,Mycolicibacterium_stellerae,1136,1139,3
6089,Mycolicibacterium_stellerae,1140,1146,6
6090,Mycolicibacterium_stellerae,1152,1158,6
6091,Mycolicibacterium_stellerae,1159,1165,6
6092,Mycolicibacterium_stellerae,1167,1170,3
6093,Mycolicibacterium_stellerae,1224,1236,12
6094,Mycolicibacterium_stellerae,1239,1248,9
6095,Mycolicibacterium_stellerae,1251,1257,6
6096,Mycolicibacterium_stellerae,1266,1269,3
6097,Mycolicibacterium_stellerae,1847,1853,6
6098,Mycolicibacterium_stellerae,1854,1863,9
6099,Mycolicibacterium_stellerae,1865,1874,9
6100,Mycolicibacterium_stellerae,1881,1883,2
6101,Mycolicibacterium_stellerae,1885,1888,3
6102,Mycolicibacterium_stellerae,1890,1898,8
6103,Mycolicibacterium_stellerae,1902,1914,12
6104,Mycolicibacterium_stellerae,1915,1925,10
6105,Mycolicibacterium_stellerae,1931,1937,6
6106,Mycolicibacterium_stellerae,2085,2086,1
6107,Mycolicibacterium_stellerae,2699,2700,1
6108,Mycolicibacterium_stellerae,3115,3151,36
6109,Mycolicibacterium_stellerae,3154,3178,24
6110,Mycolicibacterium_nivoides,1,45,44
6111,Mycolicibacterium_nivoides,48,49,1
6112,Mycolicibacterium_nivoides,57,58,1
6113,Mycolicibacterium_nivoides,87,90,3
6114,Mycolicibacterium_nivoides,93,105,12
6115,Mycolicibacterium_nivoides,108,162,54
6116,Mycolicibacterium_nivoides,169,175,6
6117,Mycolicibacterium_nivoides,326,329,3
6118,Mycolicibacterium_nivoides,334,337,3
6119,Mycolicibacterium_nivoides,339,351,12
6120,Mycolicibacterium_nivoides,466,472,6
6121,Mycolicibacterium_nivoides,1084,1090,6
6122,Mycolicibacterium_nivoides,1091,1097,6
6123,Mycolicibacterium_nivoides,1101,1110,9
6124,Mycolicibacterium_nivoides,1116,1129,13
6125,Mycolicibacterium_nivoides,1136,1139,3
6126,Mycolicibacterium_nivoides,1140,1146,6
6127,Mycolicibacterium_nivoides,1152,1158,6
6128,Mycolicibacterium_nivoides,1159,1165,6
6129,Mycolicibacterium_nivoides,1167,1170,3
6130,Mycolicibacterium_nivoides,1224,1236,12
6131,Mycolicibacterium_nivoides,1239,1248,9
6132,Mycolicibacterium_nivoides,1251,1257,6
6133,Mycolicibacterium_nivoides,1266,1269,3
6134,Mycolicibacterium_nivoides,1847,1853,6
6135,Mycolicibacterium_nivoides,1854,1863,9
6136,Mycolicibacterium_nivoides,1865,1874,9
6137,Mycolicibacterium_nivoides,1881,1883,2
6138,Mycolicibacterium_nivoides,1885,1888,3
6139,Mycolicibacterium_nivoides,1890,1898,8
6140,Mycolicibacterium_nivoides,1902,1914,12
6141,Mycolicibacterium_nivoides,1915,1925,10
6142,Mycolicibacterium_nivoides,1931,1937,6
6143,Mycolicibacterium_nivoides,2085,2086,1
6144,Mycolicibacterium_nivoides,2699,2700,1
6145,Mycolicibacterium_nivoides,3115,3136,21
6146,Mycolicibacterium_nivoides,3140,3146,6
6147,Mycolicibacterium_nivoides,3154,3178,24
6148,Mycolicibacterium_tusciae,1,45,44
6149,Mycolicibacterium_tusciae,48,49,1
6150,Mycolicibacterium_tusciae,57,58,1
6151,Mycolicibacterium_tusciae,93,162,69
6152,Mycolicibacterium_tusciae,169,175,6
6153,Mycolicibacterium_tusciae,326,329,3
6154,Mycolicibacterium_tusciae,339,351,12
6155,Mycolicibacterium_tusciae,466,472,6
6156,Mycolicibacterium_tusciae,1084,1090,6
6157,Mycolicibacterium_tusciae,1091,1097,6
6158,Mycolicibacterium_tusciae,1101,1110,9
6159,Mycolicibacterium_tusciae,1116,1129,13
6160,Mycolicibacterium_tusciae,1136,1139,3
6161,Mycolicibacterium_tusciae,1140,1146,6
6162,Mycolicibacterium_tusciae,1152,1158,6
6163,Mycolicibacterium_tusciae,1159,1165,6
6164,Mycolicibacterium_tusciae,1167,1170,3
6165,Mycolicibacterium_tusciae,1224,1236,12
6166,Mycolicibacterium_tusciae,1239,1248,9
6167,Mycolicibacterium_tusciae,1251,1257,6
6168,Mycolicibacterium_tusciae,1266,1269,3
6169,Mycolicibacterium_tusciae,1847,1853,6
6170,Mycolicibacterium_tusciae,1854,1863,9
6171,Mycolicibacterium_tusciae,1865,1874,9
6172,Mycolicibacterium_tusciae,1881,1883,2
6173,Mycolicibacterium_tusciae,1885,1888,3
6174,Mycolicibacterium_tusciae,1890,1898,8
6175,Mycolicibacterium_tusciae,1902,1914,12
6176,Mycolicibacterium_tusciae,1915,1925,10
6177,Mycolicibacterium_tusciae,1931,1937,6
6178,Mycolicibacterium_tusciae,2085,2086,1
6179,Mycolicibacterium_tusciae,2699,2700,1
6180,Mycolicibacterium_tusciae,3115,3151,36
6181,Mycolicibacterium_tusciae,3154,3178,24
6182,Mycolicibacterium_boenickei,1,45,44
6183,Mycolicibacterium_boenickei,48,49,1
6184,Mycolicibacterium_boenickei,57,58,1
6185,Mycolicibacterium_boenickei,87,90,3
6186,Mycolicibacterium_boenickei,93,105,12
6187,Mycolicibacterium_boenickei,108,162,54
6188,Mycolicibacterium_boenickei,169,175,6
6189,Mycolicibacterium_boenickei,326,329,3
6190,Mycolicibacterium_boenickei,334,337,3
6191,Mycolicibacterium_boenickei,339,351,12
6192,Mycolicibacterium_boenickei,466,472,6
6193,Mycolicibacterium_boenickei,1084,1090,6
6194,Mycolicibacterium_boenickei,1091,1097,6
6195,Mycolicibacterium_boenickei,1101,1110,9
6196,Mycolicibacterium_boenickei,1116,1129,13
6197,Mycolicibacterium_boenickei,1136,1139,3
6198,Mycolicibacterium_boenickei,1140,1146,6
6199,Mycolicibacterium_boenickei,1152,1158,6
6200,Mycolicibacterium_boenickei,1159,1165,6
6201,Mycolicibacterium_boenickei,1167,1170,3
6202,Mycolicibacterium_boenickei,1224,1236,12
6203,Mycolicibacterium_boenickei,1239,1248,9
6204,Mycolicibacterium_boenickei,1251,1257,6
6205,Mycolicibacterium_boenickei,1266,1269,3
6206,Mycolicibacterium_boenickei,1847,1853,6
6207,Mycolicibacterium_boenickei,1854,1863,9
6208,Mycolicibacterium_boenickei,1865,1874,9
6209,Mycolicibacterium_boenickei,1881,1883,2
6210,Mycolicibacterium_boenickei,1885,1888,3
6211,Mycolicibacterium_boenickei,1890,1898,8
6212,Mycolicibacterium_boenickei,1902,1914,12
6213,Mycolicibacterium_boenickei,1915,1925,10
6214,Mycolicibacterium_boenickei,1931,1937,6
6215,Mycolicibacterium_boenickei,2085,2086,1
6216,Mycolicibacterium_boenickei,2699,2700,1
6217,Mycolicibacterium_boenickei,3115,3136,21
6218,Mycolicibacterium_boenickei,3140,3146,6
6219,Mycolicibacterium_boenickei,3154,3178,24
6220,Mycolicibacterium_alvei,1,45,44
6221,Mycolicibacterium_alvei,48,49,1
6222,Mycolicibacterium_alvei,57,58,1
6223,Mycolicibacterium_alvei,87,90,3
6224,Mycolicibacterium_alvei,93,105,12
6225,Mycolicibacterium_alvei,108,162,54
6226,Mycolicibacterium_alvei,169,175,6
6227,Mycolicibacterium_alvei,326,329,3
6228,Mycolicibacterium_alvei,334,337,3
6229,Mycolicibacterium_alvei,339,351,12
6230,Mycolicibacterium_alvei,466,472,6
6231,Mycolicibacterium_alvei,1084,1090,6
6232,Mycolicibacterium_alvei,1091,1097,6
6233,Mycolicibacterium_alvei,1101,1110,9
6234,Mycolicibacterium_alvei,1116,1129,13
6235,Mycolicibacterium_alvei,1136,1139,3
6236,Mycolicibacterium_alvei,1140,1146,6
6237,Mycolicibacterium_alvei,1152,1158,6
6238,Mycolicibacterium_alvei,1159,1165,6
6239,Mycolicibacterium_alvei,1167,1170,3
6240,Mycolicibacterium_alvei,1224,1236,12
6241,Mycolicibacterium_alvei,1239,1248,9
6242,Mycolicibacterium_alvei,1251,1257,6
6243,Mycolicibacterium_alvei,1266,1269,3
6244,Mycolicibacterium_alvei,1847,1853,6
6245,Mycolicibacterium_alvei,1854,1863,9
6246,Mycolicibacterium_alvei,1865,1874,9
6247,Mycolicibacterium_alvei,1881,1883,2
6248,Mycolicibacterium_alvei,1885,1888,3
6249,Mycolicibacterium_alvei,1890,1898,8
6250,Mycolicibacterium_alvei,1902,1914,12
6251,Mycolicibacterium_alvei,1915,1925,10
6252,Mycolicibacterium_alvei,1931,1937,6
6253,Mycolicibacterium_alvei,2085,2086,1
6254,Mycolicibacterium_alvei,2699,2700,1
6255,Mycolicibacterium_alvei,3115,3136,21
6256,Mycolicibacterium_alvei,3140,3146,6
6257,Mycolicibacterium_alvei,3154,3178,24
6258,Mycobacterium_hackensackense,1,45,44
6259,Mycobacterium_hackensackense,48,49,1
6260,Mycobacterium_hackensackense,57,58,1
6261,Mycobacterium_hackensackense,91,166,75
6262,Mycobacterium_hackensackense,169,175,6
6263,Mycobacterium_hackensackense,326,329,3
6264,Mycobacterium_hackensackense,339,351,12
6265,Mycobacterium_hackensackense,466,472,6
6266,Mycobacterium_hackensackense,1084,1090,6
6267,Mycobacterium_hackensackense,1091,1097,6
6268,Mycobacterium_hackensackense,1101,1110,9
6269,Mycobacterium_hackensackense,1116,1129,13
6270,Mycobacterium_hackensackense,1136,1139,3
6271,Mycobacterium_hackensackense,1140,1146,6
6272,Mycobacterium_hackensackense,1152,1158,6
6273,Mycobacterium_hackensackense,1159,1165,6
6274,Mycobacterium_hackensackense,1167,1170,3
6275,Mycobacterium_hackensackense,1224,1236,12
6276,Mycobacterium_hackensackense,1239,1248,9
6277,Mycobacterium_hackensackense,1251,1257,6
6278,Mycobacterium_hackensackense,1266,1269,3
6279,Mycobacterium_hackensackense,1847,1853,6
6280,Mycobacterium_hackensackense,1854,1863,9
6281,Mycobacterium_hackensackense,1865,1874,9
6282,Mycobacterium_hackensackense,1881,1883,2
6283,Mycobacterium_hackensackense,1885,1888,3
6284,Mycobacterium_hackensackense,1890,1898,8
6285,Mycobacterium_hackensackense,1902,1914,12
6286,Mycobacterium_hackensackense,1915,1925,10
6287,Mycobacterium_hackensackense,1931,1937,6
6288,Mycobacterium_hackensackense,2085,2086,1
6289,Mycobacterium_hackensackense,2699,2700,1
6290,Mycobacterium_hackensackense,3115,3136,21
6291,Mycobacterium_hackensackense,3140,3146,6
6292,Mycobacterium_hackensackense,3154,3178,24
6293,Mycolicibacterium_gilvum,1,45,44
6294,Mycolicibacterium_gilvum,48,49,1
6295,Mycolicibacterium_gilvum,57,58,1
6296,Mycolicibacterium_gilvum,91,166,75
6297,Mycolicibacterium_gilvum,169,175,6
6298,Mycolicibacterium_gilvum,326,329,3
6299,Mycolicibacterium_gilvum,334,337,3
6300,Mycolicibacterium_gilvum,339,351,12
6301,Mycolicibacterium_gilvum,466,472,6
6302,Mycolicibacterium_gilvum,1084,1090,6
6303,Mycolicibacterium_gilvum,1091,1097,6
6304,Mycolicibacterium_gilvum,1101,1110,9
6305,Mycolicibacterium_gilvum,1116,1129,13
6306,Mycolicibacterium_gilvum,1136,1139,3
6307,Mycolicibacterium_gilvum,1140,1146,6
6308,Mycolicibacterium_gilvum,1152,1158,6
6309,Mycolicibacterium_gilvum,1159,1165,6
6310,Mycolicibacterium_gilvum,1167,1170,3
6311,Mycolicibacterium_gilvum,1224,1236,12
6312,Mycolicibacterium_gilvum,1239,1248,9
6313,Mycolicibacterium_gilvum,1251,1257,6
6314,Mycolicibacterium_gilvum,1266,1269,3
6315,Mycolicibacterium_gilvum,1847,1853,6
6316,Mycolicibacterium_gilvum,1854,1863,9
6317,Mycolicibacterium_gilvum,1865,1874,9
6318,Mycolicibacterium_gilvum,1881,1883,2
6319,Mycolicibacterium_gilvum,1885,1888,3
6320,Mycolicibacterium_gilvum,1890,1898,8
6321,Mycolicibacterium_gilvum,1902,1914,12
6322,Mycolicibacterium_gilvum,1915,1925,10
6323,Mycolicibacterium_gilvum,1931,1937,6
6324,Mycolicibacterium_gilvum,2085,2086,1
6325,Mycolicibacterium_gilvum,2699,2700,1
6326,Mycolicibacterium_gilvum,3140,3146,6
6327,Mycolicibacterium_gilvum,3154,3178,24
6328,Mycolicibacterium_setense,1,45,44
6329,Mycolicibacterium_setense,48,49,1
6330,Mycolicibacterium_setense,57,58,1
6331,Mycolicibacterium_setense,87,90,3
6332,Mycolicibacterium_setense,93,105,12
6333,Mycolicibacterium_setense,108,162,54
6334,Mycolicibacterium_setense,169,175,6
6335,Mycolicibacterium_setense,326,329,3
6336,Mycolicibacterium_setense,334,337,3
6337,Mycolicibacterium_setense,339,351,12
6338,Mycolicibacterium_setense,466,472,6
6339,Mycolicibacterium_setense,1084,1090,6
6340,Mycolicibacterium_setense,1091,1097,6
6341,Mycolicibacterium_setense,1101,1110,9
6342,Mycolicibacterium_setense,1116,1129,13
6343,Mycolicibacterium_setense,1136,1139,3
6344,Mycolicibacterium_setense,1140,1146,6
6345,Mycolicibacterium_setense,1152,1158,6
6346,Mycolicibacterium_setense,1159,1165,6
6347,Mycolicibacterium_setense,1167,1170,3
6348,Mycolicibacterium_setense,1224,1236,12
6349,Mycolicibacterium_setense,1239,1248,9
6350,Mycolicibacterium_setense,1251,1257,6
6351,Mycolicibacterium_setense,1266,1269,3
6352,Mycolicibacterium_setense,1847,1853,6
6353,Mycolicibacterium_setense,1854,1863,9
6354,Mycolicibacterium_setense,1865,1874,9
6355,Mycolicibacterium_setense,1881,1883,2
6356,Mycolicibacterium_setense,1885,1888,3
6357,Mycolicibacterium_setense,1890,1898,8
6358,Mycolicibacterium_setense,1902,1914,12
6359,Mycolicibacterium_setense,1915,1925,10
6360,Mycolicibacterium_setense,1931,1937,6
6361,Mycolicibacterium_setense,2085,2086,1
6362,Mycolicibacterium_setense,2699,2700,1
6363,Mycolicibacterium_setense,3115,3136,21
6364,Mycolicibacterium_setense,3140,3146,6
6365,Mycolicibacterium_setense,3154,3178,24
6366,Mycobacterium_lepromatosis,1,65,64
6367,Mycobacterium_lepromatosis,102,104,2
6368,Mycobacterium_lepromatosis,108,142,34
6369,Mycobacterium_lepromatosis,157,163,6
6370,Mycobacterium_lepromatosis,169,175,6
6371,Mycobacterium_lepromatosis,326,329,3
6372,Mycobacterium_lepromatosis,334,337,3
6373,Mycobacterium_lepromatosis,339,351,12
6374,Mycobacterium_lepromatosis,466,472,6
6375,Mycobacterium_lepromatosis,1084,1090,6
6376,Mycobacterium_lepromatosis,1091,1097,6
6377,Mycobacterium_lepromatosis,1101,1110,9
6378,Mycobacterium_lepromatosis,1116,1129,13
6379,Mycobacterium_lepromatosis,1136,1139,3
6380,Mycobacterium_lepromatosis,1140,1146,6
6381,Mycobacterium_lepromatosis,1152,1164,12
6382,Mycobacterium_lepromatosis,1167,1170,3
6383,Mycobacterium_lepromatosis,1224,1236,12
6384,Mycobacterium_lepromatosis,1239,1248,9
6385,Mycobacterium_lepromatosis,1251,1257,6
6386,Mycobacterium_lepromatosis,1265,1268,3
6387,Mycobacterium_lepromatosis,1847,1853,6
6388,Mycobacterium_lepromatosis,1854,1863,9
6389,Mycobacterium_lepromatosis,1865,1874,9
6390,Mycobacterium_lepromatosis,1881,1883,2
6391,Mycobacterium_lepromatosis,1885,1888,3
6392,Mycobacterium_lepromatosis,1890,1898,8
6393,Mycobacterium_lepromatosis,1903,1925,22
6394,Mycobacterium_lepromatosis,1931,1937,6
6395,Mycobacterium_lepromatosis,2085,2086,1
6396,Mycobacterium_lepromatosis,2699,2700,1
6397,Mycobacterium_lepromatosis,3115,3136,21
6398,Mycobacterium_lepromatosis,3140,3146,6
6399,Mycobacterium_lepromatosis,3154,3178,24
6400,Mycolicibacterium_lutetiense,1,65,64
6401,Mycolicibacterium_lutetiense,87,90,3
6402,Mycolicibacterium_lutetiense,93,105,12
6403,Mycolicibacterium_lutetiense,108,162,54
6404,Mycolicibacterium_lutetiense,169,175,6
6405,Mycolicibacterium_lutetiense,326,329,3
6406,Mycolicibacterium_lutetiense,334,337,3
6407,Mycolicibacterium_lutetiense,339,351,12
6408,Mycolicibacterium_lutetiense,466,472,6
6409,Mycolicibacterium_lutetiense,1084,1090,6
6410,Mycolicibacterium_lutetiense,1091,1097,6
6411,Mycolicibacterium_lutetiense,1101,1110,9
6412,Mycolicibacterium_lutetiense,1116,1129,13
6413,Mycolicibacterium_lutetiense,1136,1139,3
6414,Mycolicibacterium_lutetiense,1140,1146,6
6415,Mycolicibacterium_lutetiense,1152,1158,6
6416,Mycolicibacterium_lutetiense,1159,1165,6
6417,Mycolicibacterium_lutetiense,1167,1170,3
6418,Mycolicibacterium_lutetiense,1224,1236,12
6419,Mycolicibacterium_lutetiense,1239,1248,9
6420,Mycolicibacterium_lutetiense,1251,1257,6
6421,Mycolicibacterium_lutetiense,1266,1269,3
6422,Mycolicibacterium_lutetiense,1847,1853,6
6423,Mycolicibacterium_lutetiense,1854,1863,9
6424,Mycolicibacterium_lutetiense,1865,1874,9
6425,Mycolicibacterium_lutetiense,1881,1883,2
6426,Mycolicibacterium_lutetiense,1885,1888,3
6427,Mycolicibacterium_lutetiense,1890,1898,8
6428,Mycolicibacterium_lutetiense,1902,1914,12
6429,Mycolicibacterium_lutetiense,1915,1925,10
6430,Mycolicibacterium_lutetiense,1931,1937,6
6431,Mycolicibacterium_lutetiense,2085,2086,1
6432,Mycolicibacterium_lutetiense,2699,2700,1
6433,Mycolicibacterium_lutetiense,3115,3136,21
6434,Mycolicibacterium_lutetiense,3140,3146,6
6435,Mycolicibacterium_lutetiense,3154,3178,24
6436,Mycolicibacterium_cosmeticum,1,45,44
6437,Mycolicibacterium_cosmeticum,48,49,1
6438,Mycolicibacterium_cosmeticum,57,58,1
6439,Mycolicibacterium_cosmeticum,91,166,75
6440,Mycolicibacterium_cosmeticum,169,175,6
6441,Mycolicibacterium_cosmeticum,326,329,3
6442,Mycolicibacterium_cosmeticum,334,337,3
6443,Mycolicibacterium_cosmeticum,339,351,12
6444,Mycolicibacterium_cosmeticum,466,472,6
6445,Mycolicibacterium_cosmeticum,1084,1090,6
6446,Mycolicibacterium_cosmeticum,1091,1097,6
6447,Mycolicibacterium_cosmeticum,1101,1110,9
6448,Mycolicibacterium_cosmeticum,1116,1129,13
6449,Mycolicibacterium_cosmeticum,1136,1139,3
6450,Mycolicibacterium_cosmeticum,1140,1146,6
6451,Mycolicibacterium_cosmeticum,1152,1158,6
6452,Mycolicibacterium_cosmeticum,1159,1165,6
6453,Mycolicibacterium_cosmeticum,1167,1170,3
6454,Mycolicibacterium_cosmeticum,1224,1236,12
6455,Mycolicibacterium_cosmeticum,1239,1248,9
6456,Mycolicibacterium_cosmeticum,1251,1257,6
6457,Mycolicibacterium_cosmeticum,1266,1269,3
6458,Mycolicibacterium_cosmeticum,1847,1853,6
6459,Mycolicibacterium_cosmeticum,1854,1863,9
6460,Mycolicibacterium_cosmeticum,1865,1874,9
6461,Mycolicibacterium_cosmeticum,1881,1883,2
6462,Mycolicibacterium_cosmeticum,1885,1888,3
6463,Mycolicibacterium_cosmeticum,1890,1898,8
6464,Mycolicibacterium_cosmeticum,1902,1914,12
6465,Mycolicibacterium_cosmeticum,1915,1925,10
6466,Mycolicibacterium_cosmeticum,1931,1937,6
6467,Mycolicibacterium_cosmeticum,2085,2086,1
6468,Mycolicibacterium_cosmeticum,2699,2700,1
6469,Mycolicibacterium_cosmeticum,3115,3151,36
6470,Mycolicibacterium_cosmeticum,3154,3178,24
6471,Mycobacterium_uberis,1,65,64
6472,Mycobacterium_uberis,102,104,2
6473,Mycobacterium_uberis,108,142,34
6474,Mycobacterium_uberis,157,163,6
6475,Mycobacterium_uberis,169,175,6
6476,Mycobacterium_uberis,326,329,3
6477,Mycobacterium_uberis,334,337,3
6478,Mycobacterium_uberis,339,351,12
6479,Mycobacterium_uberis,466,472,6
6480,Mycobacterium_uberis,1084,1090,6
6481,Mycobacterium_uberis,1091,1100,9
6482,Mycobacterium_uberis,1101,1110,9
6483,Mycobacterium_uberis,1116,1129,13
6484,Mycobacterium_uberis,1136,1139,3
6485,Mycobacterium_uberis,1140,1146,6
6486,Mycobacterium_uberis,1152,1158,6
6487,Mycobacterium_uberis,1167,1170,3
6488,Mycobacterium_uberis,1224,1236,12
6489,Mycobacterium_uberis,1239,1248,9
6490,Mycobacterium_uberis,1251,1257,6
6491,Mycobacterium_uberis,1265,1268,3
6492,Mycobacterium_uberis,1847,1853,6
6493,Mycobacterium_uberis,1854,1863,9
6494,Mycobacterium_uberis,1865,1874,9
6495,Mycobacterium_uberis,1881,1883,2
6496,Mycobacterium_uberis,1885,1888,3
6497,Mycobacterium_uberis,1890,1898,8
6498,Mycobacterium_uberis,1903,1925,22
6499,Mycobacterium_uberis,1931,1937,6
6500,Mycobacterium_uberis,2085,2086,1
6501,Mycobacterium_uberis,2699,2700,1
6502,Mycobacterium_uberis,3115,3136,21
6503,Mycobacterium_uberis,3140,3146,6
6504,Mycobacterium_uberis,3154,3178,24
6505,Mycolicibacterium_sphagni,1,65,64
6506,Mycolicibacterium_sphagni,92,164,72
6507,Mycolicibacterium_sphagni,169,175,6
6508,Mycolicibacterium_sphagni,326,329,3
6509,Mycolicibacterium_sphagni,334,337,3
6510,Mycolicibacterium_sphagni,339,351,12
6511,Mycolicibacterium_sphagni,466,472,6
6512,Mycolicibacterium_sphagni,1084,1090,6
6513,Mycolicibacterium_sphagni,1091,1097,6
6514,Mycolicibacterium_sphagni,1101,1110,9
6515,Mycolicibacterium_sphagni,1116,1129,13
6516,Mycolicibacterium_sphagni,1136,1139,3
6517,Mycolicibacterium_sphagni,1140,1146,6
6518,Mycolicibacterium_sphagni,1152,1158,6
6519,Mycolicibacterium_sphagni,1159,1165,6
6520,Mycolicibacterium_sphagni,1167,1170,3
6521,Mycolicibacterium_sphagni,1224,1236,12
6522,Mycolicibacterium_sphagni,1239,1248,9
6523,Mycolicibacterium_sphagni,1251,1257,6
6524,Mycolicibacterium_sphagni,1266,1269,3
6525,Mycolicibacterium_sphagni,1847,1853,6
6526,Mycolicibacterium_sphagni,1854,1863,9
6527,Mycolicibacterium_sphagni,1865,1874,9
6528,Mycolicibacterium_sphagni,1881,1883,2
6529,Mycolicibacterium_sphagni,1885,1888,3
6530,Mycolicibacterium_sphagni,1890,1898,8
6531,Mycolicibacterium_sphagni,1902,1914,12
6532,Mycolicibacterium_sphagni,1915,1925,10
6533,Mycolicibacterium_sphagni,1931,1937,6
6534,Mycolicibacterium_sphagni,2085,2086,1
6535,Mycolicibacterium_sphagni,2699,2700,1
6536,Mycolicibacterium_sphagni,3115,3151,36
6537,Mycolicibacterium_sphagni,3154,3178,24
6538,Mycolicibacterium_fluoranthenivorans,1,45,44
6539,Mycolicibacterium_fluoranthenivorans,48,49,1
6540,Mycolicibacterium_fluoranthenivorans,57,58,1
6541,Mycolicibacterium_fluoranthenivorans,91,166,75
6542,Mycolicibacterium_fluoranthenivorans,169,175,6
6543,Mycolicibacterium_fluoranthenivorans,326,329,3
6544,Mycolicibacterium_fluoranthenivorans,339,351,12
6545,Mycolicibacterium_fluoranthenivorans,466,472,6
6546,Mycolicibacterium_fluoranthenivorans,1084,1090,6
6547,Mycolicibacterium_fluoranthenivorans,1091,1097,6
6548,Mycolicibacterium_fluoranthenivorans,1101,1110,9
6549,Mycolicibacterium_fluoranthenivorans,1116,1129,13
6550,Mycolicibacterium_fluoranthenivorans,1136,1139,3
6551,Mycolicibacterium_fluoranthenivorans,1140,1146,6
6552,Mycolicibacterium_fluoranthenivorans,1152,1158,6
6553,Mycolicibacterium_fluoranthenivorans,1159,1165,6
6554,Mycolicibacterium_fluoranthenivorans,1167,1170,3
6555,Mycolicibacterium_fluoranthenivorans,1224,1236,12
6556,Mycolicibacterium_fluoranthenivorans,1239,1248,9
6557,Mycolicibacterium_fluoranthenivorans,1251,1257,6
6558,Mycolicibacterium_fluoranthenivorans,1266,1269,3
6559,Mycolicibacterium_fluoranthenivorans,1847,1853,6
6560,Mycolicibacterium_fluoranthenivorans,1854,1863,9
6561,Mycolicibacterium_fluoranthenivorans,1865,1874,9
6562,Mycolicibacterium_fluoranthenivorans,1881,1883,2
6563,Mycolicibacterium_fluoranthenivorans,1885,1888,3
6564,Mycolicibacterium_fluoranthenivorans,1890,1898,8
6565,Mycolicibacterium_fluoranthenivorans,1902,1914,12
6566,Mycolicibacterium_fluoranthenivorans,1915,1925,10
6567,Mycolicibacterium_fluoranthenivorans,1931,1937,6
6568,Mycolicibacterium_fluoranthenivorans,2085,2086,1
6569,Mycolicibacterium_fluoranthenivorans,2699,2700,1
6570,Mycolicibacterium_fluoranthenivorans,3115,3136,21
6571,Mycolicibacterium_fluoranthenivorans,3140,3146,6
6572,Mycolicibacterium_fluoranthenivorans,3154,3178,24
6573,Mycobacterium_grossiae,1,45,44
6574,Mycobacterium_grossiae,48,49,1
6575,Mycobacterium_grossiae,57,58,1
6576,Mycobacterium_grossiae,93,104,11
6577,Mycobacterium_grossiae,108,175,67
6578,Mycobacterium_grossiae,326,329,3
6579,Mycobacterium_grossiae,334,337,3
6580,Mycobacterium_grossiae,339,351,12
6581,Mycobacterium_grossiae,466,472,6
6582,Mycobacterium_grossiae,1084,1090,6
6583,Mycobacterium_grossiae,1091,1097,6
6584,Mycobacterium_grossiae,1101,1110,9
6585,Mycobacterium_grossiae,1116,1129,13
6586,Mycobacterium_grossiae,1136,1139,3
6587,Mycobacterium_grossiae,1140,1146,6
6588,Mycobacterium_grossiae,1152,1158,6
6589,Mycobacterium_grossiae,1159,1165,6
6590,Mycobacterium_grossiae,1167,1170,3
6591,Mycobacterium_grossiae,1224,1236,12
6592,Mycobacterium_grossiae,1251,1257,6
6593,Mycobacterium_grossiae,1847,1853,6
6594,Mycobacterium_grossiae,1854,1863,9
6595,Mycobacterium_grossiae,1865,1874,9
6596,Mycobacterium_grossiae,1881,1883,2
6597,Mycobacterium_grossiae,1885,1888,3
6598,Mycobacterium_grossiae,1890,1898,8
6599,Mycobacterium_grossiae,1902,1914,12
6600,Mycobacterium_grossiae,1915,1925,10
6601,Mycobacterium_grossiae,1931,1937,6
6602,Mycobacterium_grossiae,2085,2086,1
6603,Mycobacterium_grossiae,2699,2700,1
6604,Mycobacterium_grossiae,3115,3136,21
6605,Mycobacterium_grossiae,3140,3146,6
6606,Mycobacterium_grossiae,3154,3178,24
6607,Mycolicibacterium_canariasense,1,45,44
6608,Mycolicibacterium_canariasense,48,49,1
6609,Mycolicibacterium_canariasense,57,58,1
6610,Mycolicibacterium_canariasense,91,166,75
6611,Mycolicibacterium_canariasense,169,175,6
6612,Mycolicibacterium_canariasense,326,329,3
6613,Mycolicibacterium_canariasense,334,337,3
6614,Mycolicibacterium_canariasense,339,351,12
6615,Mycolicibacterium_canariasense,466,472,6
6616,Mycolicibacterium_canariasense,1084,1090,6
6617,Mycolicibacterium_canariasense,1091,1097,6
6618,Mycolicibacterium_canariasense,1101,1110,9
6619,Mycolicibacterium_canariasense,1116,1129,13
6620,Mycolicibacterium_canariasense,1136,1139,3
6621,Mycolicibacterium_canariasense,1140,1146,6
6622,Mycolicibacterium_canariasense,1152,1158,6
6623,Mycolicibacterium_canariasense,1159,1165,6
6624,Mycolicibacterium_canariasense,1167,1170,3
6625,Mycolicibacterium_canariasense,1224,1236,12
6626,Mycolicibacterium_canariasense,1239,1248,9
6627,Mycolicibacterium_canariasense,1251,1257,6
6628,Mycolicibacterium_canariasense,1266,1269,3
6629,Mycolicibacterium_canariasense,1847,1853,6
6630,Mycolicibacterium_canariasense,1854,1863,9
6631,Mycolicibacterium_canariasense,1865,1874,9
6632,Mycolicibacterium_canariasense,1881,1883,2
6633,Mycolicibacterium_canariasense,1885,1888,3
6634,Mycolicibacterium_canariasense,1890,1898,8
6635,Mycolicibacterium_canariasense,1902,1914,12
6636,Mycolicibacterium_canariasense,1915,1925,10
6637,Mycolicibacterium_canariasense,1931,1937,6
6638,Mycolicibacterium_canariasense,2085,2086,1
6639,Mycolicibacterium_canariasense,2699,2700,1
6640,Mycolicibacterium_canariasense,3115,3151,36
6641,Mycolicibacterium_canariasense,3154,3178,24
6642,Mycolicibacterium_thermoresistibile,1,45,44
6643,Mycolicibacterium_thermoresistibile,48,49,1
6644,Mycolicibacterium_thermoresistibile,57,58,1
6645,Mycolicibacterium_thermoresistibile,100,175,75
6646,Mycolicibacterium_thermoresistibile,326,329,3
6647,Mycolicibacterium_thermoresistibile,334,337,3
6648,Mycolicibacterium_thermoresistibile,339,351,12
6649,Mycolicibacterium_thermoresistibile,466,472,6
6650,Mycolicibacterium_thermoresistibile,1084,1097,13
6651,Mycolicibacterium_thermoresistibile,1101,1109,8
6652,Mycolicibacterium_thermoresistibile,1116,1129,13
6653,Mycolicibacterium_thermoresistibile,1136,1139,3
6654,Mycolicibacterium_thermoresistibile,1140,1146,6
6655,Mycolicibacterium_thermoresistibile,1152,1164,12
6656,Mycolicibacterium_thermoresistibile,1167,1170,3
6657,Mycolicibacterium_thermoresistibile,1224,1236,12
6658,Mycolicibacterium_thermoresistibile,1239,1248,9
6659,Mycolicibacterium_thermoresistibile,1251,1257,6
6660,Mycolicibacterium_thermoresistibile,1265,1268,3
6661,Mycolicibacterium_thermoresistibile,1847,1862,15
6662,Mycolicibacterium_thermoresistibile,1865,1874,9
6663,Mycolicibacterium_thermoresistibile,1881,1883,2
6664,Mycolicibacterium_thermoresistibile,1885,1888,3
6665,Mycolicibacterium_thermoresistibile,1890,1898,8
6666,Mycolicibacterium_thermoresistibile,1902,1914,12
6667,Mycolicibacterium_thermoresistibile,1915,1925,10
6668,Mycolicibacterium_thermoresistibile,1931,1937,6
6669,Mycolicibacterium_thermoresistibile,2085,2086,1
6670,Mycolicibacterium_thermoresistibile,2699,2700,1
6671,Mycolicibacterium_thermoresistibile,3115,3145,30
6672,Mycolicibacterium_thermoresistibile,3154,3178,24
6673,Mycobacterium_neglectum,1,45,44
6674,Mycobacterium_neglectum,48,49,1
6675,Mycobacterium_neglectum,57,58,1
6676,Mycobacterium_neglectum,93,162,69
6677,Mycobacterium_neglectum,169,175,6
6678,Mycobacterium_neglectum,326,329,3
6679,Mycobacterium_neglectum,339,351,12
6680,Mycobacterium_neglectum,466,472,6
6681,Mycobacterium_neglectum,1084,1090,6
6682,Mycobacterium_neglectum,1091,1097,6
6683,Mycobacterium_neglectum,1101,1110,9
6684,Mycobacterium_neglectum,1116,1129,13
6685,Mycobacterium_neglectum,1136,1139,3
6686,Mycobacterium_neglectum,1140,1146,6
6687,Mycobacterium_neglectum,1152,1158,6
6688,Mycobacterium_neglectum,1159,1165,6
6689,Mycobacterium_neglectum,1167,1170,3
6690,Mycobacterium_neglectum,1224,1236,12
6691,Mycobacterium_neglectum,1239,1248,9
6692,Mycobacterium_neglectum,1251,1257,6
6693,Mycobacterium_neglectum,1266,1269,3
6694,Mycobacterium_neglectum,1847,1853,6
6695,Mycobacterium_neglectum,1854,1863,9
6696,Mycobacterium_neglectum,1865,1874,9
6697,Mycobacterium_neglectum,1881,1883,2
6698,Mycobacterium_neglectum,1885,1888,3
6699,Mycobacterium_neglectum,1890,1898,8
6700,Mycobacterium_neglectum,1902,1914,12
6701,Mycobacterium_neglectum,1915,1925,10
6702,Mycobacterium_neglectum,1931,1937,6
6703,Mycobacterium_neglectum,2085,2086,1
6704,Mycobacterium_neglectum,2699,2700,1
6705,Mycobacterium_neglectum,3115,3151,36
6706,Mycobacterium_neglectum,3154,3178,24
6707,Mycobacterium_frederiksbergense,1,49,48
6708,Mycobacterium_frederiksbergense,57,58,1
6709,Mycobacterium_frederiksbergense,92,164,72
6710,Mycobacterium_frederiksbergense,169,175,6
6711,Mycobacterium_frederiksbergense,326,329,3
6712,Mycobacterium_frederiksbergense,334,337,3
6713,Mycobacterium_frederiksbergense,339,351,12
6714,Mycobacterium_frederiksbergense,466,472,6
6715,Mycobacterium_frederiksbergense,1084,1090,6
6716,Mycobacterium_frederiksbergense,1091,1097,6
6717,Mycobacterium_frederiksbergense,1101,1110,9
6718,Mycobacterium_frederiksbergense,1116,1129,13
6719,Mycobacterium_frederiksbergense,1136,1139,3
6720,Mycobacterium_frederiksbergense,1140,1146,6
6721,Mycobacterium_frederiksbergense,1152,1158,6
6722,Mycobacterium_frederiksbergense,1159,1165,6
6723,Mycobacterium_frederiksbergense,1167,1170,3
6724,Mycobacterium_frederiksbergense,1224,1236,12
6725,Mycobacterium_frederiksbergense,1239,1248,9
6726,Mycobacterium_frederiksbergense,1251,1257,6
6727,Mycobacterium_frederiksbergense,1266,1269,3
6728,Mycobacterium_frederiksbergense,1847,1853,6
6729,Mycobacterium_frederiksbergense,1854,1863,9
6730,Mycobacterium_frederiksbergense,1865,1874,9
6731,Mycobacterium_frederiksbergense,1881,1883,2
6732,Mycobacterium_frederiksbergense,1885,1888,3
6733,Mycobacterium_frederiksbergense,1890,1898,8
6734,Mycobacterium_frederiksbergense,1902,1914,12
6735,Mycobacterium_frederiksbergense,1915,1925,10
6736,Mycobacterium_frederiksbergense,1931,1937,6
6737,Mycobacterium_frederiksbergense,2085,2086,1
6738,Mycobacterium_frederiksbergense,2699,2700,1
6739,Mycobacterium_frederiksbergense,3115,3151,36
6740,Mycobacterium_frederiksbergense,3154,3178,24
6741,Mycolicibacterium_sarraceniae,1,45,44
6742,Mycolicibacterium_sarraceniae,48,49,1
6743,Mycolicibacterium_sarraceniae,57,58,1
6744,Mycolicibacterium_sarraceniae,92,164,72
6745,Mycolicibacterium_sarraceniae,169,175,6
6746,Mycolicibacterium_sarraceniae,326,329,3
6747,Mycolicibacterium_sarraceniae,334,337,3
6748,Mycolicibacterium_sarraceniae,339,351,12
6749,Mycolicibacterium_sarraceniae,466,472,6
6750,Mycolicibacterium_sarraceniae,1084,1090,6
6751,Mycolicibacterium_sarraceniae,1091,1097,6
6752,Mycolicibacterium_sarraceniae,1101,1110,9
6753,Mycolicibacterium_sarraceniae,1116,1129,13
6754,Mycolicibacterium_sarraceniae,1136,1139,3
6755,Mycolicibacterium_sarraceniae,1140,1146,6
6756,Mycolicibacterium_sarraceniae,1152,1158,6
6757,Mycolicibacterium_sarraceniae,1159,1165,6
6758,Mycolicibacterium_sarraceniae,1167,1170,3
6759,Mycolicibacterium_sarraceniae,1224,1236,12
6760,Mycolicibacterium_sarraceniae,1239,1248,9
6761,Mycolicibacterium_sarraceniae,1251,1257,6
6762,Mycolicibacterium_sarraceniae,1266,1269,3
6763,Mycolicibacterium_sarraceniae,1847,1853,6
6764,Mycolicibacterium_sarraceniae,1854,1863,9
6765,Mycolicibacterium_sarraceniae,1865,1874,9
6766,Mycolicibacterium_sarraceniae,1881,1883,2
6767,Mycolicibacterium_sarraceniae,1885,1888,3
6768,Mycolicibacterium_sarraceniae,1890,1898,8
6769,Mycolicibacterium_sarraceniae,1902,1914,12
6770,Mycolicibacterium_sarraceniae,1915,1925,10
6771,Mycolicibacterium_sarraceniae,1931,1937,6
6772,Mycolicibacterium_sarraceniae,2085,2086,1
6773,Mycolicibacterium_sarraceniae,2699,2700,1
6774,Mycolicibacterium_sarraceniae,3115,3151,36
6775,Mycolicibacterium_sarraceniae,3154,3178,24
6776,Mycolicibacterium_murale,1,40,39
6777,Mycolicibacterium_murale,57,58,1
6778,Mycolicibacterium_murale,84,162,78
6779,Mycolicibacterium_murale,169,175,6
6780,Mycolicibacterium_murale,326,329,3
6781,Mycolicibacterium_murale,334,337,3
6782,Mycolicibacterium_murale,339,351,12
6783,Mycolicibacterium_murale,466,472,6
6784,Mycolicibacterium_murale,1084,1090,6
6785,Mycolicibacterium_murale,1091,1097,6
6786,Mycolicibacterium_murale,1101,1110,9
6787,Mycolicibacterium_murale,1116,1129,13
6788,Mycolicibacterium_murale,1136,1139,3
6789,Mycolicibacterium_murale,1140,1146,6
6790,Mycolicibacterium_murale,1152,1158,6
6791,Mycolicibacterium_murale,1159,1165,6
6792,Mycolicibacterium_murale,1167,1170,3
6793,Mycolicibacterium_murale,1224,1236,12
6794,Mycolicibacterium_murale,1239,1248,9
6795,Mycolicibacterium_murale,1251,1257,6
6796,Mycolicibacterium_murale,1266,1269,3
6797,Mycolicibacterium_murale,1847,1853,6
6798,Mycolicibacterium_murale,1854,1863,9
6799,Mycolicibacterium_murale,1865,1874,9
6800,Mycolicibacterium_murale,1881,1883,2
6801,Mycolicibacterium_murale,1885,1888,3
6802,Mycolicibacterium_murale,1890,1898,8
6803,Mycolicibacterium_murale,1902,1914,12
6804,Mycolicibacterium_murale,1915,1925,10
6805,Mycolicibacterium_murale,1931,1937,6
6806,Mycolicibacterium_murale,2085,2086,1
6807,Mycolicibacterium_murale,2699,2700,1
6808,Mycolicibacterium_murale,3115,3136,21
6809,Mycolicibacterium_murale,3140,3146,6
6810,Mycolicibacterium_murale,3154,3178,24
6811,Mycolicibacterium_tokaiense,1,40,39
6812,Mycolicibacterium_tokaiense,57,58,1
6813,Mycolicibacterium_tokaiense,84,162,78
6814,Mycolicibacterium_tokaiense,169,175,6
6815,Mycolicibacterium_tokaiense,326,329,3
6816,Mycolicibacterium_tokaiense,334,337,3
6817,Mycolicibacterium_tokaiense,339,351,12
6818,Mycolicibacterium_tokaiense,466,472,6
6819,Mycolicibacterium_tokaiense,1084,1090,6
6820,Mycolicibacterium_tokaiense,1091,1097,6
6821,Mycolicibacterium_tokaiense,1101,1110,9
6822,Mycolicibacterium_tokaiense,1116,1129,13
6823,Mycolicibacterium_tokaiense,1136,1139,3
6824,Mycolicibacterium_tokaiense,1140,1146,6
6825,Mycolicibacterium_tokaiense,1152,1158,6
6826,Mycolicibacterium_tokaiense,1159,1165,6
6827,Mycolicibacterium_tokaiense,1167,1170,3
6828,Mycolicibacterium_tokaiense,1224,1236,12
6829,Mycolicibacterium_tokaiense,1239,1248,9
6830,Mycolicibacterium_tokaiense,1251,1257,6
6831,Mycolicibacterium_tokaiense,1266,1269,3
6832,Mycolicibacterium_tokaiense,1847,1853,6
6833,Mycolicibacterium_tokaiense,1854,1863,9
6834,Mycolicibacterium_tokaiense,1865,1874,9
6835,Mycolicibacterium_tokaiense,1881,1883,2
6836,Mycolicibacterium_tokaiense,1885,1888,3
6837,Mycolicibacterium_tokaiense,1890,1898,8
6838,Mycolicibacterium_tokaiense,1902,1914,12
6839,Mycolicibacterium_tokaiense,1915,1925,10
6840,Mycolicibacterium_tokaiense,1931,1937,6
6841,Mycolicibacterium_tokaiense,2085,2086,1
6842,Mycolicibacterium_tokaiense,2699,2700,1
6843,Mycolicibacterium_tokaiense,3115,3136,21
6844,Mycolicibacterium_tokaiense,3140,3146,6
6845,Mycolicibacterium_tokaiense,3154,3178,24
6846,Mycolicibacterium_bacteremicum,1,49,48
6847,Mycolicibacterium_bacteremicum,57,58,1
6848,Mycolicibacterium_bacteremicum,92,164,72
6849,Mycolicibacterium_bacteremicum,169,175,6
6850,Mycolicibacterium_bacteremicum,326,329,3
6851,Mycolicibacterium_bacteremicum,334,337,3
6852,Mycolicibacterium_bacteremicum,339,351,12
6853,Mycolicibacterium_bacteremicum,466,472,6
6854,Mycolicibacterium_bacteremicum,1084,1090,6
6855,Mycolicibacterium_bacteremicum,1091,1097,6
6856,Mycolicibacterium_bacteremicum,1101,1110,9
6857,Mycolicibacterium_bacteremicum,1116,1129,13
6858,Mycolicibacterium_bacteremicum,1136,1139,3
6859,Mycolicibacterium_bacteremicum,1140,1146,6
6860,Mycolicibacterium_bacteremicum,1152,1158,6
6861,Mycolicibacterium_bacteremicum,1159,1165,6
6862,Mycolicibacterium_bacteremicum,1167,1170,3
6863,Mycolicibacterium_bacteremicum,1224,1236,12
6864,Mycolicibacterium_bacteremicum,1239,1248,9
6865,Mycolicibacterium_bacteremicum,1251,1257,6
6866,Mycolicibacterium_bacteremicum,1266,1269,3
6867,Mycolicibacterium_bacteremicum,1847,1853,6
6868,Mycolicibacterium_bacteremicum,1854,1863,9
6869,Mycolicibacterium_bacteremicum,1865,1874,9
6870,Mycolicibacterium_bacteremicum,1881,1883,2
6871,Mycolicibacterium_bacteremicum,1885,1888,3
6872,Mycolicibacterium_bacteremicum,1890,1898,8
6873,Mycolicibacterium_bacteremicum,1902,1914,12
6874,Mycolicibacterium_bacteremicum,1915,1925,10
6875,Mycolicibacterium_bacteremicum,1931,1937,6
6876,Mycolicibacterium_bacteremicum,2085,2086,1
6877,Mycolicibacterium_bacteremicum,2699,2700,1
6878,Mycolicibacterium_bacteremicum,3115,3151,36
6879,Mycolicibacterium_bacteremicum,3154,3178,24
6880,Mycolicibacterium_diernhoferi,1,49,48
6881,Mycolicibacterium_diernhoferi,57,58,1
6882,Mycolicibacterium_diernhoferi,92,164,72
6883,Mycolicibacterium_diernhoferi,169,175,6
6884,Mycolicibacterium_diernhoferi,326,329,3
6885,Mycolicibacterium_diernhoferi,334,337,3
6886,Mycolicibacterium_diernhoferi,339,351,12
6887,Mycolicibacterium_diernhoferi,466,472,6
6888,Mycolicibacterium_diernhoferi,1084,1090,6
6889,Mycolicibacterium_diernhoferi,1091,1097,6
6890,Mycolicibacterium_diernhoferi,1101,1110,9
6891,Mycolicibacterium_diernhoferi,1116,1129,13
6892,Mycolicibacterium_diernhoferi,1136,1139,3
6893,Mycolicibacterium_diernhoferi,1140,1146,6
6894,Mycolicibacterium_diernhoferi,1152,1158,6
6895,Mycolicibacterium_diernhoferi,1159,1165,6
6896,Mycolicibacterium_diernhoferi,1167,1170,3
6897,Mycolicibacterium_diernhoferi,1224,1236,12
6898,Mycolicibacterium_diernhoferi,1239,1248,9
6899,Mycolicibacterium_diernhoferi,1251,1257,6
6900,Mycolicibacterium_diernhoferi,1266,1269,3
6901,Mycolicibacterium_diernhoferi,1847,1853,6
6902,Mycolicibacterium_diernhoferi,1854,1863,9
6903,Mycolicibacterium_diernhoferi,1865,1874,9
6904,Mycolicibacterium_diernhoferi,1881,1883,2
6905,Mycolicibacterium_diernhoferi,1885,1888,3
6906,Mycolicibacterium_diernhoferi,1890,1898,8
6907,Mycolicibacterium_diernhoferi,1902,1914,12
6908,Mycolicibacterium_diernhoferi,1915,1925,10
6909,Mycolicibacterium_diernhoferi,1931,1937,6
6910,Mycolicibacterium_diernhoferi,2085,2086,1
6911,Mycolicibacterium_diernhoferi,2699,2700,1
6912,Mycolicibacterium_diernhoferi,3115,3151,36
6913,Mycolicibacterium_diernhoferi,3154,3178,24
6914,Mycolicibacterium_aurum,1,45,44
6915,Mycolicibacterium_aurum,48,49,1
6916,Mycolicibacterium_aurum,57,58,1
6917,Mycolicibacterium_aurum,91,166,75
6918,Mycolicibacterium_aurum,169,175,6
6919,Mycolicibacterium_aurum,326,329,3
6920,Mycolicibacterium_aurum,334,337,3
6921,Mycolicibacterium_aurum,339,351,12
6922,Mycolicibacterium_aurum,466,472,6
6923,Mycolicibacterium_aurum,1084,1090,6
6924,Mycolicibacterium_aurum,1091,1097,6
6925,Mycolicibacterium_aurum,1101,1110,9
6926,Mycolicibacterium_aurum,1116,1129,13
6927,Mycolicibacterium_aurum,1136,1139,3
6928,Mycolicibacterium_aurum,1140,1146,6
6929,Mycolicibacterium_aurum,1152,1158,6
6930,Mycolicibacterium_aurum,1159,1165,6
6931,Mycolicibacterium_aurum,1167,1170,3
6932,Mycolicibacterium_aurum,1224,1236,12
6933,Mycolicibacterium_aurum,1239,1248,9
6934,Mycolicibacterium_aurum,1251,1257,6
6935,Mycolicibacterium_aurum,1266,1269,3
6936,Mycolicibacterium_aurum,1847,1853,6
6937,Mycolicibacterium_aurum,1854,1863,9
6938,Mycolicibacterium_aurum,1865,1874,9
6939,Mycolicibacterium_aurum,1881,1883,2
6940,Mycolicibacterium_aurum,1885,1888,3
6941,Mycolicibacterium_aurum,1890,1898,8
6942,Mycolicibacterium_aurum,1902,1914,12
6943,Mycolicibacterium_aurum,1915,1925,10
6944,Mycolicibacterium_aurum,1931,1937,6
6945,Mycolicibacterium_aurum,2085,2086,1
6946,Mycolicibacterium_aurum,2699,2700,1
6947,Mycolicibacterium_aurum,3115,3136,21
6948,Mycolicibacterium_aurum,3142,3151,9
6949,Mycolicibacterium_aurum,3154,3178,24
6950,Mycolicibacterium_aubagnense,1,45,44
6951,Mycolicibacterium_aubagnense,48,49,1
6952,Mycolicibacterium_aubagnense,57,58,1
6953,Mycolicibacterium_aubagnense,93,104,11
6954,Mycolicibacterium_aubagnense,108,175,67
6955,Mycolicibacterium_aubagnense,326,329,3
6956,Mycolicibacterium_aubagnense,334,337,3
6957,Mycolicibacterium_aubagnense,339,351,12
6958,Mycolicibacterium_aubagnense,466,472,6
6959,Mycolicibacterium_aubagnense,1084,1090,6
6960,Mycolicibacterium_aubagnense,1091,1097,6
6961,Mycolicibacterium_aubagnense,1101,1110,9
6962,Mycolicibacterium_aubagnense,1116,1129,13
6963,Mycolicibacterium_aubagnense,1136,1139,3
6964,Mycolicibacterium_aubagnense,1152,1158,6
6965,Mycolicibacterium_aubagnense,1159,1165,6
6966,Mycolicibacterium_aubagnense,1167,1170,3
6967,Mycolicibacterium_aubagnense,1224,1236,12
6968,Mycolicibacterium_aubagnense,1239,1248,9
6969,Mycolicibacterium_aubagnense,1251,1257,6
6970,Mycolicibacterium_aubagnense,1266,1269,3
6971,Mycolicibacterium_aubagnense,1847,1853,6
6972,Mycolicibacterium_aubagnense,1854,1863,9
6973,Mycolicibacterium_aubagnense,1865,1874,9
6974,Mycolicibacterium_aubagnense,1881,1883,2
6975,Mycolicibacterium_aubagnense,1885,1888,3
6976,Mycolicibacterium_aubagnense,1890,1898,8
6977,Mycolicibacterium_aubagnense,1902,1914,12
6978,Mycolicibacterium_aubagnense,1915,1925,10
6979,Mycolicibacterium_aubagnense,1931,1937,6
6980,Mycolicibacterium_aubagnense,2085,2086,1
6981,Mycolicibacterium_aubagnense,2699,2700,1
6982,Mycolicibacterium_aubagnense,3115,3136,21
6983,Mycolicibacterium_aubagnense,3140,3143,3
6984,Mycolicibacterium_aubagnense,3154,3175,21
6985,Mycobacteroides_abscessus,4,10,6
6986,Mycobacteroides_abscessus,17,45,28
6987,Mycobacteroides_abscessus,48,49,1
6988,Mycobacteroides_abscessus,56,58,2
6989,Mycobacteroides_abscessus,95,164,69
6990,Mycobacteroides_abscessus,169,175,6
6991,Mycobacteroides_abscessus,326,329,3
6992,Mycobacteroides_abscessus,334,337,3
6993,Mycobacteroides_abscessus,339,351,12
6994,Mycobacteroides_abscessus,466,472,6
6995,Mycobacteroides_abscessus,1084,1090,6
6996,Mycobacteroides_abscessus,1091,1097,6
6997,Mycobacteroides_abscessus,1108,1109,1
6998,Mycobacteroides_abscessus,1117,1129,12
6999,Mycobacteroides_abscessus,1136,1139,3
7000,Mycobacteroides_abscessus,1140,1146,6
7001,Mycobacteroides_abscessus,1152,1170,18
7002,Mycobacteroides_abscessus,1224,1236,12
7003,Mycobacteroides_abscessus,1239,1248,9
7004,Mycobacteroides_abscessus,1251,1257,6
7005,Mycobacteroides_abscessus,1266,1269,3
7006,Mycobacteroides_abscessus,1847,1853,6
7007,Mycobacteroides_abscessus,1854,1863,9
7008,Mycobacteroides_abscessus,1865,1874,9
7009,Mycobacteroides_abscessus,1881,1883,2
7010,Mycobacteroides_abscessus,1885,1888,3
7011,Mycobacteroides_abscessus,1890,1898,8
7012,Mycobacteroides_abscessus,1902,1914,12
7013,Mycobacteroides_abscessus,1915,1925,10
7014,Mycobacteroides_abscessus,1931,1937,6
7015,Mycobacteroides_abscessus,2085,2086,1
7016,Mycobacteroides_abscessus,2699,2700,1
7017,Mycobacteroides_abscessus,3115,3151,36
7018,Mycobacteroides_abscessus,3154,3178,24
7019,Mycolicibacterium_neoaurum,1,49,48
7020,Mycolicibacterium_neoaurum,57,58,1
7021,Mycolicibacterium_neoaurum,92,164,72
7022,Mycolicibacterium_neoaurum,169,175,6
7023,Mycolicibacterium_neoaurum,326,329,3
7024,Mycolicibacterium_neoaurum,334,337,3
7025,Mycolicibacterium_neoaurum,339,351,12
7026,Mycolicibacterium_neoaurum,466,472,6
7027,Mycolicibacterium_neoaurum,1084,1090,6
7028,Mycolicibacterium_neoaurum,1091,1097,6
7029,Mycolicibacterium_neoaurum,1101,1110,9
7030,Mycolicibacterium_neoaurum,1116,1129,13
7031,Mycolicibacterium_neoaurum,1136,1139,3
7032,Mycolicibacterium_neoaurum,1140,1146,6
7033,Mycolicibacterium_neoaurum,1152,1158,6
7034,Mycolicibacterium_neoaurum,1159,1165,6
7035,Mycolicibacterium_neoaurum,1167,1170,3
7036,Mycolicibacterium_neoaurum,1224,1236,12
7037,Mycolicibacterium_neoaurum,1239,1248,9
7038,Mycolicibacterium_neoaurum,1251,1257,6
7039,Mycolicibacterium_neoaurum,1266,1269,3
7040,Mycolicibacterium_neoaurum,1847,1853,6
7041,Mycolicibacterium_neoaurum,1854,1863,9
7042,Mycolicibacterium_neoaurum,1865,1874,9
7043,Mycolicibacterium_neoaurum,1881,1883,2
7044,Mycolicibacterium_neoaurum,1885,1888,3
7045,Mycolicibacterium_neoaurum,1890,1898,8
7046,Mycolicibacterium_neoaurum,1902,1914,12
7047,Mycolicibacterium_neoaurum,1915,1925,10
7048,Mycolicibacterium_neoaurum,1931,1937,6
7049,Mycolicibacterium_neoaurum,2085,2086,1
7050,Mycolicibacterium_neoaurum,2699,2700,1
7051,Mycolicibacterium_neoaurum,3115,3151,36
7052,Mycolicibacterium_neoaurum,3154,3178,24
7053,Mycolicibacterium_madagascariense,1,45,44
7054,Mycolicibacterium_madagascariense,48,49,1
7055,Mycolicibacterium_madagascariense,57,58,1
7056,Mycolicibacterium_madagascariense,93,162,69
7057,Mycolicibacterium_madagascariense,169,175,6
7058,Mycolicibacterium_madagascariense,326,329,3
7059,Mycolicibacterium_madagascariense,334,337,3
7060,Mycolicibacterium_madagascariense,339,351,12
7061,Mycolicibacterium_madagascariense,466,472,6
7062,Mycolicibacterium_madagascariense,1084,1090,6
7063,Mycolicibacterium_madagascariense,1091,1097,6
7064,Mycolicibacterium_madagascariense,1101,1110,9
7065,Mycolicibacterium_madagascariense,1116,1129,13
7066,Mycolicibacterium_madagascariense,1136,1139,3
7067,Mycolicibacterium_madagascariense,1140,1146,6
7068,Mycolicibacterium_madagascariense,1152,1158,6
7069,Mycolicibacterium_madagascariense,1159,1165,6
7070,Mycolicibacterium_madagascariense,1167,1170,3
7071,Mycolicibacterium_madagascariense,1224,1236,12
7072,Mycolicibacterium_madagascariense,1239,1248,9
7073,Mycolicibacterium_madagascariense,1251,1257,6
7074,Mycolicibacterium_madagascariense,1266,1269,3
7075,Mycolicibacterium_madagascariense,1847,1853,6
7076,Mycolicibacterium_madagascariense,1854,1863,9
7077,Mycolicibacterium_madagascariense,1865,1874,9
7078,Mycolicibacterium_madagascariense,1881,1883,2
7079,Mycolicibacterium_madagascariense,1885,1888,3
7080,Mycolicibacterium_madagascariense,1890,1898,8
7081,Mycolicibacterium_madagascariense,1902,1914,12
7082,Mycolicibacterium_madagascariense,1915,1925,10
7083,Mycolicibacterium_madagascariense,1931,1937,6
7084,Mycolicibacterium_madagascariense,2085,2086,1
7085,Mycolicibacterium_madagascariense,2699,2700,1
7086,Mycolicibacterium_madagascariense,3115,3136,21
7087,Mycolicibacterium_madagascariense,3140,3146,6
7088,Mycolicibacterium_madagascariense,3159,3174,15
7089,Mycolicibacterium_mucogenicum,1,45,44
7090,Mycolicibacterium_mucogenicum,48,49,1
7091,Mycolicibacterium_mucogenicum,57,58,1
7092,Mycolicibacterium_mucogenicum,93,104,11
7093,Mycolicibacterium_mucogenicum,108,175,67
7094,Mycolicibacterium_mucogenicum,326,329,3
7095,Mycolicibacterium_mucogenicum,334,337,3
7096,Mycolicibacterium_mucogenicum,339,351,12
7097,Mycolicibacterium_mucogenicum,466,472,6
7098,Mycolicibacterium_mucogenicum,1084,1090,6
7099,Mycolicibacterium_mucogenicum,1091,1097,6
7100,Mycolicibacterium_mucogenicum,1101,1110,9
7101,Mycolicibacterium_mucogenicum,1116,1129,13
7102,Mycolicibacterium_mucogenicum,1136,1139,3
7103,Mycolicibacterium_mucogenicum,1152,1158,6
7104,Mycolicibacterium_mucogenicum,1159,1165,6
7105,Mycolicibacterium_mucogenicum,1167,1170,3
7106,Mycolicibacterium_mucogenicum,1224,1236,12
7107,Mycolicibacterium_mucogenicum,1239,1248,9
7108,Mycolicibacterium_mucogenicum,1251,1257,6
7109,Mycolicibacterium_mucogenicum,1266,1269,3
7110,Mycolicibacterium_mucogenicum,1847,1853,6
7111,Mycolicibacterium_mucogenicum,1854,1863,9
7112,Mycolicibacterium_mucogenicum,1865,1874,9
7113,Mycolicibacterium_mucogenicum,1881,1883,2
7114,Mycolicibacterium_mucogenicum,1885,1888,3
7115,Mycolicibacterium_mucogenicum,1890,1898,8
7116,Mycolicibacterium_mucogenicum,1902,1914,12
7117,Mycolicibacterium_mucogenicum,1915,1925,10
7118,Mycolicibacterium_mucogenicum,1931,1937,6
7119,Mycolicibacterium_mucogenicum,2085,2086,1
7120,Mycolicibacterium_mucogenicum,2699,2700,1
7121,Mycolicibacterium_mucogenicum,3115,3151,36
7122,Mycolicibacterium_mucogenicum,3154,3178,24
7123,Mycolicibacterium_komossense,1,65,64
7124,Mycolicibacterium_komossense,97,175,78
7125,Mycolicibacterium_komossense,326,329,3
7126,Mycolicibacterium_komossense,334,337,3
7127,Mycolicibacterium_komossense,339,351,12
7128,Mycolicibacterium_komossense,466,472,6
7129,Mycolicibacterium_komossense,1084,1090,6
7130,Mycolicibacterium_komossense,1091,1097,6
7131,Mycolicibacterium_komossense,1101,1110,9
7132,Mycolicibacterium_komossense,1116,1129,13
7133,Mycolicibacterium_komossense,1136,1139,3
7134,Mycolicibacterium_komossense,1140,1146,6
7135,Mycolicibacterium_komossense,1152,1158,6
7136,Mycolicibacterium_komossense,1159,1165,6
7137,Mycolicibacterium_komossense,1167,1170,3
7138,Mycolicibacterium_komossense,1230,1236,6
7139,Mycolicibacterium_komossense,1239,1248,9
7140,Mycolicibacterium_komossense,1251,1254,3
7141,Mycolicibacterium_komossense,1847,1853,6
7142,Mycolicibacterium_komossense,1854,1863,9
7143,Mycolicibacterium_komossense,1865,1874,9
7144,Mycolicibacterium_komossense,1881,1883,2
7145,Mycolicibacterium_komossense,1885,1888,3
7146,Mycolicibacterium_komossense,1890,1898,8
7147,Mycolicibacterium_komossense,1902,1914,12
7148,Mycolicibacterium_komossense,1915,1925,10
7149,Mycolicibacterium_komossense,1931,1937,6
7150,Mycolicibacterium_komossense,2085,2086,1
7151,Mycolicibacterium_komossense,2699,2700,1
7152,Mycolicibacterium_komossense,3115,3136,21
7153,Mycolicibacterium_komossense,3140,3146,6
7154,Mycolicibacterium_komossense,3154,3178,24
7155,Mycobacteroides_immunogenum,4,10,6
7156,Mycobacteroides_immunogenum,17,45,28
7157,Mycobacteroides_immunogenum,48,49,1
7158,Mycobacteroides_immunogenum,56,58,2
7159,Mycobacteroides_immunogenum,95,164,69
7160,Mycobacteroides_immunogenum,169,175,6
7161,Mycobacteroides_immunogenum,326,329,3
7162,Mycobacteroides_immunogenum,334,337,3
7163,Mycobacteroides_immunogenum,339,351,12
7164,Mycobacteroides_immunogenum,466,472,6
7165,Mycobacteroides_immunogenum,1084,1090,6
7166,Mycobacteroides_immunogenum,1091,1097,6
7167,Mycobacteroides_immunogenum,1108,1109,1
7168,Mycobacteroides_immunogenum,1117,1129,12
7169,Mycobacteroides_immunogenum,1136,1139,3
7170,Mycobacteroides_immunogenum,1140,1146,6
7171,Mycobacteroides_immunogenum,1152,1170,18
7172,Mycobacteroides_immunogenum,1224,1236,12
7173,Mycobacteroides_immunogenum,1239,1248,9
7174,Mycobacteroides_immunogenum,1251,1257,6
7175,Mycobacteroides_immunogenum,1266,1269,3
7176,Mycobacteroides_immunogenum,1847,1853,6
7177,Mycobacteroides_immunogenum,1854,1863,9
7178,Mycobacteroides_immunogenum,1865,1874,9
7179,Mycobacteroides_immunogenum,1881,1883,2
7180,Mycobacteroides_immunogenum,1885,1888,3
7181,Mycobacteroides_immunogenum,1890,1898,8
7182,Mycobacteroides_immunogenum,1902,1914,12
7183,Mycobacteroides_immunogenum,1915,1925,10
7184,Mycobacteroides_immunogenum,1931,1937,6
7185,Mycobacteroides_immunogenum,2085,2086,1
7186,Mycobacteroides_immunogenum,2699,2700,1
7187,Mycobacteroides_immunogenum,3115,3151,36
7188,Mycobacteroides_immunogenum,3154,3178,24
7189,Mycolicibacterium_phocaicum,1,45,44
7190,Mycolicibacterium_phocaicum,48,49,1
7191,Mycolicibacterium_phocaicum,57,58,1
7192,Mycolicibacterium_phocaicum,93,104,11
7193,Mycolicibacterium_phocaicum,108,175,67
7194,Mycolicibacterium_phocaicum,326,329,3
7195,Mycolicibacterium_phocaicum,334,337,3
7196,Mycolicibacterium_phocaicum,339,351,12
7197,Mycolicibacterium_phocaicum,466,472,6
7198,Mycolicibacterium_phocaicum,1084,1090,6
7199,Mycolicibacterium_phocaicum,1091,1097,6
7200,Mycolicibacterium_phocaicum,1101,1110,9
7201,Mycolicibacterium_phocaicum,1116,1129,13
7202,Mycolicibacterium_phocaicum,1136,1139,3
7203,Mycolicibacterium_phocaicum,1152,1158,6
7204,Mycolicibacterium_phocaicum,1159,1165,6
7205,Mycolicibacterium_phocaicum,1167,1170,3
7206,Mycolicibacterium_phocaicum,1224,1236,12
7207,Mycolicibacterium_phocaicum,1239,1248,9
7208,Mycolicibacterium_phocaicum,1251,1257,6
7209,Mycolicibacterium_phocaicum,1266,1269,3
7210,Mycolicibacterium_phocaicum,1847,1853,6
7211,Mycolicibacterium_phocaicum,1854,1863,9
7212,Mycolicibacterium_phocaicum,1865,1874,9
7213,Mycolicibacterium_phocaicum,1881,1883,2
7214,Mycolicibacterium_phocaicum,1885,1888,3
7215,Mycolicibacterium_phocaicum,1890,1898,8
7216,Mycolicibacterium_phocaicum,1902,1914,12
7217,Mycolicibacterium_phocaicum,1915,1925,10
7218,Mycolicibacterium_phocaicum,1931,1937,6
7219,Mycolicibacterium_phocaicum,2085,2086,1
7220,Mycolicibacterium_phocaicum,2699,2700,1
7221,Mycolicibacterium_phocaicum,3115,3151,36
7222,Mycolicibacterium_phocaicum,3154,3178,24
7223,Mycobacteroides_saopaulense,4,10,6
7224,Mycobacteroides_saopaulense,17,45,28
7225,Mycobacteroides_saopaulense,48,49,1
7226,Mycobacteroides_saopaulense,56,58,2
7227,Mycobacteroides_saopaulense,95,164,69
7228,Mycobacteroides_saopaulense,169,175,6
7229,Mycobacteroides_saopaulense,326,329,3
7230,Mycobacteroides_saopaulense,334,337,3
7231,Mycobacteroides_saopaulense,339,351,12
7232,Mycobacteroides_saopaulense,466,472,6
7233,Mycobacteroides_saopaulense,1084,1090,6
7234,Mycobacteroides_saopaulense,1091,1097,6
7235,Mycobacteroides_saopaulense,1108,1109,1
7236,Mycobacteroides_saopaulense,1117,1129,12
7237,Mycobacteroides_saopaulense,1136,1139,3
7238,Mycobacteroides_saopaulense,1140,1146,6
7239,Mycobacteroides_saopaulense,1152,1170,18
7240,Mycobacteroides_saopaulense,1224,1236,12
7241,Mycobacteroides_saopaulense,1239,1248,9
7242,Mycobacteroides_saopaulense,1251,1257,6
7243,Mycobacteroides_saopaulense,1266,1269,3
7244,Mycobacteroides_saopaulense,1847,1853,6
7245,Mycobacteroides_saopaulense,1854,1863,9
7246,Mycobacteroides_saopaulense,1865,1874,9
7247,Mycobacteroides_saopaulense,1881,1883,2
7248,Mycobacteroides_saopaulense,1885,1888,3
7249,Mycobacteroides_saopaulense,1890,1898,8
7250,Mycobacteroides_saopaulense,1902,1914,12
7251,Mycobacteroides_saopaulense,1915,1925,10
7252,Mycobacteroides_saopaulense,1931,1937,6
7253,Mycobacteroides_saopaulense,2085,2086,1
7254,Mycobacteroides_saopaulense,2699,2700,1
7255,Mycobacteroides_saopaulense,3115,3151,36
7256,Mycobacteroides_saopaulense,3154,3178,24
7257,Mycobacteroides_massiliense,4,10,6
7258,Mycobacteroides_massiliense,17,45,28
7259,Mycobacteroides_massiliense,48,49,1
7260,Mycobacteroides_massiliense,56,58,2
7261,Mycobacteroides_massiliense,95,164,69
7262,Mycobacteroides_massiliense,169,175,6
7263,Mycobacteroides_massiliense,326,329,3
7264,Mycobacteroides_massiliense,334,337,3
7265,Mycobacteroides_massiliense,339,351,12
7266,Mycobacteroides_massiliense,466,472,6
7267,Mycobacteroides_massiliense,1084,1090,6
7268,Mycobacteroides_massiliense,1091,1097,6
7269,Mycobacteroides_massiliense,1108,1109,1
7270,Mycobacteroides_massiliense,1117,1129,12
7271,Mycobacteroides_massiliense,1136,1139,3
7272,Mycobacteroides_massiliense,1140,1146,6
7273,Mycobacteroides_massiliense,1152,1170,18
7274,Mycobacteroides_massiliense,1224,1236,12
7275,Mycobacteroides_massiliense,1239,1248,9
7276,Mycobacteroides_massiliense,1251,1257,6
7277,Mycobacteroides_massiliense,1266,1269,3
7278,Mycobacteroides_massiliense,1847,1853,6
7279,Mycobacteroides_massiliense,1854,1863,9
7280,Mycobacteroides_massiliense,1865,1874,9
7281,Mycobacteroides_massiliense,1881,1883,2
7282,Mycobacteroides_massiliense,1885,1888,3
7283,Mycobacteroides_massiliense,1890,1898,8
7284,Mycobacteroides_massiliense,1902,1914,12
7285,Mycobacteroides_massiliense,1915,1925,10
7286,Mycobacteroides_massiliense,1931,1937,6
7287,Mycobacteroides_massiliense,2085,2086,1
7288,Mycobacteroides_massiliense,2699,2700,1
7289,Mycobacteroides_massiliense,3115,3151,36
7290,Mycobacteroides_massiliense,3154,3178,24
7291,Mycobacteroides_bolletii,4,10,6
7292,Mycobacteroides_bolletii,17,45,28
7293,Mycobacteroides_bolletii,48,49,1
7294,Mycobacteroides_bolletii,56,58,2
7295,Mycobacteroides_bolletii,95,164,69
7296,Mycobacteroides_bolletii,169,175,6
7297,Mycobacteroides_bolletii,326,329,3
7298,Mycobacteroides_bolletii,334,337,3
7299,Mycobacteroides_bolletii,339,351,12
7300,Mycobacteroides_bolletii,466,472,6
7301,Mycobacteroides_bolletii,1084,1090,6
7302,Mycobacteroides_bolletii,1091,1097,6
7303,Mycobacteroides_bolletii,1108,1109,1
7304,Mycobacteroides_bolletii,1117,1129,12
7305,Mycobacteroides_bolletii,1136,1139,3
7306,Mycobacteroides_bolletii,1140,1146,6
7307,Mycobacteroides_bolletii,1152,1170,18
7308,Mycobacteroides_bolletii,1224,1236,12
7309,Mycobacteroides_bolletii,1239,1248,9
7310,Mycobacteroides_bolletii,1251,1257,6
7311,Mycobacteroides_bolletii,1266,1269,3
7312,Mycobacteroides_bolletii,1847,1853,6
7313,Mycobacteroides_bolletii,1854,1863,9
7314,Mycobacteroides_bolletii,1865,1874,9
7315,Mycobacteroides_bolletii,1881,1883,2
7316,Mycobacteroides_bolletii,1885,1888,3
7317,Mycobacteroides_bolletii,1890,1898,8
7318,Mycobacteroides_bolletii,1902,1914,12
7319,Mycobacteroides_bolletii,1915,1925,10
7320,Mycobacteroides_bolletii,1931,1937,6
7321,Mycobacteroides_bolletii,2085,2086,1
7322,Mycobacteroides_bolletii,2699,2700,1
7323,Mycobacteroides_bolletii,3115,3151,36
7324,Mycobacteroides_bolletii,3154,3178,24
7325,Mycobacteroides_chelonae,4,10,6
7326,Mycobacteroides_chelonae,17,45,28
7327,Mycobacteroides_chelonae,48,49,1
7328,Mycobacteroides_chelonae,56,58,2
7329,Mycobacteroides_chelonae,95,164,69
7330,Mycobacteroides_chelonae,169,175,6
7331,Mycobacteroides_chelonae,326,329,3
7332,Mycobacteroides_chelonae,334,337,3
7333,Mycobacteroides_chelonae,339,351,12
7334,Mycobacteroides_chelonae,466,472,6
7335,Mycobacteroides_chelonae,1084,1090,6
7336,Mycobacteroides_chelonae,1091,1097,6
7337,Mycobacteroides_chelonae,1108,1109,1
7338,Mycobacteroides_chelonae,1117,1129,12
7339,Mycobacteroides_chelonae,1136,1139,3
7340,Mycobacteroides_chelonae,1140,1146,6
7341,Mycobacteroides_chelonae,1152,1170,18
7342,Mycobacteroides_chelonae,1224,1236,12
7343,Mycobacteroides_chelonae,1239,1248,9
7344,Mycobacteroides_chelonae,1251,1257,6
7345,Mycobacteroides_chelonae,1266,1269,3
7346,Mycobacteroides_chelonae,1847,1853,6
7347,Mycobacteroides_chelonae,1854,1863,9
7348,Mycobacteroides_chelonae,1865,1874,9
7349,Mycobacteroides_chelonae,1881,1883,2
7350,Mycobacteroides_chelonae,1885,1888,3
7351,Mycobacteroides_chelonae,1890,1898,8
7352,Mycobacteroides_chelonae,1902,1914,12
7353,Mycobacteroides_chelonae,1915,1925,10
7354,Mycobacteroides_chelonae,1931,1937,6
7355,Mycobacteroides_chelonae,2085,2086,1
7356,Mycobacteroides_chelonae,2699,2700,1
7357,Mycobacteroides_chelonae,3115,3151,36
7358,Mycobacteroides_chelonae,3154,3178,24
7359,Mycolicibacterium_hodleri,1,45,44
7360,Mycolicibacterium_hodleri,48,49,1
7361,Mycolicibacterium_hodleri,57,58,1
7362,Mycolicibacterium_hodleri,93,162,69
7363,Mycolicibacterium_hodleri,169,175,6
7364,Mycolicibacterium_hodleri,326,329,3
7365,Mycolicibacterium_hodleri,334,337,3
7366,Mycolicibacterium_hodleri,339,351,12
7367,Mycolicibacterium_hodleri,466,472,6
7368,Mycolicibacterium_hodleri,1084,1090,6
7369,Mycolicibacterium_hodleri,1091,1097,6
7370,Mycolicibacterium_hodleri,1101,1110,9
7371,Mycolicibacterium_hodleri,1116,1129,13
7372,Mycolicibacterium_hodleri,1136,1139,3
7373,Mycolicibacterium_hodleri,1140,1146,6
7374,Mycolicibacterium_hodleri,1152,1158,6
7375,Mycolicibacterium_hodleri,1159,1165,6
7376,Mycolicibacterium_hodleri,1167,1170,3
7377,Mycolicibacterium_hodleri,1224,1236,12
7378,Mycolicibacterium_hodleri,1239,1248,9
7379,Mycolicibacterium_hodleri,1251,1257,6
7380,Mycolicibacterium_hodleri,1266,1269,3
7381,Mycolicibacterium_hodleri,1847,1853,6
7382,Mycolicibacterium_hodleri,1854,1863,9
7383,Mycolicibacterium_hodleri,1865,1874,9
7384,Mycolicibacterium_hodleri,1881,1883,2
7385,Mycolicibacterium_hodleri,1885,1888,3
7386,Mycolicibacterium_hodleri,1890,1898,8
7387,Mycolicibacterium_hodleri,1902,1914,12
7388,Mycolicibacterium_hodleri,1915,1925,10
7389,Mycolicibacterium_hodleri,1931,1937,6
7390,Mycolicibacterium_hodleri,2085,2086,1
7391,Mycolicibacterium_hodleri,2699,2700,1
7392,Mycolicibacterium_hodleri,3115,3136,21
7393,Mycolicibacterium_hodleri,3140,3146,6
7394,Mycolicibacterium_hodleri,3161,3173,12
7395,Mycobacteroides_franklinii,4,10,6
7396,Mycobacteroides_franklinii,17,45,28
7397,Mycobacteroides_franklinii,48,49,1
7398,Mycobacteroides_franklinii,56,58,2
7399,Mycobacteroides_franklinii,95,164,69
7400,Mycobacteroides_franklinii,169,175,6
7401,Mycobacteroides_franklinii,326,329,3
7402,Mycobacteroides_franklinii,334,337,3
7403,Mycobacteroides_franklinii,339,351,12
7404,Mycobacteroides_franklinii,466,472,6
7405,Mycobacteroides_franklinii,1084,1090,6
7406,Mycobacteroides_franklinii,1091,1097,6
7407,Mycobacteroides_franklinii,1108,1109,1
7408,Mycobacteroides_franklinii,1117,1129,12
7409,Mycobacteroides_franklinii,1136,1139,3
7410,Mycobacteroides_franklinii,1140,1146,6
7411,Mycobacteroides_franklinii,1152,1170,18
7412,Mycobacteroides_franklinii,1224,1236,12
7413,Mycobacteroides_franklinii,1239,1248,9
7414,Mycobacteroides_franklinii,1251,1257,6
7415,Mycobacteroides_franklinii,1266,1269,3
7416,Mycobacteroides_franklinii,1847,1853,6
7417,Mycobacteroides_franklinii,1854,1863,9
7418,Mycobacteroides_franklinii,1865,1874,9
7419,Mycobacteroides_franklinii,1881,1883,2
7420,Mycobacteroides_franklinii,1885,1888,3
7421,Mycobacteroides_franklinii,1890,1898,8
7422,Mycobacteroides_franklinii,1902,1914,12
7423,Mycobacteroides_franklinii,1915,1925,10
7424,Mycobacteroides_franklinii,1931,1937,6
7425,Mycobacteroides_franklinii,2085,2086,1
7426,Mycobacteroides_franklinii,2699,2700,1
7427,Mycobacteroides_franklinii,3115,3151,36
7428,Mycobacteroides_franklinii,3162,3171,9
7429,Mycolicibacterium_lacusdiani,1,65,64
7430,Mycolicibacterium_lacusdiani,70,73,3
7431,Mycolicibacterium_lacusdiani,93,104,11
7432,Mycolicibacterium_lacusdiani,108,175,67
7433,Mycolicibacterium_lacusdiani,326,329,3
7434,Mycolicibacterium_lacusdiani,334,337,3
7435,Mycolicibacterium_lacusdiani,339,351,12
7436,Mycolicibacterium_lacusdiani,466,472,6
7437,Mycolicibacterium_lacusdiani,1084,1090,6
7438,Mycolicibacterium_lacusdiani,1091,1097,6
7439,Mycolicibacterium_lacusdiani,1101,1110,9
7440,Mycolicibacterium_lacusdiani,1116,1129,13
7441,Mycolicibacterium_lacusdiani,1136,1139,3
7442,Mycolicibacterium_lacusdiani,1140,1146,6
7443,Mycolicibacterium_lacusdiani,1152,1158,6
7444,Mycolicibacterium_lacusdiani,1159,1165,6
7445,Mycolicibacterium_lacusdiani,1167,1170,3
7446,Mycolicibacterium_lacusdiani,1224,1236,12
7447,Mycolicibacterium_lacusdiani,1251,1257,6
7448,Mycolicibacterium_lacusdiani,1847,1853,6
7449,Mycolicibacterium_lacusdiani,1854,1863,9
7450,Mycolicibacterium_lacusdiani,1865,1874,9
7451,Mycolicibacterium_lacusdiani,1881,1883,2
7452,Mycolicibacterium_lacusdiani,1885,1888,3
7453,Mycolicibacterium_lacusdiani,1890,1898,8
7454,Mycolicibacterium_lacusdiani,1902,1914,12
7455,Mycolicibacterium_lacusdiani,1915,1925,10
7456,Mycolicibacterium_lacusdiani,1931,1937,6
7457,Mycolicibacterium_lacusdiani,2085,2086,1
7458,Mycolicibacterium_lacusdiani,2699,2700,1
7459,Mycolicibacterium_lacusdiani,3115,3136,21
7460,Mycolicibacterium_lacusdiani,3140,3146,6
7461,Mycolicibacterium_lacusdiani,3154,3178,24
7462,Mycobacterium_yunnanensis,1,49,48
7463,Mycobacterium_yunnanensis,57,58,1
7464,Mycobacterium_yunnanensis,93,162,69
7465,Mycobacterium_yunnanensis,169,175,6
7466,Mycobacterium_yunnanensis,326,329,3
7467,Mycobacterium_yunnanensis,334,337,3
7468,Mycobacterium_yunnanensis,339,351,12
7469,Mycobacterium_yunnanensis,466,472,6
7470,Mycobacterium_yunnanensis,1084,1090,6
7471,Mycobacterium_yunnanensis,1091,1097,6
7472,Mycobacterium_yunnanensis,1101,1110,9
7473,Mycobacterium_yunnanensis,1116,1129,13
7474,Mycobacterium_yunnanensis,1136,1139,3
7475,Mycobacterium_yunnanensis,1140,1146,6
7476,Mycobacterium_yunnanensis,1152,1158,6
7477,Mycobacterium_yunnanensis,1159,1165,6
7478,Mycobacterium_yunnanensis,1167,1170,3
7479,Mycobacterium_yunnanensis,1224,1236,12
7480,Mycobacterium_yunnanensis,1239,1248,9
7481,Mycobacterium_yunnanensis,1251,1257,6
7482,Mycobacterium_yunnanensis,1266,1269,3
7483,Mycobacterium_yunnanensis,1847,1853,6
7484,Mycobacterium_yunnanensis,1854,1863,9
7485,Mycobacterium_yunnanensis,1865,1874,9
7486,Mycobacterium_yunnanensis,1881,1883,2
7487,Mycobacterium_yunnanensis,1885,1888,3
7488,Mycobacterium_yunnanensis,1890,1898,8
7489,Mycobacterium_yunnanensis,1902,1914,12
7490,Mycobacterium_yunnanensis,1915,1925,10
7491,Mycobacterium_yunnanensis,1931,1937,6
7492,Mycobacterium_yunnanensis,2085,2086,1
7493,Mycobacterium_yunnanensis,2699,2700,1
7494,Mycobacterium_yunnanensis,3115,3136,21
7495,Mycobacterium_yunnanensis,3140,3146,6
7496,Mycobacterium_yunnanensis,3161,3173,12
7497,Mycolicibacterium_mengxianglii,1,45,44
7498,Mycolicibacterium_mengxianglii,48,49,1
7499,Mycolicibacterium_mengxianglii,57,58,1
7500,Mycolicibacterium_mengxianglii,87,105,18
7501,Mycolicibacterium_mengxianglii,108,162,54
7502,Mycolicibacterium_mengxianglii,169,175,6
7503,Mycolicibacterium_mengxianglii,326,329,3
7504,Mycolicibacterium_mengxianglii,334,337,3
7505,Mycolicibacterium_mengxianglii,339,351,12
7506,Mycolicibacterium_mengxianglii,466,472,6
7507,Mycolicibacterium_mengxianglii,1084,1090,6
7508,Mycolicibacterium_mengxianglii,1091,1097,6
7509,Mycolicibacterium_mengxianglii,1101,1110,9
7510,Mycolicibacterium_mengxianglii,1116,1129,13
7511,Mycolicibacterium_mengxianglii,1136,1139,3
7512,Mycolicibacterium_mengxianglii,1140,1146,6
7513,Mycolicibacterium_mengxianglii,1152,1158,6
7514,Mycolicibacterium_mengxianglii,1159,1165,6
7515,Mycolicibacterium_mengxianglii,1167,1170,3
7516,Mycolicibacterium_mengxianglii,1224,1236,12
7517,Mycolicibacterium_mengxianglii,1239,1248,9
7518,Mycolicibacterium_mengxianglii,1251,1257,6
7519,Mycolicibacterium_mengxianglii,1266,1269,3
7520,Mycolicibacterium_mengxianglii,1847,1853,6
7521,Mycolicibacterium_mengxianglii,1854,1863,9
7522,Mycolicibacterium_mengxianglii,1865,1874,9
7523,Mycolicibacterium_mengxianglii,1881,1883,2
7524,Mycolicibacterium_mengxianglii,1885,1888,3
7525,Mycolicibacterium_mengxianglii,1890,1898,8
7526,Mycolicibacterium_mengxianglii,1902,1914,12
7527,Mycolicibacterium_mengxianglii,1915,1925,10
7528,Mycolicibacterium_mengxianglii,1931,1937,6
7529,Mycolicibacterium_mengxianglii,2085,2086,1
7530,Mycolicibacterium_mengxianglii,2699,2700,1
7531,Mycolicibacterium_mengxianglii,3115,3136,21
7532,Mycolicibacterium_mengxianglii,3140,3146,6
7533,Mycolicibacterium_mengxianglii,3154,3178,24
7534,Mycolicibacterium_llatzerense,1,65,64
7535,Mycolicibacterium_llatzerense,93,104,11
7536,Mycolicibacterium_llatzerense,108,175,67
7537,Mycolicibacterium_llatzerense,326,329,3
7538,Mycolicibacterium_llatzerense,334,337,3
7539,Mycolicibacterium_llatzerense,339,351,12
7540,Mycolicibacterium_llatzerense,466,472,6
7541,Mycolicibacterium_llatzerense,1084,1090,6
7542,Mycolicibacterium_llatzerense,1091,1097,6
7543,Mycolicibacterium_llatzerense,1101,1110,9
7544,Mycolicibacterium_llatzerense,1116,1129,13
7545,Mycolicibacterium_llatzerense,1136,1139,3
7546,Mycolicibacterium_llatzerense,1152,1158,6
7547,Mycolicibacterium_llatzerense,1159,1165,6
7548,Mycolicibacterium_llatzerense,1167,1170,3
7549,Mycolicibacterium_llatzerense,1224,1236,12
7550,Mycolicibacterium_llatzerense,1239,1248,9
7551,Mycolicibacterium_llatzerense,1251,1257,6
7552,Mycolicibacterium_llatzerense,1266,1269,3
7553,Mycolicibacterium_llatzerense,1847,1853,6
7554,Mycolicibacterium_llatzerense,1854,1863,9
7555,Mycolicibacterium_llatzerense,1865,1874,9
7556,Mycolicibacterium_llatzerense,1881,1883,2
7557,Mycolicibacterium_llatzerense,1885,1888,3
7558,Mycolicibacterium_llatzerense,1890,1898,8
7559,Mycolicibacterium_llatzerense,1902,1914,12
7560,Mycolicibacterium_llatzerense,1915,1925,10
7561,Mycolicibacterium_llatzerense,1931,1937,6
7562,Mycolicibacterium_llatzerense,2085,2086,1
7563,Mycolicibacterium_llatzerense,2699,2700,1
7564,Mycolicibacterium_llatzerense,3115,3151,36
7565,Mycolicibacterium_llatzerense,3154,3178,24
7566,Mycolicibacterium_arabiense,1,62,61
7567,Mycolicibacterium_arabiense,70,73,3
7568,Mycolicibacterium_arabiense,93,104,11
7569,Mycolicibacterium_arabiense,108,175,67
7570,Mycolicibacterium_arabiense,326,329,3
7571,Mycolicibacterium_arabiense,334,337,3
7572,Mycolicibacterium_arabiense,339,351,12
7573,Mycolicibacterium_arabiense,466,472,6
7574,Mycolicibacterium_arabiense,1084,1090,6
7575,Mycolicibacterium_arabiense,1091,1097,6
7576,Mycolicibacterium_arabiense,1101,1110,9
7577,Mycolicibacterium_arabiense,1116,1129,13
7578,Mycolicibacterium_arabiense,1136,1139,3
7579,Mycolicibacterium_arabiense,1140,1146,6
7580,Mycolicibacterium_arabiense,1152,1158,6
7581,Mycolicibacterium_arabiense,1159,1165,6
7582,Mycolicibacterium_arabiense,1167,1170,3
7583,Mycolicibacterium_arabiense,1224,1236,12
7584,Mycolicibacterium_arabiense,1251,1257,6
7585,Mycolicibacterium_arabiense,1847,1853,6
7586,Mycolicibacterium_arabiense,1854,1863,9
7587,Mycolicibacterium_arabiense,1865,1874,9
7588,Mycolicibacterium_arabiense,1881,1883,2
7589,Mycolicibacterium_arabiense,1885,1888,3
7590,Mycolicibacterium_arabiense,1890,1898,8
7591,Mycolicibacterium_arabiense,1902,1914,12
7592,Mycolicibacterium_arabiense,1915,1925,10
7593,Mycolicibacterium_arabiense,1931,1937,6
7594,Mycolicibacterium_arabiense,2085,2086,1
7595,Mycolicibacterium_arabiense,2699,2700,1
7596,Mycolicibacterium_arabiense,3115,3136,21
7597,Mycolicibacterium_arabiense,3140,3146,6
7598,Mycolicibacterium_arabiense,3154,3178,24
7599,Mycolicibacterium_sediminis,1,45,44
7600,Mycolicibacterium_sediminis,48,49,1
7601,Mycolicibacterium_sediminis,57,58,1
7602,Mycolicibacterium_sediminis,70,73,3
7603,Mycolicibacterium_sediminis,93,162,69
7604,Mycolicibacterium_sediminis,169,181,12
7605,Mycolicibacterium_sediminis,326,329,3
7606,Mycolicibacterium_sediminis,334,337,3
7607,Mycolicibacterium_sediminis,339,351,12
7608,Mycolicibacterium_sediminis,466,472,6
7609,Mycolicibacterium_sediminis,1084,1090,6
7610,Mycolicibacterium_sediminis,1091,1097,6
7611,Mycolicibacterium_sediminis,1101,1110,9
7612,Mycolicibacterium_sediminis,1116,1129,13
7613,Mycolicibacterium_sediminis,1136,1139,3
7614,Mycolicibacterium_sediminis,1140,1146,6
7615,Mycolicibacterium_sediminis,1152,1158,6
7616,Mycolicibacterium_sediminis,1159,1165,6
7617,Mycolicibacterium_sediminis,1167,1170,3
7618,Mycolicibacterium_sediminis,1224,1236,12
7619,Mycolicibacterium_sediminis,1251,1257,6
7620,Mycolicibacterium_sediminis,1847,1853,6
7621,Mycolicibacterium_sediminis,1854,1863,9
7622,Mycolicibacterium_sediminis,1865,1874,9
7623,Mycolicibacterium_sediminis,1881,1883,2
7624,Mycolicibacterium_sediminis,1885,1888,3
7625,Mycolicibacterium_sediminis,1890,1898,8
7626,Mycolicibacterium_sediminis,1902,1914,12
7627,Mycolicibacterium_sediminis,1915,1925,10
7628,Mycolicibacterium_sediminis,1931,1937,6
7629,Mycolicibacterium_sediminis,2085,2086,1
7630,Mycolicibacterium_sediminis,2699,2700,1
7631,Mycolicibacterium_sediminis,3115,3136,21
7632,Mycolicibacterium_sediminis,3140,3146,6
7633,Mycolicibacterium_sediminis,3154,3178,24
7634,Mycobacteroides_salmoniphilum,4,10,6
7635,Mycobacteroides_salmoniphilum,17,45,28
7636,Mycobacteroides_salmoniphilum,48,49,1
7637,Mycobacteroides_salmoniphilum,56,58,2
7638,Mycobacteroides_salmoniphilum,95,164,69
7639,Mycobacteroides_salmoniphilum,169,175,6
7640,Mycobacteroides_salmoniphilum,326,329,3
7641,Mycobacteroides_salmoniphilum,334,337,3
7642,Mycobacteroides_salmoniphilum,339,351,12
7643,Mycobacteroides_salmoniphilum,466,472,6
7644,Mycobacteroides_salmoniphilum,1084,1090,6
7645,Mycobacteroides_salmoniphilum,1091,1097,6
7646,Mycobacteroides_salmoniphilum,1108,1109,1
7647,Mycobacteroides_salmoniphilum,1117,1129,12
7648,Mycobacteroides_salmoniphilum,1136,1139,3
7649,Mycobacteroides_salmoniphilum,1140,1146,6
7650,Mycobacteroides_salmoniphilum,1152,1170,18
7651,Mycobacteroides_salmoniphilum,1224,1236,12
7652,Mycobacteroides_salmoniphilum,1239,1248,9
7653,Mycobacteroides_salmoniphilum,1251,1257,6
7654,Mycobacteroides_salmoniphilum,1266,1269,3
7655,Mycobacteroides_salmoniphilum,1847,1853,6
7656,Mycobacteroides_salmoniphilum,1854,1863,9
7657,Mycobacteroides_salmoniphilum,1865,1874,9
7658,Mycobacteroides_salmoniphilum,1881,1883,2
7659,Mycobacteroides_salmoniphilum,1885,1888,3
7660,Mycobacteroides_salmoniphilum,1890,1898,8
7661,Mycobacteroides_salmoniphilum,1902,1914,12
7662,Mycobacteroides_salmoniphilum,1915,1925,10
7663,Mycobacteroides_salmoniphilum,1931,1937,6
7664,Mycobacteroides_salmoniphilum,2085,2086,1
7665,Mycobacteroides_salmoniphilum,2699,2700,1
7666,Mycobacteroides_salmoniphilum,3115,3151,36
7667,Mycobacteroides_salmoniphilum,3154,3178,24
