sp,start,end,len
Mycobacterium_decipiens,1,65,64
Mycobacterium_decipiens,102,104,2
Mycobacterium_decipiens,108,142,34
Mycobacterium_decipiens,157,163,6
Mycobacterium_decipiens,169,175,6
Mycobacterium_decipiens,326,329,3
Mycobacterium_decipiens,334,337,3
Mycobacterium_decipiens,339,351,12
Mycobacterium_decipiens,466,472,6
Mycobacterium_decipiens,1084,1090,6
Mycobacterium_decipiens,1091,1097,6
Mycobacterium_decipiens,1101,1110,9
Mycobacterium_decipiens,1116,1129,13
Mycobacterium_decipiens,1136,1139,3
Mycobacterium_decipiens,1140,1146,6
Mycobacterium_decipiens,1152,1164,12
Mycobacterium_decipiens,1167,1170,3
Mycobacterium_decipiens,1224,1236,12
Mycobacterium_decipiens,1239,1248,9
Mycobacterium_decipiens,1251,1257,6
Mycobacterium_decipiens,1265,1268,3
Mycobacterium_decipiens,1847,1853,6
Mycobacterium_decipiens,1854,1863,9
Mycobacterium_decipiens,1865,1874,9
Mycobacterium_decipiens,1881,1883,2
Mycobacterium_decipiens,1885,1888,3
Mycobacterium_decipiens,1890,1898,8
Mycobacterium_decipiens,1902,1914,12
Mycobacterium_decipiens,1915,1925,10
Mycobacterium_decipiens,1931,1937,6
Mycobacterium_decipiens,2085,2086,1
Mycobacterium_decipiens,2699,2700,1
Mycobacterium_decipiens,3115,3136,21
Mycobacterium_decipiens,3154,3178,24
Mycobacterium_heidelbergense,1,65,64
Mycobacterium_heidelbergense,108,144,36
Mycobacterium_heidelbergense,157,163,6
Mycobacterium_heidelbergense,169,175,6
Mycobacterium_heidelbergense,326,329,3
Mycobacterium_heidelbergense,334,337,3
Mycobacterium_heidelbergense,466,472,6
Mycobacterium_heidelbergense,1084,1090,6
Mycobacterium_heidelbergense,1091,1097,6
Mycobacterium_heidelbergense,1101,1110,9
Mycobacterium_heidelbergense,1116,1129,13
Mycobacterium_heidelbergense,1136,1139,3
Mycobacterium_heidelbergense,1140,1146,6
Mycobacterium_heidelbergense,1152,1164,12
Mycobacterium_heidelbergense,1167,1170,3
Mycobacterium_heidelbergense,1224,1236,12
Mycobacterium_heidelbergense,1239,1248,9
Mycobacterium_heidelbergense,1251,1257,6
Mycobacterium_heidelbergense,1265,1268,3
Mycobacterium_heidelbergense,1847,1853,6
Mycobacterium_heidelbergense,1854,1863,9
Mycobacterium_heidelbergense,1865,1872,7
Mycobacterium_heidelbergense,1881,1883,2
Mycobacterium_heidelbergense,1885,1888,3
Mycobacterium_heidelbergense,1890,1898,8
Mycobacterium_heidelbergense,1903,1908,5
Mycobacterium_heidelbergense,1915,1925,10
Mycobacterium_heidelbergense,1931,1937,6
Mycobacterium_heidelbergense,2085,2086,1
Mycobacterium_heidelbergense,2699,2700,1
Mycobacterium_heidelbergense,3115,3136,21
Mycobacterium_heidelbergense,3140,3146,6
Mycobacterium_heidelbergense,3154,3178,24
Mycobacterium_lacus,1,65,64
Mycobacterium_lacus,108,144,36
Mycobacterium_lacus,157,163,6
Mycobacterium_lacus,169,175,6
Mycobacterium_lacus,326,329,3
Mycobacterium_lacus,334,337,3
Mycobacterium_lacus,339,351,12
Mycobacterium_lacus,466,472,6
Mycobacterium_lacus,1084,1090,6
Mycobacterium_lacus,1091,1097,6
Mycobacterium_lacus,1101,1110,9
Mycobacterium_lacus,1116,1129,13
Mycobacterium_lacus,1136,1139,3
Mycobacterium_lacus,1140,1146,6
Mycobacterium_lacus,1152,1164,12
Mycobacterium_lacus,1167,1170,3
Mycobacterium_lacus,1224,1236,12
Mycobacterium_lacus,1239,1248,9
Mycobacterium_lacus,1251,1257,6
Mycobacterium_lacus,1265,1268,3
Mycobacterium_lacus,1847,1853,6
Mycobacterium_lacus,1854,1863,9
Mycobacterium_lacus,1865,1874,9
Mycobacterium_lacus,1881,1883,2
Mycobacterium_lacus,1885,1888,3
Mycobacterium_lacus,1890,1898,8
Mycobacterium_lacus,1902,1914,12
Mycobacterium_lacus,1915,1925,10
Mycobacterium_lacus,1931,1937,6
Mycobacterium_lacus,2085,2086,1
Mycobacterium_lacus,2699,2700,1
Mycobacterium_lacus,3115,3136,21
Mycobacterium_lacus,3140,3146,6
Mycobacterium_lacus,3154,3178,24
Mycobacterium_palustre,1,65,64
Mycobacterium_palustre,98,104,6
Mycobacterium_palustre,108,144,36
Mycobacterium_palustre,148,175,27
Mycobacterium_palustre,326,329,3
Mycobacterium_palustre,334,337,3
Mycobacterium_palustre,339,351,12
Mycobacterium_palustre,466,472,6
Mycobacterium_palustre,1084,1090,6
Mycobacterium_palustre,1091,1097,6
Mycobacterium_palustre,1101,1110,9
Mycobacterium_palustre,1116,1129,13
Mycobacterium_palustre,1136,1139,3
Mycobacterium_palustre,1140,1146,6
Mycobacterium_palustre,1152,1164,12
Mycobacterium_palustre,1167,1170,3
Mycobacterium_palustre,1224,1236,12
Mycobacterium_palustre,1239,1248,9
Mycobacterium_palustre,1251,1257,6
Mycobacterium_palustre,1265,1268,3
Mycobacterium_palustre,1847,1853,6
Mycobacterium_palustre,1854,1863,9
Mycobacterium_palustre,1865,1874,9
Mycobacterium_palustre,1881,1883,2
Mycobacterium_palustre,1885,1888,3
Mycobacterium_palustre,1890,1898,8
Mycobacterium_palustre,1902,1914,12
Mycobacterium_palustre,1915,1925,10
Mycobacterium_palustre,1931,1937,6
Mycobacterium_palustre,2085,2086,1
Mycobacterium_palustre,2699,2700,1
Mycobacterium_palustre,3115,3136,21
Mycobacterium_palustre,3140,3146,6
Mycobacterium_palustre,3154,3178,24
Mycobacterium_interjectum,1,65,64
Mycobacterium_interjectum,87,144,57
Mycobacterium_interjectum,157,163,6
Mycobacterium_interjectum,169,175,6
Mycobacterium_interjectum,326,329,3
Mycobacterium_interjectum,334,337,3
Mycobacterium_interjectum,339,351,12
Mycobacterium_interjectum,466,472,6
Mycobacterium_interjectum,1084,1090,6
Mycobacterium_interjectum,1091,1097,6
Mycobacterium_interjectum,1101,1110,9
Mycobacterium_interjectum,1116,1129,13
Mycobacterium_interjectum,1136,1139,3
Mycobacterium_interjectum,1140,1146,6
Mycobacterium_interjectum,1152,1164,12
Mycobacterium_interjectum,1167,1170,3
Mycobacterium_interjectum,1224,1236,12
Mycobacterium_interjectum,1239,1248,9
Mycobacterium_interjectum,1251,1257,6
Mycobacterium_interjectum,1265,1268,3
Mycobacterium_interjectum,1847,1853,6
Mycobacterium_interjectum,1854,1863,9
Mycobacterium_interjectum,1865,1874,9
Mycobacterium_interjectum,1881,1883,2
Mycobacterium_interjectum,1885,1888,3
Mycobacterium_interjectum,1890,1898,8
Mycobacterium_interjectum,1902,1914,12
Mycobacterium_interjectum,1915,1925,10
Mycobacterium_interjectum,1931,1937,6
Mycobacterium_interjectum,2085,2086,1
Mycobacterium_interjectum,2699,2700,1
Mycobacterium_interjectum,3115,3136,21
Mycobacterium_interjectum,3140,3146,6
Mycobacterium_interjectum,3154,3178,24
Mycobacterium_terramassiliense,1,65,64
Mycobacterium_terramassiliense,87,144,57
Mycobacterium_terramassiliense,157,163,6
Mycobacterium_terramassiliense,169,175,6
Mycobacterium_terramassiliense,326,329,3
Mycobacterium_terramassiliense,334,337,3
Mycobacterium_terramassiliense,339,351,12
Mycobacterium_terramassiliense,466,472,6
Mycobacterium_terramassiliense,1084,1090,6
Mycobacterium_terramassiliense,1091,1097,6
Mycobacterium_terramassiliense,1101,1110,9
Mycobacterium_terramassiliense,1116,1129,13
Mycobacterium_terramassiliense,1136,1139,3
Mycobacterium_terramassiliense,1140,1146,6
Mycobacterium_terramassiliense,1152,1164,12
Mycobacterium_terramassiliense,1167,1170,3
Mycobacterium_terramassiliense,1224,1236,12
Mycobacterium_terramassiliense,1239,1248,9
Mycobacterium_terramassiliense,1251,1257,6
Mycobacterium_terramassiliense,1265,1268,3
Mycobacterium_terramassiliense,1847,1853,6
Mycobacterium_terramassiliense,1854,1863,9
Mycobacterium_terramassiliense,1865,1874,9
Mycobacterium_terramassiliense,1881,1883,2
Mycobacterium_terramassiliense,1885,1888,3
Mycobacterium_terramassiliense,1890,1898,8
Mycobacterium_terramassiliense,1902,1914,12
Mycobacterium_terramassiliense,1915,1925,10
Mycobacterium_terramassiliense,1931,1937,6
Mycobacterium_terramassiliense,2085,2086,1
Mycobacterium_terramassiliense,2699,2700,1
Mycobacterium_terramassiliense,3115,3136,21
Mycobacterium_terramassiliense,3140,3146,6
Mycobacterium_terramassiliense,3154,3178,24
Mycobacterium_malmoense,1,65,64
Mycobacterium_malmoense,108,144,36
Mycobacterium_malmoense,157,163,6
Mycobacterium_malmoense,169,175,6
Mycobacterium_malmoense,326,329,3
Mycobacterium_malmoense,334,337,3
Mycobacterium_malmoense,466,472,6
Mycobacterium_malmoense,1084,1090,6
Mycobacterium_malmoense,1091,1097,6
Mycobacterium_malmoense,1101,1110,9
Mycobacterium_malmoense,1116,1129,13
Mycobacterium_malmoense,1136,1139,3
Mycobacterium_malmoense,1140,1146,6
Mycobacterium_malmoense,1152,1158,6
Mycobacterium_malmoense,1167,1170,3
Mycobacterium_malmoense,1224,1236,12
Mycobacterium_malmoense,1239,1248,9
Mycobacterium_malmoense,1251,1257,6
Mycobacterium_malmoense,1265,1268,3
Mycobacterium_malmoense,1847,1853,6
Mycobacterium_malmoense,1854,1863,9
Mycobacterium_malmoense,1881,1883,2
Mycobacterium_malmoense,1885,1888,3
Mycobacterium_malmoense,1890,1898,8
Mycobacterium_malmoense,1902,1911,9
Mycobacterium_malmoense,1915,1925,10
Mycobacterium_malmoense,1931,1937,6
Mycobacterium_malmoense,2085,2086,1
Mycobacterium_malmoense,2699,2700,1
Mycobacterium_malmoense,3115,3136,21
Mycobacterium_malmoense,3140,3146,6
Mycobacterium_malmoense,3154,3178,24
Mycobacterium_haemophilum,1,65,64
Mycobacterium_haemophilum,102,104,2
Mycobacterium_haemophilum,108,142,34
Mycobacterium_haemophilum,157,163,6
Mycobacterium_haemophilum,169,175,6
Mycobacterium_haemophilum,326,329,3
Mycobacterium_haemophilum,334,337,3
Mycobacterium_haemophilum,339,351,12
Mycobacterium_haemophilum,466,472,6
Mycobacterium_haemophilum,1084,1090,6
Mycobacterium_haemophilum,1091,1097,6
Mycobacterium_haemophilum,1101,1110,9
Mycobacterium_haemophilum,1116,1129,13
Mycobacterium_haemophilum,1136,1139,3
Mycobacterium_haemophilum,1140,1146,6
Mycobacterium_haemophilum,1152,1164,12
Mycobacterium_haemophilum,1167,1170,3
Mycobacterium_haemophilum,1224,1236,12
Mycobacterium_haemophilum,1239,1248,9
Mycobacterium_haemophilum,1251,1257,6
Mycobacterium_haemophilum,1265,1268,3
Mycobacterium_haemophilum,1847,1853,6
Mycobacterium_haemophilum,1854,1863,9
Mycobacterium_haemophilum,1865,1874,9
Mycobacterium_haemophilum,1881,1883,2
Mycobacterium_haemophilum,1885,1888,3
Mycobacterium_haemophilum,1890,1898,8
Mycobacterium_haemophilum,1915,1925,10
Mycobacterium_haemophilum,1931,1937,6
Mycobacterium_haemophilum,2085,2086,1
Mycobacterium_haemophilum,2699,2700,1
Mycobacterium_haemophilum,3115,3136,21
Mycobacterium_haemophilum,3140,3146,6
Mycobacterium_haemophilum,3154,3178,24
Mycobacterium_paraense,1,65,64
Mycobacterium_paraense,87,144,57
Mycobacterium_paraense,157,163,6
Mycobacterium_paraense,169,175,6
Mycobacterium_paraense,326,329,3
Mycobacterium_paraense,334,337,3
Mycobacterium_paraense,466,472,6
Mycobacterium_paraense,1084,1090,6
Mycobacterium_paraense,1091,1097,6
Mycobacterium_paraense,1101,1110,9
Mycobacterium_paraense,1116,1129,13
Mycobacterium_paraense,1136,1139,3
Mycobacterium_paraense,1140,1146,6
Mycobacterium_paraense,1152,1164,12
Mycobacterium_paraense,1167,1170,3
Mycobacterium_paraense,1224,1236,12
Mycobacterium_paraense,1239,1248,9
Mycobacterium_paraense,1251,1257,6
Mycobacterium_paraense,1265,1268,3
Mycobacterium_paraense,1847,1853,6
Mycobacterium_paraense,1854,1863,9
Mycobacterium_paraense,1865,1874,9
Mycobacterium_paraense,1881,1883,2
Mycobacterium_paraense,1885,1888,3
Mycobacterium_paraense,1890,1898,8
Mycobacterium_paraense,1902,1914,12
Mycobacterium_paraense,1915,1925,10
Mycobacterium_paraense,1931,1937,6
Mycobacterium_paraense,2085,2086,1
Mycobacterium_paraense,2699,2700,1
Mycobacterium_paraense,3115,3136,21
Mycobacterium_paraense,3140,3146,6
Mycobacterium_paraense,3154,3178,24
Mycobacterium_bohemicum,1,49,48
Mycobacterium_bohemicum,57,58,1
Mycobacterium_bohemicum,98,104,6
Mycobacterium_bohemicum,160,163,3
Mycobacterium_bohemicum,169,175,6
Mycobacterium_bohemicum,326,329,3
Mycobacterium_bohemicum,334,337,3
Mycobacterium_bohemicum,339,351,12
Mycobacterium_bohemicum,466,472,6
Mycobacterium_bohemicum,1084,1090,6
Mycobacterium_bohemicum,1091,1097,6
Mycobacterium_bohemicum,1116,1129,13
Mycobacterium_bohemicum,1136,1139,3
Mycobacterium_bohemicum,1140,1146,6
Mycobacterium_bohemicum,1152,1164,12
Mycobacterium_bohemicum,1167,1170,3
Mycobacterium_bohemicum,1224,1236,12
Mycobacterium_bohemicum,1239,1248,9
Mycobacterium_bohemicum,1251,1257,6
Mycobacterium_bohemicum,1265,1268,3
Mycobacterium_bohemicum,1847,1853,6
Mycobacterium_bohemicum,1854,1863,9
Mycobacterium_bohemicum,1865,1874,9
Mycobacterium_bohemicum,1881,1883,2
Mycobacterium_bohemicum,1885,1888,3
Mycobacterium_bohemicum,1890,1898,8
Mycobacterium_bohemicum,1902,1914,12
Mycobacterium_bohemicum,1915,1925,10
Mycobacterium_bohemicum,1931,1937,6
Mycobacterium_bohemicum,2085,2086,1
Mycobacterium_bohemicum,2699,2700,1
Mycobacterium_bohemicum,3115,3136,21
Mycobacterium_bohemicum,3140,3146,6
Mycobacterium_bohemicum,3154,3178,24
Mycobacterium_simulans,1,65,64
Mycobacterium_simulans,108,144,36
Mycobacterium_simulans,155,164,9
Mycobacterium_simulans,169,175,6
Mycobacterium_simulans,326,329,3
Mycobacterium_simulans,334,337,3
Mycobacterium_simulans,339,351,12
Mycobacterium_simulans,466,472,6
Mycobacterium_simulans,1084,1090,6
Mycobacterium_simulans,1091,1097,6
Mycobacterium_simulans,1101,1110,9
Mycobacterium_simulans,1116,1129,13
Mycobacterium_simulans,1136,1139,3
Mycobacterium_simulans,1140,1146,6
Mycobacterium_simulans,1152,1164,12
Mycobacterium_simulans,1167,1170,3
Mycobacterium_simulans,1224,1236,12
Mycobacterium_simulans,1239,1248,9
Mycobacterium_simulans,1251,1257,6
Mycobacterium_simulans,1265,1268,3
Mycobacterium_simulans,1854,1863,9
Mycobacterium_simulans,1865,1874,9
Mycobacterium_simulans,1881,1883,2
Mycobacterium_simulans,1885,1888,3
Mycobacterium_simulans,1890,1898,8
Mycobacterium_simulans,1902,1914,12
Mycobacterium_simulans,1915,1925,10
Mycobacterium_simulans,2085,2086,1
Mycobacterium_simulans,2699,2700,1
Mycobacterium_simulans,3115,3136,21
Mycobacterium_simulans,3140,3146,6
Mycobacterium_simulans,3154,3178,24
Mycobacterium_shinjukuense,1,65,64
Mycobacterium_shinjukuense,102,104,2
Mycobacterium_shinjukuense,108,142,34
Mycobacterium_shinjukuense,157,163,6
Mycobacterium_shinjukuense,169,175,6
Mycobacterium_shinjukuense,326,329,3
Mycobacterium_shinjukuense,334,337,3
Mycobacterium_shinjukuense,339,351,12
Mycobacterium_shinjukuense,466,472,6
Mycobacterium_shinjukuense,1084,1090,6
Mycobacterium_shinjukuense,1091,1097,6
Mycobacterium_shinjukuense,1101,1110,9
Mycobacterium_shinjukuense,1116,1129,13
Mycobacterium_shinjukuense,1136,1139,3
Mycobacterium_shinjukuense,1140,1146,6
Mycobacterium_shinjukuense,1152,1164,12
Mycobacterium_shinjukuense,1167,1170,3
Mycobacterium_shinjukuense,1224,1236,12
Mycobacterium_shinjukuense,1239,1248,9
Mycobacterium_shinjukuense,1251,1257,6
Mycobacterium_shinjukuense,1265,1268,3
Mycobacterium_shinjukuense,1847,1853,6
Mycobacterium_shinjukuense,1854,1863,9
Mycobacterium_shinjukuense,1865,1874,9
Mycobacterium_shinjukuense,1881,1883,2
Mycobacterium_shinjukuense,1885,1888,3
Mycobacterium_shinjukuense,1890,1898,8
Mycobacterium_shinjukuense,1902,1914,12
Mycobacterium_shinjukuense,1915,1925,10
Mycobacterium_shinjukuense,1931,1937,6
Mycobacterium_shinjukuense,2085,2086,1
Mycobacterium_shinjukuense,2699,2700,1
Mycobacterium_shinjukuense,3115,3136,21
Mycobacterium_shinjukuense,3140,3146,6
Mycobacterium_shinjukuense,3154,3178,24
Mycobacterium_parascrofulaceum,1,65,64
Mycobacterium_parascrofulaceum,98,104,6
Mycobacterium_parascrofulaceum,108,144,36
Mycobacterium_parascrofulaceum,160,163,3
Mycobacterium_parascrofulaceum,169,175,6
Mycobacterium_parascrofulaceum,326,329,3
Mycobacterium_parascrofulaceum,334,337,3
Mycobacterium_parascrofulaceum,339,351,12
Mycobacterium_parascrofulaceum,466,472,6
Mycobacterium_parascrofulaceum,1084,1090,6
Mycobacterium_parascrofulaceum,1091,1097,6
Mycobacterium_parascrofulaceum,1101,1110,9
Mycobacterium_parascrofulaceum,1116,1129,13
Mycobacterium_parascrofulaceum,1136,1139,3
Mycobacterium_parascrofulaceum,1140,1146,6
Mycobacterium_parascrofulaceum,1152,1164,12
Mycobacterium_parascrofulaceum,1167,1170,3
Mycobacterium_parascrofulaceum,1239,1248,9
Mycobacterium_parascrofulaceum,1251,1257,6
Mycobacterium_parascrofulaceum,1847,1853,6
Mycobacterium_parascrofulaceum,1854,1863,9
Mycobacterium_parascrofulaceum,1865,1874,9
Mycobacterium_parascrofulaceum,1881,1883,2
Mycobacterium_parascrofulaceum,1885,1888,3
Mycobacterium_parascrofulaceum,1890,1898,8
Mycobacterium_parascrofulaceum,1902,1914,12
Mycobacterium_parascrofulaceum,1915,1925,10
Mycobacterium_parascrofulaceum,1931,1937,6
Mycobacterium_parascrofulaceum,2085,2086,1
Mycobacterium_parascrofulaceum,2699,2700,1
Mycobacterium_parascrofulaceum,3112,3148,36
Mycobacterium_parascrofulaceum,3154,3178,24
Mycobacterium_riyadhense,1,65,64
Mycobacterium_riyadhense,108,144,36
Mycobacterium_riyadhense,155,164,9
Mycobacterium_riyadhense,169,175,6
Mycobacterium_riyadhense,326,329,3
Mycobacterium_riyadhense,334,337,3
Mycobacterium_riyadhense,339,351,12
Mycobacterium_riyadhense,466,472,6
Mycobacterium_riyadhense,1084,1090,6
Mycobacterium_riyadhense,1091,1097,6
Mycobacterium_riyadhense,1101,1110,9
Mycobacterium_riyadhense,1116,1129,13
Mycobacterium_riyadhense,1136,1139,3
Mycobacterium_riyadhense,1140,1146,6
Mycobacterium_riyadhense,1152,1164,12
Mycobacterium_riyadhense,1167,1170,3
Mycobacterium_riyadhense,1224,1236,12
Mycobacterium_riyadhense,1239,1248,9
Mycobacterium_riyadhense,1251,1257,6
Mycobacterium_riyadhense,1265,1268,3
Mycobacterium_riyadhense,1847,1853,6
Mycobacterium_riyadhense,1854,1863,9
Mycobacterium_riyadhense,1865,1874,9
Mycobacterium_riyadhense,1881,1883,2
Mycobacterium_riyadhense,1885,1888,3
Mycobacterium_riyadhense,1890,1898,8
Mycobacterium_riyadhense,1902,1914,12
Mycobacterium_riyadhense,1915,1925,10
Mycobacterium_riyadhense,1931,1937,6
Mycobacterium_riyadhense,2085,2086,1
Mycobacterium_riyadhense,2699,2700,1
Mycobacterium_riyadhense,3115,3136,21
Mycobacterium_riyadhense,3140,3146,6
Mycobacterium_riyadhense,3154,3178,24
Mycobacterium_yongonense,1,65,64
Mycobacterium_yongonense,98,104,6
Mycobacterium_yongonense,108,144,36
Mycobacterium_yongonense,160,163,3
Mycobacterium_yongonense,169,175,6
Mycobacterium_yongonense,326,329,3
Mycobacterium_yongonense,334,337,3
Mycobacterium_yongonense,339,351,12
Mycobacterium_yongonense,466,472,6
Mycobacterium_yongonense,1084,1090,6
Mycobacterium_yongonense,1091,1097,6
Mycobacterium_yongonense,1101,1110,9
Mycobacterium_yongonense,1116,1129,13
Mycobacterium_yongonense,1136,1139,3
Mycobacterium_yongonense,1140,1146,6
Mycobacterium_yongonense,1152,1164,12
Mycobacterium_yongonense,1167,1170,3
Mycobacterium_yongonense,1239,1248,9
Mycobacterium_yongonense,1251,1257,6
Mycobacterium_yongonense,1847,1853,6
Mycobacterium_yongonense,1854,1863,9
Mycobacterium_yongonense,1865,1874,9
Mycobacterium_yongonense,1881,1883,2
Mycobacterium_yongonense,1885,1888,3
Mycobacterium_yongonense,1890,1898,8
Mycobacterium_yongonense,1902,1914,12
Mycobacterium_yongonense,1915,1925,10
Mycobacterium_yongonense,1931,1937,6
Mycobacterium_yongonense,2085,2086,1
Mycobacterium_yongonense,2699,2700,1
Mycobacterium_yongonense,3112,3148,36
Mycobacterium_yongonense,3154,3178,24
Mycobacterium_europaeum,1,65,64
Mycobacterium_europaeum,98,104,6
Mycobacterium_europaeum,108,144,36
Mycobacterium_europaeum,160,163,3
Mycobacterium_europaeum,169,175,6
Mycobacterium_europaeum,326,329,3
Mycobacterium_europaeum,334,337,3
Mycobacterium_europaeum,339,351,12
Mycobacterium_europaeum,466,472,6
Mycobacterium_europaeum,1084,1090,6
Mycobacterium_europaeum,1091,1097,6
Mycobacterium_europaeum,1101,1110,9
Mycobacterium_europaeum,1116,1129,13
Mycobacterium_europaeum,1136,1139,3
Mycobacterium_europaeum,1140,1146,6
Mycobacterium_europaeum,1152,1164,12
Mycobacterium_europaeum,1167,1170,3
Mycobacterium_europaeum,1239,1248,9
Mycobacterium_europaeum,1251,1257,6
Mycobacterium_europaeum,1847,1853,6
Mycobacterium_europaeum,1854,1863,9
Mycobacterium_europaeum,1865,1874,9
Mycobacterium_europaeum,1881,1883,2
Mycobacterium_europaeum,1885,1888,3
Mycobacterium_europaeum,1890,1898,8
Mycobacterium_europaeum,1902,1914,12
Mycobacterium_europaeum,1915,1925,10
Mycobacterium_europaeum,1931,1937,6
Mycobacterium_europaeum,2085,2086,1
Mycobacterium_europaeum,2699,2700,1
Mycobacterium_europaeum,3112,3148,36
Mycobacterium_europaeum,3154,3178,24
Mycobacterium_basiliense,1,65,64
Mycobacterium_basiliense,102,104,2
Mycobacterium_basiliense,108,142,34
Mycobacterium_basiliense,157,163,6
Mycobacterium_basiliense,169,175,6
Mycobacterium_basiliense,326,329,3
Mycobacterium_basiliense,334,337,3
Mycobacterium_basiliense,339,351,12
Mycobacterium_basiliense,466,472,6
Mycobacterium_basiliense,1084,1090,6
Mycobacterium_basiliense,1091,1097,6
Mycobacterium_basiliense,1116,1129,13
Mycobacterium_basiliense,1136,1139,3
Mycobacterium_basiliense,1140,1146,6
Mycobacterium_basiliense,1152,1164,12
Mycobacterium_basiliense,1167,1170,3
Mycobacterium_basiliense,1224,1236,12
Mycobacterium_basiliense,1239,1248,9
Mycobacterium_basiliense,1251,1257,6
Mycobacterium_basiliense,1265,1268,3
Mycobacterium_basiliense,1847,1853,6
Mycobacterium_basiliense,1854,1863,9
Mycobacterium_basiliense,1865,1874,9
Mycobacterium_basiliense,1881,1883,2
Mycobacterium_basiliense,1885,1888,3
Mycobacterium_basiliense,1890,1898,8
Mycobacterium_basiliense,1902,1924,22
Mycobacterium_basiliense,1931,1937,6
Mycobacterium_basiliense,2085,2086,1
Mycobacterium_basiliense,2699,2700,1
Mycobacterium_basiliense,3115,3136,21
Mycobacterium_basiliense,3140,3146,6
Mycobacterium_basiliense,3154,3178,24
Mycobacterium_scrofulaceum,1,65,64
Mycobacterium_scrofulaceum,98,104,6
Mycobacterium_scrofulaceum,108,144,36
Mycobacterium_scrofulaceum,160,163,3
Mycobacterium_scrofulaceum,169,175,6
Mycobacterium_scrofulaceum,326,329,3
Mycobacterium_scrofulaceum,334,337,3
Mycobacterium_scrofulaceum,339,351,12
Mycobacterium_scrofulaceum,466,472,6
Mycobacterium_scrofulaceum,1084,1090,6
Mycobacterium_scrofulaceum,1091,1097,6
Mycobacterium_scrofulaceum,1101,1110,9
Mycobacterium_scrofulaceum,1116,1129,13
Mycobacterium_scrofulaceum,1136,1139,3
Mycobacterium_scrofulaceum,1140,1146,6
Mycobacterium_scrofulaceum,1152,1164,12
Mycobacterium_scrofulaceum,1167,1170,3
Mycobacterium_scrofulaceum,1239,1248,9
Mycobacterium_scrofulaceum,1251,1257,6
Mycobacterium_scrofulaceum,1847,1853,6
Mycobacterium_scrofulaceum,1854,1863,9
Mycobacterium_scrofulaceum,1865,1874,9
Mycobacterium_scrofulaceum,1881,1883,2
Mycobacterium_scrofulaceum,1885,1888,3
Mycobacterium_scrofulaceum,1890,1898,8
Mycobacterium_scrofulaceum,1902,1914,12
Mycobacterium_scrofulaceum,1915,1925,10
Mycobacterium_scrofulaceum,1931,1937,6
Mycobacterium_scrofulaceum,2085,2086,1
Mycobacterium_scrofulaceum,2699,2700,1
Mycobacterium_scrofulaceum,3115,3136,21
Mycobacterium_scrofulaceum,3140,3146,6
Mycobacterium_scrofulaceum,3154,3178,24
Mycobacterium_conspicuum,1,65,64
Mycobacterium_conspicuum,74,77,3
Mycobacterium_conspicuum,98,104,6
Mycobacterium_conspicuum,108,144,36
Mycobacterium_conspicuum,160,163,3
Mycobacterium_conspicuum,169,175,6
Mycobacterium_conspicuum,326,329,3
Mycobacterium_conspicuum,334,337,3
Mycobacterium_conspicuum,339,351,12
Mycobacterium_conspicuum,466,472,6
Mycobacterium_conspicuum,1084,1090,6
Mycobacterium_conspicuum,1091,1097,6
Mycobacterium_conspicuum,1101,1110,9
Mycobacterium_conspicuum,1116,1129,13
Mycobacterium_conspicuum,1136,1139,3
Mycobacterium_conspicuum,1140,1146,6
Mycobacterium_conspicuum,1152,1164,12
Mycobacterium_conspicuum,1167,1170,3
Mycobacterium_conspicuum,1224,1236,12
Mycobacterium_conspicuum,1239,1248,9
Mycobacterium_conspicuum,1251,1257,6
Mycobacterium_conspicuum,1265,1268,3
Mycobacterium_conspicuum,1847,1853,6
Mycobacterium_conspicuum,1854,1863,9
Mycobacterium_conspicuum,1865,1874,9
Mycobacterium_conspicuum,1881,1883,2
Mycobacterium_conspicuum,1885,1888,3
Mycobacterium_conspicuum,1890,1898,8
Mycobacterium_conspicuum,1902,1914,12
Mycobacterium_conspicuum,1915,1925,10
Mycobacterium_conspicuum,1931,1937,6
Mycobacterium_conspicuum,2085,2086,1
Mycobacterium_conspicuum,2699,2700,1
Mycobacterium_conspicuum,3112,3148,36
Mycobacterium_conspicuum,3154,3178,24
Mycobacterium_nebraskense,1,65,64
Mycobacterium_nebraskense,98,104,6
Mycobacterium_nebraskense,108,144,36
Mycobacterium_nebraskense,160,163,3
Mycobacterium_nebraskense,169,175,6
Mycobacterium_nebraskense,326,329,3
Mycobacterium_nebraskense,334,337,3
Mycobacterium_nebraskense,339,351,12
Mycobacterium_nebraskense,1084,1090,6
Mycobacterium_nebraskense,1091,1097,6
Mycobacterium_nebraskense,1101,1110,9
Mycobacterium_nebraskense,1116,1129,13
Mycobacterium_nebraskense,1136,1139,3
Mycobacterium_nebraskense,1140,1146,6
Mycobacterium_nebraskense,1152,1164,12
Mycobacterium_nebraskense,1167,1170,3
Mycobacterium_nebraskense,1224,1236,12
Mycobacterium_nebraskense,1239,1248,9
Mycobacterium_nebraskense,1251,1257,6
Mycobacterium_nebraskense,1265,1268,3
Mycobacterium_nebraskense,1847,1853,6
Mycobacterium_nebraskense,1854,1863,9
Mycobacterium_nebraskense,1865,1874,9
Mycobacterium_nebraskense,1881,1883,2
Mycobacterium_nebraskense,1885,1888,3
Mycobacterium_nebraskense,1890,1898,8
Mycobacterium_nebraskense,1902,1914,12
Mycobacterium_nebraskense,1915,1925,10
Mycobacterium_nebraskense,1931,1937,6
Mycobacterium_nebraskense,2085,2086,1
Mycobacterium_nebraskense,2699,2700,1
Mycobacterium_nebraskense,3112,3148,36
Mycobacterium_nebraskense,3154,3178,24
Mycobacterium_alsense,1,65,64
Mycobacterium_alsense,98,161,63
Mycobacterium_alsense,169,175,6
Mycobacterium_alsense,326,329,3
Mycobacterium_alsense,334,337,3
Mycobacterium_alsense,466,472,6
Mycobacterium_alsense,1084,1090,6
Mycobacterium_alsense,1091,1097,6
Mycobacterium_alsense,1101,1110,9
Mycobacterium_alsense,1116,1129,13
Mycobacterium_alsense,1136,1139,3
Mycobacterium_alsense,1140,1146,6
Mycobacterium_alsense,1152,1158,6
Mycobacterium_alsense,1167,1170,3
Mycobacterium_alsense,1239,1248,9
Mycobacterium_alsense,1251,1257,6
Mycobacterium_alsense,1847,1853,6
Mycobacterium_alsense,1854,1863,9
Mycobacterium_alsense,1865,1874,9
Mycobacterium_alsense,1881,1883,2
Mycobacterium_alsense,1885,1888,3
Mycobacterium_alsense,1890,1898,8
Mycobacterium_alsense,1902,1914,12
Mycobacterium_alsense,1915,1925,10
Mycobacterium_alsense,1931,1937,6
Mycobacterium_alsense,2085,2086,1
Mycobacterium_alsense,2699,2700,1
Mycobacterium_alsense,3115,3136,21
Mycobacterium_alsense,3140,3146,6
Mycobacterium_alsense,3154,3178,24
Mycobacterium_paraffinicum,1,65,64
Mycobacterium_paraffinicum,98,104,6
Mycobacterium_paraffinicum,108,144,36
Mycobacterium_paraffinicum,160,163,3
Mycobacterium_paraffinicum,169,175,6
Mycobacterium_paraffinicum,326,329,3
Mycobacterium_paraffinicum,334,337,3
Mycobacterium_paraffinicum,339,351,12
Mycobacterium_paraffinicum,466,472,6
Mycobacterium_paraffinicum,1084,1090,6
Mycobacterium_paraffinicum,1091,1097,6
Mycobacterium_paraffinicum,1101,1110,9
Mycobacterium_paraffinicum,1116,1129,13
Mycobacterium_paraffinicum,1136,1139,3
Mycobacterium_paraffinicum,1140,1146,6
Mycobacterium_paraffinicum,1152,1164,12
Mycobacterium_paraffinicum,1167,1170,3
Mycobacterium_paraffinicum,1239,1248,9
Mycobacterium_paraffinicum,1251,1257,6
Mycobacterium_paraffinicum,1847,1853,6
Mycobacterium_paraffinicum,1854,1863,9
Mycobacterium_paraffinicum,1865,1874,9
Mycobacterium_paraffinicum,1881,1883,2
Mycobacterium_paraffinicum,1885,1888,3
Mycobacterium_paraffinicum,1890,1898,8
Mycobacterium_paraffinicum,1902,1914,12
Mycobacterium_paraffinicum,1915,1925,10
Mycobacterium_paraffinicum,1931,1937,6
Mycobacterium_paraffinicum,2085,2086,1
Mycobacterium_paraffinicum,2699,2700,1
Mycobacterium_paraffinicum,3112,3148,36
Mycobacterium_paraffinicum,3154,3178,24
Mycobacterium_parmense,1,65,64
Mycobacterium_parmense,98,104,6
Mycobacterium_parmense,108,144,36
Mycobacterium_parmense,160,163,3
Mycobacterium_parmense,169,175,6
Mycobacterium_parmense,326,329,3
Mycobacterium_parmense,334,337,3
Mycobacterium_parmense,339,351,12
Mycobacterium_parmense,466,472,6
Mycobacterium_parmense,1084,1090,6
Mycobacterium_parmense,1091,1097,6
Mycobacterium_parmense,1101,1110,9
Mycobacterium_parmense,1116,1129,13
Mycobacterium_parmense,1136,1139,3
Mycobacterium_parmense,1140,1146,6
Mycobacterium_parmense,1152,1164,12
Mycobacterium_parmense,1167,1170,3
Mycobacterium_parmense,1224,1236,12
Mycobacterium_parmense,1239,1248,9
Mycobacterium_parmense,1251,1257,6
Mycobacterium_parmense,1265,1268,3
Mycobacterium_parmense,1847,1853,6
Mycobacterium_parmense,1854,1863,9
Mycobacterium_parmense,1865,1874,9
Mycobacterium_parmense,1881,1883,2
Mycobacterium_parmense,1885,1888,3
Mycobacterium_parmense,1890,1898,8
Mycobacterium_parmense,1902,1914,12
Mycobacterium_parmense,1915,1925,10
Mycobacterium_parmense,1931,1937,6
Mycobacterium_parmense,2085,2086,1
Mycobacterium_parmense,2699,2700,1
Mycobacterium_parmense,3115,3136,21
Mycobacterium_parmense,3140,3146,6
Mycobacterium_parmense,3154,3178,24
Mycobacterium_hominissuis,1,65,64
Mycobacterium_hominissuis,98,104,6
Mycobacterium_hominissuis,108,144,36
Mycobacterium_hominissuis,169,175,6
Mycobacterium_hominissuis,326,329,3
Mycobacterium_hominissuis,334,337,3
Mycobacterium_hominissuis,339,351,12
Mycobacterium_hominissuis,466,472,6
Mycobacterium_hominissuis,1084,1090,6
Mycobacterium_hominissuis,1091,1097,6
Mycobacterium_hominissuis,1101,1110,9
Mycobacterium_hominissuis,1116,1129,13
Mycobacterium_hominissuis,1136,1139,3
Mycobacterium_hominissuis,1140,1146,6
Mycobacterium_hominissuis,1152,1164,12
Mycobacterium_hominissuis,1167,1170,3
Mycobacterium_hominissuis,1224,1236,12
Mycobacterium_hominissuis,1239,1248,9
Mycobacterium_hominissuis,1251,1257,6
Mycobacterium_hominissuis,1265,1268,3
Mycobacterium_hominissuis,1847,1853,6
Mycobacterium_hominissuis,1854,1863,9
Mycobacterium_hominissuis,1865,1874,9
Mycobacterium_hominissuis,1881,1883,2
Mycobacterium_hominissuis,1885,1888,3
Mycobacterium_hominissuis,1890,1898,8
Mycobacterium_hominissuis,1902,1914,12
Mycobacterium_hominissuis,1915,1925,10
Mycobacterium_hominissuis,1931,1937,6
Mycobacterium_hominissuis,2085,2086,1
Mycobacterium_hominissuis,2699,2700,1
Mycobacterium_hominissuis,3112,3148,36
Mycobacterium_hominissuis,3154,3178,24
Mycobacterium_bouchedurhonense,1,65,64
Mycobacterium_bouchedurhonense,98,104,6
Mycobacterium_bouchedurhonense,108,144,36
Mycobacterium_bouchedurhonense,169,175,6
Mycobacterium_bouchedurhonense,326,329,3
Mycobacterium_bouchedurhonense,334,337,3
Mycobacterium_bouchedurhonense,339,351,12
Mycobacterium_bouchedurhonense,466,472,6
Mycobacterium_bouchedurhonense,1084,1090,6
Mycobacterium_bouchedurhonense,1091,1097,6
Mycobacterium_bouchedurhonense,1101,1110,9
Mycobacterium_bouchedurhonense,1116,1129,13
Mycobacterium_bouchedurhonense,1136,1139,3
Mycobacterium_bouchedurhonense,1140,1146,6
Mycobacterium_bouchedurhonense,1152,1164,12
Mycobacterium_bouchedurhonense,1167,1170,3
Mycobacterium_bouchedurhonense,1224,1236,12
Mycobacterium_bouchedurhonense,1239,1248,9
Mycobacterium_bouchedurhonense,1251,1257,6
Mycobacterium_bouchedurhonense,1265,1268,3
Mycobacterium_bouchedurhonense,1847,1853,6
Mycobacterium_bouchedurhonense,1854,1863,9
Mycobacterium_bouchedurhonense,1865,1874,9
Mycobacterium_bouchedurhonense,1881,1883,2
Mycobacterium_bouchedurhonense,1885,1888,3
Mycobacterium_bouchedurhonense,1890,1898,8
Mycobacterium_bouchedurhonense,1902,1914,12
Mycobacterium_bouchedurhonense,1915,1925,10
Mycobacterium_bouchedurhonense,1931,1937,6
Mycobacterium_bouchedurhonense,2085,2086,1
Mycobacterium_bouchedurhonense,2699,2700,1
Mycobacterium_bouchedurhonense,3112,3148,36
Mycobacterium_bouchedurhonense,3154,3178,24
Mycobacterium_avium,1,65,64
Mycobacterium_avium,98,104,6
Mycobacterium_avium,108,144,36
Mycobacterium_avium,169,175,6
Mycobacterium_avium,326,329,3
Mycobacterium_avium,334,337,3
Mycobacterium_avium,339,351,12
Mycobacterium_avium,466,472,6
Mycobacterium_avium,1084,1090,6
Mycobacterium_avium,1091,1097,6
Mycobacterium_avium,1101,1110,9
Mycobacterium_avium,1116,1129,13
Mycobacterium_avium,1136,1139,3
Mycobacterium_avium,1140,1146,6
Mycobacterium_avium,1152,1164,12
Mycobacterium_avium,1167,1170,3
Mycobacterium_avium,1224,1236,12
Mycobacterium_avium,1239,1248,9
Mycobacterium_avium,1251,1257,6
Mycobacterium_avium,1265,1268,3
Mycobacterium_avium,1847,1853,6
Mycobacterium_avium,1854,1863,9
Mycobacterium_avium,1865,1874,9
Mycobacterium_avium,1881,1883,2
Mycobacterium_avium,1885,1888,3
Mycobacterium_avium,1890,1898,8
Mycobacterium_avium,1902,1914,12
Mycobacterium_avium,1915,1925,10
Mycobacterium_avium,1931,1937,6
Mycobacterium_avium,2085,2086,1
Mycobacterium_avium,2699,2700,1
Mycobacterium_avium,3112,3148,36
Mycobacterium_avium,3154,3178,24
Mycobacterium_colombiense,1,65,64
Mycobacterium_colombiense,98,104,6
Mycobacterium_colombiense,108,144,36
Mycobacterium_colombiense,160,163,3
Mycobacterium_colombiense,169,175,6
Mycobacterium_colombiense,326,329,3
Mycobacterium_colombiense,334,337,3
Mycobacterium_colombiense,466,472,6
Mycobacterium_colombiense,1084,1090,6
Mycobacterium_colombiense,1091,1097,6
Mycobacterium_colombiense,1101,1110,9
Mycobacterium_colombiense,1116,1129,13
Mycobacterium_colombiense,1136,1139,3
Mycobacterium_colombiense,1140,1146,6
Mycobacterium_colombiense,1152,1164,12
Mycobacterium_colombiense,1167,1170,3
Mycobacterium_colombiense,1224,1236,12
Mycobacterium_colombiense,1239,1248,9
Mycobacterium_colombiense,1251,1257,6
Mycobacterium_colombiense,1265,1268,3
Mycobacterium_colombiense,1847,1853,6
Mycobacterium_colombiense,1854,1863,9
Mycobacterium_colombiense,1865,1874,9
Mycobacterium_colombiense,1881,1883,2
Mycobacterium_colombiense,1885,1888,3
Mycobacterium_colombiense,1890,1898,8
Mycobacterium_colombiense,1902,1914,12
Mycobacterium_colombiense,1915,1925,10
Mycobacterium_colombiense,1931,1937,6
Mycobacterium_colombiense,2085,2086,1
Mycobacterium_colombiense,2699,2700,1
Mycobacterium_colombiense,3112,3148,36
Mycobacterium_colombiense,3154,3178,24
Mycobacterium_seoulense,1,65,64
Mycobacterium_seoulense,98,104,6
Mycobacterium_seoulense,108,144,36
Mycobacterium_seoulense,160,163,3
Mycobacterium_seoulense,169,175,6
Mycobacterium_seoulense,326,329,3
Mycobacterium_seoulense,334,337,3
Mycobacterium_seoulense,339,351,12
Mycobacterium_seoulense,466,472,6
Mycobacterium_seoulense,1084,1090,6
Mycobacterium_seoulense,1091,1097,6
Mycobacterium_seoulense,1101,1110,9
Mycobacterium_seoulense,1116,1129,13
Mycobacterium_seoulense,1136,1139,3
Mycobacterium_seoulense,1140,1146,6
Mycobacterium_seoulense,1152,1164,12
Mycobacterium_seoulense,1167,1170,3
Mycobacterium_seoulense,1239,1248,9
Mycobacterium_seoulense,1251,1257,6
Mycobacterium_seoulense,1847,1853,6
Mycobacterium_seoulense,1854,1863,9
Mycobacterium_seoulense,1865,1874,9
Mycobacterium_seoulense,1881,1883,2
Mycobacterium_seoulense,1885,1888,3
Mycobacterium_seoulense,1890,1898,8
Mycobacterium_seoulense,1902,1914,12
Mycobacterium_seoulense,1915,1925,10
Mycobacterium_seoulense,1931,1937,6
Mycobacterium_seoulense,2085,2086,1
Mycobacterium_seoulense,2699,2700,1
Mycobacterium_seoulense,3112,3148,36
Mycobacterium_seoulense,3154,3178,24
Mycobacterium_ulcerans,1,45,44
Mycobacterium_ulcerans,48,49,1
Mycobacterium_ulcerans,57,58,1
Mycobacterium_ulcerans,98,104,6
Mycobacterium_ulcerans,108,144,36
Mycobacterium_ulcerans,157,163,6
Mycobacterium_ulcerans,169,175,6
Mycobacterium_ulcerans,326,329,3
Mycobacterium_ulcerans,334,337,3
Mycobacterium_ulcerans,339,351,12
Mycobacterium_ulcerans,466,472,6
Mycobacterium_ulcerans,1084,1090,6
Mycobacterium_ulcerans,1091,1097,6
Mycobacterium_ulcerans,1101,1110,9
Mycobacterium_ulcerans,1116,1129,13
Mycobacterium_ulcerans,1136,1139,3
Mycobacterium_ulcerans,1140,1146,6
Mycobacterium_ulcerans,1152,1164,12
Mycobacterium_ulcerans,1167,1170,3
Mycobacterium_ulcerans,1224,1236,12
Mycobacterium_ulcerans,1239,1248,9
Mycobacterium_ulcerans,1251,1257,6
Mycobacterium_ulcerans,1265,1268,3
Mycobacterium_ulcerans,1847,1853,6
Mycobacterium_ulcerans,1854,1863,9
Mycobacterium_ulcerans,1865,1874,9
Mycobacterium_ulcerans,1881,1883,2
Mycobacterium_ulcerans,1885,1888,3
Mycobacterium_ulcerans,1890,1898,8
Mycobacterium_ulcerans,1902,1914,12
Mycobacterium_ulcerans,1915,1925,10
Mycobacterium_ulcerans,1931,1937,6
Mycobacterium_ulcerans,2085,2086,1
Mycobacterium_ulcerans,2699,2700,1
Mycobacterium_ulcerans,3115,3136,21
Mycobacterium_ulcerans,3140,3146,6
Mycobacterium_ulcerans,3154,3178,24
Mycobacterium_kansasii,1,65,64
Mycobacterium_kansasii,102,104,2
Mycobacterium_kansasii,108,142,34
Mycobacterium_kansasii,157,163,6
Mycobacterium_kansasii,169,175,6
Mycobacterium_kansasii,326,329,3
Mycobacterium_kansasii,334,337,3
Mycobacterium_kansasii,466,472,6
Mycobacterium_kansasii,1084,1090,6
Mycobacterium_kansasii,1091,1097,6
Mycobacterium_kansasii,1101,1110,9
Mycobacterium_kansasii,1116,1129,13
Mycobacterium_kansasii,1136,1139,3
Mycobacterium_kansasii,1140,1146,6
Mycobacterium_kansasii,1152,1164,12
Mycobacterium_kansasii,1167,1170,3
Mycobacterium_kansasii,1224,1236,12
Mycobacterium_kansasii,1239,1248,9
Mycobacterium_kansasii,1251,1257,6
Mycobacterium_kansasii,1265,1268,3
Mycobacterium_kansasii,1847,1853,6
Mycobacterium_kansasii,1854,1863,9
Mycobacterium_kansasii,1865,1874,9
Mycobacterium_kansasii,1881,1883,2
Mycobacterium_kansasii,1885,1888,3
Mycobacterium_kansasii,1890,1898,8
Mycobacterium_kansasii,1902,1914,12
Mycobacterium_kansasii,1915,1925,10
Mycobacterium_kansasii,1931,1937,6
Mycobacterium_kansasii,2085,2086,1
Mycobacterium_kansasii,2699,2700,1
Mycobacterium_kansasii,3115,3151,36
Mycobacterium_kansasii,3154,3178,24
Mycobacterium_innocens,1,65,64
Mycobacterium_innocens,102,104,2
Mycobacterium_innocens,108,142,34
Mycobacterium_innocens,157,163,6
Mycobacterium_innocens,169,175,6
Mycobacterium_innocens,326,329,3
Mycobacterium_innocens,334,337,3
Mycobacterium_innocens,466,472,6
Mycobacterium_innocens,1084,1090,6
Mycobacterium_innocens,1091,1097,6
Mycobacterium_innocens,1101,1110,9
Mycobacterium_innocens,1116,1129,13
Mycobacterium_innocens,1136,1139,3
Mycobacterium_innocens,1140,1146,6
Mycobacterium_innocens,1152,1164,12
Mycobacterium_innocens,1167,1170,3
Mycobacterium_innocens,1224,1236,12
Mycobacterium_innocens,1239,1248,9
Mycobacterium_innocens,1251,1257,6
Mycobacterium_innocens,1265,1268,3
Mycobacterium_innocens,1847,1853,6
Mycobacterium_innocens,1854,1863,9
Mycobacterium_innocens,1865,1874,9
Mycobacterium_innocens,1881,1883,2
Mycobacterium_innocens,1885,1888,3
Mycobacterium_innocens,1890,1898,8
Mycobacterium_innocens,1902,1914,12
Mycobacterium_innocens,1915,1925,10
Mycobacterium_innocens,1931,1937,6
Mycobacterium_innocens,2085,2086,1
Mycobacterium_innocens,2699,2700,1
Mycobacterium_innocens,3115,3151,36
Mycobacterium_innocens,3154,3178,24
Mycobacterium_shinshuense,1,45,44
Mycobacterium_shinshuense,48,49,1
Mycobacterium_shinshuense,57,58,1
Mycobacterium_shinshuense,98,104,6
Mycobacterium_shinshuense,108,144,36
Mycobacterium_shinshuense,157,163,6
Mycobacterium_shinshuense,169,175,6
Mycobacterium_shinshuense,326,329,3
Mycobacterium_shinshuense,334,337,3
Mycobacterium_shinshuense,339,351,12
Mycobacterium_shinshuense,466,472,6
Mycobacterium_shinshuense,1084,1090,6
Mycobacterium_shinshuense,1091,1097,6
Mycobacterium_shinshuense,1101,1110,9
Mycobacterium_shinshuense,1116,1129,13
Mycobacterium_shinshuense,1136,1139,3
Mycobacterium_shinshuense,1140,1146,6
Mycobacterium_shinshuense,1152,1164,12
Mycobacterium_shinshuense,1167,1170,3
Mycobacterium_shinshuense,1224,1236,12
Mycobacterium_shinshuense,1239,1248,9
Mycobacterium_shinshuense,1251,1257,6
Mycobacterium_shinshuense,1265,1268,3
Mycobacterium_shinshuense,1847,1853,6
Mycobacterium_shinshuense,1854,1863,9
Mycobacterium_shinshuense,1865,1874,9
Mycobacterium_shinshuense,1881,1883,2
Mycobacterium_shinshuense,1885,1888,3
Mycobacterium_shinshuense,1890,1898,8
Mycobacterium_shinshuense,1902,1914,12
Mycobacterium_shinshuense,1915,1925,10
Mycobacterium_shinshuense,1931,1937,6
Mycobacterium_shinshuense,2085,2086,1
Mycobacterium_shinshuense,2699,2700,1
Mycobacterium_shinshuense,3115,3136,21
Mycobacterium_shinshuense,3140,3146,6
Mycobacterium_shinshuense,3154,3178,24
Mycobacterium_shimoidei,1,65,64
Mycobacterium_shimoidei,98,146,48
Mycobacterium_shimoidei,326,329,3
Mycobacterium_shimoidei,334,337,3
Mycobacterium_shimoidei,339,351,12
Mycobacterium_shimoidei,466,472,6
Mycobacterium_shimoidei,1084,1090,6
Mycobacterium_shimoidei,1101,1110,9
Mycobacterium_shimoidei,1116,1129,13
Mycobacterium_shimoidei,1136,1139,3
Mycobacterium_shimoidei,1140,1146,6
Mycobacterium_shimoidei,1152,1164,12
Mycobacterium_shimoidei,1167,1170,3
Mycobacterium_shimoidei,1224,1236,12
Mycobacterium_shimoidei,1239,1248,9
Mycobacterium_shimoidei,1251,1257,6
Mycobacterium_shimoidei,1265,1268,3
Mycobacterium_shimoidei,1847,1853,6
Mycobacterium_shimoidei,1854,1863,9
Mycobacterium_shimoidei,1865,1874,9
Mycobacterium_shimoidei,1881,1883,2
Mycobacterium_shimoidei,1885,1888,3
Mycobacterium_shimoidei,1890,1898,8
Mycobacterium_shimoidei,1902,1914,12
Mycobacterium_shimoidei,1915,1925,10
Mycobacterium_shimoidei,1931,1937,6
Mycobacterium_shimoidei,2085,2086,1
Mycobacterium_shimoidei,2699,2700,1
Mycobacterium_shimoidei,3115,3136,21
Mycobacterium_shimoidei,3140,3146,6
Mycobacterium_shimoidei,3154,3178,24
Mycobacterium_liflandii,1,45,44
Mycobacterium_liflandii,48,49,1
Mycobacterium_liflandii,57,58,1
Mycobacterium_liflandii,98,104,6
Mycobacterium_liflandii,108,144,36
Mycobacterium_liflandii,157,163,6
Mycobacterium_liflandii,169,175,6
Mycobacterium_liflandii,326,329,3
Mycobacterium_liflandii,334,337,3
Mycobacterium_liflandii,339,351,12
Mycobacterium_liflandii,466,472,6
Mycobacterium_liflandii,1084,1090,6
Mycobacterium_liflandii,1091,1097,6
Mycobacterium_liflandii,1101,1110,9
Mycobacterium_liflandii,1116,1129,13
Mycobacterium_liflandii,1136,1139,3
Mycobacterium_liflandii,1140,1146,6
Mycobacterium_liflandii,1152,1164,12
Mycobacterium_liflandii,1167,1170,3
Mycobacterium_liflandii,1224,1236,12
Mycobacterium_liflandii,1239,1248,9
Mycobacterium_liflandii,1251,1257,6
Mycobacterium_liflandii,1265,1268,3
Mycobacterium_liflandii,1847,1853,6
Mycobacterium_liflandii,1854,1863,9
Mycobacterium_liflandii,1865,1874,9
Mycobacterium_liflandii,1881,1883,2
Mycobacterium_liflandii,1885,1888,3
Mycobacterium_liflandii,1890,1898,8
Mycobacterium_liflandii,1902,1914,12
Mycobacterium_liflandii,1915,1925,10
Mycobacterium_liflandii,1931,1937,6
Mycobacterium_liflandii,2085,2086,1
Mycobacterium_liflandii,2699,2700,1
Mycobacterium_liflandii,3115,3136,21
Mycobacterium_liflandii,3140,3146,6
Mycobacterium_liflandii,3154,3178,24
Mycobacterium_paraseoulense,1,65,64
Mycobacterium_paraseoulense,98,104,6
Mycobacterium_paraseoulense,108,144,36
Mycobacterium_paraseoulense,160,163,3
Mycobacterium_paraseoulense,169,175,6
Mycobacterium_paraseoulense,326,329,3
Mycobacterium_paraseoulense,334,337,3
Mycobacterium_paraseoulense,339,351,12
Mycobacterium_paraseoulense,466,472,6
Mycobacterium_paraseoulense,1084,1090,6
Mycobacterium_paraseoulense,1091,1097,6
Mycobacterium_paraseoulense,1101,1110,9
Mycobacterium_paraseoulense,1116,1129,13
Mycobacterium_paraseoulense,1136,1139,3
Mycobacterium_paraseoulense,1140,1146,6
Mycobacterium_paraseoulense,1152,1164,12
Mycobacterium_paraseoulense,1167,1170,3
Mycobacterium_paraseoulense,1239,1248,9
Mycobacterium_paraseoulense,1251,1257,6
Mycobacterium_paraseoulense,1847,1853,6
Mycobacterium_paraseoulense,1854,1863,9
Mycobacterium_paraseoulense,1865,1874,9
Mycobacterium_paraseoulense,1881,1883,2
Mycobacterium_paraseoulense,1885,1888,3
Mycobacterium_paraseoulense,1890,1898,8
Mycobacterium_paraseoulense,1902,1914,12
Mycobacterium_paraseoulense,1915,1925,10
Mycobacterium_paraseoulense,1931,1937,6
Mycobacterium_paraseoulense,2085,2086,1
Mycobacterium_paraseoulense,2699,2700,1
Mycobacterium_paraseoulense,3112,3148,36
Mycobacterium_paraseoulense,3154,3178,24
Mycobacterium_angelicum,1,65,64
Mycobacterium_angelicum,108,144,36
Mycobacterium_angelicum,145,163,18
Mycobacterium_angelicum,169,175,6
Mycobacterium_angelicum,326,329,3
Mycobacterium_angelicum,334,337,3
Mycobacterium_angelicum,339,351,12
Mycobacterium_angelicum,466,472,6
Mycobacterium_angelicum,1084,1090,6
Mycobacterium_angelicum,1091,1097,6
Mycobacterium_angelicum,1101,1110,9
Mycobacterium_angelicum,1116,1129,13
Mycobacterium_angelicum,1136,1139,3
Mycobacterium_angelicum,1140,1146,6
Mycobacterium_angelicum,1152,1164,12
Mycobacterium_angelicum,1167,1170,3
Mycobacterium_angelicum,1224,1236,12
Mycobacterium_angelicum,1239,1248,9
Mycobacterium_angelicum,1251,1257,6
Mycobacterium_angelicum,1265,1268,3
Mycobacterium_angelicum,1847,1853,6
Mycobacterium_angelicum,1854,1863,9
Mycobacterium_angelicum,1865,1874,9
Mycobacterium_angelicum,1881,1883,2
Mycobacterium_angelicum,1885,1888,3
Mycobacterium_angelicum,1890,1898,8
Mycobacterium_angelicum,1902,1914,12
Mycobacterium_angelicum,1915,1925,10
Mycobacterium_angelicum,1931,1937,6
Mycobacterium_angelicum,2085,2086,1
Mycobacterium_angelicum,2699,2700,1
Mycobacterium_angelicum,3112,3148,36
Mycobacterium_angelicum,3154,3178,24
Mycobacterium_pseudoshottsii,1,45,44
Mycobacterium_pseudoshottsii,48,49,1
Mycobacterium_pseudoshottsii,57,58,1
Mycobacterium_pseudoshottsii,98,104,6
Mycobacterium_pseudoshottsii,108,144,36
Mycobacterium_pseudoshottsii,157,163,6
Mycobacterium_pseudoshottsii,169,175,6
Mycobacterium_pseudoshottsii,326,329,3
Mycobacterium_pseudoshottsii,334,337,3
Mycobacterium_pseudoshottsii,339,351,12
Mycobacterium_pseudoshottsii,466,472,6
Mycobacterium_pseudoshottsii,1084,1090,6
Mycobacterium_pseudoshottsii,1091,1097,6
Mycobacterium_pseudoshottsii,1101,1110,9
Mycobacterium_pseudoshottsii,1116,1129,13
Mycobacterium_pseudoshottsii,1136,1139,3
Mycobacterium_pseudoshottsii,1140,1146,6
Mycobacterium_pseudoshottsii,1152,1164,12
Mycobacterium_pseudoshottsii,1167,1170,3
Mycobacterium_pseudoshottsii,1224,1236,12
Mycobacterium_pseudoshottsii,1239,1248,9
Mycobacterium_pseudoshottsii,1251,1257,6
Mycobacterium_pseudoshottsii,1265,1268,3
Mycobacterium_pseudoshottsii,1847,1853,6
Mycobacterium_pseudoshottsii,1854,1863,9
Mycobacterium_pseudoshottsii,1865,1874,9
Mycobacterium_pseudoshottsii,1881,1883,2
Mycobacterium_pseudoshottsii,1885,1888,3
Mycobacterium_pseudoshottsii,1890,1898,8
Mycobacterium_pseudoshottsii,1902,1914,12
Mycobacterium_pseudoshottsii,1915,1925,10
Mycobacterium_pseudoshottsii,1931,1937,6
Mycobacterium_pseudoshottsii,2085,2086,1
Mycobacterium_pseudoshottsii,2699,2700,1
Mycobacterium_pseudoshottsii,3115,3136,21
Mycobacterium_pseudoshottsii,3140,3146,6
Mycobacterium_pseudoshottsii,3154,3178,24
Mycobacterium_paraintracellulare,1,65,64
Mycobacterium_paraintracellulare,98,104,6
Mycobacterium_paraintracellulare,108,144,36
Mycobacterium_paraintracellulare,160,163,3
Mycobacterium_paraintracellulare,169,175,6
Mycobacterium_paraintracellulare,326,329,3
Mycobacterium_paraintracellulare,334,337,3
Mycobacterium_paraintracellulare,466,472,6
Mycobacterium_paraintracellulare,1084,1090,6
Mycobacterium_paraintracellulare,1091,1097,6
Mycobacterium_paraintracellulare,1101,1110,9
Mycobacterium_paraintracellulare,1116,1129,13
Mycobacterium_paraintracellulare,1136,1139,3
Mycobacterium_paraintracellulare,1140,1146,6
Mycobacterium_paraintracellulare,1152,1164,12
Mycobacterium_paraintracellulare,1167,1170,3
Mycobacterium_paraintracellulare,1224,1236,12
Mycobacterium_paraintracellulare,1239,1248,9
Mycobacterium_paraintracellulare,1251,1257,6
Mycobacterium_paraintracellulare,1265,1268,3
Mycobacterium_paraintracellulare,1847,1853,6
Mycobacterium_paraintracellulare,1854,1863,9
Mycobacterium_paraintracellulare,1865,1874,9
Mycobacterium_paraintracellulare,1881,1883,2
Mycobacterium_paraintracellulare,1885,1888,3
Mycobacterium_paraintracellulare,1890,1898,8
Mycobacterium_paraintracellulare,1902,1914,12
Mycobacterium_paraintracellulare,1915,1925,10
Mycobacterium_paraintracellulare,1931,1937,6
Mycobacterium_paraintracellulare,2085,2086,1
Mycobacterium_paraintracellulare,2699,2700,1
Mycobacterium_paraintracellulare,3112,3148,36
Mycobacterium_paraintracellulare,3154,3178,24
Mycobacterium_intracellulare,1,65,64
Mycobacterium_intracellulare,98,104,6
Mycobacterium_intracellulare,108,144,36
Mycobacterium_intracellulare,160,163,3
Mycobacterium_intracellulare,169,175,6
Mycobacterium_intracellulare,326,329,3
Mycobacterium_intracellulare,334,337,3
Mycobacterium_intracellulare,466,472,6
Mycobacterium_intracellulare,1084,1090,6
Mycobacterium_intracellulare,1091,1097,6
Mycobacterium_intracellulare,1101,1110,9
Mycobacterium_intracellulare,1116,1129,13
Mycobacterium_intracellulare,1136,1139,3
Mycobacterium_intracellulare,1140,1146,6
Mycobacterium_intracellulare,1152,1164,12
Mycobacterium_intracellulare,1167,1170,3
Mycobacterium_intracellulare,1224,1236,12
Mycobacterium_intracellulare,1239,1248,9
Mycobacterium_intracellulare,1251,1257,6
Mycobacterium_intracellulare,1265,1268,3
Mycobacterium_intracellulare,1847,1853,6
Mycobacterium_intracellulare,1854,1863,9
Mycobacterium_intracellulare,1865,1874,9
Mycobacterium_intracellulare,1881,1883,2
Mycobacterium_intracellulare,1885,1888,3
Mycobacterium_intracellulare,1890,1898,8
Mycobacterium_intracellulare,1902,1914,12
Mycobacterium_intracellulare,1915,1925,10
Mycobacterium_intracellulare,1931,1937,6
Mycobacterium_intracellulare,2085,2086,1
Mycobacterium_intracellulare,2699,2700,1
Mycobacterium_intracellulare,3112,3148,36
Mycobacterium_intracellulare,3154,3178,24
Mycobacterium_timonense,1,65,64
Mycobacterium_timonense,98,104,6
Mycobacterium_timonense,108,144,36
Mycobacterium_timonense,160,163,3
Mycobacterium_timonense,169,175,6
Mycobacterium_timonense,326,329,3
Mycobacterium_timonense,334,337,3
Mycobacterium_timonense,466,472,6
Mycobacterium_timonense,1084,1090,6
Mycobacterium_timonense,1091,1097,6
Mycobacterium_timonense,1101,1110,9
Mycobacterium_timonense,1116,1129,13
Mycobacterium_timonense,1136,1139,3
Mycobacterium_timonense,1140,1146,6
Mycobacterium_timonense,1152,1164,12
Mycobacterium_timonense,1167,1170,3
Mycobacterium_timonense,1224,1236,12
Mycobacterium_timonense,1239,1248,9
Mycobacterium_timonense,1251,1257,6
Mycobacterium_timonense,1265,1268,3
Mycobacterium_timonense,1847,1853,6
Mycobacterium_timonense,1854,1863,9
Mycobacterium_timonense,1865,1874,9
Mycobacterium_timonense,1881,1883,2
Mycobacterium_timonense,1885,1888,3
Mycobacterium_timonense,1890,1898,8
Mycobacterium_timonense,1902,1914,12
Mycobacterium_timonense,1915,1925,10
Mycobacterium_timonense,1931,1937,6
Mycobacterium_timonense,2085,2086,1
Mycobacterium_timonense,2699,2700,1
Mycobacterium_timonense,3112,3148,36
Mycobacterium_timonense,3154,3178,24
Mycobacterium_chimaera,1,65,64
Mycobacterium_chimaera,98,104,6
Mycobacterium_chimaera,108,144,36
Mycobacterium_chimaera,160,163,3
Mycobacterium_chimaera,169,175,6
Mycobacterium_chimaera,326,329,3
Mycobacterium_chimaera,334,337,3
Mycobacterium_chimaera,466,472,6
Mycobacterium_chimaera,1084,1090,6
Mycobacterium_chimaera,1091,1097,6
Mycobacterium_chimaera,1101,1110,9
Mycobacterium_chimaera,1116,1129,13
Mycobacterium_chimaera,1136,1139,3
Mycobacterium_chimaera,1140,1146,6
Mycobacterium_chimaera,1152,1164,12
Mycobacterium_chimaera,1167,1170,3
Mycobacterium_chimaera,1239,1248,9
Mycobacterium_chimaera,1251,1257,6
Mycobacterium_chimaera,1847,1853,6
Mycobacterium_chimaera,1854,1863,9
Mycobacterium_chimaera,1865,1874,9
Mycobacterium_chimaera,1881,1883,2
Mycobacterium_chimaera,1885,1888,3
Mycobacterium_chimaera,1890,1898,8
Mycobacterium_chimaera,1902,1914,12
Mycobacterium_chimaera,1915,1925,10
Mycobacterium_chimaera,1931,1937,6
Mycobacterium_chimaera,2085,2086,1
Mycobacterium_chimaera,2699,2700,1
Mycobacterium_chimaera,3112,3148,36
Mycobacterium_chimaera,3154,3178,24
Mycobacterium_helveticum,1,65,64
Mycobacterium_helveticum,98,104,6
Mycobacterium_helveticum,108,144,36
Mycobacterium_helveticum,160,163,3
Mycobacterium_helveticum,169,175,6
Mycobacterium_helveticum,326,329,3
Mycobacterium_helveticum,334,337,3
Mycobacterium_helveticum,339,351,12
Mycobacterium_helveticum,466,472,6
Mycobacterium_helveticum,1084,1090,6
Mycobacterium_helveticum,1091,1097,6
Mycobacterium_helveticum,1103,1115,12
Mycobacterium_helveticum,1116,1129,13
Mycobacterium_helveticum,1136,1139,3
Mycobacterium_helveticum,1140,1146,6
Mycobacterium_helveticum,1159,1165,6
Mycobacterium_helveticum,1167,1170,3
Mycobacterium_helveticum,1239,1248,9
Mycobacterium_helveticum,1251,1257,6
Mycobacterium_helveticum,1847,1853,6
Mycobacterium_helveticum,1854,1863,9
Mycobacterium_helveticum,1865,1874,9
Mycobacterium_helveticum,1881,1883,2
Mycobacterium_helveticum,1885,1888,3
Mycobacterium_helveticum,1890,1898,8
Mycobacterium_helveticum,1902,1914,12
Mycobacterium_helveticum,1915,1925,10
Mycobacterium_helveticum,1931,1937,6
Mycobacterium_helveticum,2085,2086,1
Mycobacterium_helveticum,2699,2700,1
Mycobacterium_helveticum,3112,3148,36
Mycobacterium_helveticum,3154,3178,24
Mycobacterium_marinum,1,45,44
Mycobacterium_marinum,48,49,1
Mycobacterium_marinum,57,58,1
Mycobacterium_marinum,98,104,6
Mycobacterium_marinum,108,144,36
Mycobacterium_marinum,157,163,6
Mycobacterium_marinum,169,175,6
Mycobacterium_marinum,326,329,3
Mycobacterium_marinum,334,337,3
Mycobacterium_marinum,339,351,12
Mycobacterium_marinum,466,472,6
Mycobacterium_marinum,1084,1090,6
Mycobacterium_marinum,1091,1097,6
Mycobacterium_marinum,1101,1110,9
Mycobacterium_marinum,1116,1129,13
Mycobacterium_marinum,1136,1139,3
Mycobacterium_marinum,1140,1146,6
Mycobacterium_marinum,1152,1164,12
Mycobacterium_marinum,1167,1170,3
Mycobacterium_marinum,1224,1236,12
Mycobacterium_marinum,1239,1248,9
Mycobacterium_marinum,1251,1257,6
Mycobacterium_marinum,1265,1268,3
Mycobacterium_marinum,1847,1853,6
Mycobacterium_marinum,1854,1863,9
Mycobacterium_marinum,1865,1874,9
Mycobacterium_marinum,1881,1883,2
Mycobacterium_marinum,1885,1888,3
Mycobacterium_marinum,1890,1898,8
Mycobacterium_marinum,1902,1914,12
Mycobacterium_marinum,1915,1925,10
Mycobacterium_marinum,1931,1937,6
Mycobacterium_marinum,2085,2086,1
Mycobacterium_marinum,2699,2700,1
Mycobacterium_marinum,3115,3136,21
Mycobacterium_marinum,3140,3146,6
Mycobacterium_marinum,3154,3178,24
Mycobacterium_marseillense,1,65,64
Mycobacterium_marseillense,98,104,6
Mycobacterium_marseillense,108,144,36
Mycobacterium_marseillense,160,163,3
Mycobacterium_marseillense,169,175,6
Mycobacterium_marseillense,326,329,3
Mycobacterium_marseillense,334,337,3
Mycobacterium_marseillense,466,472,6
Mycobacterium_marseillense,1084,1090,6
Mycobacterium_marseillense,1091,1097,6
Mycobacterium_marseillense,1101,1110,9
Mycobacterium_marseillense,1116,1129,13
Mycobacterium_marseillense,1136,1139,3
Mycobacterium_marseillense,1140,1146,6
Mycobacterium_marseillense,1152,1164,12
Mycobacterium_marseillense,1167,1170,3
Mycobacterium_marseillense,1224,1236,12
Mycobacterium_marseillense,1239,1248,9
Mycobacterium_marseillense,1251,1257,6
Mycobacterium_marseillense,1265,1268,3
Mycobacterium_marseillense,1847,1853,6
Mycobacterium_marseillense,1854,1863,9
Mycobacterium_marseillense,1865,1874,9
Mycobacterium_marseillense,1881,1883,2
Mycobacterium_marseillense,1885,1888,3
Mycobacterium_marseillense,1890,1898,8
Mycobacterium_marseillense,1902,1914,12
Mycobacterium_marseillense,1915,1925,10
Mycobacterium_marseillense,1931,1937,6
Mycobacterium_marseillense,2085,2086,1
Mycobacterium_marseillense,2699,2700,1
Mycobacterium_marseillense,3112,3148,36
Mycobacterium_marseillense,3154,3178,24
Mycobacterium_pseudokansasii,1,65,64
Mycobacterium_pseudokansasii,102,104,2
Mycobacterium_pseudokansasii,108,142,34
Mycobacterium_pseudokansasii,157,163,6
Mycobacterium_pseudokansasii,169,175,6
Mycobacterium_pseudokansasii,326,329,3
Mycobacterium_pseudokansasii,334,337,3
Mycobacterium_pseudokansasii,466,472,6
Mycobacterium_pseudokansasii,1084,1090,6
Mycobacterium_pseudokansasii,1091,1097,6
Mycobacterium_pseudokansasii,1101,1110,9
Mycobacterium_pseudokansasii,1116,1129,13
Mycobacterium_pseudokansasii,1136,1139,3
Mycobacterium_pseudokansasii,1140,1146,6
Mycobacterium_pseudokansasii,1152,1164,12
Mycobacterium_pseudokansasii,1167,1170,3
Mycobacterium_pseudokansasii,1239,1248,9
Mycobacterium_pseudokansasii,1251,1257,6
Mycobacterium_pseudokansasii,1847,1853,6
Mycobacterium_pseudokansasii,1854,1863,9
Mycobacterium_pseudokansasii,1865,1874,9
Mycobacterium_pseudokansasii,1881,1883,2
Mycobacterium_pseudokansasii,1885,1888,3
Mycobacterium_pseudokansasii,1890,1898,8
Mycobacterium_pseudokansasii,1902,1914,12
Mycobacterium_pseudokansasii,1915,1925,10
Mycobacterium_pseudokansasii,1931,1937,6
Mycobacterium_pseudokansasii,2085,2086,1
Mycobacterium_pseudokansasii,2699,2700,1
Mycobacterium_pseudokansasii,3115,3151,36
Mycobacterium_pseudokansasii,3154,3178,24
Mycobacterium_fragae,1,65,64
Mycobacterium_fragae,94,148,54
Mycobacterium_fragae,153,156,3
Mycobacterium_fragae,169,175,6
Mycobacterium_fragae,326,329,3
Mycobacterium_fragae,334,337,3
Mycobacterium_fragae,339,351,12
Mycobacterium_fragae,466,472,6
Mycobacterium_fragae,1084,1090,6
Mycobacterium_fragae,1101,1110,9
Mycobacterium_fragae,1116,1129,13
Mycobacterium_fragae,1132,1135,3
Mycobacterium_fragae,1136,1139,3
Mycobacterium_fragae,1140,1146,6
Mycobacterium_fragae,1152,1164,12
Mycobacterium_fragae,1167,1170,3
Mycobacterium_fragae,1224,1236,12
Mycobacterium_fragae,1239,1248,9
Mycobacterium_fragae,1251,1257,6
Mycobacterium_fragae,1265,1268,3
Mycobacterium_fragae,1847,1853,6
Mycobacterium_fragae,1854,1863,9
Mycobacterium_fragae,1865,1874,9
Mycobacterium_fragae,1881,1883,2
Mycobacterium_fragae,1885,1888,3
Mycobacterium_fragae,1890,1898,8
Mycobacterium_fragae,1902,1914,12
Mycobacterium_fragae,1915,1925,10
Mycobacterium_fragae,1931,1937,6
Mycobacterium_fragae,2085,2086,1
Mycobacterium_fragae,2699,2700,1
Mycobacterium_fragae,3115,3136,21
Mycobacterium_fragae,3140,3146,6
Mycobacterium_fragae,3154,3178,24
Mycobacterium_numidiamassiliense,1,65,64
Mycobacterium_numidiamassiliense,98,104,6
Mycobacterium_numidiamassiliense,106,163,57
Mycobacterium_numidiamassiliense,169,175,6
Mycobacterium_numidiamassiliense,326,329,3
Mycobacterium_numidiamassiliense,334,337,3
Mycobacterium_numidiamassiliense,339,351,12
Mycobacterium_numidiamassiliense,466,472,6
Mycobacterium_numidiamassiliense,1084,1090,6
Mycobacterium_numidiamassiliense,1091,1097,6
Mycobacterium_numidiamassiliense,1101,1110,9
Mycobacterium_numidiamassiliense,1116,1129,13
Mycobacterium_numidiamassiliense,1136,1139,3
Mycobacterium_numidiamassiliense,1140,1146,6
Mycobacterium_numidiamassiliense,1152,1164,12
Mycobacterium_numidiamassiliense,1167,1170,3
Mycobacterium_numidiamassiliense,1224,1236,12
Mycobacterium_numidiamassiliense,1239,1248,9
Mycobacterium_numidiamassiliense,1251,1257,6
Mycobacterium_numidiamassiliense,1265,1268,3
Mycobacterium_numidiamassiliense,1847,1853,6
Mycobacterium_numidiamassiliense,1854,1863,9
Mycobacterium_numidiamassiliense,1865,1874,9
Mycobacterium_numidiamassiliense,1881,1883,2
Mycobacterium_numidiamassiliense,1885,1888,3
Mycobacterium_numidiamassiliense,1890,1898,8
Mycobacterium_numidiamassiliense,1902,1914,12
Mycobacterium_numidiamassiliense,1915,1925,10
Mycobacterium_numidiamassiliense,1931,1937,6
Mycobacterium_numidiamassiliense,2085,2086,1
Mycobacterium_numidiamassiliense,2699,2700,1
Mycobacterium_numidiamassiliense,3115,3136,21
Mycobacterium_numidiamassiliense,3140,3146,6
Mycobacterium_numidiamassiliense,3154,3178,24
Mycobacterium_kubicae,1,65,64
Mycobacterium_kubicae,109,163,54
Mycobacterium_kubicae,169,175,6
Mycobacterium_kubicae,326,329,3
Mycobacterium_kubicae,334,337,3
Mycobacterium_kubicae,339,351,12
Mycobacterium_kubicae,466,472,6
Mycobacterium_kubicae,1084,1090,6
Mycobacterium_kubicae,1091,1097,6
Mycobacterium_kubicae,1101,1110,9
Mycobacterium_kubicae,1116,1129,13
Mycobacterium_kubicae,1136,1139,3
Mycobacterium_kubicae,1140,1146,6
Mycobacterium_kubicae,1152,1164,12
Mycobacterium_kubicae,1167,1170,3
Mycobacterium_kubicae,1224,1236,12
Mycobacterium_kubicae,1239,1248,9
Mycobacterium_kubicae,1251,1257,6
Mycobacterium_kubicae,1265,1268,3
Mycobacterium_kubicae,1847,1853,6
Mycobacterium_kubicae,1854,1863,9
Mycobacterium_kubicae,1865,1874,9
Mycobacterium_kubicae,1881,1883,2
Mycobacterium_kubicae,1885,1888,3
Mycobacterium_kubicae,1890,1898,8
Mycobacterium_kubicae,1902,1914,12
Mycobacterium_kubicae,1915,1925,10
Mycobacterium_kubicae,1931,1937,6
Mycobacterium_kubicae,2085,2086,1
Mycobacterium_kubicae,2699,2700,1
Mycobacterium_kubicae,3115,3136,21
Mycobacterium_kubicae,3137,3146,9
Mycobacterium_kubicae,3154,3178,24
Mycobacterium_shottsii,1,45,44
Mycobacterium_shottsii,48,49,1
Mycobacterium_shottsii,57,58,1
Mycobacterium_shottsii,98,104,6
Mycobacterium_shottsii,108,144,36
Mycobacterium_shottsii,157,163,6
Mycobacterium_shottsii,169,175,6
Mycobacterium_shottsii,326,329,3
Mycobacterium_shottsii,334,337,3
Mycobacterium_shottsii,339,351,12
Mycobacterium_shottsii,466,472,6
Mycobacterium_shottsii,1084,1090,6
Mycobacterium_shottsii,1091,1097,6
Mycobacterium_shottsii,1101,1110,9
Mycobacterium_shottsii,1116,1129,13
Mycobacterium_shottsii,1136,1139,3
Mycobacterium_shottsii,1140,1146,6
Mycobacterium_shottsii,1152,1164,12
Mycobacterium_shottsii,1167,1170,3
Mycobacterium_shottsii,1224,1236,12
Mycobacterium_shottsii,1239,1248,9
Mycobacterium_shottsii,1251,1257,6
Mycobacterium_shottsii,1265,1268,3
Mycobacterium_shottsii,1847,1853,6
Mycobacterium_shottsii,1854,1863,9
Mycobacterium_shottsii,1865,1874,9
Mycobacterium_shottsii,1881,1883,2
Mycobacterium_shottsii,1885,1888,3
Mycobacterium_shottsii,1890,1898,8
Mycobacterium_shottsii,1902,1914,12
Mycobacterium_shottsii,1915,1925,10
Mycobacterium_shottsii,1931,1937,6
Mycobacterium_shottsii,2085,2086,1
Mycobacterium_shottsii,2699,2700,1
Mycobacterium_shottsii,3115,3136,21
Mycobacterium_shottsii,3140,3146,6
Mycobacterium_shottsii,3154,3178,24
Mycobacterium_noviomagense,1,65,64
Mycobacterium_noviomagense,94,148,54
Mycobacterium_noviomagense,169,175,6
Mycobacterium_noviomagense,326,329,3
Mycobacterium_noviomagense,334,337,3
Mycobacterium_noviomagense,339,351,12
Mycobacterium_noviomagense,466,472,6
Mycobacterium_noviomagense,1084,1090,6
Mycobacterium_noviomagense,1091,1097,6
Mycobacterium_noviomagense,1101,1110,9
Mycobacterium_noviomagense,1116,1129,13
Mycobacterium_noviomagense,1136,1139,3
Mycobacterium_noviomagense,1140,1146,6
Mycobacterium_noviomagense,1152,1164,12
Mycobacterium_noviomagense,1167,1170,3
Mycobacterium_noviomagense,1224,1236,12
Mycobacterium_noviomagense,1239,1248,9
Mycobacterium_noviomagense,1251,1257,6
Mycobacterium_noviomagense,1265,1268,3
Mycobacterium_noviomagense,1847,1853,6
Mycobacterium_noviomagense,1854,1863,9
Mycobacterium_noviomagense,1865,1874,9
Mycobacterium_noviomagense,1881,1883,2
Mycobacterium_noviomagense,1885,1888,3
Mycobacterium_noviomagense,1890,1898,8
Mycobacterium_noviomagense,1902,1914,12
Mycobacterium_noviomagense,1915,1925,10
Mycobacterium_noviomagense,1931,1937,6
Mycobacterium_noviomagense,2085,2086,1
Mycobacterium_noviomagense,2699,2700,1
Mycobacterium_noviomagense,3115,3136,21
Mycobacterium_noviomagense,3140,3146,6
Mycobacterium_noviomagense,3154,3178,24
Mycolicibacterium_vulneris,1,65,64
Mycolicibacterium_vulneris,98,104,6
Mycolicibacterium_vulneris,108,144,36
Mycolicibacterium_vulneris,160,163,3
Mycolicibacterium_vulneris,169,175,6
Mycolicibacterium_vulneris,326,329,3
Mycolicibacterium_vulneris,334,337,3
Mycolicibacterium_vulneris,466,472,6
Mycolicibacterium_vulneris,1084,1090,6
Mycolicibacterium_vulneris,1091,1097,6
Mycolicibacterium_vulneris,1101,1110,9
Mycolicibacterium_vulneris,1116,1129,13
Mycolicibacterium_vulneris,1136,1139,3
Mycolicibacterium_vulneris,1140,1146,6
Mycolicibacterium_vulneris,1152,1164,12
Mycolicibacterium_vulneris,1167,1170,3
Mycolicibacterium_vulneris,1239,1248,9
Mycolicibacterium_vulneris,1251,1257,6
Mycolicibacterium_vulneris,1847,1853,6
Mycolicibacterium_vulneris,1854,1863,9
Mycolicibacterium_vulneris,1865,1874,9
Mycolicibacterium_vulneris,1881,1883,2
Mycolicibacterium_vulneris,1885,1888,3
Mycolicibacterium_vulneris,1890,1898,8
Mycolicibacterium_vulneris,1902,1914,12
Mycolicibacterium_vulneris,1915,1925,10
Mycolicibacterium_vulneris,1931,1937,6
Mycolicibacterium_vulneris,2085,2086,1
Mycolicibacterium_vulneris,2699,2700,1
Mycolicibacterium_vulneris,3112,3148,36
Mycolicibacterium_vulneris,3154,3178,24
Mycobacterium_mantenii,1,65,64
Mycobacterium_mantenii,98,104,6
Mycobacterium_mantenii,108,144,36
Mycobacterium_mantenii,160,163,3
Mycobacterium_mantenii,169,175,6
Mycobacterium_mantenii,326,329,3
Mycobacterium_mantenii,334,337,3
Mycobacterium_mantenii,339,351,12
Mycobacterium_mantenii,466,472,6
Mycobacterium_mantenii,1084,1090,6
Mycobacterium_mantenii,1091,1097,6
Mycobacterium_mantenii,1101,1110,9
Mycobacterium_mantenii,1116,1129,13
Mycobacterium_mantenii,1136,1139,3
Mycobacterium_mantenii,1140,1146,6
Mycobacterium_mantenii,1152,1164,12
Mycobacterium_mantenii,1167,1170,3
Mycobacterium_mantenii,1239,1248,9
Mycobacterium_mantenii,1251,1257,6
Mycobacterium_mantenii,1847,1853,6
Mycobacterium_mantenii,1854,1863,9
Mycobacterium_mantenii,1865,1874,9
Mycobacterium_mantenii,1881,1883,2
Mycobacterium_mantenii,1885,1888,3
Mycobacterium_mantenii,1890,1898,8
Mycobacterium_mantenii,1902,1914,12
Mycobacterium_mantenii,1915,1925,10
Mycobacterium_mantenii,1931,1937,6
Mycobacterium_mantenii,2085,2086,1
Mycobacterium_mantenii,2699,2700,1
Mycobacterium_mantenii,3112,3148,36
Mycobacterium_mantenii,3154,3178,24
Mycobacterium_attenuatum,1,65,64
Mycobacterium_attenuatum,102,104,2
Mycobacterium_attenuatum,108,142,34
Mycobacterium_attenuatum,157,163,6
Mycobacterium_attenuatum,169,175,6
Mycobacterium_attenuatum,326,329,3
Mycobacterium_attenuatum,334,337,3
Mycobacterium_attenuatum,339,351,12
Mycobacterium_attenuatum,466,472,6
Mycobacterium_attenuatum,1084,1090,6
Mycobacterium_attenuatum,1091,1097,6
Mycobacterium_attenuatum,1101,1110,9
Mycobacterium_attenuatum,1116,1129,13
Mycobacterium_attenuatum,1136,1139,3
Mycobacterium_attenuatum,1140,1146,6
Mycobacterium_attenuatum,1152,1164,12
Mycobacterium_attenuatum,1167,1170,3
Mycobacterium_attenuatum,1239,1248,9
Mycobacterium_attenuatum,1251,1257,6
Mycobacterium_attenuatum,1847,1853,6
Mycobacterium_attenuatum,1854,1863,9
Mycobacterium_attenuatum,1865,1874,9
Mycobacterium_attenuatum,1881,1883,2
Mycobacterium_attenuatum,1885,1888,3
Mycobacterium_attenuatum,1890,1898,8
Mycobacterium_attenuatum,1902,1914,12
Mycobacterium_attenuatum,1915,1925,10
Mycobacterium_attenuatum,1931,1937,6
Mycobacterium_attenuatum,2085,2086,1
Mycobacterium_attenuatum,2699,2700,1
Mycobacterium_attenuatum,3115,3151,36
Mycobacterium_attenuatum,3154,3178,24
Mycobacterium_szulgai,1,65,64
Mycobacterium_szulgai,108,144,36
Mycobacterium_szulgai,145,163,18
Mycobacterium_szulgai,169,175,6
Mycobacterium_szulgai,326,329,3
Mycobacterium_szulgai,334,337,3
Mycobacterium_szulgai,339,351,12
Mycobacterium_szulgai,466,472,6
Mycobacterium_szulgai,1084,1090,6
Mycobacterium_szulgai,1091,1097,6
Mycobacterium_szulgai,1101,1110,9
Mycobacterium_szulgai,1116,1129,13
Mycobacterium_szulgai,1136,1139,3
Mycobacterium_szulgai,1140,1146,6
Mycobacterium_szulgai,1152,1164,12
Mycobacterium_szulgai,1167,1170,3
Mycobacterium_szulgai,1224,1236,12
Mycobacterium_szulgai,1239,1248,9
Mycobacterium_szulgai,1251,1257,6
Mycobacterium_szulgai,1265,1268,3
Mycobacterium_szulgai,1847,1853,6
Mycobacterium_szulgai,1854,1863,9
Mycobacterium_szulgai,1865,1874,9
Mycobacterium_szulgai,1881,1883,2
Mycobacterium_szulgai,1885,1888,3
Mycobacterium_szulgai,1890,1898,8
Mycobacterium_szulgai,1902,1914,12
Mycobacterium_szulgai,1915,1925,10
Mycobacterium_szulgai,1931,1937,6
Mycobacterium_szulgai,2085,2086,1
Mycobacterium_szulgai,2699,2700,1
Mycobacterium_szulgai,3001,3002,1
Mycobacterium_szulgai,3112,3148,36
Mycobacterium_szulgai,3154,3178,24
Mycobacterium_senriense,1,65,64
Mycobacterium_senriense,98,104,6
Mycobacterium_senriense,108,144,36
Mycobacterium_senriense,160,163,3
Mycobacterium_senriense,169,175,6
Mycobacterium_senriense,326,329,3
Mycobacterium_senriense,334,337,3
Mycobacterium_senriense,339,351,12
Mycobacterium_senriense,466,472,6
Mycobacterium_senriense,1084,1090,6
Mycobacterium_senriense,1091,1097,6
Mycobacterium_senriense,1101,1110,9
Mycobacterium_senriense,1116,1129,13
Mycobacterium_senriense,1136,1139,3
Mycobacterium_senriense,1140,1146,6
Mycobacterium_senriense,1152,1164,12
Mycobacterium_senriense,1167,1170,3
Mycobacterium_senriense,1224,1236,12
Mycobacterium_senriense,1239,1248,9
Mycobacterium_senriense,1251,1257,6
Mycobacterium_senriense,1265,1268,3
Mycobacterium_senriense,1847,1853,6
Mycobacterium_senriense,1854,1863,9
Mycobacterium_senriense,1865,1874,9
Mycobacterium_senriense,1881,1883,2
Mycobacterium_senriense,1885,1888,3
Mycobacterium_senriense,1890,1898,8
Mycobacterium_senriense,1902,1914,12
Mycobacterium_senriense,1915,1925,10
Mycobacterium_senriense,1931,1937,6
Mycobacterium_senriense,2085,2086,1
Mycobacterium_senriense,2699,2700,1
Mycobacterium_senriense,3112,3148,36
Mycobacterium_senriense,3154,3178,24
Mycobacterium_xenopi,1,65,64
Mycobacterium_xenopi,94,148,54
Mycobacterium_xenopi,169,175,6
Mycobacterium_xenopi,326,329,3
Mycobacterium_xenopi,334,337,3
Mycobacterium_xenopi,339,351,12
Mycobacterium_xenopi,466,472,6
Mycobacterium_xenopi,1084,1090,6
Mycobacterium_xenopi,1091,1097,6
Mycobacterium_xenopi,1101,1110,9
Mycobacterium_xenopi,1116,1129,13
Mycobacterium_xenopi,1136,1139,3
Mycobacterium_xenopi,1140,1146,6
Mycobacterium_xenopi,1152,1164,12
Mycobacterium_xenopi,1167,1170,3
Mycobacterium_xenopi,1224,1236,12
Mycobacterium_xenopi,1239,1248,9
Mycobacterium_xenopi,1251,1257,6
Mycobacterium_xenopi,1265,1268,3
Mycobacterium_xenopi,1847,1853,6
Mycobacterium_xenopi,1854,1863,9
Mycobacterium_xenopi,1865,1874,9
Mycobacterium_xenopi,1881,1883,2
Mycobacterium_xenopi,1885,1888,3
Mycobacterium_xenopi,1890,1898,8
Mycobacterium_xenopi,1902,1914,12
Mycobacterium_xenopi,1915,1925,10
Mycobacterium_xenopi,1931,1937,6
Mycobacterium_xenopi,2085,2086,1
Mycobacterium_xenopi,2699,2700,1
Mycobacterium_xenopi,3115,3136,21
Mycobacterium_xenopi,3140,3146,6
Mycobacterium_xenopi,3154,3178,24
Mycobacterium_ostraviense,1,65,64
Mycobacterium_ostraviense,102,104,2
Mycobacterium_ostraviense,108,142,34
Mycobacterium_ostraviense,157,163,6
Mycobacterium_ostraviense,169,175,6
Mycobacterium_ostraviense,326,329,3
Mycobacterium_ostraviense,334,337,3
Mycobacterium_ostraviense,339,351,12
Mycobacterium_ostraviense,466,472,6
Mycobacterium_ostraviense,1084,1090,6
Mycobacterium_ostraviense,1091,1097,6
Mycobacterium_ostraviense,1101,1110,9
Mycobacterium_ostraviense,1116,1129,13
Mycobacterium_ostraviense,1136,1139,3
Mycobacterium_ostraviense,1140,1146,6
Mycobacterium_ostraviense,1152,1164,12
Mycobacterium_ostraviense,1167,1170,3
Mycobacterium_ostraviense,1239,1248,9
Mycobacterium_ostraviense,1251,1257,6
Mycobacterium_ostraviense,1847,1853,6
Mycobacterium_ostraviense,1854,1863,9
Mycobacterium_ostraviense,1865,1874,9
Mycobacterium_ostraviense,1885,1888,3
Mycobacterium_ostraviense,1890,1898,8
Mycobacterium_ostraviense,1902,1914,12
Mycobacterium_ostraviense,1931,1937,6
Mycobacterium_ostraviense,2085,2086,1
Mycobacterium_ostraviense,2699,2700,1
Mycobacterium_ostraviense,3115,3151,36
Mycobacterium_ostraviense,3154,3178,24
Mycobacterium_arosiense,1,65,64
Mycobacterium_arosiense,98,104,6
Mycobacterium_arosiense,108,144,36
Mycobacterium_arosiense,160,163,3
Mycobacterium_arosiense,169,175,6
Mycobacterium_arosiense,326,329,3
Mycobacterium_arosiense,334,337,3
Mycobacterium_arosiense,344,356,12
Mycobacterium_arosiense,466,472,6
Mycobacterium_arosiense,1084,1090,6
Mycobacterium_arosiense,1091,1097,6
Mycobacterium_arosiense,1101,1110,9
Mycobacterium_arosiense,1116,1129,13
Mycobacterium_arosiense,1136,1139,3
Mycobacterium_arosiense,1140,1146,6
Mycobacterium_arosiense,1152,1164,12
Mycobacterium_arosiense,1167,1170,3
Mycobacterium_arosiense,1224,1236,12
Mycobacterium_arosiense,1239,1248,9
Mycobacterium_arosiense,1251,1257,6
Mycobacterium_arosiense,1265,1268,3
Mycobacterium_arosiense,1847,1853,6
Mycobacterium_arosiense,1854,1863,9
Mycobacterium_arosiense,1865,1874,9
Mycobacterium_arosiense,1881,1883,2
Mycobacterium_arosiense,1885,1888,3
Mycobacterium_arosiense,1890,1898,8
Mycobacterium_arosiense,1902,1914,12
Mycobacterium_arosiense,1915,1925,10
Mycobacterium_arosiense,1931,1937,6
Mycobacterium_arosiense,2085,2086,1
Mycobacterium_arosiense,2699,2700,1
Mycobacterium_arosiense,3112,3148,36
Mycobacterium_arosiense,3154,3178,24
Mycobacterium_genavense,1,45,44
Mycobacterium_genavense,48,49,1
Mycobacterium_genavense,57,58,1
Mycobacterium_genavense,98,104,6
Mycobacterium_genavense,106,166,60
Mycobacterium_genavense,169,175,6
Mycobacterium_genavense,326,329,3
Mycobacterium_genavense,334,337,3
Mycobacterium_genavense,339,351,12
Mycobacterium_genavense,466,472,6
Mycobacterium_genavense,1084,1090,6
Mycobacterium_genavense,1091,1097,6
Mycobacterium_genavense,1101,1110,9
Mycobacterium_genavense,1116,1129,13
Mycobacterium_genavense,1136,1139,3
Mycobacterium_genavense,1140,1146,6
Mycobacterium_genavense,1152,1164,12
Mycobacterium_genavense,1167,1170,3
Mycobacterium_genavense,1224,1236,12
Mycobacterium_genavense,1239,1248,9
Mycobacterium_genavense,1251,1257,6
Mycobacterium_genavense,1265,1268,3
Mycobacterium_genavense,1847,1853,6
Mycobacterium_genavense,1854,1863,9
Mycobacterium_genavense,1865,1874,9
Mycobacterium_genavense,1881,1883,2
Mycobacterium_genavense,1885,1888,3
Mycobacterium_genavense,1890,1898,8
Mycobacterium_genavense,1902,1914,12
Mycobacterium_genavense,1915,1925,10
Mycobacterium_genavense,1931,1937,6
Mycobacterium_genavense,2085,2086,1
Mycobacterium_genavense,2699,2700,1
Mycobacterium_genavense,3112,3148,36
Mycobacterium_genavense,3154,3178,24
Mycobacterium_gastri,1,65,64
Mycobacterium_gastri,102,104,2
Mycobacterium_gastri,108,142,34
Mycobacterium_gastri,157,163,6
Mycobacterium_gastri,169,175,6
Mycobacterium_gastri,326,329,3
Mycobacterium_gastri,334,337,3
Mycobacterium_gastri,339,351,12
Mycobacterium_gastri,466,472,6
Mycobacterium_gastri,1084,1090,6
Mycobacterium_gastri,1091,1097,6
Mycobacterium_gastri,1101,1110,9
Mycobacterium_gastri,1116,1129,13
Mycobacterium_gastri,1136,1139,3
Mycobacterium_gastri,1140,1146,6
Mycobacterium_gastri,1152,1164,12
Mycobacterium_gastri,1167,1170,3
Mycobacterium_gastri,1239,1248,9
Mycobacterium_gastri,1251,1257,6
Mycobacterium_gastri,1847,1853,6
Mycobacterium_gastri,1854,1863,9
Mycobacterium_gastri,1865,1874,9
Mycobacterium_gastri,1881,1883,2
Mycobacterium_gastri,1885,1888,3
Mycobacterium_gastri,1890,1898,8
Mycobacterium_gastri,1902,1914,12
Mycobacterium_gastri,1915,1925,10
Mycobacterium_gastri,1931,1937,6
Mycobacterium_gastri,2085,2086,1
Mycobacterium_gastri,2699,2700,1
Mycobacterium_gastri,3115,3151,36
Mycobacterium_gastri,3154,3178,24
Mycobacterium_intermedium,1,65,64
Mycobacterium_intermedium,98,104,6
Mycobacterium_intermedium,109,163,54
Mycobacterium_intermedium,169,175,6
Mycobacterium_intermedium,326,329,3
Mycobacterium_intermedium,334,337,3
Mycobacterium_intermedium,339,351,12
Mycobacterium_intermedium,466,472,6
Mycobacterium_intermedium,1084,1090,6
Mycobacterium_intermedium,1091,1097,6
Mycobacterium_intermedium,1101,1104,3
Mycobacterium_intermedium,1109,1110,1
Mycobacterium_intermedium,1116,1129,13
Mycobacterium_intermedium,1131,1133,2
Mycobacterium_intermedium,1136,1139,3
Mycobacterium_intermedium,1140,1146,6
Mycobacterium_intermedium,1152,1164,12
Mycobacterium_intermedium,1167,1170,3
Mycobacterium_intermedium,1224,1236,12
Mycobacterium_intermedium,1239,1248,9
Mycobacterium_intermedium,1251,1257,6
Mycobacterium_intermedium,1265,1268,3
Mycobacterium_intermedium,1847,1853,6
Mycobacterium_intermedium,1854,1863,9
Mycobacterium_intermedium,1865,1874,9
Mycobacterium_intermedium,1881,1883,2
Mycobacterium_intermedium,1885,1888,3
Mycobacterium_intermedium,1890,1898,8
Mycobacterium_intermedium,1902,1914,12
Mycobacterium_intermedium,1915,1925,10
Mycobacterium_intermedium,1931,1937,6
Mycobacterium_intermedium,2085,2086,1
Mycobacterium_intermedium,2699,2700,1
Mycobacterium_intermedium,3115,3136,21
Mycobacterium_intermedium,3140,3146,6
Mycobacterium_intermedium,3154,3178,24
Mycobacterium_spongiae,1,65,64
Mycobacterium_spongiae,102,104,2
Mycobacterium_spongiae,108,142,34
Mycobacterium_spongiae,157,163,6
Mycobacterium_spongiae,169,175,6
Mycobacterium_spongiae,326,329,3
Mycobacterium_spongiae,334,337,3
Mycobacterium_spongiae,339,351,12
Mycobacterium_spongiae,466,472,6
Mycobacterium_spongiae,1084,1090,6
Mycobacterium_spongiae,1091,1097,6
Mycobacterium_spongiae,1101,1110,9
Mycobacterium_spongiae,1116,1129,13
Mycobacterium_spongiae,1136,1139,3
Mycobacterium_spongiae,1140,1146,6
Mycobacterium_spongiae,1152,1158,6
Mycobacterium_spongiae,1159,1165,6
Mycobacterium_spongiae,1167,1170,3
Mycobacterium_spongiae,1239,1248,9
Mycobacterium_spongiae,1251,1257,6
Mycobacterium_spongiae,1847,1853,6
Mycobacterium_spongiae,1854,1863,9
Mycobacterium_spongiae,1865,1874,9
Mycobacterium_spongiae,1881,1883,2
Mycobacterium_spongiae,1885,1888,3
Mycobacterium_spongiae,1890,1898,8
Mycobacterium_spongiae,1902,1914,12
Mycobacterium_spongiae,1915,1925,10
Mycobacterium_spongiae,1931,1937,6
Mycobacterium_spongiae,2085,2086,1
Mycobacterium_spongiae,2699,2700,1
Mycobacterium_spongiae,3115,3136,21
Mycobacterium_spongiae,3140,3146,6
Mycobacterium_spongiae,3154,3178,24
Mycobacterium_simiae,1,45,44
Mycobacterium_simiae,48,49,1
Mycobacterium_simiae,57,58,1
Mycobacterium_simiae,98,104,6
Mycobacterium_simiae,106,166,60
Mycobacterium_simiae,169,175,6
Mycobacterium_simiae,326,329,3
Mycobacterium_simiae,334,337,3
Mycobacterium_simiae,339,351,12
Mycobacterium_simiae,466,472,6
Mycobacterium_simiae,1084,1090,6
Mycobacterium_simiae,1091,1097,6
Mycobacterium_simiae,1101,1110,9
Mycobacterium_simiae,1116,1129,13
Mycobacterium_simiae,1136,1139,3
Mycobacterium_simiae,1140,1146,6
Mycobacterium_simiae,1152,1164,12
Mycobacterium_simiae,1167,1170,3
Mycobacterium_simiae,1224,1236,12
Mycobacterium_simiae,1239,1248,9
Mycobacterium_simiae,1251,1257,6
Mycobacterium_simiae,1265,1268,3
Mycobacterium_simiae,1847,1853,6
Mycobacterium_simiae,1854,1863,9
Mycobacterium_simiae,1865,1874,9
Mycobacterium_simiae,1881,1883,2
Mycobacterium_simiae,1885,1888,3
Mycobacterium_simiae,1890,1898,8
Mycobacterium_simiae,1902,1914,12
Mycobacterium_simiae,1915,1925,10
Mycobacterium_simiae,1931,1937,6
Mycobacterium_simiae,2085,2086,1
Mycobacterium_simiae,2699,2700,1
Mycobacterium_simiae,3112,3148,36
Mycobacterium_simiae,3154,3178,24
Mycobacterium_shigaense,1,45,44
Mycobacterium_shigaense,48,49,1
Mycobacterium_shigaense,57,58,1
Mycobacterium_shigaense,98,104,6
Mycobacterium_shigaense,108,144,36
Mycobacterium_shigaense,145,163,18
Mycobacterium_shigaense,169,175,6
Mycobacterium_shigaense,326,329,3
Mycobacterium_shigaense,334,337,3
Mycobacterium_shigaense,339,351,12
Mycobacterium_shigaense,466,472,6
Mycobacterium_shigaense,1084,1090,6
Mycobacterium_shigaense,1091,1097,6
Mycobacterium_shigaense,1101,1110,9
Mycobacterium_shigaense,1116,1129,13
Mycobacterium_shigaense,1136,1139,3
Mycobacterium_shigaense,1140,1146,6
Mycobacterium_shigaense,1152,1164,12
Mycobacterium_shigaense,1167,1170,3
Mycobacterium_shigaense,1224,1236,12
Mycobacterium_shigaense,1239,1248,9
Mycobacterium_shigaense,1251,1257,6
Mycobacterium_shigaense,1265,1268,3
Mycobacterium_shigaense,1847,1853,6
Mycobacterium_shigaense,1854,1863,9
Mycobacterium_shigaense,1865,1874,9
Mycobacterium_shigaense,1881,1883,2
Mycobacterium_shigaense,1885,1888,3
Mycobacterium_shigaense,1890,1898,8
Mycobacterium_shigaense,1902,1914,12
Mycobacterium_shigaense,1915,1925,10
Mycobacterium_shigaense,1931,1937,6
Mycobacterium_shigaense,2085,2086,1
Mycobacterium_shigaense,2699,2700,1
Mycobacterium_shigaense,3112,3148,36
Mycobacterium_shigaense,3154,3178,24
Mycobacterium_rhizamassiliense,1,45,44
Mycobacterium_rhizamassiliense,48,49,1
Mycobacterium_rhizamassiliense,57,58,1
Mycobacterium_rhizamassiliense,98,104,6
Mycobacterium_rhizamassiliense,108,144,36
Mycobacterium_rhizamassiliense,145,163,18
Mycobacterium_rhizamassiliense,169,175,6
Mycobacterium_rhizamassiliense,326,329,3
Mycobacterium_rhizamassiliense,334,337,3
Mycobacterium_rhizamassiliense,339,351,12
Mycobacterium_rhizamassiliense,466,472,6
Mycobacterium_rhizamassiliense,1084,1090,6
Mycobacterium_rhizamassiliense,1091,1097,6
Mycobacterium_rhizamassiliense,1101,1110,9
Mycobacterium_rhizamassiliense,1116,1129,13
Mycobacterium_rhizamassiliense,1136,1139,3
Mycobacterium_rhizamassiliense,1140,1146,6
Mycobacterium_rhizamassiliense,1152,1164,12
Mycobacterium_rhizamassiliense,1167,1170,3
Mycobacterium_rhizamassiliense,1224,1236,12
Mycobacterium_rhizamassiliense,1239,1248,9
Mycobacterium_rhizamassiliense,1251,1257,6
Mycobacterium_rhizamassiliense,1265,1268,3
Mycobacterium_rhizamassiliense,1847,1853,6
Mycobacterium_rhizamassiliense,1854,1863,9
Mycobacterium_rhizamassiliense,1865,1874,9
Mycobacterium_rhizamassiliense,1881,1883,2
Mycobacterium_rhizamassiliense,1885,1888,3
Mycobacterium_rhizamassiliense,1890,1898,8
Mycobacterium_rhizamassiliense,1902,1914,12
Mycobacterium_rhizamassiliense,1915,1925,10
Mycobacterium_rhizamassiliense,1931,1937,6
Mycobacterium_rhizamassiliense,2085,2086,1
Mycobacterium_rhizamassiliense,2699,2700,1
Mycobacterium_rhizamassiliense,3112,3148,36
Mycobacterium_rhizamassiliense,3154,3178,24
Mycobacterium_bourgelatii,1,45,44
Mycobacterium_bourgelatii,48,49,1
Mycobacterium_bourgelatii,57,58,1
Mycobacterium_bourgelatii,98,104,6
Mycobacterium_bourgelatii,109,163,54
Mycobacterium_bourgelatii,169,175,6
Mycobacterium_bourgelatii,326,329,3
Mycobacterium_bourgelatii,334,337,3
Mycobacterium_bourgelatii,339,351,12
Mycobacterium_bourgelatii,466,472,6
Mycobacterium_bourgelatii,1084,1090,6
Mycobacterium_bourgelatii,1091,1097,6
Mycobacterium_bourgelatii,1101,1104,3
Mycobacterium_bourgelatii,1109,1110,1
Mycobacterium_bourgelatii,1116,1129,13
Mycobacterium_bourgelatii,1131,1133,2
Mycobacterium_bourgelatii,1136,1139,3
Mycobacterium_bourgelatii,1140,1146,6
Mycobacterium_bourgelatii,1152,1164,12
Mycobacterium_bourgelatii,1167,1170,3
Mycobacterium_bourgelatii,1224,1236,12
Mycobacterium_bourgelatii,1239,1248,9
Mycobacterium_bourgelatii,1251,1257,6
Mycobacterium_bourgelatii,1265,1268,3
Mycobacterium_bourgelatii,1847,1853,6
Mycobacterium_bourgelatii,1854,1863,9
Mycobacterium_bourgelatii,1865,1874,9
Mycobacterium_bourgelatii,1881,1883,2
Mycobacterium_bourgelatii,1885,1888,3
Mycobacterium_bourgelatii,1890,1898,8
Mycobacterium_bourgelatii,1902,1914,12
Mycobacterium_bourgelatii,1915,1925,10
Mycobacterium_bourgelatii,1931,1937,6
Mycobacterium_bourgelatii,2085,2086,1
Mycobacterium_bourgelatii,2699,2700,1
Mycobacterium_bourgelatii,3115,3136,21
Mycobacterium_bourgelatii,3140,3146,6
Mycobacterium_bourgelatii,3154,3178,24
Mycobacterium_ahvazicum,1,45,44
Mycobacterium_ahvazicum,48,49,1
Mycobacterium_ahvazicum,57,58,1
Mycobacterium_ahvazicum,98,104,6
Mycobacterium_ahvazicum,106,166,60
Mycobacterium_ahvazicum,169,175,6
Mycobacterium_ahvazicum,326,329,3
Mycobacterium_ahvazicum,334,337,3
Mycobacterium_ahvazicum,339,351,12
Mycobacterium_ahvazicum,466,472,6
Mycobacterium_ahvazicum,1084,1090,6
Mycobacterium_ahvazicum,1091,1097,6
Mycobacterium_ahvazicum,1101,1110,9
Mycobacterium_ahvazicum,1116,1129,13
Mycobacterium_ahvazicum,1136,1139,3
Mycobacterium_ahvazicum,1140,1146,6
Mycobacterium_ahvazicum,1152,1164,12
Mycobacterium_ahvazicum,1167,1170,3
Mycobacterium_ahvazicum,1224,1236,12
Mycobacterium_ahvazicum,1239,1248,9
Mycobacterium_ahvazicum,1251,1257,6
Mycobacterium_ahvazicum,1265,1268,3
Mycobacterium_ahvazicum,1847,1853,6
Mycobacterium_ahvazicum,1854,1863,9
Mycobacterium_ahvazicum,1865,1874,9
Mycobacterium_ahvazicum,1881,1883,2
Mycobacterium_ahvazicum,1885,1888,3
Mycobacterium_ahvazicum,1890,1898,8
Mycobacterium_ahvazicum,1902,1914,12
Mycobacterium_ahvazicum,1915,1925,10
Mycobacterium_ahvazicum,1931,1937,6
Mycobacterium_ahvazicum,2085,2086,1
Mycobacterium_ahvazicum,2699,2700,1
Mycobacterium_ahvazicum,3112,3148,36
Mycobacterium_ahvazicum,3154,3178,24
Mycobacterium_paragordonae,1,65,64
Mycobacterium_paragordonae,86,176,90
Mycobacterium_paragordonae,326,329,3
Mycobacterium_paragordonae,334,337,3
Mycobacterium_paragordonae,339,351,12
Mycobacterium_paragordonae,466,472,6
Mycobacterium_paragordonae,1084,1090,6
Mycobacterium_paragordonae,1091,1097,6
Mycobacterium_paragordonae,1101,1110,9
Mycobacterium_paragordonae,1116,1129,13
Mycobacterium_paragordonae,1136,1139,3
Mycobacterium_paragordonae,1140,1146,6
Mycobacterium_paragordonae,1152,1164,12
Mycobacterium_paragordonae,1167,1170,3
Mycobacterium_paragordonae,1224,1236,12
Mycobacterium_paragordonae,1239,1248,9
Mycobacterium_paragordonae,1251,1257,6
Mycobacterium_paragordonae,1265,1268,3
Mycobacterium_paragordonae,1847,1853,6
Mycobacterium_paragordonae,1854,1863,9
Mycobacterium_paragordonae,1865,1874,9
Mycobacterium_paragordonae,1881,1883,2
Mycobacterium_paragordonae,1885,1888,3
Mycobacterium_paragordonae,1890,1898,8
Mycobacterium_paragordonae,1902,1914,12
Mycobacterium_paragordonae,1915,1925,10
Mycobacterium_paragordonae,1931,1937,6
Mycobacterium_paragordonae,2085,2086,1
Mycobacterium_paragordonae,2699,2700,1
Mycobacterium_paragordonae,3112,3148,36
Mycobacterium_paragordonae,3154,3178,24
Mycobacterium_florentinum,1,45,44
Mycobacterium_florentinum,48,49,1
Mycobacterium_florentinum,57,58,1
Mycobacterium_florentinum,98,104,6
Mycobacterium_florentinum,106,166,60
Mycobacterium_florentinum,169,175,6
Mycobacterium_florentinum,326,329,3
Mycobacterium_florentinum,334,337,3
Mycobacterium_florentinum,339,351,12
Mycobacterium_florentinum,466,472,6
Mycobacterium_florentinum,1084,1090,6
Mycobacterium_florentinum,1091,1097,6
Mycobacterium_florentinum,1101,1110,9
Mycobacterium_florentinum,1116,1129,13
Mycobacterium_florentinum,1136,1139,3
Mycobacterium_florentinum,1140,1146,6
Mycobacterium_florentinum,1152,1164,12
Mycobacterium_florentinum,1167,1170,3
Mycobacterium_florentinum,1224,1236,12
Mycobacterium_florentinum,1239,1248,9
Mycobacterium_florentinum,1251,1257,6
Mycobacterium_florentinum,1265,1268,3
Mycobacterium_florentinum,1847,1853,6
Mycobacterium_florentinum,1854,1863,9
Mycobacterium_florentinum,1865,1874,9
Mycobacterium_florentinum,1881,1883,2
Mycobacterium_florentinum,1885,1888,3
Mycobacterium_florentinum,1890,1898,8
Mycobacterium_florentinum,1902,1914,12
Mycobacterium_florentinum,1915,1925,10
Mycobacterium_florentinum,1931,1937,6
Mycobacterium_florentinum,2085,2086,1
Mycobacterium_florentinum,2699,2700,1
Mycobacterium_florentinum,3112,3148,36
Mycobacterium_florentinum,3154,3178,24
Mycobacterium_stomatepiae,1,45,44
Mycobacterium_stomatepiae,48,49,1
Mycobacterium_stomatepiae,57,58,1
Mycobacterium_stomatepiae,98,104,6
Mycobacterium_stomatepiae,106,175,69
Mycobacterium_stomatepiae,326,329,3
Mycobacterium_stomatepiae,334,337,3
Mycobacterium_stomatepiae,339,351,12
Mycobacterium_stomatepiae,466,472,6
Mycobacterium_stomatepiae,1084,1090,6
Mycobacterium_stomatepiae,1091,1097,6
Mycobacterium_stomatepiae,1101,1110,9
Mycobacterium_stomatepiae,1116,1129,13
Mycobacterium_stomatepiae,1136,1139,3
Mycobacterium_stomatepiae,1140,1146,6
Mycobacterium_stomatepiae,1152,1164,12
Mycobacterium_stomatepiae,1167,1170,3
Mycobacterium_stomatepiae,1224,1236,12
Mycobacterium_stomatepiae,1239,1248,9
Mycobacterium_stomatepiae,1251,1257,6
Mycobacterium_stomatepiae,1265,1268,3
Mycobacterium_stomatepiae,1847,1853,6
Mycobacterium_stomatepiae,1854,1863,9
Mycobacterium_stomatepiae,1865,1874,9
Mycobacterium_stomatepiae,1881,1883,2
Mycobacterium_stomatepiae,1885,1888,3
Mycobacterium_stomatepiae,1890,1898,8
Mycobacterium_stomatepiae,1902,1914,12
Mycobacterium_stomatepiae,1915,1925,10
Mycobacterium_stomatepiae,1931,1937,6
Mycobacterium_stomatepiae,2085,2086,1
Mycobacterium_stomatepiae,2699,2700,1
Mycobacterium_stomatepiae,3112,3148,36
Mycobacterium_stomatepiae,3154,3178,24
Mycobacterium_sherrisii,1,65,64
Mycobacterium_sherrisii,98,104,6
Mycobacterium_sherrisii,106,166,60
Mycobacterium_sherrisii,169,175,6
Mycobacterium_sherrisii,326,329,3
Mycobacterium_sherrisii,334,337,3
Mycobacterium_sherrisii,339,351,12
Mycobacterium_sherrisii,466,472,6
Mycobacterium_sherrisii,1084,1090,6
Mycobacterium_sherrisii,1091,1097,6
Mycobacterium_sherrisii,1101,1110,9
Mycobacterium_sherrisii,1116,1129,13
Mycobacterium_sherrisii,1136,1139,3
Mycobacterium_sherrisii,1140,1146,6
Mycobacterium_sherrisii,1152,1164,12
Mycobacterium_sherrisii,1167,1170,3
Mycobacterium_sherrisii,1224,1236,12
Mycobacterium_sherrisii,1239,1248,9
Mycobacterium_sherrisii,1251,1257,6
Mycobacterium_sherrisii,1265,1268,3
Mycobacterium_sherrisii,1847,1853,6
Mycobacterium_sherrisii,1854,1863,9
Mycobacterium_sherrisii,1865,1874,9
Mycobacterium_sherrisii,1881,1883,2
Mycobacterium_sherrisii,1885,1888,3
Mycobacterium_sherrisii,1890,1898,8
Mycobacterium_sherrisii,1902,1914,12
Mycobacterium_sherrisii,1915,1925,10
Mycobacterium_sherrisii,1931,1937,6
Mycobacterium_sherrisii,2085,2086,1
Mycobacterium_sherrisii,2699,2700,1
Mycobacterium_sherrisii,3112,3148,36
Mycobacterium_sherrisii,3154,3178,24
Mycobacterium_asiaticum,1,45,44
Mycobacterium_asiaticum,48,49,1
Mycobacterium_asiaticum,57,58,1
Mycobacterium_asiaticum,86,176,90
Mycobacterium_asiaticum,326,329,3
Mycobacterium_asiaticum,334,337,3
Mycobacterium_asiaticum,339,351,12
Mycobacterium_asiaticum,466,472,6
Mycobacterium_asiaticum,1084,1090,6
Mycobacterium_asiaticum,1091,1097,6
Mycobacterium_asiaticum,1101,1110,9
Mycobacterium_asiaticum,1116,1129,13
Mycobacterium_asiaticum,1136,1139,3
Mycobacterium_asiaticum,1140,1146,6
Mycobacterium_asiaticum,1152,1164,12
Mycobacterium_asiaticum,1167,1170,3
Mycobacterium_asiaticum,1224,1236,12
Mycobacterium_asiaticum,1239,1248,9
Mycobacterium_asiaticum,1251,1257,6
Mycobacterium_asiaticum,1265,1268,3
Mycobacterium_asiaticum,1847,1853,6
Mycobacterium_asiaticum,1854,1863,9
Mycobacterium_asiaticum,1865,1874,9
Mycobacterium_asiaticum,1881,1883,2
Mycobacterium_asiaticum,1885,1888,3
Mycobacterium_asiaticum,1890,1898,8
Mycobacterium_asiaticum,1902,1914,12
Mycobacterium_asiaticum,1915,1925,10
Mycobacterium_asiaticum,1931,1937,6
Mycobacterium_asiaticum,2085,2086,1
Mycobacterium_asiaticum,2699,2700,1
Mycobacterium_asiaticum,3112,3148,36
Mycobacterium_asiaticum,3154,3178,24
Mycobacterium_persicum,1,65,64
Mycobacterium_persicum,102,104,2
Mycobacterium_persicum,108,142,34
Mycobacterium_persicum,157,163,6
Mycobacterium_persicum,169,175,6
Mycobacterium_persicum,326,329,3
Mycobacterium_persicum,334,337,3
Mycobacterium_persicum,466,472,6
Mycobacterium_persicum,1084,1090,6
Mycobacterium_persicum,1091,1097,6
Mycobacterium_persicum,1101,1110,9
Mycobacterium_persicum,1116,1129,13
Mycobacterium_persicum,1136,1139,3
Mycobacterium_persicum,1140,1146,6
Mycobacterium_persicum,1152,1164,12
Mycobacterium_persicum,1167,1170,3
Mycobacterium_persicum,1239,1248,9
Mycobacterium_persicum,1251,1257,6
Mycobacterium_persicum,1847,1853,6
Mycobacterium_persicum,1854,1863,9
Mycobacterium_persicum,1865,1874,9
Mycobacterium_persicum,1881,1883,2
Mycobacterium_persicum,1885,1888,3
Mycobacterium_persicum,1890,1898,8
Mycobacterium_persicum,1902,1914,12
Mycobacterium_persicum,1915,1925,10
Mycobacterium_persicum,1931,1937,6
Mycobacterium_persicum,2085,2086,1
Mycobacterium_persicum,2699,2700,1
Mycobacterium_persicum,3115,3151,36
Mycobacterium_persicum,3154,3178,24
Mycobacterium_heckeshornense,1,65,64
Mycobacterium_heckeshornense,94,148,54
Mycobacterium_heckeshornense,169,175,6
Mycobacterium_heckeshornense,326,329,3
Mycobacterium_heckeshornense,334,337,3
Mycobacterium_heckeshornense,339,351,12
Mycobacterium_heckeshornense,466,472,6
Mycobacterium_heckeshornense,1084,1090,6
Mycobacterium_heckeshornense,1091,1097,6
Mycobacterium_heckeshornense,1101,1110,9
Mycobacterium_heckeshornense,1116,1129,13
Mycobacterium_heckeshornense,1136,1139,3
Mycobacterium_heckeshornense,1140,1146,6
Mycobacterium_heckeshornense,1152,1164,12
Mycobacterium_heckeshornense,1167,1170,3
Mycobacterium_heckeshornense,1224,1236,12
Mycobacterium_heckeshornense,1239,1248,9
Mycobacterium_heckeshornense,1251,1257,6
Mycobacterium_heckeshornense,1265,1268,3
Mycobacterium_heckeshornense,1847,1853,6
Mycobacterium_heckeshornense,1854,1863,9
Mycobacterium_heckeshornense,1865,1874,9
Mycobacterium_heckeshornense,1881,1883,2
Mycobacterium_heckeshornense,1885,1888,3
Mycobacterium_heckeshornense,1890,1898,8
Mycobacterium_heckeshornense,1902,1914,12
Mycobacterium_heckeshornense,1915,1925,10
Mycobacterium_heckeshornense,1931,1937,6
Mycobacterium_heckeshornense,3115,3136,21
Mycobacterium_heckeshornense,3140,3146,6
Mycobacterium_heckeshornense,3154,3178,24
Mycobacterium_talmoniae,1,65,64
Mycobacterium_talmoniae,93,104,11
Mycobacterium_talmoniae,108,163,55
Mycobacterium_talmoniae,172,175,3
Mycobacterium_talmoniae,326,329,3
Mycobacterium_talmoniae,334,337,3
Mycobacterium_talmoniae,339,350,11
Mycobacterium_talmoniae,355,356,1
Mycobacterium_talmoniae,466,472,6
Mycobacterium_talmoniae,1084,1090,6
Mycobacterium_talmoniae,1093,1130,37
Mycobacterium_talmoniae,1136,1139,3
Mycobacterium_talmoniae,1140,1146,6
Mycobacterium_talmoniae,1152,1155,3
Mycobacterium_talmoniae,1159,1162,3
Mycobacterium_talmoniae,1167,1170,3
Mycobacterium_talmoniae,1224,1236,12
Mycobacterium_talmoniae,1239,1248,9
Mycobacterium_talmoniae,1251,1257,6
Mycobacterium_talmoniae,1265,1268,3
Mycobacterium_talmoniae,1847,1853,6
Mycobacterium_talmoniae,1854,1863,9
Mycobacterium_talmoniae,1865,1874,9
Mycobacterium_talmoniae,1881,1883,2
Mycobacterium_talmoniae,1885,1888,3
Mycobacterium_talmoniae,1890,1898,8
Mycobacterium_talmoniae,1902,1914,12
Mycobacterium_talmoniae,1915,1925,10
Mycobacterium_talmoniae,1931,1937,6
Mycobacterium_talmoniae,2085,2086,1
Mycobacterium_talmoniae,2699,2700,1
Mycobacterium_talmoniae,3115,3151,36
Mycobacterium_talmoniae,3154,3178,24
Mycobacterium_triplex,1,45,44
Mycobacterium_triplex,48,49,1
Mycobacterium_triplex,57,58,1
Mycobacterium_triplex,98,104,6
Mycobacterium_triplex,106,166,60
Mycobacterium_triplex,169,175,6
Mycobacterium_triplex,326,329,3
Mycobacterium_triplex,334,337,3
Mycobacterium_triplex,339,351,12
Mycobacterium_triplex,466,472,6
Mycobacterium_triplex,1084,1090,6
Mycobacterium_triplex,1091,1097,6
Mycobacterium_triplex,1101,1110,9
Mycobacterium_triplex,1116,1129,13
Mycobacterium_triplex,1136,1139,3
Mycobacterium_triplex,1140,1146,6
Mycobacterium_triplex,1152,1164,12
Mycobacterium_triplex,1167,1170,3
Mycobacterium_triplex,1224,1236,12
Mycobacterium_triplex,1239,1248,9
Mycobacterium_triplex,1251,1257,6
Mycobacterium_triplex,1265,1268,3
Mycobacterium_triplex,1847,1853,6
Mycobacterium_triplex,1854,1863,9
Mycobacterium_triplex,1865,1874,9
Mycobacterium_triplex,1881,1883,2
Mycobacterium_triplex,1885,1888,3
Mycobacterium_triplex,1890,1898,8
Mycobacterium_triplex,1902,1914,12
Mycobacterium_triplex,1915,1925,10
Mycobacterium_triplex,1931,1937,6
Mycobacterium_triplex,2085,2086,1
Mycobacterium_triplex,2699,2700,1
Mycobacterium_triplex,3112,3148,36
Mycobacterium_triplex,3154,3178,24
Mycobacterium_vicinigordonae,1,45,44
Mycobacterium_vicinigordonae,48,49,1
Mycobacterium_vicinigordonae,57,58,1
Mycobacterium_vicinigordonae,98,104,6
Mycobacterium_vicinigordonae,108,144,36
Mycobacterium_vicinigordonae,145,163,18
Mycobacterium_vicinigordonae,169,175,6
Mycobacterium_vicinigordonae,326,329,3
Mycobacterium_vicinigordonae,334,337,3
Mycobacterium_vicinigordonae,339,351,12
Mycobacterium_vicinigordonae,466,472,6
Mycobacterium_vicinigordonae,1084,1090,6
Mycobacterium_vicinigordonae,1091,1097,6
Mycobacterium_vicinigordonae,1101,1110,9
Mycobacterium_vicinigordonae,1116,1129,13
Mycobacterium_vicinigordonae,1136,1139,3
Mycobacterium_vicinigordonae,1140,1146,6
Mycobacterium_vicinigordonae,1152,1164,12
Mycobacterium_vicinigordonae,1167,1170,3
Mycobacterium_vicinigordonae,1224,1236,12
Mycobacterium_vicinigordonae,1239,1248,9
Mycobacterium_vicinigordonae,1251,1257,6
Mycobacterium_vicinigordonae,1265,1268,3
Mycobacterium_vicinigordonae,1847,1853,6
Mycobacterium_vicinigordonae,1854,1863,9
Mycobacterium_vicinigordonae,1865,1874,9
Mycobacterium_vicinigordonae,1881,1883,2
Mycobacterium_vicinigordonae,1885,1888,3
Mycobacterium_vicinigordonae,1890,1898,8
Mycobacterium_vicinigordonae,1902,1914,12
Mycobacterium_vicinigordonae,1915,1925,10
Mycobacterium_vicinigordonae,1931,1937,6
Mycobacterium_vicinigordonae,2085,2086,1
Mycobacterium_vicinigordonae,2699,2700,1
Mycobacterium_vicinigordonae,3112,3148,36
Mycobacterium_vicinigordonae,3154,3178,24
Mycobacterium_branderi,1,45,44
Mycobacterium_branderi,48,49,1
Mycobacterium_branderi,57,58,1
Mycobacterium_branderi,98,161,63
Mycobacterium_branderi,169,175,6
Mycobacterium_branderi,326,329,3
Mycobacterium_branderi,334,337,3
Mycobacterium_branderi,339,351,12
Mycobacterium_branderi,466,472,6
Mycobacterium_branderi,1084,1090,6
Mycobacterium_branderi,1091,1097,6
Mycobacterium_branderi,1101,1110,9
Mycobacterium_branderi,1116,1129,13
Mycobacterium_branderi,1136,1139,3
Mycobacterium_branderi,1140,1146,6
Mycobacterium_branderi,1152,1164,12
Mycobacterium_branderi,1167,1170,3
Mycobacterium_branderi,1224,1236,12
Mycobacterium_branderi,1239,1248,9
Mycobacterium_branderi,1251,1257,6
Mycobacterium_branderi,1265,1268,3
Mycobacterium_branderi,1847,1853,6
Mycobacterium_branderi,1854,1863,9
Mycobacterium_branderi,1865,1874,9
Mycobacterium_branderi,1881,1883,2
Mycobacterium_branderi,1885,1888,3
Mycobacterium_branderi,1890,1898,8
Mycobacterium_branderi,1902,1914,12
Mycobacterium_branderi,1915,1925,10
Mycobacterium_branderi,1931,1937,6
Mycobacterium_branderi,2085,2086,1
Mycobacterium_branderi,2699,2700,1
Mycobacterium_branderi,3115,3151,36
Mycobacterium_branderi,3154,3178,24
Mycobacterium_celatum,1,45,44
Mycobacterium_celatum,48,49,1
Mycobacterium_celatum,57,58,1
Mycobacterium_celatum,98,161,63
Mycobacterium_celatum,169,175,6
Mycobacterium_celatum,326,329,3
Mycobacterium_celatum,334,337,3
Mycobacterium_celatum,339,351,12
Mycobacterium_celatum,466,472,6
Mycobacterium_celatum,1084,1090,6
Mycobacterium_celatum,1091,1097,6
Mycobacterium_celatum,1101,1110,9
Mycobacterium_celatum,1116,1129,13
Mycobacterium_celatum,1136,1139,3
Mycobacterium_celatum,1140,1146,6
Mycobacterium_celatum,1152,1164,12
Mycobacterium_celatum,1167,1170,3
Mycobacterium_celatum,1224,1236,12
Mycobacterium_celatum,1239,1248,9
Mycobacterium_celatum,1251,1257,6
Mycobacterium_celatum,1265,1268,3
Mycobacterium_celatum,1847,1853,6
Mycobacterium_celatum,1854,1863,9
Mycobacterium_celatum,1865,1874,9
Mycobacterium_celatum,1881,1883,2
Mycobacterium_celatum,1885,1888,3
Mycobacterium_celatum,1890,1898,8
Mycobacterium_celatum,1902,1914,12
Mycobacterium_celatum,1915,1925,10
Mycobacterium_celatum,1931,1937,6
Mycobacterium_celatum,2085,2086,1
Mycobacterium_celatum,2699,2700,1
Mycobacterium_celatum,3115,3151,36
Mycobacterium_celatum,3154,3178,24
Mycobacterium_kyorinense,1,45,44
Mycobacterium_kyorinense,48,49,1
Mycobacterium_kyorinense,57,58,1
Mycobacterium_kyorinense,98,161,63
Mycobacterium_kyorinense,169,175,6
Mycobacterium_kyorinense,326,329,3
Mycobacterium_kyorinense,334,337,3
Mycobacterium_kyorinense,339,351,12
Mycobacterium_kyorinense,466,472,6
Mycobacterium_kyorinense,1084,1090,6
Mycobacterium_kyorinense,1091,1097,6
Mycobacterium_kyorinense,1101,1110,9
Mycobacterium_kyorinense,1116,1129,13
Mycobacterium_kyorinense,1136,1139,3
Mycobacterium_kyorinense,1140,1146,6
Mycobacterium_kyorinense,1152,1164,12
Mycobacterium_kyorinense,1167,1170,3
Mycobacterium_kyorinense,1224,1236,12
Mycobacterium_kyorinense,1239,1248,9
Mycobacterium_kyorinense,1251,1257,6
Mycobacterium_kyorinense,1265,1268,3
Mycobacterium_kyorinense,1847,1853,6
Mycobacterium_kyorinense,1854,1863,9
Mycobacterium_kyorinense,1865,1874,9
Mycobacterium_kyorinense,1881,1883,2
Mycobacterium_kyorinense,1885,1888,3
Mycobacterium_kyorinense,1890,1898,8
Mycobacterium_kyorinense,1902,1914,12
Mycobacterium_kyorinense,1915,1925,10
Mycobacterium_kyorinense,1931,1937,6
Mycobacterium_kyorinense,2085,2086,1
Mycobacterium_kyorinense,2699,2700,1
Mycobacterium_kyorinense,3115,3151,36
Mycobacterium_kyorinense,3154,3178,24
Mycobacterium_lentiflavum,1,45,44
Mycobacterium_lentiflavum,48,49,1
Mycobacterium_lentiflavum,57,58,1
Mycobacterium_lentiflavum,98,104,6
Mycobacterium_lentiflavum,106,166,60
Mycobacterium_lentiflavum,169,175,6
Mycobacterium_lentiflavum,326,329,3
Mycobacterium_lentiflavum,334,337,3
Mycobacterium_lentiflavum,339,351,12
Mycobacterium_lentiflavum,466,472,6
Mycobacterium_lentiflavum,1084,1090,6
Mycobacterium_lentiflavum,1091,1097,6
Mycobacterium_lentiflavum,1101,1110,9
Mycobacterium_lentiflavum,1116,1129,13
Mycobacterium_lentiflavum,1136,1139,3
Mycobacterium_lentiflavum,1140,1146,6
Mycobacterium_lentiflavum,1152,1164,12
Mycobacterium_lentiflavum,1167,1170,3
Mycobacterium_lentiflavum,1224,1236,12
Mycobacterium_lentiflavum,1239,1248,9
Mycobacterium_lentiflavum,1251,1257,6
Mycobacterium_lentiflavum,1265,1268,3
Mycobacterium_lentiflavum,1847,1853,6
Mycobacterium_lentiflavum,1854,1863,9
Mycobacterium_lentiflavum,1865,1874,9
Mycobacterium_lentiflavum,1881,1883,2
Mycobacterium_lentiflavum,1885,1888,3
Mycobacterium_lentiflavum,1890,1898,8
Mycobacterium_lentiflavum,1902,1914,12
Mycobacterium_lentiflavum,1915,1925,10
Mycobacterium_lentiflavum,1931,1937,6
Mycobacterium_lentiflavum,2085,2086,1
Mycobacterium_lentiflavum,2699,2700,1
Mycobacterium_lentiflavum,3112,3148,36
Mycobacterium_lentiflavum,3154,3178,24
Mycobacterium_gordonae,1,65,64
Mycobacterium_gordonae,86,176,90
Mycobacterium_gordonae,326,329,3
Mycobacterium_gordonae,334,337,3
Mycobacterium_gordonae,339,351,12
Mycobacterium_gordonae,466,472,6
Mycobacterium_gordonae,1084,1090,6
Mycobacterium_gordonae,1091,1097,6
Mycobacterium_gordonae,1101,1110,9
Mycobacterium_gordonae,1116,1129,13
Mycobacterium_gordonae,1136,1139,3
Mycobacterium_gordonae,1140,1146,6
Mycobacterium_gordonae,1152,1164,12
Mycobacterium_gordonae,1167,1170,3
Mycobacterium_gordonae,1224,1236,12
Mycobacterium_gordonae,1239,1248,9
Mycobacterium_gordonae,1251,1257,6
Mycobacterium_gordonae,1265,1268,3
Mycobacterium_gordonae,1847,1853,6
Mycobacterium_gordonae,1854,1863,9
Mycobacterium_gordonae,1865,1874,9
Mycobacterium_gordonae,1881,1883,2
Mycobacterium_gordonae,1885,1888,3
Mycobacterium_gordonae,1890,1898,8
Mycobacterium_gordonae,1902,1914,12
Mycobacterium_gordonae,1915,1925,10
Mycobacterium_gordonae,1931,1937,6
Mycobacterium_gordonae,2085,2086,1
Mycobacterium_gordonae,2699,2700,1
Mycobacterium_gordonae,3112,3148,36
Mycobacterium_gordonae,3154,3178,24
Mycolicibacterium_xanthum,4,6,2
Mycolicibacterium_xanthum,48,49,1
Mycolicibacterium_xanthum,57,58,1
Mycolicibacterium_xanthum,93,162,69
Mycolicibacterium_xanthum,169,175,6
Mycolicibacterium_xanthum,326,329,3
Mycolicibacterium_xanthum,334,337,3
Mycolicibacterium_xanthum,339,351,12
Mycolicibacterium_xanthum,466,472,6
Mycolicibacterium_xanthum,1084,1090,6
Mycolicibacterium_xanthum,1091,1097,6
Mycolicibacterium_xanthum,1101,1110,9
Mycolicibacterium_xanthum,1116,1129,13
Mycolicibacterium_xanthum,1136,1139,3
Mycolicibacterium_xanthum,1140,1146,6
Mycolicibacterium_xanthum,1152,1158,6
Mycolicibacterium_xanthum,1159,1165,6
Mycolicibacterium_xanthum,1167,1170,3
Mycolicibacterium_xanthum,1224,1236,12
Mycolicibacterium_xanthum,1239,1248,9
Mycolicibacterium_xanthum,1251,1257,6
Mycolicibacterium_xanthum,1266,1269,3
Mycolicibacterium_xanthum,1847,1853,6
Mycolicibacterium_xanthum,1854,1863,9
Mycolicibacterium_xanthum,1865,1874,9
Mycolicibacterium_xanthum,1881,1883,2
Mycolicibacterium_xanthum,1885,1888,3
Mycolicibacterium_xanthum,1890,1898,8
Mycolicibacterium_xanthum,1902,1914,12
Mycolicibacterium_xanthum,1915,1925,10
Mycolicibacterium_xanthum,1931,1937,6
Mycolicibacterium_xanthum,2085,2086,1
Mycolicibacterium_xanthum,2699,2700,1
Mycolicibacterium_xanthum,3115,3136,21
Mycolicibacterium_xanthum,3140,3146,6
Mycolicibacterium_xanthum,3154,3178,24
Mycobacterium_cookii,1,65,64
Mycobacterium_cookii,98,104,6
Mycobacterium_cookii,109,133,24
Mycobacterium_cookii,139,163,24
Mycobacterium_cookii,326,329,3
Mycobacterium_cookii,334,337,3
Mycobacterium_cookii,339,351,12
Mycobacterium_cookii,466,472,6
Mycobacterium_cookii,1084,1090,6
Mycobacterium_cookii,1091,1097,6
Mycobacterium_cookii,1104,1129,25
Mycobacterium_cookii,1136,1139,3
Mycobacterium_cookii,1140,1146,6
Mycobacterium_cookii,1152,1158,6
Mycobacterium_cookii,1167,1170,3
Mycobacterium_cookii,1224,1236,12
Mycobacterium_cookii,1239,1248,9
Mycobacterium_cookii,1251,1257,6
Mycobacterium_cookii,1265,1268,3
Mycobacterium_cookii,1847,1853,6
Mycobacterium_cookii,1854,1863,9
Mycobacterium_cookii,1865,1874,9
Mycobacterium_cookii,1881,1883,2
Mycobacterium_cookii,1885,1888,3
Mycobacterium_cookii,1890,1898,8
Mycobacterium_cookii,1902,1914,12
Mycobacterium_cookii,1915,1925,10
Mycobacterium_cookii,1931,1937,6
Mycobacterium_cookii,2085,2086,1
Mycobacterium_cookii,2699,2700,1
Mycobacterium_cookii,3115,3136,21
Mycobacterium_cookii,3140,3146,6
Mycobacterium_cookii,3154,3178,24
Mycobacterium_saskatchewanense,1,188,187
Mycobacterium_saskatchewanense,326,329,3
Mycobacterium_saskatchewanense,334,337,3
Mycobacterium_saskatchewanense,339,351,12
Mycobacterium_saskatchewanense,466,472,6
Mycobacterium_saskatchewanense,1084,1090,6
Mycobacterium_saskatchewanense,1091,1097,6
Mycobacterium_saskatchewanense,1101,1110,9
Mycobacterium_saskatchewanense,1116,1129,13
Mycobacterium_saskatchewanense,1136,1139,3
Mycobacterium_saskatchewanense,1140,1146,6
Mycobacterium_saskatchewanense,1152,1164,12
Mycobacterium_saskatchewanense,1167,1170,3
Mycobacterium_saskatchewanense,1224,1236,12
Mycobacterium_saskatchewanense,1239,1248,9
Mycobacterium_saskatchewanense,1251,1257,6
Mycobacterium_saskatchewanense,1265,1268,3
Mycobacterium_saskatchewanense,1847,1853,6
Mycobacterium_saskatchewanense,1854,1863,9
Mycobacterium_saskatchewanense,1865,1874,9
Mycobacterium_saskatchewanense,1881,1883,2
Mycobacterium_saskatchewanense,1885,1888,3
Mycobacterium_saskatchewanense,1890,1898,8
Mycobacterium_saskatchewanense,1902,1914,12
Mycobacterium_saskatchewanense,1915,1925,10
Mycobacterium_saskatchewanense,1931,1937,6
Mycobacterium_saskatchewanense,2085,2086,1
Mycobacterium_saskatchewanense,2699,2700,1
Mycobacterium_saskatchewanense,3112,3148,36
Mycobacterium_saskatchewanense,3154,3178,24
Mycobacterium_tilburgii,1,45,44
Mycobacterium_tilburgii,48,49,1
Mycobacterium_tilburgii,57,58,1
Mycobacterium_tilburgii,98,104,6
Mycobacterium_tilburgii,106,166,60
Mycobacterium_tilburgii,169,175,6
Mycobacterium_tilburgii,326,329,3
Mycobacterium_tilburgii,334,337,3
Mycobacterium_tilburgii,339,351,12
Mycobacterium_tilburgii,466,472,6
Mycobacterium_tilburgii,1084,1090,6
Mycobacterium_tilburgii,1091,1097,6
Mycobacterium_tilburgii,1101,1110,9
Mycobacterium_tilburgii,1116,1129,13
Mycobacterium_tilburgii,1136,1139,3
Mycobacterium_tilburgii,1140,1146,6
Mycobacterium_tilburgii,1152,1164,12
Mycobacterium_tilburgii,1167,1170,3
Mycobacterium_tilburgii,1224,1236,12
Mycobacterium_tilburgii,1239,1248,9
Mycobacterium_tilburgii,1251,1257,6
Mycobacterium_tilburgii,1265,1268,3
Mycobacterium_tilburgii,1847,1853,6
Mycobacterium_tilburgii,1854,1863,9
Mycobacterium_tilburgii,1865,1874,9
Mycobacterium_tilburgii,1881,1883,2
Mycobacterium_tilburgii,1885,1888,3
Mycobacterium_tilburgii,1890,1898,8
Mycobacterium_tilburgii,1902,1914,12
Mycobacterium_tilburgii,1915,1925,10
Mycobacterium_tilburgii,1931,1937,6
Mycobacterium_tilburgii,2085,2086,1
Mycobacterium_tilburgii,2699,2700,1
Mycobacterium_tilburgii,3112,3148,36
Mycobacterium_tilburgii,3154,3178,24
Mycolicibacter_kumamotonensis,1,49,48
Mycolicibacter_kumamotonensis,57,58,1
Mycolicibacter_kumamotonensis,98,104,6
Mycolicibacter_kumamotonensis,108,144,36
Mycolicibacter_kumamotonensis,157,163,6
Mycolicibacter_kumamotonensis,169,175,6
Mycolicibacter_kumamotonensis,334,337,3
Mycolicibacter_kumamotonensis,341,356,15
Mycolicibacter_kumamotonensis,466,472,6
Mycolicibacter_kumamotonensis,1084,1090,6
Mycolicibacter_kumamotonensis,1091,1097,6
Mycolicibacter_kumamotonensis,1106,1110,4
Mycolicibacter_kumamotonensis,1136,1139,3
Mycolicibacter_kumamotonensis,1140,1170,30
Mycolicibacter_kumamotonensis,1239,1248,9
Mycolicibacter_kumamotonensis,1251,1257,6
Mycolicibacter_kumamotonensis,1847,1853,6
Mycolicibacter_kumamotonensis,1854,1863,9
Mycolicibacter_kumamotonensis,1865,1874,9
Mycolicibacter_kumamotonensis,1881,1883,2
Mycolicibacter_kumamotonensis,1885,1888,3
Mycolicibacter_kumamotonensis,1890,1898,8
Mycolicibacter_kumamotonensis,1902,1914,12
Mycolicibacter_kumamotonensis,1915,1925,10
Mycolicibacter_kumamotonensis,1931,1937,6
Mycolicibacter_kumamotonensis,2085,2086,1
Mycolicibacter_kumamotonensis,2699,2700,1
Mycolicibacter_kumamotonensis,3115,3136,21
Mycolicibacter_kumamotonensis,3154,3178,24
Mycolicibacterium_doricum,1,45,44
Mycolicibacterium_doricum,48,49,1
Mycolicibacterium_doricum,57,58,1
Mycolicibacterium_doricum,93,105,12
Mycolicibacterium_doricum,108,162,54
Mycolicibacterium_doricum,169,175,6
Mycolicibacterium_doricum,326,329,3
Mycolicibacterium_doricum,334,337,3
Mycolicibacterium_doricum,339,351,12
Mycolicibacterium_doricum,466,472,6
Mycolicibacterium_doricum,1084,1090,6
Mycolicibacterium_doricum,1091,1097,6
Mycolicibacterium_doricum,1101,1110,9
Mycolicibacterium_doricum,1116,1129,13
Mycolicibacterium_doricum,1136,1139,3
Mycolicibacterium_doricum,1140,1146,6
Mycolicibacterium_doricum,1152,1158,6
Mycolicibacterium_doricum,1159,1165,6
Mycolicibacterium_doricum,1167,1170,3
Mycolicibacterium_doricum,1224,1236,12
Mycolicibacterium_doricum,1239,1248,9
Mycolicibacterium_doricum,1251,1257,6
Mycolicibacterium_doricum,1266,1269,3
Mycolicibacterium_doricum,1847,1853,6
Mycolicibacterium_doricum,1854,1863,9
Mycolicibacterium_doricum,1865,1874,9
Mycolicibacterium_doricum,1881,1883,2
Mycolicibacterium_doricum,1885,1888,3
Mycolicibacterium_doricum,1890,1898,8
Mycolicibacterium_doricum,1902,1914,12
Mycolicibacterium_doricum,1915,1925,10
Mycolicibacterium_doricum,1931,1937,6
Mycolicibacterium_doricum,2085,2086,1
Mycolicibacterium_doricum,2699,2700,1
Mycolicibacterium_doricum,3115,3136,21
Mycolicibacterium_doricum,3140,3146,6
Mycolicibacterium_doricum,3154,3157,3
Mycolicibacter_algericus,1,45,44
Mycolicibacter_algericus,48,49,1
Mycolicibacter_algericus,57,58,1
Mycolicibacter_algericus,98,104,6
Mycolicibacter_algericus,108,144,36
Mycolicibacter_algericus,157,163,6
Mycolicibacter_algericus,169,175,6
Mycolicibacter_algericus,334,337,3
Mycolicibacter_algericus,341,356,15
Mycolicibacter_algericus,466,472,6
Mycolicibacter_algericus,1084,1090,6
Mycolicibacter_algericus,1091,1097,6
Mycolicibacter_algericus,1106,1110,4
Mycolicibacter_algericus,1136,1139,3
Mycolicibacter_algericus,1140,1170,30
Mycolicibacter_algericus,1239,1248,9
Mycolicibacter_algericus,1251,1257,6
Mycolicibacter_algericus,1847,1853,6
Mycolicibacter_algericus,1854,1863,9
Mycolicibacter_algericus,1865,1874,9
Mycolicibacter_algericus,1881,1883,2
Mycolicibacter_algericus,1885,1888,3
Mycolicibacter_algericus,1890,1898,8
Mycolicibacter_algericus,1902,1914,12
Mycolicibacter_algericus,1915,1925,10
Mycolicibacter_algericus,1931,1937,6
Mycolicibacter_algericus,2085,2086,1
Mycolicibacter_algericus,2699,2700,1
Mycolicibacter_algericus,3115,3136,21
Mycolicibacter_algericus,3140,3146,6
Mycolicibacter_algericus,3154,3178,24
Mycobacterium_palauense,1,45,44
Mycobacterium_palauense,48,49,1
Mycobacterium_palauense,57,58,1
Mycobacterium_palauense,93,168,75
Mycobacterium_palauense,169,175,6
Mycobacterium_palauense,326,329,3
Mycobacterium_palauense,334,337,3
Mycobacterium_palauense,339,351,12
Mycobacterium_palauense,466,472,6
Mycobacterium_palauense,1084,1090,6
Mycobacterium_palauense,1091,1109,18
Mycobacterium_palauense,1116,1129,13
Mycobacterium_palauense,1136,1139,3
Mycobacterium_palauense,1140,1146,6
Mycobacterium_palauense,1152,1158,6
Mycobacterium_palauense,1167,1170,3
Mycobacterium_palauense,1224,1236,12
Mycobacterium_palauense,1239,1248,9
Mycobacterium_palauense,1251,1257,6
Mycobacterium_palauense,1266,1269,3
Mycobacterium_palauense,1847,1853,6
Mycobacterium_palauense,1854,1863,9
Mycobacterium_palauense,1865,1874,9
Mycobacterium_palauense,1881,1883,2
Mycobacterium_palauense,1885,1888,3
Mycobacterium_palauense,1890,1897,7
Mycobacterium_palauense,1902,1914,12
Mycobacterium_palauense,1915,1916,1
Mycobacterium_palauense,1918,1925,7
Mycobacterium_palauense,1931,1937,6
Mycobacterium_palauense,2085,2086,1
Mycobacterium_palauense,2699,2700,1
Mycobacterium_palauense,3115,3136,21
Mycobacterium_palauense,3140,3146,6
Mycobacterium_palauense,3154,3178,24
Mycolicibacter_heraklionensis,1,45,44
Mycolicibacter_heraklionensis,48,49,1
Mycolicibacter_heraklionensis,57,58,1
Mycolicibacter_heraklionensis,98,104,6
Mycolicibacter_heraklionensis,108,144,36
Mycolicibacter_heraklionensis,157,163,6
Mycolicibacter_heraklionensis,169,175,6
Mycolicibacter_heraklionensis,334,337,3
Mycolicibacter_heraklionensis,341,356,15
Mycolicibacter_heraklionensis,466,472,6
Mycolicibacter_heraklionensis,1084,1090,6
Mycolicibacter_heraklionensis,1091,1097,6
Mycolicibacter_heraklionensis,1106,1110,4
Mycolicibacter_heraklionensis,1116,1122,6
Mycolicibacter_heraklionensis,1136,1139,3
Mycolicibacter_heraklionensis,1140,1170,30
Mycolicibacter_heraklionensis,1239,1248,9
Mycolicibacter_heraklionensis,1251,1257,6
Mycolicibacter_heraklionensis,1847,1853,6
Mycolicibacter_heraklionensis,1854,1863,9
Mycolicibacter_heraklionensis,1865,1874,9
Mycolicibacter_heraklionensis,1881,1883,2
Mycolicibacter_heraklionensis,1885,1888,3
Mycolicibacter_heraklionensis,1890,1898,8
Mycolicibacter_heraklionensis,1902,1914,12
Mycolicibacter_heraklionensis,1915,1925,10
Mycolicibacter_heraklionensis,1931,1937,6
Mycolicibacter_heraklionensis,2085,2086,1
Mycolicibacter_heraklionensis,2699,2700,1
Mycolicibacter_heraklionensis,3115,3136,21
Mycolicibacter_heraklionensis,3140,3146,6
Mycolicibacter_heraklionensis,3154,3178,24
Mycobacterium_montefiorense,1,45,44
Mycobacterium_montefiorense,48,49,1
Mycobacterium_montefiorense,57,58,1
Mycobacterium_montefiorense,98,104,6
Mycobacterium_montefiorense,106,175,69
Mycobacterium_montefiorense,326,329,3
Mycobacterium_montefiorense,334,337,3
Mycobacterium_montefiorense,339,351,12
Mycobacterium_montefiorense,466,472,6
Mycobacterium_montefiorense,1084,1090,6
Mycobacterium_montefiorense,1091,1097,6
Mycobacterium_montefiorense,1101,1110,9
Mycobacterium_montefiorense,1116,1129,13
Mycobacterium_montefiorense,1136,1139,3
Mycobacterium_montefiorense,1140,1146,6
Mycobacterium_montefiorense,1152,1164,12
Mycobacterium_montefiorense,1167,1170,3
Mycobacterium_montefiorense,1224,1236,12
Mycobacterium_montefiorense,1239,1248,9
Mycobacterium_montefiorense,1251,1257,6
Mycobacterium_montefiorense,1265,1268,3
Mycobacterium_montefiorense,1847,1853,6
Mycobacterium_montefiorense,1854,1863,9
Mycobacterium_montefiorense,1865,1874,9
Mycobacterium_montefiorense,1881,1883,2
Mycobacterium_montefiorense,1885,1888,3
Mycobacterium_montefiorense,1890,1898,8
Mycobacterium_montefiorense,1902,1914,12
Mycobacterium_montefiorense,1915,1925,10
Mycobacterium_montefiorense,1931,1937,6
Mycobacterium_montefiorense,2085,2086,1
Mycobacterium_montefiorense,2699,2700,1
Mycobacterium_montefiorense,3112,3148,36
Mycobacterium_montefiorense,3154,3178,24
Mycobacterium_aquaticum,1,45,44
Mycobacterium_aquaticum,48,49,1
Mycobacterium_aquaticum,57,58,1
Mycobacterium_aquaticum,87,90,3
Mycobacterium_aquaticum,93,105,12
Mycobacterium_aquaticum,108,162,54
Mycobacterium_aquaticum,169,175,6
Mycobacterium_aquaticum,326,329,3
Mycobacterium_aquaticum,334,337,3
Mycobacterium_aquaticum,339,351,12
Mycobacterium_aquaticum,466,472,6
Mycobacterium_aquaticum,1084,1090,6
Mycobacterium_aquaticum,1091,1097,6
Mycobacterium_aquaticum,1101,1110,9
Mycobacterium_aquaticum,1116,1129,13
Mycobacterium_aquaticum,1136,1139,3
Mycobacterium_aquaticum,1140,1146,6
Mycobacterium_aquaticum,1152,1158,6
Mycobacterium_aquaticum,1159,1165,6
Mycobacterium_aquaticum,1167,1170,3
Mycobacterium_aquaticum,1224,1236,12
Mycobacterium_aquaticum,1239,1248,9
Mycobacterium_aquaticum,1251,1257,6
Mycobacterium_aquaticum,1266,1269,3
Mycobacterium_aquaticum,1847,1853,6
Mycobacterium_aquaticum,1854,1863,9
Mycobacterium_aquaticum,1865,1874,9
Mycobacterium_aquaticum,1881,1883,2
Mycobacterium_aquaticum,1885,1888,3
Mycobacterium_aquaticum,1890,1898,8
Mycobacterium_aquaticum,1902,1914,12
Mycobacterium_aquaticum,1915,1925,10
Mycobacterium_aquaticum,1931,1937,6
Mycobacterium_aquaticum,2085,2086,1
Mycobacterium_aquaticum,2699,2700,1
Mycobacterium_aquaticum,3115,3136,21
Mycobacterium_aquaticum,3140,3146,6
Mycobacterium_aquaticum,3154,3178,24
Mycolicibacter_longobardus,1,49,48
Mycolicibacter_longobardus,57,58,1
Mycolicibacter_longobardus,98,104,6
Mycolicibacter_longobardus,108,144,36
Mycolicibacter_longobardus,157,163,6
Mycolicibacter_longobardus,169,175,6
Mycolicibacter_longobardus,334,337,3
Mycolicibacter_longobardus,341,356,15
Mycolicibacter_longobardus,466,472,6
Mycolicibacter_longobardus,1084,1090,6
Mycolicibacter_longobardus,1091,1097,6
Mycolicibacter_longobardus,1106,1110,4
Mycolicibacter_longobardus,1116,1122,6
Mycolicibacter_longobardus,1125,1128,3
Mycolicibacter_longobardus,1136,1139,3
Mycolicibacter_longobardus,1140,1170,30
Mycolicibacter_longobardus,1239,1248,9
Mycolicibacter_longobardus,1251,1257,6
Mycolicibacter_longobardus,1847,1853,6
Mycolicibacter_longobardus,1854,1863,9
Mycolicibacter_longobardus,1865,1874,9
Mycolicibacter_longobardus,1881,1883,2
Mycolicibacter_longobardus,1885,1888,3
Mycolicibacter_longobardus,1890,1898,8
Mycolicibacter_longobardus,1902,1914,12
Mycolicibacter_longobardus,1915,1925,10
Mycolicibacter_longobardus,1931,1937,6
Mycolicibacter_longobardus,2085,2086,1
Mycolicibacter_longobardus,2699,2700,1
Mycolicibacter_longobardus,3115,3136,21
Mycolicibacter_longobardus,3140,3146,6
Mycolicibacter_longobardus,3154,3178,24
Mycobacterium_novum,1,65,64
Mycobacterium_novum,98,104,6
Mycobacterium_novum,108,144,36
Mycobacterium_novum,157,163,6
Mycobacterium_novum,169,175,6
Mycobacterium_novum,334,337,3
Mycobacterium_novum,341,356,15
Mycobacterium_novum,466,472,6
Mycobacterium_novum,1084,1090,6
Mycobacterium_novum,1091,1097,6
Mycobacterium_novum,1106,1110,4
Mycobacterium_novum,1136,1139,3
Mycobacterium_novum,1140,1170,30
Mycobacterium_novum,1239,1248,9
Mycobacterium_novum,1251,1257,6
Mycobacterium_novum,1847,1853,6
Mycobacterium_novum,1854,1863,9
Mycobacterium_novum,1865,1874,9
Mycobacterium_novum,1881,1883,2
Mycobacterium_novum,1885,1888,3
Mycobacterium_novum,1890,1898,8
Mycobacterium_novum,1902,1914,12
Mycobacterium_novum,1915,1925,10
Mycobacterium_novum,1931,1937,6
Mycobacterium_novum,2085,2086,1
Mycobacterium_novum,2699,2700,1
Mycobacterium_novum,3115,3136,21
Mycobacterium_novum,3140,3146,6
Mycobacterium_novum,3154,3178,24
Mycolicibacter_terrae,1,45,44
Mycolicibacter_terrae,48,49,1
Mycolicibacter_terrae,57,58,1
Mycolicibacter_terrae,98,104,6
Mycolicibacter_terrae,108,144,36
Mycolicibacter_terrae,157,163,6
Mycolicibacter_terrae,169,175,6
Mycolicibacter_terrae,334,337,3
Mycolicibacter_terrae,341,356,15
Mycolicibacter_terrae,466,472,6
Mycolicibacter_terrae,1084,1090,6
Mycolicibacter_terrae,1091,1097,6
Mycolicibacter_terrae,1106,1110,4
Mycolicibacter_terrae,1136,1139,3
Mycolicibacter_terrae,1140,1170,30
Mycolicibacter_terrae,1239,1248,9
Mycolicibacter_terrae,1251,1257,6
Mycolicibacter_terrae,1847,1853,6
Mycolicibacter_terrae,1854,1863,9
Mycolicibacter_terrae,1865,1874,9
Mycolicibacter_terrae,1881,1883,2
Mycolicibacter_terrae,1885,1888,3
Mycolicibacter_terrae,1890,1898,8
Mycolicibacter_terrae,1902,1914,12
Mycolicibacter_terrae,1915,1925,10
Mycolicibacter_terrae,1931,1937,6
Mycolicibacter_terrae,2085,2086,1
Mycolicibacter_terrae,2699,2700,1
Mycolicibacter_terrae,3115,3136,21
Mycolicibacter_terrae,3154,3178,24
Mycobacterium_manitobense,1,40,39
Mycobacterium_manitobense,48,49,1
Mycobacterium_manitobense,93,105,12
Mycobacterium_manitobense,108,162,54
Mycobacterium_manitobense,169,175,6
Mycobacterium_manitobense,326,329,3
Mycobacterium_manitobense,334,337,3
Mycobacterium_manitobense,339,351,12
Mycobacterium_manitobense,466,472,6
Mycobacterium_manitobense,1091,1097,6
Mycobacterium_manitobense,1101,1110,9
Mycobacterium_manitobense,1116,1129,13
Mycobacterium_manitobense,1136,1139,3
Mycobacterium_manitobense,1140,1146,6
Mycobacterium_manitobense,1150,1165,15
Mycobacterium_manitobense,1167,1170,3
Mycobacterium_manitobense,1224,1236,12
Mycobacterium_manitobense,1239,1248,9
Mycobacterium_manitobense,1251,1257,6
Mycobacterium_manitobense,1266,1269,3
Mycobacterium_manitobense,1847,1853,6
Mycobacterium_manitobense,1854,1863,9
Mycobacterium_manitobense,1865,1874,9
Mycobacterium_manitobense,1881,1883,2
Mycobacterium_manitobense,1885,1888,3
Mycobacterium_manitobense,1890,1898,8
Mycobacterium_manitobense,1902,1914,12
Mycobacterium_manitobense,1915,1925,10
Mycobacterium_manitobense,1931,1937,6
Mycobacterium_manitobense,2085,2086,1
Mycobacterium_manitobense,2699,2700,1
Mycobacterium_manitobense,3115,3136,21
Mycobacterium_manitobense,3140,3146,6
Mycobacterium_manitobense,3161,3173,12
Mycolicibacter_sinensis,1,45,44
Mycolicibacter_sinensis,48,49,1
Mycolicibacter_sinensis,57,58,1
Mycolicibacter_sinensis,98,104,6
Mycolicibacter_sinensis,108,144,36
Mycolicibacter_sinensis,157,163,6
Mycolicibacter_sinensis,169,175,6
Mycolicibacter_sinensis,334,337,3
Mycolicibacter_sinensis,341,356,15
Mycolicibacter_sinensis,466,472,6
Mycolicibacter_sinensis,1084,1090,6
Mycolicibacter_sinensis,1091,1097,6
Mycolicibacter_sinensis,1106,1110,4
Mycolicibacter_sinensis,1136,1139,3
Mycolicibacter_sinensis,1140,1170,30
Mycolicibacter_sinensis,1239,1248,9
Mycolicibacter_sinensis,1251,1257,6
Mycolicibacter_sinensis,1847,1853,6
Mycolicibacter_sinensis,1854,1863,9
Mycolicibacter_sinensis,1865,1874,9
Mycolicibacter_sinensis,1881,1883,2
Mycolicibacter_sinensis,1885,1888,3
Mycolicibacter_sinensis,1890,1898,8
Mycolicibacter_sinensis,1902,1914,12
Mycolicibacter_sinensis,1915,1925,10
Mycolicibacter_sinensis,1931,1937,6
Mycolicibacter_sinensis,2085,2086,1
Mycolicibacter_sinensis,2699,2700,1
Mycolicibacter_sinensis,3115,3136,21
Mycolicibacter_sinensis,3140,3146,6
Mycolicibacter_sinensis,3154,3178,24
Mycolicibacterium_poriferae,1,45,44
Mycolicibacterium_poriferae,48,49,1
Mycolicibacterium_poriferae,57,58,1
Mycolicibacterium_poriferae,93,162,69
Mycolicibacterium_poriferae,169,175,6
Mycolicibacterium_poriferae,326,329,3
Mycolicibacterium_poriferae,334,337,3
Mycolicibacterium_poriferae,339,351,12
Mycolicibacterium_poriferae,466,472,6
Mycolicibacterium_poriferae,1084,1090,6
Mycolicibacterium_poriferae,1091,1097,6
Mycolicibacterium_poriferae,1101,1110,9
Mycolicibacterium_poriferae,1116,1129,13
Mycolicibacterium_poriferae,1136,1139,3
Mycolicibacterium_poriferae,1140,1146,6
Mycolicibacterium_poriferae,1152,1158,6
Mycolicibacterium_poriferae,1159,1165,6
Mycolicibacterium_poriferae,1167,1170,3
Mycolicibacterium_poriferae,1224,1236,12
Mycolicibacterium_poriferae,1239,1248,9
Mycolicibacterium_poriferae,1251,1257,6
Mycolicibacterium_poriferae,1266,1269,3
Mycolicibacterium_poriferae,1847,1853,6
Mycolicibacterium_poriferae,1854,1863,9
Mycolicibacterium_poriferae,1865,1874,9
Mycolicibacterium_poriferae,1881,1883,2
Mycolicibacterium_poriferae,1890,1898,8
Mycolicibacterium_poriferae,1902,1914,12
Mycolicibacterium_poriferae,1915,1925,10
Mycolicibacterium_poriferae,1931,1937,6
Mycolicibacterium_poriferae,2085,2086,1
Mycolicibacterium_poriferae,2699,2700,1
Mycolicibacterium_poriferae,3115,3136,21
Mycolicibacterium_poriferae,3140,3146,6
Mycolicibacterium_poriferae,3154,3157,3
Mycolicibacterium_poriferae,3162,3171,9
Mycolicibacter_acidiphilus,1,49,48
Mycolicibacter_acidiphilus,57,58,1
Mycolicibacter_acidiphilus,98,104,6
Mycolicibacter_acidiphilus,105,150,45
Mycolicibacter_acidiphilus,157,163,6
Mycolicibacter_acidiphilus,169,175,6
Mycolicibacter_acidiphilus,334,337,3
Mycolicibacter_acidiphilus,341,356,15
Mycolicibacter_acidiphilus,466,472,6
Mycolicibacter_acidiphilus,1084,1090,6
Mycolicibacter_acidiphilus,1091,1097,6
Mycolicibacter_acidiphilus,1106,1110,4
Mycolicibacter_acidiphilus,1116,1122,6
Mycolicibacter_acidiphilus,1136,1139,3
Mycolicibacter_acidiphilus,1140,1170,30
Mycolicibacter_acidiphilus,1239,1248,9
Mycolicibacter_acidiphilus,1251,1257,6
Mycolicibacter_acidiphilus,1847,1853,6
Mycolicibacter_acidiphilus,1854,1863,9
Mycolicibacter_acidiphilus,1865,1874,9
Mycolicibacter_acidiphilus,1881,1883,2
Mycolicibacter_acidiphilus,1885,1888,3
Mycolicibacter_acidiphilus,1890,1898,8
Mycolicibacter_acidiphilus,1902,1914,12
Mycolicibacter_acidiphilus,1915,1925,10
Mycolicibacter_acidiphilus,1931,1937,6
Mycolicibacter_acidiphilus,2085,2086,1
Mycolicibacter_acidiphilus,2699,2700,1
Mycolicibacter_acidiphilus,3115,3136,21
Mycolicibacter_acidiphilus,3140,3146,6
Mycolicibacter_acidiphilus,3154,3178,24
Mycolicibacillus_parakoreensis,1,45,44
Mycolicibacillus_parakoreensis,48,49,1
Mycolicibacillus_parakoreensis,57,58,1
Mycolicibacillus_parakoreensis,98,161,63
Mycolicibacillus_parakoreensis,169,175,6
Mycolicibacillus_parakoreensis,326,329,3
Mycolicibacillus_parakoreensis,334,337,3
Mycolicibacillus_parakoreensis,339,351,12
Mycolicibacillus_parakoreensis,466,472,6
Mycolicibacillus_parakoreensis,1084,1090,6
Mycolicibacillus_parakoreensis,1091,1097,6
Mycolicibacillus_parakoreensis,1101,1110,9
Mycolicibacillus_parakoreensis,1118,1128,10
Mycolicibacillus_parakoreensis,1136,1139,3
Mycolicibacillus_parakoreensis,1140,1146,6
Mycolicibacillus_parakoreensis,1152,1164,12
Mycolicibacillus_parakoreensis,1167,1170,3
Mycolicibacillus_parakoreensis,1224,1236,12
Mycolicibacillus_parakoreensis,1239,1248,9
Mycolicibacillus_parakoreensis,1251,1257,6
Mycolicibacillus_parakoreensis,1265,1268,3
Mycolicibacillus_parakoreensis,1847,1853,6
Mycolicibacillus_parakoreensis,1854,1863,9
Mycolicibacillus_parakoreensis,1865,1874,9
Mycolicibacillus_parakoreensis,1881,1883,2
Mycolicibacillus_parakoreensis,1885,1888,3
Mycolicibacillus_parakoreensis,1890,1898,8
Mycolicibacillus_parakoreensis,1902,1914,12
Mycolicibacillus_parakoreensis,1915,1925,10
Mycolicibacillus_parakoreensis,1931,1937,6
Mycolicibacillus_parakoreensis,2085,2086,1
Mycolicibacillus_parakoreensis,2699,2700,1
Mycolicibacillus_parakoreensis,3115,3136,21
Mycolicibacillus_parakoreensis,3140,3146,6
Mycolicibacillus_parakoreensis,3154,3178,24
Mycolicibacterium_agri,1,45,44
Mycolicibacterium_agri,48,49,1
Mycolicibacterium_agri,57,58,1
Mycolicibacterium_agri,93,162,69
Mycolicibacterium_agri,169,175,6
Mycolicibacterium_agri,326,329,3
Mycolicibacterium_agri,334,337,3
Mycolicibacterium_agri,339,351,12
Mycolicibacterium_agri,466,472,6
Mycolicibacterium_agri,1084,1090,6
Mycolicibacterium_agri,1091,1097,6
Mycolicibacterium_agri,1101,1110,9
Mycolicibacterium_agri,1116,1129,13
Mycolicibacterium_agri,1136,1139,3
Mycolicibacterium_agri,1140,1146,6
Mycolicibacterium_agri,1152,1158,6
Mycolicibacterium_agri,1159,1165,6
Mycolicibacterium_agri,1167,1170,3
Mycolicibacterium_agri,1224,1236,12
Mycolicibacterium_agri,1239,1248,9
Mycolicibacterium_agri,1251,1257,6
Mycolicibacterium_agri,1266,1269,3
Mycolicibacterium_agri,1847,1853,6
Mycolicibacterium_agri,1854,1863,9
Mycolicibacterium_agri,1865,1874,9
Mycolicibacterium_agri,1881,1883,2
Mycolicibacterium_agri,1885,1888,3
Mycolicibacterium_agri,1890,1898,8
Mycolicibacterium_agri,1902,1914,12
Mycolicibacterium_agri,1915,1925,10
Mycolicibacterium_agri,1931,1937,6
Mycolicibacterium_agri,2085,2086,1
Mycolicibacterium_agri,2699,2700,1
Mycolicibacterium_agri,3115,3151,36
Mycolicibacterium_agri,3154,3178,24
Mycolicibacterium_elephantis,1,45,44
Mycolicibacterium_elephantis,48,49,1
Mycolicibacterium_elephantis,57,58,1
Mycolicibacterium_elephantis,93,105,12
Mycolicibacterium_elephantis,108,162,54
Mycolicibacterium_elephantis,169,175,6
Mycolicibacterium_elephantis,326,329,3
Mycolicibacterium_elephantis,334,337,3
Mycolicibacterium_elephantis,339,351,12
Mycolicibacterium_elephantis,466,472,6
Mycolicibacterium_elephantis,1084,1090,6
Mycolicibacterium_elephantis,1091,1097,6
Mycolicibacterium_elephantis,1101,1110,9
Mycolicibacterium_elephantis,1116,1129,13
Mycolicibacterium_elephantis,1136,1139,3
Mycolicibacterium_elephantis,1140,1146,6
Mycolicibacterium_elephantis,1152,1158,6
Mycolicibacterium_elephantis,1159,1165,6
Mycolicibacterium_elephantis,1167,1170,3
Mycolicibacterium_elephantis,1224,1236,12
Mycolicibacterium_elephantis,1239,1248,9
Mycolicibacterium_elephantis,1251,1257,6
Mycolicibacterium_elephantis,1266,1269,3
Mycolicibacterium_elephantis,1847,1853,6
Mycolicibacterium_elephantis,1854,1863,9
Mycolicibacterium_elephantis,1865,1874,9
Mycolicibacterium_elephantis,1881,1883,2
Mycolicibacterium_elephantis,1885,1888,3
Mycolicibacterium_elephantis,1890,1898,8
Mycolicibacterium_elephantis,1902,1914,12
Mycolicibacterium_elephantis,1915,1925,10
Mycolicibacterium_elephantis,1931,1937,6
Mycolicibacterium_elephantis,2085,2086,1
Mycolicibacterium_elephantis,2699,2700,1
Mycolicibacterium_elephantis,3115,3151,36
Mycolicibacterium_elephantis,3154,3178,24
Mycolicibacterium_hippocampi,1,45,44
Mycolicibacterium_hippocampi,48,49,1
Mycolicibacterium_hippocampi,57,58,1
Mycolicibacterium_hippocampi,93,105,12
Mycolicibacterium_hippocampi,108,162,54
Mycolicibacterium_hippocampi,169,175,6
Mycolicibacterium_hippocampi,326,329,3
Mycolicibacterium_hippocampi,334,337,3
Mycolicibacterium_hippocampi,339,351,12
Mycolicibacterium_hippocampi,466,472,6
Mycolicibacterium_hippocampi,1084,1090,6
Mycolicibacterium_hippocampi,1091,1097,6
Mycolicibacterium_hippocampi,1101,1110,9
Mycolicibacterium_hippocampi,1116,1129,13
Mycolicibacterium_hippocampi,1136,1139,3
Mycolicibacterium_hippocampi,1140,1146,6
Mycolicibacterium_hippocampi,1152,1158,6
Mycolicibacterium_hippocampi,1159,1165,6
Mycolicibacterium_hippocampi,1167,1170,3
Mycolicibacterium_hippocampi,1224,1236,12
Mycolicibacterium_hippocampi,1239,1248,9
Mycolicibacterium_hippocampi,1251,1257,6
Mycolicibacterium_hippocampi,1266,1269,3
Mycolicibacterium_hippocampi,1847,1853,6
Mycolicibacterium_hippocampi,1854,1863,9
Mycolicibacterium_hippocampi,1865,1874,9
Mycolicibacterium_hippocampi,1881,1883,2
Mycolicibacterium_hippocampi,1885,1888,3
Mycolicibacterium_hippocampi,1890,1898,8
Mycolicibacterium_hippocampi,1902,1914,12
Mycolicibacterium_hippocampi,1915,1925,10
Mycolicibacterium_hippocampi,1931,1937,6
Mycolicibacterium_hippocampi,2085,2086,1
Mycolicibacterium_hippocampi,2699,2700,1
Mycolicibacterium_hippocampi,3115,3136,21
Mycolicibacterium_hippocampi,3140,3146,6
Mycolicibacterium_hippocampi,3154,3160,6
Mycolicibacterium_hippocampi,3162,3171,9
Mycolicibacillus_koreensis,1,45,44
Mycolicibacillus_koreensis,48,49,1
Mycolicibacillus_koreensis,57,58,1
Mycolicibacillus_koreensis,98,161,63
Mycolicibacillus_koreensis,169,175,6
Mycolicibacillus_koreensis,326,329,3
Mycolicibacillus_koreensis,334,337,3
Mycolicibacillus_koreensis,339,351,12
Mycolicibacillus_koreensis,466,472,6
Mycolicibacillus_koreensis,1084,1090,6
Mycolicibacillus_koreensis,1091,1097,6
Mycolicibacillus_koreensis,1101,1110,9
Mycolicibacillus_koreensis,1118,1128,10
Mycolicibacillus_koreensis,1136,1139,3
Mycolicibacillus_koreensis,1140,1146,6
Mycolicibacillus_koreensis,1152,1164,12
Mycolicibacillus_koreensis,1167,1170,3
Mycolicibacillus_koreensis,1224,1236,12
Mycolicibacillus_koreensis,1239,1248,9
Mycolicibacillus_koreensis,1251,1257,6
Mycolicibacillus_koreensis,1265,1268,3
Mycolicibacillus_koreensis,1847,1853,6
Mycolicibacillus_koreensis,1854,1863,9
Mycolicibacillus_koreensis,1865,1874,9
Mycolicibacillus_koreensis,1881,1883,2
Mycolicibacillus_koreensis,1885,1888,3
Mycolicibacillus_koreensis,1890,1898,8
Mycolicibacillus_koreensis,1902,1914,12
Mycolicibacillus_koreensis,1915,1925,10
Mycolicibacillus_koreensis,1931,1937,6
Mycolicibacillus_koreensis,2085,2086,1
Mycolicibacillus_koreensis,2699,2700,1
Mycolicibacillus_koreensis,3115,3136,21
Mycolicibacillus_koreensis,3140,3146,6
Mycolicibacillus_koreensis,3154,3178,24
Mycolicibacterium_fallax,1,45,44
Mycolicibacterium_fallax,48,49,1
Mycolicibacterium_fallax,57,58,1
Mycolicibacterium_fallax,92,164,72
Mycolicibacterium_fallax,169,175,6
Mycolicibacterium_fallax,178,181,3
Mycolicibacterium_fallax,326,329,3
Mycolicibacterium_fallax,339,351,12
Mycolicibacterium_fallax,466,472,6
Mycolicibacterium_fallax,1084,1090,6
Mycolicibacterium_fallax,1091,1097,6
Mycolicibacterium_fallax,1101,1110,9
Mycolicibacterium_fallax,1116,1129,13
Mycolicibacterium_fallax,1136,1139,3
Mycolicibacterium_fallax,1140,1146,6
Mycolicibacterium_fallax,1152,1158,6
Mycolicibacterium_fallax,1159,1165,6
Mycolicibacterium_fallax,1167,1170,3
Mycolicibacterium_fallax,1224,1236,12
Mycolicibacterium_fallax,1239,1248,9
Mycolicibacterium_fallax,1251,1257,6
Mycolicibacterium_fallax,1266,1269,3
Mycolicibacterium_fallax,1847,1853,6
Mycolicibacterium_fallax,1854,1863,9
Mycolicibacterium_fallax,1865,1874,9
Mycolicibacterium_fallax,1881,1883,2
Mycolicibacterium_fallax,1885,1888,3
Mycolicibacterium_fallax,1896,1898,2
Mycolicibacterium_fallax,1902,1914,12
Mycolicibacterium_fallax,1918,1925,7
Mycolicibacterium_fallax,1931,1937,6
Mycolicibacterium_fallax,2085,2086,1
Mycolicibacterium_fallax,2699,2700,1
Mycolicibacterium_fallax,3115,3136,21
Mycolicibacterium_fallax,3140,3146,6
Mycolicibacterium_fallax,3159,3174,15
Mycolicibacter_engbaekii,1,45,44
Mycolicibacter_engbaekii,48,49,1
Mycolicibacter_engbaekii,57,58,1
Mycolicibacter_engbaekii,98,104,6
Mycolicibacter_engbaekii,108,144,36
Mycolicibacter_engbaekii,157,163,6
Mycolicibacter_engbaekii,169,175,6
Mycolicibacter_engbaekii,334,337,3
Mycolicibacter_engbaekii,341,356,15
Mycolicibacter_engbaekii,466,472,6
Mycolicibacter_engbaekii,1084,1090,6
Mycolicibacter_engbaekii,1091,1097,6
Mycolicibacter_engbaekii,1106,1110,4
Mycolicibacter_engbaekii,1116,1122,6
Mycolicibacter_engbaekii,1136,1139,3
Mycolicibacter_engbaekii,1140,1170,30
Mycolicibacter_engbaekii,1239,1248,9
Mycolicibacter_engbaekii,1251,1257,6
Mycolicibacter_engbaekii,1847,1853,6
Mycolicibacter_engbaekii,1854,1863,9
Mycolicibacter_engbaekii,1865,1874,9
Mycolicibacter_engbaekii,1881,1883,2
Mycolicibacter_engbaekii,1885,1888,3
Mycolicibacter_engbaekii,1890,1898,8
Mycolicibacter_engbaekii,1902,1914,12
Mycolicibacter_engbaekii,1915,1925,10
Mycolicibacter_engbaekii,1931,1937,6
Mycolicibacter_engbaekii,2085,2086,1
Mycolicibacter_engbaekii,2699,2700,1
Mycolicibacter_engbaekii,3115,3136,21
Mycolicibacter_engbaekii,3140,3146,6
Mycolicibacter_engbaekii,3154,3178,24
Mycolicibacterium_rufum,1,45,44
Mycolicibacterium_rufum,48,49,1
Mycolicibacterium_rufum,57,58,1
Mycolicibacterium_rufum,92,164,72
Mycolicibacterium_rufum,167,176,9
Mycolicibacterium_rufum,326,329,3
Mycolicibacterium_rufum,334,337,3
Mycolicibacterium_rufum,339,351,12
Mycolicibacterium_rufum,466,472,6
Mycolicibacterium_rufum,1084,1090,6
Mycolicibacterium_rufum,1091,1097,6
Mycolicibacterium_rufum,1101,1110,9
Mycolicibacterium_rufum,1116,1129,13
Mycolicibacterium_rufum,1136,1139,3
Mycolicibacterium_rufum,1140,1146,6
Mycolicibacterium_rufum,1152,1158,6
Mycolicibacterium_rufum,1159,1165,6
Mycolicibacterium_rufum,1167,1170,3
Mycolicibacterium_rufum,1224,1236,12
Mycolicibacterium_rufum,1239,1248,9
Mycolicibacterium_rufum,1251,1257,6
Mycolicibacterium_rufum,1266,1269,3
Mycolicibacterium_rufum,1847,1853,6
Mycolicibacterium_rufum,1854,1863,9
Mycolicibacterium_rufum,1865,1874,9
Mycolicibacterium_rufum,1881,1883,2
Mycolicibacterium_rufum,1885,1888,3
Mycolicibacterium_rufum,1890,1898,8
Mycolicibacterium_rufum,1902,1914,12
Mycolicibacterium_rufum,1915,1925,10
Mycolicibacterium_rufum,1931,1937,6
Mycolicibacterium_rufum,2085,2086,1
Mycolicibacterium_rufum,2699,2700,1
Mycolicibacterium_rufum,3115,3151,36
Mycolicibacterium_rufum,3154,3178,24
Mycobacterium_neumannii,1,45,44
Mycobacterium_neumannii,48,49,1
Mycobacterium_neumannii,57,58,1
Mycobacterium_neumannii,93,162,69
Mycobacterium_neumannii,169,175,6
Mycobacterium_neumannii,326,329,3
Mycobacterium_neumannii,334,337,3
Mycobacterium_neumannii,339,351,12
Mycobacterium_neumannii,466,472,6
Mycobacterium_neumannii,1091,1097,6
Mycobacterium_neumannii,1101,1110,9
Mycobacterium_neumannii,1116,1129,13
Mycobacterium_neumannii,1136,1139,3
Mycobacterium_neumannii,1140,1146,6
Mycobacterium_neumannii,1147,1150,3
Mycobacterium_neumannii,1152,1158,6
Mycobacterium_neumannii,1159,1165,6
Mycobacterium_neumannii,1167,1170,3
Mycobacterium_neumannii,1224,1236,12
Mycobacterium_neumannii,1239,1248,9
Mycobacterium_neumannii,1251,1257,6
Mycobacterium_neumannii,1266,1269,3
Mycobacterium_neumannii,1847,1853,6
Mycobacterium_neumannii,1854,1863,9
Mycobacterium_neumannii,1865,1874,9
Mycobacterium_neumannii,1881,1883,2
Mycobacterium_neumannii,1885,1888,3
Mycobacterium_neumannii,1890,1898,8
Mycobacterium_neumannii,1902,1914,12
Mycobacterium_neumannii,1915,1925,10
Mycobacterium_neumannii,1931,1937,6
Mycobacterium_neumannii,2085,2086,1
Mycobacterium_neumannii,2699,2700,1
Mycobacterium_neumannii,3115,3151,36
Mycobacterium_neumannii,3154,3178,24
Mycobacterium_lehmannii,1,45,44
Mycobacterium_lehmannii,48,49,1
Mycobacterium_lehmannii,57,58,1
Mycobacterium_lehmannii,93,162,69
Mycobacterium_lehmannii,169,175,6
Mycobacterium_lehmannii,326,329,3
Mycobacterium_lehmannii,334,337,3
Mycobacterium_lehmannii,339,351,12
Mycobacterium_lehmannii,466,472,6
Mycobacterium_lehmannii,1091,1097,6
Mycobacterium_lehmannii,1101,1110,9
Mycobacterium_lehmannii,1116,1129,13
Mycobacterium_lehmannii,1136,1139,3
Mycobacterium_lehmannii,1140,1146,6
Mycobacterium_lehmannii,1147,1150,3
Mycobacterium_lehmannii,1152,1158,6
Mycobacterium_lehmannii,1159,1165,6
Mycobacterium_lehmannii,1167,1170,3
Mycobacterium_lehmannii,1224,1236,12
Mycobacterium_lehmannii,1239,1248,9
Mycobacterium_lehmannii,1251,1257,6
Mycobacterium_lehmannii,1266,1269,3
Mycobacterium_lehmannii,1847,1853,6
Mycobacterium_lehmannii,1854,1863,9
Mycobacterium_lehmannii,1865,1874,9
Mycobacterium_lehmannii,1881,1883,2
Mycobacterium_lehmannii,1885,1888,3
Mycobacterium_lehmannii,1890,1898,8
Mycobacterium_lehmannii,1902,1914,12
Mycobacterium_lehmannii,1915,1925,10
Mycobacterium_lehmannii,1931,1937,6
Mycobacterium_lehmannii,2085,2086,1
Mycobacterium_lehmannii,2699,2700,1
Mycobacterium_lehmannii,3115,3151,36
Mycobacterium_lehmannii,3154,3178,24
Mycolicibacterium_austroafricanum,1,45,44
Mycolicibacterium_austroafricanum,48,49,1
Mycolicibacterium_austroafricanum,57,58,1
Mycolicibacterium_austroafricanum,91,166,75
Mycolicibacterium_austroafricanum,169,175,6
Mycolicibacterium_austroafricanum,326,329,3
Mycolicibacterium_austroafricanum,334,337,3
Mycolicibacterium_austroafricanum,339,351,12
Mycolicibacterium_austroafricanum,466,472,6
Mycolicibacterium_austroafricanum,1084,1090,6
Mycolicibacterium_austroafricanum,1091,1097,6
Mycolicibacterium_austroafricanum,1101,1110,9
Mycolicibacterium_austroafricanum,1116,1129,13
Mycolicibacterium_austroafricanum,1136,1139,3
Mycolicibacterium_austroafricanum,1140,1146,6
Mycolicibacterium_austroafricanum,1152,1158,6
Mycolicibacterium_austroafricanum,1159,1165,6
Mycolicibacterium_austroafricanum,1167,1170,3
Mycolicibacterium_austroafricanum,1224,1236,12
Mycolicibacterium_austroafricanum,1239,1248,9
Mycolicibacterium_austroafricanum,1251,1257,6
Mycolicibacterium_austroafricanum,1266,1269,3
Mycolicibacterium_austroafricanum,1847,1853,6
Mycolicibacterium_austroafricanum,1854,1863,9
Mycolicibacterium_austroafricanum,1865,1874,9
Mycolicibacterium_austroafricanum,1881,1883,2
Mycolicibacterium_austroafricanum,1885,1888,3
Mycolicibacterium_austroafricanum,1890,1898,8
Mycolicibacterium_austroafricanum,1902,1914,12
Mycolicibacterium_austroafricanum,1915,1925,10
Mycolicibacterium_austroafricanum,1931,1937,6
Mycolicibacterium_austroafricanum,2085,2086,1
Mycolicibacterium_austroafricanum,2699,2700,1
Mycolicibacterium_austroafricanum,3115,3136,21
Mycolicibacterium_austroafricanum,3140,3146,6
Mycolicibacterium_austroafricanum,3154,3178,24
Mycolicibacterium_porcinum,1,65,64
Mycolicibacterium_porcinum,87,90,3
Mycolicibacterium_porcinum,93,105,12
Mycolicibacterium_porcinum,108,162,54
Mycolicibacterium_porcinum,169,175,6
Mycolicibacterium_porcinum,326,329,3
Mycolicibacterium_porcinum,334,337,3
Mycolicibacterium_porcinum,339,351,12
Mycolicibacterium_porcinum,466,472,6
Mycolicibacterium_porcinum,1084,1090,6
Mycolicibacterium_porcinum,1091,1097,6
Mycolicibacterium_porcinum,1101,1110,9
Mycolicibacterium_porcinum,1116,1129,13
Mycolicibacterium_porcinum,1136,1139,3
Mycolicibacterium_porcinum,1140,1146,6
Mycolicibacterium_porcinum,1152,1158,6
Mycolicibacterium_porcinum,1159,1165,6
Mycolicibacterium_porcinum,1167,1170,3
Mycolicibacterium_porcinum,1224,1236,12
Mycolicibacterium_porcinum,1239,1248,9
Mycolicibacterium_porcinum,1251,1257,6
Mycolicibacterium_porcinum,1266,1269,3
Mycolicibacterium_porcinum,1847,1853,6
Mycolicibacterium_porcinum,1854,1863,9
Mycolicibacterium_porcinum,1865,1874,9
Mycolicibacterium_porcinum,1881,1883,2
Mycolicibacterium_porcinum,1885,1888,3
Mycolicibacterium_porcinum,1890,1898,8
Mycolicibacterium_porcinum,1902,1914,12
Mycolicibacterium_porcinum,1915,1925,10
Mycolicibacterium_porcinum,1931,1937,6
Mycolicibacterium_porcinum,2085,2086,1
Mycolicibacterium_porcinum,2699,2700,1
Mycolicibacterium_porcinum,3115,3136,21
Mycolicibacterium_porcinum,3140,3146,6
Mycolicibacterium_porcinum,3154,3178,24
Mycolicibacterium_rutilum,1,45,44
Mycolicibacterium_rutilum,48,49,1
Mycolicibacterium_rutilum,57,58,1
Mycolicibacterium_rutilum,93,162,69
Mycolicibacterium_rutilum,169,175,6
Mycolicibacterium_rutilum,326,329,3
Mycolicibacterium_rutilum,334,337,3
Mycolicibacterium_rutilum,339,351,12
Mycolicibacterium_rutilum,466,472,6
Mycolicibacterium_rutilum,1091,1097,6
Mycolicibacterium_rutilum,1101,1110,9
Mycolicibacterium_rutilum,1116,1129,13
Mycolicibacterium_rutilum,1136,1139,3
Mycolicibacterium_rutilum,1140,1146,6
Mycolicibacterium_rutilum,1147,1150,3
Mycolicibacterium_rutilum,1152,1158,6
Mycolicibacterium_rutilum,1159,1165,6
Mycolicibacterium_rutilum,1167,1170,3
Mycolicibacterium_rutilum,1224,1236,12
Mycolicibacterium_rutilum,1239,1248,9
Mycolicibacterium_rutilum,1251,1257,6
Mycolicibacterium_rutilum,1266,1269,3
Mycolicibacterium_rutilum,1847,1853,6
Mycolicibacterium_rutilum,1854,1863,9
Mycolicibacterium_rutilum,1865,1874,9
Mycolicibacterium_rutilum,1881,1883,2
Mycolicibacterium_rutilum,1885,1888,3
Mycolicibacterium_rutilum,1890,1898,8
Mycolicibacterium_rutilum,1902,1914,12
Mycolicibacterium_rutilum,1915,1925,10
Mycolicibacterium_rutilum,1931,1937,6
Mycolicibacterium_rutilum,2085,2086,1
Mycolicibacterium_rutilum,2699,2700,1
Mycolicibacterium_rutilum,3115,3151,36
Mycolicibacterium_rutilum,3154,3178,24
Mycobacterium_dioxanotrophicus,1,45,44
Mycobacterium_dioxanotrophicus,48,49,1
Mycobacterium_dioxanotrophicus,57,58,1
Mycobacterium_dioxanotrophicus,87,90,3
Mycobacterium_dioxanotrophicus,93,105,12
Mycobacterium_dioxanotrophicus,108,162,54
Mycobacterium_dioxanotrophicus,169,175,6
Mycobacterium_dioxanotrophicus,326,329,3
Mycobacterium_dioxanotrophicus,334,337,3
Mycobacterium_dioxanotrophicus,339,351,12
Mycobacterium_dioxanotrophicus,466,472,6
Mycobacterium_dioxanotrophicus,1084,1090,6
Mycobacterium_dioxanotrophicus,1091,1097,6
Mycobacterium_dioxanotrophicus,1101,1110,9
Mycobacterium_dioxanotrophicus,1116,1129,13
Mycobacterium_dioxanotrophicus,1136,1139,3
Mycobacterium_dioxanotrophicus,1140,1146,6
Mycobacterium_dioxanotrophicus,1152,1158,6
Mycobacterium_dioxanotrophicus,1159,1165,6
Mycobacterium_dioxanotrophicus,1167,1170,3
Mycobacterium_dioxanotrophicus,1224,1236,12
Mycobacterium_dioxanotrophicus,1239,1248,9
Mycobacterium_dioxanotrophicus,1251,1257,6
Mycobacterium_dioxanotrophicus,1266,1269,3
Mycobacterium_dioxanotrophicus,1847,1853,6
Mycobacterium_dioxanotrophicus,1865,1874,9
Mycobacterium_dioxanotrophicus,1881,1883,2
Mycobacterium_dioxanotrophicus,1885,1888,3
Mycobacterium_dioxanotrophicus,1890,1898,8
Mycobacterium_dioxanotrophicus,1902,1914,12
Mycobacterium_dioxanotrophicus,1915,1925,10
Mycobacterium_dioxanotrophicus,1931,1937,6
Mycobacterium_dioxanotrophicus,2085,2086,1
Mycobacterium_dioxanotrophicus,2699,2700,1
Mycobacterium_dioxanotrophicus,3115,3136,21
Mycobacterium_dioxanotrophicus,3140,3146,6
Mycobacterium_dioxanotrophicus,3154,3178,24
Mycolicibacterium_brisbanense,1,65,64
Mycolicibacterium_brisbanense,87,90,3
Mycolicibacterium_brisbanense,93,105,12
Mycolicibacterium_brisbanense,108,162,54
Mycolicibacterium_brisbanense,169,175,6
Mycolicibacterium_brisbanense,326,329,3
Mycolicibacterium_brisbanense,334,337,3
Mycolicibacterium_brisbanense,339,351,12
Mycolicibacterium_brisbanense,466,472,6
Mycolicibacterium_brisbanense,1084,1090,6
Mycolicibacterium_brisbanense,1091,1097,6
Mycolicibacterium_brisbanense,1101,1110,9
Mycolicibacterium_brisbanense,1116,1129,13
Mycolicibacterium_brisbanense,1136,1139,3
Mycolicibacterium_brisbanense,1140,1146,6
Mycolicibacterium_brisbanense,1152,1158,6
Mycolicibacterium_brisbanense,1159,1165,6
Mycolicibacterium_brisbanense,1167,1170,3
Mycolicibacterium_brisbanense,1224,1236,12
Mycolicibacterium_brisbanense,1239,1248,9
Mycolicibacterium_brisbanense,1251,1257,6
Mycolicibacterium_brisbanense,1266,1269,3
Mycolicibacterium_brisbanense,1847,1853,6
Mycolicibacterium_brisbanense,1854,1863,9
Mycolicibacterium_brisbanense,1865,1874,9
Mycolicibacterium_brisbanense,1881,1883,2
Mycolicibacterium_brisbanense,1885,1888,3
Mycolicibacterium_brisbanense,1890,1898,8
Mycolicibacterium_brisbanense,1902,1914,12
Mycolicibacterium_brisbanense,1915,1925,10
Mycolicibacterium_brisbanense,1931,1937,6
Mycolicibacterium_brisbanense,2085,2086,1
Mycolicibacterium_brisbanense,2699,2700,1
Mycolicibacterium_brisbanense,3115,3136,21
Mycolicibacterium_brisbanense,3140,3146,6
Mycolicibacterium_brisbanense,3154,3178,24
Mycolicibacterium_pyrenivorans,1,49,48
Mycolicibacterium_pyrenivorans,57,58,1
Mycolicibacterium_pyrenivorans,93,105,12
Mycolicibacterium_pyrenivorans,108,162,54
Mycolicibacterium_pyrenivorans,169,175,6
Mycolicibacterium_pyrenivorans,326,329,3
Mycolicibacterium_pyrenivorans,334,337,3
Mycolicibacterium_pyrenivorans,339,351,12
Mycolicibacterium_pyrenivorans,466,472,6
Mycolicibacterium_pyrenivorans,1084,1090,6
Mycolicibacterium_pyrenivorans,1091,1097,6
Mycolicibacterium_pyrenivorans,1101,1110,9
Mycolicibacterium_pyrenivorans,1116,1129,13
Mycolicibacterium_pyrenivorans,1136,1139,3
Mycolicibacterium_pyrenivorans,1140,1146,6
Mycolicibacterium_pyrenivorans,1152,1158,6
Mycolicibacterium_pyrenivorans,1159,1165,6
Mycolicibacterium_pyrenivorans,1167,1170,3
Mycolicibacterium_pyrenivorans,1224,1236,12
Mycolicibacterium_pyrenivorans,1239,1248,9
Mycolicibacterium_pyrenivorans,1251,1257,6
Mycolicibacterium_pyrenivorans,1266,1269,3
Mycolicibacterium_pyrenivorans,1847,1853,6
Mycolicibacterium_pyrenivorans,1854,1863,9
Mycolicibacterium_pyrenivorans,1865,1874,9
Mycolicibacterium_pyrenivorans,1881,1883,2
Mycolicibacterium_pyrenivorans,1885,1888,3
Mycolicibacterium_pyrenivorans,1902,1914,12
Mycolicibacterium_pyrenivorans,1917,1923,6
Mycolicibacterium_pyrenivorans,1931,1937,6
Mycolicibacterium_pyrenivorans,2085,2086,1
Mycolicibacterium_pyrenivorans,2699,2700,1
Mycolicibacterium_pyrenivorans,3115,3136,21
Mycolicibacterium_pyrenivorans,3140,3146,6
Mycolicibacterium_pyrenivorans,3154,3178,24
Mycolicibacterium_crocinum,1,45,44
Mycolicibacterium_crocinum,48,49,1
Mycolicibacterium_crocinum,57,58,1
Mycolicibacterium_crocinum,92,164,72
Mycolicibacterium_crocinum,169,175,6
Mycolicibacterium_crocinum,326,329,3
Mycolicibacterium_crocinum,334,337,3
Mycolicibacterium_crocinum,339,351,12
Mycolicibacterium_crocinum,466,472,6
Mycolicibacterium_crocinum,1084,1090,6
Mycolicibacterium_crocinum,1091,1097,6
Mycolicibacterium_crocinum,1101,1110,9
Mycolicibacterium_crocinum,1116,1129,13
Mycolicibacterium_crocinum,1136,1139,3
Mycolicibacterium_crocinum,1140,1146,6
Mycolicibacterium_crocinum,1152,1158,6
Mycolicibacterium_crocinum,1159,1165,6
Mycolicibacterium_crocinum,1167,1170,3
Mycolicibacterium_crocinum,1224,1236,12
Mycolicibacterium_crocinum,1239,1248,9
Mycolicibacterium_crocinum,1251,1257,6
Mycolicibacterium_crocinum,1266,1269,3
Mycolicibacterium_crocinum,1847,1853,6
Mycolicibacterium_crocinum,1854,1863,9
Mycolicibacterium_crocinum,1865,1874,9
Mycolicibacterium_crocinum,1881,1883,2
Mycolicibacterium_crocinum,1885,1888,3
Mycolicibacterium_crocinum,1890,1898,8
Mycolicibacterium_crocinum,1902,1914,12
Mycolicibacterium_crocinum,1915,1925,10
Mycolicibacterium_crocinum,1931,1937,6
Mycolicibacterium_crocinum,2085,2086,1
Mycolicibacterium_crocinum,2699,2700,1
Mycolicibacterium_crocinum,3115,3151,36
Mycolicibacterium_crocinum,3154,3178,24
Mycolicibacterium_vanbaalenii,1,45,44
Mycolicibacterium_vanbaalenii,48,49,1
Mycolicibacterium_vanbaalenii,57,58,1
Mycolicibacterium_vanbaalenii,91,166,75
Mycolicibacterium_vanbaalenii,169,175,6
Mycolicibacterium_vanbaalenii,326,329,3
Mycolicibacterium_vanbaalenii,334,337,3
Mycolicibacterium_vanbaalenii,339,351,12
Mycolicibacterium_vanbaalenii,466,472,6
Mycolicibacterium_vanbaalenii,1084,1090,6
Mycolicibacterium_vanbaalenii,1091,1097,6
Mycolicibacterium_vanbaalenii,1101,1110,9
Mycolicibacterium_vanbaalenii,1116,1129,13
Mycolicibacterium_vanbaalenii,1136,1139,3
Mycolicibacterium_vanbaalenii,1140,1146,6
Mycolicibacterium_vanbaalenii,1152,1158,6
Mycolicibacterium_vanbaalenii,1159,1165,6
Mycolicibacterium_vanbaalenii,1167,1170,3
Mycolicibacterium_vanbaalenii,1224,1236,12
Mycolicibacterium_vanbaalenii,1239,1248,9
Mycolicibacterium_vanbaalenii,1251,1257,6
Mycolicibacterium_vanbaalenii,1266,1269,3
Mycolicibacterium_vanbaalenii,1847,1853,6
Mycolicibacterium_vanbaalenii,1854,1863,9
Mycolicibacterium_vanbaalenii,1865,1874,9
Mycolicibacterium_vanbaalenii,1881,1883,2
Mycolicibacterium_vanbaalenii,1885,1888,3
Mycolicibacterium_vanbaalenii,1890,1898,8
Mycolicibacterium_vanbaalenii,1902,1914,12
Mycolicibacterium_vanbaalenii,1915,1925,10
Mycolicibacterium_vanbaalenii,1931,1937,6
Mycolicibacterium_vanbaalenii,2085,2086,1
Mycolicibacterium_vanbaalenii,2699,2700,1
Mycolicibacterium_vanbaalenii,3115,3136,21
Mycolicibacterium_vanbaalenii,3140,3146,6
Mycolicibacterium_vanbaalenii,3154,3178,24
Mycolicibacterium_litorale,1,45,44
Mycolicibacterium_litorale,48,49,1
Mycolicibacterium_litorale,57,58,1
Mycolicibacterium_litorale,93,105,12
Mycolicibacterium_litorale,108,162,54
Mycolicibacterium_litorale,169,175,6
Mycolicibacterium_litorale,326,329,3
Mycolicibacterium_litorale,334,337,3
Mycolicibacterium_litorale,339,351,12
Mycolicibacterium_litorale,466,472,6
Mycolicibacterium_litorale,1084,1090,6
Mycolicibacterium_litorale,1091,1097,6
Mycolicibacterium_litorale,1101,1110,9
Mycolicibacterium_litorale,1116,1129,13
Mycolicibacterium_litorale,1136,1139,3
Mycolicibacterium_litorale,1140,1146,6
Mycolicibacterium_litorale,1152,1158,6
Mycolicibacterium_litorale,1159,1165,6
Mycolicibacterium_litorale,1167,1170,3
Mycolicibacterium_litorale,1224,1236,12
Mycolicibacterium_litorale,1239,1248,9
Mycolicibacterium_litorale,1251,1257,6
Mycolicibacterium_litorale,1266,1269,3
Mycolicibacterium_litorale,1847,1853,6
Mycolicibacterium_litorale,1854,1863,9
Mycolicibacterium_litorale,1865,1874,9
Mycolicibacterium_litorale,1881,1883,2
Mycolicibacterium_litorale,1885,1888,3
Mycolicibacterium_litorale,1890,1898,8
Mycolicibacterium_litorale,1902,1914,12
Mycolicibacterium_litorale,1915,1925,10
Mycolicibacterium_litorale,1931,1937,6
Mycolicibacterium_litorale,2085,2086,1
Mycolicibacterium_litorale,2699,2700,1
Mycolicibacterium_litorale,3115,3136,21
Mycolicibacterium_litorale,3154,3178,24
Mycolicibacterium_pallens,1,45,44
Mycolicibacterium_pallens,48,49,1
Mycolicibacterium_pallens,57,58,1
Mycolicibacterium_pallens,92,164,72
Mycolicibacterium_pallens,169,175,6
Mycolicibacterium_pallens,326,329,3
Mycolicibacterium_pallens,334,337,3
Mycolicibacterium_pallens,339,351,12
Mycolicibacterium_pallens,466,472,6
Mycolicibacterium_pallens,1084,1090,6
Mycolicibacterium_pallens,1091,1097,6
Mycolicibacterium_pallens,1101,1110,9
Mycolicibacterium_pallens,1116,1129,13
Mycolicibacterium_pallens,1136,1139,3
Mycolicibacterium_pallens,1140,1146,6
Mycolicibacterium_pallens,1152,1158,6
Mycolicibacterium_pallens,1159,1165,6
Mycolicibacterium_pallens,1167,1170,3
Mycolicibacterium_pallens,1224,1236,12
Mycolicibacterium_pallens,1239,1248,9
Mycolicibacterium_pallens,1251,1257,6
Mycolicibacterium_pallens,1266,1269,3
Mycolicibacterium_pallens,1847,1853,6
Mycolicibacterium_pallens,1854,1863,9
Mycolicibacterium_pallens,1865,1874,9
Mycolicibacterium_pallens,1881,1883,2
Mycolicibacterium_pallens,1885,1888,3
Mycolicibacterium_pallens,1890,1898,8
Mycolicibacterium_pallens,1902,1914,12
Mycolicibacterium_pallens,1915,1925,10
Mycolicibacterium_pallens,1931,1937,6
Mycolicibacterium_pallens,2085,2086,1
Mycolicibacterium_pallens,2699,2700,1
Mycolicibacterium_pallens,3115,3151,36
Mycolicibacterium_pallens,3154,3178,24
Mycolicibacter_arupensis,1,45,44
Mycolicibacter_arupensis,48,49,1
Mycolicibacter_arupensis,57,58,1
Mycolicibacter_arupensis,98,104,6
Mycolicibacter_arupensis,108,144,36
Mycolicibacter_arupensis,157,163,6
Mycolicibacter_arupensis,169,175,6
Mycolicibacter_arupensis,334,337,3
Mycolicibacter_arupensis,341,356,15
Mycolicibacter_arupensis,466,472,6
Mycolicibacter_arupensis,1084,1090,6
Mycolicibacter_arupensis,1091,1097,6
Mycolicibacter_arupensis,1106,1110,4
Mycolicibacter_arupensis,1116,1122,6
Mycolicibacter_arupensis,1136,1139,3
Mycolicibacter_arupensis,1140,1170,30
Mycolicibacter_arupensis,1239,1248,9
Mycolicibacter_arupensis,1847,1853,6
Mycolicibacter_arupensis,1854,1863,9
Mycolicibacter_arupensis,1865,1874,9
Mycolicibacter_arupensis,1881,1883,2
Mycolicibacter_arupensis,1885,1888,3
Mycolicibacter_arupensis,1890,1898,8
Mycolicibacter_arupensis,1902,1914,12
Mycolicibacter_arupensis,1915,1925,10
Mycolicibacter_arupensis,1931,1937,6
Mycolicibacter_arupensis,2085,2086,1
Mycolicibacter_arupensis,2699,2700,1
Mycolicibacter_arupensis,3115,3136,21
Mycolicibacter_arupensis,3140,3146,6
Mycolicibacter_arupensis,3154,3178,24
Mycobacterium_paraterrae,1,65,64
Mycobacterium_paraterrae,98,104,6
Mycobacterium_paraterrae,106,166,60
Mycobacterium_paraterrae,326,329,3
Mycobacterium_paraterrae,334,337,3
Mycobacterium_paraterrae,339,351,12
Mycobacterium_paraterrae,466,472,6
Mycobacterium_paraterrae,1084,1090,6
Mycobacterium_paraterrae,1091,1097,6
Mycobacterium_paraterrae,1104,1129,25
Mycobacterium_paraterrae,1136,1139,3
Mycobacterium_paraterrae,1140,1146,6
Mycobacterium_paraterrae,1152,1158,6
Mycobacterium_paraterrae,1167,1170,3
Mycobacterium_paraterrae,1224,1236,12
Mycobacterium_paraterrae,1239,1248,9
Mycobacterium_paraterrae,1251,1257,6
Mycobacterium_paraterrae,1265,1268,3
Mycobacterium_paraterrae,1847,1853,6
Mycobacterium_paraterrae,1854,1863,9
Mycobacterium_paraterrae,1865,1874,9
Mycobacterium_paraterrae,1881,1883,2
Mycobacterium_paraterrae,1885,1888,3
Mycobacterium_paraterrae,1890,1898,8
Mycobacterium_paraterrae,1902,1914,12
Mycobacterium_paraterrae,1915,1925,10
Mycobacterium_paraterrae,1931,1937,6
Mycobacterium_paraterrae,2085,2086,1
Mycobacterium_paraterrae,2699,2700,1
Mycobacterium_paraterrae,3115,3151,36
Mycobacterium_paraterrae,3154,3178,24
Mycolicibacterium_celeriflavum,1,45,44
Mycolicibacterium_celeriflavum,48,49,1
Mycolicibacterium_celeriflavum,57,58,1
Mycolicibacterium_celeriflavum,93,162,69
Mycolicibacterium_celeriflavum,169,175,6
Mycolicibacterium_celeriflavum,326,329,3
Mycolicibacterium_celeriflavum,334,337,3
Mycolicibacterium_celeriflavum,339,351,12
Mycolicibacterium_celeriflavum,466,472,6
Mycolicibacterium_celeriflavum,1091,1097,6
Mycolicibacterium_celeriflavum,1101,1110,9
Mycolicibacterium_celeriflavum,1116,1129,13
Mycolicibacterium_celeriflavum,1136,1139,3
Mycolicibacterium_celeriflavum,1140,1146,6
Mycolicibacterium_celeriflavum,1147,1150,3
Mycolicibacterium_celeriflavum,1152,1158,6
Mycolicibacterium_celeriflavum,1159,1165,6
Mycolicibacterium_celeriflavum,1167,1170,3
Mycolicibacterium_celeriflavum,1224,1236,12
Mycolicibacterium_celeriflavum,1239,1248,9
Mycolicibacterium_celeriflavum,1251,1257,6
Mycolicibacterium_celeriflavum,1266,1269,3
Mycolicibacterium_celeriflavum,1847,1853,6
Mycolicibacterium_celeriflavum,1854,1863,9
Mycolicibacterium_celeriflavum,1865,1874,9
Mycolicibacterium_celeriflavum,1881,1883,2
Mycolicibacterium_celeriflavum,1885,1888,3
Mycolicibacterium_celeriflavum,1890,1898,8
Mycolicibacterium_celeriflavum,1902,1914,12
Mycolicibacterium_celeriflavum,1915,1925,10
Mycolicibacterium_celeriflavum,1931,1937,6
Mycolicibacterium_celeriflavum,2085,2086,1
Mycolicibacterium_celeriflavum,2699,2700,1
Mycolicibacterium_celeriflavum,3115,3151,36
Mycolicibacterium_celeriflavum,3154,3178,24
Mycolicibacter_nonchromogenicus,1,45,44
Mycolicibacter_nonchromogenicus,48,49,1
Mycolicibacter_nonchromogenicus,57,58,1
Mycolicibacter_nonchromogenicus,98,104,6
Mycolicibacter_nonchromogenicus,108,144,36
Mycolicibacter_nonchromogenicus,157,163,6
Mycolicibacter_nonchromogenicus,169,175,6
Mycolicibacter_nonchromogenicus,334,337,3
Mycolicibacter_nonchromogenicus,341,356,15
Mycolicibacter_nonchromogenicus,466,472,6
Mycolicibacter_nonchromogenicus,1084,1090,6
Mycolicibacter_nonchromogenicus,1091,1097,6
Mycolicibacter_nonchromogenicus,1106,1110,4
Mycolicibacter_nonchromogenicus,1116,1122,6
Mycolicibacter_nonchromogenicus,1136,1139,3
Mycolicibacter_nonchromogenicus,1140,1170,30
Mycolicibacter_nonchromogenicus,1239,1248,9
Mycolicibacter_nonchromogenicus,1251,1257,6
Mycolicibacter_nonchromogenicus,1847,1853,6
Mycolicibacter_nonchromogenicus,1854,1863,9
Mycolicibacter_nonchromogenicus,1865,1874,9
Mycolicibacter_nonchromogenicus,1881,1883,2
Mycolicibacter_nonchromogenicus,1885,1888,3
Mycolicibacter_nonchromogenicus,1890,1898,8
Mycolicibacter_nonchromogenicus,1902,1914,12
Mycolicibacter_nonchromogenicus,1915,1925,10
Mycolicibacter_nonchromogenicus,1931,1937,6
Mycolicibacter_nonchromogenicus,2085,2086,1
Mycolicibacter_nonchromogenicus,2699,2700,1
Mycolicibacter_nonchromogenicus,3115,3136,21
Mycolicibacter_nonchromogenicus,3140,3146,6
Mycolicibacter_nonchromogenicus,3154,3178,24
Mycolicibacter_senuensis,1,45,44
Mycolicibacter_senuensis,48,49,1
Mycolicibacter_senuensis,57,58,1
Mycolicibacter_senuensis,98,104,6
Mycolicibacter_senuensis,108,144,36
Mycolicibacter_senuensis,157,163,6
Mycolicibacter_senuensis,169,175,6
Mycolicibacter_senuensis,334,337,3
Mycolicibacter_senuensis,341,356,15
Mycolicibacter_senuensis,466,472,6
Mycolicibacter_senuensis,1084,1090,6
Mycolicibacter_senuensis,1091,1097,6
Mycolicibacter_senuensis,1106,1110,4
Mycolicibacter_senuensis,1116,1122,6
Mycolicibacter_senuensis,1136,1139,3
Mycolicibacter_senuensis,1140,1170,30
Mycolicibacter_senuensis,1239,1248,9
Mycolicibacter_senuensis,1251,1257,6
Mycolicibacter_senuensis,1847,1853,6
Mycolicibacter_senuensis,1854,1863,9
Mycolicibacter_senuensis,1865,1874,9
Mycolicibacter_senuensis,1881,1883,2
Mycolicibacter_senuensis,1885,1888,3
Mycolicibacter_senuensis,1890,1898,8
Mycolicibacter_senuensis,1902,1914,12
Mycolicibacter_senuensis,1915,1925,10
Mycolicibacter_senuensis,1931,1937,6
Mycolicibacter_senuensis,2085,2086,1
Mycolicibacter_senuensis,2699,2700,1
Mycolicibacter_senuensis,3115,3136,21
Mycolicibacter_senuensis,3140,3146,6
Mycolicibacter_senuensis,3154,3178,24
Mycobacterium_botniense,1,45,44
Mycobacterium_botniense,48,49,1
Mycobacterium_botniense,57,58,1
Mycobacterium_botniense,98,161,63
Mycobacterium_botniense,169,175,6
Mycobacterium_botniense,326,329,3
Mycobacterium_botniense,334,337,3
Mycobacterium_botniense,339,351,12
Mycobacterium_botniense,466,472,6
Mycobacterium_botniense,1084,1090,6
Mycobacterium_botniense,1091,1097,6
Mycobacterium_botniense,1101,1129,28
Mycobacterium_botniense,1136,1139,3
Mycobacterium_botniense,1140,1146,6
Mycobacterium_botniense,1152,1164,12
Mycobacterium_botniense,1167,1170,3
Mycobacterium_botniense,1224,1236,12
Mycobacterium_botniense,1239,1248,9
Mycobacterium_botniense,1251,1257,6
Mycobacterium_botniense,1265,1268,3
Mycobacterium_botniense,1847,1853,6
Mycobacterium_botniense,1854,1863,9
Mycobacterium_botniense,1865,1874,9
Mycobacterium_botniense,1881,1883,2
Mycobacterium_botniense,1885,1888,3
Mycobacterium_botniense,1890,1898,8
Mycobacterium_botniense,1902,1914,12
Mycobacterium_botniense,1915,1925,10
Mycobacterium_botniense,1931,1937,6
Mycobacterium_botniense,2085,2086,1
Mycobacterium_botniense,2699,2700,1
Mycobacterium_botniense,3115,3136,21
Mycobacterium_botniense,3140,3146,6
Mycobacterium_botniense,3154,3178,24
Mycolicibacterium_senegalense,1,45,44
Mycolicibacterium_senegalense,48,49,1
Mycolicibacterium_senegalense,57,58,1
Mycolicibacterium_senegalense,93,105,12
Mycolicibacterium_senegalense,108,162,54
Mycolicibacterium_senegalense,169,175,6
Mycolicibacterium_senegalense,326,329,3
Mycolicibacterium_senegalense,334,337,3
Mycolicibacterium_senegalense,339,351,12
Mycolicibacterium_senegalense,466,472,6
Mycolicibacterium_senegalense,1084,1090,6
Mycolicibacterium_senegalense,1091,1097,6
Mycolicibacterium_senegalense,1101,1110,9
Mycolicibacterium_senegalense,1116,1129,13
Mycolicibacterium_senegalense,1136,1139,3
Mycolicibacterium_senegalense,1140,1146,6
Mycolicibacterium_senegalense,1152,1158,6
Mycolicibacterium_senegalense,1159,1165,6
Mycolicibacterium_senegalense,1167,1170,3
Mycolicibacterium_senegalense,1224,1236,12
Mycolicibacterium_senegalense,1239,1248,9
Mycolicibacterium_senegalense,1251,1257,6
Mycolicibacterium_senegalense,1266,1269,3
Mycolicibacterium_senegalense,1847,1853,6
Mycolicibacterium_senegalense,1854,1863,9
Mycolicibacterium_senegalense,1865,1874,9
Mycolicibacterium_senegalense,1881,1883,2
Mycolicibacterium_senegalense,1885,1888,3
Mycolicibacterium_senegalense,1890,1898,8
Mycolicibacterium_senegalense,1902,1914,12
Mycolicibacterium_senegalense,1915,1925,10
Mycolicibacterium_senegalense,1931,1937,6
Mycolicibacterium_senegalense,2085,2086,1
Mycolicibacterium_senegalense,2699,2700,1
Mycolicibacterium_senegalense,3115,3136,21
Mycolicibacterium_senegalense,3140,3146,6
Mycolicibacterium_senegalense,3154,3178,24
Mycolicibacterium_duvalii,1,45,44
Mycolicibacterium_duvalii,48,49,1
Mycolicibacterium_duvalii,57,58,1
Mycolicibacterium_duvalii,93,105,12
Mycolicibacterium_duvalii,108,162,54
Mycolicibacterium_duvalii,169,175,6
Mycolicibacterium_duvalii,326,329,3
Mycolicibacterium_duvalii,334,337,3
Mycolicibacterium_duvalii,339,351,12
Mycolicibacterium_duvalii,466,472,6
Mycolicibacterium_duvalii,1084,1090,6
Mycolicibacterium_duvalii,1091,1097,6
Mycolicibacterium_duvalii,1101,1110,9
Mycolicibacterium_duvalii,1116,1129,13
Mycolicibacterium_duvalii,1136,1139,3
Mycolicibacterium_duvalii,1140,1146,6
Mycolicibacterium_duvalii,1152,1158,6
Mycolicibacterium_duvalii,1159,1165,6
Mycolicibacterium_duvalii,1167,1170,3
Mycolicibacterium_duvalii,1224,1236,12
Mycolicibacterium_duvalii,1239,1248,9
Mycolicibacterium_duvalii,1251,1257,6
Mycolicibacterium_duvalii,1266,1269,3
Mycolicibacterium_duvalii,1847,1853,6
Mycolicibacterium_duvalii,1854,1863,9
Mycolicibacterium_duvalii,1865,1874,9
Mycolicibacterium_duvalii,1881,1883,2
Mycolicibacterium_duvalii,1885,1888,3
Mycolicibacterium_duvalii,1890,1898,8
Mycolicibacterium_duvalii,1902,1914,12
Mycolicibacterium_duvalii,1915,1925,10
Mycolicibacterium_duvalii,1931,1937,6
Mycolicibacterium_duvalii,2085,2086,1
Mycolicibacterium_duvalii,2699,2700,1
Mycolicibacterium_duvalii,3115,3136,21
Mycolicibacterium_duvalii,3154,3178,24
Mycobacterium_syngnathidarum,1,45,44
Mycobacterium_syngnathidarum,48,49,1
Mycobacterium_syngnathidarum,57,58,1
Mycobacterium_syngnathidarum,93,105,12
Mycobacterium_syngnathidarum,108,162,54
Mycobacterium_syngnathidarum,169,175,6
Mycobacterium_syngnathidarum,326,329,3
Mycobacterium_syngnathidarum,334,337,3
Mycobacterium_syngnathidarum,339,351,12
Mycobacterium_syngnathidarum,466,472,6
Mycobacterium_syngnathidarum,1084,1090,6
Mycobacterium_syngnathidarum,1091,1097,6
Mycobacterium_syngnathidarum,1101,1110,9
Mycobacterium_syngnathidarum,1116,1129,13
Mycobacterium_syngnathidarum,1136,1139,3
Mycobacterium_syngnathidarum,1140,1146,6
Mycobacterium_syngnathidarum,1152,1158,6
Mycobacterium_syngnathidarum,1159,1165,6
Mycobacterium_syngnathidarum,1167,1170,3
Mycobacterium_syngnathidarum,1224,1236,12
Mycobacterium_syngnathidarum,1239,1248,9
Mycobacterium_syngnathidarum,1251,1257,6
Mycobacterium_syngnathidarum,1266,1269,3
Mycobacterium_syngnathidarum,1847,1853,6
Mycobacterium_syngnathidarum,1854,1863,9
Mycobacterium_syngnathidarum,1865,1874,9
Mycobacterium_syngnathidarum,1881,1883,2
Mycobacterium_syngnathidarum,1885,1888,3
Mycobacterium_syngnathidarum,1890,1898,8
Mycobacterium_syngnathidarum,1902,1914,12
Mycobacterium_syngnathidarum,1915,1925,10
Mycobacterium_syngnathidarum,1931,1937,6
Mycobacterium_syngnathidarum,2085,2086,1
Mycobacterium_syngnathidarum,2699,2700,1
Mycobacterium_syngnathidarum,3115,3136,21
Mycobacterium_syngnathidarum,3140,3146,6
Mycobacterium_syngnathidarum,3154,3178,24
Mycolicibacterium_mageritense,1,45,44
Mycolicibacterium_mageritense,48,49,1
Mycolicibacterium_mageritense,57,58,1
Mycolicibacterium_mageritense,93,105,12
Mycolicibacterium_mageritense,108,162,54
Mycolicibacterium_mageritense,169,175,6
Mycolicibacterium_mageritense,326,329,3
Mycolicibacterium_mageritense,334,337,3
Mycolicibacterium_mageritense,339,351,12
Mycolicibacterium_mageritense,466,472,6
Mycolicibacterium_mageritense,1084,1090,6
Mycolicibacterium_mageritense,1091,1097,6
Mycolicibacterium_mageritense,1101,1110,9
Mycolicibacterium_mageritense,1116,1129,13
Mycolicibacterium_mageritense,1136,1139,3
Mycolicibacterium_mageritense,1140,1146,6
Mycolicibacterium_mageritense,1152,1158,6
Mycolicibacterium_mageritense,1159,1165,6
Mycolicibacterium_mageritense,1167,1170,3
Mycolicibacterium_mageritense,1224,1236,12
Mycolicibacterium_mageritense,1239,1248,9
Mycolicibacterium_mageritense,1251,1257,6
Mycolicibacterium_mageritense,1266,1269,3
Mycolicibacterium_mageritense,1847,1853,6
Mycolicibacterium_mageritense,1854,1863,9
Mycolicibacterium_mageritense,1865,1874,9
Mycolicibacterium_mageritense,1881,1883,2
Mycolicibacterium_mageritense,1885,1888,3
Mycolicibacterium_mageritense,1890,1898,8
Mycolicibacterium_mageritense,1902,1914,12
Mycolicibacterium_mageritense,1915,1925,10
Mycolicibacterium_mageritense,1931,1937,6
Mycolicibacterium_mageritense,2085,2086,1
Mycolicibacterium_mageritense,2699,2700,1
Mycolicibacterium_mageritense,3115,3136,21
Mycolicibacterium_mageritense,3140,3146,6
Mycolicibacterium_mageritense,3154,3178,24
Mycolicibacterium_baixiangningiae,1,45,44
Mycolicibacterium_baixiangningiae,48,49,1
Mycolicibacterium_baixiangningiae,57,58,1
Mycolicibacterium_baixiangningiae,93,105,12
Mycolicibacterium_baixiangningiae,108,162,54
Mycolicibacterium_baixiangningiae,169,175,6
Mycolicibacterium_baixiangningiae,326,329,3
Mycolicibacterium_baixiangningiae,334,337,3
Mycolicibacterium_baixiangningiae,339,351,12
Mycolicibacterium_baixiangningiae,466,472,6
Mycolicibacterium_baixiangningiae,1084,1090,6
Mycolicibacterium_baixiangningiae,1091,1097,6
Mycolicibacterium_baixiangningiae,1101,1110,9
Mycolicibacterium_baixiangningiae,1116,1129,13
Mycolicibacterium_baixiangningiae,1136,1139,3
Mycolicibacterium_baixiangningiae,1140,1146,6
Mycolicibacterium_baixiangningiae,1152,1158,6
Mycolicibacterium_baixiangningiae,1159,1165,6
Mycolicibacterium_baixiangningiae,1167,1170,3
Mycolicibacterium_baixiangningiae,1224,1236,12
Mycolicibacterium_baixiangningiae,1239,1248,9
Mycolicibacterium_baixiangningiae,1251,1257,6
Mycolicibacterium_baixiangningiae,1266,1269,3
Mycolicibacterium_baixiangningiae,1847,1853,6
Mycolicibacterium_baixiangningiae,1854,1863,9
Mycolicibacterium_baixiangningiae,1865,1874,9
Mycolicibacterium_baixiangningiae,1881,1883,2
Mycolicibacterium_baixiangningiae,1885,1888,3
Mycolicibacterium_baixiangningiae,1890,1898,8
Mycolicibacterium_baixiangningiae,1902,1914,12
Mycolicibacterium_baixiangningiae,1915,1925,10
Mycolicibacterium_baixiangningiae,1931,1937,6
Mycolicibacterium_baixiangningiae,2085,2086,1
Mycolicibacterium_baixiangningiae,2699,2700,1
Mycolicibacterium_baixiangningiae,3115,3136,21
Mycolicibacterium_baixiangningiae,3140,3146,6
Mycolicibacterium_baixiangningiae,3154,3178,24
Mycolicibacterium_novocastrense,1,65,64
Mycolicibacterium_novocastrense,93,162,69
Mycolicibacterium_novocastrense,169,175,6
Mycolicibacterium_novocastrense,326,329,3
Mycolicibacterium_novocastrense,334,337,3
Mycolicibacterium_novocastrense,339,351,12
Mycolicibacterium_novocastrense,466,472,6
Mycolicibacterium_novocastrense,1091,1097,6
Mycolicibacterium_novocastrense,1101,1110,9
Mycolicibacterium_novocastrense,1116,1129,13
Mycolicibacterium_novocastrense,1136,1139,3
Mycolicibacterium_novocastrense,1140,1146,6
Mycolicibacterium_novocastrense,1147,1150,3
Mycolicibacterium_novocastrense,1152,1158,6
Mycolicibacterium_novocastrense,1159,1165,6
Mycolicibacterium_novocastrense,1167,1170,3
Mycolicibacterium_novocastrense,1224,1236,12
Mycolicibacterium_novocastrense,1239,1248,9
Mycolicibacterium_novocastrense,1251,1257,6
Mycolicibacterium_novocastrense,1266,1269,3
Mycolicibacterium_novocastrense,1847,1853,6
Mycolicibacterium_novocastrense,1854,1863,9
Mycolicibacterium_novocastrense,1865,1874,9
Mycolicibacterium_novocastrense,1881,1883,2
Mycolicibacterium_novocastrense,1885,1888,3
Mycolicibacterium_novocastrense,1890,1898,8
Mycolicibacterium_novocastrense,1902,1914,12
Mycolicibacterium_novocastrense,1915,1925,10
Mycolicibacterium_novocastrense,1931,1937,6
Mycolicibacterium_novocastrense,2085,2086,1
Mycolicibacterium_novocastrense,2699,2700,1
Mycolicibacterium_novocastrense,3115,3151,36
Mycolicibacterium_novocastrense,3154,3178,24
Mycolicibacterium_iranicum,1,49,48
Mycolicibacterium_iranicum,57,58,1
Mycolicibacterium_iranicum,92,164,72
Mycolicibacterium_iranicum,169,175,6
Mycolicibacterium_iranicum,326,329,3
Mycolicibacterium_iranicum,334,337,3
Mycolicibacterium_iranicum,339,351,12
Mycolicibacterium_iranicum,466,472,6
Mycolicibacterium_iranicum,1084,1090,6
Mycolicibacterium_iranicum,1091,1097,6
Mycolicibacterium_iranicum,1101,1110,9
Mycolicibacterium_iranicum,1116,1129,13
Mycolicibacterium_iranicum,1136,1139,3
Mycolicibacterium_iranicum,1140,1146,6
Mycolicibacterium_iranicum,1152,1158,6
Mycolicibacterium_iranicum,1159,1165,6
Mycolicibacterium_iranicum,1167,1170,3
Mycolicibacterium_iranicum,1224,1236,12
Mycolicibacterium_iranicum,1239,1248,9
Mycolicibacterium_iranicum,1251,1257,6
Mycolicibacterium_iranicum,1266,1269,3
Mycolicibacterium_iranicum,1847,1853,6
Mycolicibacterium_iranicum,1854,1863,9
Mycolicibacterium_iranicum,1865,1874,9
Mycolicibacterium_iranicum,1881,1883,2
Mycolicibacterium_iranicum,1885,1888,3
Mycolicibacterium_iranicum,1890,1898,8
Mycolicibacterium_iranicum,1902,1914,12
Mycolicibacterium_iranicum,1915,1925,10
Mycolicibacterium_iranicum,1931,1937,6
Mycolicibacterium_iranicum,2085,2086,1
Mycolicibacterium_iranicum,2699,2700,1
Mycolicibacterium_iranicum,3115,3136,21
Mycolicibacterium_iranicum,3140,3146,6
Mycolicibacterium_iranicum,3154,3178,24
Mycolicibacterium_houstonense,4,27,23
Mycolicibacterium_houstonense,48,49,1
Mycolicibacterium_houstonense,57,58,1
Mycolicibacterium_houstonense,93,105,12
Mycolicibacterium_houstonense,108,162,54
Mycolicibacterium_houstonense,169,175,6
Mycolicibacterium_houstonense,326,329,3
Mycolicibacterium_houstonense,334,337,3
Mycolicibacterium_houstonense,339,351,12
Mycolicibacterium_houstonense,466,472,6
Mycolicibacterium_houstonense,1084,1090,6
Mycolicibacterium_houstonense,1091,1097,6
Mycolicibacterium_houstonense,1101,1110,9
Mycolicibacterium_houstonense,1116,1129,13
Mycolicibacterium_houstonense,1136,1139,3
Mycolicibacterium_houstonense,1140,1146,6
Mycolicibacterium_houstonense,1152,1158,6
Mycolicibacterium_houstonense,1159,1165,6
Mycolicibacterium_houstonense,1167,1170,3
Mycolicibacterium_houstonense,1224,1236,12
Mycolicibacterium_houstonense,1239,1248,9
Mycolicibacterium_houstonense,1251,1257,6
Mycolicibacterium_houstonense,1266,1269,3
Mycolicibacterium_houstonense,1847,1853,6
Mycolicibacterium_houstonense,1854,1863,9
Mycolicibacterium_houstonense,1865,1874,9
Mycolicibacterium_houstonense,1881,1883,2
Mycolicibacterium_houstonense,1885,1888,3
Mycolicibacterium_houstonense,1890,1898,8
Mycolicibacterium_houstonense,1902,1914,12
Mycolicibacterium_houstonense,1915,1925,10
Mycolicibacterium_houstonense,1931,1937,6
Mycolicibacterium_houstonense,2085,2086,1
Mycolicibacterium_houstonense,2699,2700,1
Mycolicibacterium_houstonense,3115,3136,21
Mycolicibacterium_houstonense,3140,3146,6
Mycolicibacterium_houstonense,3154,3178,24
Mycolicibacterium_goodii,1,45,44
Mycolicibacterium_goodii,48,49,1
Mycolicibacterium_goodii,57,58,1
Mycolicibacterium_goodii,93,162,69
Mycolicibacterium_goodii,169,175,6
Mycolicibacterium_goodii,326,329,3
Mycolicibacterium_goodii,334,337,3
Mycolicibacterium_goodii,339,351,12
Mycolicibacterium_goodii,466,472,6
Mycolicibacterium_goodii,1084,1090,6
Mycolicibacterium_goodii,1091,1097,6
Mycolicibacterium_goodii,1101,1110,9
Mycolicibacterium_goodii,1116,1129,13
Mycolicibacterium_goodii,1136,1139,3
Mycolicibacterium_goodii,1140,1146,6
Mycolicibacterium_goodii,1152,1158,6
Mycolicibacterium_goodii,1159,1165,6
Mycolicibacterium_goodii,1167,1170,3
Mycolicibacterium_goodii,1224,1236,12
Mycolicibacterium_goodii,1239,1248,9
Mycolicibacterium_goodii,1251,1257,6
Mycolicibacterium_goodii,1266,1269,3
Mycolicibacterium_goodii,1847,1853,6
Mycolicibacterium_goodii,1854,1863,9
Mycolicibacterium_goodii,1865,1874,9
Mycolicibacterium_goodii,1881,1883,2
Mycolicibacterium_goodii,1885,1888,3
Mycolicibacterium_goodii,1890,1898,8
Mycolicibacterium_goodii,1902,1914,12
Mycolicibacterium_goodii,1915,1925,10
Mycolicibacterium_goodii,1931,1937,6
Mycolicibacterium_goodii,2085,2086,1
Mycolicibacterium_goodii,2699,2700,1
Mycolicibacterium_goodii,3115,3136,21
Mycolicibacterium_goodii,3140,3146,6
Mycolicibacterium_goodii,3154,3178,24
Mycolicibacterium_farcinogenes,1,45,44
Mycolicibacterium_farcinogenes,48,49,1
Mycolicibacterium_farcinogenes,57,58,1
Mycolicibacterium_farcinogenes,93,105,12
Mycolicibacterium_farcinogenes,108,162,54
Mycolicibacterium_farcinogenes,169,175,6
Mycolicibacterium_farcinogenes,326,329,3
Mycolicibacterium_farcinogenes,334,337,3
Mycolicibacterium_farcinogenes,339,351,12
Mycolicibacterium_farcinogenes,466,472,6
Mycolicibacterium_farcinogenes,1084,1090,6
Mycolicibacterium_farcinogenes,1091,1097,6
Mycolicibacterium_farcinogenes,1101,1110,9
Mycolicibacterium_farcinogenes,1116,1129,13
Mycolicibacterium_farcinogenes,1136,1139,3
Mycolicibacterium_farcinogenes,1140,1146,6
Mycolicibacterium_farcinogenes,1152,1158,6
Mycolicibacterium_farcinogenes,1159,1165,6
Mycolicibacterium_farcinogenes,1167,1170,3
Mycolicibacterium_farcinogenes,1224,1236,12
Mycolicibacterium_farcinogenes,1239,1248,9
Mycolicibacterium_farcinogenes,1251,1257,6
Mycolicibacterium_farcinogenes,1266,1269,3
Mycolicibacterium_farcinogenes,1847,1853,6
Mycolicibacterium_farcinogenes,1854,1863,9
Mycolicibacterium_farcinogenes,1865,1874,9
Mycolicibacterium_farcinogenes,1881,1883,2
Mycolicibacterium_farcinogenes,1885,1888,3
Mycolicibacterium_farcinogenes,1890,1898,8
Mycolicibacterium_farcinogenes,1902,1914,12
Mycolicibacterium_farcinogenes,1915,1925,10
Mycolicibacterium_farcinogenes,1931,1937,6
Mycolicibacterium_farcinogenes,2085,2086,1
Mycolicibacterium_farcinogenes,2699,2700,1
Mycolicibacterium_farcinogenes,3115,3136,21
Mycolicibacterium_farcinogenes,3140,3146,6
Mycolicibacterium_farcinogenes,3154,3178,24
Mycolicibacterium_malmesburyense,1,45,44
Mycolicibacterium_malmesburyense,48,49,1
Mycolicibacterium_malmesburyense,57,58,1
Mycolicibacterium_malmesburyense,93,162,69
Mycolicibacterium_malmesburyense,169,175,6
Mycolicibacterium_malmesburyense,326,329,3
Mycolicibacterium_malmesburyense,334,337,3
Mycolicibacterium_malmesburyense,339,351,12
Mycolicibacterium_malmesburyense,466,472,6
Mycolicibacterium_malmesburyense,1091,1097,6
Mycolicibacterium_malmesburyense,1101,1110,9
Mycolicibacterium_malmesburyense,1116,1129,13
Mycolicibacterium_malmesburyense,1136,1139,3
Mycolicibacterium_malmesburyense,1140,1146,6
Mycolicibacterium_malmesburyense,1147,1150,3
Mycolicibacterium_malmesburyense,1152,1158,6
Mycolicibacterium_malmesburyense,1159,1165,6
Mycolicibacterium_malmesburyense,1167,1170,3
Mycolicibacterium_malmesburyense,1224,1236,12
Mycolicibacterium_malmesburyense,1239,1248,9
Mycolicibacterium_malmesburyense,1251,1257,6
Mycolicibacterium_malmesburyense,1266,1269,3
Mycolicibacterium_malmesburyense,1847,1853,6
Mycolicibacterium_malmesburyense,1854,1863,9
Mycolicibacterium_malmesburyense,1865,1874,9
Mycolicibacterium_malmesburyense,1881,1883,2
Mycolicibacterium_malmesburyense,1885,1888,3
Mycolicibacterium_malmesburyense,1890,1898,8
Mycolicibacterium_malmesburyense,1902,1914,12
Mycolicibacterium_malmesburyense,1915,1925,10
Mycolicibacterium_malmesburyense,1931,1937,6
Mycolicibacterium_malmesburyense,2085,2086,1
Mycolicibacterium_malmesburyense,2699,2700,1
Mycolicibacterium_malmesburyense,3115,3151,36
Mycolicibacterium_malmesburyense,3154,3178,24
Mycolicibacillus_trivialis,1,49,48
Mycolicibacillus_trivialis,57,58,1
Mycolicibacillus_trivialis,98,161,63
Mycolicibacillus_trivialis,169,175,6
Mycolicibacillus_trivialis,326,329,3
Mycolicibacillus_trivialis,334,337,3
Mycolicibacillus_trivialis,339,351,12
Mycolicibacillus_trivialis,466,472,6
Mycolicibacillus_trivialis,1084,1090,6
Mycolicibacillus_trivialis,1091,1097,6
Mycolicibacillus_trivialis,1101,1110,9
Mycolicibacillus_trivialis,1116,1129,13
Mycolicibacillus_trivialis,1136,1139,3
Mycolicibacillus_trivialis,1140,1164,24
Mycolicibacillus_trivialis,1167,1170,3
Mycolicibacillus_trivialis,1224,1236,12
Mycolicibacillus_trivialis,1239,1248,9
Mycolicibacillus_trivialis,1251,1257,6
Mycolicibacillus_trivialis,1265,1268,3
Mycolicibacillus_trivialis,1847,1853,6
Mycolicibacillus_trivialis,1854,1863,9
Mycolicibacillus_trivialis,1865,1874,9
Mycolicibacillus_trivialis,1881,1883,2
Mycolicibacillus_trivialis,1885,1888,3
Mycolicibacillus_trivialis,1890,1898,8
Mycolicibacillus_trivialis,1902,1914,12
Mycolicibacillus_trivialis,1915,1925,10
Mycolicibacillus_trivialis,1931,1937,6
Mycolicibacillus_trivialis,2085,2086,1
Mycolicibacillus_trivialis,2699,2700,1
Mycolicibacillus_trivialis,3115,3136,21
Mycolicibacillus_trivialis,3140,3146,6
Mycolicibacillus_trivialis,3154,3178,24
Mycolicibacterium_phlei,1,45,44
Mycolicibacterium_phlei,48,49,1
Mycolicibacterium_phlei,57,58,1
Mycolicibacterium_phlei,93,162,69
Mycolicibacterium_phlei,169,175,6
Mycolicibacterium_phlei,326,329,3
Mycolicibacterium_phlei,334,337,3
Mycolicibacterium_phlei,339,351,12
Mycolicibacterium_phlei,466,472,6
Mycolicibacterium_phlei,1084,1090,6
Mycolicibacterium_phlei,1091,1097,6
Mycolicibacterium_phlei,1101,1110,9
Mycolicibacterium_phlei,1116,1129,13
Mycolicibacterium_phlei,1136,1139,3
Mycolicibacterium_phlei,1140,1146,6
Mycolicibacterium_phlei,1152,1158,6
Mycolicibacterium_phlei,1159,1165,6
Mycolicibacterium_phlei,1167,1170,3
Mycolicibacterium_phlei,1224,1236,12
Mycolicibacterium_phlei,1239,1248,9
Mycolicibacterium_phlei,1251,1257,6
Mycolicibacterium_phlei,1266,1269,3
Mycolicibacterium_phlei,1847,1853,6
Mycolicibacterium_phlei,1854,1863,9
Mycolicibacterium_phlei,1865,1874,9
Mycolicibacterium_phlei,1881,1883,2
Mycolicibacterium_phlei,1885,1888,3
Mycolicibacterium_phlei,1890,1898,8
Mycolicibacterium_phlei,1902,1914,12
Mycolicibacterium_phlei,1915,1925,10
Mycolicibacterium_phlei,1931,1937,6
Mycolicibacterium_phlei,2085,2086,1
Mycolicibacterium_phlei,2699,2700,1
Mycolicibacterium_phlei,3115,3151,36
Mycolicibacterium_phlei,3154,3178,24
Mycolicibacterium_conceptionense,1,45,44
Mycolicibacterium_conceptionense,48,49,1
Mycolicibacterium_conceptionense,57,58,1
Mycolicibacterium_conceptionense,93,105,12
Mycolicibacterium_conceptionense,108,162,54
Mycolicibacterium_conceptionense,169,175,6
Mycolicibacterium_conceptionense,326,329,3
Mycolicibacterium_conceptionense,334,337,3
Mycolicibacterium_conceptionense,339,351,12
Mycolicibacterium_conceptionense,466,472,6
Mycolicibacterium_conceptionense,1084,1090,6
Mycolicibacterium_conceptionense,1091,1097,6
Mycolicibacterium_conceptionense,1101,1110,9
Mycolicibacterium_conceptionense,1116,1129,13
Mycolicibacterium_conceptionense,1136,1139,3
Mycolicibacterium_conceptionense,1140,1146,6
Mycolicibacterium_conceptionense,1152,1158,6
Mycolicibacterium_conceptionense,1159,1165,6
Mycolicibacterium_conceptionense,1167,1170,3
Mycolicibacterium_conceptionense,1224,1236,12
Mycolicibacterium_conceptionense,1239,1248,9
Mycolicibacterium_conceptionense,1251,1257,6
Mycolicibacterium_conceptionense,1266,1269,3
Mycolicibacterium_conceptionense,1847,1853,6
Mycolicibacterium_conceptionense,1854,1863,9
Mycolicibacterium_conceptionense,1865,1874,9
Mycolicibacterium_conceptionense,1881,1883,2
Mycolicibacterium_conceptionense,1885,1888,3
Mycolicibacterium_conceptionense,1890,1898,8
Mycolicibacterium_conceptionense,1902,1914,12
Mycolicibacterium_conceptionense,1915,1925,10
Mycolicibacterium_conceptionense,1931,1937,6
Mycolicibacterium_conceptionense,2085,2086,1
Mycolicibacterium_conceptionense,2699,2700,1
Mycolicibacterium_conceptionense,3115,3136,21
Mycolicibacterium_conceptionense,3140,3146,6
Mycolicibacterium_conceptionense,3154,3178,24
Mycolicibacterium_brumae,1,45,44
Mycolicibacterium_brumae,48,49,1
Mycolicibacterium_brumae,57,58,1
Mycolicibacterium_brumae,92,164,72
Mycolicibacterium_brumae,169,175,6
Mycolicibacterium_brumae,178,181,3
Mycolicibacterium_brumae,326,329,3
Mycolicibacterium_brumae,339,351,12
Mycolicibacterium_brumae,466,472,6
Mycolicibacterium_brumae,1084,1090,6
Mycolicibacterium_brumae,1091,1097,6
Mycolicibacterium_brumae,1101,1110,9
Mycolicibacterium_brumae,1116,1129,13
Mycolicibacterium_brumae,1140,1146,6
Mycolicibacterium_brumae,1152,1158,6
Mycolicibacterium_brumae,1159,1165,6
Mycolicibacterium_brumae,1224,1236,12
Mycolicibacterium_brumae,1239,1248,9
Mycolicibacterium_brumae,1251,1257,6
Mycolicibacterium_brumae,1266,1269,3
Mycolicibacterium_brumae,1847,1853,6
Mycolicibacterium_brumae,1854,1863,9
Mycolicibacterium_brumae,1865,1874,9
Mycolicibacterium_brumae,1881,1883,2
Mycolicibacterium_brumae,1885,1888,3
Mycolicibacterium_brumae,1896,1898,2
Mycolicibacterium_brumae,1902,1914,12
Mycolicibacterium_brumae,1918,1925,7
Mycolicibacterium_brumae,1931,1937,6
Mycolicibacterium_brumae,2085,2086,1
Mycolicibacterium_brumae,2699,2700,1
Mycolicibacterium_brumae,3115,3136,21
Mycolicibacterium_brumae,3140,3146,6
Mycolicibacterium_brumae,3154,3175,21
Mycolicibacter_virginiensis,1,45,44
Mycolicibacter_virginiensis,48,49,1
Mycolicibacter_virginiensis,57,58,1
Mycolicibacter_virginiensis,98,104,6
Mycolicibacter_virginiensis,108,144,36
Mycolicibacter_virginiensis,157,163,6
Mycolicibacter_virginiensis,169,175,6
Mycolicibacter_virginiensis,334,337,3
Mycolicibacter_virginiensis,341,356,15
Mycolicibacter_virginiensis,466,472,6
Mycolicibacter_virginiensis,1084,1090,6
Mycolicibacter_virginiensis,1091,1097,6
Mycolicibacter_virginiensis,1106,1110,4
Mycolicibacter_virginiensis,1116,1122,6
Mycolicibacter_virginiensis,1136,1139,3
Mycolicibacter_virginiensis,1140,1170,30
Mycolicibacter_virginiensis,1239,1248,9
Mycolicibacter_virginiensis,1251,1257,6
Mycolicibacter_virginiensis,1847,1853,6
Mycolicibacter_virginiensis,1854,1863,9
Mycolicibacter_virginiensis,1865,1874,9
Mycolicibacter_virginiensis,1881,1883,2
Mycolicibacter_virginiensis,1885,1888,3
Mycolicibacter_virginiensis,1890,1898,8
Mycolicibacter_virginiensis,1902,1914,12
Mycolicibacter_virginiensis,1915,1925,10
Mycolicibacter_virginiensis,1931,1937,6
Mycolicibacter_virginiensis,2085,2086,1
Mycolicibacter_virginiensis,2699,2700,1
Mycolicibacter_virginiensis,3115,3136,21
Mycolicibacter_virginiensis,3140,3146,6
Mycolicibacter_virginiensis,3154,3178,24
Mycolicibacterium_flavescens,17,19,2
Mycolicibacterium_flavescens,48,49,1
Mycolicibacterium_flavescens,57,58,1
Mycolicibacterium_flavescens,93,162,69
Mycolicibacterium_flavescens,169,175,6
Mycolicibacterium_flavescens,326,329,3
Mycolicibacterium_flavescens,334,337,3
Mycolicibacterium_flavescens,339,351,12
Mycolicibacterium_flavescens,466,472,6
Mycolicibacterium_flavescens,1091,1097,6
Mycolicibacterium_flavescens,1101,1110,9
Mycolicibacterium_flavescens,1116,1129,13
Mycolicibacterium_flavescens,1136,1139,3
Mycolicibacterium_flavescens,1140,1146,6
Mycolicibacterium_flavescens,1147,1150,3
Mycolicibacterium_flavescens,1152,1158,6
Mycolicibacterium_flavescens,1159,1165,6
Mycolicibacterium_flavescens,1167,1170,3
Mycolicibacterium_flavescens,1224,1236,12
Mycolicibacterium_flavescens,1239,1248,9
Mycolicibacterium_flavescens,1251,1257,6
Mycolicibacterium_flavescens,1266,1269,3
Mycolicibacterium_flavescens,1847,1853,6
Mycolicibacterium_flavescens,1854,1863,9
Mycolicibacterium_flavescens,1865,1874,9
Mycolicibacterium_flavescens,1881,1883,2
Mycolicibacterium_flavescens,1885,1888,3
Mycolicibacterium_flavescens,1890,1898,8
Mycolicibacterium_flavescens,1902,1914,12
Mycolicibacterium_flavescens,1915,1925,10
Mycolicibacterium_flavescens,1931,1937,6
Mycolicibacterium_flavescens,2085,2086,1
Mycolicibacterium_flavescens,2699,2700,1
Mycolicibacterium_flavescens,3115,3151,36
Mycolicibacterium_flavescens,3154,3178,24
Mycolicibacterium_insubricum,1,40,39
Mycolicibacterium_insubricum,48,49,1
Mycolicibacterium_insubricum,92,164,72
Mycolicibacterium_insubricum,169,175,6
Mycolicibacterium_insubricum,326,329,3
Mycolicibacterium_insubricum,339,351,12
Mycolicibacterium_insubricum,466,472,6
Mycolicibacterium_insubricum,1084,1090,6
Mycolicibacterium_insubricum,1091,1097,6
Mycolicibacterium_insubricum,1101,1110,9
Mycolicibacterium_insubricum,1116,1129,13
Mycolicibacterium_insubricum,1136,1139,3
Mycolicibacterium_insubricum,1140,1146,6
Mycolicibacterium_insubricum,1152,1158,6
Mycolicibacterium_insubricum,1159,1165,6
Mycolicibacterium_insubricum,1167,1170,3
Mycolicibacterium_insubricum,1224,1236,12
Mycolicibacterium_insubricum,1239,1248,9
Mycolicibacterium_insubricum,1251,1257,6
Mycolicibacterium_insubricum,1266,1269,3
Mycolicibacterium_insubricum,1847,1853,6
Mycolicibacterium_insubricum,1854,1863,9
Mycolicibacterium_insubricum,1865,1874,9
Mycolicibacterium_insubricum,1881,1883,2
Mycolicibacterium_insubricum,1885,1888,3
Mycolicibacterium_insubricum,1890,1898,8
Mycolicibacterium_insubricum,1902,1914,12
Mycolicibacterium_insubricum,1915,1925,10
Mycolicibacterium_insubricum,1931,1937,6
Mycolicibacterium_insubricum,2085,2086,1
Mycolicibacterium_insubricum,2699,2700,1
Mycolicibacterium_insubricum,3115,3151,36
Mycolicibacterium_insubricum,3154,3178,24
Mycolicibacterium_confluentis,1,45,44
Mycolicibacterium_confluentis,48,49,1
Mycolicibacterium_confluentis,57,58,1
Mycolicibacterium_confluentis,93,162,69
Mycolicibacterium_confluentis,169,175,6
Mycolicibacterium_confluentis,326,329,3
Mycolicibacterium_confluentis,334,337,3
Mycolicibacterium_confluentis,339,351,12
Mycolicibacterium_confluentis,466,472,6
Mycolicibacterium_confluentis,1084,1090,6
Mycolicibacterium_confluentis,1091,1097,6
Mycolicibacterium_confluentis,1101,1110,9
Mycolicibacterium_confluentis,1116,1129,13
Mycolicibacterium_confluentis,1136,1139,3
Mycolicibacterium_confluentis,1140,1146,6
Mycolicibacterium_confluentis,1152,1158,6
Mycolicibacterium_confluentis,1159,1165,6
Mycolicibacterium_confluentis,1167,1170,3
Mycolicibacterium_confluentis,1239,1248,9
Mycolicibacterium_confluentis,1251,1257,6
Mycolicibacterium_confluentis,1847,1853,6
Mycolicibacterium_confluentis,1854,1863,9
Mycolicibacterium_confluentis,1865,1874,9
Mycolicibacterium_confluentis,1881,1883,2
Mycolicibacterium_confluentis,1885,1888,3
Mycolicibacterium_confluentis,1890,1898,8
Mycolicibacterium_confluentis,1902,1914,12
Mycolicibacterium_confluentis,1915,1925,10
Mycolicibacterium_confluentis,1931,1937,6
Mycolicibacterium_confluentis,2085,2086,1
Mycolicibacterium_confluentis,2699,2700,1
Mycolicibacterium_confluentis,3115,3136,21
Mycolicibacterium_confluentis,3140,3146,6
Mycolicibacterium_confluentis,3154,3178,24
Mycolicibacterium_anyangense,1,45,44
Mycolicibacterium_anyangense,48,49,1
Mycolicibacterium_anyangense,57,58,1
Mycolicibacterium_anyangense,92,164,72
Mycolicibacterium_anyangense,169,175,6
Mycolicibacterium_anyangense,326,329,3
Mycolicibacterium_anyangense,334,337,3
Mycolicibacterium_anyangense,339,351,12
Mycolicibacterium_anyangense,466,472,6
Mycolicibacterium_anyangense,1084,1090,6
Mycolicibacterium_anyangense,1091,1097,6
Mycolicibacterium_anyangense,1101,1110,9
Mycolicibacterium_anyangense,1116,1129,13
Mycolicibacterium_anyangense,1136,1139,3
Mycolicibacterium_anyangense,1140,1146,6
Mycolicibacterium_anyangense,1152,1158,6
Mycolicibacterium_anyangense,1159,1165,6
Mycolicibacterium_anyangense,1167,1170,3
Mycolicibacterium_anyangense,1224,1236,12
Mycolicibacterium_anyangense,1239,1248,9
Mycolicibacterium_anyangense,1251,1257,6
Mycolicibacterium_anyangense,1266,1269,3
Mycolicibacterium_anyangense,1847,1853,6
Mycolicibacterium_anyangense,1854,1863,9
Mycolicibacterium_anyangense,1865,1874,9
Mycolicibacterium_anyangense,1881,1883,2
Mycolicibacterium_anyangense,1885,1888,3
Mycolicibacterium_anyangense,1890,1898,8
Mycolicibacterium_anyangense,1902,1914,12
Mycolicibacterium_anyangense,1915,1925,10
Mycolicibacterium_anyangense,1931,1937,6
Mycolicibacterium_anyangense,2085,2086,1
Mycolicibacterium_anyangense,2699,2700,1
Mycolicibacterium_anyangense,3115,3151,36
Mycolicibacterium_anyangense,3154,3178,24
Mycolicibacterium_acetamidolyticum,1,45,44
Mycolicibacterium_acetamidolyticum,48,49,1
Mycolicibacterium_acetamidolyticum,57,58,1
Mycolicibacterium_acetamidolyticum,93,105,12
Mycolicibacterium_acetamidolyticum,108,162,54
Mycolicibacterium_acetamidolyticum,169,175,6
Mycolicibacterium_acetamidolyticum,326,329,3
Mycolicibacterium_acetamidolyticum,334,337,3
Mycolicibacterium_acetamidolyticum,339,351,12
Mycolicibacterium_acetamidolyticum,466,472,6
Mycolicibacterium_acetamidolyticum,1084,1090,6
Mycolicibacterium_acetamidolyticum,1091,1097,6
Mycolicibacterium_acetamidolyticum,1101,1110,9
Mycolicibacterium_acetamidolyticum,1116,1129,13
Mycolicibacterium_acetamidolyticum,1136,1139,3
Mycolicibacterium_acetamidolyticum,1140,1146,6
Mycolicibacterium_acetamidolyticum,1152,1158,6
Mycolicibacterium_acetamidolyticum,1159,1165,6
Mycolicibacterium_acetamidolyticum,1167,1170,3
Mycolicibacterium_acetamidolyticum,1224,1236,12
Mycolicibacterium_acetamidolyticum,1239,1248,9
Mycolicibacterium_acetamidolyticum,1251,1257,6
Mycolicibacterium_acetamidolyticum,1266,1269,3
Mycolicibacterium_acetamidolyticum,1847,1853,6
Mycolicibacterium_acetamidolyticum,1854,1863,9
Mycolicibacterium_acetamidolyticum,1865,1874,9
Mycolicibacterium_acetamidolyticum,1881,1883,2
Mycolicibacterium_acetamidolyticum,1885,1888,3
Mycolicibacterium_acetamidolyticum,1890,1898,8
Mycolicibacterium_acetamidolyticum,1902,1914,12
Mycolicibacterium_acetamidolyticum,1915,1925,10
Mycolicibacterium_acetamidolyticum,1931,1937,6
Mycolicibacterium_acetamidolyticum,2085,2086,1
Mycolicibacterium_acetamidolyticum,2699,2700,1
Mycolicibacterium_acetamidolyticum,3115,3136,21
Mycolicibacterium_acetamidolyticum,3140,3146,6
Mycolicibacterium_acetamidolyticum,3154,3178,24
Mycolicibacterium_hassiacum,1,45,44
Mycolicibacterium_hassiacum,48,49,1
Mycolicibacterium_hassiacum,57,58,1
Mycolicibacterium_hassiacum,93,105,12
Mycolicibacterium_hassiacum,108,162,54
Mycolicibacterium_hassiacum,169,175,6
Mycolicibacterium_hassiacum,326,329,3
Mycolicibacterium_hassiacum,334,337,3
Mycolicibacterium_hassiacum,339,351,12
Mycolicibacterium_hassiacum,466,472,6
Mycolicibacterium_hassiacum,1084,1090,6
Mycolicibacterium_hassiacum,1091,1097,6
Mycolicibacterium_hassiacum,1101,1110,9
Mycolicibacterium_hassiacum,1116,1129,13
Mycolicibacterium_hassiacum,1136,1139,3
Mycolicibacterium_hassiacum,1140,1146,6
Mycolicibacterium_hassiacum,1152,1158,6
Mycolicibacterium_hassiacum,1159,1165,6
Mycolicibacterium_hassiacum,1167,1170,3
Mycolicibacterium_hassiacum,1224,1236,12
Mycolicibacterium_hassiacum,1239,1248,9
Mycolicibacterium_hassiacum,1251,1257,6
Mycolicibacterium_hassiacum,1266,1269,3
Mycolicibacterium_hassiacum,1847,1853,6
Mycolicibacterium_hassiacum,1854,1863,9
Mycolicibacterium_hassiacum,1865,1874,9
Mycolicibacterium_hassiacum,1881,1883,2
Mycolicibacterium_hassiacum,1885,1888,3
Mycolicibacterium_hassiacum,1890,1898,8
Mycolicibacterium_hassiacum,1902,1914,12
Mycolicibacterium_hassiacum,1915,1925,10
Mycolicibacterium_hassiacum,1931,1937,6
Mycolicibacterium_hassiacum,2085,2086,1
Mycolicibacterium_hassiacum,2699,2700,1
Mycolicibacterium_hassiacum,3115,3151,36
Mycolicibacterium_hassiacum,3154,3178,24
Mycolicibacterium_chitae,1,45,44
Mycolicibacterium_chitae,48,49,1
Mycolicibacterium_chitae,57,58,1
Mycolicibacterium_chitae,93,162,69
Mycolicibacterium_chitae,169,175,6
Mycolicibacterium_chitae,326,329,3
Mycolicibacterium_chitae,334,337,3
Mycolicibacterium_chitae,339,351,12
Mycolicibacterium_chitae,466,472,6
Mycolicibacterium_chitae,1084,1090,6
Mycolicibacterium_chitae,1091,1097,6
Mycolicibacterium_chitae,1101,1110,9
Mycolicibacterium_chitae,1116,1129,13
Mycolicibacterium_chitae,1136,1139,3
Mycolicibacterium_chitae,1140,1146,6
Mycolicibacterium_chitae,1152,1158,6
Mycolicibacterium_chitae,1159,1165,6
Mycolicibacterium_chitae,1167,1170,3
Mycolicibacterium_chitae,1224,1236,12
Mycolicibacterium_chitae,1239,1248,9
Mycolicibacterium_chitae,1251,1257,6
Mycolicibacterium_chitae,1266,1269,3
Mycolicibacterium_chitae,1847,1853,6
Mycolicibacterium_chitae,1854,1863,9
Mycolicibacterium_chitae,1865,1874,9
Mycolicibacterium_chitae,1881,1883,2
Mycolicibacterium_chitae,1885,1888,3
Mycolicibacterium_chitae,1890,1898,8
Mycolicibacterium_chitae,1902,1914,12
Mycolicibacterium_chitae,1915,1925,10
Mycolicibacterium_chitae,1931,1937,6
Mycolicibacterium_chitae,2085,2086,1
Mycolicibacterium_chitae,2699,2700,1
Mycolicibacterium_chitae,3115,3136,21
Mycolicibacterium_chitae,3140,3146,6
Mycolicibacterium_chitae,3154,3178,24
Mycolicibacterium_aichiense,1,45,44
Mycolicibacterium_aichiense,48,49,1
Mycolicibacterium_aichiense,57,58,1
Mycolicibacterium_aichiense,92,164,72
Mycolicibacterium_aichiense,169,175,6
Mycolicibacterium_aichiense,326,329,3
Mycolicibacterium_aichiense,334,337,3
Mycolicibacterium_aichiense,339,351,12
Mycolicibacterium_aichiense,466,472,6
Mycolicibacterium_aichiense,1084,1090,6
Mycolicibacterium_aichiense,1091,1097,6
Mycolicibacterium_aichiense,1101,1110,9
Mycolicibacterium_aichiense,1116,1129,13
Mycolicibacterium_aichiense,1136,1139,3
Mycolicibacterium_aichiense,1140,1146,6
Mycolicibacterium_aichiense,1152,1158,6
Mycolicibacterium_aichiense,1159,1165,6
Mycolicibacterium_aichiense,1167,1170,3
Mycolicibacterium_aichiense,1224,1236,12
Mycolicibacterium_aichiense,1239,1248,9
Mycolicibacterium_aichiense,1251,1257,6
Mycolicibacterium_aichiense,1266,1269,3
Mycolicibacterium_aichiense,1847,1853,6
Mycolicibacterium_aichiense,1854,1863,9
Mycolicibacterium_aichiense,1865,1874,9
Mycolicibacterium_aichiense,1881,1883,2
Mycolicibacterium_aichiense,1885,1888,3
Mycolicibacterium_aichiense,1890,1898,8
Mycolicibacterium_aichiense,1902,1914,12
Mycolicibacterium_aichiense,1915,1925,10
Mycolicibacterium_aichiense,1931,1937,6
Mycolicibacterium_aichiense,2085,2086,1
Mycolicibacterium_aichiense,2699,2700,1
Mycolicibacterium_aichiense,3115,3136,21
Mycolicibacterium_aichiense,3140,3146,6
Mycolicibacterium_aichiense,3154,3178,24
Mycobacterium_barrassiae,1,49,48
Mycobacterium_barrassiae,57,58,1
Mycobacterium_barrassiae,93,162,69
Mycobacterium_barrassiae,169,175,6
Mycobacterium_barrassiae,326,329,3
Mycobacterium_barrassiae,339,351,12
Mycobacterium_barrassiae,466,472,6
Mycobacterium_barrassiae,1084,1090,6
Mycobacterium_barrassiae,1091,1097,6
Mycobacterium_barrassiae,1101,1110,9
Mycobacterium_barrassiae,1116,1129,13
Mycobacterium_barrassiae,1136,1139,3
Mycobacterium_barrassiae,1140,1146,6
Mycobacterium_barrassiae,1152,1158,6
Mycobacterium_barrassiae,1159,1165,6
Mycobacterium_barrassiae,1167,1170,3
Mycobacterium_barrassiae,1224,1236,12
Mycobacterium_barrassiae,1239,1248,9
Mycobacterium_barrassiae,1251,1257,6
Mycobacterium_barrassiae,1266,1269,3
Mycobacterium_barrassiae,1847,1853,6
Mycobacterium_barrassiae,1854,1863,9
Mycobacterium_barrassiae,1865,1874,9
Mycobacterium_barrassiae,1881,1883,2
Mycobacterium_barrassiae,1885,1888,3
Mycobacterium_barrassiae,1890,1898,8
Mycobacterium_barrassiae,1902,1914,12
Mycobacterium_barrassiae,1915,1925,10
Mycobacterium_barrassiae,1931,1937,6
Mycobacterium_barrassiae,2085,2086,1
Mycobacterium_barrassiae,2699,2700,1
Mycobacterium_barrassiae,3115,3151,36
Mycobacterium_barrassiae,3154,3178,24
Mycolicibacterium_chlorophenolicum,1,45,44
Mycolicibacterium_chlorophenolicum,48,49,1
Mycolicibacterium_chlorophenolicum,57,58,1
Mycolicibacterium_chlorophenolicum,92,164,72
Mycolicibacterium_chlorophenolicum,169,175,6
Mycolicibacterium_chlorophenolicum,326,329,3
Mycolicibacterium_chlorophenolicum,334,337,3
Mycolicibacterium_chlorophenolicum,339,351,12
Mycolicibacterium_chlorophenolicum,466,472,6
Mycolicibacterium_chlorophenolicum,1084,1090,6
Mycolicibacterium_chlorophenolicum,1091,1097,6
Mycolicibacterium_chlorophenolicum,1101,1110,9
Mycolicibacterium_chlorophenolicum,1116,1129,13
Mycolicibacterium_chlorophenolicum,1136,1139,3
Mycolicibacterium_chlorophenolicum,1140,1146,6
Mycolicibacterium_chlorophenolicum,1152,1158,6
Mycolicibacterium_chlorophenolicum,1159,1165,6
Mycolicibacterium_chlorophenolicum,1167,1170,3
Mycolicibacterium_chlorophenolicum,1224,1236,12
Mycolicibacterium_chlorophenolicum,1239,1248,9
Mycolicibacterium_chlorophenolicum,1251,1257,6
Mycolicibacterium_chlorophenolicum,1266,1269,3
Mycolicibacterium_chlorophenolicum,1847,1853,6
Mycolicibacterium_chlorophenolicum,1854,1863,9
Mycolicibacterium_chlorophenolicum,1865,1874,9
Mycolicibacterium_chlorophenolicum,1881,1883,2
Mycolicibacterium_chlorophenolicum,1885,1888,3
Mycolicibacterium_chlorophenolicum,1890,1898,8
Mycolicibacterium_chlorophenolicum,1902,1914,12
Mycolicibacterium_chlorophenolicum,1915,1925,10
Mycolicibacterium_chlorophenolicum,1931,1937,6
Mycolicibacterium_chlorophenolicum,2085,2086,1
Mycolicibacterium_chlorophenolicum,2699,2700,1
Mycolicibacterium_chlorophenolicum,3115,3151,36
Mycolicibacterium_chlorophenolicum,3154,3178,24
Mycolicibacterium_neworleansense,1,65,64
Mycolicibacterium_neworleansense,93,105,12
Mycolicibacterium_neworleansense,108,162,54
Mycolicibacterium_neworleansense,169,175,6
Mycolicibacterium_neworleansense,326,329,3
Mycolicibacterium_neworleansense,334,337,3
Mycolicibacterium_neworleansense,339,351,12
Mycolicibacterium_neworleansense,466,472,6
Mycolicibacterium_neworleansense,1084,1090,6
Mycolicibacterium_neworleansense,1091,1097,6
Mycolicibacterium_neworleansense,1101,1110,9
Mycolicibacterium_neworleansense,1116,1129,13
Mycolicibacterium_neworleansense,1136,1139,3
Mycolicibacterium_neworleansense,1140,1146,6
Mycolicibacterium_neworleansense,1152,1158,6
Mycolicibacterium_neworleansense,1159,1165,6
Mycolicibacterium_neworleansense,1167,1170,3
Mycolicibacterium_neworleansense,1224,1236,12
Mycolicibacterium_neworleansense,1239,1248,9
Mycolicibacterium_neworleansense,1251,1257,6
Mycolicibacterium_neworleansense,1266,1269,3
Mycolicibacterium_neworleansense,1847,1853,6
Mycolicibacterium_neworleansense,1854,1863,9
Mycolicibacterium_neworleansense,1865,1874,9
Mycolicibacterium_neworleansense,1881,1883,2
Mycolicibacterium_neworleansense,1885,1888,3
Mycolicibacterium_neworleansense,1890,1898,8
Mycolicibacterium_neworleansense,1902,1914,12
Mycolicibacterium_neworleansense,1915,1925,10
Mycolicibacterium_neworleansense,1931,1937,6
Mycolicibacterium_neworleansense,2085,2086,1
Mycolicibacterium_neworleansense,2699,2700,1
Mycolicibacterium_neworleansense,3115,3136,21
Mycolicibacterium_neworleansense,3140,3146,6
Mycolicibacterium_neworleansense,3154,3178,24
Mycolicibacterium_pulveris,1,45,44
Mycolicibacterium_pulveris,48,49,1
Mycolicibacterium_pulveris,57,58,1
Mycolicibacterium_pulveris,93,105,12
Mycolicibacterium_pulveris,108,162,54
Mycolicibacterium_pulveris,169,175,6
Mycolicibacterium_pulveris,326,329,3
Mycolicibacterium_pulveris,334,337,3
Mycolicibacterium_pulveris,339,351,12
Mycolicibacterium_pulveris,466,472,6
Mycolicibacterium_pulveris,1084,1090,6
Mycolicibacterium_pulveris,1091,1097,6
Mycolicibacterium_pulveris,1101,1110,9
Mycolicibacterium_pulveris,1116,1129,13
Mycolicibacterium_pulveris,1136,1139,3
Mycolicibacterium_pulveris,1140,1146,6
Mycolicibacterium_pulveris,1152,1158,6
Mycolicibacterium_pulveris,1159,1165,6
Mycolicibacterium_pulveris,1167,1170,3
Mycolicibacterium_pulveris,1224,1236,12
Mycolicibacterium_pulveris,1239,1248,9
Mycolicibacterium_pulveris,1251,1257,6
Mycolicibacterium_pulveris,1266,1269,3
Mycolicibacterium_pulveris,1847,1853,6
Mycolicibacterium_pulveris,1854,1863,9
Mycolicibacterium_pulveris,1865,1874,9
Mycolicibacterium_pulveris,1881,1883,2
Mycolicibacterium_pulveris,1885,1888,3
Mycolicibacterium_pulveris,1890,1898,8
Mycolicibacterium_pulveris,1902,1914,12
Mycolicibacterium_pulveris,1915,1925,10
Mycolicibacterium_pulveris,1931,1937,6
Mycolicibacterium_pulveris,2085,2086,1
Mycolicibacterium_pulveris,2699,2700,1
Mycolicibacterium_pulveris,3115,3151,36
Mycolicibacterium_pulveris,3154,3178,24
Mycolicibacterium_fortuitum,1,45,44
Mycolicibacterium_fortuitum,48,49,1
Mycolicibacterium_fortuitum,57,58,1
Mycolicibacterium_fortuitum,93,105,12
Mycolicibacterium_fortuitum,108,162,54
Mycolicibacterium_fortuitum,169,175,6
Mycolicibacterium_fortuitum,326,329,3
Mycolicibacterium_fortuitum,334,337,3
Mycolicibacterium_fortuitum,339,351,12
Mycolicibacterium_fortuitum,466,472,6
Mycolicibacterium_fortuitum,1084,1090,6
Mycolicibacterium_fortuitum,1091,1097,6
Mycolicibacterium_fortuitum,1101,1110,9
Mycolicibacterium_fortuitum,1116,1129,13
Mycolicibacterium_fortuitum,1136,1139,3
Mycolicibacterium_fortuitum,1140,1146,6
Mycolicibacterium_fortuitum,1152,1158,6
Mycolicibacterium_fortuitum,1159,1165,6
Mycolicibacterium_fortuitum,1167,1170,3
Mycolicibacterium_fortuitum,1224,1236,12
Mycolicibacterium_fortuitum,1239,1248,9
Mycolicibacterium_fortuitum,1251,1257,6
Mycolicibacterium_fortuitum,1266,1269,3
Mycolicibacterium_fortuitum,1847,1853,6
Mycolicibacterium_fortuitum,1854,1863,9
Mycolicibacterium_fortuitum,1865,1874,9
Mycolicibacterium_fortuitum,1881,1883,2
Mycolicibacterium_fortuitum,1885,1888,3
Mycolicibacterium_fortuitum,1890,1898,8
Mycolicibacterium_fortuitum,1902,1914,12
Mycolicibacterium_fortuitum,1915,1925,10
Mycolicibacterium_fortuitum,1931,1937,6
Mycolicibacterium_fortuitum,2085,2086,1
Mycolicibacterium_fortuitum,2699,2700,1
Mycolicibacterium_fortuitum,3115,3136,21
Mycolicibacterium_fortuitum,3140,3146,6
Mycolicibacterium_fortuitum,3154,3178,24
Mycolicibacter_hiberniae,1,65,64
Mycolicibacter_hiberniae,98,104,6
Mycolicibacter_hiberniae,108,144,36
Mycolicibacter_hiberniae,152,155,3
Mycolicibacter_hiberniae,157,163,6
Mycolicibacter_hiberniae,169,175,6
Mycolicibacter_hiberniae,334,337,3
Mycolicibacter_hiberniae,341,356,15
Mycolicibacter_hiberniae,466,472,6
Mycolicibacter_hiberniae,1084,1090,6
Mycolicibacter_hiberniae,1091,1097,6
Mycolicibacter_hiberniae,1106,1110,4
Mycolicibacter_hiberniae,1116,1122,6
Mycolicibacter_hiberniae,1136,1139,3
Mycolicibacter_hiberniae,1140,1170,30
Mycolicibacter_hiberniae,1239,1248,9
Mycolicibacter_hiberniae,1251,1257,6
Mycolicibacter_hiberniae,1847,1853,6
Mycolicibacter_hiberniae,1854,1863,9
Mycolicibacter_hiberniae,1865,1874,9
Mycolicibacter_hiberniae,1881,1883,2
Mycolicibacter_hiberniae,1885,1888,3
Mycolicibacter_hiberniae,1890,1898,8
Mycolicibacter_hiberniae,1902,1914,12
Mycolicibacter_hiberniae,1915,1925,10
Mycolicibacter_hiberniae,1931,1937,6
Mycolicibacter_hiberniae,2085,2086,1
Mycolicibacter_hiberniae,2699,2700,1
Mycolicibacter_hiberniae,3115,3136,21
Mycolicibacter_hiberniae,3140,3146,6
Mycolicibacter_hiberniae,3154,3178,24
Mycolicibacterium_psychrotolerans,1,45,44
Mycolicibacterium_psychrotolerans,48,49,1
Mycolicibacterium_psychrotolerans,57,58,1
Mycolicibacterium_psychrotolerans,92,164,72
Mycolicibacterium_psychrotolerans,169,175,6
Mycolicibacterium_psychrotolerans,326,329,3
Mycolicibacterium_psychrotolerans,334,337,3
Mycolicibacterium_psychrotolerans,339,351,12
Mycolicibacterium_psychrotolerans,466,472,6
Mycolicibacterium_psychrotolerans,1084,1090,6
Mycolicibacterium_psychrotolerans,1091,1097,6
Mycolicibacterium_psychrotolerans,1101,1110,9
Mycolicibacterium_psychrotolerans,1116,1129,13
Mycolicibacterium_psychrotolerans,1136,1139,3
Mycolicibacterium_psychrotolerans,1140,1146,6
Mycolicibacterium_psychrotolerans,1152,1158,6
Mycolicibacterium_psychrotolerans,1159,1165,6
Mycolicibacterium_psychrotolerans,1167,1170,3
Mycolicibacterium_psychrotolerans,1224,1236,12
Mycolicibacterium_psychrotolerans,1239,1248,9
Mycolicibacterium_psychrotolerans,1251,1257,6
Mycolicibacterium_psychrotolerans,1266,1269,3
Mycolicibacterium_psychrotolerans,1847,1853,6
Mycolicibacterium_psychrotolerans,1854,1863,9
Mycolicibacterium_psychrotolerans,1865,1874,9
Mycolicibacterium_psychrotolerans,1881,1883,2
Mycolicibacterium_psychrotolerans,1885,1888,3
Mycolicibacterium_psychrotolerans,1890,1898,8
Mycolicibacterium_psychrotolerans,1902,1914,12
Mycolicibacterium_psychrotolerans,1915,1925,10
Mycolicibacterium_psychrotolerans,1931,1937,6
Mycolicibacterium_psychrotolerans,2085,2086,1
Mycolicibacterium_psychrotolerans,2699,2700,1
Mycolicibacterium_psychrotolerans,3115,3151,36
Mycolicibacterium_psychrotolerans,3154,3178,24
Mycolicibacterium_moriokaense,1,45,44
Mycolicibacterium_moriokaense,48,49,1
Mycolicibacterium_moriokaense,57,58,1
Mycolicibacterium_moriokaense,93,162,69
Mycolicibacterium_moriokaense,169,175,6
Mycolicibacterium_moriokaense,326,329,3
Mycolicibacterium_moriokaense,339,351,12
Mycolicibacterium_moriokaense,466,472,6
Mycolicibacterium_moriokaense,1084,1090,6
Mycolicibacterium_moriokaense,1091,1097,6
Mycolicibacterium_moriokaense,1101,1110,9
Mycolicibacterium_moriokaense,1116,1129,13
Mycolicibacterium_moriokaense,1136,1139,3
Mycolicibacterium_moriokaense,1140,1146,6
Mycolicibacterium_moriokaense,1152,1158,6
Mycolicibacterium_moriokaense,1159,1165,6
Mycolicibacterium_moriokaense,1167,1170,3
Mycolicibacterium_moriokaense,1224,1236,12
Mycolicibacterium_moriokaense,1239,1248,9
Mycolicibacterium_moriokaense,1251,1257,6
Mycolicibacterium_moriokaense,1266,1269,3
Mycolicibacterium_moriokaense,1847,1853,6
Mycolicibacterium_moriokaense,1854,1863,9
Mycolicibacterium_moriokaense,1865,1874,9
Mycolicibacterium_moriokaense,1881,1883,2
Mycolicibacterium_moriokaense,1885,1888,3
Mycolicibacterium_moriokaense,1890,1898,8
Mycolicibacterium_moriokaense,1902,1914,12
Mycolicibacterium_moriokaense,1915,1925,10
Mycolicibacterium_moriokaense,1931,1937,6
Mycolicibacterium_moriokaense,2085,2086,1
Mycolicibacterium_moriokaense,2699,2700,1
Mycolicibacterium_moriokaense,3115,3151,36
Mycolicibacterium_moriokaense,3154,3178,24
Mycolicibacterium_wolinskyi,1,65,64
Mycolicibacterium_wolinskyi,87,90,3
Mycolicibacterium_wolinskyi,93,105,12
Mycolicibacterium_wolinskyi,108,162,54
Mycolicibacterium_wolinskyi,169,175,6
Mycolicibacterium_wolinskyi,326,329,3
Mycolicibacterium_wolinskyi,334,337,3
Mycolicibacterium_wolinskyi,339,351,12
Mycolicibacterium_wolinskyi,466,472,6
Mycolicibacterium_wolinskyi,1084,1090,6
Mycolicibacterium_wolinskyi,1091,1097,6
Mycolicibacterium_wolinskyi,1101,1110,9
Mycolicibacterium_wolinskyi,1116,1129,13
Mycolicibacterium_wolinskyi,1136,1139,3
Mycolicibacterium_wolinskyi,1140,1146,6
Mycolicibacterium_wolinskyi,1152,1158,6
Mycolicibacterium_wolinskyi,1159,1165,6
Mycolicibacterium_wolinskyi,1167,1170,3
Mycolicibacterium_wolinskyi,1224,1236,12
Mycolicibacterium_wolinskyi,1239,1248,9
Mycolicibacterium_wolinskyi,1251,1257,6
Mycolicibacterium_wolinskyi,1266,1269,3
Mycolicibacterium_wolinskyi,1847,1853,6
Mycolicibacterium_wolinskyi,1854,1863,9
Mycolicibacterium_wolinskyi,1865,1874,9
Mycolicibacterium_wolinskyi,1881,1883,2
Mycolicibacterium_wolinskyi,1885,1888,3
Mycolicibacterium_wolinskyi,1890,1898,8
Mycolicibacterium_wolinskyi,1902,1914,12
Mycolicibacterium_wolinskyi,1915,1925,10
Mycolicibacterium_wolinskyi,1931,1937,6
Mycolicibacterium_wolinskyi,2085,2086,1
Mycolicibacterium_wolinskyi,2699,2700,1
Mycolicibacterium_wolinskyi,3115,3136,21
Mycolicibacterium_wolinskyi,3140,3146,6
Mycolicibacterium_wolinskyi,3154,3178,24
Mycolicibacterium_vaccae,1,45,44
Mycolicibacterium_vaccae,48,49,1
Mycolicibacterium_vaccae,57,58,1
Mycolicibacterium_vaccae,91,166,75
Mycolicibacterium_vaccae,169,175,6
Mycolicibacterium_vaccae,326,329,3
Mycolicibacterium_vaccae,334,337,3
Mycolicibacterium_vaccae,339,351,12
Mycolicibacterium_vaccae,466,472,6
Mycolicibacterium_vaccae,1084,1090,6
Mycolicibacterium_vaccae,1091,1097,6
Mycolicibacterium_vaccae,1101,1110,9
Mycolicibacterium_vaccae,1116,1129,13
Mycolicibacterium_vaccae,1136,1139,3
Mycolicibacterium_vaccae,1140,1146,6
Mycolicibacterium_vaccae,1152,1158,6
Mycolicibacterium_vaccae,1159,1165,6
Mycolicibacterium_vaccae,1167,1170,3
Mycolicibacterium_vaccae,1224,1236,12
Mycolicibacterium_vaccae,1239,1248,9
Mycolicibacterium_vaccae,1251,1257,6
Mycolicibacterium_vaccae,1266,1269,3
Mycolicibacterium_vaccae,1847,1853,6
Mycolicibacterium_vaccae,1854,1863,9
Mycolicibacterium_vaccae,1865,1874,9
Mycolicibacterium_vaccae,1881,1883,2
Mycolicibacterium_vaccae,1885,1888,3
Mycolicibacterium_vaccae,1890,1898,8
Mycolicibacterium_vaccae,1902,1914,12
Mycolicibacterium_vaccae,1915,1925,10
Mycolicibacterium_vaccae,1931,1937,6
Mycolicibacterium_vaccae,2085,2086,1
Mycolicibacterium_vaccae,2699,2700,1
Mycolicibacterium_vaccae,3115,3127,12
Mycolicibacterium_vaccae,3140,3146,6
Mycolicibacterium_vaccae,3154,3178,24
Mycolicibacterium_parafortuitum,1,45,44
Mycolicibacterium_parafortuitum,48,49,1
Mycolicibacterium_parafortuitum,57,58,1
Mycolicibacterium_parafortuitum,91,166,75
Mycolicibacterium_parafortuitum,169,175,6
Mycolicibacterium_parafortuitum,326,329,3
Mycolicibacterium_parafortuitum,334,337,3
Mycolicibacterium_parafortuitum,339,351,12
Mycolicibacterium_parafortuitum,466,472,6
Mycolicibacterium_parafortuitum,1084,1090,6
Mycolicibacterium_parafortuitum,1091,1097,6
Mycolicibacterium_parafortuitum,1101,1110,9
Mycolicibacterium_parafortuitum,1116,1129,13
Mycolicibacterium_parafortuitum,1136,1139,3
Mycolicibacterium_parafortuitum,1140,1146,6
Mycolicibacterium_parafortuitum,1152,1158,6
Mycolicibacterium_parafortuitum,1159,1165,6
Mycolicibacterium_parafortuitum,1167,1170,3
Mycolicibacterium_parafortuitum,1224,1236,12
Mycolicibacterium_parafortuitum,1239,1248,9
Mycolicibacterium_parafortuitum,1251,1257,6
Mycolicibacterium_parafortuitum,1266,1269,3
Mycolicibacterium_parafortuitum,1847,1853,6
Mycolicibacterium_parafortuitum,1854,1863,9
Mycolicibacterium_parafortuitum,1865,1874,9
Mycolicibacterium_parafortuitum,1881,1883,2
Mycolicibacterium_parafortuitum,1885,1888,3
Mycolicibacterium_parafortuitum,1890,1898,8
Mycolicibacterium_parafortuitum,1902,1914,12
Mycolicibacterium_parafortuitum,1915,1925,10
Mycolicibacterium_parafortuitum,1931,1937,6
Mycolicibacterium_parafortuitum,2085,2086,1
Mycolicibacterium_parafortuitum,2699,2700,1
Mycolicibacterium_parafortuitum,3115,3136,21
Mycolicibacterium_parafortuitum,3140,3146,6
Mycolicibacterium_parafortuitum,3154,3178,24
Mycolicibacterium_komanii,1,45,44
Mycolicibacterium_komanii,48,49,1
Mycolicibacterium_komanii,57,58,1
Mycolicibacterium_komanii,93,162,69
Mycolicibacterium_komanii,169,175,6
Mycolicibacterium_komanii,326,329,3
Mycolicibacterium_komanii,334,337,3
Mycolicibacterium_komanii,339,351,12
Mycolicibacterium_komanii,466,472,6
Mycolicibacterium_komanii,1091,1097,6
Mycolicibacterium_komanii,1101,1110,9
Mycolicibacterium_komanii,1116,1129,13
Mycolicibacterium_komanii,1136,1139,3
Mycolicibacterium_komanii,1140,1146,6
Mycolicibacterium_komanii,1147,1150,3
Mycolicibacterium_komanii,1152,1158,6
Mycolicibacterium_komanii,1159,1165,6
Mycolicibacterium_komanii,1167,1170,3
Mycolicibacterium_komanii,1224,1236,12
Mycolicibacterium_komanii,1239,1248,9
Mycolicibacterium_komanii,1251,1257,6
Mycolicibacterium_komanii,1266,1269,3
Mycolicibacterium_komanii,1847,1853,6
Mycolicibacterium_komanii,1854,1863,9
Mycolicibacterium_komanii,1865,1874,9
Mycolicibacterium_komanii,1881,1883,2
Mycolicibacterium_komanii,1885,1888,3
Mycolicibacterium_komanii,1890,1898,8
Mycolicibacterium_komanii,1902,1914,12
Mycolicibacterium_komanii,1915,1925,10
Mycolicibacterium_komanii,1931,1937,6
Mycolicibacterium_komanii,2085,2086,1
Mycolicibacterium_komanii,2699,2700,1
Mycolicibacterium_komanii,3115,3151,36
Mycolicibacterium_komanii,3154,3178,24
Mycolicibacterium_rhodesiae,1,45,44
Mycolicibacterium_rhodesiae,48,49,1
Mycolicibacterium_rhodesiae,57,58,1
Mycolicibacterium_rhodesiae,98,104,6
Mycolicibacterium_rhodesiae,108,162,54
Mycolicibacterium_rhodesiae,169,175,6
Mycolicibacterium_rhodesiae,326,329,3
Mycolicibacterium_rhodesiae,339,351,12
Mycolicibacterium_rhodesiae,466,472,6
Mycolicibacterium_rhodesiae,1084,1090,6
Mycolicibacterium_rhodesiae,1091,1097,6
Mycolicibacterium_rhodesiae,1101,1110,9
Mycolicibacterium_rhodesiae,1116,1129,13
Mycolicibacterium_rhodesiae,1136,1139,3
Mycolicibacterium_rhodesiae,1140,1146,6
Mycolicibacterium_rhodesiae,1152,1158,6
Mycolicibacterium_rhodesiae,1159,1165,6
Mycolicibacterium_rhodesiae,1167,1170,3
Mycolicibacterium_rhodesiae,1224,1236,12
Mycolicibacterium_rhodesiae,1239,1248,9
Mycolicibacterium_rhodesiae,1251,1257,6
Mycolicibacterium_rhodesiae,1266,1269,3
Mycolicibacterium_rhodesiae,1847,1853,6
Mycolicibacterium_rhodesiae,1854,1863,9
Mycolicibacterium_rhodesiae,1865,1874,9
Mycolicibacterium_rhodesiae,1881,1883,2
Mycolicibacterium_rhodesiae,1885,1888,3
Mycolicibacterium_rhodesiae,1890,1898,8
Mycolicibacterium_rhodesiae,1902,1914,12
Mycolicibacterium_rhodesiae,1915,1925,10
Mycolicibacterium_rhodesiae,1931,1937,6
Mycolicibacterium_rhodesiae,2085,2086,1
Mycolicibacterium_rhodesiae,2699,2700,1
Mycolicibacterium_rhodesiae,3115,3151,36
Mycolicibacterium_rhodesiae,3154,3178,24
Mycolicibacterium_peregrinum,1,45,44
Mycolicibacterium_peregrinum,48,49,1
Mycolicibacterium_peregrinum,57,58,1
Mycolicibacterium_peregrinum,87,90,3
Mycolicibacterium_peregrinum,93,105,12
Mycolicibacterium_peregrinum,108,162,54
Mycolicibacterium_peregrinum,169,175,6
Mycolicibacterium_peregrinum,326,329,3
Mycolicibacterium_peregrinum,334,337,3
Mycolicibacterium_peregrinum,339,351,12
Mycolicibacterium_peregrinum,466,472,6
Mycolicibacterium_peregrinum,1084,1090,6
Mycolicibacterium_peregrinum,1091,1097,6
Mycolicibacterium_peregrinum,1101,1110,9
Mycolicibacterium_peregrinum,1116,1129,13
Mycolicibacterium_peregrinum,1136,1139,3
Mycolicibacterium_peregrinum,1140,1146,6
Mycolicibacterium_peregrinum,1152,1158,6
Mycolicibacterium_peregrinum,1159,1165,6
Mycolicibacterium_peregrinum,1167,1170,3
Mycolicibacterium_peregrinum,1224,1236,12
Mycolicibacterium_peregrinum,1239,1248,9
Mycolicibacterium_peregrinum,1251,1257,6
Mycolicibacterium_peregrinum,1266,1269,3
Mycolicibacterium_peregrinum,1847,1853,6
Mycolicibacterium_peregrinum,1854,1863,9
Mycolicibacterium_peregrinum,1865,1874,9
Mycolicibacterium_peregrinum,1881,1883,2
Mycolicibacterium_peregrinum,1885,1888,3
Mycolicibacterium_peregrinum,1890,1898,8
Mycolicibacterium_peregrinum,1902,1914,12
Mycolicibacterium_peregrinum,1915,1925,10
Mycolicibacterium_peregrinum,1931,1937,6
Mycolicibacterium_peregrinum,2085,2086,1
Mycolicibacterium_peregrinum,2699,2700,1
Mycolicibacterium_peregrinum,3115,3136,21
Mycolicibacterium_peregrinum,3140,3146,6
Mycolicibacterium_peregrinum,3154,3178,24
Mycobacterium_leprae,1,65,64
Mycobacterium_leprae,102,104,2
Mycobacterium_leprae,108,142,34
Mycobacterium_leprae,157,163,6
Mycobacterium_leprae,169,175,6
Mycobacterium_leprae,326,329,3
Mycobacterium_leprae,334,337,3
Mycobacterium_leprae,339,351,12
Mycobacterium_leprae,466,472,6
Mycobacterium_leprae,1084,1090,6
Mycobacterium_leprae,1091,1097,6
Mycobacterium_leprae,1101,1110,9
Mycobacterium_leprae,1116,1129,13
Mycobacterium_leprae,1136,1139,3
Mycobacterium_leprae,1140,1146,6
Mycobacterium_leprae,1152,1164,12
Mycobacterium_leprae,1167,1170,3
Mycobacterium_leprae,1224,1236,12
Mycobacterium_leprae,1239,1248,9
Mycobacterium_leprae,1251,1257,6
Mycobacterium_leprae,1265,1268,3
Mycobacterium_leprae,1847,1853,6
Mycobacterium_leprae,1854,1863,9
Mycobacterium_leprae,1865,1874,9
Mycobacterium_leprae,1881,1883,2
Mycobacterium_leprae,1885,1888,3
Mycobacterium_leprae,1890,1898,8
Mycobacterium_leprae,1903,1925,22
Mycobacterium_leprae,1931,1937,6
Mycobacterium_leprae,2085,2086,1
Mycobacterium_leprae,2699,2700,1
Mycobacterium_leprae,3115,3136,21
Mycobacterium_leprae,3140,3146,6
Mycobacterium_leprae,3154,3178,24
Mycolicibacter_icosiumassiliensis,1,45,44
Mycolicibacter_icosiumassiliensis,48,49,1
Mycolicibacter_icosiumassiliensis,57,58,1
Mycolicibacter_icosiumassiliensis,98,104,6
Mycolicibacter_icosiumassiliensis,108,144,36
Mycolicibacter_icosiumassiliensis,157,163,6
Mycolicibacter_icosiumassiliensis,169,175,6
Mycolicibacter_icosiumassiliensis,334,337,3
Mycolicibacter_icosiumassiliensis,341,356,15
Mycolicibacter_icosiumassiliensis,466,472,6
Mycolicibacter_icosiumassiliensis,1084,1090,6
Mycolicibacter_icosiumassiliensis,1091,1097,6
Mycolicibacter_icosiumassiliensis,1106,1110,4
Mycolicibacter_icosiumassiliensis,1116,1122,6
Mycolicibacter_icosiumassiliensis,1136,1139,3
Mycolicibacter_icosiumassiliensis,1140,1170,30
Mycolicibacter_icosiumassiliensis,1239,1248,9
Mycolicibacter_icosiumassiliensis,1251,1257,6
Mycolicibacter_icosiumassiliensis,1847,1853,6
Mycolicibacter_icosiumassiliensis,1854,1863,9
Mycolicibacter_icosiumassiliensis,1865,1874,9
Mycolicibacter_icosiumassiliensis,1881,1883,2
Mycolicibacter_icosiumassiliensis,1885,1888,3
Mycolicibacter_icosiumassiliensis,1890,1898,8
Mycolicibacter_icosiumassiliensis,1902,1914,12
Mycolicibacter_icosiumassiliensis,1915,1925,10
Mycolicibacter_icosiumassiliensis,1931,1937,6
Mycolicibacter_icosiumassiliensis,2085,2086,1
Mycolicibacter_icosiumassiliensis,2699,2700,1
Mycolicibacter_icosiumassiliensis,3115,3136,21
Mycolicibacter_icosiumassiliensis,3140,3146,6
Mycolicibacter_icosiumassiliensis,3154,3178,24
Mycolicibacterium_smegmatis,1,45,44
Mycolicibacterium_smegmatis,48,49,1
Mycolicibacterium_smegmatis,57,58,1
Mycolicibacterium_smegmatis,93,162,69
Mycolicibacterium_smegmatis,169,175,6
Mycolicibacterium_smegmatis,326,329,3
Mycolicibacterium_smegmatis,334,337,3
Mycolicibacterium_smegmatis,339,351,12
Mycolicibacterium_smegmatis,466,472,6
Mycolicibacterium_smegmatis,1084,1090,6
Mycolicibacterium_smegmatis,1091,1097,6
Mycolicibacterium_smegmatis,1101,1110,9
Mycolicibacterium_smegmatis,1116,1129,13
Mycolicibacterium_smegmatis,1136,1139,3
Mycolicibacterium_smegmatis,1140,1146,6
Mycolicibacterium_smegmatis,1152,1158,6
Mycolicibacterium_smegmatis,1159,1165,6
Mycolicibacterium_smegmatis,1167,1170,3
Mycolicibacterium_smegmatis,1224,1236,12
Mycolicibacterium_smegmatis,1239,1248,9
Mycolicibacterium_smegmatis,1251,1257,6
Mycolicibacterium_smegmatis,1266,1269,3
Mycolicibacterium_smegmatis,1847,1853,6
Mycolicibacterium_smegmatis,1854,1863,9
Mycolicibacterium_smegmatis,1865,1874,9
Mycolicibacterium_smegmatis,1881,1883,2
Mycolicibacterium_smegmatis,1885,1888,3
Mycolicibacterium_smegmatis,1890,1898,8
Mycolicibacterium_smegmatis,1902,1914,12
Mycolicibacterium_smegmatis,1915,1925,10
Mycolicibacterium_smegmatis,1931,1937,6
Mycolicibacterium_smegmatis,2085,2086,1
Mycolicibacterium_smegmatis,2699,2700,1
Mycolicibacterium_smegmatis,3115,3136,21
Mycolicibacterium_smegmatis,3140,3146,6
Mycolicibacterium_smegmatis,3154,3178,24
Mycolicibacterium_monacense,1,45,44
Mycolicibacterium_monacense,48,49,1
Mycolicibacterium_monacense,57,58,1
Mycolicibacterium_monacense,93,105,12
Mycolicibacterium_monacense,108,162,54
Mycolicibacterium_monacense,169,175,6
Mycolicibacterium_monacense,326,329,3
Mycolicibacterium_monacense,334,337,3
Mycolicibacterium_monacense,339,351,12
Mycolicibacterium_monacense,466,472,6
Mycolicibacterium_monacense,1084,1090,6
Mycolicibacterium_monacense,1091,1097,6
Mycolicibacterium_monacense,1101,1110,9
Mycolicibacterium_monacense,1116,1129,13
Mycolicibacterium_monacense,1136,1139,3
Mycolicibacterium_monacense,1140,1146,6
Mycolicibacterium_monacense,1152,1158,6
Mycolicibacterium_monacense,1159,1165,6
Mycolicibacterium_monacense,1167,1170,3
Mycolicibacterium_monacense,1224,1236,12
Mycolicibacterium_monacense,1239,1248,9
Mycolicibacterium_monacense,1251,1257,6
Mycolicibacterium_monacense,1266,1269,3
Mycolicibacterium_monacense,1847,1853,6
Mycolicibacterium_monacense,1854,1863,9
Mycolicibacterium_monacense,1865,1874,9
Mycolicibacterium_monacense,1881,1883,2
Mycolicibacterium_monacense,1885,1888,3
Mycolicibacterium_monacense,1890,1898,8
Mycolicibacterium_monacense,1902,1914,12
Mycolicibacterium_monacense,1915,1925,10
Mycolicibacterium_monacense,1931,1937,6
Mycolicibacterium_monacense,2085,2086,1
Mycolicibacterium_monacense,2699,2700,1
Mycolicibacterium_monacense,3115,3136,21
Mycolicibacterium_monacense,3154,3178,24
Mycolicibacterium_holsaticum,1,45,44
Mycolicibacterium_holsaticum,48,49,1
Mycolicibacterium_holsaticum,57,58,1
Mycolicibacterium_holsaticum,93,105,12
Mycolicibacterium_holsaticum,108,162,54
Mycolicibacterium_holsaticum,169,175,6
Mycolicibacterium_holsaticum,326,329,3
Mycolicibacterium_holsaticum,334,337,3
Mycolicibacterium_holsaticum,339,351,12
Mycolicibacterium_holsaticum,466,472,6
Mycolicibacterium_holsaticum,1084,1090,6
Mycolicibacterium_holsaticum,1091,1097,6
Mycolicibacterium_holsaticum,1101,1110,9
Mycolicibacterium_holsaticum,1116,1129,13
Mycolicibacterium_holsaticum,1136,1139,3
Mycolicibacterium_holsaticum,1140,1146,6
Mycolicibacterium_holsaticum,1152,1158,6
Mycolicibacterium_holsaticum,1159,1165,6
Mycolicibacterium_holsaticum,1167,1170,3
Mycolicibacterium_holsaticum,1224,1236,12
Mycolicibacterium_holsaticum,1239,1248,9
Mycolicibacterium_holsaticum,1251,1257,6
Mycolicibacterium_holsaticum,1266,1269,3
Mycolicibacterium_holsaticum,1847,1853,6
Mycolicibacterium_holsaticum,1854,1863,9
Mycolicibacterium_holsaticum,1865,1874,9
Mycolicibacterium_holsaticum,1881,1883,2
Mycolicibacterium_holsaticum,1885,1888,3
Mycolicibacterium_holsaticum,1890,1898,8
Mycolicibacterium_holsaticum,1902,1914,12
Mycolicibacterium_holsaticum,1915,1925,10
Mycolicibacterium_holsaticum,1931,1937,6
Mycolicibacterium_holsaticum,2085,2086,1
Mycolicibacterium_holsaticum,2699,2700,1
Mycolicibacterium_holsaticum,3115,3151,36
Mycolicibacterium_holsaticum,3154,3178,24
Mycolicibacterium_gadium,1,45,44
Mycolicibacterium_gadium,48,49,1
Mycolicibacterium_gadium,57,58,1
Mycolicibacterium_gadium,93,162,69
Mycolicibacterium_gadium,166,175,9
Mycolicibacterium_gadium,326,329,3
Mycolicibacterium_gadium,339,351,12
Mycolicibacterium_gadium,466,472,6
Mycolicibacterium_gadium,1084,1090,6
Mycolicibacterium_gadium,1091,1097,6
Mycolicibacterium_gadium,1101,1110,9
Mycolicibacterium_gadium,1116,1129,13
Mycolicibacterium_gadium,1136,1139,3
Mycolicibacterium_gadium,1140,1146,6
Mycolicibacterium_gadium,1152,1158,6
Mycolicibacterium_gadium,1159,1165,6
Mycolicibacterium_gadium,1167,1170,3
Mycolicibacterium_gadium,1224,1236,12
Mycolicibacterium_gadium,1239,1248,9
Mycolicibacterium_gadium,1251,1257,6
Mycolicibacterium_gadium,1266,1269,3
Mycolicibacterium_gadium,1847,1853,6
Mycolicibacterium_gadium,1854,1863,9
Mycolicibacterium_gadium,1865,1874,9
Mycolicibacterium_gadium,1881,1883,2
Mycolicibacterium_gadium,1885,1888,3
Mycolicibacterium_gadium,1890,1898,8
Mycolicibacterium_gadium,1902,1914,12
Mycolicibacterium_gadium,1915,1925,10
Mycolicibacterium_gadium,1931,1937,6
Mycolicibacterium_gadium,2085,2086,1
Mycolicibacterium_gadium,2699,2700,1
Mycolicibacterium_gadium,3115,3151,36
Mycolicibacterium_gadium,3154,3178,24
Mycolicibacterium_helvum,1,45,44
Mycolicibacterium_helvum,48,49,1
Mycolicibacterium_helvum,57,58,1
Mycolicibacterium_helvum,92,164,72
Mycolicibacterium_helvum,169,175,6
Mycolicibacterium_helvum,326,329,3
Mycolicibacterium_helvum,334,337,3
Mycolicibacterium_helvum,339,351,12
Mycolicibacterium_helvum,466,472,6
Mycolicibacterium_helvum,1084,1090,6
Mycolicibacterium_helvum,1091,1097,6
Mycolicibacterium_helvum,1101,1110,9
Mycolicibacterium_helvum,1116,1129,13
Mycolicibacterium_helvum,1136,1139,3
Mycolicibacterium_helvum,1140,1146,6
Mycolicibacterium_helvum,1152,1158,6
Mycolicibacterium_helvum,1159,1165,6
Mycolicibacterium_helvum,1167,1170,3
Mycolicibacterium_helvum,1224,1236,12
Mycolicibacterium_helvum,1239,1248,9
Mycolicibacterium_helvum,1251,1257,6
Mycolicibacterium_helvum,1266,1269,3
Mycolicibacterium_helvum,1847,1853,6
Mycolicibacterium_helvum,1854,1863,9
Mycolicibacterium_helvum,1865,1874,9
Mycolicibacterium_helvum,1881,1883,2
Mycolicibacterium_helvum,1885,1888,3
Mycolicibacterium_helvum,1890,1898,8
Mycolicibacterium_helvum,1902,1914,12
Mycolicibacterium_helvum,1915,1925,10
Mycolicibacterium_helvum,1931,1937,6
Mycolicibacterium_helvum,2085,2086,1
Mycolicibacterium_helvum,2699,2700,1
Mycolicibacterium_helvum,3115,3136,21
Mycolicibacterium_helvum,3140,3146,6
Mycolicibacterium_helvum,3154,3178,24
Mycolicibacterium_septicum,1,45,44
Mycolicibacterium_septicum,48,49,1
Mycolicibacterium_septicum,57,58,1
Mycolicibacterium_septicum,87,90,3
Mycolicibacterium_septicum,93,105,12
Mycolicibacterium_septicum,108,162,54
Mycolicibacterium_septicum,169,175,6
Mycolicibacterium_septicum,326,329,3
Mycolicibacterium_septicum,334,337,3
Mycolicibacterium_septicum,339,351,12
Mycolicibacterium_septicum,466,472,6
Mycolicibacterium_septicum,1084,1090,6
Mycolicibacterium_septicum,1091,1097,6
Mycolicibacterium_septicum,1101,1110,9
Mycolicibacterium_septicum,1116,1129,13
Mycolicibacterium_septicum,1136,1139,3
Mycolicibacterium_septicum,1140,1146,6
Mycolicibacterium_septicum,1152,1158,6
Mycolicibacterium_septicum,1159,1165,6
Mycolicibacterium_septicum,1167,1170,3
Mycolicibacterium_septicum,1224,1236,12
Mycolicibacterium_septicum,1239,1248,9
Mycolicibacterium_septicum,1251,1257,6
Mycolicibacterium_septicum,1266,1269,3
Mycolicibacterium_septicum,1847,1853,6
Mycolicibacterium_septicum,1854,1863,9
Mycolicibacterium_septicum,1865,1874,9
Mycolicibacterium_septicum,1881,1883,2
Mycolicibacterium_septicum,1885,1888,3
Mycolicibacterium_septicum,1890,1898,8
Mycolicibacterium_septicum,1902,1914,12
Mycolicibacterium_septicum,1915,1925,10
Mycolicibacterium_septicum,1931,1937,6
Mycolicibacterium_septicum,2085,2086,1
Mycolicibacterium_septicum,2699,2700,1
Mycolicibacterium_septicum,3115,3136,21
Mycolicibacterium_septicum,3140,3146,6
Mycolicibacterium_septicum,3154,3178,24
Mycolicibacterium_aromaticivorans,1,45,44
Mycolicibacterium_aromaticivorans,48,49,1
Mycolicibacterium_aromaticivorans,57,58,1
Mycolicibacterium_aromaticivorans,92,164,72
Mycolicibacterium_aromaticivorans,169,175,6
Mycolicibacterium_aromaticivorans,326,329,3
Mycolicibacterium_aromaticivorans,334,337,3
Mycolicibacterium_aromaticivorans,339,351,12
Mycolicibacterium_aromaticivorans,466,472,6
Mycolicibacterium_aromaticivorans,1084,1090,6
Mycolicibacterium_aromaticivorans,1091,1097,6
Mycolicibacterium_aromaticivorans,1101,1110,9
Mycolicibacterium_aromaticivorans,1116,1129,13
Mycolicibacterium_aromaticivorans,1136,1139,3
Mycolicibacterium_aromaticivorans,1140,1146,6
Mycolicibacterium_aromaticivorans,1152,1158,6
Mycolicibacterium_aromaticivorans,1159,1165,6
Mycolicibacterium_aromaticivorans,1167,1170,3
Mycolicibacterium_aromaticivorans,1224,1236,12
Mycolicibacterium_aromaticivorans,1239,1248,9
Mycolicibacterium_aromaticivorans,1251,1257,6
Mycolicibacterium_aromaticivorans,1266,1269,3
Mycolicibacterium_aromaticivorans,1847,1853,6
Mycolicibacterium_aromaticivorans,1854,1863,9
Mycolicibacterium_aromaticivorans,1865,1874,9
Mycolicibacterium_aromaticivorans,1881,1883,2
Mycolicibacterium_aromaticivorans,1885,1888,3
Mycolicibacterium_aromaticivorans,1890,1898,8
Mycolicibacterium_aromaticivorans,1902,1914,12
Mycolicibacterium_aromaticivorans,1915,1925,10
Mycolicibacterium_aromaticivorans,1931,1937,6
Mycolicibacterium_aromaticivorans,2085,2086,1
Mycolicibacterium_aromaticivorans,2699,2700,1
Mycolicibacterium_aromaticivorans,3115,3136,21
Mycolicibacterium_aromaticivorans,3140,3146,6
Mycolicibacterium_aromaticivorans,3154,3178,24
Mycolicibacter_minnesotensis,1,45,44
Mycolicibacter_minnesotensis,48,49,1
Mycolicibacter_minnesotensis,57,58,1
Mycolicibacter_minnesotensis,98,104,6
Mycolicibacter_minnesotensis,108,144,36
Mycolicibacter_minnesotensis,157,163,6
Mycolicibacter_minnesotensis,169,175,6
Mycolicibacter_minnesotensis,334,337,3
Mycolicibacter_minnesotensis,341,356,15
Mycolicibacter_minnesotensis,466,472,6
Mycolicibacter_minnesotensis,1084,1090,6
Mycolicibacter_minnesotensis,1091,1097,6
Mycolicibacter_minnesotensis,1106,1110,4
Mycolicibacter_minnesotensis,1116,1122,6
Mycolicibacter_minnesotensis,1136,1139,3
Mycolicibacter_minnesotensis,1140,1170,30
Mycolicibacter_minnesotensis,1239,1248,9
Mycolicibacter_minnesotensis,1847,1853,6
Mycolicibacter_minnesotensis,1854,1863,9
Mycolicibacter_minnesotensis,1865,1874,9
Mycolicibacter_minnesotensis,1881,1883,2
Mycolicibacter_minnesotensis,1885,1888,3
Mycolicibacter_minnesotensis,1890,1898,8
Mycolicibacter_minnesotensis,1902,1914,12
Mycolicibacter_minnesotensis,1915,1925,10
Mycolicibacter_minnesotensis,1931,1937,6
Mycolicibacter_minnesotensis,2085,2086,1
Mycolicibacter_minnesotensis,2699,2700,1
Mycolicibacter_minnesotensis,3115,3136,21
Mycolicibacter_minnesotensis,3140,3146,6
Mycolicibacter_minnesotensis,3154,3178,24
Mycolicibacterium_obuense,1,45,44
Mycolicibacterium_obuense,48,49,1
Mycolicibacterium_obuense,57,58,1
Mycolicibacterium_obuense,92,164,72
Mycolicibacterium_obuense,167,176,9
Mycolicibacterium_obuense,326,329,3
Mycolicibacterium_obuense,334,337,3
Mycolicibacterium_obuense,339,351,12
Mycolicibacterium_obuense,466,472,6
Mycolicibacterium_obuense,1084,1090,6
Mycolicibacterium_obuense,1091,1097,6
Mycolicibacterium_obuense,1101,1110,9
Mycolicibacterium_obuense,1116,1129,13
Mycolicibacterium_obuense,1136,1139,3
Mycolicibacterium_obuense,1140,1146,6
Mycolicibacterium_obuense,1152,1158,6
Mycolicibacterium_obuense,1159,1165,6
Mycolicibacterium_obuense,1167,1170,3
Mycolicibacterium_obuense,1224,1236,12
Mycolicibacterium_obuense,1239,1248,9
Mycolicibacterium_obuense,1251,1257,6
Mycolicibacterium_obuense,1266,1269,3
Mycolicibacterium_obuense,1847,1853,6
Mycolicibacterium_obuense,1854,1863,9
Mycolicibacterium_obuense,1865,1874,9
Mycolicibacterium_obuense,1881,1883,2
Mycolicibacterium_obuense,1885,1888,3
Mycolicibacterium_obuense,1890,1898,8
Mycolicibacterium_obuense,1902,1914,12
Mycolicibacterium_obuense,1915,1925,10
Mycolicibacterium_obuense,1931,1937,6
Mycolicibacterium_obuense,2085,2086,1
Mycolicibacterium_obuense,2699,2700,1
Mycolicibacterium_obuense,3115,3151,36
Mycolicibacterium_obuense,3154,3178,24
Mycolicibacterium_vinylchloridicum,1,65,64
Mycolicibacterium_vinylchloridicum,92,164,72
Mycolicibacterium_vinylchloridicum,169,175,6
Mycolicibacterium_vinylchloridicum,326,329,3
Mycolicibacterium_vinylchloridicum,334,337,3
Mycolicibacterium_vinylchloridicum,339,351,12
Mycolicibacterium_vinylchloridicum,466,472,6
Mycolicibacterium_vinylchloridicum,1084,1090,6
Mycolicibacterium_vinylchloridicum,1091,1097,6
Mycolicibacterium_vinylchloridicum,1101,1110,9
Mycolicibacterium_vinylchloridicum,1116,1129,13
Mycolicibacterium_vinylchloridicum,1136,1139,3
Mycolicibacterium_vinylchloridicum,1140,1146,6
Mycolicibacterium_vinylchloridicum,1152,1158,6
Mycolicibacterium_vinylchloridicum,1159,1165,6
Mycolicibacterium_vinylchloridicum,1167,1170,3
Mycolicibacterium_vinylchloridicum,1224,1236,12
Mycolicibacterium_vinylchloridicum,1239,1248,9
Mycolicibacterium_vinylchloridicum,1251,1257,6
Mycolicibacterium_vinylchloridicum,1266,1269,3
Mycolicibacterium_vinylchloridicum,1847,1853,6
Mycolicibacterium_vinylchloridicum,1854,1863,9
Mycolicibacterium_vinylchloridicum,1865,1874,9
Mycolicibacterium_vinylchloridicum,1881,1883,2
Mycolicibacterium_vinylchloridicum,1885,1888,3
Mycolicibacterium_vinylchloridicum,1890,1898,8
Mycolicibacterium_vinylchloridicum,1902,1914,12
Mycolicibacterium_vinylchloridicum,1915,1925,10
Mycolicibacterium_vinylchloridicum,1931,1937,6
Mycolicibacterium_vinylchloridicum,2085,2086,1
Mycolicibacterium_vinylchloridicum,2699,2700,1
Mycolicibacterium_vinylchloridicum,3115,3151,36
Mycolicibacterium_vinylchloridicum,3154,3178,24
Mycolicibacterium_chubuense,1,45,44
Mycolicibacterium_chubuense,48,49,1
Mycolicibacterium_chubuense,57,58,1
Mycolicibacterium_chubuense,92,164,72
Mycolicibacterium_chubuense,169,175,6
Mycolicibacterium_chubuense,326,329,3
Mycolicibacterium_chubuense,334,337,3
Mycolicibacterium_chubuense,339,351,12
Mycolicibacterium_chubuense,466,472,6
Mycolicibacterium_chubuense,1084,1090,6
Mycolicibacterium_chubuense,1091,1097,6
Mycolicibacterium_chubuense,1101,1110,9
Mycolicibacterium_chubuense,1116,1129,13
Mycolicibacterium_chubuense,1136,1139,3
Mycolicibacterium_chubuense,1140,1146,6
Mycolicibacterium_chubuense,1152,1158,6
Mycolicibacterium_chubuense,1159,1165,6
Mycolicibacterium_chubuense,1167,1170,3
Mycolicibacterium_chubuense,1224,1236,12
Mycolicibacterium_chubuense,1239,1248,9
Mycolicibacterium_chubuense,1251,1257,6
Mycolicibacterium_chubuense,1266,1269,3
Mycolicibacterium_chubuense,1847,1853,6
Mycolicibacterium_chubuense,1854,1863,9
Mycolicibacterium_chubuense,1865,1874,9
Mycolicibacterium_chubuense,1881,1883,2
Mycolicibacterium_chubuense,1885,1888,3
Mycolicibacterium_chubuense,1890,1898,8
Mycolicibacterium_chubuense,1902,1914,12
Mycolicibacterium_chubuense,1915,1925,10
Mycolicibacterium_chubuense,1931,1937,6
Mycolicibacterium_chubuense,2085,2086,1
Mycolicibacterium_chubuense,2699,2700,1
Mycolicibacterium_chubuense,3115,3151,36
Mycolicibacterium_chubuense,3154,3178,24
Mycobacterium_kyogaense,1,45,44
Mycobacterium_kyogaense,48,49,1
Mycobacterium_kyogaense,57,58,1
Mycobacterium_kyogaense,92,164,72
Mycobacterium_kyogaense,167,176,9
Mycobacterium_kyogaense,326,329,3
Mycobacterium_kyogaense,334,337,3
Mycobacterium_kyogaense,339,351,12
Mycobacterium_kyogaense,466,472,6
Mycobacterium_kyogaense,1084,1090,6
Mycobacterium_kyogaense,1091,1097,6
Mycobacterium_kyogaense,1101,1110,9
Mycobacterium_kyogaense,1116,1129,13
Mycobacterium_kyogaense,1136,1139,3
Mycobacterium_kyogaense,1140,1146,6
Mycobacterium_kyogaense,1152,1158,6
Mycobacterium_kyogaense,1159,1165,6
Mycobacterium_kyogaense,1167,1170,3
Mycobacterium_kyogaense,1224,1236,12
Mycobacterium_kyogaense,1239,1248,9
Mycobacterium_kyogaense,1251,1257,6
Mycobacterium_kyogaense,1266,1269,3
Mycobacterium_kyogaense,1847,1853,6
Mycobacterium_kyogaense,1854,1863,9
Mycobacterium_kyogaense,1865,1874,9
Mycobacterium_kyogaense,1881,1883,2
Mycobacterium_kyogaense,1885,1888,3
Mycobacterium_kyogaense,1890,1898,8
Mycobacterium_kyogaense,1902,1914,12
Mycobacterium_kyogaense,1915,1925,10
Mycobacterium_kyogaense,1931,1937,6
Mycobacterium_kyogaense,2085,2086,1
Mycobacterium_kyogaense,2699,2700,1
Mycobacterium_kyogaense,3115,3151,36
Mycobacterium_kyogaense,3154,3178,24
Mycolicibacterium_stellerae,1,45,44
Mycolicibacterium_stellerae,48,49,1
Mycolicibacterium_stellerae,57,58,1
Mycolicibacterium_stellerae,93,162,69
Mycolicibacterium_stellerae,169,175,6
Mycolicibacterium_stellerae,326,329,3
Mycolicibacterium_stellerae,334,337,3
Mycolicibacterium_stellerae,339,351,12
Mycolicibacterium_stellerae,466,472,6
Mycolicibacterium_stellerae,1084,1090,6
Mycolicibacterium_stellerae,1091,1097,6
Mycolicibacterium_stellerae,1101,1110,9
Mycolicibacterium_stellerae,1116,1129,13
Mycolicibacterium_stellerae,1136,1139,3
Mycolicibacterium_stellerae,1140,1146,6
Mycolicibacterium_stellerae,1152,1158,6
Mycolicibacterium_stellerae,1159,1165,6
Mycolicibacterium_stellerae,1167,1170,3
Mycolicibacterium_stellerae,1224,1236,12
Mycolicibacterium_stellerae,1239,1248,9
Mycolicibacterium_stellerae,1251,1257,6
Mycolicibacterium_stellerae,1266,1269,3
Mycolicibacterium_stellerae,1847,1853,6
Mycolicibacterium_stellerae,1854,1863,9
Mycolicibacterium_stellerae,1865,1874,9
Mycolicibacterium_stellerae,1881,1883,2
Mycolicibacterium_stellerae,1885,1888,3
Mycolicibacterium_stellerae,1890,1898,8
Mycolicibacterium_stellerae,1902,1914,12
Mycolicibacterium_stellerae,1915,1925,10
Mycolicibacterium_stellerae,1931,1937,6
Mycolicibacterium_stellerae,2085,2086,1
Mycolicibacterium_stellerae,2699,2700,1
Mycolicibacterium_stellerae,3115,3151,36
Mycolicibacterium_stellerae,3154,3178,24
Mycolicibacterium_nivoides,1,45,44
Mycolicibacterium_nivoides,48,49,1
Mycolicibacterium_nivoides,57,58,1
Mycolicibacterium_nivoides,87,90,3
Mycolicibacterium_nivoides,93,105,12
Mycolicibacterium_nivoides,108,162,54
Mycolicibacterium_nivoides,169,175,6
Mycolicibacterium_nivoides,326,329,3
Mycolicibacterium_nivoides,334,337,3
Mycolicibacterium_nivoides,339,351,12
Mycolicibacterium_nivoides,466,472,6
Mycolicibacterium_nivoides,1084,1090,6
Mycolicibacterium_nivoides,1091,1097,6
Mycolicibacterium_nivoides,1101,1110,9
Mycolicibacterium_nivoides,1116,1129,13
Mycolicibacterium_nivoides,1136,1139,3
Mycolicibacterium_nivoides,1140,1146,6
Mycolicibacterium_nivoides,1152,1158,6
Mycolicibacterium_nivoides,1159,1165,6
Mycolicibacterium_nivoides,1167,1170,3
Mycolicibacterium_nivoides,1224,1236,12
Mycolicibacterium_nivoides,1239,1248,9
Mycolicibacterium_nivoides,1251,1257,6
Mycolicibacterium_nivoides,1266,1269,3
Mycolicibacterium_nivoides,1847,1853,6
Mycolicibacterium_nivoides,1854,1863,9
Mycolicibacterium_nivoides,1865,1874,9
Mycolicibacterium_nivoides,1881,1883,2
Mycolicibacterium_nivoides,1885,1888,3
Mycolicibacterium_nivoides,1890,1898,8
Mycolicibacterium_nivoides,1902,1914,12
Mycolicibacterium_nivoides,1915,1925,10
Mycolicibacterium_nivoides,1931,1937,6
Mycolicibacterium_nivoides,2085,2086,1
Mycolicibacterium_nivoides,2699,2700,1
Mycolicibacterium_nivoides,3115,3136,21
Mycolicibacterium_nivoides,3140,3146,6
Mycolicibacterium_nivoides,3154,3178,24
Mycolicibacterium_tusciae,1,45,44
Mycolicibacterium_tusciae,48,49,1
Mycolicibacterium_tusciae,57,58,1
Mycolicibacterium_tusciae,93,162,69
Mycolicibacterium_tusciae,169,175,6
Mycolicibacterium_tusciae,326,329,3
Mycolicibacterium_tusciae,339,351,12
Mycolicibacterium_tusciae,466,472,6
Mycolicibacterium_tusciae,1084,1090,6
Mycolicibacterium_tusciae,1091,1097,6
Mycolicibacterium_tusciae,1101,1110,9
Mycolicibacterium_tusciae,1116,1129,13
Mycolicibacterium_tusciae,1136,1139,3
Mycolicibacterium_tusciae,1140,1146,6
Mycolicibacterium_tusciae,1152,1158,6
Mycolicibacterium_tusciae,1159,1165,6
Mycolicibacterium_tusciae,1167,1170,3
Mycolicibacterium_tusciae,1224,1236,12
Mycolicibacterium_tusciae,1239,1248,9
Mycolicibacterium_tusciae,1251,1257,6
Mycolicibacterium_tusciae,1266,1269,3
Mycolicibacterium_tusciae,1847,1853,6
Mycolicibacterium_tusciae,1854,1863,9
Mycolicibacterium_tusciae,1865,1874,9
Mycolicibacterium_tusciae,1881,1883,2
Mycolicibacterium_tusciae,1885,1888,3
Mycolicibacterium_tusciae,1890,1898,8
Mycolicibacterium_tusciae,1902,1914,12
Mycolicibacterium_tusciae,1915,1925,10
Mycolicibacterium_tusciae,1931,1937,6
Mycolicibacterium_tusciae,2085,2086,1
Mycolicibacterium_tusciae,2699,2700,1
Mycolicibacterium_tusciae,3115,3151,36
Mycolicibacterium_tusciae,3154,3178,24
Mycolicibacterium_boenickei,1,45,44
Mycolicibacterium_boenickei,48,49,1
Mycolicibacterium_boenickei,57,58,1
Mycolicibacterium_boenickei,87,90,3
Mycolicibacterium_boenickei,93,105,12
Mycolicibacterium_boenickei,108,162,54
Mycolicibacterium_boenickei,169,175,6
Mycolicibacterium_boenickei,326,329,3
Mycolicibacterium_boenickei,334,337,3
Mycolicibacterium_boenickei,339,351,12
Mycolicibacterium_boenickei,466,472,6
Mycolicibacterium_boenickei,1084,1090,6
Mycolicibacterium_boenickei,1091,1097,6
Mycolicibacterium_boenickei,1101,1110,9
Mycolicibacterium_boenickei,1116,1129,13
Mycolicibacterium_boenickei,1136,1139,3
Mycolicibacterium_boenickei,1140,1146,6
Mycolicibacterium_boenickei,1152,1158,6
Mycolicibacterium_boenickei,1159,1165,6
Mycolicibacterium_boenickei,1167,1170,3
Mycolicibacterium_boenickei,1224,1236,12
Mycolicibacterium_boenickei,1239,1248,9
Mycolicibacterium_boenickei,1251,1257,6
Mycolicibacterium_boenickei,1266,1269,3
Mycolicibacterium_boenickei,1847,1853,6
Mycolicibacterium_boenickei,1854,1863,9
Mycolicibacterium_boenickei,1865,1874,9
Mycolicibacterium_boenickei,1881,1883,2
Mycolicibacterium_boenickei,1885,1888,3
Mycolicibacterium_boenickei,1890,1898,8
Mycolicibacterium_boenickei,1902,1914,12
Mycolicibacterium_boenickei,1915,1925,10
Mycolicibacterium_boenickei,1931,1937,6
Mycolicibacterium_boenickei,2085,2086,1
Mycolicibacterium_boenickei,2699,2700,1
Mycolicibacterium_boenickei,3115,3136,21
Mycolicibacterium_boenickei,3140,3146,6
Mycolicibacterium_boenickei,3154,3178,24
Mycolicibacterium_alvei,1,45,44
Mycolicibacterium_alvei,48,49,1
Mycolicibacterium_alvei,57,58,1
Mycolicibacterium_alvei,87,90,3
Mycolicibacterium_alvei,93,105,12
Mycolicibacterium_alvei,108,162,54
Mycolicibacterium_alvei,169,175,6
Mycolicibacterium_alvei,326,329,3
Mycolicibacterium_alvei,334,337,3
Mycolicibacterium_alvei,339,351,12
Mycolicibacterium_alvei,466,472,6
Mycolicibacterium_alvei,1084,1090,6
Mycolicibacterium_alvei,1091,1097,6
Mycolicibacterium_alvei,1101,1110,9
Mycolicibacterium_alvei,1116,1129,13
Mycolicibacterium_alvei,1136,1139,3
Mycolicibacterium_alvei,1140,1146,6
Mycolicibacterium_alvei,1152,1158,6
Mycolicibacterium_alvei,1159,1165,6
Mycolicibacterium_alvei,1167,1170,3
Mycolicibacterium_alvei,1224,1236,12
Mycolicibacterium_alvei,1239,1248,9
Mycolicibacterium_alvei,1251,1257,6
Mycolicibacterium_alvei,1266,1269,3
Mycolicibacterium_alvei,1847,1853,6
Mycolicibacterium_alvei,1854,1863,9
Mycolicibacterium_alvei,1865,1874,9
Mycolicibacterium_alvei,1881,1883,2
Mycolicibacterium_alvei,1885,1888,3
Mycolicibacterium_alvei,1890,1898,8
Mycolicibacterium_alvei,1902,1914,12
Mycolicibacterium_alvei,1915,1925,10
Mycolicibacterium_alvei,1931,1937,6
Mycolicibacterium_alvei,2085,2086,1
Mycolicibacterium_alvei,2699,2700,1
Mycolicibacterium_alvei,3115,3136,21
Mycolicibacterium_alvei,3140,3146,6
Mycolicibacterium_alvei,3154,3178,24
Mycobacterium_hackensackense,1,45,44
Mycobacterium_hackensackense,48,49,1
Mycobacterium_hackensackense,57,58,1
Mycobacterium_hackensackense,91,166,75
Mycobacterium_hackensackense,169,175,6
Mycobacterium_hackensackense,326,329,3
Mycobacterium_hackensackense,339,351,12
Mycobacterium_hackensackense,466,472,6
Mycobacterium_hackensackense,1084,1090,6
Mycobacterium_hackensackense,1091,1097,6
Mycobacterium_hackensackense,1101,1110,9
Mycobacterium_hackensackense,1116,1129,13
Mycobacterium_hackensackense,1136,1139,3
Mycobacterium_hackensackense,1140,1146,6
Mycobacterium_hackensackense,1152,1158,6
Mycobacterium_hackensackense,1159,1165,6
Mycobacterium_hackensackense,1167,1170,3
Mycobacterium_hackensackense,1224,1236,12
Mycobacterium_hackensackense,1239,1248,9
Mycobacterium_hackensackense,1251,1257,6
Mycobacterium_hackensackense,1266,1269,3
Mycobacterium_hackensackense,1847,1853,6
Mycobacterium_hackensackense,1854,1863,9
Mycobacterium_hackensackense,1865,1874,9
Mycobacterium_hackensackense,1881,1883,2
Mycobacterium_hackensackense,1885,1888,3
Mycobacterium_hackensackense,1890,1898,8
Mycobacterium_hackensackense,1902,1914,12
Mycobacterium_hackensackense,1915,1925,10
Mycobacterium_hackensackense,1931,1937,6
Mycobacterium_hackensackense,2085,2086,1
Mycobacterium_hackensackense,2699,2700,1
Mycobacterium_hackensackense,3115,3136,21
Mycobacterium_hackensackense,3140,3146,6
Mycobacterium_hackensackense,3154,3178,24
Mycolicibacterium_gilvum,1,45,44
Mycolicibacterium_gilvum,48,49,1
Mycolicibacterium_gilvum,57,58,1
Mycolicibacterium_gilvum,91,166,75
Mycolicibacterium_gilvum,169,175,6
Mycolicibacterium_gilvum,326,329,3
Mycolicibacterium_gilvum,334,337,3
Mycolicibacterium_gilvum,339,351,12
Mycolicibacterium_gilvum,466,472,6
Mycolicibacterium_gilvum,1084,1090,6
Mycolicibacterium_gilvum,1091,1097,6
Mycolicibacterium_gilvum,1101,1110,9
Mycolicibacterium_gilvum,1116,1129,13
Mycolicibacterium_gilvum,1136,1139,3
Mycolicibacterium_gilvum,1140,1146,6
Mycolicibacterium_gilvum,1152,1158,6
Mycolicibacterium_gilvum,1159,1165,6
Mycolicibacterium_gilvum,1167,1170,3
Mycolicibacterium_gilvum,1224,1236,12
Mycolicibacterium_gilvum,1239,1248,9
Mycolicibacterium_gilvum,1251,1257,6
Mycolicibacterium_gilvum,1266,1269,3
Mycolicibacterium_gilvum,1847,1853,6
Mycolicibacterium_gilvum,1854,1863,9
Mycolicibacterium_gilvum,1865,1874,9
Mycolicibacterium_gilvum,1881,1883,2
Mycolicibacterium_gilvum,1885,1888,3
Mycolicibacterium_gilvum,1890,1898,8
Mycolicibacterium_gilvum,1902,1914,12
Mycolicibacterium_gilvum,1915,1925,10
Mycolicibacterium_gilvum,1931,1937,6
Mycolicibacterium_gilvum,2085,2086,1
Mycolicibacterium_gilvum,2699,2700,1
Mycolicibacterium_gilvum,3140,3146,6
Mycolicibacterium_gilvum,3154,3178,24
Mycolicibacterium_setense,1,45,44
Mycolicibacterium_setense,48,49,1
Mycolicibacterium_setense,57,58,1
Mycolicibacterium_setense,87,90,3
Mycolicibacterium_setense,93,105,12
Mycolicibacterium_setense,108,162,54
Mycolicibacterium_setense,169,175,6
Mycolicibacterium_setense,326,329,3
Mycolicibacterium_setense,334,337,3
Mycolicibacterium_setense,339,351,12
Mycolicibacterium_setense,466,472,6
Mycolicibacterium_setense,1084,1090,6
Mycolicibacterium_setense,1091,1097,6
Mycolicibacterium_setense,1101,1110,9
Mycolicibacterium_setense,1116,1129,13
Mycolicibacterium_setense,1136,1139,3
Mycolicibacterium_setense,1140,1146,6
Mycolicibacterium_setense,1152,1158,6
Mycolicibacterium_setense,1159,1165,6
Mycolicibacterium_setense,1167,1170,3
Mycolicibacterium_setense,1224,1236,12
Mycolicibacterium_setense,1239,1248,9
Mycolicibacterium_setense,1251,1257,6
Mycolicibacterium_setense,1266,1269,3
Mycolicibacterium_setense,1847,1853,6
Mycolicibacterium_setense,1854,1863,9
Mycolicibacterium_setense,1865,1874,9
Mycolicibacterium_setense,1881,1883,2
Mycolicibacterium_setense,1885,1888,3
Mycolicibacterium_setense,1890,1898,8
Mycolicibacterium_setense,1902,1914,12
Mycolicibacterium_setense,1915,1925,10
Mycolicibacterium_setense,1931,1937,6
Mycolicibacterium_setense,2085,2086,1
Mycolicibacterium_setense,2699,2700,1
Mycolicibacterium_setense,3115,3136,21
Mycolicibacterium_setense,3140,3146,6
Mycolicibacterium_setense,3154,3178,24
Mycobacterium_lepromatosis,1,65,64
Mycobacterium_lepromatosis,102,104,2
Mycobacterium_lepromatosis,108,142,34
Mycobacterium_lepromatosis,157,163,6
Mycobacterium_lepromatosis,169,175,6
Mycobacterium_lepromatosis,326,329,3
Mycobacterium_lepromatosis,334,337,3
Mycobacterium_lepromatosis,339,351,12
Mycobacterium_lepromatosis,466,472,6
Mycobacterium_lepromatosis,1084,1090,6
Mycobacterium_lepromatosis,1091,1097,6
Mycobacterium_lepromatosis,1101,1110,9
Mycobacterium_lepromatosis,1116,1129,13
Mycobacterium_lepromatosis,1136,1139,3
Mycobacterium_lepromatosis,1140,1146,6
Mycobacterium_lepromatosis,1152,1164,12
Mycobacterium_lepromatosis,1167,1170,3
Mycobacterium_lepromatosis,1224,1236,12
Mycobacterium_lepromatosis,1239,1248,9
Mycobacterium_lepromatosis,1251,1257,6
Mycobacterium_lepromatosis,1265,1268,3
Mycobacterium_lepromatosis,1847,1853,6
Mycobacterium_lepromatosis,1854,1863,9
Mycobacterium_lepromatosis,1865,1874,9
Mycobacterium_lepromatosis,1881,1883,2
Mycobacterium_lepromatosis,1885,1888,3
Mycobacterium_lepromatosis,1890,1898,8
Mycobacterium_lepromatosis,1903,1925,22
Mycobacterium_lepromatosis,1931,1937,6
Mycobacterium_lepromatosis,2085,2086,1
Mycobacterium_lepromatosis,2699,2700,1
Mycobacterium_lepromatosis,3115,3136,21
Mycobacterium_lepromatosis,3140,3146,6
Mycobacterium_lepromatosis,3154,3178,24
Mycolicibacterium_lutetiense,1,65,64
Mycolicibacterium_lutetiense,87,90,3
Mycolicibacterium_lutetiense,93,105,12
Mycolicibacterium_lutetiense,108,162,54
Mycolicibacterium_lutetiense,169,175,6
Mycolicibacterium_lutetiense,326,329,3
Mycolicibacterium_lutetiense,334,337,3
Mycolicibacterium_lutetiense,339,351,12
Mycolicibacterium_lutetiense,466,472,6
Mycolicibacterium_lutetiense,1084,1090,6
Mycolicibacterium_lutetiense,1091,1097,6
Mycolicibacterium_lutetiense,1101,1110,9
Mycolicibacterium_lutetiense,1116,1129,13
Mycolicibacterium_lutetiense,1136,1139,3
Mycolicibacterium_lutetiense,1140,1146,6
Mycolicibacterium_lutetiense,1152,1158,6
Mycolicibacterium_lutetiense,1159,1165,6
Mycolicibacterium_lutetiense,1167,1170,3
Mycolicibacterium_lutetiense,1224,1236,12
Mycolicibacterium_lutetiense,1239,1248,9
Mycolicibacterium_lutetiense,1251,1257,6
Mycolicibacterium_lutetiense,1266,1269,3
Mycolicibacterium_lutetiense,1847,1853,6
Mycolicibacterium_lutetiense,1854,1863,9
Mycolicibacterium_lutetiense,1865,1874,9
Mycolicibacterium_lutetiense,1881,1883,2
Mycolicibacterium_lutetiense,1885,1888,3
Mycolicibacterium_lutetiense,1890,1898,8
Mycolicibacterium_lutetiense,1902,1914,12
Mycolicibacterium_lutetiense,1915,1925,10
Mycolicibacterium_lutetiense,1931,1937,6
Mycolicibacterium_lutetiense,2085,2086,1
Mycolicibacterium_lutetiense,2699,2700,1
Mycolicibacterium_lutetiense,3115,3136,21
Mycolicibacterium_lutetiense,3140,3146,6
Mycolicibacterium_lutetiense,3154,3178,24
Mycolicibacterium_cosmeticum,1,45,44
Mycolicibacterium_cosmeticum,48,49,1
Mycolicibacterium_cosmeticum,57,58,1
Mycolicibacterium_cosmeticum,91,166,75
Mycolicibacterium_cosmeticum,169,175,6
Mycolicibacterium_cosmeticum,326,329,3
Mycolicibacterium_cosmeticum,334,337,3
Mycolicibacterium_cosmeticum,339,351,12
Mycolicibacterium_cosmeticum,466,472,6
Mycolicibacterium_cosmeticum,1084,1090,6
Mycolicibacterium_cosmeticum,1091,1097,6
Mycolicibacterium_cosmeticum,1101,1110,9
Mycolicibacterium_cosmeticum,1116,1129,13
Mycolicibacterium_cosmeticum,1136,1139,3
Mycolicibacterium_cosmeticum,1140,1146,6
Mycolicibacterium_cosmeticum,1152,1158,6
Mycolicibacterium_cosmeticum,1159,1165,6
Mycolicibacterium_cosmeticum,1167,1170,3
Mycolicibacterium_cosmeticum,1224,1236,12
Mycolicibacterium_cosmeticum,1239,1248,9
Mycolicibacterium_cosmeticum,1251,1257,6
Mycolicibacterium_cosmeticum,1266,1269,3
Mycolicibacterium_cosmeticum,1847,1853,6
Mycolicibacterium_cosmeticum,1854,1863,9
Mycolicibacterium_cosmeticum,1865,1874,9
Mycolicibacterium_cosmeticum,1881,1883,2
Mycolicibacterium_cosmeticum,1885,1888,3
Mycolicibacterium_cosmeticum,1890,1898,8
Mycolicibacterium_cosmeticum,1902,1914,12
Mycolicibacterium_cosmeticum,1915,1925,10
Mycolicibacterium_cosmeticum,1931,1937,6
Mycolicibacterium_cosmeticum,2085,2086,1
Mycolicibacterium_cosmeticum,2699,2700,1
Mycolicibacterium_cosmeticum,3115,3151,36
Mycolicibacterium_cosmeticum,3154,3178,24
Mycobacterium_uberis,1,65,64
Mycobacterium_uberis,102,104,2
Mycobacterium_uberis,108,142,34
Mycobacterium_uberis,157,163,6
Mycobacterium_uberis,169,175,6
Mycobacterium_uberis,326,329,3
Mycobacterium_uberis,334,337,3
Mycobacterium_uberis,339,351,12
Mycobacterium_uberis,466,472,6
Mycobacterium_uberis,1084,1090,6
Mycobacterium_uberis,1091,1100,9
Mycobacterium_uberis,1101,1110,9
Mycobacterium_uberis,1116,1129,13
Mycobacterium_uberis,1136,1139,3
Mycobacterium_uberis,1140,1146,6
Mycobacterium_uberis,1152,1158,6
Mycobacterium_uberis,1167,1170,3
Mycobacterium_uberis,1224,1236,12
Mycobacterium_uberis,1239,1248,9
Mycobacterium_uberis,1251,1257,6
Mycobacterium_uberis,1265,1268,3
Mycobacterium_uberis,1847,1853,6
Mycobacterium_uberis,1854,1863,9
Mycobacterium_uberis,1865,1874,9
Mycobacterium_uberis,1881,1883,2
Mycobacterium_uberis,1885,1888,3
Mycobacterium_uberis,1890,1898,8
Mycobacterium_uberis,1903,1925,22
Mycobacterium_uberis,1931,1937,6
Mycobacterium_uberis,2085,2086,1
Mycobacterium_uberis,2699,2700,1
Mycobacterium_uberis,3115,3136,21
Mycobacterium_uberis,3140,3146,6
Mycobacterium_uberis,3154,3178,24
Mycolicibacterium_sphagni,1,65,64
Mycolicibacterium_sphagni,92,164,72
Mycolicibacterium_sphagni,169,175,6
Mycolicibacterium_sphagni,326,329,3
Mycolicibacterium_sphagni,334,337,3
Mycolicibacterium_sphagni,339,351,12
Mycolicibacterium_sphagni,466,472,6
Mycolicibacterium_sphagni,1084,1090,6
Mycolicibacterium_sphagni,1091,1097,6
Mycolicibacterium_sphagni,1101,1110,9
Mycolicibacterium_sphagni,1116,1129,13
Mycolicibacterium_sphagni,1136,1139,3
Mycolicibacterium_sphagni,1140,1146,6
Mycolicibacterium_sphagni,1152,1158,6
Mycolicibacterium_sphagni,1159,1165,6
Mycolicibacterium_sphagni,1167,1170,3
Mycolicibacterium_sphagni,1224,1236,12
Mycolicibacterium_sphagni,1239,1248,9
Mycolicibacterium_sphagni,1251,1257,6
Mycolicibacterium_sphagni,1266,1269,3
Mycolicibacterium_sphagni,1847,1853,6
Mycolicibacterium_sphagni,1854,1863,9
Mycolicibacterium_sphagni,1865,1874,9
Mycolicibacterium_sphagni,1881,1883,2
Mycolicibacterium_sphagni,1885,1888,3
Mycolicibacterium_sphagni,1890,1898,8
Mycolicibacterium_sphagni,1902,1914,12
Mycolicibacterium_sphagni,1915,1925,10
Mycolicibacterium_sphagni,1931,1937,6
Mycolicibacterium_sphagni,2085,2086,1
Mycolicibacterium_sphagni,2699,2700,1
Mycolicibacterium_sphagni,3115,3151,36
Mycolicibacterium_sphagni,3154,3178,24
Mycolicibacterium_fluoranthenivorans,1,45,44
Mycolicibacterium_fluoranthenivorans,48,49,1
Mycolicibacterium_fluoranthenivorans,57,58,1
Mycolicibacterium_fluoranthenivorans,91,166,75
Mycolicibacterium_fluoranthenivorans,169,175,6
Mycolicibacterium_fluoranthenivorans,326,329,3
Mycolicibacterium_fluoranthenivorans,339,351,12
Mycolicibacterium_fluoranthenivorans,466,472,6
Mycolicibacterium_fluoranthenivorans,1084,1090,6
Mycolicibacterium_fluoranthenivorans,1091,1097,6
Mycolicibacterium_fluoranthenivorans,1101,1110,9
Mycolicibacterium_fluoranthenivorans,1116,1129,13
Mycolicibacterium_fluoranthenivorans,1136,1139,3
Mycolicibacterium_fluoranthenivorans,1140,1146,6
Mycolicibacterium_fluoranthenivorans,1152,1158,6
Mycolicibacterium_fluoranthenivorans,1159,1165,6
Mycolicibacterium_fluoranthenivorans,1167,1170,3
Mycolicibacterium_fluoranthenivorans,1224,1236,12
Mycolicibacterium_fluoranthenivorans,1239,1248,9
Mycolicibacterium_fluoranthenivorans,1251,1257,6
Mycolicibacterium_fluoranthenivorans,1266,1269,3
Mycolicibacterium_fluoranthenivorans,1847,1853,6
Mycolicibacterium_fluoranthenivorans,1854,1863,9
Mycolicibacterium_fluoranthenivorans,1865,1874,9
Mycolicibacterium_fluoranthenivorans,1881,1883,2
Mycolicibacterium_fluoranthenivorans,1885,1888,3
Mycolicibacterium_fluoranthenivorans,1890,1898,8
Mycolicibacterium_fluoranthenivorans,1902,1914,12
Mycolicibacterium_fluoranthenivorans,1915,1925,10
Mycolicibacterium_fluoranthenivorans,1931,1937,6
Mycolicibacterium_fluoranthenivorans,2085,2086,1
Mycolicibacterium_fluoranthenivorans,2699,2700,1
Mycolicibacterium_fluoranthenivorans,3115,3136,21
Mycolicibacterium_fluoranthenivorans,3140,3146,6
Mycolicibacterium_fluoranthenivorans,3154,3178,24
Mycobacterium_grossiae,1,45,44
Mycobacterium_grossiae,48,49,1
Mycobacterium_grossiae,57,58,1
Mycobacterium_grossiae,93,104,11
Mycobacterium_grossiae,108,175,67
Mycobacterium_grossiae,326,329,3
Mycobacterium_grossiae,334,337,3
Mycobacterium_grossiae,339,351,12
Mycobacterium_grossiae,466,472,6
Mycobacterium_grossiae,1084,1090,6
Mycobacterium_grossiae,1091,1097,6
Mycobacterium_grossiae,1101,1110,9
Mycobacterium_grossiae,1116,1129,13
Mycobacterium_grossiae,1136,1139,3
Mycobacterium_grossiae,1140,1146,6
Mycobacterium_grossiae,1152,1158,6
Mycobacterium_grossiae,1159,1165,6
Mycobacterium_grossiae,1167,1170,3
Mycobacterium_grossiae,1224,1236,12
Mycobacterium_grossiae,1251,1257,6
Mycobacterium_grossiae,1847,1853,6
Mycobacterium_grossiae,1854,1863,9
Mycobacterium_grossiae,1865,1874,9
Mycobacterium_grossiae,1881,1883,2
Mycobacterium_grossiae,1885,1888,3
Mycobacterium_grossiae,1890,1898,8
Mycobacterium_grossiae,1902,1914,12
Mycobacterium_grossiae,1915,1925,10
Mycobacterium_grossiae,1931,1937,6
Mycobacterium_grossiae,2085,2086,1
Mycobacterium_grossiae,2699,2700,1
Mycobacterium_grossiae,3115,3136,21
Mycobacterium_grossiae,3140,3146,6
Mycobacterium_grossiae,3154,3178,24
Mycolicibacterium_canariasense,1,45,44
Mycolicibacterium_canariasense,48,49,1
Mycolicibacterium_canariasense,57,58,1
Mycolicibacterium_canariasense,91,166,75
Mycolicibacterium_canariasense,169,175,6
Mycolicibacterium_canariasense,326,329,3
Mycolicibacterium_canariasense,334,337,3
Mycolicibacterium_canariasense,339,351,12
Mycolicibacterium_canariasense,466,472,6
Mycolicibacterium_canariasense,1084,1090,6
Mycolicibacterium_canariasense,1091,1097,6
Mycolicibacterium_canariasense,1101,1110,9
Mycolicibacterium_canariasense,1116,1129,13
Mycolicibacterium_canariasense,1136,1139,3
Mycolicibacterium_canariasense,1140,1146,6
Mycolicibacterium_canariasense,1152,1158,6
Mycolicibacterium_canariasense,1159,1165,6
Mycolicibacterium_canariasense,1167,1170,3
Mycolicibacterium_canariasense,1224,1236,12
Mycolicibacterium_canariasense,1239,1248,9
Mycolicibacterium_canariasense,1251,1257,6
Mycolicibacterium_canariasense,1266,1269,3
Mycolicibacterium_canariasense,1847,1853,6
Mycolicibacterium_canariasense,1854,1863,9
Mycolicibacterium_canariasense,1865,1874,9
Mycolicibacterium_canariasense,1881,1883,2
Mycolicibacterium_canariasense,1885,1888,3
Mycolicibacterium_canariasense,1890,1898,8
Mycolicibacterium_canariasense,1902,1914,12
Mycolicibacterium_canariasense,1915,1925,10
Mycolicibacterium_canariasense,1931,1937,6
Mycolicibacterium_canariasense,2085,2086,1
Mycolicibacterium_canariasense,2699,2700,1
Mycolicibacterium_canariasense,3115,3151,36
Mycolicibacterium_canariasense,3154,3178,24
Mycolicibacterium_thermoresistibile,1,45,44
Mycolicibacterium_thermoresistibile,48,49,1
Mycolicibacterium_thermoresistibile,57,58,1
Mycolicibacterium_thermoresistibile,100,175,75
Mycolicibacterium_thermoresistibile,326,329,3
Mycolicibacterium_thermoresistibile,334,337,3
Mycolicibacterium_thermoresistibile,339,351,12
Mycolicibacterium_thermoresistibile,466,472,6
Mycolicibacterium_thermoresistibile,1084,1097,13
Mycolicibacterium_thermoresistibile,1101,1109,8
Mycolicibacterium_thermoresistibile,1116,1129,13
Mycolicibacterium_thermoresistibile,1136,1139,3
Mycolicibacterium_thermoresistibile,1140,1146,6
Mycolicibacterium_thermoresistibile,1152,1164,12
Mycolicibacterium_thermoresistibile,1167,1170,3
Mycolicibacterium_thermoresistibile,1224,1236,12
Mycolicibacterium_thermoresistibile,1239,1248,9
Mycolicibacterium_thermoresistibile,1251,1257,6
Mycolicibacterium_thermoresistibile,1265,1268,3
Mycolicibacterium_thermoresistibile,1847,1862,15
Mycolicibacterium_thermoresistibile,1865,1874,9
Mycolicibacterium_thermoresistibile,1881,1883,2
Mycolicibacterium_thermoresistibile,1885,1888,3
Mycolicibacterium_thermoresistibile,1890,1898,8
Mycolicibacterium_thermoresistibile,1902,1914,12
Mycolicibacterium_thermoresistibile,1915,1925,10
Mycolicibacterium_thermoresistibile,1931,1937,6
Mycolicibacterium_thermoresistibile,2085,2086,1
Mycolicibacterium_thermoresistibile,2699,2700,1
Mycolicibacterium_thermoresistibile,3115,3145,30
Mycolicibacterium_thermoresistibile,3154,3178,24
Mycobacterium_neglectum,1,45,44
Mycobacterium_neglectum,48,49,1
Mycobacterium_neglectum,57,58,1
Mycobacterium_neglectum,93,162,69
Mycobacterium_neglectum,169,175,6
Mycobacterium_neglectum,326,329,3
Mycobacterium_neglectum,339,351,12
Mycobacterium_neglectum,466,472,6
Mycobacterium_neglectum,1084,1090,6
Mycobacterium_neglectum,1091,1097,6
Mycobacterium_neglectum,1101,1110,9
Mycobacterium_neglectum,1116,1129,13
Mycobacterium_neglectum,1136,1139,3
Mycobacterium_neglectum,1140,1146,6
Mycobacterium_neglectum,1152,1158,6
Mycobacterium_neglectum,1159,1165,6
Mycobacterium_neglectum,1167,1170,3
Mycobacterium_neglectum,1224,1236,12
Mycobacterium_neglectum,1239,1248,9
Mycobacterium_neglectum,1251,1257,6
Mycobacterium_neglectum,1266,1269,3
Mycobacterium_neglectum,1847,1853,6
Mycobacterium_neglectum,1854,1863,9
Mycobacterium_neglectum,1865,1874,9
Mycobacterium_neglectum,1881,1883,2
Mycobacterium_neglectum,1885,1888,3
Mycobacterium_neglectum,1890,1898,8
Mycobacterium_neglectum,1902,1914,12
Mycobacterium_neglectum,1915,1925,10
Mycobacterium_neglectum,1931,1937,6
Mycobacterium_neglectum,2085,2086,1
Mycobacterium_neglectum,2699,2700,1
Mycobacterium_neglectum,3115,3151,36
Mycobacterium_neglectum,3154,3178,24
Mycobacterium_frederiksbergense,1,49,48
Mycobacterium_frederiksbergense,57,58,1
Mycobacterium_frederiksbergense,92,164,72
Mycobacterium_frederiksbergense,169,175,6
Mycobacterium_frederiksbergense,326,329,3
Mycobacterium_frederiksbergense,334,337,3
Mycobacterium_frederiksbergense,339,351,12
Mycobacterium_frederiksbergense,466,472,6
Mycobacterium_frederiksbergense,1084,1090,6
Mycobacterium_frederiksbergense,1091,1097,6
Mycobacterium_frederiksbergense,1101,1110,9
Mycobacterium_frederiksbergense,1116,1129,13
Mycobacterium_frederiksbergense,1136,1139,3
Mycobacterium_frederiksbergense,1140,1146,6
Mycobacterium_frederiksbergense,1152,1158,6
Mycobacterium_frederiksbergense,1159,1165,6
Mycobacterium_frederiksbergense,1167,1170,3
Mycobacterium_frederiksbergense,1224,1236,12
Mycobacterium_frederiksbergense,1239,1248,9
Mycobacterium_frederiksbergense,1251,1257,6
Mycobacterium_frederiksbergense,1266,1269,3
Mycobacterium_frederiksbergense,1847,1853,6
Mycobacterium_frederiksbergense,1854,1863,9
Mycobacterium_frederiksbergense,1865,1874,9
Mycobacterium_frederiksbergense,1881,1883,2
Mycobacterium_frederiksbergense,1885,1888,3
Mycobacterium_frederiksbergense,1890,1898,8
Mycobacterium_frederiksbergense,1902,1914,12
Mycobacterium_frederiksbergense,1915,1925,10
Mycobacterium_frederiksbergense,1931,1937,6
Mycobacterium_frederiksbergense,2085,2086,1
Mycobacterium_frederiksbergense,2699,2700,1
Mycobacterium_frederiksbergense,3115,3151,36
Mycobacterium_frederiksbergense,3154,3178,24
Mycolicibacterium_sarraceniae,1,45,44
Mycolicibacterium_sarraceniae,48,49,1
Mycolicibacterium_sarraceniae,57,58,1
Mycolicibacterium_sarraceniae,92,164,72
Mycolicibacterium_sarraceniae,169,175,6
Mycolicibacterium_sarraceniae,326,329,3
Mycolicibacterium_sarraceniae,334,337,3
Mycolicibacterium_sarraceniae,339,351,12
Mycolicibacterium_sarraceniae,466,472,6
Mycolicibacterium_sarraceniae,1084,1090,6
Mycolicibacterium_sarraceniae,1091,1097,6
Mycolicibacterium_sarraceniae,1101,1110,9
Mycolicibacterium_sarraceniae,1116,1129,13
Mycolicibacterium_sarraceniae,1136,1139,3
Mycolicibacterium_sarraceniae,1140,1146,6
Mycolicibacterium_sarraceniae,1152,1158,6
Mycolicibacterium_sarraceniae,1159,1165,6
Mycolicibacterium_sarraceniae,1167,1170,3
Mycolicibacterium_sarraceniae,1224,1236,12
Mycolicibacterium_sarraceniae,1239,1248,9
Mycolicibacterium_sarraceniae,1251,1257,6
Mycolicibacterium_sarraceniae,1266,1269,3
Mycolicibacterium_sarraceniae,1847,1853,6
Mycolicibacterium_sarraceniae,1854,1863,9
Mycolicibacterium_sarraceniae,1865,1874,9
Mycolicibacterium_sarraceniae,1881,1883,2
Mycolicibacterium_sarraceniae,1885,1888,3
Mycolicibacterium_sarraceniae,1890,1898,8
Mycolicibacterium_sarraceniae,1902,1914,12
Mycolicibacterium_sarraceniae,1915,1925,10
Mycolicibacterium_sarraceniae,1931,1937,6
Mycolicibacterium_sarraceniae,2085,2086,1
Mycolicibacterium_sarraceniae,2699,2700,1
Mycolicibacterium_sarraceniae,3115,3151,36
Mycolicibacterium_sarraceniae,3154,3178,24
Mycolicibacterium_murale,1,40,39
Mycolicibacterium_murale,57,58,1
Mycolicibacterium_murale,84,162,78
Mycolicibacterium_murale,169,175,6
Mycolicibacterium_murale,326,329,3
Mycolicibacterium_murale,334,337,3
Mycolicibacterium_murale,339,351,12
Mycolicibacterium_murale,466,472,6
Mycolicibacterium_murale,1084,1090,6
Mycolicibacterium_murale,1091,1097,6
Mycolicibacterium_murale,1101,1110,9
Mycolicibacterium_murale,1116,1129,13
Mycolicibacterium_murale,1136,1139,3
Mycolicibacterium_murale,1140,1146,6
Mycolicibacterium_murale,1152,1158,6
Mycolicibacterium_murale,1159,1165,6
Mycolicibacterium_murale,1167,1170,3
Mycolicibacterium_murale,1224,1236,12
Mycolicibacterium_murale,1239,1248,9
Mycolicibacterium_murale,1251,1257,6
Mycolicibacterium_murale,1266,1269,3
Mycolicibacterium_murale,1847,1853,6
Mycolicibacterium_murale,1854,1863,9
Mycolicibacterium_murale,1865,1874,9
Mycolicibacterium_murale,1881,1883,2
Mycolicibacterium_murale,1885,1888,3
Mycolicibacterium_murale,1890,1898,8
Mycolicibacterium_murale,1902,1914,12
Mycolicibacterium_murale,1915,1925,10
Mycolicibacterium_murale,1931,1937,6
Mycolicibacterium_murale,2085,2086,1
Mycolicibacterium_murale,2699,2700,1
Mycolicibacterium_murale,3115,3136,21
Mycolicibacterium_murale,3140,3146,6
Mycolicibacterium_murale,3154,3178,24
Mycolicibacterium_tokaiense,1,40,39
Mycolicibacterium_tokaiense,57,58,1
Mycolicibacterium_tokaiense,84,162,78
Mycolicibacterium_tokaiense,169,175,6
Mycolicibacterium_tokaiense,326,329,3
Mycolicibacterium_tokaiense,334,337,3
Mycolicibacterium_tokaiense,339,351,12
Mycolicibacterium_tokaiense,466,472,6
Mycolicibacterium_tokaiense,1084,1090,6
Mycolicibacterium_tokaiense,1091,1097,6
Mycolicibacterium_tokaiense,1101,1110,9
Mycolicibacterium_tokaiense,1116,1129,13
Mycolicibacterium_tokaiense,1136,1139,3
Mycolicibacterium_tokaiense,1140,1146,6
Mycolicibacterium_tokaiense,1152,1158,6
Mycolicibacterium_tokaiense,1159,1165,6
Mycolicibacterium_tokaiense,1167,1170,3
Mycolicibacterium_tokaiense,1224,1236,12
Mycolicibacterium_tokaiense,1239,1248,9
Mycolicibacterium_tokaiense,1251,1257,6
Mycolicibacterium_tokaiense,1266,1269,3
Mycolicibacterium_tokaiense,1847,1853,6
Mycolicibacterium_tokaiense,1854,1863,9
Mycolicibacterium_tokaiense,1865,1874,9
Mycolicibacterium_tokaiense,1881,1883,2
Mycolicibacterium_tokaiense,1885,1888,3
Mycolicibacterium_tokaiense,1890,1898,8
Mycolicibacterium_tokaiense,1902,1914,12
Mycolicibacterium_tokaiense,1915,1925,10
Mycolicibacterium_tokaiense,1931,1937,6
Mycolicibacterium_tokaiense,2085,2086,1
Mycolicibacterium_tokaiense,2699,2700,1
Mycolicibacterium_tokaiense,3115,3136,21
Mycolicibacterium_tokaiense,3140,3146,6
Mycolicibacterium_tokaiense,3154,3178,24
Mycolicibacterium_bacteremicum,1,49,48
Mycolicibacterium_bacteremicum,57,58,1
Mycolicibacterium_bacteremicum,92,164,72
Mycolicibacterium_bacteremicum,169,175,6
Mycolicibacterium_bacteremicum,326,329,3
Mycolicibacterium_bacteremicum,334,337,3
Mycolicibacterium_bacteremicum,339,351,12
Mycolicibacterium_bacteremicum,466,472,6
Mycolicibacterium_bacteremicum,1084,1090,6
Mycolicibacterium_bacteremicum,1091,1097,6
Mycolicibacterium_bacteremicum,1101,1110,9
Mycolicibacterium_bacteremicum,1116,1129,13
Mycolicibacterium_bacteremicum,1136,1139,3
Mycolicibacterium_bacteremicum,1140,1146,6
Mycolicibacterium_bacteremicum,1152,1158,6
Mycolicibacterium_bacteremicum,1159,1165,6
Mycolicibacterium_bacteremicum,1167,1170,3
Mycolicibacterium_bacteremicum,1224,1236,12
Mycolicibacterium_bacteremicum,1239,1248,9
Mycolicibacterium_bacteremicum,1251,1257,6
Mycolicibacterium_bacteremicum,1266,1269,3
Mycolicibacterium_bacteremicum,1847,1853,6
Mycolicibacterium_bacteremicum,1854,1863,9
Mycolicibacterium_bacteremicum,1865,1874,9
Mycolicibacterium_bacteremicum,1881,1883,2
Mycolicibacterium_bacteremicum,1885,1888,3
Mycolicibacterium_bacteremicum,1890,1898,8
Mycolicibacterium_bacteremicum,1902,1914,12
Mycolicibacterium_bacteremicum,1915,1925,10
Mycolicibacterium_bacteremicum,1931,1937,6
Mycolicibacterium_bacteremicum,2085,2086,1
Mycolicibacterium_bacteremicum,2699,2700,1
Mycolicibacterium_bacteremicum,3115,3151,36
Mycolicibacterium_bacteremicum,3154,3178,24
Mycolicibacterium_diernhoferi,1,49,48
Mycolicibacterium_diernhoferi,57,58,1
Mycolicibacterium_diernhoferi,92,164,72
Mycolicibacterium_diernhoferi,169,175,6
Mycolicibacterium_diernhoferi,326,329,3
Mycolicibacterium_diernhoferi,334,337,3
Mycolicibacterium_diernhoferi,339,351,12
Mycolicibacterium_diernhoferi,466,472,6
Mycolicibacterium_diernhoferi,1084,1090,6
Mycolicibacterium_diernhoferi,1091,1097,6
Mycolicibacterium_diernhoferi,1101,1110,9
Mycolicibacterium_diernhoferi,1116,1129,13
Mycolicibacterium_diernhoferi,1136,1139,3
Mycolicibacterium_diernhoferi,1140,1146,6
Mycolicibacterium_diernhoferi,1152,1158,6
Mycolicibacterium_diernhoferi,1159,1165,6
Mycolicibacterium_diernhoferi,1167,1170,3
Mycolicibacterium_diernhoferi,1224,1236,12
Mycolicibacterium_diernhoferi,1239,1248,9
Mycolicibacterium_diernhoferi,1251,1257,6
Mycolicibacterium_diernhoferi,1266,1269,3
Mycolicibacterium_diernhoferi,1847,1853,6
Mycolicibacterium_diernhoferi,1854,1863,9
Mycolicibacterium_diernhoferi,1865,1874,9
Mycolicibacterium_diernhoferi,1881,1883,2
Mycolicibacterium_diernhoferi,1885,1888,3
Mycolicibacterium_diernhoferi,1890,1898,8
Mycolicibacterium_diernhoferi,1902,1914,12
Mycolicibacterium_diernhoferi,1915,1925,10
Mycolicibacterium_diernhoferi,1931,1937,6
Mycolicibacterium_diernhoferi,2085,2086,1
Mycolicibacterium_diernhoferi,2699,2700,1
Mycolicibacterium_diernhoferi,3115,3151,36
Mycolicibacterium_diernhoferi,3154,3178,24
Mycolicibacterium_aurum,1,45,44
Mycolicibacterium_aurum,48,49,1
Mycolicibacterium_aurum,57,58,1
Mycolicibacterium_aurum,91,166,75
Mycolicibacterium_aurum,169,175,6
Mycolicibacterium_aurum,326,329,3
Mycolicibacterium_aurum,334,337,3
Mycolicibacterium_aurum,339,351,12
Mycolicibacterium_aurum,466,472,6
Mycolicibacterium_aurum,1084,1090,6
Mycolicibacterium_aurum,1091,1097,6
Mycolicibacterium_aurum,1101,1110,9
Mycolicibacterium_aurum,1116,1129,13
Mycolicibacterium_aurum,1136,1139,3
Mycolicibacterium_aurum,1140,1146,6
Mycolicibacterium_aurum,1152,1158,6
Mycolicibacterium_aurum,1159,1165,6
Mycolicibacterium_aurum,1167,1170,3
Mycolicibacterium_aurum,1224,1236,12
Mycolicibacterium_aurum,1239,1248,9
Mycolicibacterium_aurum,1251,1257,6
Mycolicibacterium_aurum,1266,1269,3
Mycolicibacterium_aurum,1847,1853,6
Mycolicibacterium_aurum,1854,1863,9
Mycolicibacterium_aurum,1865,1874,9
Mycolicibacterium_aurum,1881,1883,2
Mycolicibacterium_aurum,1885,1888,3
Mycolicibacterium_aurum,1890,1898,8
Mycolicibacterium_aurum,1902,1914,12
Mycolicibacterium_aurum,1915,1925,10
Mycolicibacterium_aurum,1931,1937,6
Mycolicibacterium_aurum,2085,2086,1
Mycolicibacterium_aurum,2699,2700,1
Mycolicibacterium_aurum,3115,3136,21
Mycolicibacterium_aurum,3142,3151,9
Mycolicibacterium_aurum,3154,3178,24
Mycolicibacterium_aubagnense,1,45,44
Mycolicibacterium_aubagnense,48,49,1
Mycolicibacterium_aubagnense,57,58,1
Mycolicibacterium_aubagnense,93,104,11
Mycolicibacterium_aubagnense,108,175,67
Mycolicibacterium_aubagnense,326,329,3
Mycolicibacterium_aubagnense,334,337,3
Mycolicibacterium_aubagnense,339,351,12
Mycolicibacterium_aubagnense,466,472,6
Mycolicibacterium_aubagnense,1084,1090,6
Mycolicibacterium_aubagnense,1091,1097,6
Mycolicibacterium_aubagnense,1101,1110,9
Mycolicibacterium_aubagnense,1116,1129,13
Mycolicibacterium_aubagnense,1136,1139,3
Mycolicibacterium_aubagnense,1152,1158,6
Mycolicibacterium_aubagnense,1159,1165,6
Mycolicibacterium_aubagnense,1167,1170,3
Mycolicibacterium_aubagnense,1224,1236,12
Mycolicibacterium_aubagnense,1239,1248,9
Mycolicibacterium_aubagnense,1251,1257,6
Mycolicibacterium_aubagnense,1266,1269,3
Mycolicibacterium_aubagnense,1847,1853,6
Mycolicibacterium_aubagnense,1854,1863,9
Mycolicibacterium_aubagnense,1865,1874,9
Mycolicibacterium_aubagnense,1881,1883,2
Mycolicibacterium_aubagnense,1885,1888,3
Mycolicibacterium_aubagnense,1890,1898,8
Mycolicibacterium_aubagnense,1902,1914,12
Mycolicibacterium_aubagnense,1915,1925,10
Mycolicibacterium_aubagnense,1931,1937,6
Mycolicibacterium_aubagnense,2085,2086,1
Mycolicibacterium_aubagnense,2699,2700,1
Mycolicibacterium_aubagnense,3115,3136,21
Mycolicibacterium_aubagnense,3140,3143,3
Mycolicibacterium_aubagnense,3154,3175,21
Mycobacteroides_abscessus,4,10,6
Mycobacteroides_abscessus,17,45,28
Mycobacteroides_abscessus,48,49,1
Mycobacteroides_abscessus,56,58,2
Mycobacteroides_abscessus,95,164,69
Mycobacteroides_abscessus,169,175,6
Mycobacteroides_abscessus,326,329,3
Mycobacteroides_abscessus,334,337,3
Mycobacteroides_abscessus,339,351,12
Mycobacteroides_abscessus,466,472,6
Mycobacteroides_abscessus,1084,1090,6
Mycobacteroides_abscessus,1091,1097,6
Mycobacteroides_abscessus,1108,1109,1
Mycobacteroides_abscessus,1117,1129,12
Mycobacteroides_abscessus,1136,1139,3
Mycobacteroides_abscessus,1140,1146,6
Mycobacteroides_abscessus,1152,1170,18
Mycobacteroides_abscessus,1224,1236,12
Mycobacteroides_abscessus,1239,1248,9
Mycobacteroides_abscessus,1251,1257,6
Mycobacteroides_abscessus,1266,1269,3
Mycobacteroides_abscessus,1847,1853,6
Mycobacteroides_abscessus,1854,1863,9
Mycobacteroides_abscessus,1865,1874,9
Mycobacteroides_abscessus,1881,1883,2
Mycobacteroides_abscessus,1885,1888,3
Mycobacteroides_abscessus,1890,1898,8
Mycobacteroides_abscessus,1902,1914,12
Mycobacteroides_abscessus,1915,1925,10
Mycobacteroides_abscessus,1931,1937,6
Mycobacteroides_abscessus,2085,2086,1
Mycobacteroides_abscessus,2699,2700,1
Mycobacteroides_abscessus,3115,3151,36
Mycobacteroides_abscessus,3154,3178,24
Mycolicibacterium_neoaurum,1,49,48
Mycolicibacterium_neoaurum,57,58,1
Mycolicibacterium_neoaurum,92,164,72
Mycolicibacterium_neoaurum,169,175,6
Mycolicibacterium_neoaurum,326,329,3
Mycolicibacterium_neoaurum,334,337,3
Mycolicibacterium_neoaurum,339,351,12
Mycolicibacterium_neoaurum,466,472,6
Mycolicibacterium_neoaurum,1084,1090,6
Mycolicibacterium_neoaurum,1091,1097,6
Mycolicibacterium_neoaurum,1101,1110,9
Mycolicibacterium_neoaurum,1116,1129,13
Mycolicibacterium_neoaurum,1136,1139,3
Mycolicibacterium_neoaurum,1140,1146,6
Mycolicibacterium_neoaurum,1152,1158,6
Mycolicibacterium_neoaurum,1159,1165,6
Mycolicibacterium_neoaurum,1167,1170,3
Mycolicibacterium_neoaurum,1224,1236,12
Mycolicibacterium_neoaurum,1239,1248,9
Mycolicibacterium_neoaurum,1251,1257,6
Mycolicibacterium_neoaurum,1266,1269,3
Mycolicibacterium_neoaurum,1847,1853,6
Mycolicibacterium_neoaurum,1854,1863,9
Mycolicibacterium_neoaurum,1865,1874,9
Mycolicibacterium_neoaurum,1881,1883,2
Mycolicibacterium_neoaurum,1885,1888,3
Mycolicibacterium_neoaurum,1890,1898,8
Mycolicibacterium_neoaurum,1902,1914,12
Mycolicibacterium_neoaurum,1915,1925,10
Mycolicibacterium_neoaurum,1931,1937,6
Mycolicibacterium_neoaurum,2085,2086,1
Mycolicibacterium_neoaurum,2699,2700,1
Mycolicibacterium_neoaurum,3115,3151,36
Mycolicibacterium_neoaurum,3154,3178,24
Mycolicibacterium_madagascariense,1,45,44
Mycolicibacterium_madagascariense,48,49,1
Mycolicibacterium_madagascariense,57,58,1
Mycolicibacterium_madagascariense,93,162,69
Mycolicibacterium_madagascariense,169,175,6
Mycolicibacterium_madagascariense,326,329,3
Mycolicibacterium_madagascariense,334,337,3
Mycolicibacterium_madagascariense,339,351,12
Mycolicibacterium_madagascariense,466,472,6
Mycolicibacterium_madagascariense,1084,1090,6
Mycolicibacterium_madagascariense,1091,1097,6
Mycolicibacterium_madagascariense,1101,1110,9
Mycolicibacterium_madagascariense,1116,1129,13
Mycolicibacterium_madagascariense,1136,1139,3
Mycolicibacterium_madagascariense,1140,1146,6
Mycolicibacterium_madagascariense,1152,1158,6
Mycolicibacterium_madagascariense,1159,1165,6
Mycolicibacterium_madagascariense,1167,1170,3
Mycolicibacterium_madagascariense,1224,1236,12
Mycolicibacterium_madagascariense,1239,1248,9
Mycolicibacterium_madagascariense,1251,1257,6
Mycolicibacterium_madagascariense,1266,1269,3
Mycolicibacterium_madagascariense,1847,1853,6
Mycolicibacterium_madagascariense,1854,1863,9
Mycolicibacterium_madagascariense,1865,1874,9
Mycolicibacterium_madagascariense,1881,1883,2
Mycolicibacterium_madagascariense,1885,1888,3
Mycolicibacterium_madagascariense,1890,1898,8
Mycolicibacterium_madagascariense,1902,1914,12
Mycolicibacterium_madagascariense,1915,1925,10
Mycolicibacterium_madagascariense,1931,1937,6
Mycolicibacterium_madagascariense,2085,2086,1
Mycolicibacterium_madagascariense,2699,2700,1
Mycolicibacterium_madagascariense,3115,3136,21
Mycolicibacterium_madagascariense,3140,3146,6
Mycolicibacterium_madagascariense,3159,3174,15
Mycolicibacterium_mucogenicum,1,45,44
Mycolicibacterium_mucogenicum,48,49,1
Mycolicibacterium_mucogenicum,57,58,1
Mycolicibacterium_mucogenicum,93,104,11
Mycolicibacterium_mucogenicum,108,175,67
Mycolicibacterium_mucogenicum,326,329,3
Mycolicibacterium_mucogenicum,334,337,3
Mycolicibacterium_mucogenicum,339,351,12
Mycolicibacterium_mucogenicum,466,472,6
Mycolicibacterium_mucogenicum,1084,1090,6
Mycolicibacterium_mucogenicum,1091,1097,6
Mycolicibacterium_mucogenicum,1101,1110,9
Mycolicibacterium_mucogenicum,1116,1129,13
Mycolicibacterium_mucogenicum,1136,1139,3
Mycolicibacterium_mucogenicum,1152,1158,6
Mycolicibacterium_mucogenicum,1159,1165,6
Mycolicibacterium_mucogenicum,1167,1170,3
Mycolicibacterium_mucogenicum,1224,1236,12
Mycolicibacterium_mucogenicum,1239,1248,9
Mycolicibacterium_mucogenicum,1251,1257,6
Mycolicibacterium_mucogenicum,1266,1269,3
Mycolicibacterium_mucogenicum,1847,1853,6
Mycolicibacterium_mucogenicum,1854,1863,9
Mycolicibacterium_mucogenicum,1865,1874,9
Mycolicibacterium_mucogenicum,1881,1883,2
Mycolicibacterium_mucogenicum,1885,1888,3
Mycolicibacterium_mucogenicum,1890,1898,8
Mycolicibacterium_mucogenicum,1902,1914,12
Mycolicibacterium_mucogenicum,1915,1925,10
Mycolicibacterium_mucogenicum,1931,1937,6
Mycolicibacterium_mucogenicum,2085,2086,1
Mycolicibacterium_mucogenicum,2699,2700,1
Mycolicibacterium_mucogenicum,3115,3151,36
Mycolicibacterium_mucogenicum,3154,3178,24
Mycolicibacterium_komossense,1,65,64
Mycolicibacterium_komossense,97,175,78
Mycolicibacterium_komossense,326,329,3
Mycolicibacterium_komossense,334,337,3
Mycolicibacterium_komossense,339,351,12
Mycolicibacterium_komossense,466,472,6
Mycolicibacterium_komossense,1084,1090,6
Mycolicibacterium_komossense,1091,1097,6
Mycolicibacterium_komossense,1101,1110,9
Mycolicibacterium_komossense,1116,1129,13
Mycolicibacterium_komossense,1136,1139,3
Mycolicibacterium_komossense,1140,1146,6
Mycolicibacterium_komossense,1152,1158,6
Mycolicibacterium_komossense,1159,1165,6
Mycolicibacterium_komossense,1167,1170,3
Mycolicibacterium_komossense,1230,1236,6
Mycolicibacterium_komossense,1239,1248,9
Mycolicibacterium_komossense,1251,1254,3
Mycolicibacterium_komossense,1847,1853,6
Mycolicibacterium_komossense,1854,1863,9
Mycolicibacterium_komossense,1865,1874,9
Mycolicibacterium_komossense,1881,1883,2
Mycolicibacterium_komossense,1885,1888,3
Mycolicibacterium_komossense,1890,1898,8
Mycolicibacterium_komossense,1902,1914,12
Mycolicibacterium_komossense,1915,1925,10
Mycolicibacterium_komossense,1931,1937,6
Mycolicibacterium_komossense,2085,2086,1
Mycolicibacterium_komossense,2699,2700,1
Mycolicibacterium_komossense,3115,3136,21
Mycolicibacterium_komossense,3140,3146,6
Mycolicibacterium_komossense,3154,3178,24
Mycobacteroides_immunogenum,4,10,6
Mycobacteroides_immunogenum,17,45,28
Mycobacteroides_immunogenum,48,49,1
Mycobacteroides_immunogenum,56,58,2
Mycobacteroides_immunogenum,95,164,69
Mycobacteroides_immunogenum,169,175,6
Mycobacteroides_immunogenum,326,329,3
Mycobacteroides_immunogenum,334,337,3
Mycobacteroides_immunogenum,339,351,12
Mycobacteroides_immunogenum,466,472,6
Mycobacteroides_immunogenum,1084,1090,6
Mycobacteroides_immunogenum,1091,1097,6
Mycobacteroides_immunogenum,1108,1109,1
Mycobacteroides_immunogenum,1117,1129,12
Mycobacteroides_immunogenum,1136,1139,3
Mycobacteroides_immunogenum,1140,1146,6
Mycobacteroides_immunogenum,1152,1170,18
Mycobacteroides_immunogenum,1224,1236,12
Mycobacteroides_immunogenum,1239,1248,9
Mycobacteroides_immunogenum,1251,1257,6
Mycobacteroides_immunogenum,1266,1269,3
Mycobacteroides_immunogenum,1847,1853,6
Mycobacteroides_immunogenum,1854,1863,9
Mycobacteroides_immunogenum,1865,1874,9
Mycobacteroides_immunogenum,1881,1883,2
Mycobacteroides_immunogenum,1885,1888,3
Mycobacteroides_immunogenum,1890,1898,8
Mycobacteroides_immunogenum,1902,1914,12
Mycobacteroides_immunogenum,1915,1925,10
Mycobacteroides_immunogenum,1931,1937,6
Mycobacteroides_immunogenum,2085,2086,1
Mycobacteroides_immunogenum,2699,2700,1
Mycobacteroides_immunogenum,3115,3151,36
Mycobacteroides_immunogenum,3154,3178,24
Mycolicibacterium_phocaicum,1,45,44
Mycolicibacterium_phocaicum,48,49,1
Mycolicibacterium_phocaicum,57,58,1
Mycolicibacterium_phocaicum,93,104,11
Mycolicibacterium_phocaicum,108,175,67
Mycolicibacterium_phocaicum,326,329,3
Mycolicibacterium_phocaicum,334,337,3
Mycolicibacterium_phocaicum,339,351,12
Mycolicibacterium_phocaicum,466,472,6
Mycolicibacterium_phocaicum,1084,1090,6
Mycolicibacterium_phocaicum,1091,1097,6
Mycolicibacterium_phocaicum,1101,1110,9
Mycolicibacterium_phocaicum,1116,1129,13
Mycolicibacterium_phocaicum,1136,1139,3
Mycolicibacterium_phocaicum,1152,1158,6
Mycolicibacterium_phocaicum,1159,1165,6
Mycolicibacterium_phocaicum,1167,1170,3
Mycolicibacterium_phocaicum,1224,1236,12
Mycolicibacterium_phocaicum,1239,1248,9
Mycolicibacterium_phocaicum,1251,1257,6
Mycolicibacterium_phocaicum,1266,1269,3
Mycolicibacterium_phocaicum,1847,1853,6
Mycolicibacterium_phocaicum,1854,1863,9
Mycolicibacterium_phocaicum,1865,1874,9
Mycolicibacterium_phocaicum,1881,1883,2
Mycolicibacterium_phocaicum,1885,1888,3
Mycolicibacterium_phocaicum,1890,1898,8
Mycolicibacterium_phocaicum,1902,1914,12
Mycolicibacterium_phocaicum,1915,1925,10
Mycolicibacterium_phocaicum,1931,1937,6
Mycolicibacterium_phocaicum,2085,2086,1
Mycolicibacterium_phocaicum,2699,2700,1
Mycolicibacterium_phocaicum,3115,3151,36
Mycolicibacterium_phocaicum,3154,3178,24
Mycobacteroides_saopaulense,4,10,6
Mycobacteroides_saopaulense,17,45,28
Mycobacteroides_saopaulense,48,49,1
Mycobacteroides_saopaulense,56,58,2
Mycobacteroides_saopaulense,95,164,69
Mycobacteroides_saopaulense,169,175,6
Mycobacteroides_saopaulense,326,329,3
Mycobacteroides_saopaulense,334,337,3
Mycobacteroides_saopaulense,339,351,12
Mycobacteroides_saopaulense,466,472,6
Mycobacteroides_saopaulense,1084,1090,6
Mycobacteroides_saopaulense,1091,1097,6
Mycobacteroides_saopaulense,1108,1109,1
Mycobacteroides_saopaulense,1117,1129,12
Mycobacteroides_saopaulense,1136,1139,3
Mycobacteroides_saopaulense,1140,1146,6
Mycobacteroides_saopaulense,1152,1170,18
Mycobacteroides_saopaulense,1224,1236,12
Mycobacteroides_saopaulense,1239,1248,9
Mycobacteroides_saopaulense,1251,1257,6
Mycobacteroides_saopaulense,1266,1269,3
Mycobacteroides_saopaulense,1847,1853,6
Mycobacteroides_saopaulense,1854,1863,9
Mycobacteroides_saopaulense,1865,1874,9
Mycobacteroides_saopaulense,1881,1883,2
Mycobacteroides_saopaulense,1885,1888,3
Mycobacteroides_saopaulense,1890,1898,8
Mycobacteroides_saopaulense,1902,1914,12
Mycobacteroides_saopaulense,1915,1925,10
Mycobacteroides_saopaulense,1931,1937,6
Mycobacteroides_saopaulense,2085,2086,1
Mycobacteroides_saopaulense,2699,2700,1
Mycobacteroides_saopaulense,3115,3151,36
Mycobacteroides_saopaulense,3154,3178,24
Mycobacteroides_massiliense,4,10,6
Mycobacteroides_massiliense,17,45,28
Mycobacteroides_massiliense,48,49,1
Mycobacteroides_massiliense,56,58,2
Mycobacteroides_massiliense,95,164,69
Mycobacteroides_massiliense,169,175,6
Mycobacteroides_massiliense,326,329,3
Mycobacteroides_massiliense,334,337,3
Mycobacteroides_massiliense,339,351,12
Mycobacteroides_massiliense,466,472,6
Mycobacteroides_massiliense,1084,1090,6
Mycobacteroides_massiliense,1091,1097,6
Mycobacteroides_massiliense,1108,1109,1
Mycobacteroides_massiliense,1117,1129,12
Mycobacteroides_massiliense,1136,1139,3
Mycobacteroides_massiliense,1140,1146,6
Mycobacteroides_massiliense,1152,1170,18
Mycobacteroides_massiliense,1224,1236,12
Mycobacteroides_massiliense,1239,1248,9
Mycobacteroides_massiliense,1251,1257,6
Mycobacteroides_massiliense,1266,1269,3
Mycobacteroides_massiliense,1847,1853,6
Mycobacteroides_massiliense,1854,1863,9
Mycobacteroides_massiliense,1865,1874,9
Mycobacteroides_massiliense,1881,1883,2
Mycobacteroides_massiliense,1885,1888,3
Mycobacteroides_massiliense,1890,1898,8
Mycobacteroides_massiliense,1902,1914,12
Mycobacteroides_massiliense,1915,1925,10
Mycobacteroides_massiliense,1931,1937,6
Mycobacteroides_massiliense,2085,2086,1
Mycobacteroides_massiliense,2699,2700,1
Mycobacteroides_massiliense,3115,3151,36
Mycobacteroides_massiliense,3154,3178,24
Mycobacteroides_bolletii,4,10,6
Mycobacteroides_bolletii,17,45,28
Mycobacteroides_bolletii,48,49,1
Mycobacteroides_bolletii,56,58,2
Mycobacteroides_bolletii,95,164,69
Mycobacteroides_bolletii,169,175,6
Mycobacteroides_bolletii,326,329,3
Mycobacteroides_bolletii,334,337,3
Mycobacteroides_bolletii,339,351,12
Mycobacteroides_bolletii,466,472,6
Mycobacteroides_bolletii,1084,1090,6
Mycobacteroides_bolletii,1091,1097,6
Mycobacteroides_bolletii,1108,1109,1
Mycobacteroides_bolletii,1117,1129,12
Mycobacteroides_bolletii,1136,1139,3
Mycobacteroides_bolletii,1140,1146,6
Mycobacteroides_bolletii,1152,1170,18
Mycobacteroides_bolletii,1224,1236,12
Mycobacteroides_bolletii,1239,1248,9
Mycobacteroides_bolletii,1251,1257,6
Mycobacteroides_bolletii,1266,1269,3
Mycobacteroides_bolletii,1847,1853,6
Mycobacteroides_bolletii,1854,1863,9
Mycobacteroides_bolletii,1865,1874,9
Mycobacteroides_bolletii,1881,1883,2
Mycobacteroides_bolletii,1885,1888,3
Mycobacteroides_bolletii,1890,1898,8
Mycobacteroides_bolletii,1902,1914,12
Mycobacteroides_bolletii,1915,1925,10
Mycobacteroides_bolletii,1931,1937,6
Mycobacteroides_bolletii,2085,2086,1
Mycobacteroides_bolletii,2699,2700,1
Mycobacteroides_bolletii,3115,3151,36
Mycobacteroides_bolletii,3154,3178,24
Mycobacteroides_chelonae,4,10,6
Mycobacteroides_chelonae,17,45,28
Mycobacteroides_chelonae,48,49,1
Mycobacteroides_chelonae,56,58,2
Mycobacteroides_chelonae,95,164,69
Mycobacteroides_chelonae,169,175,6
Mycobacteroides_chelonae,326,329,3
Mycobacteroides_chelonae,334,337,3
Mycobacteroides_chelonae,339,351,12
Mycobacteroides_chelonae,466,472,6
Mycobacteroides_chelonae,1084,1090,6
Mycobacteroides_chelonae,1091,1097,6
Mycobacteroides_chelonae,1108,1109,1
Mycobacteroides_chelonae,1117,1129,12
Mycobacteroides_chelonae,1136,1139,3
Mycobacteroides_chelonae,1140,1146,6
Mycobacteroides_chelonae,1152,1170,18
Mycobacteroides_chelonae,1224,1236,12
Mycobacteroides_chelonae,1239,1248,9
Mycobacteroides_chelonae,1251,1257,6
Mycobacteroides_chelonae,1266,1269,3
Mycobacteroides_chelonae,1847,1853,6
Mycobacteroides_chelonae,1854,1863,9
Mycobacteroides_chelonae,1865,1874,9
Mycobacteroides_chelonae,1881,1883,2
Mycobacteroides_chelonae,1885,1888,3
Mycobacteroides_chelonae,1890,1898,8
Mycobacteroides_chelonae,1902,1914,12
Mycobacteroides_chelonae,1915,1925,10
Mycobacteroides_chelonae,1931,1937,6
Mycobacteroides_chelonae,2085,2086,1
Mycobacteroides_chelonae,2699,2700,1
Mycobacteroides_chelonae,3115,3151,36
Mycobacteroides_chelonae,3154,3178,24
Mycolicibacterium_hodleri,1,45,44
Mycolicibacterium_hodleri,48,49,1
Mycolicibacterium_hodleri,57,58,1
Mycolicibacterium_hodleri,93,162,69
Mycolicibacterium_hodleri,169,175,6
Mycolicibacterium_hodleri,326,329,3
Mycolicibacterium_hodleri,334,337,3
Mycolicibacterium_hodleri,339,351,12
Mycolicibacterium_hodleri,466,472,6
Mycolicibacterium_hodleri,1084,1090,6
Mycolicibacterium_hodleri,1091,1097,6
Mycolicibacterium_hodleri,1101,1110,9
Mycolicibacterium_hodleri,1116,1129,13
Mycolicibacterium_hodleri,1136,1139,3
Mycolicibacterium_hodleri,1140,1146,6
Mycolicibacterium_hodleri,1152,1158,6
Mycolicibacterium_hodleri,1159,1165,6
Mycolicibacterium_hodleri,1167,1170,3
Mycolicibacterium_hodleri,1224,1236,12
Mycolicibacterium_hodleri,1239,1248,9
Mycolicibacterium_hodleri,1251,1257,6
Mycolicibacterium_hodleri,1266,1269,3
Mycolicibacterium_hodleri,1847,1853,6
Mycolicibacterium_hodleri,1854,1863,9
Mycolicibacterium_hodleri,1865,1874,9
Mycolicibacterium_hodleri,1881,1883,2
Mycolicibacterium_hodleri,1885,1888,3
Mycolicibacterium_hodleri,1890,1898,8
Mycolicibacterium_hodleri,1902,1914,12
Mycolicibacterium_hodleri,1915,1925,10
Mycolicibacterium_hodleri,1931,1937,6
Mycolicibacterium_hodleri,2085,2086,1
Mycolicibacterium_hodleri,2699,2700,1
Mycolicibacterium_hodleri,3115,3136,21
Mycolicibacterium_hodleri,3140,3146,6
Mycolicibacterium_hodleri,3161,3173,12
Mycobacteroides_franklinii,4,10,6
Mycobacteroides_franklinii,17,45,28
Mycobacteroides_franklinii,48,49,1
Mycobacteroides_franklinii,56,58,2
Mycobacteroides_franklinii,95,164,69
Mycobacteroides_franklinii,169,175,6
Mycobacteroides_franklinii,326,329,3
Mycobacteroides_franklinii,334,337,3
Mycobacteroides_franklinii,339,351,12
Mycobacteroides_franklinii,466,472,6
Mycobacteroides_franklinii,1084,1090,6
Mycobacteroides_franklinii,1091,1097,6
Mycobacteroides_franklinii,1108,1109,1
Mycobacteroides_franklinii,1117,1129,12
Mycobacteroides_franklinii,1136,1139,3
Mycobacteroides_franklinii,1140,1146,6
Mycobacteroides_franklinii,1152,1170,18
Mycobacteroides_franklinii,1224,1236,12
Mycobacteroides_franklinii,1239,1248,9
Mycobacteroides_franklinii,1251,1257,6
Mycobacteroides_franklinii,1266,1269,3
Mycobacteroides_franklinii,1847,1853,6
Mycobacteroides_franklinii,1854,1863,9
Mycobacteroides_franklinii,1865,1874,9
Mycobacteroides_franklinii,1881,1883,2
Mycobacteroides_franklinii,1885,1888,3
Mycobacteroides_franklinii,1890,1898,8
Mycobacteroides_franklinii,1902,1914,12
Mycobacteroides_franklinii,1915,1925,10
Mycobacteroides_franklinii,1931,1937,6
Mycobacteroides_franklinii,2085,2086,1
Mycobacteroides_franklinii,2699,2700,1
Mycobacteroides_franklinii,3115,3151,36
Mycobacteroides_franklinii,3162,3171,9
Mycolicibacterium_lacusdiani,1,65,64
Mycolicibacterium_lacusdiani,70,73,3
Mycolicibacterium_lacusdiani,93,104,11
Mycolicibacterium_lacusdiani,108,175,67
Mycolicibacterium_lacusdiani,326,329,3
Mycolicibacterium_lacusdiani,334,337,3
Mycolicibacterium_lacusdiani,339,351,12
Mycolicibacterium_lacusdiani,466,472,6
Mycolicibacterium_lacusdiani,1084,1090,6
Mycolicibacterium_lacusdiani,1091,1097,6
Mycolicibacterium_lacusdiani,1101,1110,9
Mycolicibacterium_lacusdiani,1116,1129,13
Mycolicibacterium_lacusdiani,1136,1139,3
Mycolicibacterium_lacusdiani,1140,1146,6
Mycolicibacterium_lacusdiani,1152,1158,6
Mycolicibacterium_lacusdiani,1159,1165,6
Mycolicibacterium_lacusdiani,1167,1170,3
Mycolicibacterium_lacusdiani,1224,1236,12
Mycolicibacterium_lacusdiani,1251,1257,6
Mycolicibacterium_lacusdiani,1847,1853,6
Mycolicibacterium_lacusdiani,1854,1863,9
Mycolicibacterium_lacusdiani,1865,1874,9
Mycolicibacterium_lacusdiani,1881,1883,2
Mycolicibacterium_lacusdiani,1885,1888,3
Mycolicibacterium_lacusdiani,1890,1898,8
Mycolicibacterium_lacusdiani,1902,1914,12
Mycolicibacterium_lacusdiani,1915,1925,10
Mycolicibacterium_lacusdiani,1931,1937,6
Mycolicibacterium_lacusdiani,2085,2086,1
Mycolicibacterium_lacusdiani,2699,2700,1
Mycolicibacterium_lacusdiani,3115,3136,21
Mycolicibacterium_lacusdiani,3140,3146,6
Mycolicibacterium_lacusdiani,3154,3178,24
Mycobacterium_yunnanensis,1,49,48
Mycobacterium_yunnanensis,57,58,1
Mycobacterium_yunnanensis,93,162,69
Mycobacterium_yunnanensis,169,175,6
Mycobacterium_yunnanensis,326,329,3
Mycobacterium_yunnanensis,334,337,3
Mycobacterium_yunnanensis,339,351,12
Mycobacterium_yunnanensis,466,472,6
Mycobacterium_yunnanensis,1084,1090,6
Mycobacterium_yunnanensis,1091,1097,6
Mycobacterium_yunnanensis,1101,1110,9
Mycobacterium_yunnanensis,1116,1129,13
Mycobacterium_yunnanensis,1136,1139,3
Mycobacterium_yunnanensis,1140,1146,6
Mycobacterium_yunnanensis,1152,1158,6
Mycobacterium_yunnanensis,1159,1165,6
Mycobacterium_yunnanensis,1167,1170,3
Mycobacterium_yunnanensis,1224,1236,12
Mycobacterium_yunnanensis,1239,1248,9
Mycobacterium_yunnanensis,1251,1257,6
Mycobacterium_yunnanensis,1266,1269,3
Mycobacterium_yunnanensis,1847,1853,6
Mycobacterium_yunnanensis,1854,1863,9
Mycobacterium_yunnanensis,1865,1874,9
Mycobacterium_yunnanensis,1881,1883,2
Mycobacterium_yunnanensis,1885,1888,3
Mycobacterium_yunnanensis,1890,1898,8
Mycobacterium_yunnanensis,1902,1914,12
Mycobacterium_yunnanensis,1915,1925,10
Mycobacterium_yunnanensis,1931,1937,6
Mycobacterium_yunnanensis,2085,2086,1
Mycobacterium_yunnanensis,2699,2700,1
Mycobacterium_yunnanensis,3115,3136,21
Mycobacterium_yunnanensis,3140,3146,6
Mycobacterium_yunnanensis,3161,3173,12
Mycolicibacterium_mengxianglii,1,45,44
Mycolicibacterium_mengxianglii,48,49,1
Mycolicibacterium_mengxianglii,57,58,1
Mycolicibacterium_mengxianglii,87,105,18
Mycolicibacterium_mengxianglii,108,162,54
Mycolicibacterium_mengxianglii,169,175,6
Mycolicibacterium_mengxianglii,326,329,3
Mycolicibacterium_mengxianglii,334,337,3
Mycolicibacterium_mengxianglii,339,351,12
Mycolicibacterium_mengxianglii,466,472,6
Mycolicibacterium_mengxianglii,1084,1090,6
Mycolicibacterium_mengxianglii,1091,1097,6
Mycolicibacterium_mengxianglii,1101,1110,9
Mycolicibacterium_mengxianglii,1116,1129,13
Mycolicibacterium_mengxianglii,1136,1139,3
Mycolicibacterium_mengxianglii,1140,1146,6
Mycolicibacterium_mengxianglii,1152,1158,6
Mycolicibacterium_mengxianglii,1159,1165,6
Mycolicibacterium_mengxianglii,1167,1170,3
Mycolicibacterium_mengxianglii,1224,1236,12
Mycolicibacterium_mengxianglii,1239,1248,9
Mycolicibacterium_mengxianglii,1251,1257,6
Mycolicibacterium_mengxianglii,1266,1269,3
Mycolicibacterium_mengxianglii,1847,1853,6
Mycolicibacterium_mengxianglii,1854,1863,9
Mycolicibacterium_mengxianglii,1865,1874,9
Mycolicibacterium_mengxianglii,1881,1883,2
Mycolicibacterium_mengxianglii,1885,1888,3
Mycolicibacterium_mengxianglii,1890,1898,8
Mycolicibacterium_mengxianglii,1902,1914,12
Mycolicibacterium_mengxianglii,1915,1925,10
Mycolicibacterium_mengxianglii,1931,1937,6
Mycolicibacterium_mengxianglii,2085,2086,1
Mycolicibacterium_mengxianglii,2699,2700,1
Mycolicibacterium_mengxianglii,3115,3136,21
Mycolicibacterium_mengxianglii,3140,3146,6
Mycolicibacterium_mengxianglii,3154,3178,24
Mycolicibacterium_llatzerense,1,65,64
Mycolicibacterium_llatzerense,93,104,11
Mycolicibacterium_llatzerense,108,175,67
Mycolicibacterium_llatzerense,326,329,3
Mycolicibacterium_llatzerense,334,337,3
Mycolicibacterium_llatzerense,339,351,12
Mycolicibacterium_llatzerense,466,472,6
Mycolicibacterium_llatzerense,1084,1090,6
Mycolicibacterium_llatzerense,1091,1097,6
Mycolicibacterium_llatzerense,1101,1110,9
Mycolicibacterium_llatzerense,1116,1129,13
Mycolicibacterium_llatzerense,1136,1139,3
Mycolicibacterium_llatzerense,1152,1158,6
Mycolicibacterium_llatzerense,1159,1165,6
Mycolicibacterium_llatzerense,1167,1170,3
Mycolicibacterium_llatzerense,1224,1236,12
Mycolicibacterium_llatzerense,1239,1248,9
Mycolicibacterium_llatzerense,1251,1257,6
Mycolicibacterium_llatzerense,1266,1269,3
Mycolicibacterium_llatzerense,1847,1853,6
Mycolicibacterium_llatzerense,1854,1863,9
Mycolicibacterium_llatzerense,1865,1874,9
Mycolicibacterium_llatzerense,1881,1883,2
Mycolicibacterium_llatzerense,1885,1888,3
Mycolicibacterium_llatzerense,1890,1898,8
Mycolicibacterium_llatzerense,1902,1914,12
Mycolicibacterium_llatzerense,1915,1925,10
Mycolicibacterium_llatzerense,1931,1937,6
Mycolicibacterium_llatzerense,2085,2086,1
Mycolicibacterium_llatzerense,2699,2700,1
Mycolicibacterium_llatzerense,3115,3151,36
Mycolicibacterium_llatzerense,3154,3178,24
Mycolicibacterium_arabiense,1,62,61
Mycolicibacterium_arabiense,70,73,3
Mycolicibacterium_arabiense,93,104,11
Mycolicibacterium_arabiense,108,175,67
Mycolicibacterium_arabiense,326,329,3
Mycolicibacterium_arabiense,334,337,3
Mycolicibacterium_arabiense,339,351,12
Mycolicibacterium_arabiense,466,472,6
Mycolicibacterium_arabiense,1084,1090,6
Mycolicibacterium_arabiense,1091,1097,6
Mycolicibacterium_arabiense,1101,1110,9
Mycolicibacterium_arabiense,1116,1129,13
Mycolicibacterium_arabiense,1136,1139,3
Mycolicibacterium_arabiense,1140,1146,6
Mycolicibacterium_arabiense,1152,1158,6
Mycolicibacterium_arabiense,1159,1165,6
Mycolicibacterium_arabiense,1167,1170,3
Mycolicibacterium_arabiense,1224,1236,12
Mycolicibacterium_arabiense,1251,1257,6
Mycolicibacterium_arabiense,1847,1853,6
Mycolicibacterium_arabiense,1854,1863,9
Mycolicibacterium_arabiense,1865,1874,9
Mycolicibacterium_arabiense,1881,1883,2
Mycolicibacterium_arabiense,1885,1888,3
Mycolicibacterium_arabiense,1890,1898,8
Mycolicibacterium_arabiense,1902,1914,12
Mycolicibacterium_arabiense,1915,1925,10
Mycolicibacterium_arabiense,1931,1937,6
Mycolicibacterium_arabiense,2085,2086,1
Mycolicibacterium_arabiense,2699,2700,1
Mycolicibacterium_arabiense,3115,3136,21
Mycolicibacterium_arabiense,3140,3146,6
Mycolicibacterium_arabiense,3154,3178,24
Mycolicibacterium_sediminis,1,45,44
Mycolicibacterium_sediminis,48,49,1
Mycolicibacterium_sediminis,57,58,1
Mycolicibacterium_sediminis,70,73,3
Mycolicibacterium_sediminis,93,162,69
Mycolicibacterium_sediminis,169,181,12
Mycolicibacterium_sediminis,326,329,3
Mycolicibacterium_sediminis,334,337,3
Mycolicibacterium_sediminis,339,351,12
Mycolicibacterium_sediminis,466,472,6
Mycolicibacterium_sediminis,1084,1090,6
Mycolicibacterium_sediminis,1091,1097,6
Mycolicibacterium_sediminis,1101,1110,9
Mycolicibacterium_sediminis,1116,1129,13
Mycolicibacterium_sediminis,1136,1139,3
Mycolicibacterium_sediminis,1140,1146,6
Mycolicibacterium_sediminis,1152,1158,6
Mycolicibacterium_sediminis,1159,1165,6
Mycolicibacterium_sediminis,1167,1170,3
Mycolicibacterium_sediminis,1224,1236,12
Mycolicibacterium_sediminis,1251,1257,6
Mycolicibacterium_sediminis,1847,1853,6
Mycolicibacterium_sediminis,1854,1863,9
Mycolicibacterium_sediminis,1865,1874,9
Mycolicibacterium_sediminis,1881,1883,2
Mycolicibacterium_sediminis,1885,1888,3
Mycolicibacterium_sediminis,1890,1898,8
Mycolicibacterium_sediminis,1902,1914,12
Mycolicibacterium_sediminis,1915,1925,10
Mycolicibacterium_sediminis,1931,1937,6
Mycolicibacterium_sediminis,2085,2086,1
Mycolicibacterium_sediminis,2699,2700,1
Mycolicibacterium_sediminis,3115,3136,21
Mycolicibacterium_sediminis,3140,3146,6
Mycolicibacterium_sediminis,3154,3178,24
Mycobacteroides_salmoniphilum,4,10,6
Mycobacteroides_salmoniphilum,17,45,28
Mycobacteroides_salmoniphilum,48,49,1
Mycobacteroides_salmoniphilum,56,58,2
Mycobacteroides_salmoniphilum,95,164,69
Mycobacteroides_salmoniphilum,169,175,6
Mycobacteroides_salmoniphilum,326,329,3
Mycobacteroides_salmoniphilum,334,337,3
Mycobacteroides_salmoniphilum,339,351,12
Mycobacteroides_salmoniphilum,466,472,6
Mycobacteroides_salmoniphilum,1084,1090,6
Mycobacteroides_salmoniphilum,1091,1097,6
Mycobacteroides_salmoniphilum,1108,1109,1
Mycobacteroides_salmoniphilum,1117,1129,12
Mycobacteroides_salmoniphilum,1136,1139,3
Mycobacteroides_salmoniphilum,1140,1146,6
Mycobacteroides_salmoniphilum,1152,1170,18
Mycobacteroides_salmoniphilum,1224,1236,12
Mycobacteroides_salmoniphilum,1239,1248,9
Mycobacteroides_salmoniphilum,1251,1257,6
Mycobacteroides_salmoniphilum,1266,1269,3
Mycobacteroides_salmoniphilum,1847,1853,6
Mycobacteroides_salmoniphilum,1854,1863,9
Mycobacteroides_salmoniphilum,1865,1874,9
Mycobacteroides_salmoniphilum,1881,1883,2
Mycobacteroides_salmoniphilum,1885,1888,3
Mycobacteroides_salmoniphilum,1890,1898,8
Mycobacteroides_salmoniphilum,1902,1914,12
Mycobacteroides_salmoniphilum,1915,1925,10
Mycobacteroides_salmoniphilum,1931,1937,6
Mycobacteroides_salmoniphilum,2085,2086,1
Mycobacteroides_salmoniphilum,2699,2700,1
Mycobacteroides_salmoniphilum,3115,3151,36
Mycobacteroides_salmoniphilum,3154,3178,24
